num_clients,rps_per_worker,planned_total_rps,num_targets,total_requests,elapsed_time_s,real_rps,errors
8,64.0,512.0,1,,,,
,64.0,,,9426,182.107,51.761,0
,64.0,,,9429,182.103,51.778,0
,64.0,,,9307,182.101,51.109,0
,64.0,,,9513,182.099,52.241,0
,64.0,,,9250,182.118,50.791,0
,64.0,,,9348,182.119,51.329,0
,64.0,,,9352,182.103,51.355,0
,64.0,,,9359,182.131,51.386,0
