num_clients,rps_per_worker,planned_total_rps,num_targets,total_requests,elapsed_time_s,real_rps,errors
4,80.0,320.0,1,,,,
,80.0,,,13984,180.162,77.619,115
,80.0,,,13995,180.164,77.679,133
,80.0,,,14028,180.17,77.86,127
,80.0,,,13957,180.19,77.457,98
