num_clients,rps_per_worker,planned_total_rps,num_targets,total_requests,elapsed_time_s,real_rps,errors
4,320.0,1280.0,1,,,,
,320.0,,,6909,203.464,33.957,3486
,320.0,,,6967,203.466,34.242,3542
,320.0,,,7012,203.482,34.46,3538
