timestamp,rtt
1790423609.4361937,4.1276770061813295
1790423609.4368334,3.641775023424998
1790423609.4382997,4.051562020322308
1790423609.4384456,2.6958410162478685
1790423609.4421172,1.2252639862708747
1790423609.4465914,1.3992350141052157
1790423609.4515488,1.1759170156437904
1790423609.458118,1.3808170042466372
1790423609.4606335,1.4190999791026115
1790423609.4635057,1.202790008392185
1790423609.4678462,1.088534016162157
1790423609.4692643,1.2420160055626184
1790423609.4696715,1.041114010149613
1790423609.4816837,1.5046589833218604
1790423609.4852347,2.4239480262622237
1790423609.4852917,2.073358016787097
1790423609.496972,1.6653680067975074
1790423609.4974117,1.4467239961959422
1790423609.5069764,1.984392001759261
1790423609.5106692,1.2250930012669414
1790423609.5125835,1.1475250066723675
1790423609.513607,1.015442016068846
1790423609.514899,1.1301709746476263
1790423609.5201848,1.7715040012262762
1790423609.5236065,1.6438929887954146
1790423609.52386,1.4357419859152287
1790423609.5263863,1.0491499851923436
1790423609.5310216,1.3232460187282413
1790423609.5310893,1.7604560125619173
1790423609.5389183,2.174288994865492
1790423609.5389938,1.7449269944336265
1790423609.5422432,1.795596006559208
1790423609.5431316,2.2860879835207015
1790423609.5453236,2.7651569980662316
1790423609.5454185,3.99866298539564
1790423609.546467,2.580667001893744
1790423609.5465574,3.0270589923020452
1790423609.5472958,1.370263024000451
1790423609.5513668,1.4487159787677228
1790423609.559362,1.3008920068386942
1790423609.5598288,1.2712719908449799
1790423609.56428,1.6160949890036136
1790423609.5672526,1.6988299903459847
1790423609.5677643,1.2182589853182435
1790423609.5721009,1.0499789786990732
1790423609.575545,1.181688014185056
1790423609.5825956,1.4885260025039315
1790423609.5851138,1.209971000207588
1790423609.588953,1.1086819868069142
1790423609.592102,1.1033010086975992
1790423609.598278,1.4956109807826579
1790423609.6005466,1.1801589862443507
1790423609.6023688,1.4413550088647753
1790423609.6029007,1.2724369880743325
1790423609.61456,3.2159890106413513
1790423609.615088,3.6212870036251843
1790423609.616349,2.5104469968937337
1790423609.6164165,2.0996919774916023
1790423609.6210585,1.2445839820429683
1790423609.625119,1.9929349946323782
1790423609.626704,1.147898001363501
1790423609.6297877,1.2050069926772267
1790423609.6462893,2.1605629881378263
1790423609.6511722,2.015838021179661
1790423609.6528356,3.075952990911901
1790423609.653596,1.7428999999538064
1790423609.6536634,2.4098480062093586
1790423609.6620808,2.3107599990908056
1790423609.6629772,1.9615429919213057
1790423609.6686552,3.2172430073842406
1790423609.6692257,4.360873979749158
1790423609.6706147,4.428533982718363
1790423609.6710074,3.0123470060061663
1790423609.6711857,4.210020997561514
1790423609.673828,1.3711420178879052
1790423609.6795225,1.4507569721899927
1790423609.6806147,1.0833740234375
1790423609.6831,1.2262309901416302
1790423609.6835427,2.057536010397598
1790423609.692494,1.4612519880756736
1790423609.696731,1.5417850227095187
1790423609.6972225,1.1480370012577623
1790423609.7002432,1.3410459796432406
1790423609.7052355,2.14111601235345
1790423609.7058923,2.0608909835573286
1790423609.7059548,1.5239880012813956
1790423609.718681,2.4751710006967187
1790423609.7187536,2.0991030032746494
1790423609.723102,1.2722370156552643
1790423609.7235408,1.2747470173053443
1790423609.7312348,1.5322790131904185
1790423609.7333827,1.5012349758762866
1790423609.7382746,3.152888995828107
1790423609.7383947,2.5737499818205833
1790423609.7391016,1.8016360118053854
1790423609.7412925,1.7918590165209025
1790423609.745693,2.4007720057852566
1790423609.7492044,2.633878990309313
1790423609.7506113,3.287071012891829
1790423609.7506938,2.6947839942295104
1790423609.753762,1.6987350245472044
1790423609.7625346,2.771466999547556
1790423609.7627068,3.9126279880292714
1790423609.7635908,2.0627740013878793
1790423609.7682846,3.5183019936084747
1790423609.7683642,3.148953022900969
1790423609.7690551,1.467230002162978
1790423609.7764237,1.9341890001669526
1790423609.7878544,2.3191449872683734
1790423609.7880065,3.136756975436583
1790423609.7907372,2.587213006336242
1790423609.7911685,2.0208790083415806
1790423609.7921655,1.8850000051315874
1790423609.7939568,1.4739029866177589
1790423609.796121,1.63353601237759
1790423609.7966068,1.3218940002843738
1790423609.799457,1.3815170095767826
1790423609.8156295,4.470906016649678
1790423609.8158777,3.72342299669981
1790423609.815961,4.25273401197046
1790423609.8166747,1.6786649939604104
1790423609.8192763,2.0922950061503798
1790423609.820685,1.3948279956821352
1790423609.8222966,1.2418150145094842
1790423609.8239639,1.2217439943924546
1790423609.828575,1.5429219929501414
1790423609.8341556,2.3081119870766997
1790423609.8380787,1.6269370098598301
1790423609.853637,2.009957010159269
1790423609.8612034,1.8557409930508584
1790423609.8656511,2.0363249932415783
1790423609.8687363,1.6589989827480167
1790423609.875097,2.087603003019467
1790423609.8787782,2.008454001042992
1790423609.8853023,2.6400850038044155
1790423609.8856792,2.46845799847506
1790423609.8874543,1.5234000165946782
1790423609.8979838,2.0445679838303477
1790423609.9002585,1.8526219937484711
1790423609.90531,2.008045994443819
1790423609.9095309,2.0231480011716485
1790423609.9116473,1.759042002959177
1790423609.9152617,1.9971859874203801
1790423609.9168515,1.5761189861223102
1790423609.9195194,1.7668099899310619
1790423609.9263117,2.817463013343513
1790423609.9263933,3.099143010331318
1790423609.929663,1.5655400056857616
1790423609.9315255,1.3663980062119663
1790423609.9344344,1.1963459837716073
1790423609.93696,1.2778450036421418
1790423609.9373715,1.1725480144377798
1790423609.9463613,1.4528219762723893
1790423609.9493408,1.0978810023516417
1790423609.964435,2.0563699945341796
1790423609.9645185,2.600572013761848
1790423609.9731205,2.109027002006769
1790423609.974431,1.4276729780249298
1790423609.9794705,2.273582009365782
1790423609.979578,1.8618199974298477
1790423609.9812577,1.206601009471342
1790423609.9830244,1.2600529880728573
1790423609.9854429,1.8638060137163848
1790423609.9866822,1.2288680009078234
1790423609.9897842,1.1567460023798048
1790423610.0025778,3.848063002806157
1790423610.0027273,2.4575539864599705
1790423610.0028017,3.369008016306907
1790423610.0056522,1.7903200059663504
1790423610.0064282,1.580590003868565
1790423610.0098813,1.0873620049096644
1790423610.0131547,1.4400270010810345
1790423610.0253067,2.0963900024071336
1790423610.0258229,1.3774750113952905
1790423610.028792,1.5570870018564165
1790423610.0296183,1.8625599914230406
1790423610.0308592,1.2335240026004612
1790423610.0321708,0.9933160035870969
1790423610.0356472,1.9756129768211395
1790423610.0366914,1.9451830012258142
1790423610.036829,2.7510200161486864
1790423610.0370388,1.2229930143803358
1790423610.0407434,1.8643579969648272
1790423610.0410028,1.6017360030673444
1790423610.0439014,1.8295389891136438
1790423610.0450337,2.0523499988485128
1790423610.0490398,1.1206739873159677
1790423610.0505245,1.0531650041230023
1790423610.0603976,1.7571040079928935
1790423610.0616891,1.1065880244132131
1790423610.0691996,1.2158980243839324
1790423610.0764153,1.422094996087253
1790423610.0780213,1.1527820024639368
1790423610.0835688,1.5397630049847066
1790423610.0840878,1.2230909778736532
1790423610.09177,1.5078209980856627
1790423610.0940142,1.394328020978719
1790423610.094551,1.1653410037979484
1790423610.0990164,1.3637150113936514
1790423610.0990791,1.8458529957570136
1790423610.105016,2.1012960060033947
1790423610.1063185,1.7919189995154738
1790423610.107051,1.4379100175574422
1790423610.1168258,1.3046360109001398
1790423610.1305246,1.7159270064439625
1790423610.1345508,1.8764259875752032
1790423610.1364357,1.4201670128386468
1790423610.140521,1.4561169955413789
1790423610.1422975,1.1989519989583641
1790423610.1481903,1.494427997386083
1790423610.155403,1.8984079943038523
1790423610.1558928,1.6492459981236607
1790423610.1674626,1.9605029956437647
1790423610.1740682,1.4645110059063882
1790423610.1770856,1.2417930120136589
1790423610.1811042,1.5475789841730148
1790423610.195323,1.598150993231684
1790423610.1968806,1.4516389928758144
1790423610.1993382,1.1256799916736782
1790423610.2083404,1.8296549969818443
1790423610.2089548,1.8208489927928895
1790423610.2170846,2.000698004849255
1790423610.21765,1.4578849950339645
1790423610.221257,1.1422660027164966
1790423610.2397726,2.671021007699892
1790423610.2403862,1.5532399993389845
1790423610.2483797,1.4826649858150631
1790423610.2564247,1.9928269903175533
1790423610.2564862,2.5848640070762485
1790423610.2591388,1.1906609870493412
1790423610.2605915,1.2087989889550954
1790423610.266194,2.362800994887948
1790423610.2663162,3.071123006520793
1790423610.2670999,1.4958760002627969
1790423610.2692006,1.7433789907954633
1790423610.2699258,1.3512679724954069
1790423610.2710736,1.0739389981608838
1790423610.2744281,1.7804010130930692
1790423610.2748964,2.630598988616839
1790423610.2803757,1.2634129961952567
1790423610.2833977,1.4105929876677692
1790423610.290862,1.6688089817762375
1790423610.2918127,1.7162149888463318
1790423610.2942693,1.3443180068861693
1790423610.2960455,1.2091159878764302
1790423610.298384,1.7484270210843533
1790423610.2988408,1.7726169899106026
1790423610.306594,1.2364480062387884
1790423610.312034,1.9266240124125034
1790423610.3120804,1.5362690028268844
1790423610.3157215,1.4483600098174065
1790423610.3165798,1.598554983502254
1790423610.3170028,1.1458850058261305
1790423610.3198886,2.4223010113928467
1790423610.3200247,2.036277001025155
1790423610.3202336,1.7228970245923847
1790423610.3319147,1.3352789974305779
1790423610.3350682,1.4332139980979264
1790423610.335828,1.3408410013653338
1790423610.3367755,0.9402020077686757
1790423610.3402581,0.9611719870008528
1790423610.3421462,1.6540899814572185
1790423610.342239,1.3433510030154139
1790423610.351211,1.3712600048165768
1790423610.3534467,1.1280890030320734
1790423610.3567724,1.3764120230916888
1790423610.3596675,1.6749439819250256
1790423610.3735964,2.1217759931460023
1790423610.3781629,1.3084420061204582
1790423610.3819551,1.103961985791102
1790423610.383654,1.088762015569955
1790423610.3849916,1.1652540124487132
1790423610.386311,1.0418030142318457
1790423610.3942342,1.5697829949203879
1790423610.3978717,3.751259995624423
1790423610.3985026,3.5408189869485795
1790423610.3986127,2.443399018375203
1790423610.399385,1.7641909944359213
1790423610.4019277,1.2561010080389678
1790423610.4090044,1.7118350078817457
1790423610.4134905,1.2540729949250817
1790423610.417548,1.950245990883559
1790423610.4180584,1.4048889861442149
1790423610.424834,2.3113030183594674
1790423610.4261713,2.8297079843468964
1790423610.4278991,1.541129982797429
1790423610.430608,1.3105919933877885
1790423610.4321697,1.4157859841361642
1790423610.4326482,1.3702709984499961
1790423610.4356642,1.2297859939280897
1790423610.438505,1.1074719950556755
1790423610.445042,1.509594003437087
1790423610.4477475,1.1914549977518618
1790423610.449727,1.7926270083989948
1790423610.450264,1.4222610043361783
1790423610.4566867,1.2275179906282574
1790423610.4595149,1.2870389909949154
1790423610.4760542,1.863857003627345
1790423610.476491,1.2182790087535977
1790423610.4903755,1.4888499863445759
1790423610.496083,1.5700649819336832
1790423610.5007467,1.4196730044204742
1790423610.5008528,1.9606210116762668
1790423610.505594,1.1931780027225614
1790423610.5090182,1.6275189991574734
1790423610.5220435,1.4327100070659071
1790423610.5248966,2.235239982837811
1790423610.526981,1.2593050196301192
1790423610.5280268,1.0362089960835874
1790423610.530847,1.2505629856605083
1790423610.5382583,2.1357140212785453
1790423610.5386968,2.1725340047851205
1790423610.5456676,1.4602300070691854
1790423610.548272,1.1026760039385408
1790423610.5535884,1.3763510214630514
1790423610.5605032,1.385093986755237
1790423610.5657182,1.460681000025943
1790423610.5663724,1.5141199983190745
1790423610.568491,1.7226480122189969
1790423610.570583,2.5211529864463955
1790423610.5706959,1.949500001501292
1790423610.5714538,2.021480002440512
1790423610.575187,1.2252169835846871
1790423610.5835881,1.4381759974639863
1790423610.586774,2.280826010974124
1790423610.587208,2.1882949804421514
1790423610.5887945,1.2073280231561512
1790423610.5900996,1.054679014487192
1790423610.5946558,1.4844799879938364
1790423610.5953746,1.1502800043672323
1790423610.599914,2.3214920074678957
1790423610.600915,1.8122130131814629
1790423610.6020067,1.7922990082297474
1790423610.6024752,1.16410999908112
1790423610.6052446,1.5527169744018465
1790423610.605674,1.0697489778976887
1790423610.6118855,1.0401220060884953
1790423610.6130087,1.040662988089025
1790423610.6163368,1.5080780140124261
1790423610.6271567,1.1910509783774614
1790423610.629608,1.768096990417689
1790423610.63218,1.9551180012058467
1790423610.6322548,2.6367359969299287
1790423610.6325226,1.9363930041436106
1790423610.6428626,1.6871480038389564
1790423610.6447155,1.5959329903125763
1790423610.6485498,1.1743660143110901
1790423610.6519966,1.010444015264511
1790423610.6612813,3.4776969987433404
1790423610.6684976,1.4252180117182434
1790423610.6708648,1.3170430029276758
1790423610.6747005,2.5255530199501663
1790423610.675187,1.6524919774383307
1790423610.6772275,1.0922279907390475
1790423610.6789877,1.171074021840468
1790423610.679678,1.256714022019878
1790423610.6861594,1.2540349853225052
1790423610.6896422,1.3557630009017885
1790423610.6923723,1.1764389928430319
1790423610.6947532,1.16650402196683
1790423610.7006824,1.2124429922550917
1790423610.7027397,1.4897599758114666
1790423610.703681,1.6749200003687292
1790423610.707048,2.3119480174500495
1790423610.7071557,2.0178740087430924
1790423610.7072275,3.1431569950655103
1790423610.7091215,1.357219007331878
1790423610.709625,1.0700200218707323
1790423610.7121506,1.2766380095854402
1790423610.7125812,1.2673110177274793
1790423610.7176921,1.0817049769684672
1790423610.7205935,1.6035250155255198
1790423610.721323,1.3688199978787452
1790423610.7252479,1.2790369801223278
1790423610.7256138,1.1169479985255748
1790423610.7330277,1.3573630130849779
1790423610.7363262,1.334013999439776
1790423610.7438889,3.565577993867919
1790423610.7439828,3.2203900045715272
1790423610.7440758,2.7809489984065294
1790423610.7441237,4.296313010854647
1790423610.7460086,1.1454630002845079
1790423610.7464497,1.0420200123917311
1790423610.7611434,1.4703579945489764
1790423610.7726774,1.7693479894660413
1790423610.784605,1.7792950093280524
1790423610.78666,1.229404006153345
1790423610.7882142,1.077425986295566
1790423610.7951045,1.605138008017093
1790423610.7965589,1.2759940000250936
1790423610.802138,1.128883013734594
1790423610.804559,1.2784400023519993
1790423610.8101864,1.4679089945275337
1790423610.8171973,1.2454029929358512
1790423610.8201818,1.1307359964121133
1790423610.8228471,1.2199129851069301
1790423610.8262813,2.6498390070628375
1790423610.826453,2.163708006264642
1790423610.8266668,1.5165119839366525
1790423610.8312848,1.1779290216509253
1790423610.8353121,1.5909879875835031
1790423610.835947,1.3905510131735355
1790423610.8415232,2.3334989964496344
1790423610.8415852,1.8786309810820967
1790423610.845928,1.038350019371137
1790423610.8493433,1.0803400073200464
1790423610.850308,0.9577749879099429
1790423610.8526514,2.2147090057842433
1790423610.8529902,2.097516000503674
1790423610.853082,1.785096974344924
1790423610.8559744,1.5486819902434945
1790423610.857968,1.8007000035140663
1790423610.858067,1.4477740041911602
1790423610.862546,1.90700899111107
1790423610.86262,1.5713399916421622
1790423610.868688,1.6374060069210827
1790423610.8696804,1.808736997190863
1790423610.8701167,1.176330988528207
1790423610.872734,1.153839024482295
1790423610.8744154,1.0791759996209294
1790423610.877898,1.7209969810210168
1790423610.8779557,1.3891039998270571
1790423610.87905,1.0104539978783578
1790423610.8803399,1.1782519868575037
1790423610.8867872,1.5895130054559559
1790423610.8883102,1.1129219783470035
1790423610.890809,2.0337000023573637
1790423610.8918715,1.7071299953386188
1790423610.8919437,2.3759299947414547
1790423610.8946161,1.053998013958335
1790423610.9007764,1.6791500092949718
1790423610.9092932,1.5035709948278964
1790423610.913123,1.3917429896537215
1790423610.9251134,1.4603210147470236
1790423610.930394,1.380233996314928
1790423610.9370792,1.184887980343774
1790423610.937591,1.1885209823958576
1790423610.9473152,3.8141499971970916
1790423610.9479392,2.772128995275125
1790423610.9480448,2.134618000127375
1790423610.9482608,2.7431340131442994
1790423610.9521523,1.7027650028467178
1790423610.9528716,1.7849770083557814
1790423610.9560463,1.0185879946220666
1790423610.9591887,2.115291979862377
1790423610.9592686,2.5147669948637486
1790423610.9616876,1.141764980275184
1790423610.962807,1.0321660083718598
1790423610.9688904,1.0873489954974502
1790423610.97654,1.9811890088021755
1790423610.9766278,2.827154006808996
1790423610.9783688,1.218484016135335
1790423610.978414,1.6550880100112408
1790423610.9795256,1.0237899841740727
1790423610.9897428,2.763996017165482
1790423610.9906814,1.5772400074638426
1790423610.995328,1.2755570060107857
1790423610.9976993,1.061810995452106
1790423610.998645,0.9388850012328476
1790423611.0013492,1.7830489960033447
1790423611.0014083,1.4770580164622515
1790423611.0082226,1.735850004479289
1790423611.011337,1.0864110081456602
1790423611.013712,1.449406991014257
1790423611.0143542,1.2917409767396748
1790423611.019,1.9974419847130775
1790423611.0210154,1.4711559924762696
1790423611.0391498,1.8392509955447167
1790423611.0669785,3.5463219974189997
1790423611.071933,2.5785189936868846
1790423611.0723422,1.5535179991275072
1790423611.0728102,2.811283018672839
1790423611.073846,1.027026999508962
1790423611.0818627,2.197981026256457
1790423611.081926,1.6353300015907735
1790423611.0926483,1.8619119946379215
1790423611.0966601,1.4049849996808916
1790423611.0995479,1.1741399939637631
1790423611.1008933,1.0298159904778004
1790423611.103133,1.0259530099574476
1790423611.1045768,1.062035997165367
1790423611.1060433,1.2419279955793172
1790423611.1118598,2.588628005469218
1790423611.1123044,2.578106999862939
1790423611.1123555,1.7919270030688494
1790423611.1146784,1.479441998526454
1790423611.115293,1.0535549954511225
1790423611.1210747,1.0588799777906388
1790423611.1225803,0.9973369888029993
1790423611.1284006,1.2815860100090504
1790423611.1298327,1.0275600070599467
1790423611.1350653,1.0842430056072772
1790423611.1368055,1.1651439999695867
1790423611.1372259,1.0149110166821629
1790423611.1413183,1.8013970111496747
1790423611.1421564,1.2201250065118074
1790423611.1431344,0.9711630118545145
1790423611.1487014,1.5132710104808211
1790423611.1493049,1.2251769949216396
1790423611.15493,1.6204790154006332
1790423611.1617963,1.3676880043931305
1790423611.162582,1.6202300030272454
1790423611.1633747,1.5685890102759004
1790423611.1640568,1.1970500054303557
1790423611.1669295,0.9701669914647937
1790423611.1716065,2.5027119845617563
1790423611.171672,3.0097290000412613
1790423611.172314,2.682340011233464
1790423611.1730332,1.0485310049261898
1790423611.1757834,1.3329270004760474
1790423611.1806514,1.512437011115253
1790423611.1812484,1.7048190056812018
1790423611.181939,1.0000080219469965
1790423611.184736,1.9429609819781035
1790423611.1851666,1.2367210001684725
1790423611.1887584,1.4546279853675514
1790423611.1895158,1.126343006035313
1790423611.1995459,2.953371003968641
1790423611.199601,2.620664017740637
1790423611.2014792,1.0812940017785877
1790423611.2059622,1.377809006953612
1790423611.213517,2.310669980943203
1790423611.215055,2.4722290108911693
1790423611.2194207,2.754462999291718
1790423611.2204647,2.975039999000728
1790423611.220966,2.5390320224687457
1790423611.2210205,2.795542008243501
1790423611.2245564,1.3168529840186238
1790423611.2275727,1.3784180046059191
1790423611.2276351,1.8705499824136496
1790423611.2313328,1.7522289999760687
1790423611.2316308,2.5056839804165065
1790423611.2330878,1.4492789923679084
1790423611.2338908,1.4957069943193346
1790423611.2346544,1.4238689909689128
1790423611.245236,2.213820000179112
1790423611.2456832,1.27784998039715
1790423611.2476122,1.8378309905529022
1790423611.2486396,2.122167992638424
1790423611.2489183,2.0262710168026388
1790423611.2514875,1.1950469925068319
1790423611.2525332,1.0390880052000284
1790423611.253791,1.118162996135652
1790423611.255168,1.1197540152352303
1790423611.2573516,0.9805989975575358
1790423611.2612665,1.152226992417127
1790423611.262681,0.9906589984893799
1790423611.264208,0.9494599944446236
1790423611.2696598,0.973705988144502
1790423611.271533,0.962380989221856
1790423611.281385,1.4949359756428748
1790423611.2821877,1.4680949971079826
1790423611.282805,0.9849810157902539
1790423611.2976856,1.5449500060640275
1790423611.2998886,1.1727249948307872
1790423611.3046477,1.5133600099943578
1790423611.3057458,1.0903929942287505
1790423611.3072293,1.01707800058648
1790423611.3099,1.5073429967742413
1790423611.3110106,1.8544179911259562
1790423611.3116777,1.0639289976097643
1790423611.313271,1.0252319916617125
1790423611.3158753,1.060385984601453
1790423611.31805,1.1249549861531705
1790423611.3221538,2.107092004735023
1790423611.3224611,1.9695210212375969
1790423611.322892,1.8114210106432438
1790423611.3251982,1.0927710100077093
1790423611.3291335,1.0427260131109506
1790423611.3310032,1.0411739931441844
1790423611.3327694,1.1537940008565784
1790423611.3480225,2.2856809955555946
1790423611.3548808,1.493193005444482
1790423611.374434,3.2193619990721345
1790423611.3745055,1.9039530016016215
1790423611.3750923,1.8508479988668114
1790423611.3821526,1.4123620057944208
1790423611.3873017,1.5942339960020036
1790423611.3879056,1.605469995411113
1790423611.38973,1.0596450010780245
1790423611.39222,1.437925995560363
1790423611.39312,1.3390370004344732
1790423611.3941214,1.8938409921247512
1790423611.3972101,1.1256779835093766
1790423611.3984282,1.0913360165432096
1790423611.4059584,1.2425929890014231
1790423611.4139092,3.6770639999303967
1790423611.4153008,2.0780490012839437
1790423611.415403,4.501528019318357
1790423611.4154541,3.104898991296068
1790423611.417228,0.9205029928125441
1790423611.4363341,2.2081040078774095
1790423611.4367144,1.7597220139577985
1790423611.4369872,1.530521985841915
1790423611.4398737,1.744057983160019
1790423611.4446108,2.8024190105497837
1790423611.444811,3.4090060216840357
1790423611.4453082,2.1980890014674515
1790423611.4453976,1.5039249847177416
1790423611.4469001,0.9396019740961492
1790423611.44845,1.0398970043752342
1790423611.4488237,0.9756950021255761
1790423611.4540064,4.104244988411665
1790423611.4546762,4.329174000304192
1790423611.4547584,4.099661018699408
1790423611.455314,2.2405599884223193
1790423611.4568834,1.00258897873573
1790423611.4623988,0.9961480100173503
1790423611.463986,1.0059289925266057
1790423611.465746,1.2503059988375753
1790423611.4754255,1.4578329864889383
1790423611.4758787,1.2002419971395284
1790423611.478392,0.9853889932855964
1790423611.4847662,1.3132790045347065
1790423611.4860702,1.1884250270668417
1790423611.4864907,1.027406018693
1790423611.4975712,1.3711229839827865
1790423611.5013442,1.2192850117571652
1790423611.5072448,1.6421969921793789
1790423611.5082724,1.7167220066767186
1790423611.5111303,1.2701170053333044
1790423611.5115259,1.1469369928818196
1790423611.5289638,2.875557023799047
1790423611.5304532,1.477203011745587
1790423611.5322306,1.5810129989404231
1790423611.5326881,1.2010460195597261
1790423611.5398736,1.4342550130095333
1790423611.5410223,1.1413100000936538
1790423611.5427246,1.029348000884056
1790423611.5495286,1.3442800263874233
1790423611.5555682,1.3493860024027526
1790423611.5589736,1.5724289987701923
1790423611.5616512,1.2525479833129793
1790423611.566109,1.8259200151078403
1790423611.5667899,1.1051869951188564
1790423611.5717084,1.0106340050697327
1790423611.5747845,1.1676489957608283
1790423611.5763268,1.0251989879179746
1790423611.577121,1.3830160023644567
1790423611.589007,1.583721983479336
1790423611.595007,2.231955004390329
1790423611.5950902,2.706289989873767
1790423611.5956254,1.191879971884191
1790423611.5973973,0.9476350096520036
1790423611.5999646,0.9735799976624548
1790423611.603435,1.2355319922789931
1790423611.6046789,1.1074070062022656
1790423611.6087704,1.007888000458479
1790423611.611141,1.057507994119078
1790423611.6141014,0.9861959842965007
1790423611.6156998,1.0428869863972068
1790423611.6172569,1.0126609995495528
1790423611.6227658,1.3923830119892955
1790423611.6280537,1.1153500236105174
1790423611.6300387,1.0843850031960756
1790423611.6310487,1.0029160184785724
1790423611.6343439,1.8419539846945554
1790423611.6354635,1.1090489861089736
1790423611.6504395,1.3374160043895245
1790423611.660361,1.3016150041949004
1790423611.665829,2.0286789804231375
1790423611.6659293,2.9031950107309967
1790423611.6735916,1.1212419776711613
1790423611.68135,1.582575001521036
1790423611.6824777,1.1198910069651902
1790423611.6865995,1.506789994891733
1790423611.6874185,1.4284259814303368
1790423611.6987543,1.3365969934966415
1790423611.7024314,1.3909369881730527
1790423611.7024848,1.8626870005391538
1790423611.712561,1.164594985311851
1790423611.7180836,1.2247689883224666
1790423611.72033,1.0126560227945447
1790423611.7262738,1.0721779835876077
1790423611.7283633,1.0549110011197627
1790423611.7300684,1.0010050027631223
1790423611.7334306,1.1501370172481984
1790423611.7358124,1.0326769843231887
1790423611.738646,1.2682260130532086
1790423611.7436864,1.286115002585575
1790423611.7444572,1.3821350003127009
1790423611.7492518,3.0269510170910507
1790423611.749317,2.6265679916832596
1790423611.7501457,2.5882399932015687
1790423611.7553742,1.5299719816539437
1790423611.7599788,2.0266890060156584
1790423611.760606,2.134619018761441
1790423611.76083,1.803108985768631
1790423611.7638755,1.017541013425216
1790423611.7728827,1.3288620102684945
1790423611.7895527,2.0624729804694653
1790423611.793153,1.6585559933446348
1790423611.8015814,1.9066620152443647
1790423611.808376,1.6298170085065067
1790423611.8220918,3.583460988011211
1790423611.8222108,2.1411110064946115
1790423611.8226464,3.1352439837064594
1790423611.8259652,1.1421779927331954
1790423611.8272197,1.0641239932738245
1790423611.8298597,1.1125399905722588
1790423611.8320026,1.025724021019414
1790423611.835282,1.142964989412576
1790423611.8356953,1.0857490124180913
1790423611.8658283,3.254707989981398
1790423611.8776965,7.564767001895234
1790423611.8784008,6.440678000217304
1790423611.881313,8.19750499795191
1790423611.8817103,4.512326006079093
1790423611.8835003,5.287242995109409
1790423611.883773,3.396597021492198
1790423611.883841,4.490967985475436
1790423611.8839545,4.93050500517711
1790423611.8846953,1.8221480131614953
1790423611.8855014,1.452908996725455
1790423611.8887684,1.4835469773970544
1790423611.9045553,2.0915839995723218
1790423611.9082015,2.125917002558708
1790423611.9088233,2.216063003288582
1790423611.9094515,1.1331319983582944
1790423611.9161484,1.4571450010407716
1790423611.917949,1.7912159964907914
1790423611.9195611,2.5458629825152457
1790423611.9199724,1.1058440140914172
1790423611.9203947,2.0368399855215102
1790423611.9266937,1.0755569965112954
1790423611.9292753,1.055087021086365
1790423611.9321697,1.0795379930641502
1790423611.944521,2.239268011180684
1790423611.9472456,1.7248000076506287
1790423611.9603045,2.6160999841522425
1790423611.9650126,3.2402939978055656
1790423611.9715495,3.6290249845478684
1790423611.9735389,4.2816839995794
1790423611.973719,2.9218019917607307
1790423611.974633,3.073304978897795
1790423611.9746902,2.0353269937913865
1790423611.9762657,0.9647739934735
1790423611.9787922,1.5669249987695366
1790423611.9794745,1.2393370270729065
1790423611.9808276,0.9574150026310235
1790423611.9851835,1.1432949977461249
1790423611.9920864,1.349261001450941
1790423611.9923108,1.9316590041853487
1790423611.9992938,1.411374018061906
1790423611.999763,1.1257000151090324
1790423612.0061524,1.3737269910052419
1790423612.0064366,2.1901580039411783
1790423612.0074213,0.9767380252014846
1790423612.0124953,1.244682993274182
1790423612.017422,1.0724530147854239
1790423612.0326767,2.020614017965272
1790423612.045836,3.7226130079943687
1790423612.0461962,2.883131994167343
1790423612.0516114,2.3794099979568273
1790423612.0528622,2.8086359961889684
1790423612.0536044,2.4746790004428476
1790423612.0620902,2.2580120130442083
1790423612.0628078,2.2857720032334328
1790423612.0632265,1.8469690112397075
1790423612.063704,1.2810119951609522
1790423612.0677187,1.1036710056941956
1790423612.0696616,1.2533929839264601
1790423612.0743155,1.1001649836543947
1790423612.0753012,0.9670769795775414
1790423612.0771763,0.9365720034111291
1790423612.0858376,1.201291976030916
1790423612.097346,1.4381399960257113
1790423612.1012597,1.222814986249432
1790423612.1086614,3.1016310094855726
1790423612.1088834,2.8248800081200898
1790423612.1099133,2.209219994256273
1790423612.1099699,1.8483619787730277
1790423612.1224215,1.6080430068541318
1790423612.1312587,1.7337719909846783
1790423612.1330802,1.2919360015075654
1790423612.1331186,1.8499249999877065
1790423612.1415665,1.4746969973202795
1790423612.1434438,1.8683899834286422
1790423612.144138,1.7895259952638298
1790423612.1512284,1.4010969898663461
1790423612.1514552,2.083831001073122
1790423612.153607,1.2450719950720668
1790423612.154015,1.08165800338611
1790423612.1571488,0.9754200000315905
1790423612.1676784,1.6235249931924045
1790423612.168424,1.0920850036200136
1790423612.1742847,1.1344100057613105
1790423612.1770134,1.5197749889921397
1790423612.1798189,0.9817260142881423
1790423612.1820107,1.0923180088866502
1790423612.1826608,1.1874930060002953
1790423612.1840966,1.0036109888460487
1790423612.1882331,1.2078220024704933
1790423612.200143,1.9147199927829206
1790423612.200208,2.4968340003397316
1790423612.201558,1.0477490141056478
1790423612.2084053,1.605325989658013
1790423612.210027,1.3521240034606308
1790423612.2151031,1.3013799907639623
1790423612.2176425,1.0857770103029907
1790423612.2189734,1.3215240032877773
1790423612.2213986,1.0307560150977224
1790423612.2237039,1.5207219985313714
1790423612.2239442,1.3500810018740594
1790423612.230089,0.9791760239750147
1790423612.2313836,0.9465920156799257
1790423612.2394745,1.5973119880072773
1790423612.2399778,1.1737679888028651
1790423612.24563,2.0595700189005584
1790423612.2458677,1.865647005615756
1790423612.2493563,1.5234489983413368
1790423612.252388,1.8905919860117137
1790423612.2524362,1.5167859965004027
1790423612.256512,1.0290879872627556
1790423612.2674963,1.575055008288473
1790423612.268223,1.3225559960119426
1790423612.2773302,1.1806370166596025
1790423612.279374,1.0893970029428601
1790423612.2817082,1.0459010081831366
1790423612.293028,1.5579409955535084
1790423612.2958357,2.244309987872839
1790423612.295891,1.8821789999492466
1790423612.2993891,0.993881985777989
1790423612.3066487,1.4449449954554439
1790423612.3072906,1.380058005452156
1790423612.30898,1.1477259977255017
1790423612.3135982,2.6807949761860073
1790423612.3140197,2.500050002709031
1790423612.314493,1.58115298836492
1790423612.3149452,2.6228460192214698
1790423612.317149,1.1684679775498807
1790423612.3229063,1.075792999472469
1790423612.3251107,1.9838779990095645
1790423612.3255632,1.428471994586289
1790423612.3289413,1.0314829996787012
1790423612.335642,2.0245340128894895
1790423612.3364432,1.1859110090881586
1790423612.3369431,1.1083889985457063
1790423612.3381708,1.2209309788886458
1790423612.340146,1.0657950188033283
1790423612.3495173,1.0523399978410453
1790423612.3512125,1.1689150123856962
1790423612.3514528,1.74260200583376
1790423612.3561358,1.1551209900062531
1790423612.3571484,1.0046730167232454
1790423612.3588035,1.49592399247922
1790423612.3606656,1.0626959847286344
1790423612.3648498,1.1285319924354553
1790423612.3677692,1.7711899999994785
1790423612.3678405,1.462554995669052
1790423612.3697302,1.0664690053090453
1790423612.3726003,1.267514016944915
1790423612.3737254,1.1181200097780675
1790423612.3748562,1.1234070116188377
1790423612.3838644,1.1812119919341058
1790423612.3934057,2.185154997278005
1790423612.3939455,3.3414149947930127
1790423612.3950984,1.5520860033575445
1790423612.3951545,2.2992259764578193
1790423612.396203,0.9655100002419204
1790423612.3997629,1.1318079777993262
1790423612.4043055,1.5297920035663992
1790423612.405077,1.156354002887383
1790423612.4088502,0.9673880122136325
1790423612.4164462,1.8552469846326858
1790423612.4198647,1.840611977968365
1790423612.4206357,2.1973219991195947
1790423612.4211736,2.1539820008911192
1790423612.4218142,1.167400012491271
1790423612.4240324,0.9870519861578941
1790423612.4273567,0.9763950074557215
1790423612.4310849,1.2552629923447967
1790423612.442355,1.085014984710142
1790423612.4475396,1.7395700269844383
1790423612.447589,2.1777040092274547
1790423612.4487407,0.9503419860266149
1790423612.4503703,0.9863529994618148
1790423612.458797,1.5278029895853251
1790423612.4604316,1.0656889935489744
1790423612.4632254,1.0334310063626617
1790423612.4723392,1.821416983148083
1790423612.4763172,1.1710830149240792
1790423612.4885652,1.9172049942426383
1790423612.4900782,1.2575199943967164
1790423612.497291,1.489832007791847
1790423612.5000951,1.3238779793027788
1790423612.5157068,2.621287014335394
1790423612.5200577,1.7531140183564276
1790423612.5221941,1.316823996603489
1790423612.5250356,1.344524003798142
1790423612.5293312,4.905755980871618
1790423612.5301552,4.6372649958357215
1790423612.5308316,2.497095993021503
1790423612.5316896,4.834149003727362
1790423612.5317469,2.617638005176559
1790423612.5337691,1.3470810081344098
1790423612.5357723,1.8481709994375706
1790423612.5358658,1.5508900105487555
1790423612.5387957,2.3446330160368234
1790423612.5397294,2.5007470103446394
1790423612.5398216,2.0541900012176484
1790423612.5398738,3.0663899960927665
1790423612.5435684,1.0226400045212358
1790423612.5461364,1.5788559976499528
1790423612.5462677,2.183978009270504
1790423612.5466907,1.5145280049182475
1790423612.548499,1.1433970066718757
1790423612.5636451,1.4851400046609342
1790423612.5651224,1.180816994747147
1790423612.5684843,1.1904400016646832
1790423612.5702834,1.0062159853987396
1790423612.5739927,1.0414219868835062
1790423612.5831184,3.0908139888197184
1790423612.5843203,1.1122369905933738
1790423612.5854843,1.0047710093203932
1790423612.5877445,0.9538369777146727
1790423612.5889466,0.9734330233186483
1790423612.5908844,0.930812006117776
1790423612.593061,1.135612983489409
1790423612.5944316,1.0459510085638613
1790423612.6005435,1.0967289854306728
1790423612.6044285,1.3720449933316559
1790423612.6054835,1.6837379953358322
1790423612.6059449,1.0745050094556063
1790423612.6088793,1.053259999025613
1790423612.6106272,1.123162015574053
1790423612.615269,1.37735900352709
1790423612.6162026,0.9268689900636673
1790423612.630689,2.148917003069073
1790423612.6312518,1.544538012240082
1790423612.6341703,1.8721809901762754
1790423612.6342323,2.337965997867286
1790423612.635703,1.04160001501441
1790423612.641306,3.9917319954838604
1790423612.6426475,3.19786200998351
1790423612.642892,2.7452869981061667
1790423612.643217,2.6349399995524436
1790423612.6597643,1.6526489926036447
1790423612.6615036,1.6250280023086816
1790423612.662024,1.2880600115749985
1790423612.665573,1.222967985086143
1790423612.674237,2.0917119982186705
1790423612.6759422,2.69975297851488
1790423612.6769643,1.3843209890183061
1790423612.6813693,1.9107240077573806
1790423612.6815944,1.6540389915462583
1790423612.6828556,1.0117659985553473
1790423612.684956,1.172369986306876
1790423612.6875017,1.395444996887818
1790423612.6879523,1.085356983821839
1790423612.6914463,1.5756349894218147
1790423612.691666,1.4095399819780141
1790423612.704745,2.285456983372569
1790423612.7048087,1.7688979860395193
1790423612.7064373,1.13001000136137
1790423612.7068875,1.118860993301496
1790423612.7083666,1.2569620157591999
1790423612.7094991,1.7671940149739385
1790423612.711591,1.102459995308891
1790423612.7127166,1.006734004477039
1790423612.7158475,1.1834129982162267
1790423612.7229733,1.7317610036116093
1790423612.7248545,1.6175209893845022
1790423612.7282894,1.9792529928963631
1790423612.7422802,1.9570160075090826
1790423612.7446425,2.105116000166163
1790423612.7451446,1.6962579975370318
1790423612.7554991,1.6852659755386412
1790423612.7634478,1.746450987411663
1790423612.7658343,2.141392993507907
1790423612.7693715,2.6243850006721914
1790423612.7696762,1.9344410102348775
1790423612.769734,2.569421019870788
1790423612.77504,1.9872479897458106
1790423612.7789555,2.014492987655103
1790423612.7844791,2.272810001159087
1790423612.7853377,1.801865000743419
1790423612.7912734,1.7580589919816703
1790423612.7947087,2.101210004184395
1790423612.7993119,2.8222620021551847
1790423612.799503,3.546060004737228
1790423612.8000555,2.002844004891813
1790423612.8032858,2.017172984778881
1790423612.8041365,1.7160080024041235
1790423612.8049638,1.5162920171860605
1790423612.8098695,1.2471600202843547
1790423612.8160455,2.846899995347485
1790423612.816119,2.4317049828823656
1790423612.821035,3.026944992598146
1790423612.8211114,2.375464973738417
1790423612.8237135,1.388161996146664
1790423612.8269837,1.5303840045817196
1790423612.8284483,2.1328939765226096
1790423612.8292708,1.3013329880777746
1790423612.8293352,2.1189230028539896
1790423612.832159,0.988688989309594
1790423612.8444471,2.6334230205975473
1790423612.845008,2.70696499501355
1790423612.8453305,1.6302739968523383
1790423612.8457234,1.2685330002568662
1790423612.848768,1.0942569933831692
1790423612.8559864,1.1651170207187533
1790423612.8589938,1.1237259896006435
1790423612.8720489,1.3783439935650676
1790423612.8732622,1.1298219906166196
1790423612.8786473,1.41693398472853
1790423612.881407,1.145143003668636
1790423612.8844326,2.299239014973864
1790423612.8845081,2.0072609768249094
1790423612.886994,1.022419979562983
1790423612.8956327,1.5830449992790818
1790423612.8961284,1.2404160224832594
1790423612.8999631,1.0458509786985815
1790423612.902259,1.2720180093310773
1790423612.902734,1.093352009775117
1790423612.9083955,1.495170989073813
1790423612.912871,1.1925770086236298
1790423612.915162,1.7894550110213459
1790423612.9155412,2.5640430103521794
1790423612.9159908,1.7580089916009456
1790423612.9170258,0.9717080101836473
1790423612.9337611,1.9589010044001043
1790423612.934027,2.696022012969479
1790423612.9403222,1.2384509900584817
1790423612.9417207,1.0551740124356002
1790423612.9482276,1.2343249982222915
1790423612.9595377,1.1972130159847438
1790423612.9619215,1.3941189972683787
1790423612.966017,1.154768979176879
1790423612.9675708,1.408787997206673
1790423612.968965,2.1707109990529716
1790423612.9703276,1.9314610108267516
1790423612.9710388,1.188188005471602
1790423612.9774969,2.6872740127146244
1790423612.9781356,2.101302001392469
1790423612.9787827,3.2433689921163023
1790423612.9788754,2.197303983848542
1790423612.9822383,1.1682749900501221
1790423612.9839962,1.3437259767670184
1790423612.9865713,1.1035600036848336
1790423612.9878106,1.107429008698091
1790423612.9914622,1.525411003967747
1790423612.9924762,1.9352230010554194
1790423612.9929378,1.319000992225483
1790423613.0001109,2.235705003840849
1790423613.0011246,1.9717570103239268
1790423613.001177,2.6442899834364653
1790423613.006249,1.8867220205720514
1790423613.0063064,2.4636720190756023
1790423613.0072424,1.9980270008090883
1790423613.0078068,1.3296469987835735
1790423613.0084763,1.2261320080142468
1790423613.0097866,0.9987700032070279
1790423613.0127692,1.108959986595437
1790423613.0151098,1.5991920081432909
1790423613.019264,1.1387059930711985
1790423613.0226486,1.092152000637725
1790423613.0279071,1.148804003605619
1790423613.03105,1.3532520097214729
1790423613.0323803,1.1100370029453188
1790423613.0338156,1.0276569810230285
1790423613.0391777,1.3690170017071068
1790423613.03961,1.1708500096574426
1790423613.0413415,0.997508002910763
1790423613.0435503,1.4690819953102618
1790423613.044324,1.4753119903616607
1790423613.0457654,1.1787450057454407
1790423613.0490353,1.1904249840881675
1790423613.049457,1.0508729901630431
1790423613.0533142,1.0152499889954925
1790423613.0589252,1.2780870019923896
1790423613.0614169,1.9661380210891366
1790423613.06148,2.47085202136077
1790423613.0617745,1.4641729940194637
1790423613.0768309,1.5338619996327907
1790423613.0798216,1.1650029919110239
1790423613.083054,1.0593880142550915
1790423613.0871437,1.115882012527436
1790423613.0932398,1.6249380132649094
1790423613.0936913,1.4462379913311452
1790423613.0999014,1.4236650022212416
1790423613.1006255,1.0564399999566376
1790423613.1058145,1.311667001573369
1790423613.1118174,1.4450989838223904
1790423613.111877,1.9308039918541908
1790423613.1151025,1.674635015660897
1790423613.1168823,1.7726660007610917
1790423613.1169477,2.277385996421799
1790423613.1261582,1.2479690194595605
1790423613.1284208,1.581050019012764
1790423613.1286485,1.3693210203200579
1790423613.1345472,1.8494999967515469
1790423613.136941,1.8985149799846113
1790423613.1385574,1.608621998457238
1790423613.1386158,2.0431899756658822
1790423613.1483567,1.4480270037893206
1790423613.1593902,1.7876079946290702
1790423613.160267,1.5948299842420965
1790423613.1663187,1.524104009149596
1790423613.1730988,2.6711329992394894
1790423613.1731923,1.94770100642927
1790423613.1740365,2.114353992510587
1790423613.175027,1.602639997145161
1790423613.1793094,3.3952970115933567
1790423613.1805801,4.027444985695183
1790423613.180721,2.908762020524591
1790423613.1807811,3.6020030092913657
1790423613.184879,1.439160987501964
1790423613.1849704,2.006734983297065
1790423613.186369,1.1598500132095069
1790423613.1878912,1.1588650231715292
1790423613.194886,1.9758490088861436
1790423613.202095,1.633839012356475
1790423613.2087362,2.180116018280387
1790423613.210147,2.9437949997372925
1790423613.2103024,2.5174369802698493
1790423613.2106962,1.2498869909904897
1790423613.213217,1.190237991977483
1790423613.2217162,1.4026880089659244
1790423613.222765,1.0402679909020662
1790423613.2240646,1.1830290022771806
1790423613.229305,1.3098739727865905
1790423613.2308664,1.0984709952026606
1790423613.2354565,1.1116609966848046
1790423613.2398927,2.224502997705713
1790423613.239962,1.8031910003628582
1790423613.240244,1.4222770114429295
1790423613.2558134,1.3156220084056258
1790423613.2650034,1.32396598928608
1790423613.2698805,1.245568011654541
1790423613.271141,1.080420013749972
1790423613.2820587,1.9664029823616147
1790423613.2821212,2.4527490022592247
1790423613.2862856,2.6647380145732313
1790423613.2863624,3.224710002541542
1790423613.2880352,3.5366110096219927
1790423613.2885294,3.1760080019012094
1790423613.289288,2.731080981902778
1790423613.2893486,1.9858180021401495
1790423613.2928617,1.0021119960583746
1790423613.294854,1.0806110221892595
1790423613.2970173,1.040967006701976
1790423613.2984068,1.284368016058579
1790423613.3105142,1.573875022586435
1790423613.320011,1.3186869909986854
1790423613.3230703,2.044927008682862
1790423613.3231308,1.656709995586425
1790423613.3253849,1.0945960239041597
1790423613.3270912,1.0817610018420964
1790423613.333109,1.2993200216442347
1790423613.3365529,1.925393007695675
1790423613.336603,1.5373420028481632
1790423613.3443317,1.3956099865026772
1790423613.3475544,1.098276989068836
1790423613.3511498,1.0629070166032761
1790423613.3572636,1.1653960100375116
1790423613.3591633,1.3093049929011613
1790423613.3639395,1.1429529986344278
1790423613.3659472,1.0359119914937764
1790423613.3690643,1.8034469976555556
1790423613.3692226,1.580634998390451
1790423613.371896,1.1883830011356622
1790423613.3750274,1.3179609959479421
1790423613.3766737,1.0561580129433423
1790423613.3792887,1.2410749914124608
1790423613.3793676,1.7376129981130362
1790423613.3904681,1.4083540008869022
1790423613.4084191,2.5435670104343444
1790423613.408921,2.4978120054583997
1790423613.408976,2.0856379996985197
1790423613.41057,0.9701120143290609
1790423613.414896,1.6157229838427156
1790423613.4151583,1.4540480042342097
1790423613.417392,1.199088990688324
1790423613.420113,2.8248460148461163
1790423613.4202304,1.8328070000279695
1790423613.4202821,2.4468690098728985
1790423613.4233172,1.0088629787787795
1790423613.425917,1.0174769849982113
1790423613.4341571,1.8506470078136772
1790423613.434614,1.3064520026091486
1790423613.437951,1.4606180193368345
1790423613.438009,2.382740000030026
1790423613.4460378,1.3754359970334917
1790423613.4481792,1.281361997826025
1790423613.4511704,1.4215570117812604
1790423613.4516346,1.4761369966436177
1790423613.4548917,2.2023210185579956
1790423613.4551845,2.9294739942997694
1790423613.4553523,3.460484993411228
1790423613.4558222,2.3280499735847116
1790423613.4627812,1.0917540057562292
1790423613.4651463,1.4248340157791972
1790423613.467272,1.0512099834159017
1790423613.469856,1.098882989026606
1790423613.472142,1.045300014084205
1790423613.4734318,1.034204993629828
1790423613.4792492,1.4597259869333357
1790423613.4817152,1.1483420094009489
1790423613.483198,1.0346049966756254
1790423613.4879322,1.6328270139638335
1790423613.4879925,2.0939029927831143
1790423613.4887745,1.960294001037255
1790423613.4892824,1.114749989937991
1790423613.4918485,0.9775350044947118
1790423613.4935236,1.2505759950727224
1790423613.4959013,1.1958600080106407
1790423613.4978118,1.052805979270488
1790423613.504938,1.1585960164666176
1790423613.5068398,1.0170220048166811
1790423613.5084636,1.2128950038459152
1790423613.5129411,1.1976509995292872
1790423613.516995,1.142373017501086
1790423613.5180395,1.0374610137660056
1790423613.5207033,0.9981010225601494
1790423613.5244865,1.7753819993231446
1790423613.5248787,1.2735679920297116
1790423613.534253,1.0804019984789193
1790423613.5359087,1.5504220209550112
1790423613.5361588,1.3683800061699003
1790423613.54861,1.4290109975263476
1790423613.552959,2.11428600596264
1790423613.5530348,1.7576540121808648
1790423613.5628815,1.2393090000841767
1790423613.5645924,1.13531100214459
1790423613.5721989,1.4545160229317844
1790423613.5737941,1.131231023464352
1790423613.5818973,1.1714069987647235
1790423613.584889,1.3595179771073163
1790423613.5948787,2.714700996875763
1790423613.5961041,2.263738977489993
1790423613.5966744,3.653961990494281
1790423613.596726,2.4059690185822546
1790423613.599068,1.405386021360755
1790423613.6009595,1.1522650020197034
1790423613.6052744,1.1867790017277002
1790423613.6153686,1.3754960091318935
1790423613.617895,1.1928619933314621
1790423613.6208794,1.108661002945155
1790423613.6241786,1.11927799298428
1790423613.62799,1.4853379980195314
1790423613.6287942,1.1717529851011932
1790423613.630888,1.0836090077646077
1790423613.6333625,1.0080679785460234
1790423613.6360235,2.553611993789673
1790423613.637031,2.8820149891544133
1790423613.6371703,2.4905460013542324
1790423613.637932,1.263169979210943
1790423613.6381395,2.501691982615739
1790423613.6430864,1.0667769820429385
1790423613.6517591,1.9328079943079501
1790423613.6526613,2.215784974396229
1790423613.6527133,1.6861289914231747
1790423613.6545825,1.0791989916469902
1790423613.6612296,1.7113960057031363
1790423613.6625462,2.0687249780166894
1790423613.663598,2.3608600022271276
1790423613.663651,1.9728429906535894
1790423613.6675944,1.5541650063823909
1790423613.6682632,1.3865139917470515
1790423613.6687078,1.105897012166679
1790423613.6726387,1.1015060008503497
1790423613.6735954,1.5899960126262158
1790423613.6744514,1.5979919990058988
1790423613.6753561,1.5385370061267167
1790423613.676029,1.4361520006787032
1790423613.6777287,1.6132589953485876
1790423613.677784,2.4191779957618564
1790423613.6835694,1.087674987502396
1790423613.6846855,1.1079359974246472
1790423613.6892226,1.4438339858315885
1790423613.690005,1.3779749860987067
1790423613.6939182,2.137857023626566
1790423613.6939769,1.6674780054017901
1790423613.6976216,1.0675179946701974
1790423613.7037601,1.4158840058371425
1790423613.7129385,1.2635970197152346
1790423613.7190783,1.445297006284818
1790423613.721508,2.1932560193818063
1790423613.722813,2.3272600083146244
1790423613.7232206,2.1420370030682534
1790423613.7232745,1.4875119959469885
1790423613.7290857,0.9962859912775457
1790423613.734529,1.2902070011477917
1790423613.739697,1.2941329914610833
1790423613.7401805,1.1156770051456988
1790423613.7468667,1.1934959911741316
1790423613.7514846,1.1308410030324012
1790423613.757649,1.0797250142786652
1790423613.7610307,1.7763499927241355
1790423613.7614915,1.231893984368071
1790423613.7664971,1.223084022058174
1790423613.7702048,1.0624350106809288
1790423613.772433,1.1588280030991882
1790423613.7736554,0.9627149847801775
1790423613.7769973,1.0682290012482554
1790423613.7800298,1.1609929788392037
1790423613.7819111,1.0754739923868328
1790423613.7866712,1.0893029975704849
1790423613.7905436,1.1167649936396629
1790423613.7967732,2.206561010098085
1790423613.7968335,1.9053189898841083
1790423613.8021278,1.2865829921793193
1790423613.8044155,2.111268986482173
1790423613.8054836,2.4017940158955753
1790423613.8055456,1.7137319955509156
1790423613.8077185,1.05583798722364
1790423613.8108637,1.934586005518213
1790423613.8110964,2.563404996180907
1790423613.8114915,1.3649860047735274
1790423613.819332,1.1663339973893017
1790423613.825755,1.2496970011852682
1790423613.8376708,1.2626019888557494
1790423613.8411586,1.1670419771689922
1790423613.8455393,2.691614005016163
1790423613.8456717,2.4064320023171604
1790423613.8459356,2.1736939961556345
1790423613.8519177,1.4266629877965897
1790423613.8527925,1.580777985509485
1790423613.8536804,1.6877349989954382
1790423613.8557053,1.8461110012140125
1790423613.8557563,1.482019026298076
1790423613.858573,2.141971985111013
1790423613.8588657,1.9597190257627517
1790423613.8605945,2.458994014887139
1790423613.8615263,2.104941988363862
1790423613.86158,1.4398740022443235
1790423613.8712049,1.3367620122153312
1790423613.8755813,1.5677560004405677
1790423613.8766487,1.0600359819363803
1790423613.8780189,1.0278720001224428
1790423613.8834374,1.3818320003338158
1790423613.8871813,2.3580009874422103
1790423613.8875754,1.840401004301384
1790423613.8879552,1.3569229922723025
1790423613.8902335,1.04798300890252
1790423613.891999,1.008908002404496
1790423613.8957458,1.0358650179114193
1790423613.9111283,1.6841129981912673
1790423613.9239993,1.8653580045793205
1790423613.924397,1.6189080197364092
1790423613.9300005,1.374563988065347
1790423613.9320147,1.2626959942281246
1790423613.9330614,1.0390460083726794
1790423613.9394438,1.1228419898543507
1790423613.9406562,1.0723390150815248
1790423613.9511478,1.752686977852136
1790423613.9549944,2.294953999808058
1790423613.955066,1.7454330227337778
1790423613.9575474,1.1646760103758425
1790423613.9589212,1.255962997674942
1790423613.9674792,2.2137619962450117
1790423613.9675326,2.9010659782215953
1790423613.9677322,2.6596050010994077
1790423613.969564,1.2349900207482278
1790423613.9714923,1.029720006044954
1790423613.97777,1.509139983681962
1790423613.9782264,1.1248019873164594
1790423613.9802186,0.9859020065050572
1790423613.982552,0.9832159848883748
1790423613.9890897,1.396303006913513
1790423614.0104346,2.241737995063886
1790423614.0105236,2.2635879868175834
1790423614.0151248,2.062599000055343
1790423614.0154126,2.766530989902094
1790423614.0157704,2.2454400022979826
1790423614.0233722,1.1977580143138766
1790423614.025572,1.0940079810097814
1790423614.0314689,2.2192899778019637
1790423614.0327451,2.8579419886227697
1790423614.0328403,2.185410005040467
1790423614.0338163,2.33868500799872
1790423614.0342374,1.1209609801881015
1790423614.0474138,1.3153000036254525
1790423614.0492473,1.3011739938519895
1790423614.0511668,1.050894003128633
1790423614.056552,2.3820209898985922
1790423614.0566945,1.9309819908812642
1790423614.056941,1.4537459937855601
1790423614.0596418,1.1868239962495863
1790423614.0606875,1.038649003021419
1790423614.0660763,1.4895240019541234
1790423614.069266,1.1539080005604774
1790423614.0734959,1.1028029839508235
1790423614.0749478,1.161023013992235
1790423614.082346,1.473765994887799
1790423614.0855508,2.071658003842458
1790423614.085678,1.7623949970584363
1790423614.0867224,1.0372379911132157
1790423614.095967,1.3089709973428398
1790423614.1032317,1.103104994399473
1790423614.1115324,1.9053810101468116
1790423614.1122637,1.4559320115949959
1790423614.1149232,1.5292949974536896
1790423614.1153605,1.2020180001854897
1790423614.1167917,0.9745220013428479
1790423614.118761,1.3186110008973628
1790423614.1192327,1.1846450215671211
1790423614.1244423,1.5914359828457236
1790423614.1366918,1.2547359801828861
1790423614.1384335,1.4016559871379286
1790423614.1495445,1.238183001987636
1790423614.150697,1.1428280267864466
1790423614.155662,2.4988160002976656
1790423614.1557765,3.2044090039562434
1790423614.1560194,1.206048997119069
1790423614.158568,1.08322300366126
1790423614.15959,1.6097500047180802
1790423614.160452,1.192508003441617
1790423614.1611087,1.2477579875849187
1790423614.163966,0.9759049862623215
1790423614.1658597,1.08389399247244
1790423614.169691,1.1678349983412772
1790423614.1765304,1.072154991561547
1790423614.1926107,1.397096988512203
1790423614.1943595,1.5682909870520234
1790423614.197168,2.912120980909094
1790423614.1983247,3.3819109958130866
1790423614.1986742,2.1214529988355935
1790423614.1989896,1.8118260195478797
1790423614.2002864,1.105828006984666
1790423614.2028959,1.2812099885195494
1790423614.2033405,1.1416430061217397
1790423614.2073126,1.0939569910988212
1790423614.211499,1.0359330044593662
1790423614.2166085,1.141656015533954
1790423614.2199478,1.8123220070265234
1790423614.2209945,1.4823410019744188
1790423614.2210588,2.2872129920870066
1790423614.2300925,1.2546019861474633
1790423614.2325919,1.0899270127993077
1790423614.2351127,1.1904530110768974
1790423614.242165,1.066286989953369
1790423614.243819,1.2020549911540002
1790423614.2468212,1.9706619787029922
1790423614.2468772,1.6409189847763628
1790423614.2555842,2.1028220071457326
1790423614.2569728,1.7736390000209212
1790423614.2570584,2.593238983536139
1790423614.2578018,1.241017016582191
1790423614.2598808,1.1072700144723058
1790423614.2650104,2.2507410030812025
1790423614.2650762,1.591760985320434
1790423614.2691777,1.144462003139779
1790423614.2701836,0.9990319958887994
1790423614.2743354,1.1726929806172848
1790423614.276211,1.0624689748510718
1790423614.2862399,1.5355790092144161
1790423614.2863204,2.266094001242891
1790423614.293936,1.477833022363484
1790423614.293994,2.1405050065368414
1790423614.3002207,1.0810670210048556
1790423614.306518,1.25619099708274
1790423614.307834,1.0418430028948933
1790423614.31027,1.3833540142513812
1790423614.3109686,1.2460459838621318
1790423614.3151345,1.0859169997274876
1790423614.3226593,1.9337430130690336
1790423614.3227208,1.579914998728782
1790423614.3265393,1.0827950027305633
1790423614.3299701,1.0183179983869195
1790423614.3438773,1.471345021855086
1790423614.348934,1.699902000837028
1790423614.3585293,2.179306000471115
1790423614.3594062,1.751790987327695
1790423614.359537,2.3240439768414944
1790423614.360719,1.1735979933291674
1790423614.3625898,1.1050539906136692
1790423614.3664556,1.2284090043976903
1790423614.3701658,2.235071995528415
1790423614.3705926,1.8794309871736914
1790423614.3710487,1.5220900240819901
1790423614.3742132,1.160824001999572
1790423614.389008,1.6196620126720518
1790423614.3911085,1.1382860247977078
1790423614.39476,1.249049004400149
1790423614.401166,2.0446550042834133
1790423614.4012136,1.6982239903882146
1790423614.4071295,1.8897730042226613
1790423614.4083238,1.705612987279892
1790423614.4083855,2.6108500023838133
1790423614.4164493,1.1665470083244145
1790423614.4291425,3.579420008463785
1790423614.4293282,3.3314120082650334
1790423614.4296126,1.9313059747219086
1790423614.4301317,1.788907014997676
1790423614.4400015,2.780587994493544
1790423614.4454036,2.1246889955364168
1790423614.4481368,2.7213849825784564
1790423614.4482207,2.280289976624772
1790423614.4518256,2.3102980048861355
1790423614.452179,1.9702739955391735
1790423614.4524584,1.5411989879794419
1790423614.456612,1.633881009183824
1790423614.4594183,1.8252400041092187
1790423614.4703436,2.0997910178266466
1790423614.4808826,2.8554019809234887
1790423614.4814005,2.813976985635236
1790423614.4814684,2.2703229915350676
1790423614.4835763,1.6720380226615816
1790423614.4895024,3.225595020921901
1790423614.4900928,2.6730640092864633
1790423614.490252,3.8610330084338784
1790423614.4907517,2.4980829912237823
1790423614.493086,3.193863987689838
1790423614.4941494,1.9487359968479723
1790423614.494742,3.1690140021964908
1790423614.4948063,2.2615769994445145
1790423614.5022216,2.372932998696342
1790423614.5039287,1.6953639860730618
1790423614.5042217,1.3645240105688572
1790423614.5112033,1.4941259869374335
1790423614.5184379,1.6064329829532653
1790423614.5275805,1.540764991659671
1790423614.5304208,1.5686910192016512
1790423614.5322278,1.5399679832626134
1790423614.532766,1.4801709912717342
1790423614.535827,1.764719985658303
1790423614.5462751,2.8242940024938434
1790423614.5482123,2.388805994996801
1790423614.5483077,3.0409519968088716
1790423614.5494936,1.704130001598969
1790423614.5502918,1.22509099310264
1790423614.5528312,1.3672869827132672
1790423614.555766,1.5635669988114387
1790423614.557249,1.3683649885933846
1790423614.5606196,2.6089060120284557
1790423614.5607119,2.5826150085777044
1790423614.5626156,1.4587000187020749
1790423614.5650635,1.4146619942039251
1790423614.5787392,1.9115640025120229
1790423614.5792906,1.7750319966580719
1790423614.580572,1.2721639941446483
1790423614.5811102,1.3233390054665506
1790423614.5952709,2.2854990093037486
1790423614.5957587,1.4740850019734353
1790423614.5998988,1.3860180042684078
1790423614.6066148,1.467308000428602
1790423614.610163,1.4797160110902041
1790423614.6151543,2.2475219739135355
1790423614.6161337,1.8664270173758268
1790423614.622421,1.54837901936844
1790423614.6224756,2.453015011269599
1790423614.6238263,1.0337780113331974
1790423614.6337655,1.5383360150735825
1790423614.64263,1.936236018082127
1790423614.6429093,1.4590430073440075
1790423614.6429653,2.723182988120243
1790423614.6481793,1.2075680133420974
1790423614.654318,2.260722976643592
1790423614.6554546,2.5154319882858545
1790423614.655522,2.060856990283355
1790423614.6568742,1.0855500004254282
1790423614.658637,1.0200099786743522
1790423614.6599126,1.0030470148194581
1790423614.66213,1.0006070078816265
1790423614.6641312,1.0871650010813028
1790423614.665794,1.0441949998494238
1790423614.6694057,0.9935910056810826
1790423614.671663,1.1044470011256635
1790423614.6823053,1.2573120184242725
1790423614.6852143,1.551711990032345
1790423614.685964,1.11099099740386
1790423614.698921,2.1196970192249864
1790423614.6990347,1.810421992558986
1790423614.7000608,1.018323004245758
1790423614.705508,1.02944701211527
1790423614.7090075,1.418197003658861
1790423614.7116132,1.0539589857216924
1790423614.7149262,1.223500003106892
1790423614.7200544,1.2316450010985136
1790423614.730774,1.5150849940255284
1790423614.7356887,2.1781529940199107
1790423614.7366443,1.578054012497887
1790423614.7369094,2.5936079910025
1790423614.739026,1.2034000246785581
1790423614.7402337,1.0520110081415623
1790423614.7424276,1.2287360150367022
1790423614.742853,2.1760509989690036
1790423614.7471206,1.04600700433366
1790423614.7484145,1.047875004587695
1790423614.7554486,1.4946720039006323
1790423614.7661178,1.26470101531595
1790423614.76726,1.132352015702054
1790423614.7783794,1.4885769924148917
1790423614.7901714,1.9361710001248866
1790423614.7902474,2.5167890125885606
1790423614.790556,1.7494269995950162
1790423614.7919543,1.0656610247679055
1790423614.8120983,1.6761209990363568
1790423614.8152912,1.6399409796576947
1790423614.8176203,1.8612289859447628
1790423614.8176727,1.504065003246069
1790423614.820227,1.0147379944100976
1790423614.8224247,1.5441490104421973
1790423614.823134,1.1256670113652945
1790423614.8252807,1.0811440006364137
1790423614.8281343,1.6487239918205887
1790423614.8325684,1.1710039980243891
1790423614.8333235,1.4331970014609396
1790423614.8345106,1.180002000182867
1790423614.8349838,1.0975059994962066
1790423614.837405,1.0626759903971106
1790423614.8394785,1.1419930087868124
1790423614.8498704,1.3591299939434975
1790423614.8579273,1.555371010908857
1790423614.8670685,1.9269300100859255
1790423614.8672516,1.6325220058206469
1790423614.8724673,1.140506996307522
1790423614.8801465,1.3099430070724338
1790423614.8839426,1.6829099913593382
1790423614.8840017,2.132330002496019
1790423614.8900578,1.341789000434801
1790423614.8904696,1.1789260024670511
1790423614.902782,1.723626017337665
1790423614.903674,1.3392970140557736
1790423614.9047332,1.0522560041863471
1790423614.915933,3.782473999308422
1790423614.9165933,1.9235489889979362
1790423614.9225242,1.1657980212476104
1790423614.9262726,2.7356409991625696
1790423614.9263299,2.355174015974626
1790423614.9269354,1.3701290008611977
1790423614.9280498,1.0389289818704128
1790423614.936208,1.241202000528574
1790423614.9404619,1.1929190077353269
1790423614.9422781,1.584662008099258
1790423614.944472,2.070837974315509
1790423614.9457004,3.7879199953749776
1790423614.9458134,2.8696440276689827
1790423614.9463043,1.055122003890574
1790423614.953728,1.3910609995946288
1790423614.956887,1.0868929966818541
1790423614.9583068,0.989059015410021
1790423614.9611628,0.9780070104170591
1790423614.9653149,1.681136986007914
1790423614.9682739,1.146105001680553
1790423614.9700513,0.982820987701416
1790423614.974867,1.1212849931325763
1790423614.9763427,0.9749669989105314
1790423614.980743,2.803201990900561
1790423614.9809105,2.1532340033445507
1790423614.9822176,1.9402169855311513
1790423614.9824502,2.9071099997963756
1790423614.9825494,1.3609180168714374
1790423614.9835625,1.0068560077343136
1790423614.9879417,0.9866819891612977
1790423614.989121,0.9829460177570581
1790423614.991957,0.9673989843577147
1790423614.9948797,1.7677340074442327
1790423614.997083,1.4012050232850015
1790423614.997562,1.1983269941993058
1790423615.0033395,1.1318309989292175
1790423615.0099533,1.2745079875458032
1790423615.0130663,1.0536500194575638
1790423615.017625,1.003370009129867
1790423615.02043,0.9766489965841174
1790423615.0221384,1.1109550250694156
1790423615.0245123,1.2123709893785417
1790423615.0289667,1.0832760017365217
1790423615.0311716,1.0674660152290016
1790423615.0325289,0.97766297403723
1790423615.0351715,1.1691319814417511
1790423615.040163,1.29104100051336
1790423615.0437372,1.1080690019298345
1790423615.0466537,1.3428649981506169
1790423615.0471377,1.120625005569309
1790423615.0509138,1.0901089990511537
1790423615.0735826,3.2375459850300103
1790423615.0738058,2.4760669912211597
1790423615.0744526,2.0304050121922046
1790423615.074521,2.7766720158979297
1790423615.0757473,0.9752949990797788
1790423615.0853693,1.5345690189860761
1790423615.086064,1.352469000266865
1790423615.0882046,1.0392679832875729
1790423615.0947142,1.7796969914343208
1790423615.0956156,1.3923110091127455
1790423615.096004,1.0873230057768524
1790423615.1001055,1.4608159835916013
1790423615.1001706,1.966768002603203
1790423615.105703,1.0483660153113306
1790423615.1106641,1.7796269967220724
1790423615.114934,3.7460559979081154
1790423615.1153843,3.661082999315113
1790423615.1164713,3.711421974003315
1790423615.1172633,3.4069120010826737
1790423615.1173294,2.385626983596012
1790423615.1265907,3.602829994633794
1790423615.1271617,5.874803027836606
1790423615.1274774,5.038761999458075
1790423615.1290152,3.8169629988260567
1790423615.1291091,3.0956289847381413
1790423615.1291847,4.986347019439563
1790423615.13336,1.3933760055806488
1790423615.135757,1.4278629969339818
1790423615.138963,1.3099249918013811
1790423615.14204,1.1985129967797548
1790423615.1481137,1.5892010123934597
1790423615.1495774,1.2757139920722693
1790423615.151845,1.3286180037539452
1790423615.1674576,1.5483989845961332
1790423615.1733072,1.2524579942692071
1790423615.1802967,1.3951289874967188
1790423615.1835427,1.8177409947384149
1790423615.1836035,1.4351599966175854
1790423615.1850991,1.15955198998563
1790423615.1878183,1.4847980055492371
1790423615.188538,1.7187909979838878
1790423615.1890266,1.1986379977315664
1790423615.1929178,1.0944610112346709
1790423615.1946073,1.0946120019070804
1790423615.1963198,1.0460540070198476
1790423615.199415,1.3475189916789532
1790423615.1994822,1.845813007093966
1790423615.2104435,1.3663900026585907
1790423615.2155528,1.1648639920167625
1790423615.2191231,2.0077750086784363
1790423615.2192812,2.5690199981909245
1790423615.2197814,1.8921919981949031
1790423615.2320151,1.713831996312365
1790423615.2332723,1.987269992241636
1790423615.2340162,1.4580809802282602
1790423615.2386959,1.0946290276478976
1790423615.2415853,1.0149719892069697
1790423615.2481868,1.6667069867253304
1790423615.2542584,1.5680099895689636
1790423615.2569757,1.6029460239224136
1790423615.2635548,2.058387006400153
1790423615.2649152,2.108532004058361
1790423615.2669919,2.472896972903982
1790423615.2670956,2.0378530025482178
1790423615.267408,1.26645399723202
1790423615.2718105,1.0385499917902052
1790423615.2836173,4.40693402197212
1790423615.2838745,3.3196219883393496
1790423615.2843971,3.3555740083102137
1790423615.284545,4.947827022988349
1790423615.2852616,2.3033529869280756
1790423615.2865264,6.42008800059557
1790423615.2875638,3.1567840196657926
1790423615.2876408,2.371912996750325
1790423615.2876894,1.9360299920663238
1790423615.2905085,1.077608991181478
1790423615.2938879,1.16097999853082
1790423615.2956345,1.082477014278993
1790423615.2998972,1.0344730108045042
1790423615.3055665,1.1231560201849788
1790423615.3097079,1.0827660153154284
1790423615.3148823,1.5122479817364365
1790423615.315289,1.0957999911624938
1790423615.3182645,1.1055769864469767
1790423615.3233514,1.107613992644474
1790423615.3253767,1.9234079809393734
1790423615.3254278,1.547193998703733
1790423615.3293555,2.484974975232035
1790423615.3294206,2.954625990241766
1790423615.329685,1.8539640004746616
1790423615.3299286,1.523865998024121
1790423615.3382602,2.700802986510098
1790423615.3398135,3.3922709990292788
1790423615.3403313,3.0655470036435872
1790423615.3409464,1.7857829807326198
1790423615.3409963,2.547934011090547
1790423615.34584,1.6112909943331033
1790423615.350044,1.9672549969982356
1790423615.3507462,2.322186977835372
1790423615.3508039,1.8308470025658607
1790423615.3535874,1.2034240062348545
1790423615.3638053,1.346344011835754
1790423615.381196,1.3638520031236112
1790423615.3834255,1.6520950011909008
1790423615.3841558,1.501004007877782
1790423615.387625,1.7038170190062374
1790423615.3879623,1.5860999992582947
1790423615.3942523,1.4425909903366119
1790423615.3969288,3.0301229853648692
1790423615.396988,2.552942984038964
1790423615.397054,2.1377719822339714
1790423615.4130523,1.4700240280944854
1790423615.419299,2.7664770022965968
1790423615.420066,2.451225998811424
1790423615.4201212,3.02881101379171
1790423615.4203913,1.6550059954170138
1790423615.425695,1.8649339908733964
1790423615.426273,1.4451259921770543
1790423615.429579,1.8479879945516586
1790423615.439492,1.6340290021616966
1790423615.4416375,1.6712560027372092
1790423615.4417193,2.2098509944044054
1790423615.4439263,1.4354209997691214
1790423615.450212,1.9970609864685684
1790423615.4502726,1.5918530116323382
1790423615.45423,1.8361090042162687
1790423615.454289,1.5464510070160031
1790423615.4566507,1.1701830080710351
1790423615.458927,1.4718750026077032
1790423615.4645193,1.5893919917289168
1790423615.464813,1.3724190066568553
1790423615.4681747,1.1249819945078343
1790423615.4761293,1.3731130165979266
1790423615.4787364,1.0343989997636527
1790423615.48242,1.0602280090097338
1790423615.4834583,1.0316029947716743
1790423615.4877584,2.4646260135341436
1790423615.4886618,2.347959001781419
1790423615.4887273,1.6724710003472865
1790423615.493061,1.0345079936087132
1790423615.5040207,1.505119987996295
1790423615.5058372,1.0673969809431583
1790423615.5096655,1.006550999591127
1790423615.5162442,2.488618978532031
1790423615.5163672,2.9689130024053156
1790423615.517453,2.227302989922464
1790423615.5176208,3.1427590001840144
1790423615.518115,1.3940799981355667
1790423615.5204399,1.0200209799222648
1790423615.526449,1.0425980144646019
1790423615.534359,1.308161998167634
1790423615.536325,1.3097399787511677
1790423615.537062,1.5915239928290248
1790423615.54335,1.1153609957545996
1790423615.5488565,1.5836829843465239
1790423615.5489213,2.064882981358096
1790423615.5519564,1.0893169965129346
1790423615.553136,0.9628580010030419
1790423615.5584867,1.8394569924566895
1790423615.5585492,2.366346016060561
1790423615.5609488,1.023058983264491
1790423615.563827,1.4638299762737006
1790423615.5704336,1.2824969890061766
1790423615.5740328,1.1776979954447597
1790423615.574858,1.4611460210289806
1790423615.5764022,0.9854210074990988
1790423615.581563,1.1110049963463098
1790423615.585592,1.5014289820101112
1790423615.5868325,1.102014008210972
1790423615.5912704,1.0360890009906143
1790423615.5942044,1.1975289962720126
1790423615.5988107,1.1212440149392933
1790423615.6019845,1.032260013744235
1790423615.6044977,1.0707790206652135
1790423615.6143506,1.513034017989412
1790423615.617925,1.1523599969223142
1790423615.6302361,1.666197000304237
1790423615.631063,1.7595709941815585
1790423615.6316156,1.369928999338299
1790423615.6341634,1.1714040010701865
1790423615.6358643,1.0867300152312964
1790423615.6370404,1.1072710040025413
1790423615.6392667,1.157546998001635
1790423615.6418755,1.209440000820905
1790423615.6428387,1.6209470049943775
1790423615.6432707,1.2067760108038783
1790423615.6464317,1.0170259920414537
1790423615.6526227,1.7145689926110208
1790423615.652874,1.5959739976096898
1790423615.6552067,1.4268770173657686
1790423615.6556969,1.202012994326651
1790423615.6633594,1.1118459806311876
1790423615.6706104,1.7951220215763897
1790423615.6722314,1.2805850128643215
1790423615.6758149,1.2190729903522879
1790423615.6770048,1.1798310151789337
1790423615.6786425,1.0850020044017583
1790423615.68079,1.1070500186178833
1790423615.683822,1.5054709801916033
1790423615.685308,1.2108849768992513
1790423615.6953664,1.5285190020222217
1790423615.6963522,1.3439999893307686
1790423615.7094548,1.3404439960140735
1790423615.7109828,1.5198129985947162
1790423615.7136939,1.3180940004531294
1790423615.7166057,1.1201529996469617
1790423615.7200692,1.0476330062374473
1790423615.7216272,0.9922409954015166
1790423615.7294781,1.2760479876305908
1790423615.7363114,1.317725982517004
1790423615.7390885,1.7438739887438715
1790423615.7395225,1.360473019303754
1790423615.7407277,1.0967729904223233
1790423615.7439692,1.5804450085852295
1790423615.7518544,1.3047550164628774
1790423615.755708,1.1605230101849884
1790423615.7640855,1.5387370076496154
1790423615.7648718,1.481053011957556
1790423615.7771966,1.298856979701668
1790423615.7783837,1.1096050147898495
1790423615.7795556,1.1641680030152202
1790423615.7806532,1.003401994239539
1790423615.7826636,1.0112639865837991
1790423615.7843256,1.0461519996169955
1790423615.794109,1.3051069981884211
1790423615.7967231,1.6560670046601444
1790423615.7973473,1.5114039997570217
1790423615.8038125,1.3355650007724762
1790423615.8049638,1.1425730190239847
1790423615.810239,1.1676459980662912
1790423615.813846,1.2609870173037052
1790423615.8148139,1.5605240187142044
1790423615.815556,1.4077639789320529
1790423615.8165817,1.018348993966356
1790423615.8189511,1.195588003611192
1790423615.8218176,1.27901099040173
1790423615.8247254,1.273267000215128
1790423615.8270426,1.072429004125297
1790423615.8292964,0.9686799894552678
1790423615.8338978,1.101458998164162
1790423615.8382103,1.186569017590955
1790423615.8470857,1.0877790045924485
1790423615.8499937,1.4752599818166345
1790423615.8512425,1.0329479991924018
1790423615.8540113,1.134819001890719
1790423615.8582094,1.0806600039359182
1790423615.8599186,1.6083419905044138
1790423615.8603027,1.193906005937606
1790423615.8620448,1.0203290148638189
1790423615.8632584,1.206671993713826
1790423615.865615,1.097086991649121
1790423615.8711252,1.0386049980297685
1790423615.8742535,1.4056480140425265
1790423615.8750172,1.3944910024292767
1790423615.8764026,0.9769779862836003
1790423615.8805501,2.3683459730818868
1790423615.880681,2.117006020853296
1790423615.8812857,1.987352006835863
1790423615.8832574,1.6541930090170354
1790423615.8835645,2.2715020168107003
1790423615.8839364,1.882879005279392
1790423615.8858225,1.0089289862662554
1790423615.887617,1.043579017277807
1790423615.8909793,1.0397369915153831
1790423615.893988,1.275844988413155
1790423615.894557,1.276180992135778
1790423615.895659,1.094399020075798
1790423615.9001203,1.0002479830291122
1790423615.9153244,1.5607130189891905
1790423615.9228969,2.0636859990190715
1790423615.9238288,1.982906978810206
1790423615.9319992,1.2774580100085586
1790423615.9344833,1.3198420056141913
1790423615.9394095,2.020956017076969
1790423615.9404986,2.266853000037372
1790423615.941922,2.8414959961082786
1790423615.9420485,2.4012769863475114
1790423615.9425192,1.537778996862471
1790423615.9517517,1.246321015059948
1790423615.9565554,2.943720988696441
1790423615.9567235,3.5604300210252404
1790423615.9576144,1.4294970023911446
1790423615.9576674,2.148660976672545
1790423615.9616654,1.0087510163430125
1790423615.9641263,1.0988499852828681
1790423615.969169,1.1723880015779287
1790423615.9827626,1.393836020724848
1790423615.9845917,1.2726480199489743
1790423615.986822,1.0774889960885048
1790423615.9929984,2.4451280187349766
1790423615.9930532,2.080587000818923
1790423615.993275,1.7292230040766299
1790423615.9952404,1.2164479994680732
1790423615.996263,1.01502297911793
1790423615.9994457,1.1470829776953906
1790423616.0041013,1.1269289825577289
1790423616.0068262,1.1729280231520534
1790423616.008446,1.0633979982230812
1790423616.0261755,1.5352900081779808
1790423616.0334005,2.990968991070986
1790423616.0344632,3.0096209957264364
1790423616.0363364,3.8240750145632774
1790423616.0369747,6.155654002213851
1790423616.0376441,3.04334401153028
1790423616.038266,2.818561013555154
1790423616.0383224,4.532089020358399
1790423616.0389578,1.972583995666355
1790423616.0396457,1.2218430056236684
1790423616.0442944,1.111319987103343
1790423616.0525115,1.2869849742855877
1790423616.0538578,1.9504629890434444
1790423616.0542116,1.1716549925040454
1790423616.0574255,1.116778003051877
1790423616.063319,1.177673984784633
1790423616.0677092,1.0406899964436889
1790423616.06932,1.3309729984030128
1790423616.0700765,1.068984012817964
1790423616.0760443,1.191540010040626
1790423616.0888872,1.5508359938394278
1790423616.0967655,1.1964500008616596
1790423616.0993133,1.1077969975303859
1790423616.10037,1.048802980221808
1790423616.1118257,1.6579680086579174
1790423616.111875,2.1857029933016747
1790423616.1151578,1.1528140166774392
1790423616.1176841,1.3289749913383275
1790423616.120274,1.3261150161270052
1790423616.1216996,1.4175499964039773
1790423616.122902,1.530308014480397
1790423616.1261783,3.61951399827376
1790423616.1263332,2.897586004110053
1790423616.1265712,3.4984809753950685
1790423616.1268263,1.5282719978131354
1790423616.1329815,1.3790660013910383
1790423616.1358402,1.5513109974563122
1790423616.136337,1.151407981524244
1790423616.1382782,1.0684239969123155
1790423616.1412742,1.79670998477377
1790423616.141351,1.5713259926997125
1790423616.1513183,1.6704519803170115
1790423616.15141,2.2558170021511614
1790423616.1597664,1.6055690066423267
1790423616.169274,1.3970310101285577
1790423616.1750636,1.6384950140491128
1790423616.1755733,1.2121610052417964
1790423616.1786122,1.606851990800351
1790423616.1791055,1.2173480063211173
1790423616.181775,1.4156260003801435
1790423616.181825,1.864240999566391
1790423616.19017,1.5742710093036294
1790423616.1908863,1.0932970035355538
1790423616.1993072,1.7604389868211001
1790423616.199363,1.3904400111641735
1790423616.2014132,1.194494980154559
1790423616.2041378,2.6367889950051904
1790423616.2047048,2.7991270180791616
1790423616.2052178,2.8446099895518273
1790423616.2052984,2.2419999877456576
1790423616.2066174,1.011590997222811
1790423616.2101383,1.1967660102527589
1790423616.21211,1.0317109990864992
1790423616.223146,1.7463279946241528
1790423616.2246656,1.9664989958982915
1790423616.2260146,2.1554399863816798
1790423616.2275496,2.644608000991866
1790423616.2276056,2.0659049914684147
1790423616.227928,1.2335860228631645
1790423616.2314508,1.1241929896641523
1790423616.233728,1.082037022570148
1790423616.2509217,3.9042389835231006
1790423616.2511065,3.627341997344047
1790423616.2515974,2.292227989528328
1790423616.252552,2.549818018451333
1790423616.25262,2.109708992065862
1790423616.254102,1.1199750006198883
1790423616.257853,1.1124570155516267
1790423616.2608728,1.0411609837319702
1790423616.2649894,1.1348340194672346
1790423616.2749429,2.9808390245307237
1790423616.2750585,3.0313479946926236
1790423616.2751143,1.9931010028813034
1790423616.2826455,1.108702999772504
1790423616.2871916,1.2351979967206717
1790423616.2926407,1.0881460038945079
1790423616.2993085,1.6120359941851348
1790423616.2997184,1.3377349823713303
1790423616.303718,1.0219170071650296
1790423616.3090804,1.727959985146299
1790423616.3091369,1.4038749795872718
1790423616.3162234,1.7103150021284819
1790423616.3166566,1.1669690138660371
1790423616.3192115,0.9895740076899529
1790423616.3271165,1.2714600015897304
1790423616.3305106,1.1629819928202778
1790423616.3410554,1.2390470074024051
1790423616.3438034,1.3385690108407289
1790423616.345355,1.4067059964872897
1790423616.3459766,1.3752929808106273
1790423616.3480053,1.1371560103725642
1790423616.3501515,0.9967309888452291
1790423616.359976,1.393348997225985
1790423616.3662484,1.1303659994155169
1790423616.3701801,1.7091589979827404
1790423616.3705826,1.6709909832570702
1790423616.3720443,1.0315180115867406
1790423616.3758776,1.1410070001147687
1790423616.379959,1.090398000087589
1790423616.382869,1.9415060232859105
1790423616.3831182,1.8390260229352862
1790423616.3933296,1.452841010177508
1790423616.3970466,1.2912059901282191
1790423616.399741,1.0834909917321056
1790423616.4010324,1.030806015478447
1790423616.4035,1.170474017271772
1790423616.4039888,1.154625992057845
1790423616.4128165,1.3442760100588202
1790423616.4153194,1.1331030109431595
1790423616.4234643,1.2222499935887754
1790423616.4265215,1.2099739979021251
1790423616.428423,1.4016789791639894
1790423616.4284744,1.8563169869594276
1790423616.4324608,1.2035980180371553
1790423616.4353316,1.2814220099244267
1790423616.438293,1.1312020069453865
1790423616.4425495,1.1085989826824516
1790423616.4471772,1.0933960147667676
1790423616.4522212,3.195765020791441
1790423616.452366,2.968735992908478
1790423616.4527934,1.8479150021448731
1790423616.453193,1.6001909971237183
1790423616.4568555,1.6417159931734204
1790423616.457102,1.4874509943183511
1790423616.4586377,0.9797310049179941
1790423616.4602525,1.0021929920185357
1790423616.4636574,1.1631340021267533
1790423616.466018,1.1548849870450795
1790423616.4747036,1.40627397922799
1790423616.4751263,1.2806080048903823
1790423616.476733,1.0087600094266236
1790423616.480763,1.4244650083128363
1790423616.4883451,1.0805610218085349
1790423616.4911456,1.1111609928775579
1790423616.492405,1.2515580165199935
1790423616.4936166,1.2034529936499894
1790423616.499033,1.176894991658628
1790423616.5019438,1.3330350047908723
1790423616.5023665,1.2515450071077794
1790423616.503512,1.0550460137892514
1790423616.508126,1.4448160072788596
1790423616.5119565,2.0402749942149967
1790423616.512134,1.7457100038882345
1790423616.5125113,1.5124990022741258
1790423616.5245776,1.4862240059301257
1790423616.5250592,1.2531419924926013
1790423616.5282571,1.0130659793503582
1790423616.5334184,1.0230320040136576
1790423616.538635,1.2671129952650517
1790423616.543535,1.0801850003190339
1790423616.5470107,1.1244119959883392
1790423616.547502,1.1864300176966935
1790423616.5531564,1.851306005846709
1790423616.5533166,2.3646090121474117
1790423616.5582507,1.1326330131851137
1790423616.5633764,1.0704809974413365
1790423616.571264,1.6492420108988881
1790423616.5721889,3.4222009999211878
1790423616.5723116,4.147715982981026
1790423616.5723732,3.696468978887424
1790423616.5742166,1.0817220027092844
1790423616.576132,0.9784970025066286
1790423616.5799801,1.0693699878174812
1790423616.5855615,1.254620001418516
1790423616.5895934,1.363160990877077
1790423616.5900767,1.1338749900460243
1790423616.5950005,1.2370749900583178
1790423616.59855,1.8943800241686404
1790423616.5992427,1.171815994894132
1790423616.6039538,1.0924389935098588
1790423616.608094,1.2509359803516418
1790423616.6084943,1.1542639986146241
1790423616.6113946,1.2823970173485577
1790423616.6119602,1.1605480103753507
1790423616.6131158,1.1471819889266044
1790423616.6188662,1.7940030083991587
1790423616.6191041,1.6396720020566136
1790423616.6232123,1.095624000299722
1790423616.625602,1.033225009450689
1790423616.628776,1.2920489825773984
1790423616.6292253,1.1903420090675354
1790423616.6391883,1.148763985838741
1790423616.6456294,1.2116249999962747
1790423616.653847,1.273519010283053
1790423616.6557875,1.0984140099026263
1790423616.6586359,1.7121440032497048
1790423616.6593804,1.515012001618743
1790423616.665781,1.4423580141738057
1790423616.6686928,1.2040779984090477
1790423616.6698961,1.10583400237374
1790423616.671272,1.1193319805897772
1790423616.6748447,1.3051360147073865
1790423616.6782756,1.1126919998787344
1790423616.6816883,1.153920020442456
1790423616.6859813,1.2420880084391683
1790423616.6879447,1.2250369763933122
1790423616.6939633,1.2675669859163463
1790423616.6958182,1.3420959876384586
1790423616.6987715,1.2006059987470508
1790423616.7007692,1.591088977875188
1790423616.7008348,2.0560279954224825
1790423616.7063744,1.2833980144932866
1790423616.7090995,2.110853005433455
1790423616.7093587,1.5632709837518632
1790423616.7097683,1.2288510042708367
1790423616.7232533,1.5826679882593453
1790423616.725271,1.414624013705179
1790423616.730838,1.9056499877478927
1790423616.7317436,2.1240710048004985
1790423616.7318103,1.8038270063698292
1790423616.7344398,1.343916985206306
1790423616.7421825,1.1498249950818717
1790423616.7456515,1.245691004442051
1790423616.75273,1.5317990037146956
1790423616.760506,2.30981400818564
1790423616.7606268,1.9457740127108991
1790423616.7664907,1.5397020033560693
1790423616.769262,1.150331023382023
1790423616.771447,1.4972359931562096
1790423616.7719684,1.2079619918949902
1790423616.7732673,1.1040960089303553
1790423616.7818654,1.926930999616161
1790423616.782131,1.6945850220508873
1790423616.7844186,1.0783510224428028
1790423616.7858617,1.0801570024341345
1790423616.8016949,1.4924630231689662
1790423616.8021355,1.3253369834274054
1790423616.8106053,2.591586991911754
1790423616.810725,3.2481249945703894
1790423616.8111875,1.6523200029041618
1790423616.8140664,1.5891329967416823
1790423616.814147,2.019006002228707
1790423616.816979,1.6726409958209842
1790423616.8173423,1.6283080040011555
1790423616.8219452,1.1855850170832127
1790423616.8292093,1.270488981390372
1790423616.8320544,1.466931018512696
1790423616.8460007,2.609124989248812
1790423616.8461916,3.348983998876065
1790423616.846406,4.17010800447315
1790423616.848674,3.838981006992981
1790423616.8492455,2.830788987921551
1790423616.849301,2.3535200161859393
1790423616.8511853,1.2438050180207938
1790423616.8517427,1.1734770087059587
1790423616.8568184,1.2469760258682072
1790423616.858691,1.1233320110477507
1790423616.859902,1.2035580002702773
1790423616.8616846,1.3633589842356741
1790423616.8617532,1.8430489872116596
1790423616.8646116,1.0834380227606744
1790423616.8660295,0.9965100034605712
1790423616.8677912,1.0755420080386102
1790423616.872751,1.1974619992543012
1790423616.8739169,1.1581220023799688
1790423616.8779547,1.040931005263701
1790423616.8817182,1.0008040117099881
1790423616.8841503,1.6799920122139156
1790423616.8849025,1.4673489786218852
1790423616.8923676,1.0844420175999403
1790423616.8991656,1.2986829970031977
1790423616.9002032,1.0297039989382029
1790423616.9034,1.4206850028131157
1790423616.9039311,1.124962989706546
1790423616.9067893,1.034347020322457
1790423616.907796,0.9347970189992338
1790423616.9096613,1.0125950211659074
1790423616.9173794,1.57267801114358
1790423616.9178557,1.1036719952244312
1790423616.9279706,1.3881339982617646
1790423616.9309213,1.5403229917865247
1790423616.9313612,1.3113449967931956
1790423616.9356203,2.626226982101798
1790423616.9357421,2.297261991770938
1790423616.9361892,1.4343549846671522
1790423616.9383907,1.0004840150941163
1790423616.9416187,1.143489993410185
1790423616.9425228,1.447165006538853
1790423616.9432988,1.4286719961091876
1790423616.9463048,2.115593000780791
1790423616.9469364,1.215088996104896
1790423616.9472542,2.02673499006778
1790423616.9515748,1.0079740022774786
1790423616.9526594,0.9779369866009802
1790423616.957539,1.1803829984273762
1790423616.9618177,1.2683020031545311
1790423616.964651,1.9257089879829437
1790423616.964721,1.5391970227938145
1790423616.9685202,0.9988709934987128
1790423616.9699783,1.007334009045735
1790423616.9756215,1.2815409863833338
1790423616.9830537,1.0804080229718238
1790423616.9853544,1.060694979969412
1790423616.9877198,1.5302500105462968
1790423616.9896576,1.9299239793326706
1790423616.9897528,1.6804939950816333
1790423616.9900649,3.1445890199393034
1790423617.0008547,1.7071939946617931
1790423617.0009382,2.2590789885725826
1790423617.005434,1.4547979808412492
1790423617.006807,1.0554140026215464
1790423617.0096164,0.9570749825797975
1790423617.0160446,1.356035005301237
1790423617.0184374,1.212064002174884
1790423617.0295303,1.4913949999026954
1790423617.033233,1.7429130093660206
1790423617.0339448,1.6799969889689237
1790423617.0350673,1.1147809855174273
1790423617.0378306,1.032995991408825
1790423617.044133,1.1719219910446554
1790423617.0515852,1.186047011287883
1790423617.0573027,1.2093179975636303
1790423617.0604928,1.088977005565539
1790423617.06233,1.1256989964749664
1790423617.0648897,1.3280429993756115
1790423617.0695367,1.0572290048003197
1790423617.0718353,1.999939006054774
1790423617.072737,1.7389220010954887
1790423617.075669,1.3809269876219332
1790423617.0769238,1.246469997568056
1790423617.0816915,3.172400000039488
1790423617.0817716,2.4661349889356643
1790423617.0910432,1.7404950049240142
1790423617.0951357,3.3707300026435405
1790423617.0952191,2.870010008336976
1790423617.0955303,1.9086069951299578
1790423617.0986223,1.377363019855693
1790423617.1017988,1.2857179972343147
1790423617.1055255,1.6148629947565496
1790423617.113744,1.6382719913963228
1790423617.1160305,1.220847014337778
1790423617.1200497,1.4913039922248572
1790423617.1201103,1.9963880185969174
1790423617.1254873,2.5407389912288636
1790423617.1255486,2.0941949915140867
1790423617.128508,1.1774750018958002
1790423617.1310227,1.0469539847690612
1790423617.1346653,1.629572012461722
1790423617.134757,2.132558001903817
1790423617.135447,1.7666429921519011
1790423617.1381996,1.9287419854663312
1790423617.1382601,1.5938139986246824
1790423617.1395957,1.0543089883867651
1790423617.1507118,1.1723199859261513
1790423617.1524787,1.4579729759134352
1790423617.1530056,1.3544039975386113
1790423617.154072,1.0588719742372632
1790423617.155694,1.1064690188504755
1790423617.1574073,1.0020629852078855
1790423617.1626654,1.0235800000373274
1790423617.1671324,1.0423009807709605
1790423617.1694045,1.4257770089898258
1790423617.1719136,1.0969610011670738
1790423617.1771548,2.0458659855648875
1790423617.1790528,2.4921500007621944
1790423617.179376,3.738728992175311
1790423617.1802366,2.5206390128005296
1790423617.1803308,1.7371750145684928
1790423617.1833544,1.3423450000118464
1790423617.1901822,1.216913980897516
1790423617.1997168,1.3114699977450073
1790423617.2015512,1.4674789854325354
1790423617.2022226,1.3214790087658912
1790423617.2184615,1.988806005101651
1790423617.2215066,1.4027330034878105
1790423617.2254195,1.610223000170663
1790423617.2292743,1.4360630011651665
1790423617.2297025,1.4423539978452027
1790423617.232349,1.0653369827196002
1790423617.2340019,0.9842909930739552
1790423617.2354827,1.0233400098513812
1790423617.2376537,1.300906005781144
1790423617.2381155,1.102353009628132
1790423617.2604573,2.368504006881267
1790423617.2605195,1.9457319867797196
1790423617.2666025,1.1165269825141877
1790423617.2759461,1.6970470023807138
1790423617.2773519,2.243412018287927
1790423617.2786646,2.604443987365812
1790423617.2787745,1.9070760172326118
1790423617.2814147,1.6736509860493243
1790423617.2822702,1.7266009817831218
1790423617.2854276,1.5711630112491548
1790423617.2910295,2.1227899997029454
1790423617.291119,2.6718369917944074
1790423617.2917411,1.4943349815439433
1790423617.3008442,1.500782003859058
1790423617.3048248,1.3521740038413554
1790423617.3098254,2.1381350234150887
1790423617.3098874,1.7548420000821352
1790423617.315318,1.507167995441705
1790423617.324766,2.198058005888015
1790423617.3253286,1.6556920018047094
1790423617.325457,3.30359602230601
1790423617.3267152,1.2495970004238188
1790423617.3271906,1.0951150034088641
1790423617.3328745,1.1913850030396134
1790423617.3402982,1.6965910035651177
1790423617.3409472,1.0458299948368222
1790423617.3449547,1.2136409932281822
1790423617.349125,1.110155979404226
1790423617.3510454,1.029760023811832
1790423617.354229,1.1494840146042407
1790423617.3550131,1.3747990014962852
1790423617.360898,1.0970039875246584
1790423617.3646293,1.5109420055523515
1790423617.3653617,1.4587310142815113
1790423617.3673909,1.9321490253787488
1790423617.36749,1.6414210258517414
1790423617.3707325,0.9833899966906756
1790423617.3723176,1.0009539837483317
1790423617.3769295,1.0305430041626096
1790423617.3800044,1.859006006270647
1790423617.3810148,1.9338960119057447
1790423617.3810983,2.4222270003519952
1790423617.3828554,1.1580959835555404
1790423617.391337,1.0729979840107262
1790423617.3953454,1.627267018193379
1790423617.4031265,1.1225049966014922
1790423617.406308,1.031171006616205
1790423617.408521,1.2758579978253692
1790423617.4148638,1.2192740105092525
1790423617.416721,0.9734060149639845
1790423617.427785,2.231129998108372
1790423617.4278665,1.8360459944233298
1790423617.4350517,1.1457070067990571
1790423617.4412174,1.4218409778550267
1790423617.444642,2.74432500009425
1790423617.444977,2.0590069761965424
1790423617.4454186,3.0382800032384694
1790423617.4454682,1.7677730065770447
1790423617.447211,1.2533589906524867
1790423617.4532518,1.4852239983156323
1790423617.4554894,1.1475689825601876
1790423617.4597173,1.0963850072585046
1790423617.4607837,1.0590059973765165
1790423617.4617455,0.9545159991830587
1790423617.471881,1.7905720160342753
1790423617.4731584,2.0842039957642555
1790423617.4753451,3.3769010042306036
1790423617.4754872,2.6633680099621415
1790423617.4764104,1.8295749905519187
1790423617.476473,2.641074010170996
1790423617.4784796,0.9745710121933371
1790423617.4798832,1.2086270144209266
1790423617.4822066,1.0678329854272306
1790423617.4869742,1.1096609814558178
1790423617.490642,1.2266099802218378
1790423617.4910808,1.1822509986814111
1790423617.4953792,1.3318940182216465
1790423617.4970117,1.110452983994037
1790423617.5028405,1.1554069933481514
1790423617.5075464,1.26578300842084
1790423617.519431,1.3594299962278455
1790423617.5246894,1.245838007889688
1790423617.5368264,1.3112220040056854
1790423617.5380878,1.1123150179628283
1790423617.546732,1.2983799970243126
1790423617.5506434,1.1700490140356123
1790423617.5564535,1.1837079946417361
1790423617.5644424,2.0313859859015793
1790423617.565128,1.818156015360728
1790423617.5804124,1.3573559990618378
1790423617.5827048,1.3844640052411705
1790423617.5833728,1.3465660158544779
1790423617.5877209,1.2897870037704706
1790423617.59965,1.3537560007534921
1790423617.6007338,1.0659559920895845
1790423617.6048543,1.2820700067095459
1790423617.6059608,1.0994229814969003
1790423617.6124022,1.0043259826488793
1790423617.6157246,1.215197000419721
1790423617.6162262,1.283318008063361
1790423617.6217582,1.2098719889763743
1790423617.6253445,1.5792089980095625
1790423617.6254,2.0819809869863093
1790423617.6339712,1.240487996255979
1790423617.6354988,1.081581984180957
1790423617.6403651,1.3206069997977465
1790423617.6406,1.884266996057704
1790423617.6477556,1.3287750189192593
1790423617.6502504,1.9693159847520292
1790423617.6502993,1.5617079916410148
1790423617.6521778,1.0463829967193305
1790423617.656878,1.0190300235990435
1790423617.6594505,1.0139710211660713
1790423617.6673818,1.5526179922744632
1790423617.6680977,1.6673560021445155
1790423617.6688564,1.3753180101048201
1790423617.6756437,1.2118570157326758
1790423617.676085,2.1427670144475996
1790423617.677875,1.234244991792366
1790423617.683172,2.0084709976799786
1790423617.683233,1.6455970180686563
1790423617.6881464,1.0936080070678145
1790423617.689148,0.9942860051523894
1790423617.690637,1.2670290016103536
1790423617.6931846,1.266125007532537
1790423617.6952927,1.1542709835339338
1790423617.7015357,1.0740740108303726
1790423617.7060657,1.4175449905451387
1790423617.7061522,2.064881002297625
1790423617.7085786,1.7923320119734854
1790423617.708662,2.269309014081955
1790423617.709255,1.7089160101022571
1790423617.7148402,1.1874029878526926
1790423617.7158842,1.0369759984314442
1790423617.7208426,1.0806630016304553
1790423617.7369258,1.5069090004544705
1790423617.739872,1.7447409918531775
1790423617.7403615,1.242514990735799
1790423617.7533784,1.7704649944789708
1790423617.7537162,2.535171021008864
1790423617.7564273,1.0694770026020706
1790423617.764576,2.1774210035800934
1790423617.764645,2.7009669865947217
1790423617.7697554,4.102733015315607
1790423617.7700791,3.9467120077461004
1790423617.7711701,2.4892259971238673
1790423617.7712793,3.5668190103024244
1790423617.7796242,2.015181991737336
1790423617.782679,2.646762994118035
1790423617.782754,2.120610006386414
1790423617.7842433,1.1439649970270693
1790423617.79291,1.1695220018737018
1790423617.7954218,1.1225709749851376
1790423617.7976484,1.3597689976450056
1790423617.803128,1.6117380000650883
1790423617.8043153,1.1770210112445056
1790423617.8064406,1.0985400003846735
1790423617.807599,1.0336500126868486
1790423617.8092656,0.9973789856303483
1790423617.81144,0.969560001976788
1790423617.8142607,1.1136069952044636
1790423617.8164399,1.1724210053216666
1790423617.819353,2.695978997508064
1790423617.819987,2.8826839989051223
1790423617.8201075,2.6638480194378644
1790423617.8204722,2.325520006706938
1790423617.8242054,1.0525560064706951
1790423617.826213,1.035771012539044
1790423617.8285077,1.3206119765527546
1790423617.8311398,1.0850370163097978
1790423617.8536224,1.6274049994535744
1790423617.8604531,3.570269007468596
1790423617.8609443,3.3390070020686835
1790423617.8610077,2.678438992006704
1790423617.861263,1.6174289921764284
1790423617.864473,1.1269829992670566
1790423617.8722079,1.2107700167689472
1790423617.8750281,1.2909570068586618
1790423617.8793185,1.1178189888596535
1790423617.880596,1.0054569866042584
1790423617.8837438,1.0320899891667068
1790423617.8854146,1.0847249941434711
1790423617.8919013,1.2954389967489988
1790423617.8931518,1.0461680067237467
1790423617.8958206,0.9692450112197548
1790423617.898869,0.9857479890342802
1790423617.9040363,2.0505219872575253
1790423617.9059918,1.4603800082113594
1790423617.9060574,2.120157005265355
1790423617.907857,1.0337410203646868
1790423617.9194868,1.737155020236969
1790423617.923061,1.0774999973364174
1790423617.925483,1.1244119959883392
1790423617.9278626,1.040248986100778
1790423617.9316387,1.2501209857873619
1790423617.9325688,1.599993003765121
1790423617.9375632,1.1749249824788421
1790423617.9440584,1.4534490182995796
1790423617.9441943,2.2244130086619407
1790423617.946485,1.7578339902684093
1790423617.9467363,1.6315130051225424
1790423617.948481,1.6537689953111112
1790423617.9491982,1.115625025704503
1790423617.9507046,1.0317949927411973
1790423617.9574187,1.2155250005889684
1790423617.9614277,1.0896720050368458
1790423617.964886,1.3723770098295063
1790423617.9707544,1.2152550043538213
1790423617.9741294,1.8598089809529483
1790423617.9742324,1.503361010691151
1790423617.977923,1.5510540106333792
1790423617.9783342,2.373365015955642
1790423617.979057,1.1260629980824888
1790423617.9819665,1.3202389818616211
1790423617.9823773,1.1899970122613013
1790423617.9859629,1.2435310054570436
1790423617.990301,1.0906480019912124
1790423617.9928753,1.1690559913404286
1790423617.995781,1.507095992565155
1790423617.9958797,2.048233989626169
1790423618.0087333,1.9082420039922
1790423618.0091195,1.4166560140438378
1790423618.013507,1.0934320162050426
1790423618.0169287,1.0353039833717048
1790423618.0199525,1.9940370111726224
1790423618.0200448,1.716598984785378
1790423618.0212626,1.2106919893994927
1790423618.0217938,1.197675010189414
1790423618.0309432,1.3078620249871165
1790423618.032078,1.0548559948801994
1790423618.038067,1.354641979560256
1790423618.0416694,1.1456049978733063
1790423618.045444,1.1923690035473555
1790423618.04643,0.9788010211195797
1790423618.0551941,2.801944996463135
1790423618.0562928,3.4132729924749583
1790423618.0589764,4.383405001135543
1790423618.0591362,3.9329369901679456
1790423618.0592608,5.639973998768255
1790423618.0602708,4.0982750069815665
1790423618.060735,2.386897016549483
1790423618.0607936,3.186865011230111
1790423618.066175,1.6029099933803082
1790423618.068001,2.299451007274911
1790423618.0684984,2.3158790136221796
1790423618.0685532,1.8333820044063032
1790423618.0696962,1.0591080063022673
1790423618.082709,1.3489570119418204
1790423618.086711,1.50664898683317
1790423618.0872078,1.24505499843508
1790423618.0910811,1.2320250098127872
1790423618.0918438,1.3437719899229705
1790423618.0928245,0.9739420202095062
1790423618.0953155,1.0354289843235165
1790423618.096431,0.9801409905776381
1790423618.1017418,1.2115059944335371
1790423618.1104176,1.1236029968131334
1790423618.1127338,1.3773870014119893
1790423618.1188931,1.1282360064797103
1790423618.1355038,2.0917179936077446
1790423618.135574,2.6796989841386676
1790423618.1400676,2.0500050159171224
1790423618.1401303,1.7074709758162498
1790423618.141627,1.1877159995492548
1790423618.1434426,1.7167259939014912
1790423618.1442773,1.7367609834764153
1790423618.1454344,1.1472470068838447
1790423618.151182,1.0039999906439334
1790423618.1540291,1.1738720058929175
1790423618.1556041,1.0822399926837534
1790423618.1581342,1.2732399918604642
1790423618.1596391,1.0086779948323965
1790423618.1707957,1.8416210077703
1790423618.1708477,1.4908140001352876
1790423618.1742132,1.1812819866463542
1790423618.17653,1.3616700016427785
1790423618.1772122,1.6379340086132288
1790423618.1778803,1.2531430111266673
1790423618.179297,1.012755004921928
1790423618.1805046,1.0990760056301951
1790423618.1823997,1.358984998660162
1790423618.188203,1.8928310018964112
1790423618.1894214,2.1008310141041875
1790423618.1904418,2.230516984127462
1790423618.1905053,1.651436003157869
1790423618.2007375,1.1162410082761198
1790423618.2020683,1.0553439788054675
1790423618.2036738,1.3393560075201094
1790423618.2048767,1.1947029852308333
1790423618.2099695,1.4944419963285327
1790423618.211886,1.1640719894785434
1790423618.2123325,1.1047680163756013
1790423618.2136314,1.021832984406501
1790423618.2223265,1.738766994094476
1790423618.2223861,2.2459999890998006
1790423618.2268958,2.4112559913191944
1790423618.2273624,2.5213240005541593
1790423618.2274113,2.090956986648962
1790423618.2332346,1.3877459859941155
1790423618.2406745,1.4418909850064665
1790423618.2480404,1.5382700075861067
1790423618.249266,1.1500589898787439
1790423618.2531092,1.0945950052700937
1790423618.2581851,1.1306309897918254
1790423618.2617147,2.056463999906555
1790423618.262446,1.8180850020144135
1790423618.2625086,2.453385997796431
1790423618.2658722,1.1916389921680093
1790423618.2725925,1.2898030108772218
1790423618.273484,1.7383329977747053
1790423618.2739713,1.111693010898307
1790423618.276499,1.017570000840351
1790423618.281451,1.1764710070565343
1790423618.2876878,1.1423999967519194
1790423618.2910979,1.0445079824421555
1790423618.2963133,1.6207809967454523
1790423618.2967763,1.2165980006102473
1790423618.2987323,1.1697940062731504
1790423618.2991066,1.9004269852302969
1790423618.301137,1.0220340045634657
1790423618.304077,1.042307005263865
1790423618.31172,1.2271809973753989
1790423618.3164692,1.1652379762381315
1790423618.319071,1.0008560202550143
1790423618.3202674,0.9958389855455607
1790423618.3220375,1.2546840007416904
1790423618.329483,1.145542977610603
1790423618.331734,1.505010004620999
1790423618.3321426,1.1293099960312247
1790423618.3340747,0.9933320106938481
1790423618.33537,1.12552399514243
1790423618.3368058,1.054377993568778
1790423618.3403447,1.3007539964746684
1790423618.3411684,1.4166960027068853
1790423618.3422945,1.1178000131621957
1790423618.3455358,1.0283830051776022
1790423618.3495433,1.3937969924882054
1790423618.3497043,1.944162999279797
1790423618.351184,1.0122380044776946
1790423618.3529823,1.3228539901319891
1790423618.3541245,1.1252500116825104
1790423618.3777802,1.892370986752212
1790423618.378131,1.3915040181018412
1790423618.379637,1.1267650115769356
1790423618.3822517,2.075352007523179
1790423618.3827133,2.15564901009202
1790423618.383558,1.297367998631671
1790423618.38585,1.0281279974151403
1790423618.3928149,1.2280770170036703
1790423618.3947535,1.53701999806799
1790423618.3954723,1.1388440034352243
1790423618.3996122,2.743886987445876
1790423618.3996933,2.377486991463229
1790423618.4002771,1.511793991085142
1790423618.4014294,1.031432009767741
1790423618.4086933,1.2623030052054673
1790423618.4107435,1.0616299987304956
1790423618.4129689,1.2744080158881843
1790423618.4160936,1.0952450102195144
1790423618.420962,1.0916159953922033
1790423618.422366,1.079142006346956
1790423618.4261105,1.005611993605271
1790423618.4272044,1.021383999614045
1790423618.429648,1.05116399936378
1790423618.435525,1.2236899929121137
1790423618.4417164,1.3896370073780417
1790423618.4417663,1.8646380049176514
1790423618.4518726,3.462697990471497
1790423618.4523609,3.415678016608581
1790423618.453141,1.4539610128849745
1790423618.4670548,2.1403369901236147
1790423618.4671166,2.702436991967261
1790423618.4723115,1.5008710033725947
1790423618.4736333,1.3107910053804517
1790423618.475851,1.1935950024053454
1790423618.4843388,1.495217002229765
1790423618.4844322,2.0172079966869205
1790423618.4955945,1.3990569859743118
1790423618.4991953,1.0835099965333939
1790423618.5010812,0.9888460044749081
1790423618.5045204,1.3457269815262407
1790423618.5091798,1.052100007655099
1790423618.5144372,1.089430006686598
1790423618.516432,1.0185970168095082
1790423618.5229077,1.2172660208307207
1790423618.5249264,1.1221049935556948
1790423618.5282993,1.0357330029364675
1790423618.5346873,1.3743090094067156
1790423618.5409794,1.1010770103894174
1790423618.5501199,2.0935990032739937
1790423618.551101,2.1960580197628587
1790423618.5513268,1.6158119833562523
1790423618.5570912,1.0462100035510957
1790423618.5638444,1.3067279942333698
1790423618.566012,1.9429210224188864
1790423618.5672364,2.7076330152340233
1790423618.567398,2.357555989874527
1790423618.5677574,1.161432999651879
1790423618.5750506,1.7993660003412515
1790423618.5751133,2.250353019917384
1790423618.5798528,1.135566009907052
1790423618.5831735,1.501073013059795
1790423618.5834563,1.3591090100817382
1790423618.5935278,1.4855240005999804
1790423618.596292,1.1330970155540854
1790423618.5969872,1.3415979919955134
1790423618.6002324,0.9877989941742271
1790423618.6015184,0.9712509927339852
1790423618.6100993,1.5256339975167066
1790423618.6114311,1.1117579997517169
1790423618.616669,2.4960200244095176
1790423618.6171024,2.4409469915553927
1790423618.618183,1.5062979946378618
1790423618.6182444,2.511466998839751
1790423618.621116,0.9831390052568167
1790423618.6231165,1.836023002397269
1790423618.6243072,1.9047780078835785
1790423618.6255758,2.625980006996542
1790423618.6256406,2.5172840105369687
1790423618.630466,1.0697740071918815
1790423618.6350324,1.2771119945682585
1790423618.6411228,1.3372569810599089
1790423618.6479337,1.287872000830248
1790423618.6508942,1.2088269868399948
1790423618.6547005,3.235025011235848
1790423618.6548433,2.885319001507014
1790423618.654934,2.3772389977239072
1790423618.6554697,2.3689800000283867
1790423618.6638303,2.0159890118520707
1790423618.6638901,2.023742999881506
1790423618.670533,1.21023302199319
1790423618.674075,1.3432629930321127
1790423618.6754253,1.3393739936873317
1790423618.6793332,1.1233359982725233
1790423618.687073,1.2370580225251615
1790423618.6907938,1.157689985120669
1790423618.7001393,1.335954002570361
1790423618.7085638,2.9168970067985356
1790423618.7086544,2.942145976703614
1790423618.7092533,1.2335579958744347
1790423618.7121282,1.1175019899383187
1790423618.7245572,1.830263005103916
1790423618.7250931,1.3767759955953807
1790423618.7277274,1.356027991278097
1790423618.728908,1.0527239937800914
1790423618.7307777,1.1161160073243082
1790423618.7468638,1.4072119956836104
1790423618.753033,1.1341380013618618
1790423618.7573586,1.2486609921324998
1790423618.7701423,1.8921179871540517
1790423618.770915,1.1662750039249659
1790423618.7742915,1.2410269991960377
1790423618.7757823,1.1495589860714972
1790423618.7780871,1.0268760088365525
1790423618.7807035,1.0313479870092124
1790423618.7818582,1.021646021399647
1790423618.783884,1.230294001288712
1790423618.7850356,1.1436839995440096
1790423618.7862902,1.0503020021133125
1790423618.7930553,2.001703978748992
1790423618.7939303,1.415215985616669
1790423618.7943397,1.2739079829771072
1790423618.7962868,1.1637699790298939
1790423618.799497,1.6010940016712993
1790423618.7999313,1.1613679816946387
1790423618.8041918,1.369960984447971
1790423618.8131402,1.1667610087897629
1790423618.8168268,1.2523549958132207
1790423618.8215377,1.4611119986511767
1790423618.822031,1.2144370120950043
1790423618.825593,1.7855670012068003
1790423618.826909,2.5577110063750297
1790423618.8269722,2.1602789929602295
1790423618.8274734,1.0483300138730556
1790423618.8290215,1.1055030045099556
1790423618.8301456,1.7742940108291805
1790423618.8366666,1.3173820043448359
1790423618.8454113,1.3980809890199453
1790423618.8490992,1.1996779940091074
1790423618.8508415,1.0789770167320967
1790423618.85274,0.9946939826477319
1790423618.866044,2.2572180023416877
1790423618.8663085,2.6502099935896695
1790423618.8680375,1.214826974319294
1790423618.868487,1.2295540072955191
1790423618.8734028,1.1459820088930428
1790423618.8747635,1.241317979292944
1790423618.8752034,1.1959719995502383
1790423618.8793886,2.5763649900909513
1790423618.880949,4.51686599990353
1790423618.8810017,3.4507270029280335
1790423618.881863,3.5969770106021315
1790423618.8820183,2.611177013022825
1790423618.8824015,1.254720991710201
1790423618.889976,1.4858509821351618
1790423618.8903832,1.1843990068882704
1790423618.895209,1.8079110013786703
1790423618.896329,1.7879070073831826
1790423618.896387,2.397183998255059
1790423618.898096,1.0237880051136017
1790423618.8994498,1.2594959989655763
1790423618.9004974,1.0402390034869313
1790423618.9029136,1.0024360090028495
1790423618.9052699,1.096038002287969
1790423618.9388723,1.6300909919664264
1790423618.9415216,1.5775270003359765
1790423618.9418764,2.384560997597873
1790423618.9473312,1.3220539840403944
1790423618.949269,1.1020299862138927
1790423618.950982,1.0883140203077346
1790423618.9539,1.2824370060116053
1790423618.9591446,1.336515008006245
1790423618.9598072,1.3885219814255834
1790423618.964096,1.0370370000600815
1790423618.968236,1.244687009602785
1790423618.9757054,1.5700130024924874
1790423618.9761574,1.1984430020675063
1790423618.977266,0.9665600082371384
1790423618.9843366,2.084762993035838
1790423618.984452,1.6243450227193534
1790423618.9905214,1.0770859953481704
1790423618.993073,1.069763005943969
1790423618.9957914,1.3012709969189018
1790423618.9962099,1.1087020102422684
1790423618.9990752,1.1483659909572452
1790423619.000794,1.0270040074829012
1790423619.0031319,0.9882269951049238
1790423619.0050595,1.1069309839513153
1790423619.0068018,0.9506560163572431
1790423619.010428,1.0528660204727203
1790423619.012695,1.2635599996428937
1790423619.0148418,1.2699740182142705
1790423619.0223513,1.0560390073806047
1790423619.0283248,1.7295040015596896
1790423619.0299494,1.3419929891824722
1790423619.0334566,1.508134009782225
1790423619.0366933,1.3710630009882152
1790423619.0409844,1.6472940042149276
1790423619.0443144,2.0702019974123687
1790423619.0453181,1.5068700013216585
1790423619.0477762,1.2758350057993084
1790423619.0501335,1.6693159996066242
1790423619.0505857,1.2420929851941764
1790423619.0527272,1.5612970164511353
1790423619.054491,1.7511000041849911
1790423619.054901,1.7381159996148199
1790423619.0596812,1.5396920207422227
1790423619.0616536,1.2680880026891828
1790423619.0658364,1.5840459964238107
1790423619.0693424,1.293105975491926
1790423619.0730042,1.4712720003444701
1790423619.0844069,4.057001002365723
1790423619.0846252,3.289273998234421
1790423619.0857916,2.0703969930764288
1790423619.085869,2.748971979599446
1790423619.0861049,1.2643470254261047
1790423619.0951836,1.5117499860934913
1790423619.0964718,1.279175019590184
1790423619.0968602,1.148757990449667
1790423619.0996506,0.9992019913624972
1790423619.103211,1.1724799987860024
1790423619.1061153,1.0267540055792779
1790423619.1105287,1.0368430230300874
1790423619.1147215,1.5116720169316977
1790423619.115549,1.2209279811941087
1790423619.1165602,1.0036489984486252
1790423619.1210487,1.0912419820670038
1790423619.1231391,1.6554650210309774
1790423619.124124,1.7478970112279058
1790423619.125425,1.2931960227433592
1790423619.129386,2.246279997052625
1790423619.1309714,2.506629010895267
1790423619.1329181,2.3840799985919148
1790423619.1394186,2.850429998943582
1790423619.1406329,2.3722450132481754
1790423619.1418235,1.8302290118299425
1790423619.1489003,1.8493579991627485
1790423619.1532338,1.832018984714523
1790423619.154143,1.9150380103383213
1790423619.1550016,1.5769129968248308
1790423619.158346,1.4315190201159567
1790423619.1648467,2.3195779940579087
1790423619.1655488,1.6621280228719115
1790423619.1734767,2.158073999453336
1790423619.1749508,1.5936209820210934
1790423619.178223,1.8115809943992645
1790423619.1826022,2.643301006173715
1790423619.1826854,2.2463749919552356
1790423619.1877103,1.5205269737634808
1790423619.189283,1.2969500094186515
1790423619.1928298,1.6188070003408939
1790423619.1975267,2.35640601022169
1790423619.1975799,1.5663790109101683
1790423619.2037003,2.8966809913981706
1790423619.203825,3.5034799948334694
1790423619.205142,2.941123995697126
1790423619.2052982,2.288499992573634
1790423619.205765,1.7077270022127777
1790423619.2102976,1.8724219989962876
1790423619.2170048,1.6582590178586543
1790423619.2241864,2.156642993213609
1790423619.2328856,1.7335960001219064
1790423619.235168,1.4248770021367818
1790423619.2374268,1.438494015019387
1790423619.2402725,1.6106900002341717
1790423619.24323,1.5017569821793586
1790423619.2512856,1.8057010020129383
1790423619.2546775,1.6408829833380878
1790423619.255602,1.9044890068471432
1790423619.2565868,1.6847410006448627
1790423619.2587688,1.6445979999843985
1790423619.2706227,1.769651978975162
1790423619.2711985,3.0345529958140105
1790423619.2805476,1.7721070034895092
1790423619.287157,2.3841809888835996
1790423619.2884128,2.827404998242855
1790423619.2891667,2.588116010883823
1790423619.2892208,1.8486570043023676
1790423619.2950456,2.8916399751324207
1790423619.2955918,2.883299021050334
1790423619.295646,2.3935290228109807
1790423619.3032613,1.9000040192622691
1790423619.3064988,2.208538993727416
1790423619.3126523,4.522078001173213
1790423619.3138096,4.55617401166819
1790423619.3145335,5.391827988205478
1790423619.3146122,3.1485910003539175
1790423619.3158343,2.852322009857744
1790423619.3159814,5.415071995230392
1790423619.316373,1.404495007591322
1790423619.321358,1.2819440162274987
1790423619.3277764,1.4726730005349964
1790423619.332708,1.2671269942075014
1790423619.33892,1.9905339868273586
1790423619.3396163,2.1569870004896075
1790423619.3396769,1.6739339916966856
1790423619.3469677,1.123313995776698
1790423619.3521786,1.1350720014888793
1790423619.353728,1.0761059820652008
1790423619.3548748,1.0258799884468317
1790423619.3667414,1.668660988798365
1790423619.3667936,2.1740270021837205
1790423619.3692183,0.9932639950420707
1790423619.372403,1.0626299772411585
1790423619.3764951,1.091022975742817
1790423619.3781893,1.1732930142898113
1790423619.385651,1.0088009876199067
1790423619.3879576,1.1205060000065714
1790423619.3910341,1.3076390023343265
1790423619.3953698,1.2646190007217228
1790423619.3960736,1.2936779821757227
1790423619.3993177,1.6584810218773782
1790423619.3996422,1.5715539921075106
1790423619.4006474,0.9976150176953524
1790423619.4027975,1.3045129890087992
1790423619.4067433,1.1789249838329852
1790423619.4107845,1.4468019944615662
1790423619.4113495,1.1761710047721863
1790423619.4156337,2.459311013808474
1790423619.416143,2.448448009090498
1790423619.4162092,2.0777939935214818
1790423619.4184842,1.4045389834791422
1790423619.4189591,1.2331469915807247
1790423619.4249535,1.908801990794018
1790423619.4281616,1.1723170173354447
1790423619.430345,1.680576999206096
1790423619.4312556,1.606448000529781
1790423619.4313023,2.1426400053314865
1790423619.4328437,1.1877870128955692
1790423619.4398284,2.3806569806765765
1790423619.4403148,2.035467012319714
1790423619.4403658,2.5092129944823682
1790423619.4535837,2.0264659833628684
1790423619.4538696,1.7573850054759532
1790423619.4594824,1.3859640166629106
1790423619.4595702,1.9013949786312878
1790423619.4618242,1.0814159759320319
1790423619.4672363,1.0910199780482799
1790423619.470032,1.867486978881061
1790423619.4701083,1.5281520027201623
1790423619.4733317,1.0054339945781976
1790423619.4762168,1.4725780056323856
1790423619.4771228,1.2421040155459195
1790423619.4778318,1.362347014946863
1790423619.4791458,1.130449993070215
1790423619.4862294,1.0530060098972172
1790423619.4943285,1.245160005055368
1790423619.4964917,1.4874270127620548
1790423619.4969394,1.0886219970416278
1790423619.498489,0.9858010162133723
1790423619.500712,1.690485019935295
1790423619.5007703,1.3437340094242245
1790423619.5066578,2.0638160058297217
1790423619.5078554,2.7991770184598863
1790423619.5079625,2.2923500218894333
1790423619.5133224,1.0608180018607527
1790423619.5160344,1.04384301812388
1790423619.5234325,1.4345170056913048
1790423619.5326314,1.1490749893710017
1790423619.5415266,1.4469019952230155
1790423619.5415869,1.9546329858712852
1790423619.5428777,1.0530989966355264
1790423619.5484703,1.1887040163856
1790423619.550767,2.0786270033568144
1790423619.5508182,1.7572409997228533
1790423619.5536559,1.3516649778466672
1790423619.5544705,1.5981729957275093
1790423619.555765,1.2035919935442507
1790423619.5562131,1.165505003882572
1790423619.563811,1.1282579798717052
1790423619.565442,1.1061289987992495
1790423619.5674825,1.1631580127868801
1790423619.5690517,1.015994988847524
1790423619.5706437,1.2165239895693958
1790423619.5710416,1.1349410051479936
1790423619.5771585,1.086848002159968
1790423619.5834904,1.124628004617989
1790423619.5909672,1.2726499990094453
1790423619.5919905,1.015469984849915
1790423619.6022089,1.2335939973127097
1790423619.6161542,1.2989470269531012
1790423619.6192899,1.2408950133249164
1790423619.619364,1.7510199977550656
1790423619.6209874,1.087109005311504
1790423619.6216006,1.1813199962489307
1790423619.6285496,1.4779260091017932
1790423619.6305788,1.5346969885285944
1790423619.6311991,1.4829080027993768
1790423619.6355677,1.3585700071416795
1790423619.6382563,1.049809972755611
1790423619.6403766,1.2060609878972173
1790423619.6410441,1.3088150008115917
1790423619.6492534,1.2400580162648112
1790423619.6508698,1.042710995534435
1790423619.6531448,1.0261060087941587
1790423619.6551332,1.1167339980602264
1790423619.6566179,1.0050150158349425
1790423619.6617131,1.2359230022411793
1790423619.6652393,1.219199999468401
1790423619.6665316,1.115652994485572
1790423619.6670458,1.1002999963238835
1790423619.668038,0.9848060144577175
1790423619.6738644,1.4455879863817245
1790423619.679558,2.0501480030361563
1790423619.679931,1.9779249851126224
1790423619.6807184,1.5959549928084016
1790423619.6925335,3.5934560000896454
1790423619.692886,2.611057017929852
1790423619.6929722,3.347453981405124
1790423619.693737,1.5773510094732046
1790423619.6966643,1.1255879944656044
1790423619.7035506,1.6187050205189735
1790423619.705665,1.2989919923711568
1790423619.71011,1.101754023693502
1790423619.7120118,1.2705050176009536
1790423619.7154453,1.3654879876412451
1790423619.7162046,1.384022005368024
1790423619.719966,1.6991080192383379
1790423619.720764,1.5213589940685779
1790423619.7220867,1.0560789960436523
1790423619.7231805,1.0854509891942143
1790423619.7255397,1.3285799941513687
1790423619.7317042,2.6303610065951943
1790423619.7325408,2.942722989246249
1790423619.7327166,3.004338010214269
1790423619.7333648,1.274563983315602
1790423619.7356884,1.0336889827158302
1790423619.7395816,1.0267230099998415
1790423619.743424,1.2667439877986908
1790423619.74931,1.2061879970133305
1790423619.751487,1.0370910167694092
1790423619.75273,1.0015720035880804
1790423619.7634532,1.4345050149131566
1790423619.7670705,1.1176539992447942
1790423619.770376,1.4313730061985552
1790423619.7725995,1.0515209869481623
1790423619.7807405,1.2044930190313607
1790423619.7854486,1.7121230193879455
1790423619.7859576,1.1812210141215473
1790423619.7880964,0.973252987023443
1790423619.7901056,1.3104559911880642
1790423619.7901795,1.7760220216587186
1790423619.8012903,1.6180360107682645
1790423619.8026102,1.3089909916743636
1790423619.8069081,1.34312899899669
1790423619.808552,2.418251009657979
1790423619.8086143,1.6971360018942505
1790423619.8160934,3.0188749951776117
1790423619.81651,3.9655439904890954
1790423619.8165967,2.838045998942107
1790423619.816653,4.629500006558374
1790423619.8299892,2.587060007499531
1790423619.830072,2.09593799081631
1790423619.8343506,1.4883620024193078
1790423619.8348002,1.1851720046252012
1790423619.838745,1.3122720120009035
1790423619.8401978,1.043057010974735
1790423619.843694,0.9676869958639145
1790423619.8472755,1.1573819792829454
1790423619.8477292,1.1542830034159124
1790423619.850658,1.0214439826086164
1790423619.8533647,1.5898330020718277
1790423619.8537366,2.3098360106814653
1790423619.855408,1.5522160101681948
1790423619.8559656,1.4415530022233725
1790423619.857776,1.1891299800481647
1790423619.8584325,1.2606860254891217
1790423619.8691747,2.5752949877642095
1790423619.8692343,1.9126400002278388
1790423619.8695512,1.5135460125748068
1790423619.8751326,1.132767996750772
1790423619.8756313,1.1057830124627799
1790423619.8912082,1.3042019854765385
1790423619.8958836,2.2737429826520383
1790423619.8968992,2.598299994133413
1790423619.896957,2.9210729990154505
1790423619.89902,1.1122389987576753
1790423619.9001396,1.0220480035059154
1790423619.9016428,1.0201749973930418
1790423619.9058635,1.689810975221917
1790423619.9065752,2.500950009562075
1790423619.907264,1.4700980100315064
1790423619.912711,1.2447699846234173
1790423619.9185638,1.133409998146817
1790423619.919634,0.9896019764710218
1790423619.9214077,0.9523860062472522
1790423619.925022,1.457061996916309
1790423619.9251215,2.098623983329162
1790423619.928499,1.0978180216625333
1790423619.933627,1.1352579749654979
1790423619.9346879,1.0538799979258329
1790423619.937004,1.926069991895929
1790423619.9373856,1.9391719833947718
1790423619.9375024,1.5551609976682812
1790423619.9394162,1.098200009437278
1790423619.943866,1.2301649840082973
1790423619.9463909,1.048764999723062
1790423619.9499454,1.060133014107123
1790423619.9588513,2.2264379949774593
1790423619.9598243,1.8854200025089085
1790423619.9599054,2.7016359963454306
1790423619.9631236,1.0238559916615486
1790423619.9644263,1.1306050000712276
1790423619.9695323,1.3636400108225644
1790423619.9695916,1.8622629868332297
1790423619.9741645,1.2060290027875453
1790423619.9753692,1.1966649908572435
1790423619.980681,1.3693149958271533
1790423619.9820862,1.316123001743108
1790423619.9826992,1.1856239871121943
1790423619.9841135,1.0253500076942146
1790423619.9858818,1.0608260054141283
1790423619.9898052,1.0964249959215522
1790423619.9932628,1.0239900148008019
1790423619.9961848,1.092669990612194
1790423619.9996681,1.027771009830758
1790423620.0013902,1.4127199829090387
1790423620.0021694,1.1407760030124336
1790423620.0071135,1.2979400053154677
1790423620.007573,1.2137849989812821
1790423620.0113041,1.4235280104912817
1790423620.0113661,1.8829260079655796
1790423620.0127466,1.036917994497344
1790423620.0175378,1.1682079930324107
1790423620.0199196,1.4453870244324207
1790423620.0206478,1.318439986789599
1790423620.0217888,1.0130199952982366
1790423620.0234957,1.0618820087984204
1790423620.028272,1.1591429938562214
1790423620.0288074,1.245989988092333
1790423620.0297875,0.9737189975567162
1790423620.0335863,1.0887119860854
1790423620.0355244,1.0789260268211365
1790423620.04588,2.6546340086497366
1790423620.0460181,2.27443702169694
1790423620.0463898,1.2554950080811977
1790423620.0550044,1.5739560185465962
1790423620.0575774,2.052374999038875
1790423620.058561,2.594588993815705
1790423620.059349,1.7632940143812448
1790423620.059598,1.5302719839382917
1790423620.067986,1.2574020074680448
1790423620.073333,1.6873179993126541
1790423620.0744348,2.1689390123356134
1790423620.0745065,1.5637099859304726
1790423620.0764563,1.011403015581891
1790423620.0798712,1.253119989996776
1790423620.0815485,1.1130560014862567
1790423620.0826664,1.1088130122516304
1790423620.0889907,1.2357010273262858
1790423620.0894406,1.2105169880669564
1790423620.0912046,0.9966489742510021
1790423620.0961773,1.7339669866487384
1790423620.0966942,1.2666510010603815
1790423620.1025593,1.937465014634654
1790423620.1034334,2.35382400569506
1790423620.1035044,1.777403027517721
1790423620.1069126,1.5823869907762855
1790423620.1069856,2.069583017146215
1790423620.1104765,1.5253059973474592
1790423620.1109285,1.1700989853125066
1790423620.1144292,1.5404339937958866
1790423620.1152005,1.572626002598554
1790423620.115644,1.0448390094097704
1790423620.1197054,1.8010839994531125
1790423620.1197546,1.4671309909317642
1790423620.1237247,2.6979449903592467
1790423620.1238453,2.351846022065729
1790423620.1245608,1.7385270039085299
1790423620.1272128,1.0897699976339936
1790423620.1276364,1.0678879916667938
1790423620.1296663,1.007440994726494
1790423620.1322405,1.0207000013906509
1790423620.1366549,2.391121000982821
1790423620.136796,1.9767149933613837
1790423620.1374407,1.5457609842997044
1790423620.139882,1.1729550024028867
1790423620.1409764,1.0867590026464313
1790423620.1472356,1.0321849840693176
1790423620.1493578,1.0800570016726851
1790423620.1598945,1.319635979598388
1790423620.1625342,1.2876679829787463
1790423620.1632473,2.3491229803767055
1790423620.163711,1.16654799785465
1790423620.1657622,1.1139250127598643
1790423620.1737344,1.251851994311437
1790423620.177917,1.2618830078281462
1790423620.1790035,1.0791679960675538
1790423620.1817555,1.6077329928521067
1790423620.1835792,2.8347680054139346
1790423620.1841962,2.4323120014742017
1790423620.1855621,3.294660011306405
1790423620.1856754,1.878766983281821
1790423620.1859288,1.8139239982701838
1790423620.187299,1.0390329989604652
1790423620.1885512,0.980882003204897
1790423620.1914494,1.069434016244486
1790423620.1941237,1.0255499801132828
1790423620.196426,1.0262910218443722
1790423620.2069602,1.2792140187229961
1790423620.2086241,1.0787860082928091
1790423620.2191105,1.3382569886744022
1790423620.2203505,1.0591270111035556
1790423620.225639,1.0341189918108284
1790423620.2291858,1.454211975215003
1790423620.2292607,2.006317983614281
1790423620.2429972,2.3892659810371697
1790423620.2430608,2.0103540155105293
1790423620.2484426,1.2932830140925944
1790423620.2511415,1.4176610275171697
1790423620.2515702,1.1807270057033747
1790423620.2526913,1.0235720255877823
1790423620.25637,1.1388419952709228
1790423620.2570674,1.3362480094656348
1790423620.2590308,1.5627949906047434
1790423620.2595007,1.2071719975210726
1790423620.2612467,1.0520450014155358
1790423620.2686813,1.7909299931488931
1790423620.2687285,1.4038629888091236
1790423620.2761168,1.2952870165463537
1790423620.2792692,1.1131280043628067
1790423620.281904,1.0656400118023157
1790423620.2843072,1.0700860002543777
1790423620.2891755,1.368947996525094
1790423620.2947206,1.9541099900379777
1790423620.2947755,1.5970559907145798
1790423620.2978354,1.031029998557642
1790423620.3007553,0.9710679878480732
1790423620.3028505,1.3224360009189695
1790423620.314789,1.3116920017637312
1790423620.319936,1.3467319949995726
1790423620.321822,1.1568740010261536
1790423620.3328228,2.087411005049944
1790423620.3344088,1.575359987327829
1790423620.3400278,1.4095160004217178
1790423620.340489,1.2285189877729863
1790423620.3419018,1.0310380021110177
1790423620.347233,1.5586730150971562
1790423620.3480878,1.9679490069393069
1790423620.3491507,1.045150012942031
1790423620.3507268,1.4724160137120634
1790423620.3513958,1.0636259976308793
1790423620.3560681,1.0718739940784872
1790423620.3679736,1.4512909983750433
1790423620.3740106,2.1399619872681797
1790423620.3747542,1.6734749951865524
1790423620.3748183,2.1995270217303187
1790423620.3775842,1.1601040023379028
1790423620.3813357,1.058073015883565
1790423620.3855886,1.0312320082448423
1790423620.3874242,1.1187510099262
1790423620.389855,1.4760920021217316
1790423620.390825,1.653004001127556
1790423620.3913245,1.1814580066129565
1790423620.3937576,1.1238949955441058
1790423620.3958354,1.0263430012855679
1790423620.3995097,1.0419210011605173
1790423620.4044082,1.281739998375997
1790423620.4080784,1.2476560077629983
1790423620.4204986,1.4808429987169802
1790423620.42098,1.2687300040852278
1790423620.4247675,1.237057993421331
1790423620.426359,1.0356419952586293
1790423620.4282362,0.9788240131456405
1790423620.4311185,1.9554670143406838
1790423620.4311821,1.6778990102466196
1790423620.4326224,1.0075719910673797
1790423620.4365575,1.0759169817902148
1790423620.437761,1.1959969997406006
1790423620.453342,1.66652599000372
1790423620.4538276,1.2464149913284928
1790423620.4589503,1.1947090097237378
1790423620.4612677,1.0722480074036866
1790423620.46315,0.992342975223437
1790423620.4709153,1.8118880107067525
1790423620.4716969,1.1447689903434366
1790423620.4739869,0.9957369766198099
1790423620.4782138,1.0731680085882545
1790423620.480721,1.1390119907446206
1790423620.481162,1.1280820181127638
1790423620.4869485,1.2151740083936602
1790423620.4897127,0.998177012661472
1790423620.4908216,0.9733760089147836
1790423620.4981003,1.5310040034819394
1790423620.5041757,1.1891049798578024
1790423620.5097992,1.06514198705554
1790423620.5128746,1.317546993959695
1790423620.5172734,1.4858600043226033
1790423620.5179818,1.3421570183709264
1790423620.5212688,1.3815730053465813
1790423620.5217016,1.0648129973560572
1790423620.523734,1.001430005999282
1790423620.5266418,1.0842430056072772
1790423620.532622,3.8276949780993164
1790423620.5329776,3.1693490163888782
1790423620.533848,4.945916007272899
1790423620.5339978,3.33727098768577
1790423620.5344522,1.2538079754449427
1790423620.5373793,1.0199719981756061
1790423620.539033,0.9716679924167693
1790423620.5442014,1.2943350011482835
1790423620.5469146,1.0523909877520055
1790423620.550825,1.0347449861001223
1790423620.5554512,1.7871609888970852
1790423620.555694,1.6202559927478433
1790423620.558569,1.644481992116198
1790423620.5640485,1.537357980851084
1790423620.564936,1.628647994948551
1790423620.5671117,1.0043189977295697
1790423620.5694988,1.1984200100414455
1790423620.5715015,2.7143470069859177
1790423620.5732505,2.7478759875521064
1790423620.5734124,3.2794699945952743
1790423620.5745926,2.950892027001828
1790423620.5746508,1.8495389958843589
1790423620.5776558,1.0154310148209333
1790423620.5858164,1.308798004174605
1790423620.5903533,1.1491230106912553
1790423620.59305,1.0798799921758473
1790423620.6048028,2.3694159754086286
1790423620.6049278,1.9342820160090923
1790423620.6159034,1.3880649930797517
1790423620.617585,1.383486989652738
1790423620.6279552,1.2579069880302995
1790423620.633844,1.7570519994478673
1790423620.634581,1.396946987370029
1790423620.6401057,4.758431983646005
1790423620.6402538,4.085218999534845
1790423620.6416714,5.4236990108620375
1790423620.6417334,4.540416004601866
1790423620.6419108,6.207589991390705
1790423620.6423159,3.742622007848695
1790423620.6494484,1.2257240014150739
1790423620.656785,1.7739569884724915
1790423620.6570082,1.5133729903027415
1790423620.6582284,1.017095026327297
1790423620.6664643,1.36615100200288
1790423620.6793933,2.7422939892858267
1790423620.6796215,2.258221007650718
1790423620.6803262,1.5660780190955848
1790423620.6845548,1.4017449866514653
1790423620.6862197,1.084157993318513
1790423620.6898222,1.0362739849369973
1790423620.6921031,1.0219679970759898
1790423620.6967475,1.2066970230080187
1790423620.699986,1.2554609857033938
1790423620.7004716,1.0650339827407151
1790423620.710111,1.7105730075854808
1790423620.7127423,1.499701989814639
1790423620.7134655,1.0445409861858934
1790423620.71575,1.7793559818528593
1790423620.7170134,2.2973130107857287
1790423620.7192981,3.131977980956435
1790423620.7193968,2.825526025844738
1790423620.719506,1.8262430094182491
1790423620.7197926,1.330390980001539
1790423620.7214067,0.9614390146452934
1790423620.7229683,1.4361549983732402
1790423620.7240722,1.0950260038953274
1790423620.726215,1.0693380027078092
1790423620.7306569,1.0047510149888694
1790423620.7338715,1.0110399744007736
1790423620.7401907,1.3664050202351063
1790423620.7413561,1.1559250124264508
1790423620.7497702,1.0552519815973938
1790423620.753867,1.4175489777699113
1790423620.7543507,1.3597919896710664
1790423620.756325,1.058934984030202
1790423620.7586644,1.0044570080935955
1790423620.7610254,1.050796010531485
1790423620.7667196,1.0888910037465394
1790423620.7694836,1.0920930071733892
1790423620.7750547,1.3011929986532778
1790423620.7757463,1.3463679933920503
1790423620.7878542,1.4448289875872433
1790423620.791564,1.1074299982283264
1790423620.7928762,1.2085499765817076
1790423620.7980375,1.4910189784131944
1790423620.8029046,1.1600020225159824
1790423620.804453,1.0594690102152526
1790423620.811453,1.1813759920187294
1790423620.816164,1.1398190108593553
1790423620.8276825,1.6053430153988302
1790423620.830982,1.2574179854709655
1790423620.8328786,1.2725850101560354
1790423620.837162,1.271913992241025
1790423620.838388,1.1322170030325651
1790423620.8406622,1.0538710048422217
1790423620.8504004,1.5435969980899245
1790423620.8574314,1.2854649976361543
1790423620.8600078,1.1904009734280407
1790423620.8627596,1.0540199873503298
1790423620.8728657,2.712376997806132
1790423620.8755827,4.935831995680928
1790423620.8773155,5.785999004729092
1790423620.8773897,6.343946006381884
1790423620.8784006,4.637878999346867
1790423620.8793373,6.460453005274758
1790423620.8797112,4.549838020466268
1790423620.8797746,4.182059987215325
1790423620.8798375,5.605086014838889
1790423620.8806474,1.3023850042372942
1790423620.8831503,1.1539180122781545
1790423620.8842459,1.088261022232473
1790423620.892106,1.3801220047753304
1790423620.8946571,1.610559003893286
1790423620.8947213,2.098926983308047
1790423620.8963373,0.9739300003275275
1790423620.8990684,1.0050999990198761
1790423620.9039936,1.4261439791880548
1790423620.9040804,2.0221569866407663
1790423620.9052896,1.0657339880708605
1790423620.909453,1.0915780148934573
1790423620.913015,1.0540900111664087
1790423620.9147203,1.0949250136036426
1790423620.9165645,1.0323929891455919
1790423620.9237971,1.7805749957915395
1790423620.924231,1.2375790101941675
1790423620.9250894,2.4960970040410757
1790423620.9254973,1.1663929908536375
1790423620.926709,0.980502984020859
1790423620.9312816,0.9378450049553066
1790423620.9419878,1.717979001114145
1790423620.9427137,1.3709699851460755
1790423620.9439056,1.0440540208946913
1790423620.9464512,1.1631809757091105
1790423620.9508936,1.387978991260752
1790423620.9512715,1.1648540094029158
1790423620.9549043,1.242165977600962
1790423620.9572542,2.3425920226145536
1790423620.95756,2.323739987332374
1790423620.9576306,2.227671997388825
1790423620.9593658,1.0371970129199326
1790423620.9633634,2.0498050143942237
1790423620.9634962,2.5190260203089565
1790423620.9639761,1.6722929722163826
1790423620.9674432,1.0453839786350727
1790423620.9687753,1.0256909881718457
1790423620.9722285,1.7125800077337772
1790423620.972294,1.4006919809617102
1790423620.974032,1.3540950021706522
1790423620.974816,1.3502629881259054
1790423620.977094,1.4355320017784834
1790423620.977769,1.3825059868395329
1790423620.983658,1.7475070198997855
1790423620.994155,1.9142520031891763
1790423620.9946847,1.6220709949266165
1790423620.996502,1.2809519830625504
1790423620.9988747,1.2800660042557865
1790423621.000168,1.2847300095018
1790423621.000529,1.1115829984191805
1790423621.0019536,1.195625023683533
1790423621.0047293,1.4466629945673048
1790423621.006751,1.1710780090652406
1790423621.0112832,1.6394609992858022
1790423621.015994,2.4422690039500594
1790423621.0179656,2.3778369941283017
1790423621.0180476,3.29529499867931
1790423621.0186327,1.4293009880930185
1790423621.0230951,1.6749970091041178
1790423621.0270634,1.4179009885992855
1790423621.0321374,2.0605690078809857
1790423621.0322034,1.6378180007450283
1790423621.0344949,1.0935449972748756
1790423621.0397918,1.1543449945747852
1790423621.0413423,1.0745240142568946
1790423621.0480928,1.5928279899526387
1790423621.0485735,1.1784039961639792
1790423621.0496516,0.9995349973905832
1790423621.0540705,1.605319994268939
1790423621.0546923,1.3246159942355007
1790423621.0558238,1.1227310169488192
1790423621.075158,2.8854120173491538
1790423621.0752308,3.505987988319248
1790423621.0757556,1.4618959976360202
1790423621.0885227,1.7657700227573514
1790423621.0887825,2.661610982613638
1790423621.0926871,1.550176995806396
1790423621.09275,2.0337589958216995
1790423621.0980973,1.2725800042971969
1790423621.102891,1.199874997837469
1790423621.111682,1.2049840006511658
1790423621.1157532,1.2959330051671714
1790423621.1178172,1.1711689876392484
1790423621.1245313,3.4993089793715626
1790423621.1260886,3.2596280216239393
1790423621.1261425,4.4194980000611395
1790423621.126244,3.847384999971837
1790423621.127125,2.3438760254066437
1790423621.1364193,1.1915529903490096
1790423621.1378396,1.0498129995539784
1790423621.1392593,0.9944599878508598
1790423621.143167,1.5880629944149405
1790423621.1436048,1.1768350086640567
1790423621.146428,1.6528370033483952
1790423621.1475258,1.7715009744279087
1790423621.148076,1.2714070035144687
1790423621.1497874,1.0254379885736853
1790423621.15277,1.0233590146526694
1790423621.1587787,1.1963779979851097
1790423621.1613076,1.0959699866361916
1790423621.1654818,2.6115640066564083
1790423621.1657267,2.425504004349932
1790423621.1663876,2.437796996673569
1790423621.1664484,1.6975720063783228
1790423621.1748512,1.4929099997971207
1790423621.176315,1.089088007574901
1790423621.1788652,1.0423940257169306
1790423621.1869044,1.1125429882667959
1790423621.1933167,1.258099015103653
1790423621.2032464,1.5422840078826994
1790423621.203964,1.3465090014506131
1790423621.2086453,1.0779720032587647
1790423621.2131531,1.0178429947700351
1790423621.216471,1.9890239927917719
1790423621.216869,2.011286997003481
1790423621.2177787,1.2989669921807945
1790423621.2217906,1.0521200019866228
1790423621.225492,1.0546449921093881
1790423621.2275887,1.0922980145551264
1790423621.2297943,1.029118982842192
1790423621.2325385,1.2226710096001625
1790423621.2344677,1.1444780102465302
1790423621.2372112,1.046643010340631
1790423621.2439592,1.1584850144572556
1790423621.2488143,2.60815501678735
1790423621.2525387,4.075785982422531
1790423621.2527845,5.877552001038566
1790423621.253186,3.5589690087363124
1790423621.253241,4.282072011847049
1790423621.2535906,5.615065980236977
1790423621.2536645,2.1908810012973845
1790423621.2549431,1.1976759997196496
1790423621.2609692,1.20750701171346
1790423621.2628996,1.1755260056816041
1790423621.2697062,1.1617790150921792
1790423621.2709308,1.136319013312459
1790423621.2813964,1.4093010104261339
1790423621.2839503,1.1278959864284843
1790423621.286343,1.0164629784412682
1790423621.290015,1.1195130064152181
1790423621.2933536,1.2168270186521113
1790423621.2985115,1.059091999195516
1790423621.3022802,1.1658250004984438
1790423621.3064742,1.0196370130870491
1790423621.3103955,1.1096180242020637
1790423621.3115263,0.9868810011539608
1790423621.3155775,1.3154549815226346
1790423621.3163183,1.5832229983061552
1790423621.3167417,1.0652880009729415
1790423621.3204103,0.9700219961814582
1790423621.3333635,1.9087679975200444
1790423621.3336012,2.080276986816898
1790423621.338654,1.171145006082952
1790423621.3400517,1.0751619993243366
1790423621.341887,1.0955439938697964
1790423621.3429754,1.081284019164741
1790423621.3580916,1.556236995384097
1790423621.3612704,1.191052986541763
1790423621.37397,1.9557969935704023
1790423621.374104,2.6471560122445226
1790423621.3747115,1.3057049945928156
1790423621.3776293,0.9976699948310852
1790423621.3795674,1.0118799982592463
1790423621.3838675,1.1464270064607263
1790423621.3865218,2.026796981226653
1790423621.3865898,1.6878540045581758
1790423621.3880174,1.0142720129806548
1790423621.3894835,1.0497159964870661
1790423621.3937097,1.0314570099581033
1790423621.3965642,1.8479510035831481
1790423621.398079,2.5839970039669424
1790423621.3981578,1.9437840091995895
1790423621.39978,1.0804840130731463
1790423621.4118464,1.1493400088511407
1790423621.418169,1.427982992026955
1790423621.4182374,2.037177007878199
1790423621.4200222,1.0837340087164193
1790423621.4254043,1.1544100125320256
1790423621.427201,1.271313987672329
1790423621.4310513,1.2492069799918681
1790423621.4323294,1.2708439899142832
1790423621.4336858,2.139695978257805
1790423621.4340415,1.6296889807563275
1790423621.4345467,1.3642690028063953
1790423621.436099,1.004801015369594
1790423621.4450305,1.3954410096630454
1790423621.451144,1.0793489927891642
1790423621.4538171,1.0262949799653143
1790423621.4552,1.262230973225087
1790423621.4563699,1.2428710178937763
1790423621.457303,1.5927339845802635
1790423621.459973,2.479061979101971
1790423621.4600618,2.1746660058852285
1790423621.4642003,1.1401420051697642
1790423621.4658504,1.1594610114116222
1790423621.4675856,1.3512280129361898
1790423621.4676633,1.8061169830616564
1790423621.4795973,1.4377360057551414
1790423621.4872692,2.377293014433235
1790423621.488691,3.233391005778685
1790423621.4887655,2.7576449792832136
1790423621.4931202,2.0913940097671
1790423621.4931786,2.067886001896113
1790423621.500297,1.2863900046795607
1790423621.5061376,1.7848790157586336
1790423621.5063813,1.5016490069683641
1790423621.5163653,1.1704589996952564
1790423621.5245583,1.3399680028669536
1790423621.527481,1.3303360028658062
1790423621.5285091,1.0200570104643703
1790423621.531782,1.0215500078629702
1790423621.5365672,1.184554013889283
1790423621.5382483,1.5771379985380918
1790423621.5390582,1.8193669966422021
1790423621.5410013,2.6605719758663327
1790423621.5410712,1.9121929944958538
1790423621.5417316,1.6712310025468469
1790423621.544497,1.1357259936630726
1790423621.5490067,1.1272619885858148
1790423621.5552173,1.3044470106251538
1790423621.5586228,1.1445199779700488
1790423621.5611157,1.94647500757128
1790423621.5612524,2.4979110166896135
1790423621.561689,1.5824429865460843
1790423621.5665786,1.2254090106580406
1790423621.5678663,1.126646006014198
1790423621.5686445,1.4377780025824904
1790423621.5884078,2.394073992036283
1790423621.5884905,1.9893999851774424
1790423621.5913198,1.099963003071025
1790423621.5927746,1.2424569868016988
1790423621.5955477,1.2222570076119155
1790423621.59632,1.4046340074855834
1790423621.5983152,1.0740769794210792
1790423621.602926,1.0267769976053387
1790423621.6056983,1.0138140060007572
1790423621.6109204,1.3355810078792274
1790423621.613238,1.189414004329592
1790423621.618154,1.0888430115301162
1790423621.6254127,1.9068740075454116
1790423621.6258972,1.2904189934488386
1790423621.6283307,1.4738900063093752
1790423621.6288176,1.1029249872080982
1790423621.631024,1.0622930130921304
1790423621.6321225,1.0114990000147372
1790423621.6338363,0.957750016823411
1790423621.6450791,1.4317020250018686
1790423621.6475601,2.0531259942799807
1790423621.6483378,1.3204179995227605
1790423621.6484127,2.078351011732593
1790423621.66228,1.4585310127586126
1790423621.6640286,1.0931040160357952
1790423621.6733012,1.3862049963790923
1790423621.6791756,1.244151993887499
1790423621.6798348,1.2597249879036099
1790423621.6861877,1.2624470109585673
1790423621.690186,1.1704509961418808
1790423621.6958103,1.5348610177170485
1790423621.6965241,1.4308410172816366
1790423621.7067704,1.2363229761831462
1790423621.7078152,1.0369230003561825
1790423621.7110868,2.5486209779046476
1790423621.7111433,2.093932998832315
1790423621.711623,1.8607989768497646
1790423621.7133102,1.1661289900075644
1790423621.7151,1.2560189934447408
1790423621.7155862,1.2939769949298352
1790423621.717486,1.8355050124228
1790423621.7194083,3.140306012937799
1790423621.7195451,2.5537970068398863
1790423621.720757,2.021255000727251
1790423621.7208757,2.484852011548355
1790423621.7213778,1.5378289972431958
1790423621.7224293,1.0439990146551281
1790423621.7240307,1.101636007661
1790423621.7321036,1.1670379899442196
1790423621.7335172,1.1109359911642969
1790423621.7352505,1.2001940049231052
1790423621.7383444,1.0320289875380695
1790423621.74738,1.2350589968264103
1790423621.7528336,1.2201069912407547
1790423621.7605574,1.299380004638806
1790423621.7616382,1.071974984370172
1790423621.7630668,0.9878160199150443
1790423621.7654443,1.2072579993400723
1790423621.7673428,1.0508560226298869
1790423621.7799373,1.5268469869624823
1790423621.7983449,1.6694850055500865
1790423621.7988613,1.3561740051954985
1790423621.8045092,1.858290022937581
1790423621.804582,2.508035977371037
1790423621.804979,1.6307950136251748
1790423621.8093565,1.1164389725308865
1790423621.8109891,1.043121999828145
1790423621.8162832,1.1974250082857907
1790423621.817747,1.152675977209583
1790423621.8223162,1.1783649970311671
1790423621.828883,1.0669059993233532
1790423621.8334558,1.246250991243869
1790423621.8364131,2.863468980649486
1790423621.8372967,2.2831579844933003
1790423621.83809,4.0265279822051525
1790423621.838408,2.498910005670041
1790423621.8384736,3.0553249816875905
1790423621.8401344,1.4224399928934872
1790423621.8407948,1.0525329853408039
1790423621.8444886,1.1851250019390136
1790423621.8468032,1.295338006457314
1790423621.8484347,1.6211119946092367
1790423621.8506978,1.2864489981438965
1790423621.8525205,1.4621839800383896
1790423621.8529975,1.1345600069034845
1790423621.8539932,0.9889080247376114
1790423621.863112,1.8428239854983985
1790423621.8640344,1.3058100012131035
1790423621.8647676,1.3154930202290416
1790423621.8671682,1.3295619864948094
1790423621.8675776,1.0358099825680256
1790423621.8723533,1.0609530145302415
1790423621.873871,1.018021983327344
1790423621.8782003,1.390741002978757
1790423621.881766,1.1808999988716096
1790423621.8824112,1.3555589830502868
1790423621.8849056,1.0877150052692741
1790423621.8934665,1.8763630068860948
1790423621.898866,2.1788720041513443
1790423621.899865,2.6964150019921362
1790423621.90254,3.5006589896511286
1790423621.902653,3.2706609927117825
1790423621.902869,4.657966986997053
1790423621.902966,3.091942984610796
1790423621.9056118,2.2855680144857615
1790423621.9056644,1.7076910007745028
1790423621.9154348,1.6928169934544712
1790423621.9160287,1.2736599892377853
1790423621.9233353,1.4621969894506037
1790423621.9282336,1.112479978473857
1790423621.931847,1.3804610061924905
1790423621.933395,1.1574740055948496
1790423621.9347448,1.2034660030622035
1790423621.9375715,1.2636019964702427
1790423621.9427254,1.102954993257299
1790423621.9455147,1.0783929901663214
1790423621.9480195,1.6646790027152747
1790423621.9485734,1.3355610135477036
1790423621.955192,1.5438149857800454
1790423621.9629076,1.2384069850668311
1790423621.9683702,1.2659240164794028
1790423621.9731498,3.2823380024638027
1790423621.9733744,3.1820189906284213
1790423621.9734828,2.9159430123399943
1790423621.974295,2.021911001065746
1790423621.9749029,1.4113079814705998
1790423621.979197,1.2928600190207362
1790423621.9792483,1.777732977643609
1790423621.9830837,1.203310996061191
1790423621.9851847,1.6066509997472167
1790423621.9859138,1.1074830254074186
1790423621.9902472,1.096042018616572
1790423621.9923587,1.0122029925696552
1790423622.0002568,1.2143199855927378
1790423622.0035257,1.508671004557982
1790423622.0046506,1.1153249943163246
1790423622.0139885,1.8249900022055954
1790423622.014207,2.66621500486508
1790423622.020732,1.5618260076735169
1790423622.0213943,1.0687169851735234
1790423622.024242,1.2637150066439062
1790423622.0251453,2.568805997725576
1790423622.025235,1.725821988657117
1790423622.028171,1.7506610020063818
1790423622.028823,1.1767859978135675
1790423622.032049,1.092630991479382
1790423622.035598,1.0071670112665743
1790423622.039771,1.000226999167353
1790423622.043825,1.5108670049812645
1790423622.0446382,1.1444159899838269
1790423622.0484462,1.0653749923221767
1790423622.0573742,1.3663810095749795
1790423622.0596373,2.137198025593534
1790423622.06066,2.2266560117714107
1790423622.060717,1.4618569985032082
1790423622.0618052,0.9754459897521883
1790423622.070586,1.4712040137965232
1790423622.0710292,1.1936459923163056
1790423622.0740452,1.208806992508471
1790423622.0803733,2.1084509789943695
1790423622.0819397,2.9787230014335364
1790423622.0820267,2.361369988648221
1790423622.0837271,2.8997479821555316
1790423622.0838377,3.454684978350997
1790423622.084526,1.2608260149136186
1790423622.0953176,2.4067579943221062
1790423622.0953856,1.7214810068253428
1790423622.105587,2.004779002163559
1790423622.106453,1.7001749947667122
1790423622.1071503,1.0776359995361418
1790423622.1128643,1.2653589947149158
1790423622.1184247,1.3605279964394867
1790423622.1234426,1.1350720014888793
1790423622.130844,1.9684229919221252
1790423622.1315372,1.116137980716303
1790423622.1380806,1.50862499140203
1790423622.1426477,1.8024110177066177
1790423622.142731,2.223920979304239
1790423622.145761,2.166672988096252
1790423622.1458607,2.671412017662078
1790423622.146137,1.217285986058414
1790423622.1484203,1.0756510018836707
1790423622.1593053,1.3174369814805686
1790423622.1609316,1.0856080043595284
1790423622.1650274,1.7890730232466012
1790423622.1655357,1.5585799992550164
1790423622.166878,1.0281569848302752
1790423622.1726837,1.4657609863206744
1790423622.1727335,1.9219050009269267
1790423622.1782327,1.3481799978762865
1790423622.1809204,1.1531179770827293
1790423622.1968765,1.3909380068071187
1790423622.1995542,1.2066130002494901
1790423622.2028234,1.3813069963362068
1790423622.2032514,1.0579640220385045
1790423622.205615,1.0530870058573782
1790423622.2099495,1.1364149977453053
1790423622.2142715,1.2052470119670033
1790423622.217599,1.0731140209827572
1790423622.219911,1.0827419755514711
1790423622.2256489,1.587064005434513
1790423622.2265792,1.5882129955571145
1790423622.2303848,1.1136139801237732
1790423622.2347274,2.964768005767837
1790423622.234997,2.3554690124001354
1790423622.2351787,3.0111069791018963
1790423622.2355595,2.0592660002876073
1790423622.241629,2.074765012366697
1790423622.2417188,1.74444101867266
1790423622.2452295,1.812033005990088
1790423622.2452877,1.4628829958382994
1790423622.2496383,0.9919890144374222
1790423622.2619364,1.3179290108382702
1790423622.27441,1.6763879975769669
1790423622.2746768,2.4014599912334234
1790423622.2808983,1.580707001267001
1790423622.28143,1.2522730103228241
1790423625.8100703,2.5468470121268183
1790423625.810645,1.731208001729101
1790423625.813506,1.0277749970555305
1790423625.816517,1.0955900070257485
1790423625.8169549,1.0539909999351948
1790423625.8196929,1.8354000058025122
1790423625.8198879,2.8158529894426465
1790423625.8202956,2.7851030172314495
1790423625.8210602,1.1648150102701038
1790423625.8230438,1.1218090075999498
1790423625.8251271,1.174276985693723
1790423625.8258243,1.2901299924124032
1790423625.828222,1.0477860050741583
1790423625.830864,1.077584980521351
1790423625.8370094,1.5796519874129444
1790423625.8374612,1.1586380132939667
1790423625.839139,1.4002440148033202
1790423625.8504481,1.4845370023977011
1790423625.8508003,2.260687993839383
1790423625.8526034,1.0718739940784872
1790423625.8544717,1.5629249974153936
1790423625.8549101,1.0750609799288213
1790423625.859616,1.0496089817024767
1790423625.8631208,1.001101016299799
1790423625.869494,1.4152240182738751
1790423625.873695,1.0760129953268915
1790423625.8761666,1.061329006915912
1790423625.8779328,1.087748009013012
1790423625.8784046,1.0776820126920938
1790423625.883966,1.2395309749990702
1790423625.8873823,1.190871000289917
1790423625.8900516,1.0174709896091372
1790423625.8922637,1.5067879867274314
1790423625.8933165,1.7989420157391578
1790423625.8933804,2.163739991374314
1790423625.8991308,1.2992759875487536
1790423625.9033978,1.1198410065844655
1790423625.9158201,1.3579130172729492
1790423625.9257782,1.3125250115990639
1790423625.929666,2.304280991666019
1790423625.9297347,2.7923020243179053
1790423625.930004,1.6984950052574277
1790423625.93364,1.0438270110171288
1790423625.9387386,1.9470400002319366
1790423625.9426475,2.071167982649058
1790423625.9433503,2.5931900017894804
1790423625.9526432,1.3720099814236164
1790423625.9569492,1.081494992831722
1790423625.9586842,1.2718049983959645
1790423625.961388,1.5340610116254538
1790423625.9719315,1.9210430036764592
1790423625.9719872,2.5245329889003187
1790423625.9744618,1.1451170139480382
1790423625.9774234,1.126457005739212
1790423625.982063,1.4795280003454536
1790423625.9875953,2.727440994931385
1790423625.9879088,2.679544995771721
1790423625.9908464,1.4952339988667518
1790423625.9940047,1.2293839827179909
1790423625.9947236,1.3382309989538044
1790423626.0013611,1.3604490086436272
1790423626.0052323,1.099994988180697
1790423626.016105,1.1980200069956481
1790423626.0263016,1.404594979248941
1790423626.0281017,1.1585189786273986
1790423626.044729,2.2757000115234405
1790423626.0448143,2.289538999320939
1790423626.0484393,1.4611209917347878
1790423626.0524206,1.9242859852965921
1790423626.053084,1.3780230074189603
1790423626.054843,1.0283169976901263
1790423626.0598288,1.087674987502396
1790423626.0654974,1.9559520005714148
1790423626.0660446,1.970318000530824
1790423626.0675025,1.0730760113801807
1790423626.0738773,1.4481520047411323
1790423626.0743887,1.2497010175138712
1790423626.078154,1.30569699103944
1790423626.0856829,1.4284140197560191
1790423626.0934572,1.3805259950459003
1790423626.096632,1.4047689910512418
1790423626.0972016,1.3586030108854175
1790423626.0984929,1.0389320086687803
1790423626.1032135,3.2622239959891886
1790423626.103652,3.2607460161671042
1790423626.1037695,3.2656949770171195
1790423626.1041129,2.2627269790973514
1790423626.1070251,1.8232430156785995
1790423626.1082387,2.603739994810894
1790423626.1083033,2.16559597174637
1790423626.113662,1.2642709771171212
1790423626.117364,1.199546008137986
1790423626.1208875,1.1237020080443472
1790423626.1221924,1.192096999147907
1790423626.125587,1.517177006462589
1790423626.127687,2.0917360088787973
1790423626.128902,1.6469070105813444
1790423626.1289697,2.546897972933948
1790423626.1362736,1.4654690166935325
1790423626.137356,1.0744869941845536
1790423626.1398597,1.0439619945827872
1790423626.1472511,1.1926240113098174
1790423626.148719,1.064909010892734
1790423626.153832,1.2470970104914159
1790423626.1562192,1.368728990200907
1790423626.1613293,1.3455770094878972
1790423626.1662474,1.2295430060476065
1790423626.1695826,1.1193119862582535
1790423626.181773,1.8072230159305036
1790423626.1821883,1.385618990752846
1790423626.1843064,1.039996015606448
1790423626.1904585,1.2970140087418258
1790423626.192512,1.1836360208690166
1790423626.1929457,1.115468010539189
1790423626.202457,1.3259429833851755
1790423626.204042,1.1858479992952198
1790423626.2090347,1.4143679873086512
1790423626.210509,1.2979730090592057
1790423626.2196705,2.009615011047572
1790423626.2226174,1.55309698311612
1790423626.2278829,1.747877977322787
1790423626.2286158,1.4908190059941262
1790423626.2318254,1.126866991398856
1790423626.2349603,1.7138920084107667
1790423626.2357717,1.173754979390651
1790423626.2371662,1.045669981976971
1790423626.2415886,1.268033985979855
1790423626.2442384,1.0898959881160408
1790423626.2469997,1.0284279996994883
1790423626.248424,1.2210459972266108
1790423626.2498748,1.0925749957095832
1790423626.262923,1.775445998646319
1790423626.2648299,2.5713330251164734
1790423626.266894,3.782646992476657
1790423626.266986,2.7383979759179056
1790423626.267545,2.363605977734551
1790423626.2681417,2.401384001132101
1790423626.2691884,1.03995599783957
1790423626.2746317,1.0659460094757378
1790423626.2888288,1.7528370080981404
1790423626.289132,1.582980010425672
1790423626.2928798,1.131386001361534
1790423626.2938318,1.6135800105985254
1790423626.2944925,1.0719019919633865
1790423626.3019016,1.4460909878835082
1790423626.3051944,1.096192019758746
1790423626.307667,1.0815809946507215
1790423626.3086712,0.996426009805873
1790423626.3151999,5.461788998218253
1790423626.3153474,4.741096985526383
1790423626.316415,4.877321014646441
1790423626.3171487,4.660849983338267
1790423626.3172514,3.2919259974732995
1790423626.3173194,4.130008019274101
1790423626.3210692,2.1013309888076037
1790423626.3211272,1.7354059964418411
1790423626.324717,1.12274699495174
1790423626.3312552,1.4140359999146312
1790423626.3333197,1.1340219934936613
1790423626.3384986,1.0402970074210316
1790423626.3420217,1.4292690029833466
1790423626.345181,1.102207985240966
1790423626.3511357,1.9499299814924598
1790423626.3521345,2.2284160077106208
1790423626.3521817,1.5739910013508052
1790423626.3620896,1.440549996914342
1790423626.3632014,1.1029480083379894
1790423626.3654132,1.0294209932908416
1790423626.3696122,1.0737850097939372
1790423626.3738832,1.1702229967340827
1790423626.3759253,1.1156730179209262
1790423626.3789618,1.0591470054350793
1790423626.390214,2.3405009997077286
1790423626.3909688,1.8140509782824665
1790423626.3982887,1.9909550028387457
1790423626.3991063,1.1979450064245611
1790423626.4013102,1.3740019930992275
1790423626.4017363,1.135875005275011
1790423626.4028502,1.0341779852751642
1790423626.4111416,1.5274730103556067
1790423626.4118109,1.6005249926820397
1790423626.4138153,1.4321939961519092
1790423626.4191546,1.4521980192512274
1790423626.4250987,2.451921987812966
1790423626.4259896,2.385167987085879
1790423626.4260402,1.8954759871121496
1790423626.428768,1.0945970134343952
1790423626.4331772,1.5317990037146956
1790423626.433907,1.1331230052746832
1790423626.4352133,1.1544000008143485
1790423626.4455183,1.5065630141180009
1790423626.44561,2.0656089764088392
1790423626.4484117,1.7511799815110862
1790423626.4486592,1.636718981899321
1790423626.4507797,1.421521999873221
1790423626.4519787,1.052539999363944
1790423626.4634984,1.241758989635855
1790423626.4659724,1.6382109897676855
1790423626.4665637,1.7579830018803477
1790423626.4676332,1.0608900047373027
1790423626.4741325,1.4002090028952807
1790423626.478646,1.751247007632628
1790423626.481559,2.467193000484258
1790423626.484346,2.2343329910654575
1790423626.4847515,1.8073059909511358
1790423626.4848423,3.4242059919051826
1790423626.4872353,2.2134110040497035
1790423626.4881134,2.3720460012555122
1790423626.4881704,2.679144003195688
1790423626.4942536,1.6862970078364015
1790423626.5087433,2.29988299543038
1790423626.5095527,3.019247989868745
1790423626.510381,1.3233979989308864
1790423626.518412,2.606712019769475
1790423626.5184772,2.555587998358533
1790423626.5221708,1.4134820085018873
1790423626.5233319,1.1520429980009794
1790423626.526676,1.300316012930125
1790423626.5285501,1.2864299933426082
1790423626.5395236,1.9181720272172242
1790423626.5395968,2.4416490050498396
1790423626.5484562,2.008204988669604
1790423626.5485263,1.5636879834346473
1790423626.5504258,1.8254570022691041
1790423626.5504901,1.4562179858330637
1790423626.5626538,1.3962590019218624
1790423626.565221,1.1613150127232075
1790423626.5675564,1.0339280124753714
1790423626.5706184,1.705058995867148
1790423626.5714095,1.8964619957841933
1790423626.5718853,1.2573039857670665
1790423626.5768664,1.1418089852668345
1790423626.5816345,1.149057992734015
1790423626.5854368,1.3162940158508718
1790423626.590727,1.3887499808333814
1790423626.5942788,1.4869679871480912
1790423626.5950549,1.582650002092123
1790423626.5954604,1.174018019810319
1790423626.5984025,1.018056005705148
1790423626.6039214,1.253866998013109
1790423626.6055725,1.5443090233020484
1790423626.6063468,1.6494310111738741
1790423626.6068568,1.1999629787169397
1790423626.6150126,1.516806019935757
1790423626.616488,1.46217699511908
1790423626.618928,1.7319009930361062
1790423626.620569,1.628644997254014
1790423626.624075,1.2030990037601441
1790423626.6251163,1.0336870036553591
1790423626.6281908,1.2240129872225225
1790423626.6317675,1.183960004709661
1790423626.6353893,1.1868150031659752
1790423626.641718,1.21163998846896
1790423626.6475613,1.4825199905317277
1790423626.6479173,1.213522016769275
1790423626.6534579,1.4497630181722343
1790423626.6541536,2.618353988509625
1790423626.6548154,1.0721870057750493
1790423626.661787,1.2188790133222938
1790423626.6674855,1.5030810027383268
1790423626.6680095,1.2415839883033186
1790423626.670471,1.2012330116704106
1790423626.6715612,1.0820269817486405
1790423626.6743174,1.881264994153753
1790423626.6746047,1.7141989956144243
1790423626.6770775,1.0461079946253449
1790423626.6809497,1.3789049990009516
1790423626.6815171,1.2613009894266725
1790423626.6964169,1.3774409890174866
1790423626.6979425,1.5177180175669491
1790423626.701481,1.2744579871650785
1790423626.7034519,1.112222991650924
1790423626.704592,1.1305299995001405
1790423626.7107854,1.1770470009651035
1790423626.7157037,1.3515659957192838
1790423626.7275486,1.7315759905613959
1790423626.7285469,1.427948009222746
1790423626.7310646,1.8648469995241612
1790423626.7315466,1.4506169827654958
1790423626.7378056,1.9511109858285636
1790423626.7385957,1.2514220143202692
1790423626.7390041,1.9745879981201142
1790423626.7417078,1.093916012905538
1790423626.758865,1.691090001258999
1790423626.763534,1.4556619862560183
1790423626.7636058,2.035725978203118
1790423626.766334,1.0526590049266815
1790423626.7714922,1.1302089842502028
1790423626.776432,1.5660329954698682
1790423626.783061,1.1429940059315413
1790423626.7883942,1.170213014120236
1790423626.7981908,1.2535230198409408
1790423626.803057,2.9228329949546605
1790423626.803498,2.8153699822723866
1790423626.8046625,2.6648640050552785
1790423626.8047128,2.1275560138747096
1790423626.8115454,1.3630729808937758
1790423626.8248537,1.62592000560835
1790423626.8262239,1.362381997751072
1790423626.8266447,1.2911759840790182
1790423626.830142,1.12335299490951
1790423626.8329804,1.6210850153584033
1790423626.833288,2.252306992886588
1790423626.8349879,1.0566849960014224
1790423626.8407826,1.4055460051167756
1790423626.841621,1.6142829845193774
1790423626.842857,1.2289629958104342
1790423626.8435998,1.543638005387038
1790423626.852686,2.608569018775597
1790423626.8529632,2.336523000849411
1790423626.8530204,1.712008990580216
1790423626.8557782,1.07567899976857
1790423626.859838,1.2416399840731174
1790423626.862154,1.0639999818522483
1790423626.864013,1.0685750166885555
1790423626.8659728,1.1241920001339167
1790423626.8664494,1.1201119923498482
1790423626.871845,2.169628976844251
1790423626.8721795,1.9337909761816263
1790423626.8726106,1.753625983837992
1790423626.881362,1.4745940279681236
1790423626.884821,1.5933990071061999
1790423626.8850567,2.2467480157501996
1790423626.8923361,1.4791699941270053
1790423626.9000647,1.3829180097673088
1790423626.9057474,1.2844590237364173
1790423626.9086468,1.1023379920516163
1790423626.9155257,1.2588660174515098
1790423626.9240017,2.038937993347645
1790423626.9251053,1.5274460020009428
1790423626.9251738,2.3984709987416863
1790423626.9276907,1.7718029848765582
1790423626.927783,2.2647530131507665
1790423626.9280863,1.4385529793798923
1790423626.932225,1.497457007644698
1790423626.9341505,1.4271550171542913
1790423626.934604,1.1823859822470695
1790423626.936248,0.9967670193873346
1790423626.941197,1.1408060090616345
1790423626.9435017,0.9633149893488735
1790423626.956638,2.1837509993929416
1790423626.956702,1.8179350008722395
1790423626.9601593,1.6114330210257322
1790423626.962034,2.2549300047103316
1790423626.9620836,1.6381280147470534
1790423626.9633684,1.193192001665011
1790423626.9776044,2.7704370149876922
1790423626.977681,1.9266140006948262
1790423626.9867039,1.0960859945043921
1790423626.9925544,1.8804130086209625
1790423626.998628,2.0252949907444417
1790423626.9986808,1.6214910137932748
1790423627.00636,1.548314990941435
1790423627.0071955,1.5043629973661155
1790423627.0130944,1.5642140060663223
1790423627.0135744,1.1811459844466299
1790423627.0222433,2.8899960161652416
1790423627.0238528,3.9406490104738623
1790423627.024328,3.8962789985816926
1790423627.0244274,2.8252149932086468
1790423627.0249012,1.6563520184718072
1790423627.0267107,1.0574720217846334
1790423627.0295477,2.124152990290895
1790423627.0308564,2.7273560117464513
1790423627.030952,2.0342750067356974
1790423627.0313063,1.339220005320385
1790423627.0355527,1.983952010050416
1790423627.0356033,1.5907820197753608
1790423627.0457637,1.4950030017644167
1790423627.0462697,1.2363629939500242
1790423627.0513377,1.3208509772084653
1790423627.053748,1.3093400048092008
1790423627.0552173,1.12241500755772
1790423627.0593488,1.700569991953671
1790423627.0595937,1.6224109858740121
1790423627.0638952,1.9326689944136888
1790423627.0657127,1.3222410052549094
1790423627.06683,1.0354949918109924
1790423627.0711024,1.2313209881540388
1790423627.0740564,1.0506980179343373
1790423627.0764606,1.319745002547279
1790423627.0773733,1.5978029987309128
1790423627.0816243,1.1396250047255307
1790423627.0876107,1.1878970253746957
1790423627.090134,2.428253006655723
1790423627.090229,2.0565350132528692
1790423627.0905766,2.048985013971105
1790423627.0917752,1.081360998796299
1790423627.0933344,1.0723530140239745
1790423627.098968,1.5886299952398986
1790423627.1004689,2.365446009207517
1790423627.1013129,2.1543389884755015
1790423627.101549,1.590236002812162
1790423627.1047297,1.0162369871977717
1790423627.1082814,1.1642290046438575
1790423627.1126707,1.1472500045783818
1790423627.1215982,1.5736909990664572
1790423627.1221483,1.4111440104898065
1790423627.1284704,1.0851419938262552
1790423627.1470883,4.49595699319616
1790423627.1471457,3.464109991909936
1790423627.1476336,3.567506995750591
1790423627.1480246,4.856204992393032
1790423627.1480758,3.1223740079440176
1790423627.1508203,1.3111209846101701
1790423627.155419,1.11792900133878
1790423627.1615696,1.3683660072274506
1790423627.1634269,1.2590369733516127
1790423627.165982,1.0619779932312667
1790423627.1677532,1.1007929861079901
1790423627.1681442,1.0121469967998564
1790423627.1776738,1.9119289936497808
1790423627.1779826,1.5453899977728724
1790423627.1797652,1.0384719935245812
1790423627.1835637,1.4546799939125776
1790423627.1842093,1.0115309851244092
1790423627.1908002,1.2164899962954223
1790423627.193544,2.1782929834444076
1790423627.1936073,1.6378129948861897
1790423627.2015922,1.417973981006071
1790423627.2080774,1.4211389934644103
1790423627.2124817,1.4584820019081235
1790423627.2125397,1.9531169964466244
1790423627.215953,1.0737800039350986
1790423627.217512,1.0305269970558584
1790423627.2228692,1.2542069889605045
1790423627.2364252,3.7003970064688474
1790423627.2365048,4.239357978804037
1790423627.2366393,3.206165012670681
1790423627.2371423,3.181699983542785
1790423627.237196,2.5425360072404146
1790423627.2383645,1.0881900088861585
1790423627.24165,2.0660269947256893
1790423627.2425013,1.3542179949581623
1790423627.2425826,2.118395990692079
1790423627.246501,1.0697479883674532
1790423627.255688,1.392939011566341
1790423627.256144,1.2467839987948537
1790423627.2774625,1.9554150057956576
1790423627.278193,1.563111989526078
1790423627.281426,1.5829299809411168
1790423627.2854767,1.4405980182345957
1790423627.2874086,1.1768360272981226
1790423627.2890987,1.383188006002456
1790423627.2895913,1.3032839924562722
1790423627.293357,1.7572799988556653
1790423627.2942634,1.6202499973587692
1790423627.2950325,1.352032006252557
1790423627.297495,1.5714939800091088
1790423627.2980173,1.2033500242978334
1790423627.2997963,1.224322011694312
1790423627.301733,1.2390030024107546
1790423627.302801,1.0593509941827506
1790423627.3048735,1.0251420026179403
1790423627.3096154,2.0796979952137917
1790423627.3105986,1.7943489947356284
1790423627.310703,2.3497359943576157
1790423627.3131158,1.1130250059068203
1790423627.3172708,1.228615001309663
1790423627.320431,1.6298870032187551
1790423627.3213193,1.6249289910774678
1790423627.3248308,1.1532979842741042
1790423627.3306894,1.2416069803293794
1790423627.3321836,1.230146997841075
1790423627.3450704,1.280808006413281
1790423627.3521333,2.238387009128928
1790423627.3521874,1.5805650036782026
1790423627.3601625,1.1922460107598454
1790423627.3664582,1.6324690077453852
1790423627.3704925,1.5435509849339724
1790423627.374243,2.092860988341272
1790423627.3743865,2.76999399648048
1790423627.374629,1.745529007166624
1790423627.3801658,1.4486669970210642
1790423627.3834813,1.626916986424476
1790423627.3968177,2.554831007728353
1790423627.3992445,2.2587480198126286
1790423627.4022312,2.4376719957217574
1790423627.4024136,3.31181101500988
1790423627.4051893,2.195072011090815
1790423627.4052675,2.843408001353964
1790423627.4100585,4.144837002968416
1790423627.4110458,4.569990007439628
1790423627.4119873,6.961239007068798
1790423627.413066,4.3934540008194745
1790423627.413539,6.092626979807392
1790423627.4141653,4.094078001799062
1790423627.41422,3.463606000877917
1790423627.4208739,2.016568003455177
1790423627.420959,2.747119026025757
1790423627.4256263,2.4677890178281814
1790423627.4259632,1.9012859847862273
1790423627.4295309,2.0507540029939264
1790423627.430031,3.043742006411776
1790423627.4310477,1.5070500085130334
1790423627.4340222,1.8909850041382015
1790423627.4356503,2.048219001153484
1790423627.4379418,3.561954014003277
1790423627.4390554,3.144282993162051
1790423627.4392643,4.074578988365829
1790423627.4404309,2.476869005477056
1790423627.4405375,3.563022008165717
1790423627.4423888,1.4210670196916908
1790423627.4466932,2.9641050205100328
1790423627.447418,2.20167898805812
1790423627.4480379,2.4542199971619993
1790423627.4481106,3.4664919949136674
1790423627.4579034,3.4276089863851666
1790423627.4583633,4.719054006272927
1790423627.4586308,4.853325022850186
1790423627.4596715,3.1278390088118613
1790423627.4597354,1.821784011553973
1790423627.4613008,1.3024199870415032
1790423627.4624107,1.101606001611799
1790423627.4685287,1.767766021657735
1790423627.4699702,1.4299860049504787
1790423627.4752328,1.6559240175411105
1790423627.481584,2.2794060059823096
1790423627.482191,1.5565759968012571
1790423627.483812,1.6119329957291484
1790423627.4842842,1.1952810164075345
1790423627.487626,1.6324679891113192
1790423627.4883816,1.4072520134504884
1790423627.4899578,1.1194059916306287
1790423627.4922562,1.372539991280064
1790423627.4972088,1.7462840187363327
1790423627.501878,2.8780339926015586
1790423627.5020888,2.56945300498046
1790423627.5025957,1.7314130091108382
1790423627.505456,1.9609539886005223
1790423627.506398,1.8105590133927763
1790423627.5072973,1.5673589950893074
1790423627.509206,1.342195988399908
1790423627.5134366,1.983919006306678
1790423627.5143478,2.062698971712962
1790423627.5154994,2.049437985988334
1790423627.5162046,1.5105110069271177
1790423627.5180407,1.6133739845827222
1790423627.5267305,2.918662008596584
1790423627.526843,2.4876499956008047
1790423627.5345287,1.7948930035345256
1790423627.5373034,1.4279460010584444
1790423627.5392199,1.4684679917991161
1790423627.5403388,1.8676579929888248
1790423627.5472543,2.777332003461197
1790423627.5473726,2.8089609986636788
1790423627.5535278,1.6834380221553147
1790423627.5580878,1.4917179942131042
1790423627.5616467,1.356549997581169
1790423627.564274,1.583578996360302
1790423627.568495,1.8511659873183817
1790423627.5704362,1.7354290175717324
1790423627.5764732,2.2718590043950826
1790423627.5809815,2.4131429963745177
1790423627.5813782,1.4849959989078343
1790423627.584368,1.561611017677933
1790423627.5844672,2.2021670010872185
1790423627.586026,1.0530930012464523
1790423627.5890207,1.0628770105540752
1790423627.5918522,1.0702839936129749
1790423627.593705,1.24377800966613
1790423627.5941038,2.049665985396132
1790423627.6009095,1.7602209991309792
1790423627.601395,1.1745280062314123
1790423627.605174,1.0245179873891175
1790423627.6068642,1.0503079975023866
1790423627.6083066,1.1390100116841495
1790423627.6089342,1.2601990019902587
1790423627.6108253,1.419067004462704
1790423627.6115818,1.4860779920127243
1790423627.6146245,1.0336689883843064
1790423627.6180978,1.008338003885001
1790423627.6266851,2.4381410039495677
1790423627.6298373,1.179468003101647
1790423627.6399796,1.1548849870450795
1790423627.6440027,1.2479900033213198
1790423627.645524,1.1042569822166115
1790423627.6481242,1.0741880105342716
1790423627.6537578,1.0597519867587835
1790423627.6559756,1.5805760049261153
1790423627.6568267,1.6533199814148247
1790423627.6617506,1.0863129864446819
1790423627.6725523,1.508432993432507
1790423627.6814215,1.2507500068750232
1790423627.683347,1.0789090010803193
1790423627.6866267,1.1273240088485181
1790423627.7057264,2.527364995330572
1790423627.7057996,2.012509008636698
1790423627.707264,1.0722570004872978
1790423627.7150884,1.1796040053013712
1790423627.7167642,1.0662479908205569
1790423627.7283823,2.3797699832357466
1790423627.7287233,2.262571011669934
1790423627.7289712,2.0006179984193295
1790423627.7323725,1.1302519997116178
1790423627.7342765,1.8239240162074566
1790423627.735078,1.151756994659081
1790423627.7379687,1.0777729912661016
1790423627.7403104,1.1031870089937001
1790423627.7492192,1.915493980050087
1790423627.7499192,1.5411879867315292
1790423627.759355,3.1600889924447984
1790423627.759586,3.7757249956484884
1790423627.760641,2.8183740214444697
1790423627.762709,3.3428589813411236
1790423627.7628055,4.241646995069459
1790423627.7638414,2.7153209957759827
1790423627.7639096,2.101198013406247
1790423627.7662323,1.5422360156662762
1790423627.7669592,1.1385180114302784
1790423627.7743974,1.2714170152321458
1790423627.781669,1.3782680034637451
1790423627.7835016,1.1260429746471345
1790423627.7903714,1.3500600180123001
1790423627.7928169,1.132200995925814
1790423627.7935674,1.323967007920146
1790423627.795589,1.4250109961722046
1790423627.7961357,1.4041480026207864
1790423627.7976234,1.4802899968344718
1790423627.7982469,1.0046320094261318
1790423627.8006692,1.2613529979716986
1790423627.8024557,1.1003190011251718
1790423627.8054304,1.0606760042719543
1790423627.8144848,1.685471972450614
1790423627.8150172,1.5694480098318309
1790423627.8166156,1.1376670154277235
1790423627.8180406,1.3179260131437331
1790423627.8209543,2.77427100809291
1790423627.8210251,3.610738000134006
1790423627.8223279,2.179708011681214
1790423627.823106,3.711359982844442
1790423627.8232353,1.975692983251065
1790423627.8235555,1.2205210223328322
1790423627.8320951,2.3886389972176403
1790423627.8322206,2.0403160015121102
1790423627.8333268,1.0976209887303412
1790423627.8385484,1.2438650010153651
1790423627.84073,1.8043969757854939
1790423627.8410237,2.577838982688263
1790423627.8419414,2.376100979745388
1790423627.8426888,1.2931590026710182
1790423627.8459573,2.127177023794502
1790423627.8474324,2.399757009698078
1790423627.8478465,1.7643670144025236
1790423627.8482938,1.3893220166210085
1790423627.8507397,1.257313007954508
1790423627.8520555,1.1750810081139207
1790423627.8542073,1.1166190088260919
1790423627.8554432,1.1351810244377702
1790423627.8586888,2.18226300785318
1790423627.8600059,1.3056460011284798
1790423627.861916,1.6556750051677227
1790423627.862394,1.3752169907093048
1790423627.8699098,1.3251999916974455
1790423627.8800738,1.635749009437859
1790423627.884373,1.2411159987095743
1790423627.888591,2.2388260113075376
1790423627.8891037,2.066528017167002
1790423627.8915715,1.117336010793224
1790423627.896183,2.8346829931251705
1790423627.8970122,3.2205710012931377
1790423627.8974216,3.0127569916658103
1790423627.8975184,2.0576319948304445
1790423627.8977687,1.5778780216351151
1790423627.9014535,1.0448200046084821
1790423627.911668,1.9242140115238726
1790423627.9117255,2.4321289965882897
1790423627.9183826,3.6636169825214893
1790423627.9184923,3.1210759771056473
1790423627.9187298,4.43357799667865
1790423627.9194782,3.6125030019320548
1790423627.9201264,4.037787992274389
1790423627.9209354,1.444252993678674
1790423627.9311926,2.5627450086176395
1790423627.9317536,1.5615430020261556
1790423627.9357018,1.4813210000284016
1790423627.9397879,1.1926539882551879
1790423627.9463007,1.8176109879277647
1790423627.9477193,1.4088290045037866
1790423627.9499614,2.1340259991120547
1790423627.9526577,3.970580000896007
1790423627.9535267,4.042696004034951
1790423627.9552996,3.558341006282717
1790423627.9556193,2.9535760113503784
1790423627.9563563,4.246450989739969
1790423627.9564133,2.8791560034733266
1790423627.9782753,2.013306977460161
1790423627.9937086,2.6345590013079345
1790423627.994683,2.3838850029278547
1790423627.9985986,3.793866984779015
1790423627.9993489,3.0149899830576032
1790423628.0009155,5.474264005897567
1790423628.0010135,3.1932950078044087
1790423628.0012443,4.237524990458041
1790423628.0015533,2.193381980760023
1790423628.0019705,1.5594599826727062
1790423628.006797,1.234994997503236
1790423628.010561,1.3038179895374924
1790423628.0119865,1.4165710017550737
1790423628.0125344,1.4911110047250986
1790423628.0297549,4.028087016195059
1790423628.030088,5.609607003862038
1790423628.0313365,6.146152998553589
1790423628.0317712,3.0041339923627675
1790423628.0323815,4.926099005388096
1790423628.0325122,2.5141620135400444
1790423628.038433,1.4058559900149703
1790423628.0431843,1.5259310021065176
1790423628.0488663,2.3515020147897303
1790423628.0489635,2.03624099958688
1790423628.054268,1.489152986323461
1790423628.059933,2.8288499743212014
1790423628.0613039,3.083229996263981
1790423628.0616949,1.7503730196040124
1790423628.06179,2.949825022369623
1790423628.066313,1.4388389827217907
1790423628.070064,2.1642209903802723
1790423628.0724173,2.9721739992965013
1790423628.0728054,4.249834979418665
1790423628.074301,2.7550189988687634
1790423628.075002,2.1841790003236383
1790423628.075081,4.411006986629218
1790423628.0773351,2.139785996405408
1790423628.0779305,1.4779180055484176
1790423628.0814548,1.79556300281547
1790423628.0822475,1.5642399957869202
1790423628.0850847,1.417794992448762
1790423628.0945997,3.336748981382698
1790423628.0946884,2.849279990186915
1790423628.1000407,2.3300480097532272
1790423628.1009972,1.9676450174301863
1790423628.1062176,1.8915710097644478
1790423628.1092477,2.2593380126636475
1790423628.1110883,3.2652369991410524
1790423628.1112351,2.4800460087135434
1790423628.1124477,2.7747249987442046
1790423628.1133847,1.403411995852366
1790423628.1171477,2.74233499658294
1790423628.117355,2.423183002974838
1790423628.1181262,1.564000005600974
1790423628.120164,1.8200410122517496
1790423628.121848,1.811141992220655
1790423628.124609,1.343700016150251
1790423628.1344833,1.716828002827242
1790423628.1435137,2.437903021927923
1790423628.143591,3.0876790115144104
1790423628.1556582,2.0605009922292084
1790423628.1624546,3.982335008913651
1790423628.1625185,3.354707994731143
1790423628.1640406,3.808533976553008
1790423628.164116,4.882175999227911
1790423628.1649418,1.943298993865028
1790423628.1670506,1.4272670086938888
1790423628.1707008,3.4879689919762313
1790423628.1707606,3.117575019132346
1790423628.1712284,2.224208990810439
1790423628.1716473,1.69717101380229
1790423628.1733966,1.1076320079155266
1790423628.174484,1.080264017218724
1790423628.17645,1.2082020111847669
1790423628.1860332,1.3575009943451732
1790423628.1864622,1.2372680066619068
1790423628.1876302,1.0451709968037903
1790423628.1887736,1.029870007187128
1790423628.1938267,1.214337011333555
1790423628.196162,1.206348999403417
1790423628.196668,1.1846289853565395
1790423628.1981802,1.1576249962672591
1790423628.203566,1.1316189775243402
1790423628.2085068,1.2608929828274995
1790423628.2197042,1.6096729959826916
1790423628.2218215,1.1455950152594596
1790423628.2239368,1.1052880145143718
1790423628.2249756,1.030881016049534
1790423628.2323503,2.64048099052161
1790423628.2330875,1.7325420049019158
1790423628.2370226,1.197937992401421
1790423628.2405386,1.1984389857389033
1790423628.2421691,1.1520140105858445
1790423628.2454162,1.3156149943824857
1790423628.2529485,2.183022996177897
1790423628.253783,1.2606820091605186
1790423628.2596564,2.420745004201308
1790423628.265047,2.322183980140835
1790423628.2705438,3.126517025521025
1790423628.2706363,3.309421008452773
1790423628.2748594,2.0550280169118196
1790423628.279052,2.393264992861077
1790423628.2791693,3.099093009950593
1790423628.2848496,3.7407999916467816
1790423628.284949,2.8368450002744794
1790423628.299026,1.9388769869692624
1790423628.3026426,1.3236169761512429
1790423628.3052876,1.1664360063150525
1790423628.3088756,1.7493769992142916
1790423628.3155746,2.8328059997875243
1790423628.3283856,3.8657770201098174
1790423628.3286788,3.2863140222616494
1790423628.3308742,2.1792890038341284
1790423628.3385947,3.5074369807261974
1790423628.3387396,4.591678996803239
1790423628.3402526,2.211821003584191
1790423628.3406172,1.6522780060768127
1790423628.341334,1.4814219903200865
1790423628.343107,1.413240999681875
1790423628.3437278,1.344855991192162
1790423628.3494165,2.328576985746622
1790423628.350389,1.8702770175877959
1790423628.360093,3.4950760018546134
1790423628.361197,3.5071180027443916
1790423628.3614573,5.352005013264716
1790423628.3617601,4.689252004027367
1790423628.3624516,4.264449991751462
1790423628.362865,3.127745003439486
1790423628.3629196,4.177064984105527
1790423628.364221,1.0794010013341904
1790423628.3668444,1.5033459931146353
1790423628.3677711,1.3166730059310794
1790423628.372197,1.0564849944785237
1790423628.3786855,1.1647689971141517
1790423628.3843927,1.1105960002169013
1790423628.390907,1.7836120096035302
1790423628.3924222,1.2100499880034477
1790423628.3957813,1.3268940092530102
1790423628.4063618,8.96054899203591
1790423628.40645,9.609482018277049
1790423628.4065208,7.599493983434513
1790423628.4066136,8.556933025829494
1790423628.4066713,4.212264000670984
1790423628.4107554,1.4103220019023865
1790423628.4152,1.5485720068681985
1790423628.4173172,1.3361739984247833
1790423628.4275131,1.9904529908671975
1790423628.4277909,1.8362189875915647
1790423628.4278836,2.8698270034510642
1790423628.4333105,1.3604260166175663
1790423628.4405594,1.8998890009243041
1790423628.4419324,2.208621008321643
1790423628.4419868,2.7187580126337707
1790423628.4423037,1.5207020041998476
1790423628.4435666,0.9887240012176335
1790423628.4461837,1.0678429971449077
1790423628.4564052,1.2315420026425272
1790423628.459223,1.4137350081000477
1790423628.4596949,1.1148049961775541
1790423628.4689188,1.35359400883317
1790423628.4706008,1.2099049927201122
1790423628.478145,1.7196919943671674
1790423628.4826775,2.2350439976435155
1790423628.4836447,2.4755990016274154
1790423628.4863818,1.6226809821091592
1790423628.486502,2.178917988203466
1790423628.4959674,2.4065100005827844
1790423628.4987273,1.4340519846882671
1790423628.5019467,1.3447170204017311
1790423628.505043,1.2475749826990068
1790423628.507811,1.2862019939348102
1790423628.5130947,1.9250010082032531
1790423628.5131526,2.4107499921228737
1790423628.5155015,1.1693960113916546
1790423628.5180254,1.2482040037866682
1790423628.5212677,2.4270080029964447
1790423628.5226262,3.3279400086030364
1790423628.524146,3.722182009369135
1790423628.5242226,3.225892985938117
1790423628.5244632,2.524757001083344
1790423628.5332866,2.5627319992054254
1790423628.533739,2.5583500100765377
1790423628.5338025,1.6191260074265301
1790423628.5415237,1.9505620002746582
1790423628.5423017,1.1950450134463608
1790423628.5455327,1.448422990506515
1790423628.546035,1.1808290146291256
1790423628.5470235,0.9808839822653681
1790423628.549048,1.0025379888247699
1790423628.5530698,1.2870659993495792
1790423628.5596013,1.4937340165488422
1790423628.5602696,1.0812630061991513
1790423628.5618994,1.1786660179495811
1790423628.562324,1.1021069949492812
1790423628.5713098,1.4179919962771237
1790423628.5717585,1.0993339819833636
1790423628.5769866,1.060688984580338
1790423628.58401,1.4795669994782656
1790423628.588641,1.4456839999184012
1790423628.589211,1.2671249860432
1790423628.5904047,1.186209003208205
1790423628.5909097,1.2483160244300961
1790423628.5923355,0.9964159980881959
1790423628.5954912,1.2705910194199532
1790423628.5989506,1.109673990868032
1790423628.60129,1.1732160055544227
1790423628.6035557,1.0508369887247682
1790423628.6061587,1.00897898664698
1790423628.607868,1.022284006467089
1790423628.6099527,1.7528390162624419
1790423628.6155488,1.7841549997683614
1790423628.615606,2.266797993797809
1790423628.6267676,2.036289981333539
1790423628.6268554,1.6052990104071796
1790423628.62892,1.548950996948406
1790423628.6295636,1.403557980665937
1790423628.6348639,2.8753970109391958
1790423628.635618,2.3808710102457553
1790423628.6409636,1.8659129855223
1790423628.6421237,1.5762030088808388
1790423628.642809,1.3733130181208253
1790423628.6443684,1.0226400045212358
1790423628.6491494,1.0705110034905374
1790423628.6532805,1.593074994161725
1790423628.654048,1.1445349955465645
1790423628.6558967,0.9804019937291741
1790423628.6597147,0.9651650034356862
1790423628.6627786,1.5999700117390603
1790423628.6632805,1.1770289856940508
1790423628.6659975,1.2145630025770515
1790423628.668698,1.112174999434501
1790423628.6727018,1.053515006788075
1790423628.683483,3.0552810057997704
1790423628.684505,2.8188389842398465
1790423628.684811,2.171481988625601
1790423628.6952732,2.1558509906753898
1790423628.6986313,1.4643500035163015
1790423628.7009063,1.473473006626591
1790423628.7066092,1.840651995735243
1790423628.710442,1.9499410118442029
1790423628.7139103,1.5725030098110437
1790423628.7187636,1.8586139776743948
1790423628.7258034,1.784493972081691
1790423628.7323756,3.3715330064296722
1790423628.7326956,4.271946003427729
1790423628.7331002,3.3412999764550477
1790423628.7337554,2.6612549845594913
1790423628.7338278,3.525446983985603
1790423628.7352931,1.0785420017782599
1790423628.7423015,1.6339030116796494
1790423628.742399,2.321184001630172
1790423628.744977,2.3554560029879212
1790423628.7451286,2.050424984190613
1790423628.7454932,1.2684630055446178
1790423628.748915,1.1054339993279427
1790423628.7522478,2.0495429926086217
1790423628.7522967,1.6682110144756734
1790423628.7547224,1.8890289939008653
1790423628.754798,1.5831740165594965
1790423628.7572365,1.0333939862903208
1790423628.7684703,1.3011500122956932
1790423628.7752066,1.6068340046331286
1790423628.7756119,1.1538029939401895
1790423628.7813325,1.5938389988150448
1790423628.78173,1.2656280014198273
1790423628.7846909,1.3357990246731788
1790423628.7849503,1.9175310153514147
1790423628.7869267,1.4735620061401278
1790423628.78736,1.1645290069282055
1790423628.7929275,1.8391729972790927
1790423628.793729,1.6462899802718312
1790423628.7937884,2.0274650014471263
1790423628.804099,1.5139640017878264
1790423628.805836,1.1874490010086447
1790423628.8085601,1.0206990118604153
1790423628.8119192,1.2968829832971096
1790423628.813964,1.1834110191557556
1790423628.818227,1.3654810027219355
1790423628.8249195,1.154060009866953
1790423628.849805,1.6392560210078955
1790423628.8507462,1.667098986217752
1790423628.8655913,1.2794630019925535
1790423628.8708272,1.3699359842576087
1790423628.872849,1.1083479912485927
1790423628.8740969,1.026918995194137
1790423628.8758981,1.0129089932888746
1790423628.8857882,1.2434200034476817
1790423628.8865418,1.4489199966192245
1790423628.88889,1.0587660071905702
1790423628.8908896,1.1382549710106105
1790423628.8984015,1.9558790081646293
1790423628.902214,1.7582930158823729
1790423628.9042234,1.6547210107091814
1790423628.9051805,1.3558770006056875
1790423628.9074388,2.0470480085350573
1790423628.9074998,1.7016440106090158
1790423628.9145384,1.2980729807168245
1790423628.9167058,1.1895759962499142
1790423628.930017,1.4715160068590194
1790423628.9312243,1.851001987233758
1790423628.9316494,1.1249119997955859
1790423628.9425106,4.63222898542881
1790423628.9435885,1.532356982352212
1790423628.9436698,4.6445910120382905
1790423628.9483263,1.0776810231618583
1790423628.9525473,1.072043989552185
1790423628.9584775,1.5438139962498099
1790423628.960122,3.63752301200293
1790423628.9605255,3.083189978497103
1790423628.9606726,1.9105309911537915
1790423628.9609478,1.3201840047258884
1790423628.9621074,1.0091659787576646
1790423628.9706917,1.4869179867673665
1790423628.9711533,1.3683480210602283
1790423628.977848,1.1082070122938603
1790423628.9927971,1.3471439888235182
1790423628.9991772,1.7176220135297626
1790423629.0026188,1.2526260106824338
1790423629.004118,1.0440390033181757
1790423629.0071309,1.0165009880438447
1790423629.0111735,1.2194040173199028
1790423629.0149164,1.0652030177880079
1790423629.0196087,1.2766089930664748
1790423629.020028,1.1325870000291616
1790423629.0274274,1.1367659899406135
1790423629.0306287,1.1806160036940128
1790423629.039442,1.445294008590281
1790423629.0449598,1.4249499945435673
1790423629.0496545,2.3671990202274173
1790423629.049719,1.856721006333828
1790423629.0675097,2.3538639943581074
1790423629.0685558,2.273449004860595
1790423629.0696054,1.9104400125797838
1790423629.0701575,1.4527539897244424
1790423629.0732489,2.031234005698934
1790423629.0733669,2.543773007346317
1790423629.073705,1.3919089979026467
1790423629.0752888,1.0280709830112755
1790423629.0782654,1.0748269851319492
1790423629.0804486,1.242702011950314
1790423629.0832126,1.5652989968657494
1790423629.0845637,1.3436320004984736
1790423629.084622,1.864226011093706
1790423629.086214,1.0652990022208542
1790423629.0872176,0.9956209978554398
1790423629.0892406,0.9772990015335381
1790423629.0937505,1.7522890120744705
1790423629.0938272,1.422048982931301
1790423629.0951474,1.077013002941385
1790423629.097661,1.0415000142529607
1790423629.0995984,1.041187992086634
1790423629.111013,2.1040260035078973
1790423629.1118658,2.323119988432154
1790423629.1120925,1.6475679876748472
1790423629.1204498,1.346206001471728
1790423629.124746,1.4826649858150631
1790423629.1248267,1.9959189812652767
1790423629.1285503,1.3306239852681756
1790423629.1327536,1.0710079804994166
1790423629.1346736,1.0499449854250997
1790423629.1389124,1.5357270021922886
1790423629.1391253,1.3211129989940673
1790423629.1412053,1.6841530159581453
1790423629.1426835,1.188513997476548
1790423629.1464696,1.0502820077817887
1790423629.1491652,1.005906000500545
1790423629.151334,1.4058910019230098
1790423629.1517987,1.055091997841373
1790423629.1571639,1.6500460042152554
1790423629.1593912,1.0762920137494802
1790423629.1662676,1.7192449886351824
1790423629.1666489,1.6266469901893288
1790423629.1670322,1.1932440102100372
1790423629.169912,1.0821769828908145
1790423629.1716087,1.1698129819706082
1790423629.174016,1.7469279991928488
1790423629.1741118,1.3994649925734848
1790423629.175381,1.019964984152466
1790423629.182778,0.9991629922296852
1790423629.1842875,1.3484240043908358
1790423629.1855264,1.9458339957054704
1790423629.1896832,1.3490539859049022
1790423629.1897378,1.9266229937784374
1790423629.1976986,1.0031170095317066
1790423629.2053723,1.3010459952056408
1790423629.2080486,1.193156000226736
1790423629.2085583,1.1246619978919625
1790423629.2129812,1.1182409944012761
1790423629.218242,1.756874000420794
1790423629.2216377,1.1891280009876937
1790423629.2301142,1.6592680185567588
1790423629.2308283,1.5977299772202969
1790423629.232573,1.0834929998964071
1790423629.2443106,1.2843330041505396
1790423629.2486436,1.2808369938284159
1790423629.250512,1.2100279855076224
1790423629.258748,1.5679780044592917
1790423629.2645867,1.6077900072559714
1790423629.274917,1.7172009975183755
1790423629.275406,2.8768909978680313
1790423629.2761343,1.0836930014193058
1790423629.2785025,1.5657850017305464
1790423629.2787933,1.430606993380934
1790423629.2801666,1.364200987154618
1790423629.2817855,1.0287500044796616
1790423629.3032603,4.253033985150978
1790423629.3034942,2.5334039819426835
1790423629.303587,3.9500239945482463
1790423629.3041208,1.411059987731278
1790423629.3075383,1.8592039996292442
1790423629.307593,1.4967490278650075
1790423629.3158643,1.1813610035460442
1790423629.3242579,1.4949839969631284
1790423629.3276474,1.2468519853428006
1790423629.334072,1.4555199886672199
1790423629.3505535,3.376277018105611
1790423629.3506896,2.4855850206222385
1790423629.3570986,2.011589996982366
1790423629.3600445,2.7052149816881865
1790423629.3601086,1.8639529880601913
1790423629.3618314,1.6084140224847943
1790423629.3624084,1.250511995749548
1790423629.3673036,1.0373980039730668
1790423629.3716004,1.1744440125767142
1790423629.3771515,1.3130540028214455
1790423629.3784745,1.06494699139148
1790423629.3847961,2.1946000051684678
1790423629.385847,1.8590359832160175
1790423629.3858972,2.474403998348862
1790423629.389468,3.0026609892956913
1790423629.3907068,3.84934400790371
1790423629.3908098,2.1655280143022537
1790423629.391526,1.5669800050090998
1790423629.3950186,1.031016989145428
1790423629.3977363,0.989435997325927
1790423629.4024572,1.0779720032587647
1790423629.4105132,1.7081469995900989
1790423629.4112618,1.201330014737323
1790423629.415772,1.6325589967891574
1790423629.417832,1.566025021020323
1790423629.4183383,2.3940800165291876
1790423629.4188132,3.4030020178761333
1790423629.4197264,1.37885200092569
1790423629.4201112,1.1132499785162508
1790423629.4233198,1.013391010928899
1790423629.4283087,1.5016009856481105
1790423629.4290981,1.6303839802276343
1790423629.4366388,2.2988260025158525
1790423629.4369705,2.0869900181423873
1790423629.4374661,1.9289669871795923
1790423629.455663,1.5009060152806342
1790423629.4611173,2.0638419955503196
1790423629.4612434,2.6512440235819668
1790423629.46175,1.0925509850494564
1790423629.4664273,1.1422419920563698
1790423629.4708283,1.1245360074099153
1790423629.4733832,1.1020779784303159
1790423629.4787848,1.166436995845288
1790423629.4865487,2.334349002921954
1790423629.4866002,1.7032549949362874
1790423629.4966707,1.7764809890650213
1790423629.4987638,1.2486820050980896
1790423629.5030184,1.230067980941385
1790423629.504206,1.0550310253165662
1790423629.5074792,1.0086529946420342
1790423629.5156713,2.440181007841602
1790423629.5168128,1.7910620081238449
1790423629.5169137,2.8614609909709543
1790423629.51844,0.9915029804687947
1790423629.5205383,1.497410994488746
1790423629.520924,1.21707099606283
1790423629.5355098,1.470703980885446
1790423629.536649,1.1312729911878705
1790423629.539831,1.977632025955245
1790423629.5410004,1.852977991802618
1790423629.5410786,2.5345559988636523
1790423629.542392,1.1221040040254593
1790423629.5441256,1.5010819770395756
1790423629.544835,1.3279620034154505
1790423629.5469494,1.3876319862902164
1790423629.5485554,1.9529239798430353
1790423629.5493891,2.301410975633189
1790423629.5494494,1.8018470145761967
1790423629.5519805,1.0703849839046597
1790423629.5573425,1.1389590217731893
1790423629.557949,1.318139984505251
1790423629.5617878,1.212311995914206
1790423629.572502,1.7501419933978468
1790423629.5725534,2.1633860014844686
1790423629.5772283,1.0994100011885166
1790423629.5798404,1.0264940210618079
1790423629.581517,1.0345829941798002
1790423629.5826144,1.0047810210380703
1790423629.588821,1.1923860001843423
1790423629.5927374,1.4933540078345686
1790423629.5931444,1.14719700650312
1790423629.6059206,1.5094550035428256
1790423629.6122727,1.388574979500845
1790423629.6166573,1.6529590066056699
1790423629.619145,1.1604600003920496
1790423629.6316605,3.081684000790119
1790423629.632221,4.293665988370776
1790423629.6324828,1.9611519819591194
1790423629.6365242,2.335255005164072
1790423629.637589,1.5140709874685854
1790423629.6376505,2.2869340027682483
1790423629.6448116,1.2000029964838177
1790423629.6488087,1.4799189812038094
1790423629.6493073,1.274003996513784
1790423629.6503873,1.0722360166255385
1790423629.6578512,3.5771649854723364
1790423629.6612155,5.512294010259211
1790423629.6616192,5.588308995356783
1790423629.6617026,6.535947002703324
1790423629.6626945,2.320433995919302
1790423629.6631007,1.1985059827566147
1790423629.6673956,1.2187160027679056
1790423629.6678221,2.233338018413633
1790423629.675519,1.179475017124787
1790423629.680047,1.163740991614759
1790423629.6824324,1.8461750005371869
1790423629.6839142,1.4737009769305587
1790423629.683965,2.0489299786277115
1790423629.6915312,1.1182820016983896
1790423629.7054965,2.837362000718713
1790423629.706377,2.7686449757311493
1790423629.7070312,2.612643991596997
1790423629.7070863,2.105417981510982
1790423629.7108142,1.8858810071833432
1790423629.7118325,1.5805980074219406
1790423629.7118824,2.216948982095346
1790423629.7180383,3.5006800026167184
1790423629.7183707,3.4235530183650553
1790423629.7195475,2.123673999449238
1790423629.719597,2.529151999624446
1790423629.7331042,1.6896520100999624
1790423629.734631,1.5125420177355409
1790423629.7357383,1.2053340033162385
1790423629.7373383,1.5925240004435182
1790423629.737436,1.306664984440431
1790423629.7465801,1.2910600053146482
1790423629.7551525,1.385798997944221
1790423629.7570665,1.2085520138498396
1790423629.764684,3.758537000976503
1790423629.7654405,3.6524690221995115
1790423629.7654932,4.504017997533083
1790423629.771057,1.3829960080329329
1790423629.7780054,1.5134589921217412
1790423629.7951245,2.9091209871694446
1790423629.7963614,1.728960982291028
1790423629.7964418,3.049899998586625
1790423629.801554,1.5806899755261838
1790423629.8076804,2.1694089809898287
1790423629.8099623,3.7383099843282253
1790423629.8100967,5.291948007652536
1790423629.8122752,3.189585986547172
1790423629.8124251,3.0023150029592216
1790423629.8133678,3.0688959814142436
1790423629.8168552,4.005883994977921
1790423629.816909,3.030316991498694
1790423629.8173895,2.6624049933161587
1790423629.8186479,5.272668990073726
1790423629.81884,2.5128929992206395
1790423629.819272,2.251643018098548
1790423629.819534,1.277633011341095
1790423629.8239713,1.7462529940530658
1790423629.8256083,2.951449016109109
1790423629.8257303,2.5420949968975037
1790423629.8269322,2.0769079856108874
1790423629.8281114,1.7442019889131188
1790423629.8281903,2.3010889999568462
1790423629.828665,1.5628660039510578
1790423629.833727,1.5376740193460137
1790423629.8351028,1.1706390068866313
1790423629.846224,1.448922004783526
1790423629.8471522,1.624082011403516
1790423629.847824,1.362456998322159
1790423629.8537862,1.1046930158045143
1790423629.8588648,3.8963420083746314
1790423629.8591778,3.866054001264274
1790423629.8592675,3.388629003893584
1790423629.8594737,2.820608002366498
1790423629.859712,5.1099339907523245
1790423629.8597686,2.0618559792637825
1790423629.8617141,1.032887987094
1790423629.8634682,1.1050120228901505
1790423629.8638446,1.0101259977091104
1790423629.8652008,1.0105980036314577
1790423629.866506,1.1482919799163938
1790423629.8673894,1.4371210127137601
1790423629.8680367,1.3265179877635092
1790423629.8812628,1.2024370080325752
1790423629.8830466,1.4204689941834658
1790423629.8838403,1.6963979869615287
1790423629.8885076,1.5317740035243332
1790423629.8891413,1.1769910051953048
1790423629.892441,1.0859710164368153
1790423629.896908,1.0883040085900575
1790423629.9026096,1.1382520024199039
1790423629.9059572,1.3606479915324599
1790423629.907018,1.052326988428831
1790423629.9087596,0.9848969930317253
1790423629.9142723,2.372065995587036
1790423629.9154785,2.5111720024142414
1790423629.9155486,3.0812099867034703
1790423629.9157712,1.490800001192838
1790423629.9189234,1.1393240129109472
1790423629.9299598,2.268048992846161
1790423629.9308949,1.773094991222024
1790423629.9352577,1.2136010045651346
1790423629.9363475,1.0827379883266985
1790423629.945744,1.8568749947007746
1790423629.94621,1.228802022524178
1790423629.9487085,1.0371049866080284
1790423629.9545197,1.1554980010259897
1790423629.9555664,1.0391430114395916
1790423629.9583127,1.225479005370289
1790423629.958737,1.1224089830648154
1790423629.960496,1.2449590140022337
1790423629.962801,2.014287980273366
1790423629.9628615,1.714094018097967
1790423629.969771,1.3383479963522404
1790423629.9698334,1.8578730232547969
1790423629.9710157,1.092348014935851
1790423629.9765797,1.3044859806541353
1790423629.9787128,1.0553829779382795
1790423629.9818194,1.0023700015153736
1790423629.9859102,1.0310020006727427
1790423629.992387,1.1870460002683103
1790423629.9939961,1.0427020024508238
1790423629.9952652,0.9954319975804538
1790423630.003451,2.6120260008610785
1790423630.0061738,4.4849330151919276
1790423630.006279,3.4060130128636956
1790423630.0068781,4.770169005496427
1790423630.0070243,3.234644012991339
1790423630.007486,2.6470150041859597
1790423630.0114481,1.048031001118943
1790423630.01659,0.9768500167410821
1790423630.0242045,1.3141219969838858
1790423630.0281374,1.3023839856032282
1790423630.028196,1.795551012037322
1790423630.032698,1.053777989000082
1790423630.034194,1.0695149831008166
1790423630.0389056,1.1426149867475033
1790423630.0422769,1.1683389893732965
1790423630.0430474,1.5101359749678522
1790423630.043489,1.11155302147381
1790423630.0662105,3.502259001834318
1790423630.0665183,2.782022987958044
1790423630.0700989,1.5204859955701977
1790423630.070608,1.3782299938611686
1790423630.0740032,1.8167450034525245
1790423630.0740614,1.4548760082107037
1790423630.0778673,1.0764750186353922
1790423630.0808778,1.1506880109664053
1790423630.0937972,2.75259799673222
1790423630.0938575,2.2328110062517226
1790423630.1025026,1.2729430163744837
1790423630.105268,1.1263240012340248
1790423630.1078508,1.1130039929412305
1790423630.1226127,2.5363420136272907
1790423630.123421,1.6631559992674738
1790423630.1302605,1.7215580155607313
1790423630.1370056,3.5505550040397793
1790423630.1393127,6.595442013349384
1790423630.142193,7.893259986303747
1790423630.1428676,10.419030993944034
1790423630.1432576,3.9376130152959377
1790423630.1437447,5.166562012163922
1790423630.1438193,8.429767010966316
1790423630.1443927,7.356951013207436
1790423630.1445308,2.3300430038943887
1790423630.1451564,3.938868991099298
1790423630.1455703,3.975262021413073
1790423630.1467125,1.0307609918527305
1790423630.1471472,1.9819129956886172
1790423630.1489766,1.0471389978192747
1790423630.1512575,1.111513003706932
1790423630.1546433,1.0090039868373424
1790423630.156604,1.5075929986778647
1790423630.157018,2.282143017509952
1790423630.1570652,1.4714990102220327
1790423630.1686354,1.2653110024984926
1790423630.171734,1.083851995645091
1790423630.174887,1.6914680018089712
1790423630.1749475,1.3577170029748231
1790423630.1816251,1.726688991766423
1790423630.1823072,1.0854779975488782
1790423630.1859918,0.9756610088516027
1790423630.1884809,0.9523229964543134
1790423630.191772,1.2317909859120846
1790423630.192327,1.1954689980484545
1790423630.1939223,1.1774330050684512
1790423630.1949558,1.026138023007661
1790423630.1967273,1.0308189957868308
1790423630.1994288,1.087107026251033
1790423630.1998036,1.0427779925521463
1790423630.2032773,1.0182179976254702
1790423630.20515,0.9496750135440379
1790423630.209148,1.1738259927369654
1790423630.2138934,1.1251120013184845
1790423630.215934,1.070184982381761
1790423630.2197623,1.0670219780877233
1790423630.2260265,2.0426069968380034
1790423630.226094,1.6170349845197052
1790423630.2276733,1.0715239914134145
1790423630.2367015,1.406399009283632
1790423630.2400637,2.1263429953251034
1790423630.247723,1.8410460033919662
1790423630.2484705,1.1841750238090754
1790423630.2503479,1.140541979111731
1790423630.252241,1.2667340051848441
1790423630.2533128,1.0641030094120651
1790423630.25555,1.0697999969124794
1790423630.2596154,1.0006160009652376
1790423630.263069,1.1780679924413562
1790423630.263448,1.148167997598648
1790423630.2676642,2.6836729957722127
1790423630.2678275,2.3687980137765408
1790423630.2682343,1.5317340148612857
1790423630.2730646,1.0940980282612145
1790423630.2764297,1.0712030052673072
1790423630.2781484,1.0119840153492987
1790423630.2807155,1.2858380214311182
1790423630.2835913,1.097875996492803
1790423630.2896934,1.345301017863676
1790423630.2901657,1.155413017841056
1790423630.317918,2.9253149987198412
1790423630.3197763,3.4214390034321696
1790423630.3209064,1.6963340167421848
1790423630.3209982,2.408895001281053
1790423630.3299832,1.5927469939924777
1790423630.3325927,1.3103910023346543
1790423630.3371618,1.5586850058753043
1790423630.3402724,1.7780769849196076
1790423630.3411365,1.2860170099884272
1790423630.3505929,1.438973005861044
1790423630.35289,1.1922770063392818
1790423630.3547392,1.4494579809252173
1790423630.3551455,1.4378769847098738
1790423630.3592575,1.0521079821046442
1790423630.3669229,1.9702099962159991
1790423630.3674786,1.2718180078081787
1790423630.3684912,1.0046229872386903
1790423630.3746128,1.0325699986424297
1790423630.3789709,1.1172009981237352
1790423630.3817933,1.596588990651071
1790423630.3892117,1.1617460113484412
1790423630.3975093,1.6127919952850789
1790423630.3982253,1.3147820136509836
1790423630.4035738,1.095251995138824
1790423630.407552,1.4047709992155433
1790423630.409829,2.962412982014939
1790423630.4123137,3.4477569861337543
1790423630.4125512,4.711251996923238
1790423630.414002,4.161335004027933
1790423630.4142423,3.025018988410011
1790423630.4143596,3.036212990991771
1790423630.429116,2.0243090111762285
1790423630.4296036,1.8708970164880157
1790423630.4296784,3.1794529932085425
1790423630.4350388,1.06570401112549
1790423630.441948,2.8249509923625737
1790423630.442594,2.962628990644589
1790423630.4429426,1.8061070004478097
1790423630.4433322,1.1567900073714554
1790423630.4470105,1.0047380055766553
1790423630.452391,1.046203018631786
1790423630.4593065,1.3962309749331325
1790423630.4645174,1.2354279751889408
1790423630.4658918,1.1289840040262789
1790423630.4684327,1.183101994683966
1790423630.47174,1.2921009911224246
1790423630.4749928,1.0542689997237176
1790423630.479919,1.2814640067517757
1790423630.4799893,1.7731970001477748
1790423630.4902997,2.201897994382307
1790423630.4913528,1.5371619956567883
1790423630.4914074,2.336683013709262
1790423630.494952,1.050299993949011
1790423630.496854,1.1648910003714263
1790423630.502441,1.5219079796224833
1790423630.5060043,2.0329499966464937
1790423630.5065672,1.3779749860987067
1790423630.512186,2.184890996431932
1790423630.5180972,1.6681300185155123
1790423630.5209744,1.9978740019723773
1790423630.522091,1.560384000185877
1790423630.5228589,1.4670469972770661
1790423630.5277958,1.450224983273074
1790423630.5306687,1.3898590113967657
1790423630.5377629,1.75942899659276
1790423630.5386415,1.5694200119469315
1790423630.539045,1.09158901614137
1790423630.5423434,1.227308006491512
1790423630.5441408,1.5759980014991015
1790423630.544896,1.1408239952288568
1790423630.550774,1.469806011300534
1790423630.551038,2.1911119983997196
1790423630.5520728,1.0271490027662367
1790423630.5533433,0.9898280259221792
1790423630.556192,1.0315179824829102
1790423630.5580122,0.9955920104403049
1790423630.5616252,1.334909989964217
1790423630.5616918,1.831911999033764
1790423630.564832,1.0872989951167256
1790423630.5725286,1.0380480089224875
1790423630.5763872,1.300766976783052
1790423630.5768178,1.135351980337873
1790423630.5779016,0.999596988549456
1790423630.5855427,1.3601180107798427
1790423630.5896688,1.1500490072648972
1790423630.604623,2.8682360134553164
1790423630.6053169,2.6299140008632094
1790423630.6058855,2.4837040109559894
1790423630.6166632,2.0061519753653556
1790423630.6225977,2.213795989518985
1790423630.622689,3.062821982894093
1790423630.6253386,1.3827910006511956
1790423630.6300619,1.197406993014738
1790423630.644829,4.3570229900069535
1790423630.6459641,2.7457060059532523
1790423630.6573467,1.8025810131803155
1790423630.679038,6.769733008695766
1790423630.679155,3.2802810019347817
1790423630.6797233,2.27999800699763
1790423630.6830573,1.4160819991957396
1790423630.6878295,3.6852959892712533
1790423630.6887147,4.061732994159684
1790423630.6891215,3.6921089922543615
1790423630.7042847,3.479511011391878
1790423630.7147572,5.556464981054887
1790423630.7294676,12.003464013105258
1790423630.7296562,13.723468990065157
1790423630.730111,17.236323008546606
1790423630.7306628,15.887632995145395
1790423630.7326758,5.432727019069716
1790423630.735609,9.830725990468636
1790423630.7356634,4.991294001229107
1790423630.7372432,1.445066009182483
1790423630.7377527,1.3008499809075147
1790423630.7494283,2.403869992122054
1790423630.7532747,1.5231469878926873
1790423630.756061,1.8016690155491233
1790423630.7565513,1.4333199942484498
1790423630.7588673,1.82443400262855
1790423630.759794,1.3516840117517859
1790423630.759863,2.197071007685736
1790423630.7611783,1.0745719773694873
1790423630.77042,1.50089300586842
1790423630.7726896,1.100519992178306
1790423630.7819383,3.1052660197019577
1790423630.7826684,2.797202003421262
1790423630.7829268,1.590639993082732
1790423630.784487,1.3718480186071247
1790423630.785696,1.5464139869436622
1790423630.7884274,1.013797998894006
1790423630.791203,1.597478985786438
1790423630.7921212,1.965087983990088
1790423630.7921703,1.3025060179643333
1790423630.7958531,1.2355179933365434
1790423630.8039033,1.3730759965255857
1790423630.8039515,1.9425710197538137
1790423630.806436,1.0459469922352582
1790423630.8090088,1.4643000031355768
1790423630.8091056,1.9205209973733872
1790423630.8134842,1.1450480087660253
1790423630.817644,1.170464005554095
1790423630.8217442,2.03917600447312
1790423630.8231792,2.7113899996038526
1790423630.8238223,2.0698769949376583
1790423630.8239112,2.722603006986901
1790423630.8241887,1.4267399965319782
1790423630.8267627,1.4052760088816285
1790423630.8407273,2.3539419926237315
1790423630.84235,2.670646004844457
1790423630.8433018,2.026695990934968
1790423630.8452508,1.0520329815335572
1790423630.8489633,1.1101889831479639
1790423630.861805,1.9071970018558204
1790423630.8634288,1.2545539939310402
1790423630.8727446,3.0147349752951413
1790423630.8733747,4.273758997442201
1790423630.8742557,1.7868629947770387
1790423630.8757615,1.0956460027955472
1790423630.8846567,1.1932019842788577
1790423630.8858268,1.8102899775840342
1790423630.886546,1.3462479982990772
1790423630.8893714,1.0810359963215888
1790423630.8915632,0.9997780143748969
1790423630.8936949,1.0278959816787392
1790423630.8962138,0.9832100186031312
1790423630.9110208,1.7617680132389069
1790423630.9211216,2.0019839867018163
1790423630.926459,2.6048840081784874
1790423630.926587,2.1648429974447936
1790423630.9268281,1.6330080106854439
1790423630.9316554,1.9963179947808385
1790423630.9356081,1.1685560166370124
1790423630.939787,1.1025250132661313
1790423630.941147,1.1103330180048943
1790423630.9472163,1.1551150237210095
1790423630.9513826,1.2944189948029816
1790423630.9535666,1.1056300136260688
1790423630.9556167,1.0527850245125592
1790423630.9579935,1.0285130119882524
1790423630.9618304,1.8146320071537048
1790423630.9618964,2.3917189973872155
1790423630.9643633,1.0548699938226491
1790423630.9661283,1.2632019934244454
1790423630.9714615,2.01709900284186
1790423630.9715135,1.6152720199897885
1790423630.9751408,1.0717579862102866
1790423630.98247,2.929292997578159
1790423630.9832327,3.2602330029476434
1790423630.9850283,2.1494370012078434
1790423630.9850824,2.596224978333339
1790423630.9853547,1.3186580035835505
1790423630.9932609,1.6206679865717888
1790423630.9940228,1.1065500148106366
1790423630.9955103,1.04092201218009
1790423630.9996855,1.6103209927678108
1790423631.0012014,1.9105620158370584
1790423631.001264,1.2622399954125285
1790423631.0129147,1.335359993390739
1790423631.0143,1.0893970029428601
1790423631.0168495,1.1692219995893538
1790423631.0178778,1.0203010169789195
1790423631.0238545,1.0378029837738723
1790423631.0254335,1.0059349879156798
1790423631.0265725,1.0649400064721704
1790423631.029185,1.3699619739782065
1790423631.0292494,1.8445719906594604
1790423631.0312152,1.7730089894030243
1790423631.0330284,2.6476190250832587
1790423631.035244,3.5825550148729235
1790423631.0361376,2.7627579984255135
1790423631.037141,4.104861000087112
1790423631.037387,2.957868011435494
1790423631.0374522,4.975326999556273
1790423631.0378768,1.2355899962130934
1790423631.0394473,1.0076309845317155
1790423631.0517473,1.2265559926163405
1790423631.056202,1.0872540005948395
1790423631.0606513,1.5219780034385622
1790423631.0628295,1.3205739960540086
1790423631.0634468,1.183505984954536
1790423631.0667446,1.3330799993127584
1790423631.066804,1.798912009689957
1790423631.0705042,1.4980509877204895
1790423631.0705588,1.9564820104278624
1790423631.0719752,1.0085870162583888
1790423631.0737793,1.2961960164830089
1790423631.0764327,1.1704160133376718
1790423631.078919,1.0824250057339668
1790423631.0805814,1.1154739768244326
1790423631.081681,1.0264459997415543
1790423631.0913024,1.2849739869125187
1790423631.098791,1.1873860203195363
1790423631.1007,1.1511280026752502
1790423631.104438,1.3120959920343012
1790423631.1126862,1.2656469771172851
1790423631.1151202,1.2714109907392412
1790423631.1180124,1.6750780050642788
1790423631.1234267,1.3932939909864217
1790423631.12525,1.1108430044259876
1790423631.1286085,1.1428529978729784
1790423631.1307058,2.008128009038046
1790423631.1307573,1.6179770173039287
1790423631.1341436,1.0870230034925044
1790423631.1414757,1.5965460042934865
1790423631.1419172,1.1941829870920628
1790423631.148557,1.3380649907048792
1790423631.1520345,1.7602650041226298
1790423631.1601117,2.0689550146926194
1790423631.1621835,3.4581949876155704
1790423631.162725,1.8661130161490291
1790423631.1651888,1.1837070051115006
1790423631.1688917,1.554665999719873
1790423631.1696804,1.3873269781470299
1790423631.17079,1.7072749906219542
1790423631.1716206,1.1705590004567057
1790423631.1722891,1.1929770116694272
1790423631.1758628,1.110498997149989
1790423631.178891,1.01958098821342
1790423631.1805525,1.1109379993285984
1790423631.1986742,2.044919994659722
1790423631.200086,1.401240995619446
1790423631.2034247,1.2386399903334677
1790423631.2055676,1.3143249962013215
1790423631.2128913,1.389128010487184
1790423631.215045,1.2158050085417926
1790423631.2167685,1.0827589721884578
1790423631.2182055,1.210232003359124
1790423631.2215352,1.111582008888945
1790423631.2286482,1.9900119805242866
1790423631.2288806,1.8052049854304641
1790423631.233692,1.1461890244390815
1790423631.2363644,1.0580130037851632
1790423631.237897,1.0234820074401796
1790423631.2399194,1.014360983390361
1790423631.2414343,1.0208349849563092
1790423631.2478728,1.5320270031224936
1790423631.2553408,1.6167129797395319
1790423631.255647,1.4982039865572006
1790423631.256644,0.989769003354013
1790423631.2583928,0.9633410081733018
1790423631.259912,1.2691539886873215
1790423631.2626388,1.113928999984637
1790423631.2636573,1.0108220158144832
1790423631.267826,2.4314330075867474
1790423631.2686012,2.7511880034580827
1790423631.268831,2.602536987978965
1790423631.2688842,1.9939159974455833
1790423631.2707458,1.1487739975564182
1790423631.2720366,0.9738119842950255
1790423631.2763638,1.1718499881681055
1790423631.2809193,1.1185559851583093
1790423631.2847998,1.0065610113088042
1790423631.2910316,1.2647499970626086
1790423631.292302,1.1422510142438114
1790423631.2933006,0.9908890060614794
1790423631.2945464,0.9968270023819059
1790423631.2990403,1.225917978445068
1790423631.2991035,1.6709320188965648
1790423631.3002305,1.043918979121372
1790423631.3021939,1.0414299904368818
1790423631.3108828,1.7900870006997138
1790423631.3113265,1.4664059854112566
1790423631.312378,1.0438039898872375
1790423631.3162527,2.5698539975564927
1790423631.3163483,3.0457490065600723
1790423631.3166323,2.2822190076112747
1790423631.3168762,1.7782119975890964
1790423631.321453,1.5157560119405389
1790423631.323582,2.0221570157445967
1790423631.324786,1.6241139965131879
1790423631.3248496,2.027246984653175
1790423631.327721,2.06098600756377
1790423631.327829,1.6674530052114278
1790423631.3285155,1.8036729888990521
1790423631.3299892,1.0672810021787882
1790423631.3315084,1.0491339780855924
1790423631.3350027,1.086775999283418
1790423631.3370764,1.1951010092161596
1790423631.3399005,1.02989497827366
1790423631.343475,1.0220190160907805
1790423631.3484871,2.2926800011191517
1790423631.3489687,2.2385980118997395
1790423631.3497167,1.6935580060817301
1790423631.3497686,2.2853010159451514
1790423631.3591692,1.1435020132921636
1790423631.3640304,1.189819013234228
1790423631.3695858,1.1315299780108035
1790423631.3709593,1.3662040000781417
1790423631.3749027,1.0607289732433856
1790423631.379239,1.1255130229983479
1790423631.380434,1.1048550077248365
1790423631.3852928,1.1130910133942962
1790423631.3885622,1.0321770096197724
1790423631.3907344,1.7514159844722599
1790423631.391474,1.3846419751644135
1790423631.392495,1.0132229945156723
1790423631.396916,0.9945039928425103
1790423631.406882,1.3307119952514768
1790423631.411068,2.005579008255154
1790423631.4118383,2.0549579930957407
1790423631.4120743,1.389470009598881
1790423631.4189763,1.2210879940539598
1790423631.4225206,2.330897987121716
1790423631.4226613,2.8946250095032156
1790423631.4232838,1.9069869886152446
1790423631.4388611,1.6488679975736886
1790423631.4418054,1.3413270062301308
1790423631.4432378,1.1197930143680423
1790423631.446906,1.108452008338645
1790423631.4508603,1.8996600119862705
1790423631.4513104,1.7539800028316677
1790423631.4525044,1.1869199806824327
1790423631.453689,1.0279539856128395
1790423631.4566154,2.31600902043283
1790423631.4570541,2.375653013586998
1790423631.4571157,1.7987439932767302
1790423631.4639819,1.475105993449688
1790423631.4645264,1.2696380144916475
1790423631.4721477,1.1423479882068932
1790423631.4738805,1.2966060021426529
1790423631.475051,1.1618610005825758
1790423631.4767182,1.3428419770207256
1790423631.4845748,1.197520992718637
1790423631.4859846,1.0904230002779514
1790423631.4913564,1.8589560058899224
1790423631.492188,2.185026998631656
1790423631.4940143,1.1031860194634646
1790423631.5019484,1.082770002540201
1790423631.5038457,1.6568379942327738
1790423631.5051136,2.431089000310749
1790423631.505813,2.444853016640991
1790423631.5076945,3.638369991676882
1790423631.508582,3.331943997181952
1790423631.5087557,1.7735380097292364
1790423631.509005,3.184039000188932
1790423631.5216746,1.2762780243065208
1790423631.5247076,1.108632975956425
1790423631.526852,1.0356069833505899
1790423631.5284674,1.3596159988082945
1790423631.5291858,1.2804380094166845
1790423631.5384536,2.232241997262463
1790423631.5396373,1.6309680067934096
1790423631.5397208,2.662015991518274
1790423631.5412674,1.0494680027477443
1790423631.548263,1.3360239972826093
1790423631.55161,2.832272002706304
1790423631.5520136,2.8858649893663824
1790423631.5522492,2.620668994495645
1790423631.5523353,4.061543993884698
1790423631.554216,1.1116850073449314
1790423631.5599172,1.1779330088756979
1790423631.5609238,1.5838260005693883
1790423631.5620277,1.0027040261775255
1790423631.567806,1.3372229877859354
1790423631.5714262,1.1909339809790254
1790423631.5745032,1.0934110032394528
1790423631.579906,1.19147400255315
1790423631.5835252,1.137962011853233
1790423631.5890539,1.2673920136876404
1790423631.5905645,1.1654079717118293
1790423631.5979817,1.220757985720411
1790423631.6007612,1.31039900588803
1790423631.60348,1.1171450023539364
1790423631.607798,1.9211559847462922
1790423631.6093743,1.2782099947798997
1790423631.6154683,2.0018840150441974
1790423631.6158605,1.9089280103798956
1790423631.617923,1.0699589911382645
1790423631.6223319,1.5562879852950573
1790423631.6229556,1.3913169968873262
1790423631.630629,1.5105280035641044
1790423631.6383052,1.2808059982489794
1790423631.643076,1.3543310051318258
1790423631.6520836,2.1058470010757446
1790423631.6595035,1.9962239894084632
1790423631.6728277,2.7246070094406605
1790423631.6785166,2.092980983434245
1790423631.6821914,1.9345190085005015
1790423631.683602,1.290491985855624
1790423631.6848185,1.1126539902761579
1790423631.6870134,1.099326997064054
1790423631.6924763,1.5899729914963245
1790423631.6960077,1.1108120088465512
1790423631.6977568,1.0909400007221848
1790423631.7027261,1.0530409927014261
1790423631.7057073,1.0103780077770352
1790423631.7138562,1.3300429855007678
1790423631.7164571,1.8979559827130288
1790423631.7170575,2.0068959856871516
1790423631.7178888,2.3104840074665844
1790423631.718364,1.2802010169252753
1790423631.7215767,0.9771540062502027
1790423631.73085,1.5659499913454056
1790423631.7349699,1.4411899901460856
1790423631.7350292,1.9720930140465498
1790423631.7372093,1.061326009221375
1790423631.7390707,1.49293799768202
1790423631.758651,5.116379004903138
1790423631.7597587,5.526965018361807
1790423631.7606084,5.7290070108138025
1790423631.7607474,4.627638991223648
1790423631.7608593,8.216267015086487
1790423631.7612188,2.0553400099743158
1790423631.7625797,1.013014989439398
1790423631.7644248,1.0071390133816749
1790423631.7671273,1.0933400189969689
1790423631.7709134,1.3598499936051667
1790423631.773201,1.7729169921949506
1790423631.7733064,1.5487269847653806
1790423631.7759995,1.0106150002684444
1790423631.7803528,1.5158000169321895
1790423631.781109,1.8655280000530183
1790423631.7843282,2.162060991395265
1790423631.7843902,1.7646820051595569
1790423631.7871716,1.1694360000547022
1790423631.7917728,1.015250018099323
1790423631.7971478,1.1168700002599508
1790423631.8033555,1.1595429969020188
1790423631.819685,1.9632420153357089
1790423631.825765,1.7033689946401864
1790423631.8299227,2.112164977006614
1790423631.8330085,3.6590200033970177
1790423631.8333013,3.369874000782147
1790423631.8338459,2.1567060030065477
1790423631.8398333,1.7231829988304526
1790423631.8405404,1.3547340058721602
1790423631.8439023,1.0475819872226566
1790423631.8473005,1.1205250048078597
1790423631.851331,1.4572039945051074
1790423631.8641365,1.681933004874736
1790423631.8658555,1.3275889796204865
1790423631.8725262,1.3564399851020426
1790423631.877255,1.3129250146448612
1790423631.883066,1.9819680019281805
1790423631.8838556,2.022656990448013
1790423631.8839197,1.670351019129157
1790423631.885938,0.995298003545031
1790423631.896256,1.9287120085209608
1790423631.8966768,1.2544519850052893
1790423631.898766,0.9947219805326313
1790423631.905116,1.2668110139202327
1790423631.9061985,1.0752459929790348
1790423631.9099,1.6075060120783746
1790423631.9110243,1.2206269893795252
1790423631.9121706,0.9773559868335724
1790423631.9146209,1.0053360019810498
1790423631.9219627,1.1587979970499873
1790423631.9369283,2.005990012548864
1790423631.9419267,1.6631220059935004
1790423631.9450119,1.6316359979100525
1790423631.9458046,1.5706339909229428
1790423631.9464147,1.2725790147669613
1790423631.9480824,1.0582480172161013
1790423631.9499407,0.9958550217561424
1790423631.9538858,1.3787479838356376
1790423631.9562829,1.1525869776960462
1790423631.958116,1.0671339987311512
1790423631.9627895,0.971611007116735
1790423631.9670126,2.478442998835817
1790423631.967571,2.13484899722971
1790423631.967663,2.7689060079865158
1790423631.9717147,1.2683169916272163
1790423631.9763522,1.094392006052658
1790423631.987786,2.0767749811057
1790423631.9878461,1.5695429756306112
1790423631.9912062,1.098771987017244
1790423631.992749,1.015738002024591
1790423631.9994597,1.9370410009287298
1790423632.0017848,2.7012590144295245
1790423632.0021548,2.507427998352796
1790423632.0022628,3.503254003589973
1790423632.0171194,1.8630549893714488
1790423632.0175946,1.6932679864112288
1790423632.023783,1.0955499892588705
1790423632.0291102,1.1261389881838113
1790423632.0314999,1.048542995704338
1790423632.0348444,1.3147189747542143
1790423632.0353038,1.281745993765071
1790423632.0406733,1.1906659929081798
1790423632.042807,1.0215360089205205
1790423632.0450842,1.0007199889514595
1790423632.0517964,1.3114559988025576
1790423632.0522192,1.1405810073483735
1790423632.057665,2.0665450138039887
1790423632.058343,1.4510200126096606
1790423632.058428,2.202417002990842
1790423632.0693848,1.7305559886153787
1790423632.0699222,1.499506994150579
1790423632.0719519,1.3942180084995925
1790423632.073741,2.106444997480139
1790423632.073888,1.8126310023944825
1790423632.0743036,1.2807159801013768
1790423632.0825307,1.191883988212794
1790423632.0854084,1.0890600096900016
1790423632.0923586,1.2725880078505725
1790423632.0945907,1.2888350174762309
1790423632.0996077,1.1513179924804717
1790423632.1019707,1.4900839887559414
1790423632.1020634,2.072957024211064
1790423632.1038067,1.4180669968482107
1790423632.1045032,1.0844650096260011
1790423632.1174612,1.4194470131769776
1790423632.1179976,1.3275829842314124
1790423632.120699,1.1690760147757828
1790423632.1256099,2.518902998417616
1790423632.1256883,2.1874230005778372
1790423632.1274679,1.664593000896275
1790423632.1279204,1.2820999836549163
1790423632.1304893,1.179259008495137
1790423632.1319447,1.0691869829315692
1790423632.133314,1.047016994562
1790423632.1367824,1.0416189907118678
1790423632.1423051,2.1890010102652013
1790423632.1471257,3.8952409813646227
1790423632.1472397,3.5769340174738318
1790423632.1472962,3.0630420078523457
1790423632.147716,2.0826499967370182
1790423632.1481342,1.4942880079615861
1790423632.1492274,0.9892199886962771
1790423632.1573608,1.4935660001356155
1790423632.1591265,1.3520340144168586
1790423632.159553,1.207201014040038
1790423632.1694067,2.130503999069333
1790423632.1694722,1.7722469929140061
1790423632.172569,1.3121190131641924
1790423632.173643,1.0666910093277693
1790423632.1748893,0.9956510039046407
1790423632.17595,1.0017070162575692
1790423632.1794598,1.2713370088022202
1790423632.1802824,1.4988670009188354
1790423632.1810844,1.1530930059961975
1790423632.1846273,1.0355580016039312
1790423632.187098,1.6593319887761027
1790423632.1877794,1.110429991967976
1790423632.1926656,1.041933021042496
1790423632.1994333,1.0838330199476331
1790423632.2072895,1.3310289941728115
1790423632.2089493,1.0854599822778255
1790423632.2160854,1.6879820032045245
1790423632.2165644,1.3213350030127913
1790423632.2217398,1.2863229785580188
1790423632.2251408,1.8246810068376362
1790423632.2251952,1.425107999239117
1790423632.22783,1.297631999477744
1790423632.2319896,1.812451024306938
1790423632.2376642,3.797493001911789
1790423632.2387078,5.424103990662843
1790423632.2412686,5.312064022291452
1790423632.2418892,6.624225003179163
1790423632.2424476,5.997036991175264
1790423632.2430837,4.006455012131482
1790423632.2441392,2.23929897765629
1790423632.2443223,3.042478987481445
1790423632.246582,2.250497986096889
1790423632.2468944,2.005048008868471
1790423632.2502356,1.9072489812970161
1790423632.2523818,2.134445996489376
1790423632.252709,1.859187992522493
1790423632.2570426,1.8981629982590675
1790423632.25711,2.571215998614207
1790423632.2610822,1.5990320243872702
1790423632.2615821,1.3149620208423585
1790423632.2662768,1.8944120092783123
1790423632.2725172,2.4793919874355197
1790423632.273637,1.6071470163296908
1790423632.2741647,1.2700590013992041
1790423632.2886336,1.9702179997693747
1790423632.2893863,1.5541569737251848
1790423632.2927053,1.4670719974674284
1790423632.2927816,2.0380659843795
1790423632.2957702,1.6631599864922464
1790423632.3034925,2.7302009984850883
1790423632.303977,3.3041079877875745
1790423632.3040328,2.295197977218777
1790423632.3129077,1.784091000445187
1790423632.3183181,1.7016490164678544
1790423632.3204985,1.9497690082062036
1790423632.3213263,1.620877010282129
1790423632.323952,1.5269870054908097
1790423632.3305154,1.9740719872061163
1790423632.3337975,1.7668109794612974
1790423632.336863,1.7501210095360875
1790423632.337457,1.6027470119297504
1790423632.3420541,4.240024019964039
1790423632.3425665,4.2694369913078845
1790423632.3431628,4.3637909984681755
1790423632.343235,3.3242820063605905
1790423632.3450298,2.4517469864804298
1790423632.3458264,2.3498939990531653
1790423632.3477104,3.621337004005909
1790423632.3481038,2.7128309884574264
1790423632.349063,1.5666390245314687
1790423632.355145,1.6991379961837083
1790423632.361883,1.978570013307035
1790423632.362407,1.510785979917273
1790423632.3663273,1.25959501019679
1790423632.3744376,1.7827519914135337
1790423632.375992,1.4450699964072555
1790423632.3802314,1.7295099969487637
1790423632.3914478,3.187485010130331
1790423632.3916175,2.794036001432687
1790423632.3921263,1.8086879863403738
1790423632.3941705,1.1561989958863705
1790423632.3958447,1.1550300114322454
1790423632.403554,1.787999994121492
1790423632.41165,2.786736993584782
1790423632.4126563,2.026359987212345
1790423632.4142299,1.3212550256866962
1790423632.4195876,1.6857119917403907
1790423632.4223022,2.1502539748325944
1790423632.4223614,1.6628600133117288
1790423632.4289186,1.0170280002057552
1790423632.4310277,1.2257740017957985
1790423632.432368,1.1363619996700436
1790423632.4372096,1.151042990386486
1790423632.4387162,1.0450569970998913
1790423632.4399762,1.0782770114019513
1790423632.4472454,1.3592650066129863
1790423632.4480984,1.479483995353803
1790423632.4488544,1.4296519802883267
1790423632.4501817,1.8853989895433187
1790423632.4534597,3.6088270135223866
1790423632.4537494,2.8471859986893833
1790423632.4541564,2.6806490204762667
1790423632.4545732,2.041189989540726
1790423632.4566023,1.1048400192521513
1790423632.457692,1.0819279996212572
1790423632.4581099,1.0564070253167301
1790423632.4595325,1.0626169969327748
1790423632.4616935,1.1256430007051677
1790423632.46333,1.6166999994311482
1790423632.463433,1.3009699760004878
1790423632.4730794,1.3247349997982383
1790423632.4731367,1.8939980072900653
1790423632.4745035,1.1206800118088722
1790423632.476207,1.1579789861571044
1790423632.4772117,0.9968160011339933
1790423632.481972,1.6268740000668913
1790423632.4856112,1.6360429872293025
1790423632.486108,1.683199981926009
1790423632.488512,1.2164469808340073
1790423632.4925416,1.1625500046648085
1790423632.4965706,1.4351530116982758
1790423632.4973383,1.4757319877389818
1790423632.5020556,1.1777209874708205
1790423632.5116422,2.7463340084068477
1790423632.5124645,2.954650000901893
1790423632.513234,2.9824019875377417
1790423632.513286,2.470229024766013
1790423632.515927,1.1082650162279606
1790423632.5202127,1.303149008890614
1790423632.525703,1.8730980227701366
1790423632.5306933,2.8728200122714043
1790423632.5324137,3.845227009151131
1790423632.5333169,2.301605010870844
1790423632.5334847,2.7751949965022504
1790423632.5356345,2.1314759796950966
1790423632.5356982,1.720906002447009
1790423632.540939,1.524422987131402
1790423632.5460892,2.2242050035856664
1790423632.5470386,1.8244100210722536
1790423632.5487332,1.6812359972391278
1790423632.5519686,1.4081030094530433
1790423632.5571828,2.224954980192706
1790423632.5572517,2.229593985248357
1790423632.5590677,1.4318639878183603
1790423632.567067,1.9902650092262775
1790423632.5677493,1.1976489913649857
1790423632.5937097,1.5042719896882772
1790423632.5940983,1.2352149933576584
1790423632.595487,0.9950940147973597
1790423632.5970984,1.0225779842585325
1790423632.598055,0.949720008065924
1790423632.6014488,0.9671220032032579
1790423632.6055818,2.0897089852951467
1790423632.6171825,5.500369006767869
1790423632.618564,5.8248900168109685
1790423632.6194112,5.333398003131151
1790423632.6202488,5.404925992479548
1790423632.6217923,2.3655069817323238
1790423632.6237874,1.685394992819056
1790423632.6246076,1.7529269971419126
1790423632.6280036,1.7087249725591391
1790423632.6295142,1.49831801536493
1790423632.6324291,1.598975999513641
1790423632.6382031,2.252524020150304
1790423632.6421366,1.8856360111385584
1790423632.6444778,2.4343489785678685
1790423632.6445591,1.9698109827004373
1790423632.6460493,1.4021929819136858
1790423632.646516,1.1816640035249293
1790423632.6493607,1.1015490163117647
1790423632.651084,1.6315859975293279
1790423632.652209,1.9072139984928071
1790423632.6637306,2.1720509976148605
1790423632.6688428,2.1331830066628754
1790423632.6694663,1.7886979912873358
1790423632.6714296,1.4191649970598519
1790423632.6858182,2.1249920246191323
1790423632.6886773,2.1426719904411584
1790423632.6896906,1.8589200044516474
1790423632.6920054,1.8119080050382763
1790423632.6928396,1.610595005331561
1790423632.6967056,1.2348140007816255
1790423632.701771,2.513126004487276
1790423632.7023323,2.584416011814028
1790423632.7024283,2.10755699663423
1790423632.7093897,1.8003899895120412
1790423632.7141645,2.8436029970180243
1790423632.714245,2.4416619853582233
1790423632.7181902,3.453395009273663
1790423632.720243,4.835555009776726
1790423632.720824,4.79856799938716
1790423632.720888,4.358695994596928
1790423632.7214582,2.8308970213402063
1790423632.7215345,4.17941901832819
1790423632.7218244,1.787104003597051
1790423632.7238455,1.1607039778027683
1790423632.7245586,1.2947729846928269
1790423632.7262385,1.4823740057181567
1790423632.7269034,1.056913984939456
1790423632.7318184,1.1883790139108896
1790423632.7357721,1.6805370105430484
1790423632.7363477,1.290337007958442
1790423632.737464,1.0222989949397743
1790423632.7412882,1.045103999786079
1790423632.7427115,1.0091120202559978
1790423632.7449799,1.1084949946962297
1790423632.7478237,1.164757995866239
1790423632.749822,1.056100009009242
1790423632.7526772,1.0501299984753132
1790423632.7554991,1.0336579871363938
1790423632.7574837,1.0647570015862584
1790423632.7610073,1.172257005237043
1790423632.765946,2.094134979415685
1790423632.7669115,2.40718899294734
1790423632.7669604,1.542209996841848
1790423632.7688925,1.0411249822936952
1790423632.770883,1.1049429886043072
1790423632.772782,1.016491005429998
1790423632.781222,1.8949389923363924
1790423632.781534,2.653812989592552
1790423632.7818573,1.4508310123346746
1790423632.7853515,2.0107600139454007
1790423632.7856324,1.4706359943374991
1790423632.7863815,1.5062800084706396
1790423632.7870333,1.2299120135139674
1790423632.7992957,3.0764080001972616
1790423632.7994683,2.6601489807944745
1790423632.8001194,1.6354270046576858
1790423632.8030472,1.054524997016415
1790423632.8041518,1.0013740102294832
1790423632.8102446,1.3749589852523059
1790423632.8135571,2.147071994841099
1790423632.814482,2.1742720273323357
1790423632.814534,2.6241659943480045
1790423632.816978,1.1290819966234267
1790423632.8214984,1.7516390071250498
1790423632.826797,1.3242980057839304
1790423632.8279495,1.1447859869804233
1790423632.829653,1.3082649966236204
1790423632.8309288,1.3857290032319725
1790423632.8328924,1.0769999935291708
1790423632.8352845,1.4581129944417626
1790423632.8360033,1.5624500229023397
1790423632.8385396,1.1098870018031448
1790423632.8453274,1.0885950177907944
1790423632.8512175,1.4017020002938807
1790423632.86541,1.398777007125318
1790423632.8690805,1.3381510216277093
1790423632.872839,1.3296290126163512
1790423632.8810644,2.1125299972482026
1790423632.8816006,1.6524659877177328
1790423632.884611,2.388900989899412
1790423632.8852756,2.4501880106981844
1790423632.8862073,1.9097159965895116
1790423632.8863091,2.1061800071038306
1790423632.8881576,1.0576089844107628
1790423632.8912807,1.3757259876001626
1790423632.8920784,1.626696001039818
1790423632.8925304,1.2418049736879766
1790423632.8950276,1.478886988479644
1790423632.8997903,1.946653996128589
1790423632.9012163,1.5636030002497137
1790423632.9092686,1.403672999003902
1790423632.9154289,1.617960020666942
1790423632.9159591,1.2979960010852665
1790423632.9218278,1.0623820126056671
1790423632.9250531,1.1715069995261729
1790423632.9265769,1.3126549893058836
1790423632.92708,1.2674340105149895
1790423632.928077,0.9893660026136786
1790423632.939467,1.429897005436942
1790423632.9414427,1.289258012548089
1790423632.9437578,1.1677719885483384
1790423632.949952,1.5715280023869127
1790423632.9541116,2.8337079857010394
1790423632.9542444,4.428043990628794
1790423632.9546292,1.7098889802582562
1790423632.9579651,3.123564994893968
1790423633.011729,56.00283801322803
1790423633.0118117,55.0724380009342
1790423633.011891,54.542191996006295
1790423633.0649374,104.94182899128646
1790423633.0845933,106.68261398677714
1790423633.0846758,117.21560900332406
1790423633.0850477,102.65995998634025
1790423633.0855312,110.77618700801395
1790423633.0855978,99.68765001394786
1790423633.0865417,92.71510801045224
1790423633.086855,74.84423398273066
1790423633.0883904,71.73567698919214
1790423633.0888648,25.115994008956477
1790423633.0892205,62.395145010668784
1790423633.0893178,26.077371003339067
1790423633.0894628,15.165888995397836
1790423633.0898838,2.4964909825939685
1790423633.0914502,1.188443013234064
1790423633.09676,1.2889500067103654
1790423633.1000302,1.3442310155369341
1790423633.1014678,1.1639440199360251
1790423633.1511266,47.32214499381371
1790423633.1519694,48.80534400581382
1790423633.1520889,44.22895101015456
1790423633.1522563,47.26711101830006
1790423633.1647007,81.50766100152396
1790423633.1650329,52.000139985466376
1790423633.1658401,54.335469991201535
1790423633.1659052,49.01874499046244
1790423633.1669385,50.56956899352372
1790423633.1672251,44.00185699341819
1790423633.1676342,33.01986400038004
1790423633.1677158,35.243597987573594
1790423633.1687799,33.52006000932306
1790423633.1688774,4.935029981425032
1790423633.1694067,1.566057006129995
1790423633.1751995,1.2883439776487648
1790423633.1783917,1.1672510008793324
1790423633.179874,1.0475890012457967
1790423633.1837108,1.0710750066209584
1790423633.1864712,1.291723019676283
1790423633.189648,1.8990310200024396
1790423633.1915565,1.8991379765793681
1790423633.1921327,1.6822220059111714
1790423633.1931953,4.084842978045344
1790423633.1946054,2.1636919991578907
1790423633.1946638,2.3187269980553538
1790423633.1966333,1.0700479906518012
1790423633.2008271,1.4222960162442178
1790423633.2012684,1.409240998327732
1790423633.2065885,1.0327759955544025
1790423633.2084363,1.1601299920585006
1790423633.2127333,1.2542770127765834
1790423633.2140124,1.0837930021807551
1790423633.21577,0.978413998382166
1790423633.217418,1.0176280047744513
1790423633.2189577,1.0176110081374645
1790423633.2214015,1.9129370048176497
1790423633.222471,1.9840809982270002
1790423633.2227688,2.881790976971388
1790423633.222825,1.3238589745014906
1790423633.2248774,1.0879560140892863
1790423633.2273614,1.1174740211572498
1790423633.2331083,1.1457799992058426
1790423633.2368321,1.0910650016739964
1790423633.2476847,1.75509401015006
1790423633.2477806,2.274250000482425
1790423633.270169,20.053732994711027
1790423633.2715616,21.861460991203785
1790423633.2719216,19.29701800690964
1790423633.2720053,16.062022012192756
1790423633.2755823,13.364413985982537
1790423633.2758877,11.306605010759085
1790423633.2760153,12.184724007965997
1790423633.2760813,10.734281997429207
1790423633.286617,16.39043298200704
1790423633.2980435,23.7706649932079
1790423633.2986946,26.64299399475567
1790423633.2987661,20.277733012335375
1790423633.298995,11.400436022086069
1790423633.3010886,1.293106994125992
1790423633.303023,1.0913930018432438
1790423633.32585,19.71889700507745
1790423633.326372,16.8568340013735
1790423633.3266144,21.198085974901915
1790423633.3321877,21.769560989923775
1790423633.345723,34.77218799525872
1790423633.3464372,34.72445500665344
1790423633.346798,33.350142010021955
1790423633.3469694,32.94783999444917
1790423633.3675756,43.827119981870055
1790423633.3676398,40.29334499500692
1790423633.3719246,32.81982897897251
1790423633.3723576,32.59023098507896
1790423633.3888726,39.363315008813515
1790423633.3910108,50.798062002286315
1790423633.3911023,244.52776997350156
1790423633.3911633,40.36982997786254
1790423633.3916705,26.320306991692632
1790423633.3917255,16.34073199238628
1790423633.3918357,15.839111001696438
1790423633.3920648,20.131366996793076
1790423633.3921118,4.233473009662703
1790423633.4187448,22.995165025349706
1790423633.419336,26.78033200209029
1790423633.4198208,15.163477015448734
1790423633.420817,16.708457987988368
1790423633.4208782,23.613141995156184
1790423633.4213681,16.078404994914308
1790423633.4217641,22.033740009646863
1790423633.4230332,15.23946100496687
1790423633.4248567,6.990256020799279
1790423633.4262407,5.8924809854943305
1790423633.4364703,24.879538017557934
1790423633.4365296,93.22159498697147
1790423633.4451714,28.83487899089232
1790423633.4453614,37.13532802066766
1790423633.4458895,30.283106985734776
1790423633.4471312,62.78586498228833
1790423633.4524148,70.3972729970701
1790423633.4573977,46.23308198642917
1790423633.4678135,47.983428987208754
1790423633.4688914,50.1370650017634
1790423633.4690475,102.28572197956964
1790423633.469524,44.656654994469136
1790423633.4785597,134.2972439888399
1790423633.4880564,45.463699992978945
1790423633.4882061,36.373701004777104
1790423633.4884927,98.56841200962663
1790423633.4894452,24.253839015727863
1790423633.4905734,42.6034240226727
1790423633.491153,23.33090000320226
1790423633.4926627,26.799454004503787
1790423633.4932485,22.067126003094018
1790423633.4936707,14.07850399846211
1790423633.4944406,19.897663994925097
1790423633.4951482,26.09291800763458
1790423633.495694,11.219859996344894
1790423633.4959457,4.528474004473537
1790423633.4964206,2.7418469835538417
1790423633.4964905,2.0422279776539654
1790423633.5289237,31.013706990052015
1790423633.5595615,56.8002559884917
1790423633.5603461,55.71565899299458
1790423633.5607617,55.550693010445684
1790423633.5613585,55.29190102242865
1790423633.5637963,50.721918989438564
1790423633.5647142,53.96852799458429
1790423633.5655909,61.571958009153605
1790423633.565778,13.877504010451958
1790423633.565964,6.2416979926638305
1790423633.5660524,34.65218099881895
1790423633.56615,8.124559011776
1790423633.582398,19.164301978889853
1790423633.5861647,19.798337016254663
1790423633.586822,24.488862021826208
1790423633.5869563,18.724683992331848
1790423633.5874462,18.27528199646622
1790423633.5882487,18.379052984528244
1790423633.5883536,18.163089000154287
1790423633.5887485,9.92088601924479
1790423633.5894964,4.6248230210039765
1790423633.589546,2.0904999983031303
1790423633.5980697,1.529471017420292
1790423633.6026871,1.1798150080721825
1790423633.6068351,1.8283930257894099
1790423633.608014,2.570252021541819
1790423633.609088,1.476349018048495
1790423633.6093235,2.045950008323416
1790423633.6780503,66.48925101035275
1790423633.6790097,67.88365001557395
1790423633.679845,67.00251801521517
1790423633.6799417,67.5560410018079
1790423633.685912,71.92876600311138
1790423633.696617,73.19294798071496
1790423633.7009451,70.95189901883714
1790423633.7017004,80.48901901929639
1790423633.7067657,72.24365198635496
1790423633.7218723,39.409495977452025
1790423633.722942,56.27345200628042
1790423633.723782,39.96420398470946
1790423633.7245073,38.03677301038988
1790423633.7261455,29.516745009459555
1790423633.7268717,39.946322998730466
1790423633.727555,26.5992259955965
1790423633.7289395,22.161725006299093
1790423633.7293563,4.838802007725462
1790423633.729716,5.922000971622765
1790423633.731023,9.137213026406243
1790423633.7330298,6.873946986161172
1790423633.7342975,7.416195003315806
1790423633.7348137,7.248160982271656
1790423633.7353008,5.576869996730238
1790423633.7362244,7.275700016180053
1790423633.7407017,11.336883006151766
1790423633.7411282,8.088758011581376
1790423633.755418,21.110715984832495
1790423633.7568648,25.43435897678137
1790423633.7569616,25.928147981176153
1790423633.758524,23.212995001813397
1790423633.7598023,23.569731012685224
1790423633.759961,247.3000900063198
1790423633.7602172,19.504263997077942
1790423633.7603881,25.56536000338383
1790423633.760482,5.035857000621036
1790423633.7614477,4.4772289984393865
1790423633.7615411,3.0084570171311498
1790423633.762196,1.1472780024632812
1790423633.766814,1.3531769800465554
1790423633.7675838,1.3922539947088808
1790423633.7752416,1.323219999903813
1790423633.775777,1.190201990539208
1790423633.816613,40.64166697207838
1790423633.817052,36.37040397734381
1790423633.8175652,38.133830996230245
1790423633.8178823,36.717545008286834
1790423633.8190467,31.79837201605551
1790423633.8191504,27.65001801890321
1790423633.8206432,26.67533402564004
1790423633.821534,4.469438979867846
1790423633.8220117,26.021701021818444
1790423633.8221068,4.21296400600113
1790423633.8221953,2.6099600072484463
1790423633.8227477,2.0966409938409925
1790423633.8239458,1.0964400134980679
1790423633.8271632,1.1158180132042617
1790423633.828439,1.025463017867878
1790423633.8388436,1.4566690078936517
1790423633.8431187,1.2683869863394648
1790423633.8458457,1.9875070138368756
1790423633.8460069,1.7128110048361123
1790423633.893808,43.261601007543504
1790423633.8952703,49.354264017893
1790423633.895713,47.480912995524704
1790423633.895965,43.068981991382316
1790423633.896126,33.945136005058885
1790423633.898087,35.01326899277046
1790423633.898604,35.09856198797934
1790423633.9240983,59.54198900144547
1790423633.924527,30.704391974722967
1790423633.926388,58.08491198695265
1790423633.9267988,30.649066990008578
1790423633.9272406,31.26450499985367
1790423633.9362485,37.633636995451525
1790423633.9367518,38.653825991787016
1790423633.967736,67.51104301656596
1790423633.984695,76.49267799570225
1790423633.985075,62.23404500633478
1790423633.9856653,61.55519001185894
1790423633.986853,60.043700999813154
1790423633.988307,63.77079599769786
1790423633.988752,61.50388199603185
1790423633.9892778,53.018161008367315
1790423633.99078,5.103992007207125
1790423633.991891,3.5739179875236005
1790423633.9923089,5.445835005957633
1790423633.9935088,4.221740004140884
1790423633.9939249,5.163815018022433
1790423633.9953578,4.568881005980074
1790423633.9970002,5.099857022287324
1790423633.99872,4.785561992321163
1790423633.9990911,6.77306397119537
1790423633.9994817,4.114295006729662
1790423633.9999256,6.4082739991135895
1790423634.0016828,4.672032984672114
1790423634.0027459,3.2537190127186477
1790423634.0042806,4.347701993538067
1790423634.0047104,5.610867985524237
1790423634.0056648,6.9360850029625
1790423634.0064597,4.766444995766506
1790423634.0076952,2.020187006564811
1790423634.009251,2.781036979286
1790423634.00962,4.899917985312641
1790423634.0106828,7.9277000040747225
1790423634.013463,9.173880011076108
1790423634.0150177,5.7576669787522405
1790423634.0154748,4.782722011441365
1790423634.0161881,8.483356010401621
1790423634.017389,7.757946994388476
1790423634.0264919,13.015515985898674
1790423634.0374672,21.98302501346916
1790423634.0390108,22.811756993178278
1790423634.0395029,26.65026398608461
1790423634.0398448,24.815587006742135
1790423634.0405173,14.013867999892682
1790423634.0410697,23.67115402012132
1790423634.0424912,3.4682969853747636
1790423634.043659,6.180130993016064
1790423634.0446963,4.170337022515014
1790423634.045711,4.630673996871337
1790423634.0464075,3.9056219975464046
1790423634.0471058,7.252065988723189
1790423634.048134,4.462909011635929
1790423634.049719,5.011620000004768
1790423634.050161,4.439365991856903
1790423634.050393,3.9766580157447606
1790423634.071899,22.168991999933496
1790423634.0737019,24.575687013566494
1790423634.074003,23.6002930032555
1790423634.0745916,27.47512998757884
1790423634.0750718,24.89219099516049
1790423634.0757356,27.591051009949297
1790423634.077379,3.36544998572208
1790423634.0787816,6.866865995107219
1790423634.0794601,3.714093007147312
1790423634.080124,5.043990007834509
1790423634.080589,5.987659998936579
1790423634.0813258,3.935879998607561
1790423634.0831418,3.67264001397416
1790423634.083208,3.0740420043002814
1790423634.0833282,4.538355016848072
1790423634.1041775,17.916323005920276
1790423634.1043997,22.747631010133773
1790423634.105654,18.390047014690936
1790423634.1060874,12.139185011619702
1790423634.1061924,11.746952019166201
1790423634.106257,6.49796100333333
1790423634.107611,1.1261189938522875
1790423634.1090877,1.0913859878201038
1790423634.11165,1085.9682360023726
1790423634.1125097,1031.4631040091626
1790423634.1182866,1059.2491909919772
1790423634.1418126,1085.2668519946747
1790423634.152172,1084.942152025178
1790423634.1531286,1117.5625559990294
1790423634.1546755,1102.0770389877725
1790423634.154773,1128.5436479956843
1790423634.1551301,1087.3221780057065
1790423634.1562476,37.70583399455063
1790423634.1575358,1161.2356459954754
1790423634.158026,39.04358699219301
1790423634.1584003,1115.2875449915882
1790423634.1589398,41.54079299769364
1790423634.1916084,65.16022598952986
1790423634.192696,65.24358500610106
1790423634.193945,1034.9300829984713
1790423634.1948414,1038.790786988102
1790423634.209884,1055.0914819759782
1790423634.2147515,56.343538977671415
1790423634.2158823,1064.3047929916065
1790423634.2162845,79.2413399904035
1790423634.2211854,29.559007001807913
1790423634.2361596,43.452354992041364
1790423634.2368712,43.623190984362736
1790423634.2378109,1093.0944439896848
1790423634.2383747,28.476846986450255
1790423634.2394662,44.616575993131846
1790423634.2405217,25.75768600217998
1790423634.2444603,28.5649310098961
1790423634.2607186,39.521459984825924
1790423634.261714,25.541591021465138
1790423634.2624774,24.656479014083743
1790423634.2641146,32.325085980119184
1790423634.266055,27.67171899904497
1790423634.266581,26.04792997590266
1790423634.2680368,23.563856026157737
1790423634.2691438,29.667552997125313
1790423634.2699363,7.44734299951233
1790423634.2706811,9.947250015102327
1790423634.2718956,10.1689709990751
1790423634.2723322,5.7416780036874115
1790423634.272794,6.72937001218088
1790423634.2812433,13.197030988521874
1790423634.2918832,22.730378987034783
1790423634.2920036,21.313798002665862
1790423634.2937386,29.610180004965514
1790423634.2948086,24.8633430164773
1790423634.2954109,23.06934099760838
1790423634.2960804,24.17627300019376
1790423634.2996218,26.819255988812074
1790423634.3054366,24.18020198820159
1790423634.3166208,24.590867018559948
1790423634.3174403,36.10949299763888
1790423634.317888,25.991306989453733
1790423634.3191597,23.738404997857288
1790423634.3196123,23.52062298450619
1790423634.319969,25.151745008770376
1790423634.3209252,21.292596007697284
1790423634.3225868,17.137054004706442
1790423634.3236294,6.995872012339532
1790423634.3247585,6.859104003524408
1790423634.3251877,5.566668987739831
1790423634.3264208,7.251987000927329
1790423634.327455,7.477662002202123
1790423634.3284085,3.2119549869094044
1790423634.3295732,8.635732025140896
1790423634.329952,7.355895999353379
1790423634.3308291,7.190169999375939
1790423634.3313015,4.872341000009328
1790423634.3320239,7.2510890022385865
1790423634.3325343,1299.1628650052007
1790423634.334526,4.94450400583446
1790423634.334745,7.281266007339582
1790423634.3351984,1277.1363950159866
1790423634.335766,7.347363978624344
1790423634.336214,5.373171006795019
1790423634.3364408,5.12999200145714
1790423634.3374708,3.7450749950949103
1790423634.3375385,3.405390016268939
1790423634.3375924,7.632727996679023
1790423634.3515205,1296.2266779795755
1790423634.360183,1327.4634999979753
1790423634.3610926,1326.0736839729361
1790423634.3718252,1310.8367260138039
1790423634.381205,1345.0339809933212
1790423634.382159,38.12512001604773
1790423634.3822613,39.63635000400245
1790423634.3823776,38.81920198909938
1790423634.3989475,50.71205098647624
1790423634.4028697,37.44478398584761
1790423634.403709,1088.465790002374
1790423634.403929,36.32141702109948
1790423634.405133,21.337849990231916
1790423634.4059196,19.5503460126929
1790423634.4101772,22.068507998483256
1790423634.4282432,29.26679200027138
1790423634.4341793,31.297374982386827
1790423634.4490464,45.10489501990378
1790423634.4499402,44.79717998765409
1790423634.451526,63.839068985544145
1790423634.4561083,1307.6677579956595
1790423634.4616456,1312.21701198956
1790423634.4670687,55.315817007794976
1790423634.472519,44.26496499218047
1790423634.4742682,1344.304967991775
1790423634.474351,1115.59036700055
1790423634.4759955,26.044673984870315
1790423634.4766545,27.596584986895323
1790423634.477664,1048.5448949912097
1790423634.4784956,44.30293900077231
1790423634.4792223,17.565361980814487
1790423634.480719,8.18919501034543
1790423634.4812095,6.846912001492456
1790423634.481812,14.731049013789743
1790423634.4828162,6.149413995444775
1790423634.4839296,7.921095995698124
1790423634.485404,6.895871018059552
1790423634.4863434,4.520679009146988
1790423634.4875073,6.7771799804177135
1790423634.488073,5.247913009952754
1790423634.4897864,8.565952011849731
1790423634.4906917,13.016490003792569
1790423634.4910467,7.102842995664105
1790423634.491317,12.083580979378894
1790423634.4919524,5.599721014732495
1790423634.492299,6.885773007525131
1790423634.4924293,4.346909990999848
1790423634.4929223,5.40657399687916
1790423634.5086758,18.88009801041335
1790423634.5122385,19.798689987510443
1790423634.5123415,19.171678985003382
1790423634.512709,24.045191006734967
1790423634.5132835,13.589983980637044
1790423634.513435,11.3295610062778
1790423634.513519,12.791802000720054
1790423634.5143094,11.804128007497638
1790423634.5145504,1081.6073769819923
1790423634.515276,4.597631981596351
1790423634.5153625,1081.289822992403
1790423634.5175452,1.2064579932484776
1790423634.5215287,2.687944011995569
1790423634.521633,3.2583159918431193
1790423634.5316198,1096.3674939994235
1790423634.5412855,21.114873990882188
1790423634.541551,1108.0624610185623
1790423634.542473,19.685245002619922
1790423634.542746,17.686095990939066
1790423634.5431345,16.444470005808398
1790423634.5467129,18.92987097380683
1790423634.549511,20.262549980543554
1790423634.5699568,26.396621018648148
1790423634.570112,39.66342599596828
1790423634.572112,26.695028005633503
1790423634.5729115,28.326150990324095
1790423634.5827913,28.83901700261049
1790423634.5833042,28.64544902695343
1790423634.5883563,42.81508599524386
1790423634.5995018,36.0592580109369
1790423634.5996742,29.700710001634434
1790423634.615268,44.564581010490656
1790423634.6153662,43.243021005764604
1790423634.616403,43.48184299306013
1790423634.621691,1590.0962070154492
1790423634.6366947,53.37935101124458
1790423634.6477828,1631.720175006194
1790423634.658294,41.88044398324564
1790423634.659856,44.478550989879295
1790423634.6608107,62.85192398354411
1790423634.6615555,39.85481598647311
1790423634.672331,35.62427099677734
1790423634.6776204,1522.0622299821116
1790423634.6881597,1531.2873939983547
1790423634.707541,1554.5019150013104
1790423634.72198,87.66908300458454
1790423634.7225478,82.6340650091879
1790423634.7229695,1575.6172069814056
1790423634.7443695,92.08257799036801
1790423634.7444549,84.58763497765176
1790423634.745629,103.10279097757302
1790423634.746269,80.10764900245704
1790423634.7465513,84.98568198410794
1790423634.7475042,75.16266798484139
1790423634.748449,25.467324012424797
1790423634.749221,61.05151699739508
1790423634.7504036,1318.9997179724742
1790423634.750653,73.01896798890084
1790423634.751535,7.0678920019418
1790423634.753511,1320.8761299902108
1790423634.7542164,4.986138985259458
1790423634.7546477,8.08624702040106
1790423634.7563047,1083.5887060093228
1790423634.7567782,9.262843988835812
1790423634.7571733,1085.4635850118939
1790423634.7579856,9.524618973955512
1790423634.7601416,8.59787198714912
1790423634.760778,6.121521990280598
1790423634.7617395,11.076332011725754
1790423634.7636414,6.854677019873634
1790423634.7648416,14.426279987674206
1790423634.7667134,13.190600991947576
1790423634.7782686,1037.1290229959413
1790423634.7886162,31.434345990419388
1790423634.8040614,49.83482699026354
1790423634.8050122,47.01236600521952
1790423634.8063033,49.987678008619696
1790423634.8075716,1092.7474749914836
1790423634.80768,47.5295840005856
1790423634.8084695,1135.416411998449
1790423634.8171878,60.810602008132264
1790423634.8281822,66.41959998523816
1790423634.829564,65.91266399482265
1790423634.8298347,64.98289600131102
1790423634.831394,27.31867099646479
1790423634.8320048,26.97985098347999
1790423634.83581,75.02256199950352
1790423634.8517842,53.39794300380163
1790423634.8708758,62.39598599495366
1790423634.872006,65.69229799788445
1790423634.8726962,62.96602700604126
1790423634.8735814,84.95493800728582
1790423634.8748736,46.6800440044608
1790423634.8763056,44.899631990119815
1790423634.878009,42.188124993117526
1790423634.8783941,7.50642700586468
1790423634.8791332,47.11819998919964
1790423634.8798625,72.17122099245898
1790423634.880569,64.29641600698233
1790423634.8808036,51.22900000424124
1790423634.881285,9.269294008845463
1790423634.8821397,52.29479100671597
1790423634.8827522,9.161876019788906
1790423634.891579,16.69597698491998
1790423634.896977,17.834922997280955
1790423634.901591,21.71937801176682
1790423634.9024026,27.330126002198085
1790423634.9025528,24.534883996238932
1790423634.9036443,27.327857998898253
1790423634.9047446,26.341772987507284
1790423634.9062352,9.246059024007991
1790423634.9073477,25.198648014338687
1790423634.9081037,16.505184001289308
1790423634.9093165,6.7525159975048155
1790423634.9100626,6.409474008250982
1790423634.9108372,9.234072989784181
1790423634.9248066,20.05285897757858
1790423634.9292247,21.867985982680693
1790423634.930666,25.03050400991924
1790423634.9308426,22.72820399957709
1790423634.9367683,27.440371981356293
1790423634.9563777,45.53050402319059
1790423634.967194,57.12230899371207
1790423634.968066,61.821183015126735
1790423634.9713645,57.32604401418939
1790423634.9718862,42.65152200241573
1790423634.9822466,51.391172979492694
1790423634.9829571,46.17610899731517
1790423635.0020719,1131.5731499926187
1790423635.0132155,56.82468300801702
1790423635.0139837,52.98267400939949
1790423635.0140812,46.87477901461534
1790423635.034971,83.74442899366841
1790423635.0359318,64.0362569829449
1790423635.037536,55.278547981288284
1790423635.0379972,69.91955297417007
1790423635.0387695,58.25839200406335
1790423635.039199,56.23057100456208
1790423635.0479002,465.0969670037739
1790423635.048396,35.16798699274659
1790423635.0584147,43.59065101016313
1790423635.0738134,59.72054600715637
1790423635.079113,54.40308200195432
1790423635.079195,41.649133985629305
1790423635.0804195,42.412347975187004
1790423635.0809143,44.96932300389744
1790423635.0822396,43.02342698792927
1790423635.1148763,66.96293700952083
1790423635.1200387,61.04815797880292
1790423635.1206653,48.40779598453082
1790423635.1215076,42.30090501368977
1790423635.1220133,41.58477601595223
1790423635.1274378,46.514100016793236
1790423635.1377704,55.520497990073636
1790423635.1437852,54.92760200286284
1790423635.144127,262.8313169989269
1790423635.1462572,31.367738003609702
1790423635.146803,25.2850649994798
1790423635.148104,20.654949999880046
1790423635.1485615,26.53925199410878
1790423635.1491678,23.52719902410172
1790423635.1859412,51.8513860006351
1790423635.1860118,39.743626985000446
1790423635.1872387,42.60876099579036
1790423635.188063,43.922489014221355
1790423635.1887538,41.93964001024142
1790423635.189669,41.55615100171417
1790423635.198904,50.33416100195609
1790423635.21094,24.915973976021633
1790423635.2116997,58.06044500786811
1790423635.2124171,24.341474985703826
1790423635.2132025,24.43703598692082
1790423635.218018,28.338381001958624
1790423635.2325711,37.760612001875415
1790423635.2488573,49.941228004172444
1790423635.2531164,42.16398298740387
1790423635.2543218,49.47108999476768
1790423635.25462,42.19534600269981
1790423635.264567,51.356004987610504
1790423635.2747867,58.755702018970624
1790423635.2749984,26.12909398158081
1790423635.2857027,32.57476101862267
1790423635.2956986,41.06954901362769
1790423635.2965438,31.96650798781775
1790423635.2979646,22.952750994591042
1790423635.2984357,12.722081009997055
1790423635.2989185,38.75212499406189
1790423635.319541,22.986823023529723
1790423635.3205678,24.85505599179305
1790423635.3225114,27.643540990538895
1790423635.3226402,24.194411002099514
1790423635.3233657,5.331824999302626
1790423635.3242428,26.26849801163189
1790423635.324905,4.32614897727035
1790423635.3258252,6.272221013205126
1790423635.3279405,4.565573995932937
1790423635.3283074,5.658786976709962
1790423635.3296986,5.446625989861786
1790423635.3312225,6.309502001386136
1790423635.3528767,27.040559973102063
1790423635.3533678,25.418567995075136
1790423635.355239,26.922796008875594
1790423635.3593373,29.629074007971212
1790423635.3597684,33.4016690030694
1790423635.3735425,43.199805018957704
1790423635.3744156,43.182013992918655
1790423635.3750997,30.092781002167612
1790423635.3850899,39.28388698841445
1790423635.3943892,40.14864200144075
1790423635.3946824,41.79715598002076
1790423635.3959968,21.569180011283606
1790423635.396632,43.25451800832525
1790423635.3974001,38.050378003390506
1790423635.3996902,4.998853983124718
1790423635.4001317,4.123382008401677
1790423635.400787,25.677909987280145
1790423635.4012754,16.174007003428414
1790423635.403984,24.83017698978074
1790423635.4048095,1059.534658008488
1790423635.4056227,1051.2567559781019
1790423635.4067373,10.096532991155982
1790423635.4071293,1053.1850629777182
1790423635.407817,1051.2695079960395
1790423635.4082236,1063.3776430040598
1790423635.408844,8.046350005315617
1790423635.4095032,9.803387016290799
1790423635.4101915,12.781159981386736
1790423635.4106421,1060.1970439893194
1790423635.4122028,12.060712004313245
1790423635.4147308,9.901394019834697
1790423635.4159296,8.104613982141018
1790423635.4164155,8.183244004612789
1790423635.4173558,10.609010001644492
1790423635.418539,14.54274999559857
1790423635.4196262,13.993038010085002
1790423635.4201047,10.590090008918196
1790423635.4208512,10.200119984801859
1790423635.4213545,12.50163500662893
1790423635.4228966,15.75819801655598
1790423635.4238474,13.64543300587684
1790423635.4246562,12.443526997230947
1790423635.4260497,10.111720999702811
1790423635.4266014,9.236562997102737
1790423635.4278507,9.300933976192027
1790423635.4283764,13.633793976623565
1790423635.4292657,8.402556995861232
1790423635.4298234,9.709344012662768
1790423635.430116,13.692014006664976
1790423635.4320133,12.377361999824643
1790423635.4338396,10.930927004665136
1790423635.4340694,9.40226300735958
1790423635.4348,10.940779990050942
1790423635.436536,15.172420011367649
1790423635.439174,9.898671007249504
1790423635.439875,11.48977701086551
1790423635.4412694,9.63534801849164
1790423635.44199,14.129609015071765
1790423635.4421864,10.1609879930038
1790423635.4426718,16.061501984950155
1790423635.4434528,17.393934016581625
1790423635.4443727,14.247840008465573
1790423635.4452925,15.460144990356639
1790423635.4478366,13.984318007715046
1790423635.4482937,13.48397001856938
1790423635.4487617,14.679195010103285
1790423635.4643743,25.188071973389015
1790423635.4663846,26.500002975808457
1790423635.4772565,35.05945700453594
1790423635.4830134,46.46775301080197
1790423635.4888108,47.53171399352141
1790423635.491213,48.53264399571344
1790423635.4920127,56.60368798999116
1790423635.4927146,51.83463101275265
1790423635.492924,50.9238539962098
1790423635.4934244,45.57653499068692
1790423635.5151477,50.76115799602121
1790423635.5158331,49.43511198507622
1790423635.5319967,40.77202299959026
1790423635.540619,57.58990297908895
1790423635.5407262,96.34426998673007
1790423635.5430176,50.08348898263648
1790423635.5446436,51.180305978050455
1790423635.5678668,52.70941901835613
1790423635.5780015,101.9378500059247
1790423635.5934417,83.42195302248001
1790423635.6016843,85.83970699692145
1790423635.6029108,74.47826801217161
1790423635.624022,100.65046400995925
1790423635.6258407,93.83249600068666
1790423635.6265192,88.73879900784232
1790423635.6313686,76.42060500802472
1790423635.6528573,122.12313801865093
1790423635.6882288,86.53223697911017
1790423635.6894643,149.31655998225324
1790423635.6898673,70.39576998795383
1790423635.6900957,69.34757498675026
1790423635.690982,71.43373100552708
1790423635.69167,154.71753099700436
1790423635.7126927,86.84000599896535
1790423635.7137501,1776.9885050074663
1790423635.7144089,87.88048499263823
1790423635.7348886,103.51049900054932
1790423635.7374923,49.25037702196278
1790423635.7379313,100.18562199547887
1790423635.7383943,101.11354698892683
1790423635.7537565,62.074410991044715
1790423635.7831228,81.73969201743603
1790423635.7832637,89.35088801081292
1790423635.8087883,96.08130101696588
1790423635.8143945,109.35479699401185
1790423635.8267584,89.25530000124127
1790423635.828264,93.36225301376544
1790423635.8293421,75.57229400845245
1790423635.8300385,102.28546999860555
1790423635.871857,1095.7092239987105
1790423635.872237,1107.9481490014587
1790423635.8725584,72.90003899834119
1790423635.873899,65.09719899622723
1790423635.8752904,48.51876100292429
1790423635.8757386,47.462832008022815
1790423635.8798187,50.465426000300795
1790423635.9043317,31.760401994688436
1790423635.915784,73.50266398862004
1790423635.9167414,1093.294695019722
1790423635.9273233,53.401621989905834
1790423635.9534519,77.70135797909461
1790423635.9539654,78.66367799579166
1790423635.9592397,959.6274539944716
1790423635.959306,80.48265299294144
1790423635.9699528,65.60682601411827
1790423636.0105095,99.13332900032401
1790423636.0154912,96.83585798484273
1790423636.0429645,123.62290499731898
1790423636.0448124,121.77201299346052
1790423636.0450912,1162.3295830213465
1790423636.0460587,1121.240045002196
1790423636.0464625,1165.6503179983702
1790423636.056753,86.7900230223313
1790423636.0664914,1299.7679210093338
1790423636.071879,86.8450389825739
1790423636.0876021,41.53250201488845
1790423636.1077337,61.26027199206874
1790423636.108896,1105.8727810159326
1790423636.1091251,52.35969999921508
1790423636.1352015,90.09977200184949
1790423636.157912,108.93534400383942
1790423636.163754,97.25024699582718
1790423636.1739264,83.36527200299315
1790423636.2039855,116.36996400193311
1790423636.204527,111.93106599966995
1790423636.2255008,1407.211111014476
1790423636.2255774,1400.5947980040219
1790423636.2411106,133.36470900685526
1790423636.251181,1208.0565489886794
1790423636.2616618,152.52447300008498
1790423636.2778978,1204.0711229783483
1790423636.27848,1183.3463970106095
1790423636.291031,1230.7032239914406
1790423636.3012927,103.75770198879763
1790423636.306465,102.46550099691376
1790423636.3119352,126.25140900490806
1790423636.3186188,77.49409601092339
1790423636.3344522,1333.5164739983156
1790423636.3356793,74.00525899720378
1790423636.3368025,508.0506130179856
1790423636.35189,73.9771340158768
1790423636.382792,81.48519499809481
1790423636.3836327,98.57433201977983
1790423636.4006472,94.16964199044742
1790423636.405062,115.18868099665269
1790423636.4059837,72.21953399130143
1790423636.411142,75.45325998216867
1790423636.4491925,97.28854999411851
1790423636.4518168,99.31243699975312
1790423636.452636,69.8289739957545
1790423636.4544003,60.58490101713687
1790423636.4551487,84.03831801842898
1790423636.455722,55.06209601298906
1790423636.475869,64.7158249921631
1790423636.4981747,75.82235799054615
1790423636.5201674,73.63525699474849
1790423636.5204637,104.7276679892093
1790423636.5263789,73.73197400011122
1790423636.5318124,77.3834339925088
1790423636.5476072,91.87484800349921
1790423636.5777063,124.36641499516554
1790423636.5854325,110.11525499634445
1790423636.5856864,87.49734400771558
1790423636.5874639,1138.6916799820028
1790423636.5879683,1142.6671480003279
1790423636.5885863,95.05180601263419
1790423636.5886521,127.22670700168237
1790423636.5890765,1111.8073539983016
1790423636.6036708,77.28114098426886
1790423636.6086385,22.939601010875776
1790423636.610555,23.079620994394645
1790423636.611044,48.7260069930926
1790423636.6118097,23.83136100252159
1790423636.6321456,1064.2686049977783
1790423636.632988,43.902532022912055
1790423636.6334758,1090.4481449979357
1790423636.6353915,1097.0473619818222
1790423636.6436942,35.043095995206386
1790423636.652827,42.26019000634551
1790423636.6532452,41.93984001176432
1790423636.663277,51.456797984428704
1790423636.6968799,68.91711300704628
1790423636.6974537,64.4548739946913
1790423636.6984508,72.32792902505025
1790423636.6991143,66.95530598517507
1790423636.7005146,67.02837100601755
1790423636.7009869,48.150852002436295
1790423636.702895,227.0151300181169
1790423636.7041774,40.888606978114694
1790423636.7051024,44.60318200290203
1790423636.7059433,6.817365007009357
1790423636.7065191,9.054126014234498
1790423636.7099388,8.9406130136922
1790423636.7103722,9.845550026511773
1790423636.711141,4.613378987414762
1790423636.7120204,7.830008980818093
1790423636.7125165,7.402190996799618
1790423636.712935,10.028013988630846
1790423636.7147472,4.36516001354903
1790423636.71516,9.20564800617285
1790423636.7163732,7.20983900828287
1790423636.7173164,4.79039698257111
1790423636.7185364,8.587076998082921
1790423636.719502,6.558073015185073
1790423636.7204025,9.251954004867002
1790423636.721521,6.76295900484547
1790423636.7221386,10.108938004123047
1790423636.722834,6.4516590209677815
1790423636.7232282,8.058809005888179
1790423636.7243102,6.982221995713189
1790423636.7255435,6.993493007030338
1790423636.7266965,7.185146998381242
1790423636.727877,7.465009024599567
1790423636.7282717,6.742333003785461
1790423636.7290618,6.914939993293956
1790423636.7305179,6.199379015015438
1790423636.7314396,8.202643977710977
1790423636.7324488,9.605714003555477
1790423636.7329679,6.260966008994728
1790423636.7338994,8.347797993337736
1790423636.7356827,1287.3786790005397
1790423636.7360773,1247.2574599960353
1790423636.7371519,8.871886995621026
1790423636.7375517,9.666555997682735
1790423636.737995,8.923896995838732
1790423636.738608,8.080258994596079
1790423636.7512848,18.304814992006868
1790423636.7551668,22.708842996507883
1790423636.7565978,27.034525002818555
1790423636.7566686,25.220145005732775
1790423636.7583869,24.477695988025516
1790423636.7591696,20.55305801331997
1790423636.7597358,22.175435995450243
1790423636.7602305,24.144419003278017
1790423636.761659,24.498173006577417
1790423636.762189,7.0127330254763365
1790423636.8226876,62.942113989265636
1790423636.8238482,1114.3274100031704
1790423636.8530872,93.90895901015028
1790423636.8585057,1188.0008589942008
1790423636.8687432,1153.1616139982361
1790423636.8698995,111.50049298885278
1790423636.8955078,1354.7700319904834
1790423636.9155607,1372.9985789977945
1790423636.9161272,143.82806498906575
1790423636.9162078,93.5050779953599
1790423636.9260757,1147.942551993765
1790423636.9312088,78.10939601040445
1790423636.9328768,74.35719901695848
1790423636.9378424,1172.6535070047248
1790423636.9379997,147.4613159953151
1790423636.9398243,69.91166798979975
1790423636.9409907,45.46844799187966
1790423636.9420078,1062.1775719919242
1790423636.94675,77.72065998869948
1790423636.9832933,69.41102698328905
1790423636.984087,68.51456899312325
1790423636.9858248,1102.5668290094472
1790423636.990608,59.38491801498458
1790423636.9908304,48.81087498506531
1790423636.9926586,52.820251003140584
1790423637.004413,63.41133700334467
1790423637.0099635,63.98346400237642
1790423637.0307684,46.668416005559266
1790423637.0689287,1114.9513050040696
1790423637.0696113,92.72074000909925
1790423637.087385,1100.0563250272535
1790423637.1212728,116.84759097988717
1790423637.1214015,136.23830999131314
1790423637.1358747,1160.3187290020287
1790423637.1367104,124.43726600031368
1790423637.1580613,100.35281098680571
1790423637.1631918,1624.0997950080782
1790423637.1642318,138.04514400544576
1790423637.1911457,143.28930497867987
1790423637.205198,1373.8682440016419
1790423637.2107248,89.43611397990026
1790423637.2165651,1357.4143679870758
1790423637.2170498,77.26204398204572
1790423637.218167,87.42081001400948
1790423637.2192135,77.61972100706771
1790423637.219809,56.59800299326889
1790423637.2660124,1534.7482310025953
1790423637.2665243,58.208678994560614
1790423637.2668712,1313.4068000072148
1790423637.2685628,51.50096598663367
1790423637.2690976,1341.7626619921066
1790423637.2697458,50.51842599641532
1790423637.285444,65.6226140272338
1790423637.2859333,1122.1675440028775
1790423637.290876,23.992850998183712
1790423637.2929378,23.831122991396114
1790423637.294353,29.40909899189137
1790423637.2944908,25.91721198405139
1790423637.3026383,32.88387000793591
1790423637.3411193,67.71474800189026
1790423637.3614545,86.31884198985063
1790423637.3941212,111.50222897413187
1790423637.394205,103.3190879970789
1790423637.3951166,117.57412800216116
1790423637.3955297,102.58190199965611
1790423637.405996,114.17417498887517
1790423637.4116359,108.98609599098563
1790423637.4168727,1703.1089699885342
1790423637.4404085,83.86661799158901
1790423637.4420133,97.12337001110427
1790423637.4420846,69.58155197207816
1790423637.4623234,1143.6918510007672
1790423637.464037,69.82159402105026
1790423637.4666972,1154.3800169893075
1790423637.4669857,71.44614099524915
1790423637.4689496,57.30191300972365
1790423637.4696608,61.78677300340496
1790423637.470736,1926.083535014186
1790423637.4713686,30.945683975005522
1790423637.4738185,24.611539993202314
1790423637.4746404,1314.0801699773874
1790423637.4791594,15.111518005141988
1790423637.4923096,27.808305982034653
1790423637.4924512,23.489879007684067
1790423637.4929218,23.24959001271054
1790423637.4944723,27.476593997562304
1790423637.5042646,33.51673000724986
1790423637.5048137,33.43329799827188
1790423637.5350266,55.8565339888446
1790423637.535449,62.676717992872
1790423637.5415378,49.07383501995355
1790423637.5434396,50.50689398194663
1790423637.5443082,39.48500499245711
1790423637.5448709,50.38871199940331
1790423637.5452669,54.65558002470061
1790423637.5487254,44.4486039923504
1790423637.566012,30.97283499664627
1790423637.5665324,24.96757300104946
1790423637.5688312,25.379787985002622
1790423637.5693364,53.105978993698955
1790423637.5785172,34.19828900950961
1790423637.5841231,39.24234298756346
1790423637.589403,40.66754798986949
1790423637.6107512,1062.6042789954226
1790423637.611395,65.79589901957661
1790423637.611495,1063.872694998281
1790423637.6125145,1076.949075999437
1790423637.613397,46.852339000906795
1790423637.6149123,36.38272799435072
1790423637.6155288,49.50627300422639
1790423637.6242208,40.083731000777334
1790423637.6356199,36.235765990568325
1790423637.6356902,24.18231699266471
1790423637.6367204,23.31427502213046
1790423637.6370711,24.54600401688367
1790423637.6378942,22.355827008141205
1790423637.6565144,41.58110899152234
1790423637.6582785,1054.5963330077939
1790423637.6593752,35.14348599128425
1790423637.6621158,26.41611499711871
1790423637.6627326,25.651328003732488
1790423637.6636317,1050.508106010966
1790423637.6699064,32.001221989048645
1790423637.6704729,33.74399497988634
1790423637.7009428,61.44000301719643
1790423637.7015705,58.155273989541456
1790423637.7019527,46.31573299411684
1790423637.7036042,47.08050499903038
1790423637.7047348,46.44435699447058
1790423637.705334,47.77813999680802
1790423637.7088935,49.50689000543207
1790423637.742575,62.359389004996046
1790423637.7702372,67.63202900765464
1790423637.770686,81.74540000618435
1790423637.7713614,69.3979480129201
1790423637.7720962,68.48231801996008
1790423637.7735343,68.1895239977166
1790423637.7744758,69.73027999629267
1790423637.8443205,96.07775701442733
1790423637.8541028,139.9914440116845
1790423637.855765,130.09637998766266
1790423637.8564212,84.31029101484455
1790423637.8909695,119.59293301333673
1790423637.9126294,139.08240699674934
1790423637.9283314,197.3197470069863
1790423637.94606,158.44138400279917
1790423637.9632437,1450.1908399979584
1790423637.9642262,1362.094663985772
1790423637.9849207,128.48764899536036
1790423637.9854035,131.287363008596
1790423638.0006177,156.2824879947584
1790423638.0109692,98.32485800143331
1790423638.0268626,171.08634000760503
1790423638.0294883,101.14391299430281
1790423638.0552955,126.2262020027265
1790423638.070702,124.61465699016117
1790423638.082791,1166.571732988814
1790423638.1028752,117.94326300150715
1790423638.1132762,150.01754299737513
1790423638.1288745,149.33251298498362
1790423638.1735678,1182.947773981141
1790423638.2119155,221.38308599824086
1790423638.2166638,1224.61136901984
1790423638.2222497,195.37289399886504
1790423638.2325373,1276.7936249729246
1790423638.2341135,131.22471197857521
1790423638.2442951,162.41877598804422
1790423638.2708447,1201.896101993043
1790423638.2818084,116.6345759993419
1790423638.282516,127.9297349974513
1790423638.3354235,150.4112959955819
1790423638.34579,134.74163500359282
1790423638.3462646,112.137458025245
1790423638.3555064,1364.6662179962732
1790423638.3560433,129.08781701116823
1790423638.376189,94.36293700127862
1790423638.3808632,1426.874183001928
1790423638.4357586,1395.5006299947854
1790423638.4408689,94.59098498336971
1790423638.452032,1388.768290024018
1790423638.469916,1190.7667269988451
1790423638.479975,1185.473905003164
1790423638.507454,132.64880600036122
1790423638.5274024,1594.5131050248165
1790423638.5326989,146.4726899866946
1790423638.5380254,1121.137815003749
1790423638.5926807,1180.105065985117
1790423638.593179,136.81663299212232
1790423638.6039515,1611.281343997689
1790423638.6048026,127.87948700133711
1790423638.6144242,87.00645397766493
1790423638.617349,113.95491700386629
1790423638.617838,83.59553400077857
1790423638.6184711,80.43651201296598
1790423638.653409,100.71200100355782
1790423638.6622846,1378.2872130104806
1790423638.6774528,84.19155099545605
1790423638.6784096,60.558717988897115
1790423638.6792192,76.7324980115518
1790423638.6793268,60.843449988169596
1790423638.689916,44.060109998099506
1790423638.7042022,53.31561600905843
1790423638.7307281,70.73477399535477
1790423638.7317123,54.24575399956666
1790423638.743547,74.43846599198878
1790423638.7459838,84.97531499597244
1790423638.7463887,67.9692999983672
1790423638.7681215,88.78422499401495
1790423638.7825856,1141.3154400070198
1790423638.782672,1120.5467589898035
1790423638.7890165,42.617233004420996
1790423638.7896678,85.45277299708687
1790423638.7911844,72.86692899651825
1790423638.8100054,1093.0294829886407
1790423638.8113854,44.670575007330626
1790423638.8124888,53.1963630055543
1790423638.8126397,23.612959979800507
1790423638.8222005,1536.2574140017387
1790423638.8229527,33.2756339921616
1790423638.8324835,22.46415099943988
1790423638.8346379,23.24123401194811
1790423638.83544,44.68196799280122
1790423638.8355992,13.386749982601032
1790423638.8360467,23.3987910032738
1790423638.8451333,22.167557995999232
1790423638.8711383,33.340700989356264
1790423638.885616,1977.2800719947554
1790423638.9138854,79.23676198697649
1790423638.914613,82.11613801540807
1790423638.9167175,81.10875397687778
1790423638.9177306,1981.5987100009806
1790423638.9187493,1127.3138830147218
1790423638.9260602,90.00428201397881
1790423638.9266052,81.45562998834066
1790423638.948818,69.45714302128181
1790423638.9676309,80.1941079844255
1790423638.972938,108.4484790044371
1790423638.9742944,68.91022101626731
1790423639.0007915,1370.8700350252911
1790423639.0033805,114.37091598054394
1790423639.0057,91.07525800936855
1790423639.0085151,1376.9855000136886
1790423639.009255,95.35714398953132
1790423639.0102646,93.53377600200474
1790423639.0212276,49.22382099903189
1790423639.0216937,98.28297200147063
1790423639.030832,104.21620900160633
1790423639.0501182,71.37389000854455
1790423639.0720878,1086.6739059856627
1790423639.0777285,113.04827200365253
1790423639.078788,73.07743100682274
1790423639.079393,1090.4503990022931
1790423639.0804656,71.19903797865845
1790423639.08152,50.67364498972893
1790423639.085683,52.33626000699587
1790423639.0977101,98.37611299008131
1790423639.1014614,91.18420700542629
1790423639.103131,119.96426500263624
1790423639.1069374,1332.4515959830023
1790423639.110092,73.51148599991575
1790423639.1284666,49.66678598430008
1790423639.1316686,68.20365699240938
1790423639.1327102,51.17767900810577
1790423639.133283,52.8057629999239
1790423639.147574,63.69980602175929
1790423639.1477444,58.30907801282592
1790423639.1556895,69.99392798752524
1790423639.1564605,1087.7163709956221
1790423639.157158,70.5475119757466
1790423639.1624932,55.544825008837506
1790423639.1677642,39.28298098617233
1790423639.1819737,80.49999497598037
1790423639.1824472,49.72460400313139
1790423639.1930442,64.48103598086163
1790423639.195745,22.84760499605909
1790423639.2032385,69.9438749870751
1790423639.2267072,71.00569800240919
1790423639.2275398,68.49585700547323
1790423639.228256,1145.4474370111711
1790423639.2295551,47.09750600159168
1790423639.2306874,48.70024599949829
1790423639.230897,17.266932991333306
1790423639.233227,9.371419000672176
1790423639.2341552,7.438461994752288
1790423639.24341,15.85898399935104
1790423639.2501173,26.980997994542122
1790423639.2566738,1090.7235780032352
1790423639.257285,29.018125002039596
1790423639.2580621,1549.1557949862909
1790423639.2588592,1092.3054029990453
1790423639.2604938,29.586511984234676
1790423639.261236,27.99942099954933
1790423639.2617674,31.069524004124105
1790423639.2638578,20.435162005014718
1790423639.2646723,6.59842201275751
1790423639.2661772,8.880376000888646
1790423639.266543,9.855837997747585
1790423639.2669604,5.181768006877974
1790423639.267733,8.863039023708552
1790423639.2682931,7.7899289899505675
1790423639.2693994,8.153650007443503
1790423639.2714334,7.563800987554714
1790423639.2723699,7.6878860127180815
1790423639.2730942,6.907530012540519
1790423639.2737854,5.481063009938225
1790423639.2751408,8.589396980823949
1790423639.275635,8.665836998261511
1790423639.2762437,4.800171998795122
1790423639.2776663,8.257748006144539
1790423639.2781591,10.417034005513415
1790423639.2788513,5.048430000897497
1790423639.281113,8.007074997294694
1790423639.2817733,6.622987013543025
1790423639.2824004,6.755985989002511
1790423639.2829247,10.545214026933536
1790423639.2847486,7.072614011121914
1790423639.2854345,9.181214991258457
1790423639.2864344,8.266142016509548
1790423639.2867837,7.922035991214216
1790423639.2879128,6.789451988879591
1790423639.2905214,8.73887600027956
1790423639.2913656,6.605200993362814
1790423639.2919288,9.518973005469888
1790423639.292332,6.8868900125380605
1790423639.2928832,6.440344994189218
1790423639.293631,6.839743000455201
1790423639.2950225,12.089959986042231
1790423639.2967095,5.33223498496227
1790423639.2979186,9.992956998758018
1790423639.2992227,7.284080027602613
1790423639.2999063,9.375452995300293
1790423639.3009884,7.348582992563024
1790423639.3013995,9.05873000738211
1790423639.3017168,8.825045020785183
1790423639.3026962,14.294685010099784
1790423639.304699,7.977999019203708
1790423639.3051236,10.08863898459822
1790423639.3060968,8.166800980689004
1790423639.3084686,9.236637997673824
1790423639.3095717,8.16191898775287
1790423639.3110647,10.06534299813211
1790423639.3114586,8.753664005780593
1790423639.3120413,12.124603992560878
1790423639.3134978,8.36343300761655
1790423639.3313777,25.26876999763772
1790423639.3438246,39.115566993132234
1790423639.3704243,61.94671700359322
1790423639.375991,68.90504001057707
1790423639.3770182,75.29060202068649
1790423639.3852062,40.22392100887373
1790423639.3917136,31.72089101281017
1790423639.421234,111.65169801097363
1790423639.4251428,24.91012800601311
1790423639.448903,105.06705200532451
1790423639.4506168,99.13011299795471
1790423639.450713,73.68109200615436
1790423639.4514973,81.05847699334845
1790423639.45679,1101.269698003307
1790423639.4573588,1322.6404160086531
1790423639.470032,42.99706799793057
1790423639.4839835,30.69672000128776
1790423639.498576,1122.3705799784511
1790423639.500074,51.15779599873349
1790423639.5016572,85.9239170094952
1790423639.5022798,51.55351999565028
1790423639.5032847,46.4813040161971
1790423639.5044794,47.10677399998531
1790423639.5049005,53.39052600902505
1790423639.505249,1053.902728977846
1790423639.5056365,1418.5035820119083
1790423639.5056975,28.261666011530906
1790423639.5075333,8.94566101487726
1790423639.5086036,8.520856994437054
1790423639.510892,8.602441987022758
1790423639.5115244,6.615627004066482
1790423639.5122414,6.983759987633675
1790423639.5125914,9.297830983996391
1790423639.513549,7.842363993404433
1790423639.5145955,10.105778987053782
1790423639.5166526,8.039420994464308
1790423639.517405,5.871232016943395
1790423639.518789,11.244969005929306
1790423639.519738,7.487916998798028
1790423639.5201824,7.582682010252029
1790423639.520401,9.500406013103202
1790423639.521223,7.663412019610405
1790423639.5235796,6.913910998264328
1790423639.524847,10.240859002806246
1790423639.5258992,7.098881993442774
1790423639.5264337,6.684820982627571
1790423639.529034,8.62380798207596
1790423639.529426,8.192994020646438
1790423639.5298333,9.641712007578462
1790423639.5305195,13.104542013024911
1790423639.531794,8.203502016840503
1790423639.5329285,6.484021985670552
1790423639.5342495,8.33855802193284
1790423639.536899,5.0942410016432405
1790423639.5374408,7.598686992423609
1790423639.5379248,7.396775996312499
1790423639.538388,5.4478720121551305
1790423639.539354,14.479953999398276
1790423639.5404427,6.183580000652
1790423639.5422204,5.310584994731471
1790423639.543228,33.82593998685479
1790423639.5434198,5.022921017371118
1790423639.5438645,6.414537987438962
1790423639.5445197,6.584032002137974
1790423639.5459468,3.7164049863349646
1790423639.5465784,6.124748004367575
1790423639.5477412,8.375170000363141
1790423639.548784,4.9114139983430505
1790423639.5501924,3.595903021050617
1790423639.5519004,8.471125998767093
1790423639.5529094,8.3675799833145
1790423639.5537767,7.819649996235967
1790423639.5613797,13.62679700832814
1790423639.571498,23.271415993804112
1790423639.5728304,1036.6467439744156
1790423639.5736036,1086.8461889913306
1790423639.5738328,1033.2508420106024
1790423639.5755663,21.216199995251372
1790423639.6197238,41.866457992000505
1790423639.6377816,49.15020600310527
1790423639.6448727,1151.2779220065568
1790423639.6450584,1165.071094990708
1790423639.646485,1127.2984009992797
1790423639.6506155,121.17942099575885
1790423639.6517236,80.2147870126646
1790423639.6567483,1146.6301930195186
1790423639.6568582,84.01672198669985
1790423639.6767545,92.60054299375042
1790423639.6773973,1539.7394960164092
1790423639.6778727,87.40847100852989
1790423639.678794,33.72279100585729
1790423639.6801608,1065.7191579812206
1790423639.6806164,14.593928994145244
1790423639.6813622,1507.7828759967815
1790423639.6825387,9.007768996525556
1790423639.6837285,33.10035201138817
1790423639.6849134,7.505409012082964
1790423639.6857018,5.074872984550893
1790423639.6871488,9.26573300966993
1790423639.6878083,9.004878986161202
1790423639.6898763,8.503671997459605
1790423639.6908677,5.944863019976765
1790423639.6921928,12.02348098740913
1790423639.6932943,10.74343200889416
1790423639.6946013,8.88833001954481
1790423639.7064395,19.279251981060952
1790423639.7069614,23.222454998176545
1790423639.7123158,1271.4288420102093
1790423639.7172968,30.76707900618203
1790423639.7237604,49.47723099030554
1790423639.7281895,40.37019101087935
1790423639.74345,53.56078202021308
1790423639.7467656,55.88737200014293
1790423639.7483988,41.42671701265499
1790423639.7489855,56.08782300259918
1790423639.7496054,56.30183801986277
1790423639.7514188,56.80613298318349
1790423639.752578,24.373496999032795
1790423639.777482,30.704549979418516
1790423639.7824063,38.939441001275554
1790423639.7832952,38.4944079851266
1790423639.7866497,94.92536398465745
1790423639.7929404,44.52707100426778
1790423639.7941587,45.16261399840005
1790423639.7942386,44.619754975428805
1790423639.796108,44.67654399923049
1790423639.797353,44.76464199251495
1790423639.8022738,1265.3028240019921
1790423639.8023994,19.979872013209388
1790423639.807622,30.12872999534011
1790423639.818474,25.523714983137324
1790423639.8200035,32.72665399708785
1790423639.8202107,25.961310981074348
1790423639.8298783,32.511716010048985
1790423639.8330162,132.58882900117896
1790423639.8382583,113.01920400001109
1790423639.8491995,1108.2272179774009
1790423639.8505137,1118.7868410197552
1790423639.8611588,42.67098300624639
1790423639.866506,46.284390991786495
1790423639.8860912,139.77298000827432
1790423639.8954256,72.36509799258783
1790423639.8992786,73.2406819879543
1790423639.9116902,149.8100039898418
1790423639.922264,73.05298198480159
1790423639.9245043,63.33275599172339
1790423639.9252877,1321.3202539773192
1790423639.9266624,253.52876199758612
1790423639.9281223,92.83046200289391
1790423639.930314,79.78897899738513
1790423639.9311423,6.625712005188689
1790423639.9315994,65.08154101902619
1790423639.9320364,225.584063999122
1790423639.9324288,10.151499998755753
1790423639.9330368,7.736970001133159
1790423639.94211,15.433435008162633
1790423639.948836,153.81262201117352
1790423639.9526126,21.46004099631682
1790423639.9544785,26.34516201214865
1790423639.9549577,24.604281003121287
1790423639.9570527,24.615308007923886
1790423639.9576828,25.63434498733841
1790423639.9597645,4.795816988917068
1790423639.961625,30.016335018444806
1790423639.962722,10.098848986672238
1790423639.9631443,30.096382019110024
1790423639.9643826,22.26017601788044
1790423639.965232,129.14259001263417
1790423639.9698603,145.48323798226193
1790423639.9699385,106.06148399529047
1790423639.9718587,14.163595013087615
1790423639.9774299,20.36482500261627
1790423639.9826274,1056.5419560007285
1790423639.990189,83.33547200891189
1790423639.9943447,1077.0880249910988
1790423639.9953728,164.64591599651612
1790423640.0048747,45.0985349889379
1790423640.007019,1106.6122239863034
1790423640.0071027,45.46617000596598
1790423640.008173,45.01706000883132
1790423640.0097106,45.317353011341766
1790423640.0105898,44.41899902303703
1790423640.0114758,34.036573983030394
1790423640.013005,1469.7951240232214
1790423640.0140555,9.166489995550364
1790423640.0167387,9.62501298636198
1790423640.0180423,9.857735014520586
1790423640.0192926,9.571117989253253
1790423640.0197432,8.256864006398246
1790423640.0201297,9.52925399178639
1790423640.020761,7.744551985524595
1790423640.021987,7.9204819921869785
1790423640.0238628,1269.958749995567
1790423640.0256228,63.584030023775995
1790423640.0264108,1285.9214810014237
1790423640.027629,1246.2123179866467
1790423640.029223,8.4514899936039
1790423640.029645,10.342432011384517
1790423640.0305703,10.430563008412719
1790423640.0317352,17.938592995051295
1790423640.032802,13.049290981143713
1790423640.0334837,15.430983010446653
1790423640.035855,19.108043983578682
1790423640.0374355,15.436487010447308
1790423640.0496113,74.93630301905796
1790423640.0548475,42.556764994515106
1790423640.0668185,37.16309100855142
1790423640.0723023,44.65915000764653
1790423640.0955243,50.33605097560212
1790423640.0994332,1119.4394460180774
1790423640.0997357,37.351435981690884
1790423640.1263921,102.51928298384883
1790423640.1393304,1413.7448680121452
1790423640.1517031,1175.7079579983838
1790423640.15626,125.6789659964852
1790423640.1592565,132.83595399116166
1790423640.1602068,1155.7059710030444
1790423640.1607378,127.24403099855408
1790423640.1802554,78.90950597357005
1790423640.1916623,124.83011299627833
1790423640.1967595,106.05866299010813
1790423640.1979017,116.12560800858773
1790423640.2070806,70.32490402343683
1790423640.2208195,99.6187629934866
1790423640.2209113,71.97545500821434
1790423640.235382,74.63319299858995
1790423640.2364774,77.20879398402758
1790423640.240701,78.59688802273013
1790423640.2413356,100.18852198845707
1790423640.245455,130.21810801001266
1790423640.2555883,107.84586501540616
1790423640.260417,90.77506500761956
1790423640.2608523,69.1773759899661
1790423640.2858698,49.37849400448613
1790423640.2860224,65.09978100075386
1790423640.288509,77.64856400899589
1790423640.2891345,53.73718499322422
1790423640.2899134,49.19902898836881
1790423640.2989166,93.95522499107756
1790423640.3090832,131.48725297651254
1790423640.3091898,82.46782902278937
1790423640.3137076,52.843017008854076
1790423640.3157399,42.42625201004557
1790423640.3174636,31.427650013938546
1790423640.3181517,1324.8037160083186
1790423640.3189526,29.807931976392865
1790423640.3198798,6.1592730053234845
1790423640.3208516,5.099909991258755
1790423640.321525,35.63990499242209
1790423640.3232949,4.332297015935183
1790423640.3237472,6.271980993915349
1790423640.3249137,4.048986011184752
1790423640.3257246,4.1879829950630665
1790423640.3272867,7.391395978629589
1790423640.3278537,4.094427014933899
1790423640.3291774,5.871806002687663
1790423640.3296292,4.694831994129345
1790423640.3318481,6.101282982854173
1790423640.332339,43.81839800043963
1790423640.3328846,5.585356993833557
1790423640.3340478,6.184219993883744
1790423640.334729,5.54052900406532
1790423640.3356378,5.997989006573334
1790423640.3368142,4.954125004587695
1790423640.3373055,4.410927998833358
1790423640.3387833,4.0424870094284415
1790423640.339487,3.839033015538007
1790423640.3413634,4.047558992169797
1790423640.341894,5.069074017228559
1790423640.3427298,8.672609023051336
1790423640.3436697,4.873976984526962
1790423640.3464627,4.557915002806112
1790423640.3468492,5.467412993311882
1790423640.347258,4.518550995271653
1790423640.3481236,8.62512897583656
1790423640.3494263,5.745442002080381
1790423640.350588,4.116229014471173
1790423640.3521395,4.006642004242167
1790423640.35269,5.831074988236651
1790423640.3532872,6.020473985699937
1790423640.3538237,4.388333996757865
1790423640.355473,4.872435005381703
1790423640.357094,1045.6267940171529
1790423640.3576345,5.483885004650801
1790423640.3583462,4.511927982093766
1790423640.3591173,6.414817995391786
1790423640.359798,6.500988994957879
1790423640.3615656,3.9219239843077958
1790423640.3630044,7.520544982980937
1790423640.3638804,6.776887981686741
1790423640.364793,6.438101991079748
1790423640.3653922,6.265623000217602
1790423640.3660467,6.238586996914819
1790423640.3678932,6.318625994026661
1790423640.370245,7.2294909914489836
1790423640.371073,5.671468999935314
1790423640.3716094,6.806432997109368
1790423640.3726137,8.722291997401044
1790423640.3730123,5.108359997393563
1790423640.3741646,3.9102300070226192
1790423640.3745942,8.537719986634329
1790423640.3757153,4.097377008292824
1790423640.3780744,3.9011210028547794
1790423640.3793972,4.793835978489369
1790423640.3801365,9.052490000613034
1790423640.381536,8.515154011547565
1790423640.3824844,6.75818498712033
1790423640.383339,10.714519012253731
1790423640.3848157,6.73091399949044
1790423640.385648,6.241196009796113
1790423640.3877742,27.222771022934467
1790423640.3902693,10.12214901857078
1790423640.405866,22.51847300794907
1790423640.4074943,25.947901012841612
1790423640.408229,27.30347099713981
1790423640.4090438,26.547963003395125
1790423640.4098654,24.205386987887323
1790423640.4108353,26.00869702291675
1790423640.4116645,5.787201982457191
1790423640.4121716,21.89369100960903
1790423640.4148386,4.9633129965513945
1790423640.4160142,5.166440008906648
1790423640.4166987,7.6447249739430845
1790423640.4189832,11.47528801811859
1790423640.4204266,28.483998990850523
1790423640.420785,9.109343984164298
1790423640.4224405,6.41536500188522
1790423640.4229689,8.119008998619393
1790423640.4234974,4.503892007051036
1790423640.4242158,7.5078200025018305
1790423640.4450579,24.262103019282222
1790423640.4470549,24.60258500650525
1790423640.4486241,25.644476001616567
1790423640.4502745,26.049762003822252
1790423640.4510012,32.50441999989562
1790423640.4522922,26.421132002724335
1790423640.4641223,40.614413999719545
1790423640.5009625,66.84633099939674
1790423640.5033538,1082.1038569847587
1790423640.5042107,59.13840502034873
1790423640.5055854,1115.9837229934055
1790423640.5060177,58.94980899756774
1790423640.5110245,49.560631974600255
1790423640.511121,63.30221000825986
1790423640.5125191,63.884614006383345
1790423640.51337,101.18875800981186
1790423640.5231767,59.04131699935533
1790423640.5295572,40.23864000919275
1790423640.549632,1346.3828889944125
1790423640.5522926,70.94804401276633
1790423640.5658174,22.774014010792598
1790423640.5741897,69.96647999039851
1790423640.5764394,70.40843399590813
1790423640.586958,83.58969000983052
1790423640.5982203,1156.6332280053757
1790423640.6004913,87.95879399986006
1790423640.6015854,1124.6939340198878
1790423640.6051023,65.98831701558083
1790423640.6063678,92.98648399999365
1790423640.6107633,1298.7116010044701
1790423640.6115022,1280.109810992144
1790423640.6122053,38.004653993994
1790423640.6134553,1059.668806992704
1790423640.6138854,13.37835198501125
1790423640.614441,1303.3666250121314
1790423640.6150672,1301.5592229785398
1790423640.6165926,14.991930016549304
1790423640.618444,41.99302999768406
1790423640.6210377,10.261062008794397
1790423640.621719,9.502724016783759
1790423640.6223824,8.914628007914871
1790423640.623118,9.22199699562043
1790423640.6238532,17.47165300184861
1790423640.6682155,65.90450601652265
1790423640.6710677,55.988940002862364
1790423640.6715965,60.08409601054154
1790423640.6736097,68.49320401670411
1790423640.6752856,56.82848798460327
1790423640.6761048,59.49958399287425
1790423640.6765563,55.50729899550788
1790423640.6773612,62.9077990015503
1790423640.6779413,55.54918901179917
1790423640.6856658,72.99109600717202
1790423640.6966913,74.9597979884129
1790423640.697204,26.122872019186616
1790423640.7008448,29.238043003715575
1790423640.702841,68.2902569824364
1790423640.7039812,26.61031499155797
1790423640.7045925,28.477594983996823
1790423640.7054708,30.17338499194011
1790423640.7059407,29.37285098596476
1790423640.7073512,10.649536008713767
1790423640.7079897,15.853988006711006
1790423640.7091768,8.320800989167765
1790423640.710853,5.372554005589336
1790423640.7131205,8.516799018252641
1790423640.7147825,8.832330000586808
1790423640.7162578,8.894844999304041
1790423640.716647,8.644713001558557
1790423640.7172263,13.234640005975962
1790423640.71766,8.473447000142187
1790423640.7186954,108.99519501253963
1790423640.7188396,7.9757530183997005
1790423640.723615,89.77566799148917
1790423640.7321346,19.00253299390897
1790423640.7327192,17.92732600006275
1790423640.74049,23.83126100176014
1790423640.7420757,30.216622981242836
1790423640.742721,26.453412981936708
1790423640.7435298,25.86091900593601
1790423640.743688,26.450958976056427
1790423640.7458684,13.721312978304923
1790423640.7465312,27.682182000717148
1790423640.7472045,101.71638600877486
1790423640.7494314,16.69982899329625
1790423640.761128,97.23327300162055
1790423640.7898388,122.27207000250928
1790423640.8118784,1340.0740649958607
1790423640.8135364,73.03295499878004
1790423640.8153675,71.66516702272929
1790423640.8159995,72.4576830107253
1790423640.8178608,75.12903699534945
1790423640.8191905,73.31216800957918
1790423640.819774,6.226889992831275
1790423640.8202345,1128.0321500089485
1790423640.8212605,74.71811701543629
1790423640.8223665,6.985902989981696
1790423640.8255339,6.331717973807827
1790423640.8259437,4.673683986766264
1790423640.8264897,6.705510983010754
1790423640.8278043,7.558142999187112
1790423640.8282604,10.388230992248282
1790423640.849923,23.96880998276174
1790423640.8513994,25.855459010927007
1790423640.8524065,30.029159010155126
1790423640.8531845,26.683680014684796
1790423640.8547702,26.50029698270373
1790423640.857225,1054.9389939988032
1790423640.8579614,8.023906004382297
1790423640.8591018,7.6875459926668555
1790423640.8599267,1052.2944149852265
1790423640.8611054,8.688751986483112
1790423640.8619435,38.85435400297865
1790423640.8621612,34.34704101528041
1790423640.8623283,1059.9174550152384
1790423640.8637557,10.56021501426585
1790423640.8663208,9.08559700474143
1790423640.8680098,177.2851970163174
1790423640.8693058,11.331597983371466
1790423640.8697996,8.684107015142217
1790423640.8710206,16.237992007518187
1790423640.8719347,8.163006015820429
1790423640.8728786,12.941752007463947
1790423640.8734188,11.24449199414812
1790423640.8740296,11.688500992022455
1790423640.8744884,15.375324990600348
1790423640.8778636,11.532486008945853
1790423640.8791664,9.849343012319878
1790423640.8799202,10.10488800238818
1790423640.887432,157.50846499577165
1790423640.8891358,101.7800289846491
1790423640.8894475,116.81115601095371
1790423640.8897266,54.15633099619299
1790423640.891947,20.913722983095795
1790423640.893346,19.91489398642443
1790423640.9012718,28.380009025568143
1790423640.903673,29.631351004354656
1790423640.9051976,40.36755400011316
1790423640.9053302,33.38574600638822
1790423640.906092,28.21614101412706
1790423640.9067645,32.266608002828434
1790423640.907333,28.154693980468437
1790423640.9086268,7.343606004724279
1790423640.9100044,18.044708005618304
1790423640.912763,6.661572988377884
1790423640.9134724,9.787718998268247
1790423640.914053,7.278606994077563
1790423640.9146686,9.326054016128182
1790423640.9153068,35.37476799101569
1790423640.922953,28.862268023658544
1790423640.9319284,23.288536991458386
1790423640.9388158,1295.5833350133616
1790423640.9398623,1335.6789450044744
1790423640.9406276,33.282578020589426
1790423640.9426813,32.66598601476289
1790423640.9448638,30.798505002167076
1790423640.9459734,32.49063799739815
1790423640.946472,14.524152007652447
1790423640.9476757,32.3590449988842
1790423640.9481685,33.48730900324881
1790423640.949036,36.26254401751794
1790423640.950069,9.427459997823462
1790423640.950525,11.69673801632598
1790423640.9619548,19.26018000813201
1790423640.9785213,32.53677499014884
1790423640.979932,35.055223997915164
1790423640.9827888,1517.9546749859583
1790423640.9830086,35.322472016559914
1790423640.9839823,42.44730802020058
1790423640.9840615,33.980965992668644
1790423640.985537,36.490145983407274
1790423640.9957516,68.14218498766422
1790423640.9970486,35.08298800443299
1790423641.008641,30.105946003459394
1790423641.0132594,65.08061202475801
1790423641.0141573,67.67292501172051
1790423641.0157628,35.81903100712225
1790423641.0164177,33.3989710197784
1790423641.0181882,51.118941977620125
1790423641.018756,33.2058249914553
1790423641.0192363,22.17825999832712
1790423641.0207362,12.081933993613347
1790423641.0212464,7.076320005580783
1790423641.0216768,8.404816006077453
1790423641.0229897,40.18895898479968
1790423641.0484602,32.68361699883826
1790423641.0500174,33.58616301557049
1790423641.0506442,31.397128012031317
1790423641.0519936,33.22716700495221
1790423641.0724175,50.72927399305627
1790423641.0778053,129.27947801654227
1790423641.0833557,62.60830498649739
1790423641.084777,61.77555600879714
1790423641.0855045,64.24569000955671
1790423641.0870914,60.31893700128421
1790423641.0916467,41.6128340002615
1790423641.0967875,48.3117240073625
1790423641.1069932,56.3374699850101
1790423641.1090593,122.90741800097749
1790423641.1095273,172.9193770152051
1790423641.1146023,120.94082898693159
1790423641.1159165,63.90867300797254
1790423641.1168568,1085.1118130085524
1790423641.1176884,1088.4555669908877
1790423641.118784,1082.9196400009096
1790423641.1199462,36.576176004018635
1790423641.1215944,36.802524991799146
1790423641.1244817,17.47545599937439
1790423641.1250658,52.630610996857285
1790423641.1256855,1473.942968994379
1790423641.128434,12.505114020314068
1790423641.1289396,10.144191997824237
1790423641.1298237,12.12348198168911
1790423641.1300793,10.123876010766253
1790423641.1306112,1071.1843009921722
1790423641.131376,39.71737698884681
1790423641.131933,15.064623003127053
1790423641.1325405,47.02211800031364
1790423641.1361215,112.51561398967169
1790423641.1367002,6.867029995191842
1790423641.1383348,12.639608001336455
1790423641.1396391,14.559962990460917
1790423641.1397314,11.287998000625521
1790423641.140738,10.648512019542977
1790423641.1412432,9.301041020080447
1790423641.142766,11.380585987353697
1790423641.144543,15.59341000393033
1790423641.1447582,20.263926999177784
1790423641.1463568,13.80550698377192
1790423641.1469972,10.287161014275625
1790423641.1474872,25.882770016323775
1790423641.148816,6.039097002940252
1790423641.1497293,9.987847995944321
1790423641.152562,7.791258016368374
1790423641.1526935,8.1381099880673
1790423641.1534693,15.124783996725455
1790423641.1539207,14.270855986978859
1790423641.1549072,101.61732099368237
1790423641.1564646,45.478607004042715
1790423641.2316654,84.6556110191159
1790423641.2528286,106.4611820038408
1790423641.2546046,104.86206100904383
1790423641.2553966,107.89928599842824
1790423641.2570553,108.22809900855646
1790423641.2577522,105.04698700970039
1790423641.2631474,71.3546100014355
1790423641.270756,118.18274200777523
1790423641.2732785,72.58999501937069
1790423641.2763267,40.618100989377126
1790423641.2997382,25.236164015950635
1790423641.302189,102.27624597609974
1790423641.3042202,67.07806698977947
1790423641.320085,67.24132201634347
1790423641.3424323,87.0229670254048
1790423641.35209,48.5352820251137
1790423641.3531601,98.54257799452171
1790423641.3772368,1674.7188760200515
1790423641.3773208,119.55793100059964
1790423641.397942,1361.0191630141344
1790423641.4008625,78.25523798237555
1790423641.4047027,133.9357340184506
1790423641.4055524,101.32120602065697
1790423641.4115155,87.0735960197635
1790423641.4173982,109.43397300434299
1790423641.4311166,128.40143599896692
1790423641.459109,290.3139969857875
1790423641.4822242,146.0835999750998
1790423641.4826043,102.93484400608577
1790423641.496267,143.0964060127735
1790423641.505057,1242.8480560192838
1790423641.5105023,133.17136000841856
1790423641.551741,146.1775540083181
1790423641.5602572,173.5132909961976
1790423641.5762913,150.93994900234975
1790423641.5816994,230.57565500494093
1790423641.5861652,135.21686699823476
1790423641.596556,115.41902500903234
1790423641.6017337,99.70864202477969
1790423641.6022804,187.0858359907288
1790423641.605304,146.17923597688787
1790423641.6071687,138.01060599507764
1790423641.6076043,171.61954098264687
1790423641.608746,1318.8187610066961
1790423641.609453,1159.1668449982535
1790423641.610523,1159.5109039917588
1790423641.611875,230.977916973643
1790423641.612302,1574.8545879905578
1790423641.6127865,61.030999990180135
1790423641.6135375,1063.8955479953438
1790423641.6140356,8.717906021047384
1790423641.6149008,60.75933898682706
1790423641.6169233,106.41062501235865
1790423641.6175125,87.5780539936386
1790423641.6179667,57.69365499145351
1790423641.6183856,8.921200991608202
1790423641.6193924,10.633033001795411
1790423641.620671,3.7377720000222325
1790423641.621242,8.446272986475378
1790423641.6229532,8.907840005122125
1790423641.625698,13.375781010836363
1790423641.6265643,8.169348002411425
1790423641.6270466,12.135238997871056
1790423641.627629,6.372843985445797
1790423641.6283963,8.991608978249133
1790423641.6293635,15.815010003279895
1790423641.6310217,10.338534018956125
1790423641.6326358,5.58050800464116
1790423641.633238,6.6642639867495745
1790423641.6340892,8.381443010875955
1790423641.6350713,12.106189999030903
1790423641.6361907,1013.0632680084091
1790423641.6515164,32.69137401366606
1790423641.6541574,1067.1875329862814
1790423641.6818366,50.802649988327175
1790423641.6823325,54.69385298783891
1790423641.6832092,23.389337002299726
1790423641.692182,58.93249201471917
1790423641.705258,51.08837501029484
1790423641.7104619,41.439433000050485
1790423641.715676,63.654986006440595
1790423641.722159,39.81329899397679
1790423641.7273643,45.51381402416155
1790423641.7365668,48.179811012232676
1790423641.7479112,73.70157999685034
1790423641.7535872,52.24059597821906
1790423641.764971,59.699345991248265
1790423641.7659318,73.73716300935484
1790423641.7965124,106.3276519998908
1790423641.815477,93.30618599778973
1790423641.829331,82.81707801506855
1790423641.8294547,94.95892099221237
1790423641.846728,58.382504008477554
1790423641.8468237,69.83918900368735
1790423641.8661184,1196.7409509816207
1790423641.8677845,102.79715701472014
1790423641.9011092,32.02078799949959
1790423641.9030063,159.74199198535644
1790423641.9134376,147.4916670122184
1790423641.9316351,183.71002198546194
1790423641.9326606,155.0004789896775
1790423641.94179,29.161456011934206
1790423641.9559817,123.61904498538934
1790423641.9583755,61.85217099846341
1790423641.9589725,91.17449799668975
1790423641.981079,24.017472023842856
1790423641.9830055,1324.4741189992055
1790423641.9888487,1404.3711489939597
1790423642.0164926,71.39769601053558
1790423642.0235739,26.854876981815323
1790423642.0437477,1148.7050389987417
1790423642.0577734,1125.2571640070528
1790423642.0584772,102.47741299099289
1790423642.0594602,84.99741699779406
1790423642.0745668,91.0634100146126
1790423642.093124,27.134111005580053
1790423642.128507,1141.229200991802
1790423642.1286085,1178.0707460129634
1790423642.1320176,73.52500699926168
1790423642.1333501,1134.6651850035414
1790423642.133437,73.96226900164038
1790423642.1342378,146.15188899915665
1790423642.1343184,1150.248058984289
1790423642.1363192,63.41667199740186
1790423642.1373215,2.9940480017103255
1790423642.1380286,4.582627007039264
1790423642.1386003,1.2692649906966835
1790423642.1397195,1.1099189869128168
1790423642.1596496,1.5960450109560043
1790423642.1621802,1.7339740006718785
1790423642.1687832,57.426778017543256
1790423642.1693,1081.4286099921446
1790423642.17009,1073.2888109923806
1790423642.1706321,41.138233995297924
1790423642.1727638,44.14165698108263
1790423642.1733966,41.764235007576644
1790423642.1741147,40.258720982819796
1790423642.1745572,4.45721999858506
1790423642.1766517,44.624428992392495
1790423642.1782694,5.4952880018390715
1790423642.1788604,4.733559995656833
1790423642.1801522,3.4905290231108665
1790423642.180906,2.033630997175351
1790423642.1821306,1.2153330026194453
1790423642.1871593,21.501293987967074
1790423642.1882968,26.750968012493104
1790423642.1887252,18.081468995660543
1790423642.1909225,16.354344988940284
1790423642.1916566,18.24937100172974
1790423642.1923037,5.1348250126466155
1790423642.193361,15.081927995197475
1790423642.1938024,1053.0548649840057
1790423642.1942387,14.076596999075264
1790423642.1950016,1041.5211679937784
1790423642.1954162,13.276434008730575
1790423642.196922,8.184512989828363
1790423642.199993,7.679345988435671
1790423642.2006445,9.710214013466612
1790423642.201647,8.276520995423198
1790423642.2021565,7.145217008655891
1790423642.202504,8.690924994880334
1790423642.2031496,11.483492009574547
1790423642.205408,9.980736998841166
1790423642.205886,11.638185998890549
1790423642.2072897,7.287233980605379
1790423642.2085242,6.867701013106853
1790423642.2096844,7.171498000388965
1790423642.2110684,3.7686380092054605
1790423642.2121847,6.7667950061149895
1790423642.2126193,2.924892003647983
1790423642.2139041,1.7092310008592904
1790423642.215047,1.1337439937051386
1790423642.224517,27.58232699125074
1790423642.2253914,1084.1372119903099
1790423642.2264237,1.8941109883598983
1790423642.227831,1.398027001414448
1790423642.2422762,1079.0312759927474
1790423642.2446117,2.3228339850902557
1790423642.246503,1089.1717269842047
1790423642.247326,1083.3298209763598
1790423642.2492168,1095.286808005767
1790423642.2498055,1093.3264790219255
1790423642.250134,44.23745098756626
1790423642.2507849,25.381908984854817
1790423642.2519467,7.325715007027611
1790423642.2531416,25.30220098560676
1790423642.2534306,6.094946002122015
1790423642.2557404,5.595939990598708
1790423642.2562788,4.319878993555903
1790423642.2705424,24.02807798353024
1790423642.2710826,25.50970099400729
1790423642.2730908,17.331453011138365
1790423642.2739308,23.135690978961065
1790423642.2748818,4.325978981796652
1790423642.2752917,22.138291998999193
1790423642.2756968,26.466355979209766
1790423642.2774932,24.052238004514948
1790423642.2797081,5.768038972746581
1790423642.2804053,27.93665399076417
1790423642.2806096,24.31932298350148
1790423642.2812834,5.982361995847896
1790423642.2817934,4.29027498466894
1790423642.2833366,2.7177339943591505
1790423642.2837584,1.9545959949027747
1790423642.2853458,1.578205992700532
1790423642.2953763,1063.6965570156462
1790423642.296949,1.562129007652402
1790423642.3011472,1054.340997012332
1790423642.3017094,28.607468004338443
1790423642.3121,36.39313200255856
1790423642.319274,17.55324497935362
1790423642.3200252,23.756242997478694
1790423642.3209238,1.6386390198022127
1790423642.324076,1099.4192509970162
1790423642.3245718,41.22616699896753
1790423642.3260648,13.954187015770003
1790423642.3264472,5.513753974810243
1790423642.3268402,29.881500988267362
1790423642.3280668,3.4854690020438284
1790423642.3293304,2.4824669817462564
1790423642.3300552,3.9797390054445714
1790423642.3305836,4.127547988900915
1790423642.3321035,4.026228009024635
1790423642.3336668,3.6023369757458568
1790423642.3340774,3.4850119845941663
1790423642.3344486,5.108093988383189
1790423642.3355567,3.4419499861542135
1790423642.3372066,3.5287030041217804
1790423642.337643,3.557491989340633
1790423642.3381612,3.704912989633158
1790423642.3402462,4.678975994465873
1790423642.3411367,3.9215429860632867
1790423642.3415518,3.9002789999358356
1790423642.3428543,4.682266997406259
1790423642.3439121,2.351695002289489
1790423642.3444002,4.134518996579573
1790423642.3454847,1.5624990046489984
1790423642.3465414,1.0483780060894787
1790423642.363833,23.96119700279087
1790423642.3641107,22.960576985497028
1790423642.3645482,21.682621008949354
1790423642.365341,18.791165988659486
1790423642.365843,21.433371992316097
1790423642.367798,3.6761750234290957
1790423642.3683214,2.969916007714346
1790423642.3695405,1.7307390226051211
1790423642.3708162,1.2665879912674427
1790423642.4070795,1083.3538149890956
1790423642.4078152,1065.3680840041488
1790423642.408686,44.129260000772774
1790423642.4096954,43.84324298007414
1790423642.41225,4.422057012561709
1790423642.4127204,41.89473800943233
1790423642.4134493,45.1156820054166
1790423642.413919,4.213182983221486
1790423642.41515,6.454317976022139
1790423642.4174523,3.9914319931995124
1790423642.4188356,3.676091000670567
1790423642.4192274,6.966470013139769
1790423642.4204018,1.5558119921479374
1790423642.4221263,1.7147439939435571
1790423642.4382334,25.501369003904983
1790423642.4388578,21.393488976173103
1790423642.440663,18.526294006733224
1790423642.4412818,29.77895800722763
1790423642.4414423,27.51369500765577
1790423642.4420068,22.770784999011084
1790423642.4445133,3.0591329850722104
1790423642.445835,6.965040985960513
1790423642.4471788,2.654714015079662
1790423642.448501,1.3109380088280886
1790423642.4729092,1068.19080398418
1790423642.4753647,43.74631299288012
1790423642.4760697,34.05329800443724
1790423642.4766364,35.962126014055684
1790423642.4780493,32.20195698668249
1790423642.478823,30.31229300540872
1790423642.4803815,42.13496600277722
1790423642.4812264,5.142983980476856
1790423642.4836974,5.636420974042267
1790423642.484097,3.704687987919897
1790423642.4850764,1.3702269934583455
1790423642.4862106,1.1258409940637648
1790423642.4980135,25.090223003644496
1790423642.4987962,27.642613014904782
1790423642.4997025,23.05587098817341
1790423642.5015297,17.423523007892072
1790423642.5019445,15.724725992185995
1790423642.5025508,21.313392993761227
1790423642.5031998,5.1746520039159805
1790423642.503801,24.966909986687824
1790423642.5069852,3.1736800156068057
1790423642.5075307,5.992526013869792
1790423642.5082898,6.336414982797578
1790423642.5083728,5.161784996744245
1790423642.5088809,9.168513992335647
1790423642.5095296,6.970532995183021
1790423642.5120711,5.076340021332726
1790423642.5124712,3.582029981771484
1790423642.513854,5.5545089999213815
1790423642.514437,2.354397001909092
1790423642.52112,7.2553849895484746
1790423642.5367718,29.231034975964576
1790423642.5411935,26.35003300383687
1790423642.5413733,4.586246999679133
1790423642.541913,20.781480008736253
1790423642.543469,1.5431480132974684
1790423642.5686848,23.557345004519448
1790423642.5751448,1078.8647809822578
1790423642.5767264,1.5693300229031593
1790423642.580884,1083.39634098229
1790423642.5867548,78.37289499002509
1790423642.5893304,1081.24750998104
1790423642.590194,80.65498300129548
1790423642.5955129,83.03152699954808
1790423642.6062827,80.74879000196233
1790423642.6102474,23.479443014366552
1790423642.6160684,106.00677100592293
1790423642.6268892,93.22729698033072
1790423642.6327245,91.33951898547821
1790423642.6379569,61.218168993946165
1790423642.6402473,58.149898977717385
1790423642.6413317,45.80510300002061
1790423642.6425288,49.02376400423236
1790423642.6435397,10.801363998325542
1790423642.6446524,34.366456005955115
1790423642.6453545,86.42850501928478
1790423642.6463935,8.42193400603719
1790423642.6471786,19.860178988892585
1790423642.6482644,1072.5812580203637
1790423642.6489363,7.5924560078419745
1790423642.6500413,5.378406000090763
1790423642.6687546,25.203408004017547
1790423642.670189,23.780315998010337
1790423642.672649,22.596180002437904
1790423642.6741264,25.85218401509337
1790423642.6747375,35.225077997893095
1790423642.6756225,28.433658997528255
1790423642.6863668,37.41885701310821
1790423642.702713,33.94384300918318
1790423642.7032542,30.594273994211107
1790423642.7179232,1085.2742200077046
1790423642.7196784,1083.476908999728
1790423642.7206948,63.7297089851927
1790423642.72435,66.7336669866927
1790423642.738834,63.20123499608599
1790423642.7455833,81.51383101358078
1790423642.7470975,1112.0144889864605
1790423642.7480152,1113.9167840010487
1790423642.7508361,51.45887497928925
1790423642.7514172,31.726003013318405
1790423642.7519765,48.71146200457588
1790423642.755218,68.83919599931687
1790423642.7565906,1041.6392589977477
1790423642.7573817,10.272379004163668
1790423642.758022,1030.643980979221
1790423642.760027,114.6626949775964
1790423642.7607937,80.86509400163777
1790423642.7611163,58.39243301306851
1790423642.7771363,88.93952300422825
1790423642.7787735,23.54192701750435
1790423642.7792094,1066.2781930004712
1790423642.7798629,1069.3876240111422
1790423642.7801695,28.180182009236887
1790423642.7807136,29.864140000427142
1790423642.7815735,24.179436994018033
1790423642.783337,44.48829300235957
1790423642.7874694,69.53216399415396
1790423642.7878964,39.870980981504545
1790423642.7884698,19.152392022078857
1790423642.7890997,48.24365000240505
1790423642.7891963,31.16119501646608
1790423642.7906477,36.27498500281945
1790423642.7912962,34.69498100457713
1790423642.79235,40.920581988757476
1790423642.7928534,17.39726698724553
1790423642.7947698,13.18636498763226
1790423642.7963214,8.842045004712418
1790423642.7977893,7.851053989725187
1790423642.7986023,10.119816986843944
1790423642.7996032,19.423789985012263
1790423642.8011932,9.88636098918505
1790423642.8017805,8.917951985495165
1790423642.802405,6.07377800042741
1790423642.8048627,1484.7649110015482
1790423642.8071365,30.643137986771762
1790423642.8078783,86.12491001258604
1790423642.8090665,21.160317002795637
1790423642.8100452,26.69648700975813
1790423642.8105667,11.954699992202222
1790423642.8115258,1918.1678050081246
1790423642.8121736,31.45093598868698
1790423642.8125718,23.365108005236834
1790423642.8138242,33.9506070013158
1790423642.814464,12.673405988607556
1790423642.8155,10.62668301165104
1790423642.8181412,9.064611018402502
1790423642.8190446,8.468359999824315
1790423642.820214,6.379904982168227
1790423642.8210404,8.857039996655658
1790423642.8224351,1265.5877580109518
1790423642.8235283,8.016800013137981
1790423642.8281996,26.99438700801693
1790423642.8285959,26.18095901561901
1790423642.8305366,23.391383001580834
1790423642.830965,30.485394003335387
1790423642.8318782,20.34316398203373
1790423642.8324645,19.883379980456084
1790423642.8331633,23.106520005967468
1790423642.8346722,6.4627149840816855
1790423642.8350735,20.600076008122414
1790423642.835944,17.791766003938392
1790423642.837612,7.064200995955616
1790423642.8392086,4.526499018538743
1790423642.8397388,3.7838949938304722
1790423642.8411832,8.709713001735508
1790423642.843298,4.075675999047235
1790423642.8437262,2.533382998080924
1790423642.8453755,24.324238998815417
1790423642.8458993,26.844442007131875
1790423642.846302,2.9941909888293594
1790423642.8475988,24.061381991486996
1790423642.8494039,20.79879501252435
1790423642.8498266,30.330981011502445
1790423642.8499348,1034.443528013071
1790423642.8508472,17.671501002041623
1790423642.8519669,16.882603988051414
1790423642.8525734,20.686082018073648
1790423642.8530233,15.401125012431294
1790423642.8565614,11.173572012921795
1790423642.857111,9.502794011496007
1790423642.8581784,11.86708701425232
1790423642.859322,9.378333983477205
1790423642.8605628,11.148813995532691
1790423642.861585,10.72798197856173
1790423642.8626842,16.77578198723495
1790423642.863539,10.954032972222194
1790423642.8709135,18.934068008093163
1790423642.8772337,19.046061992412433
1790423642.8827555,23.422863014275208
1790423642.8855507,24.979458015877753
1790423642.8860428,29.471866000676528
1790423642.8926713,37.48269900097512
1790423642.8930826,35.96218500752002
1790423642.9034958,41.901049989974126
1790423642.9092438,48.175459989579394
1790423642.9098058,46.2532649980858
1790423642.9106596,54.93125302018598
1790423642.9115415,58.507801993982866
1790423642.9120543,34.80865099118091
1790423642.9126613,49.966436985414475
1790423642.91395,31.180099002085626
1790423642.9146554,49.94189098943025
1790423642.9157374,12.22875399980694
1790423642.9164076,30.35472601186484
1790423642.9170392,46.11166098038666
1790423642.9187517,33.19035700405948
1790423642.9191792,1290.7725080149248
1790423642.9231052,1264.2113940091804
1790423642.9233103,10.639012994943187
1790423642.9243965,12.843809003243223
1790423642.9273257,10.274189990013838
1790423642.9286397,12.890293990494683
1790423642.9293325,10.144072002731264
1790423642.9491906,25.866242998745292
1790423642.9564018,1123.4445050067734
1790423642.9571187,47.299341997131705
1790423642.9588473,1119.2421670129988
1790423642.9591064,47.04256501281634
1790423642.9596322,54.998109000734985
1790423642.9692001,55.240468005649745
1790423642.9731467,45.8104980061762
1790423642.9748104,58.392118982737884
1790423642.979293,57.60029697557911
1790423642.9794264,59.61988598573953
1790423642.9853942,62.27392700384371
1790423642.9871225,29.991694987984374
1790423642.9872906,66.60698799532838
1790423642.9876976,38.495410000905395
1790423642.995137,65.79471798613667
1790423643.0093362,40.124785009538755
1790423643.0107586,44.07301600440405
1790423643.0108879,36.06754099018872
1790423643.0128703,25.73588499217294
1790423643.0143616,1055.9707829961553
1790423643.014766,3.8661339785903692
1790423643.0154457,1101.988676993642
1790423643.017203,2.8300179983489215
1790423643.0175996,2.14361899998039
1790423643.018838,1.228879002155736
1790423643.0303404,73.92424301360734
1790423643.0312533,86.20794201851822
1790423643.0314,77.37893200828694
1790423643.0326924,73.57308000791818
1790423643.033311,2.9566500161308795
1790423643.0341032,60.94345200108364
1790423643.0360658,2.745802019489929
1790423643.0379803,52.574613015167415
1790423643.0577745,70.06763698882423
1790423643.0583634,54.85354899428785
1790423643.0597422,27.03728902270086
1790423643.0610383,26.92401598324068
1790423643.061491,52.140889019938186
1790423643.0706553,34.57961400272325
1790423643.0837765,48.15307699027471
1790423643.0848286,46.83892198954709
1790423643.0896492,31.85939701506868
1790423643.1082044,58.73711398453452
1790423643.1091127,49.356384988641366
1790423643.1096334,53.215911000734195
1790423643.1202931,58.79115199786611
1790423643.130702,75.78836500761099
1790423643.137563,52.72219798644073
1790423643.147799,67.27147698984481
1790423643.1645,63.73768800403923
1790423643.1694965,60.36922900239006
1790423643.175124,1114.9038930016104
1790423643.1937492,59.98664000071585
1790423643.1938381,56.26282299635932
1790423643.2042544,114.5914789813105
1790423643.2058682,112.74026799947023
1790423643.2060573,85.72073301183991
1790423643.2069788,145.92884900048375
1790423643.208347,27.383890992496163
1790423643.2085845,14.732208015630022
1790423643.2093463,3.2765219802968204
1790423643.2104585,1.861652999650687
1790423643.21171,1.239958975929767
1790423643.2289684,152.40236499812454
1790423643.229771,1.8022409931290895
1790423643.2449172,174.2498810053803
1790423643.265391,1127.3512139741797
1790423643.2723713,36.376008996739984
1790423643.2775166,46.70129201258533
1790423643.2851171,34.32052899734117
1790423643.2852247,24.679291003849357
1790423643.285347,12.95972301159054
1790423643.2873313,1.9742199801839888
1790423643.2911944,1216.6141770139802
1790423643.292355,1.1515550140757114
1790423643.3000515,1163.720128010027
1790423643.3019495,1.8858600233215839
1790423643.302402,102.91868200874887
1790423643.3037317,94.37594198971055
1790423643.304196,99.9270360043738
1790423643.3048902,97.90163399884477
1790423643.3078623,1095.233747997554
1790423643.3086386,23.40295899193734
1790423643.3095634,44.159741984913126
1790423643.3109772,9.015980002004653
1790423643.312067,1097.0092969946563
1790423643.3126388,1104.1045479942113
1790423643.3137472,10.003411007346585
1790423643.3150196,10.120546008693054
1790423643.315319,1034.0236329939216
1790423643.3342066,26.333985006203875
1790423643.3360925,26.51793698896654
1790423643.3388882,30.23987400229089
1790423643.3404357,29.450091999024153
1790423643.3409877,28.336830000625923
1790423643.3414776,35.684406000655144
1790423643.341602,27.842526993481442
1790423643.3420484,29.971723997732624
1790423643.3435225,39.31619299692102
1790423643.3443778,29.348512995056808
1790423643.3451707,29.841601994121447
1790423643.3468723,1071.981038985541
1790423643.3473065,11.200641980394721
1790423643.3481944,13.974076980957761
1790423643.3486257,9.725916985189542
1790423643.350942,9.942476986907423
1790423643.3520622,11.615882976911962
1790423643.3531883,9.65494301635772
1790423643.3542483,9.857972007011995
1790423643.3547084,12.650769989704713
1790423643.357333,8.697986020706594
1790423643.3590925,13.912202004576102
1790423643.362256,15.373392991023138
1790423643.3632011,21.588670992059633
1790423643.363773,10.576431988738477
1790423643.3641431,12.072365003405139
1790423643.3643415,17.023385997163132
1790423643.3647306,10.472335998201743
1790423643.3663263,11.60837197676301
1790423643.3672042,18.9993410021998
1790423643.3678155,16.86379298917018
1790423643.368815,1229.0864159876946
1790423643.3706167,11.511535994941369
1790423643.3716276,1296.158319019014
1790423643.403092,40.823729999829084
1790423643.408825,56.03953200625256
1790423643.4092052,44.855240994365886
1790423643.4135797,56.236581003759056
1790423643.414422,53.84832501295023
1790423643.4152217,51.44058901350945
1790423643.4156694,47.84263999317773
1790423643.4241302,53.49976397701539
1790423643.4320447,80.74829599354416
1790423643.4348247,31.717414007289335
1790423643.436256,22.66576499096118
1790423643.436406,58.05733098532073
1790423643.4387712,72.97480897977948
1790423643.4388614,74.11843098816462
1790423643.4405973,76.444846985396
1790423643.441488,85.6731370149646
1790423643.4416797,74.46441997308284
1790423643.4421277,73.30156597890891
1790423643.4458623,30.182091984897852
1790423643.462384,1551.9983880221844
1790423643.4626567,1503.6720180069096
1790423643.4638019,28.963735996512696
1790423643.4642708,25.39747700211592
1790423643.4648232,93.1789840105921
1790423643.470888,55.65668299095705
1790423643.4718246,35.55700398283079
1790423643.4730697,32.46009998838417
1790423643.4736943,31.556819012621418
1790423643.475626,87.16613598517142
1790423643.4840443,21.373719995608553
1790423643.4897563,25.474335008766502
1790423643.4902527,1279.1726529831067
1790423643.4924583,1289.2987910017837
1790423643.4978957,26.99276100611314
1790423643.4993904,26.308740983949974
1790423643.5009859,35.19675799179822
1790423643.5011253,10.861545015359297
1790423643.5016096,1293.760554981418
1790423643.5020285,17.97221601009369
1790423643.5026035,4.692760005127639
1790423643.5036845,2.549645025283098
1790423643.5046647,2.0506110158748925
1790423643.5064008,1.7248890071641654
1790423643.5184515,57.668515015393496
1790423643.5185478,53.712780005298555
1790423643.5191164,73.24398899800144
1790423643.520327,56.51004900573753
1790423643.5380454,19.483734999084845
1790423643.5396419,30.62386400415562
1790423643.5399034,19.50387199758552
1790423643.5454216,55.653630988672376
1790423643.5491042,56.63408400141634
1790423643.5507157,48.67360298521817
1790423643.5524762,48.77990498789586
1790423643.5533624,34.235276019899175
1790423643.5535464,1273.8258930039592
1790423643.5571558,57.75173899019137
1790423643.562103,22.185420995811
1790423643.5679598,32.269392017042264
1790423643.569794,16.235026996582747
1790423643.5702806,10.885822994168848
1790423643.570778,18.29049500520341
1790423643.571239,13.286154018715024
1790423643.571628,22.511199989821762
1790423643.5731354,7.287573011126369
1790423643.574641,29.208851017756388
1790423643.5755723,4.323885019402951
1790423643.57685,6.558220979059115
1790423643.5779483,27.222743985475972
1790423643.5780718,4.925819986965507
1790423643.580867,5.2825710154138505
1790423643.5814087,46.22722999192774
1790423643.581735,3.165895992424339
1790423643.5828233,4.865916009293869
1790423643.5847156,2.968744985992089
1790423643.5940897,40.712185989832506
1790423643.5951025,37.933724001049995
1790423643.5965247,38.005651003913954
1790423643.604367,1060.8858109917492
1790423643.6055853,35.77943399432115
1790423643.6065874,31.93702601129189
1790423643.6084664,31.607190991053358
1790423643.6093292,24.603070021839812
1790423643.6172876,39.20605900930241
1790423643.6184042,35.5676629988011
1790423643.6190264,23.912717995699495
1790423643.623059,38.76133597805165
1790423643.6287081,34.60164199350402
1790423643.6331062,27.508680999744684
1790423643.6343813,25.905032001901418
1790423643.6358225,50.746680004522204
1790423643.6359458,55.066041997633874
1790423643.6392043,34.82306201476604
1790423643.6396682,33.07010800926946
1790423643.6505122,33.21166100795381
1790423643.6556373,36.600091989384964
1790423643.6609662,63.923957000952214
1790423643.662198,52.85836799885146
1790423643.6730669,49.02072899858467
1790423643.6732178,65.67205299506895
1790423643.6733675,54.94905702653341
1790423643.6797292,1088.2914109970443
1790423643.680967,1074.6729650127236
1790423643.6814911,48.37397701339796
1790423643.6833892,47.43223200784996
1790423643.683788,44.573934021173045
1790423643.6849616,34.43815800710581
1790423643.686098,5.12130800052546
1790423643.6872203,3.821523016085848
1790423643.6873264,2.353411982767284
1790423643.689999,61.2789909937419
1790423643.6912792,35.62912699999288
1790423643.6918485,57.457098009763286
1790423643.692338,52.65866100671701
1790423643.6944637,21.083389001432806
1790423643.6954134,8.172793022822589
1790423643.6956618,70.64983499003574
1790423643.695852,8.51513899397105
1790423643.6974823,11.373764020390809
1790423643.698109,14.311520993942395
1790423643.6993015,17.79830298619345
1790423643.701351,9.00244599324651
1790423643.701779,7.303739985218272
1790423643.7026749,12.664096982916817
1790423643.7032793,11.988568003289402
1790423643.705718,9.846311993896961
1790423643.707709,9.58983600139618
1790423643.708979,17.11883701500483
1790423643.7103648,9.002298000268638
1790423643.7116394,5.908510007429868
1790423643.7256246,28.129737998824567
1790423643.7280946,28.783399000531062
1790423643.7285988,33.175402000779286
1790423643.7302024,28.413762978743762
1790423643.7340665,40.334312012419105
1790423643.7346559,26.935740024782717
1790423643.7347803,27.92339399456978
1790423643.7349544,1053.5516930103768
1790423643.7359939,27.002135990187526
1790423643.736502,10.86601201677695
1790423643.7369137,33.62411298439838
1790423643.7374516,8.842847979394719
1790423643.7378132,27.437457989435643
1790423643.7554393,18.516043986892328
1790423643.7560825,44.42932500387542
1790423643.757728,27.514271991094574
1790423643.758687,30.57915298268199
1790423643.759476,1077.61031499831
1790423643.7601714,24.168846022803336
1790423643.7705398,36.462314979871735
1790423643.7816458,46.98002099758014
1790423643.7833762,45.91481099487282
1790423643.783881,47.36930798389949
1790423643.7855062,30.055229988647625
1790423643.786444,44.572879996849224
1790423643.786657,51.692996989004314
1790423643.789648,1504.293117992347
1790423643.8063352,68.51159597863443
1790423643.8087947,1294.347625982482
1790423643.809977,52.23619402386248
1790423643.8118696,51.68741301167756
1790423643.8127558,23.09765701647848
1790423643.8136196,46.67242700816132
1790423643.8137178,28.20023099775426
1790423643.8147216,31.333124003140256
1790423643.815334,1054.2088539805263
1790423643.8168755,4.995282011805102
1790423643.817535,8.726033003767952
1790423643.8190749,62.97996299690567
1790423643.8215706,67.05221498850733
1790423643.821845,40.187339996919036
1790423643.8225346,8.804669982055202
1790423643.823073,39.18160399189219
1790423643.8235435,8.200618991395459
1790423643.8239498,65.25316499755718
1790423643.8242886,37.621135998051614
1790423643.8254726,44.75226902286522
1790423643.8285193,5.435023980680853
1790423643.8288991,7.043247984256595
1790423643.8292723,11.727667995728552
1790423643.830557,1051.773751998553
1790423643.8321643,8.206336991861463
1790423643.8328652,3.5852680157404393
1790423643.833392,4.8634010017849505
1790423643.835586,3.4114379959646612
1790423643.8360682,2.6648839993868023
1790423643.837431,1.3517929764930159
1790423643.841205,1250.9990230028052
1790423643.8423495,1.1345089878886938
1790423643.844128,37.777929013827816
1790423643.8460536,26.96921001188457
1790423643.8464746,43.68329598219134
1790423643.847737,23.439851007424295
1790423643.848544,24.979617999633774
1790423643.849215,13.614833995234221
1790423643.849607,39.61713000899181
1790423643.8499784,33.092249010223895
1790423643.8505056,8.146086998749524
1790423643.8517456,29.200461984146386
1790423643.853223,9.085608005989343
1790423643.8565729,8.019227010663599
1790423643.8573387,4.1021899960469455
1790423643.85789,8.273496001493186
1790423643.8585577,12.493112008087337
1790423643.8590286,8.513818000210449
1790423643.86065,3.3020130067598075
1790423643.8612554,2.6871779991779476
1790423643.8621302,1.4701509790029377
1790423643.8634536,1.3140749942976981
1790423643.8758779,28.130322985816747
1790423643.8771572,27.168772998265922
1790423643.879919,28.163852024590597
1790423643.8807633,35.94063300988637
1790423643.8809135,31.688287999713793
1790423643.8811173,24.533789983252063
1790423643.883072,24.033438006881624
1790423643.9006226,39.356778986984864
1790423643.905894,47.99402900971472
1790423643.907837,44.37186199356802
1790423643.908585,31.414140976266935
1790423643.9199314,44.03899601311423
1790423643.935851,71.94471199181862
1790423643.9394681,67.7763250132557
1790423643.9406123,1118.1671459926292
1790423643.9416797,1118.5907119943295
1790423643.9571993,77.26883300347254
1790423643.9615502,94.20893900096416
1790423643.982279,1138.5424789914396
1790423643.9854043,84.76866700220853
1790423643.9931855,87.27958198869601
1790423643.9992619,91.41304699005559
1790423644.009704,1189.4812259997707
1790423644.0150342,95.08175399969332
1790423644.016221,107.62590300873853
1790423644.0309901,144.0901090099942
1790423644.0511,93.88696899986826
1790423644.0531049,138.41959601268172
1790423644.054143,173.01332199713215
1790423644.054715,112.19654299202375
1790423644.055547,99.73609200096689
1790423644.056075,56.800430989824235
1790423644.0584416,1043.6659039987717
1790423644.059235,1040.3872259776108
1790423644.059538,74.1219540068414
1790423644.0609713,131.57198601402342
1790423644.0614715,1044.2573119944427
1790423644.0618784,121.2553340010345
1790423644.0623472,83.93622399307787
1790423644.062869,46.63475198321976
1790423644.0635233,53.80743299610913
1790423644.0640514,118.75544299255125
1790423644.0652554,11.101123003754765
1790423644.0660968,83.80448800744489
1790423644.068738,9.189423988573253
1790423644.06911,10.657737992005423
1790423644.078308,85.11019399156794
1790423644.0795066,1305.2799979923293
1790423644.080508,1085.3607640019618
1790423644.0819995,62.270961003378034
1790423644.0831864,27.098912018118426
1790423644.0845566,69.50901899836026
1790423644.0857942,7.471746997907758
1790423644.0859413,83.2934679929167
1790423644.0865648,27.315775980241597
1790423644.0878968,22.629259998211637
1790423644.0883884,7.868981017963961
1790423644.0893028,27.820941992104053
1790423644.090275,5.70520298788324
1790423644.0909004,29.011957987677306
1790423644.092074,29.193244001362473
1790423644.0949998,9.047432977240533
1790423644.0955207,7.613276015035808
1790423644.0966358,7.322660996578634
1790423644.097685,6.773778994102031
1790423644.0991063,35.572931985370815
1790423644.1004522,38.09368400834501
1790423644.101539,32.41957499994896
1790423644.1020043,18.80719600012526
1790423644.1024272,22.90794299915433
1790423644.1042318,15.833615994779393
1790423644.1053686,39.26272701937705
1790423644.1060464,10.516028996789828
1790423644.1067555,9.060845011845231
1790423644.1074436,21.637063997332007
1790423644.1080048,1313.224048994016
1790423644.108811,22.233653988223523
1790423644.110825,11.708234989782795
1790423644.1114306,14.78406399837695
1790423644.1118479,10.295868996763602
1790423644.1136203,11.183259019162506
1790423644.1148114,1272.3474329977762
1790423644.116234,11.992617015494034
1790423644.1174452,1277.6953570137266
1790423644.118536,1318.9228770206682
1790423644.119927,11.91073699737899
1790423644.1203895,15.012048999778926
1790423644.121139,14.375088998349383
1790423644.1230564,11.19769099750556
1790423644.1235917,12.755492003634572
1790423644.1244721,9.64923098217696
1790423644.1264012,5.253597017144784
1790423644.1268303,9.376197005622089
1790423644.12814,4.5388080179691315
1790423644.1288574,8.921856991946697
1790423644.1296146,3.2024190004449338
1790423644.1311727,1.548416999867186
1790423644.1315513,3.4000889863818884
1790423644.1337912,2.230590005638078
1790423644.1342185,28.16360301221721
1790423644.1351724,27.72043799632229
1790423644.1367238,27.902998990612105
1790423644.1374803,33.88563200132921
1790423644.138915,27.474513015476987
1790423644.1394846,25.85540499421768
1790423644.1407573,24.51345499139279
1790423644.1427817,19.71444601076655
1790423644.1432657,9.465915994951501
1790423644.143887,23.487803991883993
1790423644.1444657,25.920312997186556
1790423644.1454518,10.266847006278113
1790423644.1463513,51.340890990104526
1790423644.1482506,14.021317998412997
1790423644.1615844,29.532628977904096
1790423644.1619508,25.217214017175138
1790423644.1630952,23.598286003107205
1790423644.165876,23.084644984919578
1790423644.166396,20.933477993821725
1790423644.167613,19.351704977452755
1790423644.1682365,6.2750320066697896
1790423644.1699402,26.039742020657286
1790423644.1710942,4.688371001975611
1790423644.1719878,6.512134015792981
1790423644.1723723,4.125736013520509
1790423644.1742933,3.1894609855953604
1790423644.1746657,2.2845930070616305
1790423644.1764092,1.7344729858450592
1790423644.181054,79.03999701375142
1790423644.1876209,48.69193700142205
1790423644.188918,45.640388008905575
1790423644.1900132,52.52186601865105
1790423644.1919324,47.455008985707536
1790423644.1924179,51.650200999574736
1790423644.1934433,32.949444983387366
1790423644.1938653,47.50289401272312
1790423644.196411,33.30249999999069
1790423644.2037618,22.695163992466405
1790423644.2098892,34.003198001300916
1790423644.2202883,31.358003005152568
1790423644.2255306,33.099808992119506
1790423644.228399,40.76452399021946
1790423644.2288945,46.496997005306184
1790423644.2314694,37.59399399859831
1790423644.2329009,29.12527197622694
1790423644.2379134,48.03147699567489
1790423644.2431939,34.02429702691734
1790423644.243945,18.40120501583442
1790423644.2469199,1121.3945130002685
1790423644.2561383,24.65437600039877
1790423644.258123,66.17962298332714
1790423644.2663746,69.95287499739788
1790423644.2668204,1130.210826988332
1790423644.283193,64.92379901465029
1790423644.2877858,44.57757298951037
1790423644.2905235,62.10946899955161
1790423644.2930007,99.54623700468801
1790423644.2966986,52.74270797963254
1790423644.3019004,100.13768199132755
1790423644.3100805,53.92994900466874
1790423644.31511,61.79591399268247
1790423644.3164,1086.6169990040362
1790423644.3177245,1106.0042679891922
1790423644.3257587,77.26260702474974
1790423644.3381982,1093.2690250047017
1790423644.3448663,79.95839501381852
1790423644.3449678,57.16555699473247
1790423644.3465,80.1123209821526
1790423644.3557494,62.734345003264025
1790423644.3567872,46.691263996763155
1790423644.3667877,1135.301726986654
1790423644.370812,80.27355500962585
1790423644.3716328,111.8019100103993
1790423644.3763099,97.00299598625861
1790423644.382499,64.76109998766333
1790423644.383137,81.10015300917439
1790423644.386607,95.16178001649678
1790423644.3869567,90.24793698335998
1790423644.3921452,75.73156600119546
1790423644.4215791,76.5980750147719
1790423644.4217262,80.38739001494832
1790423644.4230018,87.60846900986508
1790423644.4231327,1135.7910300139338
1790423644.4568648,69.89709098706953
1790423644.4574695,129.17662598192692
1790423644.470578,1147.9824389971327
1790423644.4744945,138.35107500199229
1790423644.48291,137.15000200318173
1790423644.4881127,105.60039500705898
1790423644.4990299,106.8720830080565
1790423644.5020807,80.48728900030255
1790423644.5068228,144.43842097534798
1790423644.5163088,112.65273799654096
1790423644.5170019,1150.6635989935603
1790423644.5183117,61.43351900391281
1790423644.519614,1350.103028002195
1790423644.5205595,1115.7153729873244
1790423644.5206478,97.50197801622562
1790423644.5214636,22.422702983021736
1790423644.523456,1017.0455680054147
1790423644.5243154,123.20945900864899
1790423644.5250437,1053.2079979893751
1790423644.5255969,1083.9062039740384
1790423644.5267951,1053.088360989932
1790423644.5317159,1107.5726629933342
1790423644.5478048,59.680354985175654
1790423644.5487838,31.76762699149549
1790423644.549393,29.7666959813796
1790423644.5508435,29.368461982812732
1790423644.5514238,1045.826957008103
1790423644.5518694,26.816522993613034
1790423644.5581524,1138.4160890011117
1790423644.5585232,60.617082024691626
1790423644.5586615,56.56801100121811
1790423644.5599494,41.62612001528032
1790423644.5628538,42.19437899882905
1790423644.5632713,36.46554899751209
1790423644.5640347,40.56785101420246
1790423644.5648003,39.193699980387464
1790423644.5671704,35.44368498842232
1790423644.5738726,26.054673013277352
1790423644.57459,44.8391739919316
1790423644.57553,26.123557006940246
1790423644.5766578,24.77593600633554
1790423644.5773635,17.401641001924872
1790423644.582749,33.9502889837604
1790423644.5898726,31.1991730122827
1790423644.5906155,34.81414698762819
1790423644.5916793,27.630858006887138
1790423644.5918307,27.019130997359753
1790423644.5930274,17.484774987678975
1790423644.593653,30.37161400425248
1790423644.5942993,31.435843993676826
1790423644.5948036,17.428738996386528
1790423644.5961943,29.0131299989298
1790423644.597753,23.86441099224612
1790423644.599193,7.342479017097503
1790423644.600348,10.459559998707846
1790423644.6014886,6.67612801771611
1790423644.6028643,9.19892400270328
1790423644.6044672,6.703852995997295
1790423644.6066065,29.935588012449443
1790423644.6079464,7.587020983919501
1790423644.6097429,6.866238021757454
1790423644.6108725,28.10720997513272
1790423644.6130183,44.908598996698856
1790423644.6136498,17.4426399753429
1790423644.6141663,1943.9643229998183
1790423644.6147022,21.664341998985037
1790423644.615143,1077.0832860143855
1790423644.6170945,22.784733009757474
1790423644.6177273,26.03431200259365
1790423644.6187117,14.231787994503975
1790423644.6210709,13.112860004184768
1790423644.6241343,13.252471981104463
1790423644.6249685,7.229000999359414
1790423644.6258273,11.647072999039665
1790423644.6270447,11.892584996530786
1790423644.6307192,24.09622899722308
1790423644.6315536,28.879285004222766
1790423644.632547,22.792536998167634
1790423644.633736,20.075507985893637
1790423644.634434,19.722021999768913
1790423644.6350365,16.314025997417048
1790423644.635823,11.679115996230394
1790423644.637311,11.471384001197293
1790423644.6382587,7.527748006395996
1790423644.6387055,21.60132600693032
1790423644.6413546,6.30861398531124
1790423644.641761,8.012170990696177
1790423644.6425014,5.178684979910031
1790423644.643408,4.6926430077292025
1790423644.6450913,1.674833009019494
1790423644.6454616,3.6907389876432717
1790423644.647032,1.5618150064256042
1790423644.6491685,28.880130004836246
1790423644.649832,28.7489419861231
1790423644.6500459,22.99165099975653
1790423644.651977,26.99864300666377
1790423644.6529784,10.468001011759043
1790423644.653491,19.046421977691352
1790423644.6540322,15.763260977109894
1790423644.65544,19.607716996688396
1790423644.6558743,8.833325002342463
1790423644.6566415,11.541582993231714
1790423644.671405,21.56191098038107
1790423644.6723728,24.91918401210569
1790423644.672862,19.3619409983512
1790423644.674048,18.598927999846637
1790423644.674991,23.004845977993682
1790423644.6776056,1268.389129982097
1790423644.6781511,21.498222020454705
1790423644.679111,6.239549984456971
1790423644.6794605,1042.915071011521
1790423644.6799219,1316.7119279969484
1790423644.683611,8.608607982750982
1790423644.6844535,4.522075003478676
1790423644.6928813,42.82227798830718
1790423644.6998355,46.848099009366706
1790423644.704977,26.813574018888175
1790423644.7092648,30.14408898889087
1790423644.711306,26.843011990422383
1790423644.7122903,31.029141013277695
1790423644.7124615,12.61472501209937
1790423644.7134933,4.217085021082312
1790423644.7148252,2.353949996177107
1790423644.715737,63.2985970005393
1790423644.716392,1.5570800169371068
1790423644.7523382,25.11858197976835
1790423644.7690635,115.02066100365482
1790423644.771225,2.1444529993459582
1790423644.797008,1.6951139841694385
1790423644.8004563,1.4992270153015852
1790423644.8086274,2.7069830102846026
1790423644.8343341,201.77656397572719
1790423644.8443723,133.05625499924645
1790423644.847515,142.52667099935934
1790423644.8495066,15.159459988353774
1790423644.8501213,39.101389003917575
1790423644.8577828,60.76341200969182
1790423644.8584473,110.65877298824489
1790423644.878766,78.2960089854896
1790423644.884226,1069.4932350015733
1790423644.884812,60.235744022065774
1790423644.885613,1072.8463910054415
1790423644.8911326,1289.8655370227061
1790423644.897002,125.76342799002305
1790423644.9060633,97.4245709949173
1790423644.925587,1354.7989130020142
1790423644.9347332,99.46385701186955
1790423644.9400814,92.55391600891016
1790423644.9411314,83.33607800886966
1790423644.9429104,79.28430300671607
1790423644.9482741,64.0344479761552
1790423644.9638546,82.54655200289562
1790423644.9673395,250.93684199964628
1790423644.9689167,1168.4427089930978
1790423644.9690595,121.11008301144466
1790423644.9691348,141.07711898395792
1790423645.0035076,107.93798399390653
1790423645.0116158,147.3860710102599
1790423645.0170388,138.25872400775552
1790423645.0175598,1188.6515349906404
1790423645.0315225,210.56815100018866
1790423645.0508397,109.6952079969924
1790423645.0519214,1167.4085359845776
1790423645.0527847,146.70877798926085
1790423645.0533965,86.0457859816961
1790423645.064467,220.08052398450673
1790423645.0669937,160.006585996598
1790423645.0682373,124.39693999476731
1790423645.0687008,156.17628701147623
1790423645.0695527,56.68713399791159
1790423645.0700586,5.577941017691046
1790423645.071412,53.16140298964456
1790423645.0723705,55.318150989478454
1790423645.072869,20.06987400818616
1790423645.090052,240.53071200614795
1790423645.0908256,1208.257851016242
1790423645.0975792,24.699625006178394
1790423645.0983567,26.932326989481226
1790423645.1000507,2.460852003423497
1790423645.1006372,1071.19008700829
1790423645.100808,152.51838401309215
1790423645.1022265,2.1641420025844127
1790423645.104762,2.526263997424394
1790423645.11136,180.70393198286183
1790423645.1174035,1155.4452190175653
1790423645.1183143,232.6899180188775
1790423645.1195745,102.00433901627548
1790423645.1204102,69.5549419906456
1790423645.124299,198.69958702474833
1790423645.1324234,14.097259991103783
1790423645.1333432,12.921307003125548
1790423645.1339989,30.829349998384714
1790423645.134417,1.9803789909929037
1790423645.1356335,1.2052880192641169
1790423645.1416483,88.2404720177874
1790423645.1441443,252.1326800051611
1790423645.1443694,1093.252158985706
1790423645.1451304,1111.537236982258
1790423645.1467588,56.69051001314074
1790423645.1472576,143.7366220052354
1790423645.1491275,50.75760799809359
1790423645.1498444,30.257938022259623
1790423645.1506627,1269.7376899886876
1790423645.1515095,7.127627992304042
1790423645.1527047,19.35079100076109
1790423645.1540651,1270.9804699989036
1790423645.1560912,1031.6092949942686
1790423645.1562452,145.40314898476936
1790423645.15643,1027.5624500063714
1790423645.1576576,1026.4750630012713
1790423645.1591923,34.876177000114694
1790423645.1603255,1033.4855779947247
1790423645.1611376,11.264214001130313
1790423645.162162,14.894135994836688
1790423645.1663778,24.715427978662774
1790423645.168938,29.69833998940885
1790423645.1696978,1077.6111960003618
1790423645.170761,20.08781599579379
1790423645.1709757,1080.6896039866842
1790423645.1734347,20.71859798161313
1790423645.1743515,25.21187500678934
1790423645.1751869,5.478467995999381
1790423645.1756363,28.86477200081572
1790423645.1770039,6.0176159895490855
1790423645.1794534,5.090631981147453
1790423645.1835184,27.07708897651173
1790423645.1849113,30.83634900394827
1790423645.1863034,27.09839600720443
1790423645.1870248,35.503842984326184
1790423645.189288,43.32897497806698
1790423645.189828,23.438756994437426
1790423645.1910522,29.905025992775336
1790423645.1915781,8.048433985095471
1790423645.1922219,17.025462992023677
1790423645.1926823,15.668406005715951
1790423645.194288,20.841400983044878
1790423645.1947052,23.931103001814336
1790423645.197417,21.770837978692725
1790423645.2045412,25.07666699239053
1790423645.2052498,27.776389004429802
1790423645.2057867,20.862258999841288
1790423645.2070053,12.707791000138968
1790423645.208606,22.289822023594752
1790423645.2138557,22.266454005148262
1790423645.2155519,25.714387971675023
1790423645.2170796,24.386319011682644
1790423645.2176917,34.61971998331137
1790423645.2180426,26.981387985870242
1790423645.2340121,46.97510399273597
1790423645.2426984,47.981445997720584
1790423645.254069,61.835126020014286
1790423645.2554932,49.695970985339954
1790423645.2562816,67.39314898732118
1790423645.256637,60.79254098585807
1790423645.257427,48.81062699132599
1790423645.258477,42.914036981528625
1790423645.2589467,40.89190700324252
1790423645.2616062,61.8471089983359
1790423645.2617838,71.1599639907945
1790423645.2618525,57.30055700405501
1790423645.2627318,48.86412498308346
1790423645.2717366,54.64461701922119
1790423645.2843893,41.67727500316687
1790423645.28722,31.714556011138484
1790423645.28952,61.876544990809634
1790423645.2896605,65.04745699930936
1790423645.2897968,31.307155004469678
1790423645.290245,1113.826451008208
1790423645.290702,31.7466160049662
1790423645.2923877,1124.7630559955724
1790423645.2929876,38.904310000361875
1790423645.293862,31.1178189876955
1790423645.2943697,1225.6223619915545
1790423645.2953584,10.954108001897112
1790423645.307165,45.30219899606891
1790423645.3082125,15.212896978482604
1790423645.3125217,40.772200998617336
1790423645.3152664,28.03379701799713
1790423645.3163643,50.50380801549181
1790423645.3191912,28.935946989804506
1790423645.3197622,25.888663018122315
1790423645.3210113,28.61145799397491
1790423645.3221314,27.7514329936821
1790423645.3226292,27.260356990154833
1790423645.3244452,17.267310991883278
1790423645.324917,29.19858298264444
1790423645.3269155,18.691478995606303
1790423645.3274884,33.89815799891949
1790423645.3348117,22.27807600866072
1790423645.3515143,32.30914700543508
1790423645.3536031,32.57963000214659
1790423645.3545215,31.880280002951622
1790423645.3594143,1126.5019679849502
1790423645.363515,38.58356401906349
1790423645.375408,1118.769809982041
1790423645.3795664,44.74107001442462
1790423645.3814073,67.21362998359837
1790423645.3819504,31.384125002659857
1790423645.3820868,28.4711709828116
1790423645.3837779,68.49999399855733
1790423645.3857589,1105.7965059881099
1790423645.386122,26.696615997934714
1790423645.3866334,95.9204729879275
1790423645.387704,60.77762899803929
1790423645.39688,17.298670019954443
1790423645.3982823,46.75385300652124
1790423645.402595,18.805094994604588
1790423645.415847,33.750699018128216
1790423645.415958,52.43169498862699
1790423645.4249,38.25629298808053
1790423645.4286501,74.62147399201058
1790423645.429649,45.32859000028111
1790423645.4299295,43.79625400179066
1790423645.4312744,32.9804310167674
1790423645.4321084,50.689819996478036
1790423645.4332733,1077.5131240079645
1790423645.4345303,1063.7059280124959
1790423645.4350715,47.358221985632554
1790423645.4373999,1099.1867819975596
1790423645.4379792,41.08628400717862
1790423645.4385521,49.31587100145407
1790423645.4387686,36.16153099574149
1790423645.4400597,1093.548033008119
1790423645.4408703,25.008424010593444
1790423645.4419584,1085.159689973807
1790423645.445994,30.025504995137453
1790423645.4568906,32.76088699931279
1790423645.4588933,27.608228992903605
1790423645.4598844,25.341978995129466
1790423645.4616833,22.89096699678339
1790423645.462423,16.41681999899447
1790423645.464568,46.327882999321446
1790423645.4651313,27.721335005480796
1790423645.4656465,30.565752007532865
1790423645.4664583,25.57799097849056
1790423645.4668515,28.859893005574122
1790423645.4672215,37.28064600727521
1790423645.4678352,34.5510839833878
1790423645.468503,28.43115001451224
1790423645.46965,9.754052007338032
1790423645.4712687,1301.3167200260796
1790423645.4723184,4.472116997931153
1790423645.473776,11.34345302125439
1790423645.4745777,32.607156987069175
1790423645.4752893,9.632846020394936
1790423645.4903045,25.163226993754506
1790423645.4909213,23.690092988545075
1790423645.4922597,30.564457993023098
1790423645.4929025,26.041545992484316
1790423645.4953728,37.983863992849365
1790423645.4955075,29.038828011834994
1790423645.496358,25.07724502356723
1790423645.4970412,28.526444017188624
1790423645.49799,24.202286993386224
1790423645.4985747,7.6400249963626266
1790423645.5009542,8.038673986447975
1790423645.5020127,5.643987999064848
1790423645.516289,1125.8754690061323
1790423645.518174,48.51123900152743
1790423645.5187278,46.39816202688962
1790423645.519711,48.8654270011466
1790423645.5227637,24.76391798700206
1790423645.5237062,22.74139999644831
1790423645.5245836,49.992689018836245
1790423645.5368989,39.38948502764106
1790423645.5432925,52.975073020206764
1790423645.5457942,53.522381000220776
1790423645.5518072,33.61825199681334
1790423645.5550768,36.338428006274626
1790423645.564448,39.853463997133076
1790423645.5685327,45.75819699675776
1790423645.5689788,52.29127500206232
1790423645.5699692,46.237005008151755
1790423645.571313,28.00826699240133
1790423645.5792217,34.660835983231664
1790423645.5805485,34.743015974527225
1790423645.5811179,26.028334978036582
1790423645.582179,17.211721977218986
1790423645.5826101,57.4563090049196
1790423645.582804,12.823137978557497
1790423645.5836241,7.82162300311029
1790423645.5856144,4.483322991291061
1790423645.5865211,3.707833995576948
1790423645.5872972,1.6727449838072062
1790423645.5884855,1.1773930164054036
1790423645.5936203,41.79889400256798
1790423645.5949547,46.0682800039649
1790423645.5953398,26.795376994414255
1790423645.5967255,32.26143101346679
1790423645.5983572,27.03465599915944
1790423645.5989988,5.361692979931831
1790423645.5995197,17.33174899709411
1790423645.5999074,16.269929008558393
1790423645.6019814,21.41985300113447
1790423645.6028404,7.489496987545863
1790423645.6051836,8.444720006082207
1790423645.606707,6.790706014726311
1790423645.6085,9.487940988037735
1790423645.6094615,11.094345012679696
1790423645.6103435,10.813162982231006
1790423645.6104655,7.613507012138143
1790423645.6109295,5.732910009101033
1790423645.612293,10.299727990059182
1790423645.6137342,7.015915005467832
1790423645.615037,5.56640001013875
1790423645.6160257,5.549619992962107
1790423645.61728,4.97558998176828
1790423645.6375277,29.01523097534664
1790423645.6381757,27.234493987634778
1790423645.6399646,22.67322500119917
1790423645.6438942,1293.7675429857336
1790423645.6439965,33.64059099112637
1790423645.649055,35.30922700883821
1790423645.6498945,34.84738297993317
1790423645.6540258,37.99017801065929
1790423645.6613955,1110.5413940094877
1790423645.6639132,40.29570601414889
1790423645.6640913,1064.8869549913798
1790423645.680479,64.90690898499452
1790423645.6811361,52.26942998706363
1790423645.686928,48.738684999989346
1790423645.6881044,1086.6053260106128
1790423645.689544,39.6383750194218
1790423645.6903589,46.35156100266613
1790423645.6919105,54.37008698936552
1790423645.6950254,33.61737300292589
1790423645.696067,56.08973899506964
1790423645.6972413,65.95128099434078
1790423645.6981356,44.098176003899425
1790423645.6987941,49.72724700928666
1790423645.7141404,27.201374003197998
1790423645.7147264,50.624393014004454
1790423645.724309,53.527415002463385
1790423645.7248297,35.2759369998239
1790423645.7262294,34.30827902047895
1790423645.7273483,31.26935299951583
1790423645.736793,37.98779600765556
1790423645.7398071,51.69098399346694
1790423645.740861,77.79937901068479
1790423645.7410688,50.69680401356891
1790423645.7430935,48.05710501386784
1790423645.7469451,22.103140014223754
1790423645.7475336,1106.1683100124355
1790423645.748231,69.48956099222414
1790423645.7483056,34.152183012338355
1790423645.7488902,50.74104500818066
1790423645.7495353,34.795297018717974
1790423645.7511532,10.071033000713214
1790423645.7532341,6.27895601792261
1790423645.753677,4.131811991101131
1790423645.7541087,5.793132004328072
1790423645.7558637,1.7450579907745123
1790423645.7562535,3.007234015967697
1790423645.7572203,30.977463989984244
1790423645.7590854,25.7783209963236
1790423645.7595518,3.2883359817788005
1790423645.7612064,2.109941007802263
1790423645.7679603,1104.6796989976428
1790423645.76833,28.509788011433557
1790423645.7849348,23.71639700140804
1790423645.786479,37.57861800841056
1790423645.787953,26.258777012117207
1790423645.7893126,32.08028498920612
1790423645.7899055,38.73974402085878
1790423645.790194,5.246043001534417
1790423645.7910278,45.77899898868054
1790423645.7911825,35.30901501653716
1790423645.791967,23.624807014130056
1790423645.7926748,49.56230300012976
1790423645.7936742,34.11082297679968
1790423645.7943828,46.83733399724588
1790423645.7966478,1083.1435290165246
1790423645.7970054,10.515133995795622
1790423645.7983031,8.959700004197657
1790423645.800735,9.541511011775583
1790423645.8012173,11.298957018880174
1790423645.801807,7.414480001898482
1790423645.801928,4.91414000862278
1790423645.8028202,10.13601099839434
1790423645.8051126,4.356734978500754
1790423645.807127,4.295702994568273
1790423645.8080423,6.225457997061312
1790423645.8197405,29.53807299491018
1790423645.8202689,28.291831986280158
1790423645.8221798,36.33231797721237
1790423645.8239822,27.32553202076815
1790423645.8250225,23.08441200875677
1790423645.8260167,20.892232976621017
1790423645.8266833,28.360254975268617
1790423645.8272133,25.98606699029915
1790423645.8277984,34.11489998688921
1790423645.8284755,8.193037996534258
1790423645.8289888,20.933402003720403
1790423645.83157,24.43302600295283
1790423645.8322732,7.238190009957179
1790423645.8366265,9.933296998497099
1790423645.8379395,5.652367981383577
1790423645.8390393,11.231636017328128
1790423645.840839,13.615111995022744
1790423645.8420558,35.39514899603091
1790423645.8427434,22.99070797744207
1790423645.8435757,17.54932600306347
1790423645.8451538,16.66818800731562
1790423645.845565,21.57216300838627
1790423645.8461406,7.091289997333661
1790423645.8467941,17.79331298894249
1790423645.848338,16.75512798829004
1790423645.8500998,16.287425998598337
1790423645.8514829,14.304295007605106
1790423645.8520272,8.442146005108953
1790423645.8537276,11.604618979617953
1790423645.8547366,9.159667999483645
1790423645.8557992,8.99324199417606
1790423645.8563983,4.3620599899441
1790423645.858022,7.912394998129457
1790423645.8588839,2.4747319985181093
1790423645.859363,4.615003999788314
1790423645.8610804,2.1869349875487387
1790423645.8621469,1.0573779873084277
1790423645.8648036,28.1658619933296
1790423645.8655937,27.641025983029976
1790423645.867576,2.7598900196608156
1790423645.868052,27.20236498862505
1790423645.8699672,23.81691598566249
1790423645.8705428,25.37958201719448
1790423645.870928,28.174465987831354
1790423645.8732848,21.79198499652557
1790423645.8737726,39.50482601067051
1790423645.8751507,26.799845014465973
1790423645.876104,8.041520020924509
1790423645.876916,11.310027999570593
1790423645.8784947,5.199228005949408
1790423645.879153,8.599833003245294
1790423645.8840046,16.418975981650874
1790423645.8844388,14.461293001659214
1790423645.897834,26.891574991168454
1790423645.8985126,31.436035002116114
1790423645.8990903,22.1640550007578
1790423645.900641,21.477446978678927
1790423645.9024215,27.261598996119574
1790423645.9029703,26.856619981117547
1790423645.9039843,19.968134991358966
1790423645.9047663,6.9184939784463495
1790423645.9059675,33.8597180088982
1790423645.906118,21.668366010999307
1790423645.9067066,28.20049098227173
1790423645.9083242,9.221629006788135
1790423645.9092438,8.592155994847417
1790423645.911211,8.229591010604054
1790423645.911659,7.664297008886933
1790423645.9123933,9.960152005078271
1790423645.9131765,6.459686002926901
1790423645.9139595,9.181161993183196
1790423645.9157104,9.580740996170789
1790423645.9169106,8.573525003157556
1790423645.9178066,8.55089901597239
1790423645.9187129,7.489745999919251
1790423645.9206722,9.00083698797971
1790423645.9211304,8.727511973120272
1790423645.9216008,7.63267299043946
1790423645.922866,9.679967013653368
1790423645.9234624,7.738182001048699
1790423645.9254355,7.619454991072416
1790423645.9258995,5.216713005211204
1790423645.9265459,4.936092009302229
1790423645.9283392,4.8670639807824045
1790423645.9289887,3.080127004068345
1790423645.9300025,1.6526840045116842
1790423645.9312017,1.1896729993168265
1790423645.9410534,22.33035399694927
1790423645.943246,29.697744001168758
1790423645.9440236,22.883273020852357
1790423645.9451165,4.0513410058338195
1790423645.9467554,29.83392999158241
1790423645.9471517,24.27617899957113
1790423645.9477239,21.16842698887922
1790423645.948569,19.56910698208958
1790423645.9489322,23.486591991968453
1790423645.9515538,4.789132013684139
1790423645.9520502,8.003383001778275
1790423645.9567378,9.003198007121682
1790423645.9670854,25.635625002905726
1790423645.9671876,20.026229991344735
1790423645.9689455,23.81897301529534
1790423645.9759161,26.97415600414388
1790423645.9768598,30.220999993616715
1790423645.9771595,25.09791898773983
1790423645.9790566,1046.3464649801608
1790423645.9796426,1053.510052995989
1790423645.9809806,13.781356014078483
1790423645.9825609,6.630713003687561
1790423645.9861445,34.58093499648385
1790423645.9868996,7.831991999410093
1790423645.9903746,41.79499400197528
1790423646.0006797,43.92917299992405
1790423646.0057468,52.70009397645481
1790423646.023711,54.75382297299802
1790423646.0250764,1114.0605749969836
1790423646.0253468,48.17439700127579
1790423646.0426455,61.6543949872721
1790423646.0451353,65.48184200073592
1790423646.04878,67.33075200463645
1790423646.049057,62.901799014071
1790423646.0499823,71.44621599582024
1790423646.053843,70.05576699157245
1790423646.053925,63.53485901490785
1790423646.0546467,67.73448397871107
1790423646.0597053,59.01013599941507
1790423646.0717134,46.35587800294161
1790423646.0783012,61.28171400632709
1790423646.0784183,54.69621199881658
1790423646.0957382,78.11910199234262
1790423646.0963278,42.389404989080504
1790423646.09759,37.87169401766732
1790423646.098207,19.777237001108006
1790423646.0998366,57.17716002254747
1790423646.1106172,61.54887200682424
1790423646.1150486,90.57936200406402
1790423646.1205697,65.91064200620167
1790423646.1217072,31.837865011766553
1790423646.1226346,25.03290300955996
1790423646.1238832,24.035176989855245
1790423646.1244488,1958.5630370129365
1790423646.1271324,83.89143997919746
1790423646.1330383,1032.2188640129752
1790423646.143545,71.81833399226889
1790423646.144917,89.50816799188033
1790423646.1450562,48.71634001028724
1790423646.1498606,51.64151999633759
1790423646.1630428,1058.852399000898
1790423646.1719005,61.27232901053503
1790423646.1725433,68.74899301328696
1790423646.1745927,31.033680017571896
1790423646.1754405,25.566969998180866
1790423646.1789281,1085.159597976599
1790423646.179399,1107.015711022541
1790423646.1801953,1075.4237090004608
1790423646.1820934,7.488775998353958
1790423646.1825125,61.93026099936105
1790423646.1840951,8.00300997798331
1790423646.1847196,5.311239016009495
1790423646.186482,2.376457996433601
1790423646.1871772,5.073869018815458
1790423646.1884756,1.9840060267597437
1790423646.1896982,1.2133110139984637
1790423646.1911597,1030.7946389948484
1790423646.1924093,1.2404090084601194
1790423646.2092867,85.39199898950756
1790423646.2195692,94.39172499696724
1790423646.220682,48.766522988444194
1790423646.2219925,91.77623499999754
1790423646.2225108,1064.8419299977832
1790423646.223036,44.629147014347836
1790423646.2258322,1294.5741809962783
1790423646.2266047,1286.511589976726
1790423646.2276583,1071.5550169989
1790423646.2282314,1066.0586850135587
1790423646.2296329,31.232250010361895
1790423646.2448597,36.17392398882657
1790423646.2511275,30.433250998612493
1790423646.2519772,36.211164988344535
1790423646.2535408,30.491940007777885
1790423646.2584033,78.19539500633255
1790423646.259524,31.856349989539012
1790423646.259941,33.7029570073355
1790423646.2634125,87.96189900022
1790423646.2642188,19.345960987266153
1790423646.273504,69.58702698466368
1790423646.275347,58.51933499798179
1790423646.2766018,54.0760500007309
1790423646.2770576,51.21148200123571
1790423646.281601,54.9866069923155
1790423646.2855515,31.99731098720804
1790423646.2960708,54.90578600438312
1790423646.3047144,76.47133298451081
1790423646.309894,46.46890299045481
1790423646.3112204,63.159990997519344
1790423646.3114796,51.942952995887026
1790423646.3255086,48.895134998019785
1790423646.326575,1093.1779090024065
1790423646.3271194,1093.0933470081072
1790423646.3281283,1121.1130320152733
1790423646.330039,48.42570799519308
1790423646.3305874,25.861972972052172
1790423646.3310738,19.582125009037554
1790423646.3330307,5.898325005546212
1790423646.3349411,73.79908300936222
1790423646.3365936,84.44637298816815
1790423646.336974,72.74370398954488
1790423646.3377912,7.740579021628946
1790423646.3382604,7.175762992119417
1790423646.3391786,1141.7502799886279
1790423646.35686,94.84902900294401
1790423646.359073,21.270219003781676
1790423646.3592014,24.249036010587588
1790423646.3625357,85.46842299983837
1790423646.3645837,79.01848197798245
1790423646.3654509,55.54061700240709
1790423646.3678746,1166.041143995244
1790423646.3679488,34.907313995063305
1790423646.3684285,42.90463001234457
1790423646.3697674,37.581832002615556
1790423646.383738,1093.9278120058589
1790423646.3841968,1066.9824529904872
1790423646.384269,45.07885899511166
1790423646.3887417,51.75598498317413
1790423646.3895617,27.01312000863254
1790423646.3909988,52.72770099691115
1790423646.3930836,27.619842992862687
1790423646.3935559,25.116592994891107
1790423646.3943326,49.51395600801334
1790423646.399684,1075.2243160095531
1790423646.4109921,1091.219187976094
1790423646.4166791,57.46594900847413
1790423646.4182715,43.300904013449326
1790423646.428708,44.42789900349453
1790423646.4330153,1110.871342010796
1790423646.435143,82.56386598804966
1790423646.4353788,51.628612010972574
1790423646.4362042,46.63064601481892
1790423646.4380555,49.30192697793245
1790423646.4395957,65.33008700353093
1790423646.4399326,46.366691996809095
1790423646.4404676,49.45681101526134
1790423646.444826,51.7310080176685
1790423646.4452977,57.17668301076628
1790423646.445743,46.04812999605201
1790423646.449714,38.70562501833774
1790423646.460581,31.859501003054902
1790423646.470707,54.01532899122685
1790423646.4716372,68.09785900986753
1790423646.4767532,43.724117014789954
1790423646.4788127,51.41373100923374
1790423646.4896848,51.61626799963415
1790423646.4976332,61.41866001416929
1790423646.501462,64.40013600513339
1790423646.5019693,57.13169899536297
1790423646.5027418,1101.4820669952314
1790423646.502969,63.02548901294358
1790423646.503458,53.730517014628276
1790423646.5103073,69.82702601817437
1790423646.5116804,65.9264950081706
1790423646.5126324,52.038921014172956
1790423646.5211422,50.42318601044826
1790423646.522437,1264.9972380022518
1790423646.5361743,25.851893005892634
1790423646.5366642,43.059019022621214
1790423646.537141,24.495949008269235
1790423646.5496562,59.955990000162274
1790423646.5502307,72.62728098430671
1790423646.5506976,48.71723000542261
1790423646.5515559,51.14937899634242
1790423646.5590153,44.347391987685114
1790423646.5600197,1062.966445024358
1790423646.5617497,1066.2296359951142
1790423646.56222,1060.1966280082706
1790423646.5634756,1064.888485998381
1790423646.5639849,13.268862006952986
1790423646.5651045,27.921332977712154
1790423646.5665805,3.0945470207370818
1790423646.5671191,5.355749017326161
1790423646.5682015,64.73238999024034
1790423646.5692947,4.179190989816561
1790423646.5706773,3.547884989529848
1790423646.571375,2.067808003630489
1790423646.5724819,1.097823987947777
1790423646.5865192,74.82593000167981
1790423646.591807,77.60433500516228
1790423646.5994473,63.25655401451513
1790423646.6006918,51.020616985624656
1790423646.602061,82.99521400476806
1790423646.6105497,32.69673799513839
1790423646.612398,50.16568599967286
1790423646.6177626,96.60508899833076
1790423646.6269083,40.37609000806697
1790423646.6381786,74.18197300285101
1790423646.653099,67.38864700309932
1790423646.6574156,1070.8820190047845
1790423646.657675,1144.2624189949129
1790423646.658398,1069.901816023048
1790423646.663593,62.88926600245759
1790423646.6647518,104.71662200870924
1790423646.6662617,70.78745399485342
1790423646.6664307,93.94026899826713
1790423646.6669755,85.39592899614945
1790423646.6769574,77.49452200368978
1790423646.7107193,72.52003101166338
1790423646.714521,102.10422400268726
1790423646.7304003,103.47451199777424
1790423646.731536,117.44392901891842
1790423646.7356398,122.48447799356654
1790423646.736576,78.1615599989891
1790423646.7371817,126.4698330196552
1790423646.7379098,84.53177998308092
1790423646.7391522,74.38511599320918
1790423646.7405205,1075.6404659769032
1790423646.7411122,1108.7531840021256
1790423646.742966,6.374937016516924
1790423646.744707,30.1723150187172
1790423646.7486517,8.114507014397532
1790423646.7493358,6.352438009344041
1790423646.757242,99.80546002043411
1790423646.7579677,137.60275900131091
1790423646.7618906,95.44708498287946
1790423646.76408,112.13444400345907
1790423646.764325,79.89120797719806
1790423646.7649858,77.95720800640993
1790423646.7655656,88.59355200547725
1790423646.7771068,28.436060005333275
1790423646.77967,1042.8643870109227
1790423646.7811506,35.086910997051746
1790423646.7816517,1054.292366025038
1790423646.783785,26.52448700973764
1790423646.7853394,20.99631298915483
1790423646.7901042,48.97838499164209
1790423646.7913308,11.64324302226305
1790423646.7933311,31.424409011378884
1790423646.793459,79.81686902348883
1790423646.805074,40.072302013868466
1790423646.8067348,22.935154993319884
1790423646.812058,21.936156990705058
1790423646.8160298,22.682112990878522
1790423646.817568,35.335608990862966
1790423646.8179915,11.242597014643252
1790423646.8189926,2.946605993201956
1790423646.8204715,1.4660469896625727
1790423646.8374298,55.76383299194276
1790423646.837564,52.213208022294566
1790423646.837711,46.36713399668224
1790423646.8396556,62.53048198414035
1790423646.8453453,23.873762984294444
1790423646.846406,8.68332601385191
1790423646.8471098,1950.0950969813857
1790423646.847658,10.2137099893298
1790423646.8489778,2.560168009949848
1790423646.8512578,76.39917702181265
1790423646.851323,3.65474697900936
1790423646.8526354,1.3024919899180532
1790423646.8551004,50.00291997566819
1790423646.860392,48.31570101669058
1790423646.8741193,79.37972899526358
1790423646.874198,1120.5105250119232
1790423646.874673,56.667200988158584
1790423646.8761792,1101.1166800162755
1790423646.8772168,22.106035001343116
1790423646.8782587,24.900151998735964
1790423646.8783426,4.132528003538027
1790423646.8805764,3.3500909921713173
1790423646.882533,1.9436570000834763
1790423646.9234672,102.98221799894236
1790423646.940539,56.36436599888839
1790423646.9503763,1090.9995110123418
1790423646.9517567,53.42122400179505
1790423646.9545224,1092.3650840122718
1790423646.9552221,76.86987798660994
1790423646.9561086,116.44227898796089
1790423646.9569468,1101.1384380108211
1790423646.9589775,1100.944662000984
1790423646.9597204,36.22913098661229
1790423646.964906,10.364338988438249
1790423646.9690235,10.02706098370254
1790423646.9692347,13.11105999047868
1790423646.9701307,5.2063820185139775
1790423646.9999154,117.35605300054885
1790423647.0016463,32.40017898497172
1790423647.0104065,135.72322300751694
1790423647.0120282,48.0330620193854
1790423647.0123374,1029.7637319890782
1790423647.0228941,173.4760790131986
1790423647.028191,28.262790001463145
1790423647.0287519,136.75225200131536
1790423647.0342362,23.81900101318024
1790423647.035417,7.21452702418901
1790423647.0359492,27.072110009612516
1790423647.0366907,1.264998980332166
1790423647.0442822,119.55968200345524
1790423647.045744,166.65015599573962
1790423647.0462656,95.87170000304468
1790423647.0468953,91.6563660139218
1790423647.047785,88.04806700209156
1790423647.048959,78.81633198121563
1790423647.049172,2.894918987294659
1790423647.0519638,4.167413018876687
1790423647.0524147,3.2312499824911356
1790423647.0776248,1146.4118869917002
1790423647.0800974,31.128761009313166
1790423647.0825052,48.25801600236446
1790423647.0829287,40.70018700440414
1790423647.0830395,31.0632879845798
1790423647.083678,132.59176700375974
1790423647.08376,31.33638799772598
1790423647.0849633,9.666752972407266
1790423647.0855973,34.582913998747244
1790423647.0871043,40.19849098403938
1790423647.110534,30.425114004174247
1790423647.1324713,50.421151012415066
1790423647.1327558,49.707711004884914
1790423647.1346693,49.694949004333466
1790423647.1353962,24.849832989275455
1790423647.1359754,283.3290509879589
1790423647.136553,45.05102499388158
1790423647.1377017,1092.5548980012536
1790423647.1393757,4.696175019489601
1790423647.1407118,4.726077022496611
1790423647.1415677,3.8536200008820742
1790423647.1428235,2.101531979860738
1790423647.1438382,1.0057470062747598
1790423647.1563587,1033.71203498682
1790423647.166624,88.97108800010756
1790423647.168649,1124.4384919991717
1790423647.1690984,85.32326002023183
1790423647.1700647,1165.997028001584
1790423647.170963,1130.099488014821
1790423647.1711605,34.22020300058648
1790423647.1715631,89.04723200248554
1790423647.1719606,32.571966003160924
1790423647.1722913,5.657210014760494
1790423647.1730113,37.60428901296109
1790423647.1750302,1050.5729769938625
1790423647.1761272,43.359379982575774
1790423647.1773183,1051.2757289980073
1790423647.1779053,6.735703005688265
1790423647.1786811,6.710198009386659
1790423647.179151,6.130736001068726
1790423647.1939676,37.596679001580924
1790423647.1953657,34.20715799438767
1790423647.1956499,456.4798079954926
1790423647.1966007,25.02851898316294
1790423647.1978838,25.583559996448457
1790423647.2007022,25.66268900409341
1790423647.2012365,25.078841019421816
1790423647.2019563,24.04226898215711
1790423647.2024937,8.513826003763825
1790423647.20283,24.140415975125507
1790423647.2032428,24.082726013148203
1790423647.2037148,34.60641100537032
1790423647.2045758,30.306383006973192
1790423647.2050161,8.40560399228707
1790423647.2060516,10.3920949914027
1790423647.2083542,10.457896976731718
1790423647.209248,5.996521009365097
1790423647.2097418,6.903575995238498
1790423647.2101388,8.174276008503512
1790423647.2106512,9.405874996446073
1790423647.2119606,6.9354959996417165
1790423647.2125049,11.79325400153175
1790423647.2133524,10.850590013433248
1790423647.2144098,8.349414012627676
1790423647.2151759,11.453189013991505
1790423647.2166688,7.412018021568656
1790423647.2189198,9.168390999548137
1790423647.2195668,8.907670009648427
1790423647.220296,6.92782798432745
1790423647.2209065,8.93696999992244
1790423647.223396,13.248131988802925
1790423647.2335567,19.13482800591737
1790423647.2342508,21.735710004577413
1790423647.2448401,29.654276004293934
1790423647.2477863,39.42252497654408
1790423647.248354,28.027490014210343
1790423647.248756,37.22836199449375
1790423647.2488546,29.92539099068381
1790423647.251295,34.61666699149646
1790423647.251771,1062.0610030018725
1790423647.2532086,18.94546000403352
1790423647.254722,1062.3016719764564
1790423647.255557,1068.3705229894258
1790423647.2561252,1046.8276699830312
1790423647.2564938,33.085647999541834
1790423647.2586474,39.07044499646872
1790423647.260289,11.421422997955233
1790423647.2617624,40.843790979124606
1790423647.2623744,28.802093002013862
1790423647.2624853,51.43008200684562
1790423647.2718916,27.039609994972125
1790423647.2741446,46.42845501075499
1790423647.2745352,26.167888019699603
1790423647.274656,26.859253004658967
1790423647.2758503,21.118601987836882
1790423647.2766836,23.462996003217995
1790423647.2794347,20.77594501315616
1790423647.2814484,35.00885399989784
1790423647.2816465,25.512165011605248
1790423647.282226,20.453547011129558
1790423647.2827673,30.98384299664758
1790423647.285277,29.706917994190007
1790423647.2955046,38.999613985652104
1790423647.2987301,40.97195199574344
1790423647.2992377,23.376166995149106
1790423647.3001306,25.58318100636825
1790423647.3023822,36.74744997988455
1790423647.3035374,31.633991980925202
1790423647.3041887,29.52038499643095
1790423647.3047512,28.05589497438632
1790423647.3101,30.655444017611444
1790423647.3238025,41.564170009223744
1790423647.3245454,44.57743698731065
1790423647.3246698,39.3813919799868
1790423647.326809,27.559379988815635
1790423647.3276165,22.8326260112226
1790423647.3289833,5.166210001334548
1790423647.3295321,25.98391502397135
1790423647.3300958,47.31872898992151
1790423647.3319116,53.47604799317196
1790423647.3326666,37.14711600332521
1790423647.3335705,1082.433100003982
1790423647.3341773,52.52170897438191
1790423647.3349683,30.768529017223045
1790423647.3359895,9.168450982542709
1790423647.3364902,11.807279021013528
1790423647.3378103,8.815029985271394
1790423647.3382037,8.659732004161924
1790423647.338586,10.958568018395454
1790423647.3399212,9.814635996008292
1790423647.342274,9.594968985766172
1790423647.3427298,6.732001987984404
1790423647.3433063,8.328712021466345
1790423647.3437312,10.139695019461215
1790423647.344895,8.395065000513569
1790423647.3469524,8.35768599063158
1790423647.3480635,13.87594299740158
1790423647.3488493,11.030423018382862
1790423647.3495555,11.343204998411238
1790423647.3502343,10.304298979463056
1790423647.3514652,7.725304021732882
1790423647.354002,7.033085013972595
1790423647.3546512,9.746103984070942
1790423647.356172,4.692485003033653
1790423647.3566005,13.285724009620026
1790423647.357385,14.646299998275936
1790423647.3583376,8.773857989581302
1790423647.3593535,17.07003900082782
1790423647.3602402,12.164288986241445
1790423647.3615503,6.890428019687533
1790423647.36302,4.6740339894313365
1790423647.3639753,4.6126820088829845
1790423647.3649683,8.359150000615045
1790423647.366837,5.275088013149798
1790423647.3681467,4.162130004260689
1790423647.3726182,22.37525599775836
1790423647.3742597,25.401193008292466
1790423647.3749337,28.86384300654754
1790423647.3759334,21.920750004937872
1790423647.3767328,20.552882022457197
1790423647.378956,20.18759402562864
1790423647.3800914,19.840680004563183
1790423647.3815584,24.162649002391845
1790423647.3824427,19.41230898955837
1790423647.3954856,28.6376400035806
1790423647.3986363,24.364829005207866
1790423647.408729,31.98597999289632
1790423647.4113357,46.7396309832111
1790423647.4142613,41.63307399721816
1790423647.4160814,40.13549300725572
1790423647.41679,1563.0514489894267
1790423647.4180827,49.568356975214556
1790423647.4185317,39.5658340130467
1790423647.4286125,46.16037799860351
1790423647.4298112,49.70803399919532
1790423647.4307714,52.38569699577056
1790423647.4341996,1075.1139300118666
1790423647.444353,57.92556898086332
1790423647.4526362,71.06538498192094
1790423647.4583733,53.88591100927442
1790423647.4584613,79.0163209894672
1790423647.458736,42.64307301491499
1790423647.4594133,40.872237004805356
1790423647.4612062,1133.0656360078137
1790423647.4704084,41.78379799122922
1790423647.472018,1110.6213509920053
1790423647.4727175,74.0707789955195
1790423647.4742436,1120.0710860139225
1790423647.4746995,1144.1002509964164
1790423647.4815233,47.31360400910489
1790423647.4819646,23.217631998704746
1790423647.489825,62.58204800542444
1790423647.4906614,60.839905025204644
1790423647.495862,43.21310899103992
1790423647.4974334,38.008264993550256
1790423647.4999235,22.015060007106513
1790423647.5004547,18.480509985238314
1790423647.5009377,28.20841799257323
1790423647.501376,3.9315969916060567
1790423647.5018091,11.134175991173834
1790423647.5021787,48.881416994845495
1790423647.504435,3.9708680124022067
1790423647.5048776,3.4907189838122576
1790423647.506128,1.680846995441243
1790423647.5071611,1.0231120104435831
1790423647.5141673,73.1866089918185
1790423647.5225074,61.291908990824595
1790423647.5237384,1.2210370041429996
1790423647.533239,68.03001998923719
1790423647.5424674,1107.0760170114227
1790423647.5435934,1361.071075021755
1790423647.5440714,62.53839697455987
1790423647.545512,1144.2393160250504
1790423647.5505733,60.733071994036436
1790423647.5527678,23.91655300743878
1790423647.5532093,10.730637004598975
1790423647.5542195,10.138393001398072
1790423647.5548742,1.6534290043637156
1790423647.5563788,1.4946469746064395
1790423647.556783,1108.2292490173131
1790423647.566897,43.1492880161386
1790423647.5677588,71.88503802171908
1790423647.5686483,68.71195600251667
1790423647.5690475,1310.6309669965412
1790423647.5709426,4.033161996630952
1790423647.5717838,3.125563991488889
1790423647.5885694,44.965675013372675
1790423647.5947278,6.1465649923775345
1790423647.595553,24.59977098624222
1790423647.5970306,26.90871001686901
1790423647.6054392,84.89318899228238
1790423647.6107683,64.10222899285145
1790423647.6109314,1107.9508720140439
1790423647.6126113,1090.1592739974149
1790423647.613063,1108.577333012363
1790423647.624915,68.52674201945774
1790423647.6253805,57.61052199522965
1790423647.6297548,34.1914460004773
1790423647.6344073,38.42297100345604
1790423647.6354256,66.36865899781696
1790423647.6419587,29.33605998987332
1790423647.647573,22.181334003107622
1790423647.648175,36.42907500034198
1790423647.6514442,56.70662599732168
1790423647.659224,87.43199898162857
1790423647.6646914,77.1938190155197
1790423647.6674006,39.2226510157343
1790423647.6676152,1099.401518004015
1790423647.6695597,1098.8725959905423
1790423647.6703932,34.95568799553439
1790423647.671746,1105.1545109949075
1790423647.675502,64.55863200244494
1790423647.6822793,63.26160198659636
1790423647.6829522,1065.1727009972092
1790423647.684885,55.84251502295956
1790423647.6853473,55.5809159995988
1790423647.68574,43.76988401054405
1790423647.6862767,61.34920701151714
1790423647.6897774,42.1885589894373
1790423647.690994,31.756548007251695
1790423647.6938114,40.58099602116272
1790423647.6938887,24.318194977240637
1790423647.6954496,5.663106014253572
1790423647.6959562,10.207835002802312
1790423647.6963944,13.432517007458955
1790423647.6977947,46.33884801296517
1790423647.698189,26.431568985572085
1790423647.6996465,5.747093993704766
1790423647.7001057,4.139921016758308
1790423647.7019448,4.140167002333328
1790423647.702563,2.9074760095681995
1790423647.703512,1.5573319979012012
1790423647.707085,36.68097601621412
1790423647.7078264,40.20051399129443
1790423647.7092154,41.18074901634827
1790423647.709637,18.630993989063427
1790423647.7102044,24.84787200228311
1790423647.711211,24.92492299643345
1790423647.712874,17.414956993889064
1790423647.713269,9.74802000564523
1790423647.714272,17.867523012682796
1790423647.7151449,8.048493007663637
1790423647.7156339,17.435530986404046
1790423647.7174025,7.754828984616324
1790423647.7178988,6.676313001662493
1790423647.7183979,5.119408015161753
1790423647.719531,4.376506985863671
1790423647.7203865,2.974322997033596
1790423647.723403,1027.5505110039376
1790423647.725092,1037.9651410039514
1790423647.7256768,7.267982000485063
1790423647.7261324,1047.0028239942621
1790423647.729603,21.7646439850796
1790423647.7307572,26.76343300845474
1790423647.7310574,20.842919999267906
1790423647.732006,17.723604978527874
1790423647.7324858,19.60178601439111
1790423647.7345781,18.93359998939559
1790423647.7353957,1050.8520129951648
1790423647.736194,10.494932997971773
1790423647.736619,1044.2280769930221
1790423647.737003,19.09368997439742
1790423647.7376165,8.001206995686516
1790423647.7395558,7.539701007772237
1790423647.7405813,5.993351980578154
1790423647.7424366,6.233385007362813
1790423647.7429361,3.3709160052239895
1790423647.7433279,6.315803999314085
1790423647.7449024,2.455812005791813
1790423647.7452636,1.9268320174887776
1790423647.7465894,1.3164090050850064
1790423647.7466865,1072.299605992157
1790423647.7488077,1098.9873500075191
1790423647.7490225,23.920596984680742
1790423647.7503748,29.977229016367346
1790423647.7518103,25.667137000709772
1790423647.7526886,21.619887003907934
1790423647.7531333,6.437353004002944
1790423647.7535248,8.613237994723022
1790423647.753945,21.449088992085308
1790423647.7556777,20.272616005968302
1790423647.7574074,10.807886981638148
1790423647.7591708,6.470955006079748
1790423647.7595296,9.14497600751929
1790423647.7611203,12.084900023182854
1790423647.7733424,19.808654993539676
1790423647.774962,23.142101999837905
1790423647.7759857,22.84254998085089
1790423647.77654,27.057797997258604
1790423647.7784731,22.786365007050335
1790423647.7794306,24.42387500195764
1790423647.7955613,36.37961400090717
1790423647.7999792,46.0246620059479
1790423647.8022244,44.428828987292945
1790423647.8023102,42.76738499174826
1790423647.8028064,45.38565099937841
1790423647.804305,28.309098997851834
1790423647.8063276,45.19779499969445
1790423647.8072772,11.704862001352012
1790423647.8084123,35.05840100115165
1790423647.8087833,46.98913500760682
1790423647.8090475,30.56410199496895
1790423647.8105466,1065.8247800020035
1790423647.8119638,1062.6156170037575
1790423647.8129025,12.911561003420502
1790423647.8131595,38.185226992936805
1790423647.8147836,12.46264498331584
1790423647.8155048,1085.0851309951395
1790423647.8166826,8.261606999440119
1790423647.8171427,14.32692797970958
1790423647.81756,1106.8232060060836
1790423647.8184743,11.185682989889756
1790423647.818853,14.53613000921905
1790423647.820095,13.758476998191327
1790423647.8206363,10.081031010486186
1790423647.8213634,8.451696980046108
1790423647.8223183,13.261955988127738
1790423647.822759,10.786536993691698
1790423647.8247519,6.268583994824439
1790423647.8257875,8.635739999590442
1790423647.826349,13.17812901106663
1790423647.8276205,12.828637001803145
1790423647.8286881,11.118869995698333
1790423647.8291643,12.472617003368214
1790423647.8302915,11.43023802433163
1790423647.831005,10.360432002926245
1790423647.83182,9.492163982940838
1790423647.8324366,6.078506994526833
1790423647.832966,8.20466800360009
1790423647.8351872,2.2118939959909767
1790423647.8355334,6.833616003859788
1790423647.8365967,6.296125997323543
1790423647.837221,5.391854007029906
1790423647.8379729,2.43123498512432
1790423647.8388364,1.6072420112323016
1790423647.8398843,24.370391998672858
1790423647.8414805,2.6355070003774017
1790423647.8425999,1.1107019963674247
1790423647.8447921,24.685979005880654
1790423647.84549,24.117306020343676
1790423647.8471613,29.273071006173268
1790423647.8477576,24.98836300219409
1790423647.8487175,22.91789700393565
1790423647.8498466,5.044837016612291
1790423647.8502004,19.183783006155863
1790423647.8511043,18.65819699014537
1790423647.8515446,23.914649995276704
1790423647.853167,23.993532988242805
1790423647.8537676,8.268817997304723
1790423647.8549988,7.231407013023272
1790423647.855342,20.144513982813805
1790423647.8560348,16.140390012878925
1790423647.8567207,6.512021995149553
1790423647.8569424,5.828311026562005
1790423647.8586843,8.82791800540872
1790423647.8595521,10.82473000860773
1790423647.8601453,6.9682289904449135
1790423647.862271,5.320424999808893
1790423647.8626728,8.89772200025618
1790423647.8638847,12.33076601056382
1790423647.864236,8.192234992748126
1790423647.8645353,9.528272988973185
1790423647.865207,9.856507007498294
1790423647.865955,9.22637601615861
1790423647.8676507,7.46948501910083
1790423647.8705194,6.625726993661374
1790423647.8708873,6.343380024190992
1790423647.8712234,8.542830997612327
1790423647.8718,13.101841002935544
1790423647.872147,9.868177003227174
1790423647.8738816,8.666927984450012
1790423647.8743467,8.383556007174775
1790423647.874869,15.307491004932672
1790423647.8764899,12.24552100757137
1790423647.8792386,8.006323012523353
1790423647.8798459,7.690721016842872
1790423647.8815684,7.213374978164211
1790423647.8942513,26.58960100961849
1790423647.8950176,23.20983598474413
1790423647.896305,25.40916300495155
1790423647.8999398,29.411152005195618
1790423647.9008007,24.30078000179492
1790423647.9015899,21.732463006628677
1790423647.9030561,29.570070997579023
1790423647.9031942,8.929660019930452
1790423647.9163713,41.49280700949021
1790423647.9182954,44.404189015040174
1790423647.9202511,19.440008996753022
1790423647.921035,26.005065999925137
1790423647.9214213,21.471215004567057
1790423647.92188,41.292207984952256
1790423647.9223404,5.958111985819414
1790423647.9229312,43.68129899376072
1790423647.923573,21.96447300957516
1790423647.9263847,30.068049993133172
1790423647.9269361,5.506029003299773
1790423647.9276147,9.306608000770211
1790423647.929191,25.985148997278884
1790423647.9312012,7.618300995090976
1790423647.93167,4.7253719822037965
1790423647.9322855,34.165805991506204
1790423647.932388,11.343752994434908
1790423647.9330535,10.113959986483678
1790423647.9339797,13.718527014134452
1790423647.9350762,12.705945002380759
1790423647.9354267,9.032346977619454
1790423647.936239,7.038593001198024
1790423647.9383,6.6207519848831
1790423647.9394042,6.341287022223696
1790423647.9397886,4.702587990323082
1790423647.9415348,5.285919003654271
1790423647.9425075,1278.8996209856123
1790423647.9431345,3.719925007317215
1790423647.9449897,3.444289992330596
1790423647.9456208,2.475551998941228
1790423647.9465854,14.188143017236143
1790423647.9571154,25.899076979840174
1790423647.9601364,32.509969983948395
1790423647.9611058,27.114844997413456
1790423647.9627724,34.530013013863936
1790423647.96489,29.453561990521848
1790423647.9665604,19.964309001807123
1790423647.967086,24.568421009462327
1790423647.9675825,21.952257986413315
1790423647.968345,30.034209979930893
1790423647.9690464,24.046164995525032
1790423647.9694705,29.67359501053579
1790423647.969864,9.715958003653213
1790423647.9717696,4.673074989113957
1790423647.973793,8.892540994565934
1790423647.974372,30.80156701616943
1790423647.9768145,1116.4090329839382
1790423647.9772635,7.783848996041343
1790423647.9777343,1140.1565530104563
1790423647.978159,1131.0362980002537
1790423647.978656,21.527315984712914
1790423647.9793093,10.955888981698081
1790423647.9799275,18.809607019647956
1790423647.9807596,14.187797991326079
1790423647.9812398,1132.2507289878558
1790423647.9826343,8.830341015709564
1790423647.9848566,13.075707014650106
1790423647.985431,7.263009989401326
1790423647.986299,9.025993989780545
1790423647.9866846,5.436063016531989
1790423647.9881284,5.485191009938717
1790423647.988675,11.851332004880533
1790423647.9904213,11.10337401041761
1790423647.9908547,13.11104599153623
1790423647.9912636,12.599915004102513
1790423647.9920568,5.740378022892401
1790423647.992179,12.24074701895006
1790423647.9939837,13.214439008152112
1790423647.9947605,9.320306009612978
1790423647.9968421,6.4121250179596245
1790423647.9969456,12.080695014446974
1790423647.9985669,10.426299995742738
1790423647.999498,10.814859007950872
1790423647.9998755,13.178775989217684
1790423648.0020168,11.154051986522973
1790423648.0028398,11.567656008992344
1790423648.0039792,9.985931013943627
1790423648.0047307,12.54242699360475
1790423648.0050907,13.02430999930948
1790423648.0055583,10.785474005388096
1790423648.0071013,7.595275994390249
1790423648.0081623,11.207177973119542
1790423648.022593,22.70894800312817
1790423648.0242789,27.42648299317807
1790423648.0270598,21.960730984574184
1790423648.0280192,29.44235599716194
1790423648.0287347,23.99451899691485
1790423648.0291524,27.12411800166592
1790423648.0295613,21.389725006883964
1790423648.0304155,31.539151998003945
1790423648.031302,8.697644982021302
1790423648.0318768,34.01619600481354
1790423648.032158,25.04731999943033
1790423648.03271,28.70508999330923
1790423648.032851,8.559840003727004
1790423648.032995,27.428439003415406
1790423648.0352008,32.35167599632405
1790423648.0368075,1079.8450670263264
1790423648.0379114,1025.5633629858494
1790423648.0427017,1041.044106008485
1790423648.0562768,26.706234988523647
1790423648.0581765,26.865402003750205
1790423648.0588698,30.126124998787418
1790423648.0628896,30.029830988496542
1790423648.0633228,31.15514200180769
1790423648.063709,36.63978600525297
1790423648.0641155,28.90521101653576
1790423648.0649593,1068.271422991529
1790423648.0657291,27.800351002952084
1790423648.065998,37.967815005686134
1790423648.0665133,33.50873899762519
1790423648.0676286,38.467788021080196
1790423648.0680077,31.188517983537167
1790423648.0684109,35.691440978553146
1790423648.069614,26.898176001850516
1790423648.0713146,1102.272071002517
1790423648.0724857,16.19501700042747
1790423648.0739312,15.05150698358193
1790423648.0744412,10.316822997992858
1790423648.0749576,11.625425016973168
1790423648.0755787,11.860911996336654
1790423648.0778735,10.235222987830639
1790423648.0787866,10.367342998506501
1790423648.0837827,18.04476502002217
1790423648.0948768,28.869819012470543
1790423648.0960958,24.768008006503806
1790423648.0971668,29.14995700120926
1790423648.1005044,37.60540799703449
1790423648.1010134,25.42114700190723
1790423648.1015177,34.995924012036994
1790423648.1020255,32.40121400449425
1790423648.1025367,27.56770298583433
1790423648.103108,44.91999899619259
1790423648.104101,41.831317998003215
1790423648.104265,29.814203997375444
1790423648.1068406,32.90072301751934
1790423648.1089728,44.00388500653207
1790423648.118229,41.7340160056483
1790423648.119329,41.431117977481335
1790423648.1219285,38.134363014250994
1790423648.1240778,51.581725012511015
1790423648.124598,22.051558014936745
1790423648.125038,23.510007973527536
1790423648.125445,46.64655600208789
1790423648.1265378,26.023529993835837
1790423648.1279263,35.32236799946986
1790423648.1279979,31.89041800214909
1790423648.1287463,1041.6326159902383
1790423648.1295757,32.39643998676911
1790423648.131404,28.283955005463213
1790423648.1318028,24.952859996119514
1790423648.1322215,1095.5217529844958
1790423648.133649,31.61271702265367
1790423648.1337779,38.891371979843825
1790423648.135295,34.27133499644697
1790423648.1377437,13.13302101334557
1790423648.138529,16.590163024375215
1790423648.1432989,23.942911997437477
1790423648.1452813,21.19003699044697
1790423648.1462195,25.772774999495596
1790423648.148206,21.659423975506797
1790423648.1486542,1963.922911992995
1790423648.1505501,25.502442993456498
1790423648.1512241,19.81102701392956
1790423648.1525269,20.29466099338606
1790423648.1534207,14.881383016472682
1790423648.1539817,25.22512199357152
1790423648.1565979,11.304844985716045
1790423648.161775,32.18906800611876
1790423648.163046,31.23250199132599
1790423648.1636121,38.156918017193675
1790423648.164895,36.88651698757894
1790423648.1684232,40.64277998986654
1790423648.1685767,34.06976198311895
1790423648.1690428,31.280577008146793
1790423648.1695006,35.84269201382995
1790423648.170118,18.88496000901796
1790423648.1711166,22.45122700696811
1790423648.1719377,28.628102008951828
1790423648.1733184,24.167919997125864
1790423648.175127,10.220021998975426
1790423648.1768012,13.744511001277715
1790423648.1775322,26.971741986926645
1790423648.178043,25.50319500733167
1790423648.1811638,27.171686990186572
1790423648.182148,30.28062201337889
1790423648.182314,18.688838987145573
1790423648.1844518,14.941497007384896
1790423648.1849642,23.17542501259595
1790423648.1853817,16.794873983599246
1790423648.1863122,12.982927000848576
1790423648.194991,23.859148990595713
1790423648.195742,23.792846011929214
1790423648.1999085,30.854965007165447
1790423648.200476,34.861746011301875
1790423648.2009764,30.848651978885755
1790423648.2015295,20.354512002086267
1790423648.2029076,17.51709298696369
1790423648.203477,19.01592902140692
1790423648.2042658,26.723899005446583
1790423648.205947,30.809506017249078
1790423648.2085028,35.662854003021494
1790423648.2090318,26.705789990955964
1790423648.2099147,24.926889018388465
1790423648.2207131,34.3905920162797
1790423648.2214725,1077.6234340155497
1790423648.2266033,31.600591988535598
1790423648.227725,27.805501013062894
1790423648.2294173,32.8290119941812
1790423648.2296817,28.142102994024754
1790423648.2305756,27.087096008472145
1790423648.2322357,10.749609005870298
1790423648.2327495,26.792542019393295
1790423648.2332227,23.298093990888447
1790423648.234805,7.065861020237207
1790423648.2356458,5.059855000581592
1790423648.2372468,1095.6688820151612
1790423648.2376163,4.856160987401381
1790423648.2382672,3.4509089891798794
1790423648.2398558,1.5787159791216254
1790423648.240893,3.6355379852466285
1790423648.2426238,1.7209459911100566
1790423648.2569969,1103.4461749950424
1790423648.257083,36.35449899593368
1790423648.2584057,31.7914710030891
1790423648.2606537,51.60980697837658
1790423648.2619362,32.24220999982208
1790423648.2624528,30.204173002857715
1790423648.2630014,40.524996002204716
1790423648.263236,25.609973003156483
1790423648.2638469,28.191045013954863
1790423648.2643836,21.750672021880746
1790423648.2662108,4.264860996045172
1790423648.266915,27.048599993577227
1790423648.268856,5.609678977634758
1790423648.2704413,12.02547099092044
1790423648.271209,4.986622021533549
1790423648.271827,14.73382901167497
1790423648.2723837,7.990623009391129
1790423648.2739444,5.078271002275869
1790423648.2754476,4.226549994200468
1790423648.2759323,3.5389580007176846
1790423648.2785308,17.8650000016205
1790423648.2798152,28.6160440009553
1790423648.280064,17.6024729735218
1790423648.2808177,15.813653997611254
1790423648.2811997,17.341636994387954
1790423648.282403,15.478243993129581
1790423648.2829468,1020.560884004226
1790423648.283411,1023.039705993142
1790423648.2849278,9.466010989854112
1790423648.2866387,8.097825018921867
1790423648.2871923,6.364575994666666
1790423648.288366,5.953853018581867
1790423648.2889612,5.539226986002177
1790423648.3017387,25.795369991101325
1790423648.3043084,1037.7799650013912
1790423648.3044853,23.27528499881737
1790423648.305334,25.26158600812778
1790423648.307081,24.122060014633462
1790423648.307698,22.760469000786543
1790423648.3089027,21.699589997297153
1790423648.309045,22.39626701339148
1790423648.3117824,22.81056498759426
1790423648.312685,8.18403298035264
1790423648.3132153,24.836782016791403
1790423648.3136792,6.584907998330891
1790423648.3357503,49.972640990745276
1790423648.3359003,34.14980598608963
1790423648.336522,35.76923499349505
1790423648.3370533,31.70710999984294
1790423648.3385265,30.814402998657897
1790423648.3386793,29.621904017403722
1790423648.339825,27.12634499766864
1790423648.3449738,36.05985501781106
1790423648.3510456,39.2520540044643
1790423648.3550985,41.406614996958524
1790423648.357328,44.09999298513867
1790423648.3587396,29.205522005213425
1790423648.359762,50.067286007106304
1790423648.3602488,24.3373179982882
1790423648.3608034,22.265006002271548
1790423648.361772,21.936653007287532
1790423648.36263,25.565864983946085
1790423648.3698688,18.813246017089114
1790423648.377393,49.726719997124746
1790423648.3827555,30.589700996642932
1790423648.3834238,22.59727197815664
1790423648.3844762,45.78534897882491
1790423648.3858275,28.487629984738305
1790423648.3863463,23.70673799305223
1790423648.386746,16.866834019310772
1790423648.3872898,43.174799997359514
1790423648.388052,1087.9111939866561
1790423648.388732,43.74814798939042
1790423648.3900347,6.5998829959426075
1790423648.3918128,5.0553229812067
1790423648.3921766,6.339699000818655
1790423648.3946724,1084.5616279984824
1790423648.405506,50.396735983667895
1790423648.4064927,1109.5804510114249
1790423648.4073796,45.59586098184809
1790423648.4087198,40.107228996930644
1790423648.4091802,20.436874008737504
1790423648.4110997,26.611715991748497
1790423648.4121423,25.78547000302933
1790423648.4127204,7.20025401096791
1790423648.4135733,25.512095977319404
1790423648.4148295,23.00677797757089
1790423648.4162896,7.5556889933068305
1790423648.4174192,6.306249997578561
1790423648.41856,5.827554006827995
1790423648.4203794,5.538224999327213
1790423648.420861,3.4288319875486195
1790423648.422064,1.6735399840399623
1790423648.4231706,1.0969249997287989
1790423648.4317353,1036.2370029906742
1790423648.4329255,1.1783109803218395
1790423648.4337823,39.10042700590566
1790423648.4348578,1.066562021151185
1790423648.438933,51.34722602088004
1790423648.4397259,32.33347600325942
1790423648.4406178,36.35855499305762
1790423648.4410517,31.858543021371588
1790423648.4429972,1034.2573559901211
1790423648.443164,3.428650990827009
1790423648.4435692,29.984506021719426
1790423648.444958,28.65636898786761
1790423648.4462373,3.2172850042115897
1790423648.4474425,3.86422302108258
1790423648.463377,40.197008987888694
1790423648.4648955,52.74009000277147
1790423648.4653409,46.76803800975904
1790423648.4658701,19.620630977442488
1790423648.477182,30.196019011782482
1790423648.4884646,1120.3086280147545
1790423648.4891791,1123.6563510028645
1790423648.4901164,49.05363798025064
1790423648.4931722,29.782950005028397
1790423648.4941297,28.77758498652838
1790423648.4953508,28.447857999708503
1790423648.4955473,5.420533998403698
1790423648.4959426,17.428544990252703
1790423648.4964662,1078.3734410069883
1790423648.4976504,3.5087639989797026
1790423648.498116,2.1634910081047565
1790423648.499221,1.0952580196317285
1790423648.5057244,1.1428979923948646
1790423648.5102782,67.10376200499013
1790423648.5129545,1005.7844789989758
1790423648.5136392,68.66919400636107
1790423648.5148962,1010.0090129999444
1790423648.5155869,50.67943499307148
1790423648.5169191,1015.1008109969553
1790423648.5174024,28.924647020176053
1790423648.5190623,1267.7560680021998
1790423648.519656,60.794095013989136
1790423648.5199122,1049.4915529852733
1790423648.5209808,1106.6746529832017
1790423648.521379,11.088491999544203
1790423648.5219653,1021.0185619944241
1790423648.5224035,1047.6944519905373
1790423648.5246198,10.967890004394576
1790423648.5259893,10.392291005700827
1790423648.5270822,4.668780020438135
1790423648.5274851,34.302388987271115
1790423648.5285316,11.118761991383508
1790423648.5297217,9.797897015232593
1790423648.5309708,9.581642982084304
1790423648.5323794,4.884833004325628
1790423648.5335703,3.8380860059987754
1790423648.534105,8.103251020656899
1790423648.5354297,3.0257480102591217
1790423648.5360372,1.9211470207665116
1790423648.5373588,41.79574499721639
1790423648.5379987,1.9512549915816635
1790423648.5392945,41.63392900954932
1790423648.5397468,1.7375489987898618
1790423648.5411978,26.29179897485301
1790423648.5426009,31.67892000055872
1790423648.5446334,38.89884499949403
1790423648.545172,24.181239015888423
1790423648.5456758,26.601550984196365
1790423648.5460434,29.113398981280625
1790423648.5464547,21.817051019752398
1790423648.5467713,33.804078004322946
1790423648.5475721,25.5973820167128
1790423648.5487676,11.399410985177383
1790423648.5494943,10.189622000325471
1790423648.5498996,10.142026003450155
1790423648.5502982,9.088750986848027
1790423648.552248,6.195505004143342
1790423648.554458,6.8756029941141605
1790423648.555076,6.299510016106069
1790423648.5555127,10.867860983125865
1790423648.5559216,9.141473972704262
1790423648.5564435,11.251719988649711
1790423648.556867,10.403846012195572
1790423648.5584357,8.128536981530488
1790423648.5593433,13.657547009643167
1790423648.5597894,10.282870993250981
1790423648.5637214,8.636414015199989
1790423648.5642807,14.371936995303258
1790423648.5648668,8.937019010772929
1790423648.5656395,13.380015996517614
1790423648.566317,6.962078012293205
1790423648.5668344,9.958904993254691
1790423648.569043,5.311184999300167
1790423648.5697007,4.8249879910144955
1790423648.5701559,3.829189983662218
1790423648.5712903,2.2374209947884083
1790423648.5722106,2.0447779970709234
1790423648.5732563,1.0369439842179418
1790423648.5816505,27.181964018382132
1790423648.5829995,26.546178007265553
1790423648.5842233,2.5579979992471635
1790423648.5855038,29.981825995491818
1790423648.5871727,28.72716699494049
1790423648.587722,27.922995999688283
1790423648.5882494,23.95828501903452
1790423648.5892677,31.215984985465184
1790423648.5901935,24.543439998524264
1790423648.5907414,23.898029001429677
1790423648.5916727,21.96309299324639
1790423648.592564,8.327803981956095
1790423648.5942752,11.26310700783506
1790423648.5961037,5.350202001864091
1790423648.5966432,11.12615698366426
1790423648.598136,7.932547014206648
1790423648.5988226,11.08921499690041
1790423648.5991888,12.002178002148867
1790423648.6010637,8.48827199661173
1790423648.6018295,7.543550978880376
1790423648.6022656,10.58360599563457
1790423648.6059065,9.250944014638662
1790423648.6069577,18.697054008953273
1790423648.617947,21.833353996044025
1790423648.6186628,19.464918004814535
1790423648.619407,30.129065999062732
1790423648.6197581,21.609543007798493
1790423648.6220467,23.214676009956747
1790423648.6236322,1069.4038259971421
1790423648.6258678,31.229929998517036
1790423648.6268616,19.892485986929387
1790423648.6274521,8.77982599195093
1790423648.627919,25.643125991337
1790423648.628431,26.58933401107788
1790423648.628987,1078.4043830062728
1790423648.629778,28.70286098914221
1790423648.641617,35.70118799689226
1790423648.6421378,24.180641979910433
1790423648.6436439,21.585717011475936
1790423648.6448724,25.10412599076517
1790423648.6463692,18.90496601117775
1790423648.6469011,18.458288977853954
1790423648.6470857,42.44298400590196
1790423648.647198,23.551577993202955
1790423648.6505327,22.60421300888993
1790423648.6510537,24.182894005207345
1790423648.6612139,37.37253398867324
1790423648.6616461,32.64664899324998
1790423648.667503,37.712599005317315
1790423648.6698005,27.6523609936703
1790423648.6727512,35.30459699686617
1790423648.6738427,28.958615992451087
1790423648.6743064,12.649632000830024
1790423648.6748285,27.917772997170687
1790423648.6766064,34.97863499796949
1790423648.6791563,28.093695000279695
1790423648.6796718,33.29277102602646
1790423648.681011,30.466399010038003
1790423648.6824172,35.20785699947737
1790423648.6833973,39.740734006045386
1790423648.6839678,41.13607699400745
1790423648.6885343,21.018214989453554
1790423648.6990595,1334.0791579976212
1790423648.6997643,31.622532987967134
1790423648.699911,30.09870700770989
1790423648.7202785,45.953883993206546
1790423648.7230983,49.65021999669261
1790423648.7231758,46.55773701961152
1790423648.723738,44.05335598858073
1790423648.7242737,41.84308598632924
1790423648.7249057,24.981683993246406
1790423648.7265866,52.73422601749189
1790423648.7272801,52.44137698900886
1790423648.7285516,49.38639997271821
1790423648.7290514,57.44588698144071
1790423648.7291658,1124.9190880043898
1790423648.7304566,7.268968009157106
1790423648.7322485,5.647882004268467
1790423648.732845,8.559813984902576
1790423648.7335155,4.952641000272706
1790423648.734307,2.0471249881666154
1790423648.7351592,1.632308994885534
1790423648.736869,1.700018998235464
1790423648.7435954,62.57039401680231
1790423648.7478237,64.4151300075464
1790423648.74964,50.564386998303235
1790423648.7503934,30.098379007540643
1790423648.7525983,27.678956976160407
1790423648.7533007,50.89677599607967
1790423648.7533708,22.90313597768545
1790423648.7537994,26.506833004532382
1790423648.7544258,30.674396984977648
1790423648.755219,22.363563010003418
1790423648.7563317,8.497427013935521
1790423648.7569926,22.676955995848402
1790423648.7617416,18.135655001970008
1790423648.7626016,1039.1865489946213
1790423648.7633328,25.615058024413884
1790423648.7634935,13.839388004271314
1790423648.7651994,12.58800900541246
1790423648.7663355,12.527026003226638
1790423648.7677534,10.750942979939282
1790423648.7682433,13.01498498651199
1790423648.7686849,6.069474999094382
1790423648.7693098,1049.7678969986737
1790423648.770432,5.218859005253762
1790423648.772781,4.085177002707496
1790423648.7737856,6.020183995133266
1790423648.7742064,3.9494399970863014
1790423648.777667,3.4503520000725985
1790423648.7784312,28.026868996676058
1790423648.7789228,24.486899987095967
1790423648.7790253,6.230427010450512
1790423648.7800279,26.646473997971043
1790423648.7819228,1079.350673011504
1790423648.7826498,1042.058758001076
1790423648.7830932,1107.5816829979885
1790423648.7834635,27.12251601042226
1790423648.7845297,6.843540002591908
1790423648.7864134,24.66010197531432
1790423648.7874303,8.989833004307002
1790423648.7884192,5.316493014106527
1790423648.7896485,10.612220008624718
1790423648.7898343,7.901380013208836
1790423648.7918468,12.912340986076742
1790423648.7927477,8.209334017010406
1790423648.7935495,6.109633977757767
1790423648.7963607,16.32284402148798
1790423648.8043745,14.712251984747127
1790423648.8106613,28.001619008136913
1790423648.813077,29.603851988213137
1790423648.8149276,22.16982500976883
1790423648.8154054,28.981623996514827
1790423648.815901,26.056028000311926
1790423648.8162973,35.29102398897521
1790423648.8187022,22.329758998239413
1790423648.819684,29.359145992202684
1790423648.8200922,26.53312499751337
1790423648.821545,10.870114987483248
1790423648.822,17.610629001865163
1790423648.8224702,34.04079101164825
1790423648.8230538,7.638085982762277
1790423648.823606,31.74951099208556
1790423648.8261929,11.252747004618868
1790423648.82663,13.541205000365153
1790423648.8272033,5.646003992296755
1790423648.8275504,8.836447988869622
1790423648.8301003,7.604093989357352
1790423648.8313236,7.706989999860525
1790423648.8364058,8.845832984661683
1790423648.8379397,22.02937498805113
1790423648.8449836,22.973731975071132
1790423648.8461652,23.100021004211158
1790423648.846308,30.000571015989408
1790423648.8476913,27.590029989369214
1790423648.8486032,21.390978974523023
1790423648.850299,5.303509999066591
1790423648.8504558,20.341841009212658
1790423648.8515093,25.30698900227435
1790423648.8533483,26.708952005719766
1790423648.8547957,23.457650997443125
1790423648.8632088,15.505494986427948
1790423648.8748083,23.28857802785933
1790423648.876285,25.942981999833137
1790423648.8774683,22.643404023256153
1790423648.8779562,28.830110997660086
1790423648.8787596,40.80618100124411
1790423648.8793476,50.54771600407548
1790423648.880507,34.33221598970704
1790423648.8851666,46.80471000028774
1790423648.885371,34.90459802560508
1790423648.9025958,49.23737098579295
1790423648.9219751,47.15549398679286
1790423648.9233537,57.33190799946897
1790423648.9239888,46.50244599906728
1790423648.924808,44.29103899747133
1790423648.9258516,23.243917006766424
1790423648.9262674,77.65302798361517
1790423648.9267807,52.74038700736128
1790423648.9296517,66.42878198181279
1790423648.9302976,1092.3062690126244
1790423648.9306579,1049.0803869906813
1790423648.93171,1089.099247008562
1790423648.9322493,78.51564799784683
1790423648.9326108,62.916204013163224
1790423648.932775,1096.1680120090023
1790423648.9331942,56.89670599531382
1790423648.9336298,54.85674401279539
1790423648.9350083,49.62834599427879
1790423648.935804,13.8144789962098
1790423648.9384084,13.588122004875913
1790423648.9396825,13.404433004325256
1790423648.9404795,9.812379983486608
1790423648.940881,15.018020989373326
1790423648.9413102,8.525840996298939
1790423648.9417148,9.991641010856256
1790423648.942507,12.843177013564855
1790423648.9441507,20.15093999216333
1790423648.9446077,10.968438000418246
1790423648.945555,15.233284997520968
1790423648.9463983,13.193309016060084
1790423648.9483612,8.658184990053996
1790423648.949734,14.716103003593162
1790423648.9508495,15.037058998132125
1790423648.9520144,11.525462003191933
1790423648.95307,14.650738012278453
1790423648.954201,12.477584998123348
1790423648.9546192,10.457652009790763
1790423648.9550004,9.435121988644823
1790423648.9556167,10.999713995261118
1790423648.9560928,14.773978997254744
1790423648.9564426,13.926720013841987
1790423648.9571772,16.287263977574185
1790423648.9584696,12.062694993801415
1790423648.9608312,9.971658000722528
1790423648.9615319,13.160103000700474
1790423648.9760194,26.275706011801958
1790423648.9766796,24.655765999341384
1790423648.978067,33.065430005081
1790423648.9782374,24.02616399922408
1790423648.9831686,26.71501599252224
1790423648.9883857,32.758148008724675
1790423649.0036554,50.575038010720164
1790423649.004734,49.724454001989216
1790423649.0074148,51.312401017639786
1790423649.0083213,51.13469800562598
1790423649.0087993,57.55137198138982
1790423649.010532,52.05221800133586
1790423649.0126224,57.99406600999646
1790423649.0132613,46.61209197365679
1790423649.0134058,51.86150601366535
1790423649.0139647,53.12364699784666
1790423649.0172305,1317.1155710006133
1790423649.0179691,41.93586698966101
1790423649.0227084,44.459689990617335
1790423649.0300658,41.66885401355103
1790423649.0359907,59.298681997461244
1790423649.0382125,1300.5833709903527
1790423649.040049,1303.421061980771
1790423649.0408728,1297.927143983543
1790423649.0414507,58.271155023248866
1790423649.055743,42.32568800216541
1790423649.0562296,45.688270998653024
1790423649.0612903,38.56980198179372
1790423649.0618315,44.59110100287944
1790423649.063503,114.66402601217851
1790423649.0639849,60.31735800206661
1790423649.0651593,25.101084989728406
1790423649.0657654,29.761707002762705
1790423649.0664666,25.003869988722727
1790423649.0678852,11.645165999652818
1790423649.0690033,7.161439018091187
1790423649.069498,4.330133990151808
1790423649.0713823,4.906007990939543
1790423649.0715532,34.994690999155864
1790423649.0726855,3.6726260150317103
1790423649.07549,4.097418976016343
1790423649.0767703,1.2709030124824494
1790423649.0774732,92.43949799565598
1790423649.078794,74.04861602117307
1790423649.079226,80.57362702675164
1790423649.0808,72.46738101821393
1790423649.0813706,75.72175201494247
1790423649.081879,69.24457001150586
1790423649.082319,64.3381429836154
1790423649.0844383,54.36187799205072
1790423649.0852892,15.782000991748646
1790423649.0857453,8.9663699909579
1790423649.0860913,30.337540025357157
1790423649.087334,49.10853202454746
1790423649.0883353,6.006509007420391
1790423649.0895593,8.750262000830844
1790423649.0905714,5.272031994536519
1790423649.090947,4.847674979828298
1790423649.101054,22.248677007155493
1790423649.1012158,23.466699989512563
1790423649.1027112,18.262102996231988
1790423649.103824,21.92806202219799
1790423649.104479,18.724932015175
1790423649.1054683,18.120875989552587
1790423649.1068962,17.327064997516572
1790423649.1075385,16.582349984673783
1790423649.1100101,5.5208429985214025
1790423649.110452,3.543427010299638
1790423649.1109166,8.192598004825413
1790423649.1121213,23.773135006194934
1790423649.1144881,23.907037975732237
1790423649.1155617,5.541531019844115
1790423649.1166253,5.699177010683343
1790423649.1186662,8.204703975934535
1790423649.1190758,15.23982099024579
1790423649.1196723,36.686042993096635
1790423649.12015,8.019130007596686
1790423649.1206684,6.1688699934165925
1790423649.1210275,15.548820985713974
1790423649.1214175,20.350315026007593
1790423649.1219056,14.356869010953233
1790423649.122931,6.294467020779848
1790423649.1232893,7.706753007369116
1790423649.1265044,5.827065004268661
1790423649.1269517,8.276253996882588
1790423649.1280365,6.999897974310443
1790423649.1283777,9.293412993429229
1790423649.1293998,6.102042010752484
1790423649.1305146,8.600379980634898
1790423649.130938,7.999053981620818
1790423649.1325004,4.114175011636689
1790423649.1337986,13.63808399764821
1790423649.1351206,4.597649007337168
1790423649.1356897,8.729431981919333
1790423649.1369696,4.457806004211307
1790423649.1503778,28.95054398686625
1790423649.1510262,22.97998301219195
1790423649.1524293,27.526935999048874
1790423649.1529496,26.4328189950902
1790423649.153933,24.52392701525241
1790423649.1557775,1051.5025780186988
1790423649.1561906,5.795951001346111
1790423649.1577632,26.81573701556772
1790423649.1584396,22.739726002328098
1790423649.1598103,26.00301499478519
1790423649.1613808,5.592693982180208
1790423649.1624537,9.493950987234712
1790423649.1632435,26.265435997629538
1790423649.1657364,11.791468015871942
1790423649.1669486,31.8195250001736
1790423649.1679235,16.881879011634737
1790423649.1686935,35.263166995719075
1790423649.1798124,21.360259008361027
1790423649.1838195,1048.5155970091
1790423649.1850843,27.308708988130093
1790423649.1858099,29.60931000416167
1790423649.186242,1052.4548130051699
1790423649.1883912,28.968067024834454
1790423649.1888247,27.430669026216492
1790423649.1990857,35.830040025757626
1790423649.200459,40.63773198868148
1790423649.2066042,49.93924099835567
1790423649.2123601,47.157532011624426
1790423649.2124436,45.48513301415369
1790423649.2134664,33.64314799546264
1790423649.2142453,29.15064600529149
1790423649.2172065,54.73952501779422
1790423649.2241433,37.89041400887072
1790423649.2290287,63.28157297684811
1790423649.2299323,65.74395200004801
1790423649.2379858,38.88628201093525
1790423649.2389977,49.613253999268636
1790423649.2391536,26.700010988861322
1790423649.2407744,68.8171700167004
1790423649.241,55.17924201558344
1790423649.2550826,71.25206000637263
1790423649.2555547,66.7200580064673
1790423649.2573647,66.30360501003452
1790423649.2575815,57.11001300369389
1790423649.2595367,42.318198014982045
1790423649.2606347,47.15729097370058
1790423649.2626743,23.510422004619613
1790423649.2630124,7.919144991319627
1790423649.2634676,1060.5494939954951
1790423649.2643733,1063.3873890037648
1790423649.2654934,51.23732500942424
1790423649.266112,41.95794800762087
1790423649.266961,28.96523498930037
1790423649.2673154,1110.708183987299
1790423649.2678819,12.316387001192197
1790423649.268227,39.18818099191412
1790423649.2694325,50.7210590003524
1790423649.2699366,1121.7179099912755
1790423649.2704108,12.818162009352818
1790423649.2714055,30.394867004361004
1790423649.271942,1118.509301013546
1790423649.2726502,13.104970013955608
1790423649.2753186,11.840922990813851
1790423649.276584,13.898776000132784
1790423649.2773626,10.037573025329039
1790423649.278378,15.356074000010267
1790423649.2795403,14.037643995834514
1790423649.279946,12.975924997590482
1790423649.280901,14.780468016397208
1790423649.2821631,21.51874199626036
1790423649.2827713,12.347751995548606
1790423649.284085,15.848394978092983
1790423649.2872968,22.900838986970484
1790423649.295972,26.025135011877865
1790423649.2969518,34.77500198641792
1790423649.2972305,24.555986979976296
1790423649.2982762,30.38448200095445
1790423649.3005497,20.593332999851555
1790423649.3022342,20.057687012013048
1790423649.3028364,23.286573006771505
1790423649.3031888,22.276195988524705
1790423649.303566,28.23828300461173
1790423649.304427,21.64273799280636
1790423649.3048015,32.85060200141743
1790423649.305977,27.587110991589725
1790423649.306529,35.1148410118185
1790423649.3069196,37.47724200366065
1790423649.3079183,20.612064021406695
1790423649.308759,12.777635012753308
1790423649.3091476,11.905794992344454
1790423649.3138125,15.52424198598601
1790423649.3147013,38.106143998447806
1790423649.3154538,11.01743700564839
1790423649.3165977,14.353234000736848
1790423649.317164,39.79115799302235
1790423649.3176048,17.043124011252075
1790423649.3183942,10.46677102567628
1790423649.319224,16.37806900544092
1790423649.3198664,15.0557910092175
1790423649.3206575,17.460060014855117
1790423649.3210955,1049.2589169880375
1790423649.3216543,1051.2012719991617
1790423649.3222957,1089.0622699807864
1790423649.3233495,19.774789980147034
1790423649.3242536,15.096557996002957
1790423649.3246558,18.116713996278122
1790423649.325941,1051.986570993904
1790423649.327519,12.05603900598362
1790423649.3288646,11.69176201801747
1790423649.3295777,11.172739003086463
1790423649.3309808,22.212195995962247
1790423649.3316119,17.785307980375364
1790423649.332049,10.943759989459068
1790423649.3325162,12.639777996810153
1790423649.333714,9.452333993976936
1790423649.3343923,12.087883980711922
1790423649.3367984,10.847060999367386
1790423649.337712,20.098322012927383
1790423649.3394063,33.42026800964959
1790423649.3399496,29.719844984356314
1790423649.3402736,8.214366011088714
1790423649.3409202,12.045722978655249
1790423649.3414533,10.463824000908062
1790423649.3419218,8.198641007766128
1790423649.3426626,26.054968999233097
1790423649.3444526,29.738631012151018
1790423649.3467052,9.898148011416197
1790423649.3476954,8.279851987026632
1790423649.3481138,7.181557011790574
1790423649.3491905,7.25771501311101
1790423649.3501291,5.665745004080236
1790423649.358682,39.447882008971646
1790423649.3596795,1064.0541809843853
1790423649.3601155,39.449223986594006
1790423649.3607428,37.38502200576477
1790423649.3629558,28.554629010614008
1790423649.3640165,26.295871997717768
1790423649.36499,24.705353018362075
1790423649.365554,24.09110899316147
1790423649.366272,6.144414976006374
1790423649.366932,18.808223016094416
1790423649.3678293,20.121869019931182
1790423649.3684483,19.247185002313927
1790423649.369452,6.485931022325531
1790423649.3722641,5.982211005175486
1790423649.3731012,8.100037986878306
1790423649.3740113,4.546834999928251
1790423649.3744838,6.644559995038435
1790423649.37706,18.364941992331296
1790423649.378474,17.719258001307026
1790423649.379966,34.839320986066014
1790423649.380085,6.973183975787833
1790423649.3809052,15.339531004428864
1790423649.3815598,13.097893010126427
1790423649.3823233,10.045151982922107
1790423649.3835683,9.546607994707301
1790423649.3841753,9.68098800512962
1790423649.3846257,17.68269299645908
1790423649.3861694,22.142934991279617
1790423649.3876522,10.579916008282453
1790423649.389516,11.032556998543441
1790423649.3900108,9.095440997043625
1790423649.390517,6.333046010695398
1790423649.391732,9.399651986313984
1790423649.39714,10.961491003399715
1790423649.398188,18.09270799276419
1790423649.407668,17.139961011707783
1790423649.4091518,27.581664005992934
1790423649.4103,26.72185900155455
1790423649.4117565,27.122939995024353
1790423649.4121718,27.11364600691013
1790423649.4123683,1052.1075209835544
1790423649.4151692,25.64391598571092
1790423649.4166088,19.45680598146282
1790423649.4175704,9.891708003124222
1790423649.4186876,8.376289013540372
1790423649.4190977,35.949951998190954
1790423649.4197226,7.333071000175551
1790423649.4204557,3.834931005258113
1790423649.422764,4.067041998496279
1790423649.4344711,25.30890199705027
1790423649.4352853,23.51613502833061
1790423649.4361947,21.01436399971135
1790423649.4373777,19.797824003035203
1790423649.437725,16.486027976498008
1790423649.4382672,18.535381997935474
1790423649.4392536,4.771287000039592
1790423649.440599,4.392741015180945
1790423649.4419684,4.234260995872319
1790423649.4425387,3.2758419984020293
1790423649.4437387,1.761174004059285
1790423649.4448094,1.0627409792505205
1790423649.4487965,28.331311012152582
1790423649.4499247,1.1188090138603002
1790423649.4516144,1274.8017740086652
1790423649.4523332,1248.0572900094558
1790423649.4527159,1274.660783004947
1790423649.453621,1.9961069920100272
1790423649.4545507,1.8260310171172023
1790423649.4560192,1.45918398629874
1790423649.4590714,36.29847499541938
1790423649.460324,1.2424019805621356
1790423649.464287,43.43356899335049
1790423649.4645858,38.539761007996276
1790423649.4648407,27.453799993963912
1790423649.4656425,27.364247012883425
1790423649.4684038,33.105930022429675
1790423649.4687955,18.86153398663737
1790423649.469244,4.392381000798196
1790423649.4696572,27.109655988169834
1790423649.4703424,25.523955991957337
1790423649.4723868,6.73307801480405
1790423649.4727097,32.099562988150865
1790423649.4741647,1053.294648998417
1790423649.4761038,1028.65054999711
1790423649.4765487,1086.5041869983543
1790423649.477349,9.63963201502338
1790423649.4783592,5.963763018371537
1790423649.4788,8.447208994766697
1790423649.4792736,6.553788989549503
1790423649.4798589,11.054312024498358
1790423649.4805584,12.145382992457598
1790423649.4809241,11.671268002828583
1790423649.4821362,6.023327994626015
1790423649.4829412,8.767776016611606
1790423649.4836445,13.97864700993523
1790423649.4858449,1019.964817998698
1790423649.4863327,1053.3975019934587
1790423649.4867423,1051.875470991945
1790423649.4883096,5.360062001273036
1790423649.4891675,10.357513994676992
1790423649.4898124,9.944724995875731
1790423649.4906886,9.755395993124694
1790423649.4911683,13.802895991830155
1790423649.4939525,7.20068599912338
1790423649.495283,9.427501994650811
1790423649.4957747,5.077303998405114
1790423649.4964702,7.291321991942823
1790423649.4980533,4.0884430054575205
1790423649.5138035,35.42994600138627
1790423649.520887,25.102806015638635
1790423649.5216258,23.56129200779833
1790423649.5220513,28.715526015730575
1790423649.5227292,1.8328689911868423
1790423649.524383,1.6437740123365074
1790423649.5558193,1163.6326180014294
1790423649.5594833,32.00778298196383
1790423649.5690858,88.51776400115341
1790423649.5793176,1052.2246320033446
1790423649.5802174,37.61141299037263
1790423649.5802877,98.14044699305668
1790423649.5840409,1050.4593809891958
1790423649.590536,76.72067201929167
1790423649.5969036,41.070159000810236
1790423649.598688,1070.146215002751
1790423649.5995448,1064.1046150121838
1790423649.5997567,44.90747497766279
1790423649.6019695,1070.986061997246
1790423649.6028745,23.5458179959096
1790423649.603816,6.8899110192433
1790423649.6046112,20.55744599783793
1790423649.6060648,6.502521020593122
1790423649.608783,71.46275998093188
1790423649.616168,47.06781599088572
1790423649.6268306,83.67638199706562
1790423649.6283174,25.43209699797444
1790423649.629036,28.115288994740695
1790423649.6291757,24.551921989768744
1790423649.630047,13.86740998714231
1790423649.637178,59.18896498042159
1790423649.6375234,57.22629398223944
1790423649.6380134,47.464967996347696
1790423649.6436348,44.930862000910565
1790423649.6520457,22.85835301154293
1790423649.6538389,16.305767989251763
1790423649.654024,27.692345989635214
1790423649.6551716,11.52522099437192
1790423649.6556134,53.631965012755245
1790423649.656922,3.071051003644243
1790423649.6579828,2.3575569794047624
1790423649.6591587,1.1667549842968583
1790423649.6598036,55.97542301984504
1790423649.6609385,1.1259799939580262
1790423649.662155,33.825391001300886
1790423649.6630256,49.424311000620946
1790423649.6638436,25.818598980549723
1790423649.6642654,1092.9646640142892
1790423649.6663544,11.170838988618925
1790423649.6668413,14.78374598082155
1790423649.6673884,3.5335500142537057
1790423649.6687522,2.3867649724707007
1790423649.6693373,1.9409380038268864
1790423649.6706927,1.3475120067596436
1790423649.6867068,24.542307015508413
1790423649.6879563,23.679959995206445
1790423649.6880622,26.690580998547375
1790423649.6897988,22.94819100643508
1790423649.6904767,19.775802007643506
1790423649.6910367,22.274971997831017
1790423649.697628,10.909056989476085
1790423649.6993382,29.32713000336662
1790423649.6994405,9.630682005081326
1790423649.708661,17.613050004001707
1790423649.7119992,24.027948995353654
1790423649.7124655,21.978500997647643
1790423649.7246785,25.227747013559565
1790423649.7303379,51.7339940124657
1790423649.7375925,39.95297002256848
1790423649.738385,29.71365299890749
1790423649.7390664,26.592012000037357
1790423649.7531254,61.09989099786617
1790423649.7615154,1368.81500002346
1790423649.7744472,75.93868797994219
1790423649.7790754,1090.528353000991
1790423649.7801337,41.05751099996269
1790423649.7809348,57.08029100787826
1790423649.7833486,68.04521000594832
1790423649.7834637,71.452277014032
1790423649.788593,63.90191800892353
1790423649.795344,57.740741001907736
1790423649.824629,92.79046801384538
1790423649.8252578,77.5115380238276
1790423649.826108,87.71292300662026
1790423649.8359854,1336.7545979854185
1790423649.8415608,113.63245200482197
1790423649.8607683,80.62331099063158
1790423649.8660653,39.945441007148474
1790423649.8666325,103.41948797577061
1790423649.867837,124.63462300365791
1790423649.880087,100.99319001892582
1790423649.8819184,121.7947659897618
1790423649.8927243,109.25136500736699
1790423649.903916,129.20967797981575
1790423649.9092066,120.60260301223025
1790423649.9099452,93.88538199709728
1790423649.9124725,117.11445599212311
1790423649.9130774,77.07897000364028
1790423649.9168963,94.10516498610377
1790423649.936112,97.0411510206759
1790423649.94343,50.69052698672749
1790423649.9523618,91.57791500911117
1790423649.9640727,123.333438008558
1790423649.9731703,93.06531498441473
1790423649.9838488,135.95523597905412
1790423649.9859073,138.92308197682723
1790423650.0021806,102.23583300830796
1790423650.0226066,113.38435800280422
1790423650.0251844,126.9590989977587
1790423650.029558,127.64323398005217
1790423650.0354877,122.3729969933629
1790423650.0399847,127.4982120085042
1790423650.045985,143.12358101597056
1790423650.0500927,138.4887640015222
1790423650.068217,147.389708989067
1790423650.0772674,185.87791101890616
1790423650.099898,160.52480501821265
1790423650.0999894,126.80459799594246
1790423650.1199207,170.67650498938747
1790423650.1205475,97.92901400942355
1790423650.1248503,150.87543899426237
1790423650.132013,214.9077290087007
1790423650.132814,97.31446098885499
1790423650.1335855,105.39732599863783
1790423650.1377661,143.04369999445044
1790423650.1489682,202.35434800270014
1790423650.1615117,214.79897099197842
1790423650.1644552,225.85575099219568
1790423650.1750746,1151.6475690004881
1790423650.1801176,1166.1422209872399
1790423650.1857119,139.37080799951218
1790423650.218585,184.74614899605513
1790423650.2232354,152.8343019890599
1790423650.223369,123.36525900173001
1790423650.2240148,133.4048369899392
1790423650.2396557,1231.8878629885148
1790423650.2556186,160.25370999705046
1790423650.2620819,137.22001801943406
1790423650.2633536,156.60428098635748
1790423650.263555,128.14535800134763
1790423650.2637038,83.5754919971805
1790423650.321767,176.78033400443383
1790423650.3267133,130.32854098128155
1790423650.3321438,108.7611579860095
1790423650.343093,140.8129839983303
1790423650.348377,84.65260197408497
1790423650.3610911,102.3369949834887
1790423650.3685129,199.64309898205101
1790423650.3781338,129.69967001117766
1790423650.3783,181.30379900685512
1790423650.3809044,1145.6931599823292
1790423650.38406,1392.9579760006163
1790423650.4011397,139.0427959850058
1790423650.4054527,272.62674100347795
1790423650.4230602,1415.6361650093459
1790423650.4295695,81.17680699797347
1790423650.4355042,107.0610580209177
1790423650.4412487,1157.1524940081872
1790423650.4443784,1442.9535240051337
1790423650.462,122.16229399200529
1790423650.4646955,132.53628500388004
1790423650.50143,177.85784901934676
1790423650.508488,1161.7730609723367
1790423650.5131917,229.11106800893322
1790423650.513363,120.9453160117846
1790423650.5200515,195.71383399306796
1790423650.5240996,124.40990700270049
1790423650.5296662,146.395951975137
1790423650.5306377,146.27032802673057
1790423650.536712,113.63771100877784
1790423650.541876,159.559180989163
1790423650.5431545,101.89225501380861
1790423650.545159,142.097570002079
1790423650.5453172,1147.1168129937723
1790423650.5458674,116.28487400594167
1790423650.5484705,123.76900698291138
1790423650.548606,40.102995990309864
1790423650.555613,1163.8704759825487
1790423650.5570898,1103.4576770034619
1790423650.5585153,73.89011498889886
1790423650.558618,1106.2752540165093
1790423650.576044,203.1097650178708
1790423650.5797322,1119.388635008363
1790423650.5835297,40.36059899954125
1790423650.5846457,60.74087801971473
1790423650.5854478,29.824024997651577
1790423650.585924,40.047055983450264
1790423650.5870311,28.39980399585329
1790423650.588755,1246.079937001923
1790423650.5894077,13.352281006518751
1790423650.589881,1257.3556499846745
1790423650.5903854,6.84357900172472
1790423650.592225,1270.562111021718
1790423650.5929527,4.187921993434429
1790423650.5934849,7.550280977739021
1790423650.5955293,5.639676994178444
1790423650.5971038,1169.2786180065013
1790423650.602745,138.03820198518224
1790423650.6061156,13.879867998184636
1790423650.607,13.503642985597253
1790423650.616944,1140.38755101501
1790423650.6176622,115.5611339781899
1790423650.618015,84.37421300914139
1790423650.6195214,82.79558797948994
1790423650.6200852,221.02030098903924
1790423650.6202295,1400.8726330066565
1790423650.621174,75.84403199143708
1790423650.6227586,37.300358002539724
1790423650.623206,47.94465101440437
1790423650.623797,66.69445199077018
1790423650.624801,76.18395201279782
1790423650.6354175,29.286495002452284
1790423650.6407871,23.8329769927077
1790423650.6413262,26.011840003775433
1790423650.6432064,22.022444987669587
1790423650.6463058,51.89519398845732
1790423650.6515236,48.76662997412495
1790423650.652266,29.049261996988207
1790423650.6648486,40.03593299421482
1790423650.6679332,47.14278399478644
1790423650.6682992,27.497592993313447
1790423650.6688352,1281.170973990811
1790423650.669003,17.464499978814274
1790423650.671462,51.45795998396352
1790423650.671715,48.94786700606346
1790423650.6721592,19.879486004356295
1790423650.672669,48.86132100364193
1790423650.6731446,66.13207099144347
1790423650.6742568,31.037103006383404
1790423650.674664,9.798042010515928
1790423650.6757717,56.240560981677845
1790423650.6761973,40.76686600456014
1790423650.6806128,11.76482200389728
1790423650.6813715,6.697461998555809
1790423650.68235,10.626070987200364
1790423650.6831467,7.365254976321012
1790423650.6835628,11.39326801057905
1790423650.6842396,15.92572801746428
1790423650.6852207,12.542204989586025
1790423650.6859796,9.772281016921625
1790423650.6864548,13.299207988893613
1790423650.6869543,17.940816993359476
1790423650.6896126,8.230645005824044
1790423650.6901608,5.911421001655981
1790423650.6916878,8.530056016752496
1790423650.6933124,7.320661999983713
1790423650.6937149,6.750808999640867
1790423650.6946745,4.5015910000074655
1790423650.6951973,1.8728789873421192
1790423650.696012,1.3283299922477454
1790423650.6969829,0.9620269993320107
1790423650.7074056,33.13872401486151
1790423650.708045,1077.9853560088668
1790423650.7095058,2.0841980003751814
1790423650.7106504,1.1341420176904649
1790423650.7202237,1114.1491220041644
1790423650.7206984,1087.8803220111877
1790423650.7212827,1060.33586000558
1790423650.722774,47.40178701467812
1790423650.7228498,1065.918199979933
1790423650.7247243,1065.5570609960705
1790423650.7258043,43.44525598571636
1790423650.7262113,40.98145800526254
1790423650.7268362,5.544718005694449
1790423650.7277768,47.15386300813407
1790423650.7281482,44.57508699852042
1790423650.7301145,5.381302995374426
1790423650.7305317,4.31191100506112
1790423650.740373,20.13080700999126
1790423650.7411711,22.4415420088917
1790423650.7419817,19.122100988170132
1790423650.7424834,16.670496988808736
1790423650.7439077,15.750938997371122
1790423650.7448895,4.505171003984287
1790423650.7462816,19.43650800967589
1790423650.7466867,1290.6585140153766
1790423650.7470264,16.486320993863046
1790423650.747666,5.170451011508703
1790423650.7491925,4.2923479923047125
1790423650.7493055,2.609867980936542
1790423650.7509775,23.62371500930749
1790423650.752421,1266.0790890222415
1790423650.7533436,25.558941008057445
1790423650.7542207,1258.9287779992446
1790423650.755659,7.982343988260254
1790423650.7566504,18.126690993085504
1790423650.7577715,15.779829991515726
1790423650.7588322,9.506847010925412
1790423650.7596312,1275.9745670191478
1790423650.7600663,16.148788010468706
1790423650.7607033,30.580378021113575
1790423650.7613647,8.011488011106849
1790423650.762604,6.936182995559648
1790423650.7635128,5.732502992032096
1790423650.7832186,23.577972984639928
1790423650.785706,29.704426997341216
1790423650.7865906,39.55183402285911
1790423650.7872503,26.537335012108088
1790423650.7998564,47.42383098346181
1790423650.801845,43.00150601193309
1790423650.8025603,45.90068300603889
1790423650.8030536,40.44069300289266
1790423650.8035693,42.195804009679705
1790423650.804401,50.170577014796436
1790423650.807545,3.9651200058870018
1790423650.8079598,5.389822996221483
1790423650.8084412,8.570050995331258
1790423650.8101397,41.12810399965383
1790423650.816016,41.37588001322001
1790423650.8214152,50.20866001723334
1790423650.8295982,21.14648398128338
1790423650.8303597,22.804309002822265
1790423650.831102,15.07488198694773
1790423650.8332229,56.54994799988344
1790423650.8338137,27.78789200237952
1790423650.8348498,51.61612600204535
1790423650.837841,50.5767319991719
1790423650.8549447,76.88137399964035
1790423650.8550777,53.22106901439838
1790423650.8608382,50.68834300618619
1790423650.8612435,58.179240993922576
1790423650.8723254,41.9525429897476
1790423650.8738208,41.55312597868033
1790423650.87418,40.94454998266883
1790423650.8746536,36.8024549970869
1790423650.8765054,82.30906000244431
1790423650.8774176,46.30470700794831
1790423650.877537,47.92638699291274
1790423650.8796973,64.56767799681984
1790423650.8800974,41.50616601691581
1790423650.8812277,26.137695997022092
1790423650.8951964,33.94267801195383
1790423650.8965147,22.321847995044664
1790423650.897192,17.084850987885147
1790423650.897697,27.98626199364662
1790423650.8978474,20.417281979462132
1790423650.8998413,38.9923210022971
1790423650.901325,54.57737698452547
1790423650.9017122,29.372346005402505
1790423650.9021215,6.913386983796954
1790423650.902758,5.554742994718254
1790423650.9043899,4.536459018709138
1790423650.904772,2.641050989041105
1790423650.9057002,31.035824998980388
1790423650.9062648,1.865956000983715
1790423650.907103,1.3926310057286173
1790423650.90849,1.37885200092569
1790423650.9165921,39.032000000588596
1790423650.9212072,42.248337995260954
1790423650.921739,40.50251402077265
1790423650.922349,25.824782002018765
1790423650.9236526,21.930466988123953
1790423650.9242394,21.469122992129996
1790423650.9249983,27.141890983330086
1790423650.9255006,20.71992799756117
1790423650.9270556,5.306949024088681
1790423650.9276495,3.9862550038378686
1790423650.928568,3.558476979378611
1790423650.9295714,2.504489995772019
1790423650.9306245,2.047871006652713
1790423650.9317648,1.1301290069241077
1790423650.9347966,1068.7208829913288
1790423650.9360034,1.1966059973929077
1790423650.9501088,41.976156004238874
1790423650.9502966,36.810068995691836
1790423650.9509292,34.326282009715214
1790423650.9515934,29.235118010547012
1790423650.9529884,27.478507021442056
1790423650.9550252,27.366967988200486
1790423650.9557736,31.523773999651894
1790423650.9564755,4.872157995123416
1790423650.9574463,27.86515699699521
1790423650.9578543,21.84168199892156
1790423650.9587471,3.7125470116734505
1790423650.9601417,2.2779600112698972
1790423650.9607334,4.247197008226067
1790423650.9618711,1.7199490102939308
1790423650.9633863,1.506387983681634
1790423650.9665468,15.608126996085048
1790423650.9673424,14.343654998810962
1790423650.968335,25.22033400600776
1790423650.9689233,11.466584022855386
1790423650.970133,14.348127006087452
1790423650.9708457,4.288511001504958
1790423650.971279,12.522250995971262
1790423650.971859,11.115895002149045
1790423650.9720528,8.6564939992968
1790423650.974538,5.6037970061879605
1790423650.9750235,4.168717016000301
1790423650.975655,8.30280699301511
1790423650.9777186,5.656463006744161
1790423650.9783547,7.066530000884086
1790423650.9790387,8.897624007659033
1790423650.979452,7.582715013995767
1790423650.980363,5.815576994791627
1790423650.9819381,6.274451006902382
1790423650.982342,7.31006299611181
1790423650.9841242,5.077008972875774
1790423650.9844987,5.038932984462008
1790423650.9853306,7.603063015267253
1790423650.9872634,4.913529002806172
1790423650.9882772,7.90170201798901
1790423650.98904,4.5326739782467484
1790423650.9906454,3.370874997926876
1790423650.991542,2.4930399958975613
1790423651.004327,25.962773011997342
1790423651.0060086,24.061058007646352
1790423651.006756,30.580963008105755
1790423651.0085216,24.387860990827903
1790423651.0089467,20.65800200216472
1790423651.009852,24.49854600126855
1790423651.0241592,33.50154199870303
1790423651.0341663,29.822344979038462
1790423651.0364687,1083.3610900153872
1790423651.0366638,45.1097059994936
1790423651.0371668,28.623031976167113
1790423651.038324,28.44701102003455
1790423651.0399094,5.720966000808403
1790423651.0412369,4.053518001455814
1790423651.0428188,2.8934850124642253
1790423651.0449533,2.1236120082903653
1790423651.0469134,1.946932025020942
1790423651.0505333,60.55372999981046
1790423651.068132,1092.8688929998316
1790423651.0821502,1127.6262239844073
1790423651.0935707,1110.999761003768
1790423651.097558,1145.1776169997174
1790423651.0990903,93.06793499854393
1790423651.1000667,99.32196498266421
1790423651.1007078,91.7510199942626
1790423651.1016026,63.26182300108485
1790423651.1028695,34.72513597807847
1790423651.103508,79.33716499246657
1790423651.1057293,40.169735002564266
1790423651.1070776,30.894982017343864
1790423651.1075273,38.92017400357872
1790423651.1105015,11.398662987630814
1790423651.1123497,63.39990298147313
1790423651.1132774,58.48235898884013
1790423651.1135917,10.07271502749063
1790423651.1146672,7.5748219969682395
1790423651.115977,1075.9825780114625
1790423651.1175983,15.981059987097979
1790423651.1186972,45.34156899899244
1790423651.1284747,1072.0026319904719
1790423651.12939,31.812333007110283
1790423651.1306853,27.804890007246286
1790423651.1322947,31.57170000486076
1790423651.1659071,55.39056099951267
1790423651.167985,56.659089983440936
1790423651.168296,53.61432599602267
1790423651.169123,64.40988398389891
1790423651.1695452,63.8028779940214
1790423651.1730554,43.65407899604179
1790423651.1771975,69.65887898695655
1790423651.1943822,76.77074099774472
1790423651.2029226,97.90583001449704
1790423651.2181075,85.7991189986933
1790423651.2236838,92.98709497670643
1790423651.2392719,70.96531501156278
1790423651.2401464,109.70659297890961
1790423651.2448778,106.14303598413244
1790423651.2619534,92.81999702216126
1790423651.2696698,92.46006701141596
1790423651.280495,62.37359999795444
1790423651.2962477,125.75553302303888
1790423651.2973843,168.89472599723376
1790423651.298197,166.60733200842515
1790423651.3015032,93.40253699338064
1790423651.3037195,64.43270601448603
1790423651.3183396,74.49248599004932
1790423651.3184416,57.1693179954309
1790423651.323393,1181.941993010696
1790423651.3287485,162.82532300101593
1790423651.335028,190.69408398354426
1790423651.3500276,69.51607100199908
1790423651.3604965,82.48611900489777
1790423651.364184,165.79319699667394
1790423651.3643022,1246.4473170111887
1790423651.366281,65.68998299189843
1790423651.3765035,72.77065300149843
1790423651.3905342,1415.6628810160328
1790423651.3972058,92.88690000539646
1790423651.4008927,177.19398500048555
1790423651.404355,148.02061399677768
1790423651.4052992,210.89811599813402
1790423651.4076757,104.54674699576572
1790423651.407962,1336.454868025612
1790423651.4083865,138.70325099560432
1790423651.4090755,80.31157701043412
1790423651.413519,77.37650600029156
1790423651.4174287,79.99087401549332
1790423651.4184206,97.0085260050837
1790423651.429433,92.66480000223964
1790423651.4300578,1309.4981980102602
1790423651.4343302,94.62464100215584
1790423651.4352925,82.35647898982279
1790423651.4372678,46.7167419847101
1790423651.4385076,37.59421399445273
1790423651.4391482,89.10496099269949
1790423651.4426432,34.241582005051896
1790423651.4444628,109.27953300415538
1790423651.4498913,105.82502698525786
1790423651.4526763,39.138672000262886
1790423651.4602008,83.67807499598712
1790423651.464563,35.112615005346015
1790423651.4664369,51.45582297700457
1790423651.4671478,32.80167799675837
1790423651.4678009,30.518265994032845
1790423651.4704196,81.05896899360232
1790423651.471583,32.41949700168334
1790423651.476265,81.96127199335024
1790423651.482555,1539.1092099889647
1790423651.4871163,78.02597701083869
1790423651.4916747,38.98161297547631
1790423651.4946265,30.047557986108586
1790423651.4966242,1527.4979200039525
1790423651.497968,30.15248998417519
1790423651.498701,1093.2372190000024
1790423651.500198,70.12567998026498
1790423651.5027592,42.5374360056594
1790423651.5042143,65.67425100365654
1790423651.5067275,1105.5603380082175
1790423651.5078743,40.71199701866135
1790423651.5086517,37.050831015221775
1790423651.5093725,1159.4079549831804
1790423651.5350723,52.49912600265816
1790423651.5361152,35.90426599839702
1790423651.5368707,62.00771700241603
1790423651.5373309,34.55385399865918
1790423651.5379572,29.291985993040726
1790423651.5461588,39.41834598663263
1790423651.5592864,46.76887602545321
1790423651.5598547,33.470425027189776
1790423651.560535,22.56412000861019
1790423651.561131,25.00445398618467
1790423651.5716484,77.00997000210918
1790423651.572129,76.29574698512442
1790423651.5731692,74.45501402253285
1790423651.5829535,23.08683400042355
1790423651.5839748,22.83383600297384
1790423651.5845513,45.15725700184703
1790423651.5885415,96.85086499666795
1790423651.599473,27.332522004144266
1790423651.608355,25.388982001459226
1790423651.608522,27.300320012727752
1790423651.609219,20.667048986069858
1790423651.6097097,85.63024699105881
1790423651.6116028,1.8815169751178473
1790423651.6120043,3.63209200440906
1790423651.613218,1.204172003781423
1790423651.6179473,71.77697599399835
1790423651.6200116,51.95219398592599
1790423651.6206033,48.94142600824125
1790423651.6207879,47.60849601007067
1790423651.6208878,1150.1098799926694
1790423651.6224186,4.459778981981799
1790423651.6229434,23.458210984244943
1790423651.623409,10.182266996707767
1790423651.6244135,40.428591979434714
1790423651.6259289,14.316376997157931
1790423651.6265235,17.29450697894208
1790423651.6284757,6.0463109984993935
1790423651.630068,9.4536819960922
1790423651.6306794,7.2600569983478636
1790423651.6317663,8.812763000605628
1790423651.63215,5.616256996290758
1790423651.6347628,6.276953994529322
1790423651.6351895,9.250854986021295
1790423651.6367755,12.3515079903882
1790423651.637393,16.59183599986136
1790423651.6389017,6.742858997313306
1790423651.6394684,9.387848025653511
1790423651.640806,9.030116983922198
1790423651.641367,6.595031009055674
1790423651.6422298,11.541548010427505
1790423651.662803,23.890507989563048
1790423651.6641963,28.996398992603645
1790423651.6654491,28.663081000559032
1790423651.6663494,28.946106001967564
1790423651.667942,1088.198622019263
1790423651.6694574,1073.9172589965165
1790423651.6699686,35.9383019967936
1790423651.670491,1080.0962150096893
1790423651.671044,1084.001191018615
1790423651.6730356,37.28406201116741
1790423651.677144,1084.1819350025617
1790423651.6777587,1088.3414550044108
1790423651.6803885,39.573441026732326
1790423651.6854599,43.21842498029582
1790423651.6915722,27.361623011529446
1790423651.6934159,44.92250201292336
1790423651.6938944,27.531489002285525
1790423651.694922,25.45353802270256
1790423651.6954222,32.60492501431145
1790423651.6978133,50.582302996190265
1790423651.6979067,29.95421100058593
1790423651.702196,31.69379400787875
1790423651.7027123,37.248856999212876
1790423651.7039466,32.88976999465376
1790423651.7185159,40.74418899836019
1790423651.7200034,46.95534199709073
1790423651.721093,35.61988001456484
1790423651.7221072,44.952089025173336
1790423651.7228389,28.931943990755826
1790423651.7265656,56.585723999887705
1790423651.7268016,46.40349600231275
1790423651.7273417,29.423167987260967
1790423651.729602,1035.8758240181487
1790423651.7302034,34.77140999166295
1790423651.7310398,27.081482025096193
1790423651.7314656,36.53099699295126
1790423651.7322285,29.505705984774977
1790423651.7329807,41.394658997887745
1790423651.7342026,31.99229299207218
1790423651.7365322,1046.906311006751
1790423651.7461374,25.033861020347103
1790423651.747467,25.347212998894975
1790423651.748074,29.542762000346556
1790423651.754098,32.58184200967662
1790423651.7545142,27.70260098623112
1790423651.7555356,24.4844869885128
1790423651.7578807,23.667792993364856
1790423651.7591157,12.964004010427743
1790423651.7598753,27.637342020170763
1790423651.7604034,4.8543610027991235
1790423651.7608588,12.773544003721327
1790423651.761343,31.72761498717591
1790423651.7635527,1127.1637470053975
1790423651.7643077,3.8932780153118074
1790423651.765108,5.981489026453346
1790423651.765547,4.193622007733211
1790423651.7667902,1.6725700115785003
1790423651.7690206,2.221033995738253
1790423651.7750707,52.2207859903574
1790423651.7758317,48.4792240022216
1790423651.7763937,43.40189800132066
1790423651.777994,47.780438006157055
1790423651.7789125,31.433263997314498
1790423651.779412,47.92653999174945
1790423651.7878277,33.30281999660656
1790423651.7926433,34.75145000265911
1790423651.8034124,77.29653900605626
1790423651.8116126,43.93303900724277
1790423651.8136206,38.53778098709881
1790423651.8150055,43.937893002294004
1790423651.815958,39.55360798863694
1790423651.8172643,38.339004007866606
1790423651.8234057,47.562896012095734
1790423651.8254843,51.39072300517
1790423651.8256493,57.20978701720014
1790423651.8265312,47.108948987443
1790423651.8270557,49.04924999573268
1790423651.8309972,38.34114398341626
1790423651.8397903,51.95067098247819
1790423651.8420925,26.122980983927846
1790423651.8432693,19.850229000439867
1790423651.8507543,41.91863798769191
1790423651.8508258,23.75937398755923
1790423651.851693,71.1591079889331
1790423651.8572018,1110.909929004265
1790423651.8674722,53.839747997699305
1790423651.8689759,53.95950798992999
1790423651.875813,36.008675990160555
1790423651.8766346,48.490822984604165
1790423651.8812342,1104.0560429973993
1790423651.8817995,64.52104498748668
1790423651.882307,55.76252797618508
1790423651.8864932,43.21278599672951
1790423651.8944132,52.30696199578233
1790423651.8952336,27.747932996135205
1790423651.9008896,37.15455700876191
1790423651.916949,66.11063997843303
1790423651.9175029,60.287698986940086
1790423651.9257214,77.85311798215844
1790423651.9269812,51.1535519908648
1790423651.9276295,61.28294000518508
1790423651.9298348,50.69797800388187
1790423651.9399204,1131.9500349927694
1790423651.944739,1140.3271890012547
1790423651.963846,69.42045100731775
1790423651.9673371,50.37121899658814
1790423651.9686627,46.033874998101965
1790423651.9687963,41.80047198315151
1790423651.9699962,60.55480497889221
1790423651.9719465,1276.740234985482
1790423651.9723568,1285.8906359761022
1790423651.9732962,1281.5956610138528
1790423651.9743237,1277.3319509869907
1790423651.9759266,31.173438008408993
1790423651.9776359,95.8255379809998
1790423651.9839408,66.42436599940993
1790423651.994737,27.38613198744133
1790423651.9969487,43.91460801707581
1790423651.9982708,22.332546999678016
1790423651.9988923,26.93530498072505
1790423651.9996598,26.345932012191042
1790423652.019376,21.09507398563437
1790423652.0200171,36.06441599549726
1790423652.020652,20.98097198177129
1790423652.0213697,29.25215900177136
1790423652.025354,128.20369398104958
1790423652.0265126,1191.6522789979354
1790423652.0338116,93.87621399946511
1790423652.0422757,22.24467700580135
1790423652.0504148,23.889552016044036
1790423652.0542753,1145.1827980054077
1790423652.055384,133.65198599058203
1790423652.0568705,1148.3633260068018
1790423652.0580215,1151.7480089969467
1790423652.059349,25.52536901202984
1790423652.0600936,82.44717301568016
1790423652.0602326,63.25916398782283
1790423652.0604603,108.40917000314221
1790423652.0611467,97.29111799970269
1790423652.0615854,66.83680901187472
1790423652.062067,93.25832998729311
1790423652.0635452,42.88317897589877
1790423652.0644212,13.994040986290202
1790423652.066484,1290.578566986369
1790423652.0670438,5.447356001241133
1790423652.0681612,8.056332997512072
1790423652.0687366,10.701709019485861
1790423652.0692225,5.664980999426916
1790423652.0713816,4.32547100353986
1790423652.0718167,3.0688609986100346
1790423652.0734675,2.0753630087710917
1790423652.074654,1.1771410063374788
1790423652.1339152,1130.5018030107021
1790423652.1473255,45.0552350084763
1790423652.1481423,40.160276024835184
1790423652.1483057,1111.6282909933943
1790423652.1500027,1108.7456649984233
1790423652.1504729,1106.4243619912304
1790423652.156906,100.0206509779673
1790423652.1936262,1124.428978015203
1790423652.194835,46.51551801362075
1790423652.2050498,60.89570699259639
1790423652.2065446,142.1108669892419
1790423652.215522,65.03946098382585
1790423652.2194927,1169.9953660136089
1790423652.2267501,176.90534799476154
1790423652.226899,76.88439599587582
1790423652.2280178,124.8507960117422
1790423652.2288196,71.90265998360701
1790423652.2295945,104.85802299808711
1790423652.2302923,78.32701498409733
1790423652.2390873,92.51183900050819
1790423652.2394412,1531.3760610006284
1790423652.2529724,1083.4157819917891
1790423652.2549856,72.53281798330136
1790423652.2554026,1082.3354090098292
1790423652.2585056,53.237274987623096
1790423652.25913,65.48494199523702
1790423652.2645183,1145.8074889960699
1790423652.274296,58.75988700427115
1790423652.2858953,58.9831150136888
1790423652.286981,77.08368799649179
1790423652.287241,34.25232699373737
1790423652.2913773,67.84830798278563
1790423652.292484,63.653391000116244
1790423652.2991114,63.360764994286
1790423652.2991927,40.675019001355395
1790423652.30013,35.60111499973573
1790423652.3011441,15.233582991641015
1790423652.3016486,9.154261002549902
1790423652.3034213,1.7633599927648902
1790423652.3038619,3.721119021065533
1790423652.3049173,49.50333799934015
1790423652.3054461,65.99072099197656
1790423652.306938,3.0661909841001034
1790423652.3076084,1307.9406039905734
1790423652.3076797,33.37263100547716
1790423652.309062,49.91895199054852
1790423652.3102448,4.7894550079945475
1790423652.3109303,3.2424399978481233
1790423652.3119714,1.7157270049210638
1790423652.313426,1.4423950051423162
1790423652.3309195,43.66547000245191
1790423652.3329232,1101.5759459987748
1790423652.3329892,28.060092008672655
1790423652.3340452,27.096114004962146
1790423652.3347707,25.69756400771439
1790423652.3437054,32.76486799586564
1790423652.3569796,23.980457975994796
1790423652.3618026,41.823458013823256
1790423652.3622658,45.1791709929239
1790423652.3623507,27.569982019485906
1790423652.3717463,1324.8204239935149
1790423652.3735545,1331.2963609932922
1790423652.3737373,39.6808449877426
1790423652.3751538,44.22053199959919
1790423652.3939886,50.27012497885153
1790423652.3950999,59.850627003470436
1790423652.415249,52.88571401615627
1790423652.429387,88.89282398740761
1790423652.439935,66.1850839969702
1790423652.4492211,92.22719699027948
1790423652.461023,97.74940798524767
1790423652.4715905,1196.1969900003169
1790423652.471945,1128.4691279870458
1790423652.4779973,1181.7336749809328
1790423652.4888363,94.83243300928734
1790423652.489314,141.51784000569023
1790423652.4897013,1199.907092988724
1790423652.4942904,116.16711100214161
1790423652.4943948,122.63451097533107
1790423652.5056505,103.49932598182932
1790423652.5067472,1393.1415150000248
1790423652.514785,81.76489901961759
1790423652.5148778,89.71663098782301
1790423652.517706,122.27394600631669
1790423652.536506,1119.0571259940043
1790423652.543619,94.38418701756746
1790423652.559859,124.6985399920959
1790423652.5614662,67.05925200367346
1790423652.5627491,1157.4342769745272
1790423652.563176,96.17697598878294
1790423652.5637388,62.53536499571055
1790423652.5653224,1070.0110840261914
1790423652.565961,1071.9588990032207
1790423652.5671823,1069.201078003971
1790423652.5692072,105.94299298827536
1790423652.5732312,84.38185800332576
1790423652.5747018,1132.0364339917433
1790423652.5788848,76.72295800875872
1790423652.5889618,52.443152002524585
1790423652.5935495,86.79015201050788
1790423652.5964744,1088.5853730142117
1790423652.597016,1109.8808549868409
1790423652.5989082,1113.4597699856386
1790423652.600157,38.67898101452738
1790423652.6061237,40.78934699646197
1790423652.612093,1110.6404589954764
1790423652.616925,73.29132198356092
1790423652.6259995,52.75618701125495
1790423652.6272402,60.04515301901847
1790423652.6325936,111.55598497134633
1790423652.6367416,47.76499301078729
1790423652.6385794,71.93239501793869
1790423652.6425195,79.73821501946077
1790423652.6462748,71.56106099137105
1790423652.6498227,53.33414301276207
1790423652.6506248,84.65310602332465
1790423652.6571236,63.559012982295826
1790423652.6673841,70.35249401815236
1790423652.6683047,73.22980999015272
1790423652.6709907,70.82014999468811
1790423652.6721983,1556.2106909928843
1790423652.6727924,87.1102079981938
1790423652.67415,37.392670987173915
1790423652.674861,62.747414980549365
1790423652.6756644,8.266724995337427
1790423652.6762116,50.20002298988402
1790423652.676933,53.82831898168661
1790423652.6779408,27.305953000904992
1790423652.678708,32.41614400758408
1790423652.6802948,77.46224300353788
1790423652.6819794,9.769472002517432
1790423652.6823637,7.492798002203926
1790423652.6895895,72.64951997785829
1790423652.6907938,84.65259498916566
1790423652.6929336,65.14566400437616
1790423652.6931882,65.93419698765501
1790423652.69376,51.22192300041206
1790423652.694842,18.620440998347476
1790423652.6973236,84.25881899893284
1790423652.6978245,19.873746001394466
1790423652.6983757,24.215715005993843
1790423652.6989288,41.78891101037152
1790423652.6993656,28.36492599453777
1790423652.7004013,50.567884027259424
1790423652.7007613,25.085686007514596
1790423652.7023203,7.465725997462869
1790423652.7028482,13.242604007245973
1790423652.704965,11.763112008338794
1790423652.7057683,28.82554297684692
1790423652.7059135,27.193490997888148
1790423652.70678,7.40302202757448
1790423652.7080214,5.163805995834991
1790423652.7087493,10.365335998358205
1790423652.7096024,8.83076200261712
1790423652.7103105,4.386973014334217
1790423652.7115505,3.5198160039726645
1790423652.7124894,2.877410006476566
1790423652.7136543,2.093874994898215
1790423652.7147536,1.4875000051688403
1790423652.7160754,1.3125900004524738
1790423652.7467773,1105.3998279967345
1790423652.7491546,58.34571999730542
1790423652.7496898,44.713415001751855
1790423652.750745,61.980995000340044
1790423652.7510333,48.701122985221446
1790423652.753044,46.25353601295501
1790423652.7545183,4.816703003598377
1790423652.7550302,1278.7497290119063
1790423652.7563832,9.589984983904287
1790423652.757385,8.216519025154412
1790423652.7579484,6.901924003614113
1790423652.7606986,6.167029001517221
1790423652.761746,5.352147010853514
1790423652.7635884,5.628053011605516
1790423652.7809439,23.54844700312242
1790423652.7817278,26.687140023568645
1790423652.7822726,21.561415982432663
1790423652.7826123,1046.0695860092528
1790423652.7834737,30.41436299099587
1790423652.7844114,20.813236013054848
1790423652.7859025,24.1468190215528
1790423652.7865984,26.833317999262363
1790423652.7889767,41.293921996839345
1790423652.7897446,23.408759996527806
1790423652.7964907,37.10523198242299
1790423652.796924,18.02945797680877
1790423652.8058462,43.687344004865736
1790423652.8106542,43.628193001495674
1790423652.8114934,28.868354012956843
1790423652.812092,30.35423901746981
1790423652.8224492,50.48465001164004
1790423652.8276193,46.66171001736075
1790423652.830752,50.68752900115214
1790423652.8312051,45.29181000543758
1790423652.8321655,47.74325800826773
1790423652.837686,52.35331799485721
1790423652.8421142,58.62976799835451
1790423652.843403,61.11774398596026
1790423652.8438923,53.68095397716388
1790423652.8537574,67.14632600778714
1790423652.8647609,53.25293997884728
1790423652.8664181,62.21982600982301
1790423652.8665226,44.06203600228764
1790423652.8722336,41.01627302588895
1790423652.8822658,70.16165199456736
1790423652.8841643,74.64978299685754
1790423652.8846714,83.35842902306467
1790423652.8852856,57.653380994452164
1790423652.8858192,1116.787685023155
1790423652.8865411,54.36520199873485
1790423652.8869793,1127.093700983096
1790423652.8890686,1123.5120370110963
1790423652.8898735,1129.004326008726
1790423652.8906782,1126.3601340178866
1790423652.8920069,9.726221993332729
1790423652.8934057,7.574946997920051
1790423652.8945708,7.581382989883423
1790423652.895057,5.17128300270997
1790423652.8966422,2.061617997242138
1790423652.8970742,5.056347989011556
1790423652.8977954,53.89206399559043
1790423652.899596,2.943197003332898
1790423652.9001493,2.3430410074070096
1790423652.90152,1.361024973448366
1790423652.9141114,71.98436101316474
1790423652.9146435,66.59647202468477
1790423652.914954,42.708389984909445
1790423652.9175482,52.77512001339346
1790423652.9189274,29.84893901157193
1790423652.9194236,5.297452997183427
1790423652.9202082,33.65457698237151
1790423652.920827,23.739486990962178
1790423652.9223793,7.414583989884704
1790423652.9227605,53.62352900556289
1790423652.9232755,37.97788100200705
1790423652.9247372,1029.4913520046975
1790423652.9251413,34.45284502231516
1790423652.925603,32.18633000506088
1790423652.92622,1039.7159610001836
1790423652.9290237,11.465952004073188
1790423652.9295673,6.2805599882267416
1790423652.9306698,9.830412978772074
1790423652.9368184,1054.4988210021984
1790423652.9431486,1061.9013200048357
1790423652.944885,25.452478002989665
1790423652.945701,1114.6925709908828
1790423652.9476707,1115.5762060079724
1790423652.9477665,27.546018012799323
1790423652.9502022,25.454652990447357
1790423652.9521623,33.226147992536426
1790423652.9525921,30.20265299710445
1790423652.9533312,22.65125999110751
1790423652.9548118,17.981492972467095
1790423652.9565494,11.651325010461733
1790423652.9570425,27.463395992526785
1790423652.9605641,26.13109498634003
1790423652.9612257,40.23194298497401
1790423652.96198,35.74960399419069
1790423652.9626322,16.920129011850804
1790423652.964049,10.705548018449917
1790423652.9653625,40.211297979112715
1790423652.9662619,16.048271994804963
1790423652.966862,23.700250021647662
1790423652.96813,15.527907002251595
1790423652.9689922,12.43268497637473
1790423652.9694707,17.298096005106345
1790423652.970129,22.34963999944739
1790423652.9723344,15.2809540159069
1790423652.9736574,9.597775992006063
1790423652.9759035,13.26012599747628
1790423652.9769757,10.10437699733302
1790423652.978641,16.648955992422998
1790423652.97901,24.187354982132092
1790423652.9793854,11.246264999499545
1790423652.9804964,14.225357997929677
1790423652.9817896,21.215139975538477
1790423652.9823947,17.022440006257966
1790423652.982915,12.777053023455665
1790423652.9835727,14.571603998774663
1790423652.9843512,7.365148980170488
1790423652.9847305,11.06115899165161
1790423652.986118,7.099133013980463
1790423652.986894,6.387251982232556
1790423652.988939,4.200124007184058
1790423652.9897707,7.366654026554897
1790423652.9918284,8.247852005297318
1790423652.9926233,5.717687017749995
1790423652.9948032,25.323035020846874
1790423652.9958751,6.092880998039618
1790423653.0007231,28.376026020850986
1790423653.0018258,25.909041985869408
1790423653.0028055,32.16636698925868
1790423653.004101,22.30167799280025
1790423653.0054395,26.788446004502475
1790423653.0071077,27.714260999346152
1790423653.0089257,14.110560005065054
1790423653.0095713,26.6469829948619
1790423653.0106509,1038.2843350234907
1790423653.0111225,7.0087359927129
1790423653.0116088,27.247655001701787
1790423653.0122333,11.501339002279565
1790423653.0137732,6.652978016063571
1790423653.0151215,5.538686004001647
1790423653.0157268,4.594878992065787
1790423653.0162096,3.9672690036240965
1790423653.0178714,2.7392049960326403
1790423653.0187812,26.146396005060524
1790423653.0194526,23.567160009406507
1790423653.0206563,4.4359799940139055
1790423653.0217667,31.316794018493965
1790423653.0221558,13.218503998359665
1790423653.022731,17.278460989473388
1790423653.0242271,22.389722988009453
1790423653.0255618,6.7681380023714155
1790423653.026328,5.66158999572508
1790423653.0268695,4.125562991248444
1790423653.0276403,2.068072004476562
1790423653.028564,1.683053997112438
1790423653.0300333,1.4589519996661693
1790423653.0425813,30.961996992118657
1790423653.0431995,32.53902800497599
1790423653.0459602,26.495533995330334
1790423653.0465949,28.710084996419027
1790423653.0474575,25.282415008405223
1790423653.0486317,24.393031984800473
1790423653.0516753,8.465185994282365
1790423653.0527017,10.107415000675246
1790423653.0530899,7.116563996532932
1790423653.0536268,6.153841997729614
1790423653.0567865,5.1010810129810125
1790423653.0579853,4.885591974016279
1790423653.060564,13.958584982901812
1790423653.0783608,29.71611000248231
1790423653.0796347,22.838431992568076
1790423653.083022,22.446955990744755
1790423653.085498,41.60590600804426
1790423653.0926979,37.59843501029536
1790423653.0979826,45.27050300384872
1790423653.100087,1038.0095840082504
1790423653.1007166,42.72045099060051
1790423653.1032777,49.63897500419989
1790423653.104163,1044.8026370140724
1790423653.105036,48.983893007971346
1790423653.1057699,1063.4804719884414
1790423653.1062086,1045.0430430064443
1790423653.106693,28.314909985056147
1790423653.107976,24.940366012742743
1790423653.108735,1040.561785979662
1790423653.1097338,9.63331398088485
1790423653.1107533,1091.3542560010683
1790423653.1134431,10.154912015423179
1790423653.1143627,8.582270005717874
1790423653.1147087,8.0034630082082
1790423653.1177528,48.00625500502065
1790423653.1238413,1124.9372200109065
1790423653.1311202,51.469589001499116
1790423653.1316674,33.66959100821987
1790423653.1329505,26.731622987426817
1790423653.1340692,29.89603899186477
1790423653.1363711,35.644941002829
1790423653.1375563,24.101549002807587
1790423653.13858,50.76488299528137
1790423653.1389518,7.821156992577016
1790423653.139091,28.327987994998693
1790423653.1396194,6.658474012510851
1790423653.1423886,28.013500006636605
1790423653.1427612,34.77478201966733
1790423653.1435618,34.81691799242981
1790423653.1441703,1504.692205984611
1790423653.1446548,10.575226973742247
1790423653.1458914,14.211320987669751
1790423653.1471646,8.06323200231418
1790423653.1476862,23.835013998905197
1790423653.1482224,36.63200998562388
1790423653.148516,10.946108988719061
1790423653.151295,8.895423001376912
1790423653.1533072,8.64188201376237
1790423653.1537642,5.238206998910755
1790423653.1543207,10.74940201942809
1790423653.1550617,1083.2353259902447
1790423653.1557977,1081.1337000050116
1790423653.1564596,9.283046005293727
1790423653.1581192,3.7889160157646984
1790423653.1599174,6.599703978281468
1790423653.1605313,4.7213399957399815
1790423653.1614308,3.3022529969457537
1790423653.1629953,2.4436280073132366
1790423653.164271,29.52199400169775
1790423653.1648614,28.479578002588823
1790423653.1662173,26.576626987662166
1790423653.1670096,28.045402985299006
1790423653.1679003,21.996641997247934
1790423653.1691,7.6578439911827445
1790423653.1695619,18.256740004289895
1790423653.169939,27.16794502339326
1790423653.1702154,26.035582995973527
1790423653.1731725,13.245417998405173
1790423653.1743386,26.642661017831415
1790423653.1751847,10.30985900433734
1790423653.1772294,8.118774014292285
1790423653.1784317,8.482043020194396
1790423653.1790094,11.987619975116104
1790423653.1889799,13.783605012577027
1790423653.1913867,25.16020499751903
1790423653.1946547,31.648682022932917
1790423653.1962676,28.35619798861444
1790423653.1967795,32.4946980108507
1790423653.1971495,27.57820099941455
1790423653.197964,23.614444013219327
1790423653.1988192,28.593714989256114
1790423653.2011452,27.963291999185458
1790423653.2035003,25.05586200277321
1790423653.2072935,30.051353009184822
1790423653.220319,42.62803198071197
1790423653.220858,41.83854901930317
1790423653.227242,30.963199998950586
1790423653.228656,54.90582200582139
1790423653.2290378,40.04391099442728
1790423653.2297914,44.17439000098966
1790423653.2299304,35.26392701314762
1790423653.2323654,34.389161999570206
1790423653.2359118,38.75088400673121
1790423653.2380674,46.67116701602936
1790423653.2499878,48.83043098379858
1790423653.2516365,52.80583901912905
1790423653.2663374,66.89199700485915
1790423653.2669706,48.2247760228347
1790423653.267936,64.42529600462876
1790423653.2699466,42.6900880120229
1790423653.2702389,34.31646199896932
1790423653.2711544,41.212110983906314
1790423653.2717395,1065.1814160228241
1790423653.2744725,63.63781201071106
1790423653.2746723,1079.8251559899654
1790423653.2773194,48.270808008965105
1790423653.2786746,40.59711401350796
1790423653.278971,61.18579098256305
1790423653.2790582,46.68235799181275
1790423653.2799544,28.30753001035191
1790423653.2822793,7.594060996780172
1790423653.2827764,11.61243300884962
1790423653.2832584,13.301544997375458
1790423653.284551,5.8648280100896955
1790423653.2862654,3.479589009657502
1790423653.2871346,7.169104996137321
1790423653.2878041,3.2407339895144105
1790423653.2887783,1.632603001780808
1790423653.2900035,1.2143120111431926
1790423653.295913,27.962079999269918
1790423653.29734,27.089010982308537
1790423653.2985148,51.14753101952374
1790423653.29924,27.489301981404424
1790423653.3002257,21.155248978175223
1790423653.3015568,18.288861989276484
1790423653.3029213,5.567493994021788
1790423653.30344,26.11023298231885
1790423653.3043072,1235.074494004948
1790423653.3048415,22.55177599727176
1790423653.305952,10.025540017522871
1790423653.3065867,20.30985601595603
1790423653.308893,8.650435018353164
1790423653.3093834,7.816361001459882
1790423653.3101857,5.866949999472126
1790423653.3110478,7.597302988870069
1790423653.3118303,8.899129985366017
1790423653.3122554,13.0053770262748
1790423653.3127131,7.861663994845003
1790423653.3156464,9.050575987203047
1790423653.3166652,5.607928993413225
1790423653.3174791,8.085629000561312
1790423653.3183522,6.087188987294212
1790423653.3192701,3.613788983784616
1790423653.3359237,29.959047999000177
1790423653.3433993,24.117959022987634
1790423653.344309,31.051800993736833
1790423653.3443859,26.89634801936336
1790423653.3456907,2.2788829810451716
1790423653.346937,1.2357270170468837
1790423653.4092574,92.57132600760087
1790423653.4105742,74.63784498395398
1790423653.4110308,1035.8643770159688
1790423653.4201007,10.827696009073406
1790423653.421109,28.662597003858536
1790423653.4212558,10.213825997198
1790423653.4230218,1.7539239779580384
1790423653.4335043,89.10644901334308
1790423653.434517,1121.0788050084375
1790423653.4359672,1061.5377390058711
1790423653.4365056,16.393311001593247
1790423653.4371588,26.572828995995224
1790423653.4384923,15.459223999641836
1790423653.4390073,4.479177994653583
1790423653.4394774,2.9633360099978745
1790423653.440144,6.628181989071891
1790423653.4431286,2.974725008243695
1790423653.4449215,7.75158399483189
1790423653.445357,3.8947599823586643
1790423653.4457626,6.275491992710158
1790423653.4461718,7.667394995223731
1790423653.4471986,8.178821997717023
1790423653.4494863,4.120573023101315
1790423653.450026,4.254992993082851
1790423653.4507313,3.523273015161976
1790423653.4513073,8.167789987055585
1790423653.452032,7.101156021235511
1790423653.453701,7.520660001318902
1790423653.4554458,4.693149006925523
1790423653.4562967,6.800744973588735
1790423653.456854,4.811534017790109
1790423653.4578307,1483.4954130055849
1790423653.4593813,3.9243620121851563
1790423653.4600449,3.180497995344922
1790423653.475733,1504.1971959872171
1790423653.4758358,25.800739997066557
1790423653.4772813,25.964988017221913
1790423653.4783819,22.0741750090383
1790423653.4793136,25.601577974157408
1790423653.4798787,22.038522991351783
1790423653.481299,21.242871996946633
1790423653.4899323,12.637665000511333
1790423653.500136,20.809038018342108
1790423653.503927,34.69310700893402
1790423653.5114894,1096.2272520118859
1790423653.511608,52.21612800960429
1790423653.5145416,33.230755012482405
1790423653.5248492,26.7549280251842
1790423653.5289488,37.03115400276147
1790423653.5295289,18.74022898846306
1790423653.5310953,19.476835994282737
1790423653.531648,6.785558973206207
1790423653.5456226,14.511952991597354
1790423653.5563478,29.45544000249356
1790423653.5577278,17.115965980337933
1790423653.5617497,16.115328995510936
1790423653.5663416,107.86549397744238
1790423653.5819764,1112.6680220186245
1790423653.5878303,1139.831359992968
1790423653.6100893,134.23638200038113
1790423653.6208935,130.93775699962862
1790423653.6290176,82.58947602007538
1790423653.6342885,78.82907000021078
1790423653.6470516,1218.6076030193362
1790423653.649887,92.88947100867517
1790423653.6524773,152.32190501410514
1790423653.6602688,98.50692600593902
1790423653.66819,83.07112200418487
1790423653.668666,1190.6548190163448
1790423653.6693053,59.20052499277517
1790423653.684598,170.0437389954459
1790423653.685387,114.94411900639534
1790423653.6891768,36.68655001092702
1790423653.693891,91.00337099516764
1790423653.6951425,10.53310401039198
1790423653.6956391,26.961886003846303
1790423653.6968033,30.717873014509678
1790423653.7096784,1188.1409690249711
1790423653.709987,89.08242400502786
1790423653.7155757,113.6545260087587
1790423653.726273,56.95764999836683
1790423653.7453697,102.61658899253234
1790423653.7455165,85.23384900763631
1790423653.7480094,52.85427797934972
1790423653.7508066,61.616619990672916
1790423653.758063,80.10064600966871
1790423653.7586305,1352.844097011257
1790423653.7638059,70.51564400899224
1790423653.7696714,62.14909700793214
1790423653.7754526,1093.4634809964336
1790423653.779357,83.70618202025071
1790423653.7813945,71.3940330024343
1790423653.7835817,1074.8232410114724
1790423653.7856314,1103.258712013485
1790423653.786143,1092.371381004341
1790423653.7866576,38.637221994576976
1790423653.787432,11.964730016188696
1790423653.788121,6.715647992677987
1790423653.7882786,86.82294099708088
1790423653.791287,3.1528950203210115
1790423653.791779,6.136497016996145
1790423653.7922058,5.538248020457104
1790423653.7935522,1112.3385829851031
1790423653.7942386,2.448628976708278
1790423653.7955213,1.272708992473781
1790423653.7991076,48.28868299955502
1790423653.7995865,20.21728898398578
1790423653.801149,80.1081579993479
1790423653.8042865,58.758314000442624
1790423653.8050253,21.43142800196074
1790423653.806589,1092.9252310015727
1790423653.8075898,15.374724986031651
1790423653.8085794,22.42707400000654
1790423653.808984,17.68622698727995
1790423653.809338,1099.0157150081359
1790423653.8097196,10.119582002516836
1790423653.8102076,22.762485983548686
1790423653.8108404,1098.3417950046714
1790423653.8114552,15.923366008792073
1790423653.8122451,13.12381200841628
1790423653.8128412,1046.950558986282
1790423653.8159726,1099.886794021586
1790423653.816639,11.60377700580284
1790423653.8185327,7.682989991735667
1790423653.8197207,15.424399985931814
1790423653.82074,10.522677999688312
1790423653.822603,13.609060988528654
1790423653.8231003,15.50143799977377
1790423653.8232749,13.54648100095801
1790423653.8252993,15.952337998896837
1790423653.8260002,14.535714988596737
1790423653.8270113,14.754192001419142
1790423653.8279464,19.357715995283797
1790423653.828703,15.851762000238523
1790423653.829245,22.647883015451953
1790423653.8301852,10.454665985889733
1790423653.831671,9.059542004251853
1790423653.832137,13.594813004601747
1790423653.833108,17.12381502147764
1790423653.833958,13.208474003477022
1790423653.8349915,4.795558023033664
1790423653.836293,13.183840026613325
1790423653.8442214,18.912508006906137
1790423653.8460927,22.809000976849347
1790423653.8601897,28.04270898923278
1790423653.8617094,32.99678800976835
1790423653.862284,35.25987101602368
1790423653.8630443,29.077282000798732
1790423653.8634865,43.11157198389992
1790423653.865018,48.36710001109168
1790423653.8667727,20.668125012889504
1790423653.8671992,30.89712798828259
1790423653.8755608,47.601828002370894
1790423653.880898,54.88560500089079
1790423653.8819864,63.96382598904893
1790423653.882432,53.1778369913809
1790423653.8844879,51.36959400260821
1790423653.8851619,60.4352529917378
1790423653.8852384,53.55751499882899
1790423653.8881705,53.16769101773389
1790423653.8889744,28.771013021469116
1790423653.8896215,45.3869009797927
1790423653.8909752,10.06474599125795
1790423653.8916552,33.27487999922596
1790423653.8940501,32.32629902777262
1790423653.8951604,1041.3891779899132
1790423653.8959768,32.921905018156394
1790423653.898183,1054.767587018432
1790423653.8992612,1109.506673994474
1790423653.8996854,32.90292600286193
1790423653.9001334,15.63035897561349
1790423653.9014614,11.828921007690951
1790423653.9030492,1106.1143539845943
1790423653.9184923,30.309744994156063
1790423653.9193306,23.341477004578337
1790423653.9228442,28.783334011677653
1790423653.923538,30.80501899239607
1790423653.9239805,24.709682998945937
1790423653.9265902,26.44785601296462
1790423653.927753,24.691746017197147
1790423653.9279025,8.559150999644771
1790423653.9300034,41.016281000338495
1790423653.9306948,6.70163199538365
1790423653.93337,1235.5357960041147
1790423653.9350758,56.62185698747635
1790423653.9353871,7.621470984304324
1790423653.9388824,43.71081799035892
1790423653.9441295,44.434275972889736
1790423653.945158,54.170631017768756
1790423653.946603,49.13792398292571
1790423653.95556,25.541708018863574
1790423653.956585,38.078395009506494
1790423653.9604619,27.077392995124683
1790423653.960868,28.410566999809816
1790423653.9622629,60.79178801155649
1790423653.966945,44.08602201147005
1790423653.9682732,70.08143799612299
1790423653.9712763,32.38016398972832
1790423653.9764001,31.229866988724098
1790423653.98349,1088.4220809966791
1790423653.9845815,36.75781798665412
1790423653.9856157,1086.006086989073
1790423653.9864893,1060.8776749868412
1790423653.987095,30.49981500953436
1790423653.9920108,72.10455497261137
1790423653.9921706,64.2572850047145
1790423653.9966025,34.32815198902972
1790423654.003175,59.034420002717525
1790423654.0067718,38.488644000608474
1790423654.0138688,58.29545800224878
1790423654.0165153,56.042286014417186
1790423654.0177457,91.62546499283053
1790423654.0190406,35.53892800118774
1790423654.0194497,52.49448399990797
1790423654.0198727,62.14267999166623
1790423654.028578,63.932179007679224
1790423654.0308337,43.72642398811877
1790423654.031266,46.38522199820727
1790423654.0398734,53.373193979496136
1790423654.0473385,50.72453900356777
1790423654.048012,55.82722500548698
1790423654.055234,48.450058995513245
1790423654.0553894,58.91361797694117
1790423654.056455,36.99518399662338
1790423654.0632896,60.104228992713615
1790423654.0707102,75.72840200737119
1790423654.0718255,86.19715500390157
1790423654.0785527,1052.2146050061565
1790423654.0798666,52.656090003438294
1790423654.080271,63.74269898515195
1790423654.081381,24.915198009693995
1790423654.0831144,35.08930699899793
1790423654.0842507,12.410778988851234
1790423654.0848856,65.83378900540993
1790423654.0867107,58.75396399642341
1790423654.0907683,1096.5510199894197
1790423654.0925777,1103.628729004413
1790423654.09307,1106.9419810082763
1790423654.108449,28.150807978818193
1790423654.1090279,1117.189692973625
1790423654.1168482,69.4959920074325
1790423654.1177247,79.27946298150346
1790423654.1178691,62.620792974485084
1790423654.1195471,36.419717012904584
1790423654.1208713,35.972390993265435
1790423654.1306248,49.70814599073492
1790423654.1492314,56.64245499065146
1790423654.1570323,63.94864700268954
1790423654.1631384,75.4310339980293
1790423654.1637375,1309.4652430154383
1790423654.1644595,1297.9212749924045
1790423654.174927,66.42935899435543
1790423654.183314,92.53252399503253
1790423654.1901655,70.60459299827926
1790423654.1939397,1163.8950970082078
1790423654.200253,51.00671498803422
1790423654.20098,84.11723200697452
1790423654.2062244,41.75100600696169
1790423654.2361941,46.01519100833684
1790423654.2419596,113.08513497351669
1790423654.242213,59.9867140117567
1790423654.2426918,47.127089026616886
1790423654.2434478,1088.3766570186708
1790423654.2446005,1129.8819520161487
1790423654.246458,1092.682012997102
1790423654.246711,1090.2416469762102
1790423654.2477987,47.532685013720766
1790423654.2483392,42.10233400226571
1790423654.2494798,1139.7341660049278
1790423654.2513185,7.859326986363158
1790423654.2519386,1170.90988002019
1790423654.252927,6.458619987824932
1790423654.2533998,5.587827996350825
1790423654.255625,2.68651798251085
1790423654.2560606,6.568975979462266
1790423654.2605717,151.53015300165862
1790423654.2614064,140.52072301274166
1790423654.2629192,145.0387880031485
1790423654.272624,154.05336598632857
1790423654.2741268,18.488453002646565
1790423654.2746253,14.039340981980786
1790423654.28305,20.117524021770805
1790423654.2836044,111.87511001480743
1790423654.28696,1588.0115120089613
1790423654.2878735,130.82494397531264
1790423654.2893684,32.781850022729486
1790423654.290493,54.28215101710521
1790423654.2906797,51.94912900333293
1790423654.2910855,90.09281898033805
1790423654.2929137,48.30176298855804
1790423654.2939143,19.278382998891175
1790423654.3003685,53.64590900717303
1790423654.3340082,1113.1384570035152
1790423654.3364756,75.0556790153496
1790423654.3409595,152.07081899279729
1790423654.3472307,1139.9246560176834
1790423654.3531868,69.31038098991849
1790423654.3608365,1135.6858670187648
1790423654.3621254,76.99679100187495
1790423654.3642313,71.30436701118015
1790423654.3651476,64.76567601202987
1790423654.3656178,75.1144630194176
1790423654.3677092,63.23924599564634
1790423654.368996,34.97562499251217
1790423654.369104,3.9458910177927464
1790423654.3695226,82.55098797963001
1790423654.3699348,78.83720798417926
1790423654.3714895,83.60341400839388
1790423654.373422,3.4765549935400486
1790423654.374733,180.78147500636987
1790423654.3757787,8.055861020693555
1790423654.3766549,7.540949998656288
1790423654.3778045,4.371840012026951
1790423654.378495,2.7042540023103356
1790423654.3798807,85.95577400410548
1790423654.380954,3.130303986836225
1790423654.381744,1.8512519891373813
1790423654.3834975,1.7418689967598766
1790423654.3898413,1177.3178900184575
1790423654.417082,111.5114169951994
1790423654.4178896,81.40178499161266
1790423654.4187746,121.03497600764968
1790423654.420073,1170.0711470039096
1790423654.4211354,1087.1133700129576
1790423654.4311106,1118.3884589991067
1790423654.4362264,92.69750097882934
1790423654.4499505,43.00573200453073
1790423654.4534206,36.32626298349351
1790423654.4538949,40.30066300765611
1790423654.4581459,1146.3060170062818
1790423654.4589548,38.87133797979914
1790423654.4685128,1150.1481570012402
1790423654.4689662,51.06560399872251
1790423654.4709797,1124.0324180107564
1790423654.4734528,42.33186598867178
1790423654.473912,61.4275129919406
1790423654.474584,21.15315099945292
1790423654.4754674,1461.6853299958166
1790423654.4760149,1188.1992400158197
1790423654.4766858,36.13418500754051
1790423654.4769602,17.993084009503946
1790423654.4776688,99.16517400415614
1790423654.478388,174.4595850177575
1790423654.4799874,11.010718997567892
1790423654.4819698,6.492704997071996
1790423654.4836974,42.475983005715534
1790423654.4841294,7.158827007515356
1790423654.4849105,6.511568994028494
1790423654.485892,12.429483991581947
1790423654.4871807,5.193640012294054
1790423654.4886878,4.548768018139526
1790423654.4891517,3.2488449942320585
1790423654.4905455,1.8458789854776114
1790423654.4909978,66.18647600407712
1790423654.4919043,1.3495619932655245
1790423654.5034885,45.33072200138122
1790423654.5056467,34.65506501379423
1790423654.50616,30.133266001939774
1790423654.5069683,32.3726559872739
1790423654.5075154,41.90466401632875
1790423654.5086677,40.14301500865258
1790423654.5095634,29.56534398254007
1790423654.5103288,32.645254977978766
1790423654.5107768,25.85614999406971
1790423654.5121675,6.509261991595849
1790423654.5139616,6.9814189919270575
1790423654.5152688,5.6948910059873015
1790423654.5157764,4.989881010260433
1790423654.5175395,3.568512009223923
1790423654.5192008,26.035773975308985
1790423654.5237644,17.591507988981903
1790423654.5289931,25.492070999462157
1790423654.529455,20.776076999027282
1790423654.5403986,24.61074900929816
1790423654.5414112,17.633145005675033
1790423654.5421908,27.857304987264797
1790423654.5424962,13.031064998358488
1790423654.5431054,1.683388982200995
1790423654.544309,1.193409989355132
1790423654.5487676,1068.0041009909473
1790423654.5491548,1070.7498049887363
1790423654.550864,40.5065469967667
1790423654.551458,39.279383985558525
1790423654.5522006,3.0340429802890867
1790423654.5532346,1.7673600232228637
1790423654.5543208,1.0773749963846058
1790423654.5761878,58.63625797792338
1790423654.5781558,1.951033977093175
1790423654.5953708,54.959875997155905
1790423654.5955052,1093.1785459979437
1790423654.5971153,46.23866599285975
1790423654.5980306,43.69978699833155
1790423654.6084495,1298.252852022415
1790423654.6120112,16.62517199292779
1790423654.6131747,31.623340997612104
1790423654.613332,15.28868600144051
1790423654.6146805,62.468718009768054
1790423654.615198,3.1712509808130562
1790423654.616911,2.217270986875519
1790423654.6215248,24.396818014793098
1790423654.622002,1313.0993749946356
1790423654.6318357,49.67484000371769
1790423654.634442,17.521734000183642
1790423654.6402519,18.23799600242637
1790423654.640861,23.48319999873638
1790423654.6417038,1.4317329914774746
1790423654.6585717,1102.2121119895019
1790423654.66292,1131.2576180207543
1790423654.6639369,1134.3971219903324
1790423654.6655648,1154.0624139888678
1790423654.6664429,44.906024006195366
1790423654.6671665,58.70245600817725
1790423654.670683,36.23030197923072
1790423654.6814537,18.520790996262804
1790423654.6828735,15.695302019594237
1790423654.6837356,18.16047099418938
1790423654.6843324,26.546495995717123
1790423654.6849303,3.462882013991475
1790423654.685595,1.8490370130166411
1790423654.687244,1.6393160040024668
1790423654.688972,37.69174398621544
1790423654.6896455,25.69729002425447
1790423654.690943,1.2860280112363398
1790423654.7056665,39.2147820093669
1790423654.7081256,2.4477690167259425
1790423654.7100468,1.9105639948975295
1790423654.7181737,35.28922700206749
1790423654.7237146,32.760195987066254
1790423654.7344341,27.662538981530815
1790423654.7410195,22.831670998129994
1790423654.7423692,7.912173983640969
1790423654.7425075,26.061694021336734
1790423654.7439828,1.5975699934642762
1790423654.7449718,37.36891501466744
1790423654.745044,34.984127996722236
1790423654.746857,1.8024099990725517
1790423654.7586648,34.93866100325249
1790423654.7596242,39.76015801890753
1790423654.760513,1280.623406986706
1790423654.7620318,20.997875020839274
1790423654.7631516,19.15768499020487
1790423654.7649605,6.281696987571195
1790423654.7655182,18.651141988812014
1790423654.7656693,3.6276140017434955
1790423654.7834337,1057.147178973537
1790423654.784871,1067.6138879789505
1790423654.785963,25.437720003537834
1790423654.786473,23.310590971959755
1790423654.7870305,21.499801019672304
1790423654.7911751,27.071376011008397
1790423654.7915337,26.564316998701543
1790423654.8061554,19.66845800052397
1790423654.8077137,42.036185011966154
1790423654.811224,1521.2086100073066
1790423654.8120804,33.34228799212724
1790423654.8124478,4.72377598634921
1790423654.81324,26.19637901079841
1790423654.8158326,29.855870991013944
1790423654.8171237,32.88203800912015
1790423654.8179307,11.763432994484901
1790423654.8185587,5.306791019393131
1790423654.818989,7.752289995551109
1790423654.8199596,2.01805800315924
1790423654.8210182,2.0189920032862574
1790423654.8222103,1.1820840009022504
1790423654.827514,1286.1961270100437
1790423654.828734,1.209373993333429
1790423654.850574,1299.4779360014945
1790423654.8553872,71.93611399270594
1790423654.8563282,1326.3961600023322
1790423654.8564272,43.967703997623175
1790423654.8578079,41.96378498454578
1790423654.8591454,3.743888024473563
1790423654.8598135,31.069231015862897
1790423654.8602421,41.67245599091984
1790423654.8613744,1303.63294298877
1790423654.8622737,5.8356840163469315
1790423654.8631144,5.293552007060498
1790423654.8646889,4.863627982558683
1790423654.865377,6.221875984920189
1790423654.8658197,3.535216994350776
1790423654.8676424,7.389778009383008
1790423654.868209,6.823119008913636
1790423654.8689802,5.8538090088404715
1790423654.870114,5.415385996457189
1790423654.8708,4.9704129924066365
1790423654.8717246,6.336274003842846
1790423654.873266,5.613788991468027
1790423654.8739617,5.732871009968221
1790423654.8744075,5.416606989456341
1790423654.8760064,5.196652025915682
1790423654.8767076,6.568106007762253
1790423654.8773637,5.628124985378236
1790423654.8781586,4.882580018602312
1790423654.880144,5.726798000978306
1790423654.8817341,5.017111980123445
1790423654.8821287,8.156497002346441
1790423654.8825572,5.1840659871231765
1790423654.8829749,4.8054520157165825
1790423654.8833375,7.32107600197196
1790423654.8862572,4.119060002267361
1790423654.8874872,7.331897999392822
1790423654.887608,5.862279998837039
1790423654.8882635,4.916401987429708
1790423654.8888702,5.886754981474951
1790423654.8892279,6.660871003987268
1790423654.8909838,4.717434989288449
1790423654.8919866,3.714326972840354
1790423654.8931072,3.8698340067639947
1790423654.8937247,6.2280230049509555
1790423654.8957503,8.134241012157872
1790423654.8964827,5.490400013513863
1790423654.8968854,4.8893350176513195
1790423654.897552,8.673287986312062
1790423654.8983052,4.571853001834825
1790423654.8990307,5.911764979828149
1790423654.900583,4.823247989406809
1790423654.9021125,5.217819998506457
1790423654.9026835,6.191238993778825
1790423654.9033892,5.828719993587583
1790423654.9052355,6.195474008563906
1790423654.906527,8.212472021114081
1790423654.9078255,4.425360995810479
1790423654.9087796,6.654867989709601
1790423654.9101105,9.51559899840504
1790423654.911444,6.198777002282441
1790423654.9124885,4.652803007047623
1790423654.9133031,10.61055698664859
1790423654.9140146,1031.5693609882146
1790423654.914499,9.70362001680769
1790423654.9165723,6.447961000958458
1790423654.9175668,5.067126010544598
1790423654.9180682,4.0414399991277605
1790423654.918857,2.274395024869591
1790423654.9198403,1.762221014359966
1790423654.9216187,1.7687489744275808
1790423654.922613,1037.3636160220485
1790423654.9236517,1048.072751989821
1790423654.9242864,17.747773992596194
1790423654.9257214,3.096734988503158
1790423654.9263773,2.0792199939023703
1790423654.928356,1.9672559865284711
1790423654.9287603,19.968868989963084
1790423654.9328444,1065.634670027066
1790423654.9381256,1065.5223770008888
1790423654.9390988,25.785181001992896
1790423654.9397469,28.292100003454834
1790423654.9403117,25.79871899797581
1790423654.9413915,22.52251497702673
1790423654.941877,24.298928008647636
1790423654.9426851,9.83097599237226
1790423654.9433277,1081.0321400058456
1790423654.9550037,21.53956997790374
1790423654.9555976,26.827114983461797
1790423654.9576757,17.91784100350924
1790423654.958722,17.320562998065725
1790423654.9592257,31.400461011799052
1790423654.9603047,17.608930997084826
1790423654.9616554,3.9665119838900864
1790423654.962102,7.082669995725155
1790423654.963209,2.892354008508846
1790423654.9644284,24.105205986415967
1790423654.9654639,3.3505169849377126
1790423654.9662404,27.130011992994696
1790423654.9685655,25.226840982213616
1790423654.9687896,31.876018998445943
1790423654.970261,28.37482700124383
1790423654.9711082,9.44157800404355
1790423654.9720802,8.858418004820123
1790423654.972699,17.089467000914738
1790423654.9736702,7.416031003231183
1790423654.9741309,15.398512012325227
1790423654.9756055,10.13136698747985
1790423654.9761183,11.676458991132677
1790423654.9766178,5.4997699917294085
1790423654.9778361,9.260671999072656
1790423654.9787116,6.003443995723501
1790423654.9800768,6.396994984243065
1790423654.9805384,8.448902983218431
1790423654.981852,11.582033999729902
1790423654.9830117,8.871578000253066
1790423654.9834673,7.852429989725351
1790423654.9856207,9.493096004007384
1790423654.986436,8.580260997405276
1790423654.9876444,8.924055000534281
1790423654.9880118,11.383047007257119
1790423654.9888813,8.794202003628016
1790423654.9894538,7.591833011247218
1790423654.9905484,7.07136100390926
1790423654.9922018,5.755490012234077
1790423654.9937332,10.711642011301592
1790423654.9969902,16.44216600107029
1790423655.0020416,1025.631324009737
1790423655.012579,24.557711993111297
1790423655.0178146,32.18372300034389
1790423655.0229506,41.5408719854895
1790423655.028695,1093.2975029863883
1790423655.0308075,1072.1868930268101
1790423655.0323184,1071.2318980076816
1790423655.0361319,46.66820098645985
1790423655.0456314,53.4195689833723
1790423655.0476167,59.96360399876721
1790423655.0503929,1129.4231539941393
1790423655.053767,1123.0596899986267
1790423655.0608675,71.97699398966506
1790423655.063349,68.50641398341395
1790423655.066447,1131.8378199939616
1790423655.0739222,76.91840501502156
1790423655.0795228,62.39678800920956
1790423655.0843863,48.24294400168583
1790423655.0852907,72.6989739923738
1790423655.0864835,1174.8091809859034
1790423655.0871873,69.35930901090614
1790423655.0913393,62.55277700256556
1790423655.1000419,67.46854999801144
1790423655.1020052,56.362167990300804
1790423655.1065435,104.48954100138508
1790423655.1078334,60.206023015780374
1790423655.1088657,1045.5630630021915
1790423655.1096413,48.76225598854944
1790423655.1220315,48.09629498049617
1790423655.127188,56.22427401249297
1790423655.1368766,1096.9912760192528
1790423655.1412454,1127.364859014051
1790423655.1459062,89.81584399589337
1790423655.1473503,1118.4476490016095
1790423655.1530786,68.68103999295272
1790423655.1622221,1161.1005980230402
1790423655.1623333,82.79908300028183
1790423655.1630466,56.49128998629749
1790423655.1642962,77.09479599725455
1790423655.1721392,70.12185800704174
1790423655.1789749,103.91793301096186
1790423655.1880727,94.09050599788316
1790423655.188184,51.29470501560718
1790423655.190404,1325.3752349992283
1790423655.1912618,83.41641098377295
1790423655.191815,55.07861598744057
1790423655.1941414,72.09511098335497
1790423655.2012596,92.38427999662235
1790423655.2022374,49.14366698358208
1790423655.2095149,84.35757900588214
1790423655.209948,68.69296601507813
1790423655.2108955,73.47320500412025
1790423655.2121658,1130.7676249998622
1790423655.2126021,50.25478301104158
1790423655.2145157,51.45707898191176
1790423655.2156615,43.510811985470355
1790423655.2162373,45.72149197338149
1790423655.2167914,52.482280996628106
1790423655.2266212,32.46675300761126
1790423655.2271225,36.70765701099299
1790423655.2444625,42.2129409853369
1790423655.2455432,33.36492300149985
1790423655.247426,52.13561101118103
1790423655.247766,33.23854299378581
1790423655.2521565,63.96111298818141
1790423655.252652,80.04274900304154
1790423655.2565851,39.7827540000435
1790423655.2622356,1335.6331550166942
1790423655.26348,36.34707900346257
1790423655.2639186,1088.9794199902099
1790423655.2650201,52.408347983146086
1790423655.2656298,1295.3470430220477
1790423655.2658343,39.2022360174451
1790423655.2665188,56.55954100075178
1790423655.2713394,1069.398868974531
1790423655.2873383,42.86158600007184
1790423655.2884219,23.38283899007365
1790423655.2897027,33.10653701191768
1790423655.2914722,27.979575999779627
1790423655.2939022,1077.3152640031185
1790423655.3069863,61.43014002009295
1790423655.309408,42.87844599457458
1790423655.320695,47.538916987832636
1790423655.3207765,275.93079398502596
1790423655.3315954,79.42427499801852
1790423655.3363864,47.95197199564427
1790423655.3374062,86.5703460003715
1790423655.3387487,47.266206005588174
1790423655.3424234,55.07200499414466
1790423655.344227,53.80069499369711
1790423655.349778,40.35608901176602
1790423655.355466,65.7522359979339
1790423655.3606985,24.299473996507004
1790423655.3615983,79.07845699810423
1790423655.3619378,54.9373849935364
1790423655.3630252,20.59068199014291
1790423655.3638103,35.998695995658636
1790423655.3681011,75.15787199372426
1790423655.3685317,1117.2020069789141
1790423655.370874,39.26743898773566
1790423655.3716893,21.897958999034017
1790423655.372406,33.63577800337225
1790423655.3730204,1116.949781018775
1790423655.3743434,18.864179000956938
1790423655.3851259,23.174719011876732
1790423655.3908563,22.31071301503107
1790423655.3917904,20.088033023057505
1790423655.392654,33.41963799903169
1790423655.3934572,8.318099018651992
1790423655.393946,23.061445011990145
1790423655.394398,21.36484399670735
1790423655.3966131,4.80934398365207
1790423655.3973303,3.3746599801816046
1790423655.3983495,1.726201007841155
1790423655.3995981,1.2391759955789894
1790423655.401894,29.474926996044815
1790423655.4124014,53.94890299066901
1790423655.418367,44.01272800168954
1790423655.4208817,1037.3716299945954
1790423655.4218163,33.10441100620665
1790423655.4225125,29.04281599330716
1790423655.4232528,32.38468401832506
1790423655.4251258,30.71816300507635
1790423655.4271817,1079.941100004362
1790423655.427845,9.464128001127392
1790423655.4282746,30.934893002267927
1790423655.428816,29.208938009105623
1790423655.435037,1095.5193369882181
1790423655.4417193,19.19575801002793
1790423655.4459965,44.0887319855392
1790423655.4476392,19.782654009759426
1790423655.450054,29.158260993426666
1790423655.4508815,27.61911298148334
1790423655.4523716,27.234389999648556
1790423655.4560506,36.70159701141529
1790423655.4579852,29.15932098403573
1790423655.4588034,33.12206198461354
1790423655.4602947,14.28526098607108
1790423655.460903,8.519036986399442
1790423655.4614763,11.410747014451772
1790423655.4625905,34.30471199681051
1790423655.4636884,2.2002020268701017
1790423655.464288,3.9807430002838373
1790423655.4653153,1.6168389993254095
1790423655.4745624,47.37066899542697
1790423655.477114,35.38078197743744
1790423655.4777298,19.731978012714535
1790423655.479395,40.11439500027336
1790423655.4808362,33.18666701670736
1790423655.481521,18.920449976576492
1790423655.4819014,31.008160003693774
1790423655.4820764,7.499314000597224
1790423655.4842942,23.381097009405494
1790423655.4849179,20.616870984667912
1790423655.4934828,28.157248016213998
1790423655.5009365,19.405961997108534
1790423655.5176878,39.94634799892083
1790423655.5231361,46.00889401626773
1790423655.5281842,43.256353004835546
1790423655.5353901,1120.3828580037225
1790423655.5362656,70.489648001967
1790423655.5369186,56.0731349978596
1790423655.537646,55.73460101732053
1790423655.5381794,58.36798300151713
1790423655.5384812,54.17441899771802
1790423655.53969,60.283108992734924
1790423655.540454,39.50614601490088
1790423655.5472105,53.71342902071774
1790423655.5497143,67.62693999917246
1790423655.5629158,45.21554699749686
1790423655.5635018,68.49810600397177
1790423655.5653107,37.113202997716144
1790423655.5660992,28.44069999991916
1790423655.5667205,26.25679300399497
1790423655.567946,78.97895900532603
1790423655.5687993,45.65086998627521
1790423655.5785813,70.12767801643349
1790423655.581673,43.18111398606561
1790423655.5834458,46.51399000431411
1790423655.5848532,51.55690899118781
1790423655.5850651,1101.355219987454
1790423655.5855653,38.34035899490118
1790423655.590379,1047.8713999909814
1790423655.601107,57.438460004050285
1790423655.6060445,1090.7642459787894
1790423655.6119184,1077.6481850189157
1790423655.6129618,48.104980000061914
1790423655.6182075,52.097802981734276
1790423655.6286538,46.96181698818691
1790423655.6352737,66.46321999141946
1790423655.6367903,59.59038098808378
1790423655.6371448,53.68769000051543
1790423655.6407478,55.66919699776918
1790423655.647322,41.26592501415871
1790423655.6525815,34.363341983407736
1790423655.6606894,40.808297984767705
1790423655.6607704,1082.6005070121028
1790423655.6618476,1046.637852996355
1790423655.6623487,27.062535984441638
1790423655.6634223,76.96491701062769
1790423655.663889,73.49719799822196
1790423655.6760633,63.08924200129695
1790423655.684136,43.37535100057721
1790423655.6848814,44.985371991060674
1790423655.6853478,32.75494699482806
1790423655.6876488,58.97936600376852
1790423655.695992,34.13252500467934
1790423655.6979117,75.4438939911779
1790423655.7001674,52.83348198281601
1790423655.7015269,40.74278401094489
1790423655.7029693,39.07050201087259
1790423655.7035694,19.420536991674453
1790423655.7046425,67.48732199775986
1790423655.7077866,49.38216498703696
1790423655.7117171,38.46182898269035
1790423655.712749,25.088705006055534
1790423655.7153022,15.121932985493913
1790423655.7157369,1028.4825920243748
1790423655.7166011,1074.8874270066153
1790423655.7171524,12.49541700235568
1790423655.7180417,15.058799006510526
1790423655.719597,4.28412202745676
1790423655.7205555,3.941788978409022
1790423655.7217922,3.74155500321649
1790423655.7229624,1038.0209640134126
1790423655.7242463,1053.551469987724
1790423655.7247677,62.40864301798865
1790423655.7269711,6.403995997970924
1790423655.7280507,5.079061986180022
1790423655.729477,53.40055300621316
1790423655.7305567,34.55443697748706
1790423655.7322404,46.88165400875732
1790423655.7328455,40.023381006903946
1790423655.7333786,31.83800299302675
1790423655.736187,32.60636801132932
1790423655.736678,7.190392003394663
1790423655.7377567,20.592381013557315
1790423655.7382684,14.004934986587614
1790423655.739065,23.318259976804256
1790423655.7403867,20.777641999302432
1790423655.741702,28.939227981027216
1790423655.7432728,11.020759004168212
1790423655.749999,25.211820990080014
1790423655.7510486,28.539829014334828
1790423655.7516618,21.094253024784848
1790423655.7532928,16.604795993771404
1790423655.7538242,20.433508994756266
1790423655.7542052,26.144113013288006
1790423655.7636423,25.36305898684077
1790423655.764555,28.356844995869324
1790423655.7651236,27.354863996151835
1790423655.767458,17.44563999818638
1790423655.7680485,14.746191998710856
1790423655.768342,34.5555969979614
1790423655.768766,27.05184099613689
1790423655.7698455,30.768418015213683
1790423655.7782948,1495.2313019894063
1790423655.7790136,27.341876993887126
1790423655.7909684,36.75303599447943
1790423655.7951143,1516.8440359993838
1790423655.8005147,46.680539002409205
1790423655.8031373,39.48199001024477
1790423655.8041131,38.97800299455412
1790423655.8057542,35.896568006137386
1790423655.8061728,49.31755698635243
1790423655.817627,55.52414499106817
1790423655.8177176,53.150752995861694
1790423655.8179479,49.88826299086213
1790423655.8198626,64.07129199942574
1790423655.8206913,53.2202500035055
1790423655.8233163,44.28924998501316
1790423655.8238165,55.03989799763076
1790423655.8303688,29.842536023352295
1790423655.8312824,27.157559001352638
1790423655.8409405,62.627422012155876
1790423655.8419147,66.37639197288081
1790423655.8423188,1350.4050240153447
1790423655.8515744,68.97147800191306
1790423655.852168,49.01800898369402
1790423655.8742256,62.55296999006532
1790423655.8743591,53.65635800990276
1790423655.8759599,58.22958497446962
1790423655.876783,52.95422798371874
1790423655.8772616,45.97018999629654
1790423655.8795831,1266.2394709768705
1790423655.8800337,62.07514900597744
1790423655.882458,40.12810799758881
1790423655.8880908,73.54385301005095
1790423655.8882158,64.88808599533513
1790423655.8890004,69.11293900338933
1790423655.8895996,48.64422298851423
1790423655.8904572,38.27553102746606
1790423655.8919888,16.01748599205166
1790423655.8934102,16.13755599828437
1790423655.8939054,13.862263993360102
1790423655.895208,6.98000198462978
1790423655.8958051,1075.8341930049937
1790423655.8973217,78.18491500802338
1790423655.8974845,7.018080999841914
1790423655.899254,4.034117009723559
1790423655.8997924,6.371024006512016
1790423655.901089,3.593186993384734
1790423655.901765,1.962433016160503
1790423655.9035952,29.225680977106094
1790423655.9041505,27.354441990610212
1790423655.9048972,1059.845943003893
1790423655.9065418,24.07165998010896
1790423655.9072475,17.636497999774292
1790423655.9073412,5.565941013628617
1790423655.9084954,28.9009639818687
1790423655.9098248,17.825629998696968
1790423655.9103096,6.145716004539281
1790423655.910842,15.024502004962415
1790423655.9115777,17.660875979345292
1790423655.9134064,6.054469995433465
1790423655.9151056,7.846259017242119
1790423655.9156513,9.096471010707319
1790423655.91669,6.368154980009422
1790423655.9186544,7.803257001796737
1790423655.9190607,15.455243003088981
1790423655.9217217,11.886606982443482
1790423655.9222565,8.837432018481195
1790423655.9225469,10.95623301807791
1790423655.9229488,14.444050000747666
1790423655.9233317,7.670030987355858
1790423655.9253793,10.261335992254317
1790423655.925905,9.202996996464208
1790423655.9276674,8.585681993281469
1790423655.929346,7.076637994032353
1790423655.9299192,6.961006991332397
1790423655.9311616,5.7702590129338205
1790423655.9320679,4.387539025628939
1790423655.9330785,3.1462220067624003
1790423655.9336884,1.609670027391985
1790423655.9348903,1.1904010025318712
1790423655.9475744,28.910187975270674
1790423655.9493682,1.782518986146897
1790423655.9511974,27.85649200086482
1790423655.9525232,30.789859010837972
1790423655.9530833,33.64955401048064
1790423655.953692,27.77451800648123
1790423655.9542377,31.680207990575582
1790423655.955898,22.80886599328369
1790423655.9563742,27.01648199581541
1790423655.9571297,7.748683972749859
1790423655.957553,1035.9216909855604
1790423655.959289,1030.9226620011032
1790423655.9604769,29.304870986379683
1790423655.96226,8.556685002986342
1790423655.9628818,11.674540000967681
1790423655.963586,11.051251000026241
1790423655.9653678,8.984010986750945
1790423655.9657395,1040.0065420253668
1790423655.9666755,12.427258014213294
1790423655.9674802,1043.8158879987895
1790423655.967924,12.014845997327939
1790423655.9683015,8.98982901708223
1790423655.9697518,12.61235200217925
1790423655.9703965,9.91004699608311
1790423655.971518,13.953601010143757
1790423655.9722254,9.954923007171601
1790423655.973571,10.677753016352654
1790423655.9759917,10.613513004500419
1790423655.9770782,13.480174995493144
1790423655.978553,7.023251004284248
1790423655.9789937,11.504480004077777
1790423655.979731,13.982569013023749
1790423655.9807432,12.809806008590385
1790423655.9815824,14.897321991156787
1790423655.9831345,9.554880001815036
1790423655.9843724,14.610031008487567
1790423655.985974,9.97262800228782
1790423655.9868367,8.27341401600279
1790423655.987751,8.01068899454549
1790423655.988271,6.679084006464109
1790423655.9898634,5.4815740149933845
1790423655.9955177,27.207406994421035
1790423655.9966526,24.41711799474433
1790423655.9975834,27.177274983841926
1790423655.9990106,20.006533013656735
1790423655.9991593,24.566583015257493
1790423656.0012183,20.465779991354793
1790423656.002284,31.368362018838525
1790423656.0023715,19.22806800575927
1790423656.0029407,25.851641985354945
1790423656.0036044,17.62067701201886
1790423656.0043397,1517.1477810072247
1790423656.0061262,19.275559985544533
1790423656.0094824,10.459908982738853
1790423656.0099468,6.993691000388935
1790423656.0113761,14.711731986608356
1790423656.0121253,10.894685983657837
1790423656.0132732,24.992690014187247
1790423656.0147161,19.188703008694574
1790423656.0158815,32.29958200245164
1790423656.017577,19.981888006441295
1790423656.0187178,16.336642001988366
1790423656.0191994,13.06248499895446
1790423656.0197563,20.584184007020667
1790423656.0283196,23.969072004547343
1790423656.0337625,30.14563297620043
1790423656.038466,28.972472995519638
1790423656.0403528,33.18465000484139
1790423656.0413158,23.726792016532272
1790423656.0449824,33.595712011447176
1790423656.045582,32.29641099460423
1790423656.0494053,1560.2426530094817
1790423656.0505524,31.82421499514021
1790423656.0525177,37.77602600166574
1790423656.0527942,44.771756016416475
1790423656.053894,34.68394701485522
1790423656.0631073,43.336783011909574
1790423656.0689278,35.696745006134734
1790423656.0757294,55.34072100999765
1790423656.0964603,68.12799299950711
1790423656.1125648,1097.771553992061
1790423656.1279755,1099.268049991224
1790423656.1558247,1155.1162360119633
1790423656.1648753,115.45238899998367
1790423656.1671658,114.6293010096997
1790423656.168817,120.22515400894918
1790423656.1690314,1146.8962059880141
1790423656.1692739,106.1450180131942
1790423656.1694093,126.36143897543661
1790423656.1726773,129.04473199159838
1790423656.1734266,132.09476400515996
1790423656.1796782,95.93180398223922
1790423656.1851192,1075.4654229967855
1790423656.1960266,127.08267700509168
1790423656.197654,1165.9995970258024
1790423656.1978002,32.90166601072997
1790423656.1983936,29.10558000439778
1790423656.2009141,113.3040180138778
1790423656.201999,22.301190008874983
1790423656.2120774,140.11625200510025
1790423656.2223873,38.34903199458495
1790423656.2225475,26.505672984058037
1790423656.2237225,25.317352992715314
1790423656.2286413,136.2194170069415
1790423656.2330432,31.027338991407305
1790423656.2347448,1143.3917899848893
1790423656.2428224,118.8015189836733
1790423656.2429523,75.76765600242652
1790423656.2661839,63.22986399754882
1790423656.2690454,95.60122099355794
1790423656.2702765,100.14803198282607
1790423656.2747595,51.02358100702986
1790423656.2753034,90.16796699143015
1790423656.2810416,25.304915994638577
1790423656.281438,46.68019901146181
1790423656.2965682,27.51047900528647
1790423656.2976134,67.97610298963264
1790423656.2977679,1067.850986000849
1790423656.298361,1034.4317400013097
1790423656.2994936,1033.6481419799384
1790423656.30209,101.16241098148748
1790423656.3076253,114.3463909975253
1790423656.3106415,1048.3925050066318
1790423656.3156178,40.30143897398375
1790423656.3180733,75.09917501010932
1790423656.3237913,42.7393660065718
1790423656.3251834,1502.9634019883815
1790423656.3262224,41.500323015498
1790423656.3268547,30.274440010543913
1790423656.3274324,27.928916999371722
1790423656.328656,1274.8792239872273
1790423656.3303397,19.676978001371026
1790423656.3316405,1540.09483900154
1790423656.3324554,14.371809986187145
1790423656.3333948,8.201308985007927
1790423656.3340526,77.71533299819566
1790423656.335748,8.305404015118256
1790423656.3401213,120.52699699415825
1790423656.343707,76.48213600623421
1790423656.343824,1350.0786079966929
1790423656.3445957,69.82256102492101
1790423656.3456957,47.3231450014282
1790423656.3462396,30.610226996941492
1790423656.3477151,45.612137007992715
1790423656.3563552,23.888841998996213
1790423656.358568,24.502807995304465
1790423656.3593192,15.483847993891686
1790423656.3667471,30.988862010417506
1790423656.3675113,22.905243007699028
1790423656.3817399,35.487596003804356
1790423656.382379,62.440355017315596
1790423656.3896413,58.748572977492586
1790423656.3904543,44.74792201654054
1790423656.39296,62.607311992906034
1790423656.394263,46.535158006008714
1790423656.396951,30.191319005098194
1790423656.3976552,27.1346990193706
1790423656.3984005,41.02258200873621
1790423656.399093,42.727230000309646
1790423656.3994987,40.91800400055945
1790423656.4010017,26.463489019079134
1790423656.4017594,21.584984002402052
1790423656.4022279,18.18259002175182
1790423656.4039278,28.252321004401892
1790423656.405944,6.839626992587
1790423656.4066188,13.646972976857796
1790423656.4105985,51.267197995912284
1790423656.4113004,62.51427499228157
1790423656.4228501,55.32535299425945
1790423656.4235837,58.161422988632694
1790423656.4245718,49.54340402036905
1790423656.4250555,45.74124500504695
1790423656.4355621,45.09102099109441
1790423656.444149,47.182118985801935
1790423656.448304,50.63546501332894
1790423656.4489682,47.59509701398201
1790423656.4493625,76.66080299532041
1790423656.4505498,49.53636598656885
1790423656.451618,53.20426099933684
1790423656.452506,46.549272985430434
1790423656.454948,52.705948997754604
1790423656.4560807,48.0834310001228
1790423656.4563723,45.75992497848347
1790423656.4574766,1096.7650980164763
1790423656.4579272,33.34218301461078
1790423656.4581451,22.569882014067844
1790423656.4590266,10.711725015426055
1790423656.4600444,1097.006711002905
1790423656.4610388,10.478618001798168
1790423656.4622993,39.436478982679546
1790423656.4638343,6.34701200760901
1790423656.465387,7.231127005070448
1790423656.4664958,4.183047014521435
1790423656.4672189,7.162875990616158
1790423656.4681928,2.793350984575227
1790423656.4698508,2.620805986225605
1790423656.4710858,1.2251609878148884
1790423656.4740086,29.847066005459055
1790423656.4744792,49.41353798494674
1790423656.4759743,26.601143006701022
1790423656.4769769,20.592897984897718
1790423656.4780786,25.56161899701692
1790423656.4807374,19.688367989147082
1790423656.4813175,46.60654498729855
1790423656.4814413,17.593639000551775
1790423656.4823883,7.8982890117913485
1790423656.482959,23.918824997963384
1790423656.483996,26.057548995595425
1790423656.4851127,8.124176994897425
1790423656.487229,4.8264850047416985
1790423656.4876668,3.65882899495773
1790423656.4884655,7.716497988440096
1790423656.4907267,3.4863649925682694
1790423656.4911814,2.7051650104112923
1790423656.4927504,1.5594649885315448
1790423656.4971073,23.0873660184443
1790423656.5008192,24.833716975990683
1790423656.5027592,24.669959995662794
1790423656.503329,30.34931400907226
1790423656.5050209,50.060523994034156
1790423656.5055864,22.616327012656257
1790423656.5066545,25.20070900209248
1790423656.507151,22.027052997145802
1790423656.5144615,23.72470000409521
1790423656.525727,24.89215601235628
1790423656.5274963,20.8311399910599
1790423656.532465,31.04118400369771
1790423656.5350516,37.92824401170947
1790423656.546908,53.21050499333069
1790423656.5473082,44.535644992720336
1790423656.5484586,1301.6143970016856
1790423656.548683,43.085036013508216
1790423656.5539868,39.51371301081963
1790423656.5545707,47.40942400530912
1790423656.5796194,53.877632977673784
1790423656.5813525,53.84111200692132
1790423656.584619,66.82095100404695
1790423656.584778,92.01809699879959
1790423656.5853932,80.35939102410339
1790423656.5867908,39.467650989536196
1790423656.6007671,84.03601398458704
1790423656.6011503,70.60566102154553
1790423656.6023633,71.17141401977278
1790423656.6031704,54.472615011036396
1790423656.6039953,58.82803400163539
1790423656.6050656,23.699335986748338
1790423656.6052468,1519.9425810133107
1790423656.606656,52.073827013373375
1790423656.6077158,53.710762003902346
1790423656.6107779,31.143013999098912
1790423656.611667,39.32552901096642
1790423656.6120257,27.234553010202944
1790423656.613389,26.584848994389176
1790423656.6140518,1064.3255399772897
1790423656.6238415,1038.2612670073286
1790423656.6278434,26.679920993046835
1790423656.6291652,25.15965298516676
1790423656.6301484,47.78306800290011
1790423656.6500552,42.32726400368847
1790423656.650657,45.400245988275856
1790423656.6522062,1121.4598009828478
1790423656.6534498,45.066938997479156
1790423656.653569,41.53124600998126
1790423656.6586046,47.815296973567456
1790423656.659858,45.796276011969894
1790423656.6692593,69.88771999021992
1790423656.6797872,66.38602601015009
1790423656.688153,67.45029400917701
1790423656.6904974,70.30746500822715
1790423656.6957238,71.87058700947091
1790423656.6984465,70.58950699865818
1790423656.70268,52.61109600542113
1790423656.7043765,50.79366598511115
1790423656.704897,62.040662014624104
1790423656.7143853,54.516399977728724
1790423656.7259326,30.19715700065717
1790423656.731678,60.81135000567883
1790423656.7317946,107.37569100456312
1790423656.7319534,102.77824700460769
1790423656.732686,74.0683029871434
1790423656.733666,85.60337597737089
1790423656.7421546,39.463125984184444
1790423656.7454054,41.01591001381166
1790423656.75087,36.47294899565168
1790423656.750989,46.08198601636104
1790423656.7526603,1030.8577030082233
1790423656.7537205,11.551467992831022
1790423656.7542098,22.244025021791458
1790423656.7556374,4.753223998704925
1790423656.7566185,2.8871020185761154
1790423656.7572474,1.5994790010154247
1790423656.7585459,1.2888549827039242
1790423656.7593021,33.35825999965891
1790423656.760686,27.98316298867576
1790423656.7621353,16.718650003895164
1790423656.7634525,39.527086017187685
1790423656.7642043,9.983272000681609
1790423656.7650385,5.724855000153184
1790423656.7661562,9.526517009362578
1790423656.766798,4.651372000807896
1790423656.7676003,14.926512987585738
1790423656.7689087,10.352866986067966
1790423656.769963,1042.978815996321
1790423656.7704399,5.390934995375574
1790423656.771624,4.814790008822456
1790423656.7734017,4.482913005631417
1790423656.7747486,4.297993989894167
1790423656.7836697,1040.3868370049167
1790423656.7864914,1045.3637849714141
1790423656.7872713,26.573936018394306
1790423656.7877736,1047.3733919789083
1790423656.7894456,25.23025099071674
1790423656.790779,24.61145498091355
1790423656.7919946,22.019433992682025
1790423656.7930126,5.732127989176661
1790423656.7935882,25.97710900590755
1790423656.800496,6.897915998706594
1790423656.8062472,32.83605398610234
1790423656.8108766,21.418089978396893
1790423656.8163471,24.34044997789897
1790423656.8171794,25.92898899456486
1790423656.8173604,11.101566982688382
1790423656.8187318,2.372204005951062
1790423656.8198922,1.1498969979584217
1790423656.8222246,38.543959002709016
1790423656.8232036,41.589450993342325
1790423656.8235555,51.18172799120657
1790423656.8246334,2.397868986008689
1790423656.833465,45.679906994337216
1790423656.845835,55.03647698787972
1790423656.846561,53.535980987362564
1790423656.8489761,44.88646099343896
1790423656.8490388,38.15087999100797
1790423656.8498137,49.306077999062836
1790423656.852699,28.751951991580427
1790423656.8578775,24.39786199829541
1790423656.8745837,54.68143499456346
1790423656.879751,55.10601500282064
1790423656.891578,56.25547797535546
1790423656.8924475,58.41635700198822
1790423656.8929353,46.36086800019257
1790423656.8934338,1102.4506499816198
1790423656.895715,49.86743599874899
1790423656.896429,79.05596500495449
1790423656.8970714,57.69017100101337
1790423656.8975558,48.50468199583702
1790423656.905356,47.46440699091181
1790423656.9134598,63.63519097794779
1790423656.9209847,41.2220319849439
1790423656.9223886,39.05228798976168
1790423656.9224916,29.04588100500405
1790423656.928018,31.578902999171987
1790423656.9290626,54.464941000333056
1790423656.9344199,1163.3193820016459
1790423656.945916,52.96674199053086
1790423656.9473097,66.52448201202787
1790423656.9615242,56.15511300857179
1790423656.9633493,65.77992098755203
1790423656.9778664,75.83155599422753
1790423656.9818423,1151.4617300126702
1790423656.9840276,63.03011201089248
1790423656.9845774,78.36800700169988
1790423656.9886458,60.61792798573151
1790423656.9963634,100.63570499187335
1790423656.9971948,97.85289099090733
1790423657.0086837,105.80717198899947
1790423657.0175836,79.77031500195153
1790423657.02997,1130.7033030025195
1790423657.033451,87.51747698988765
1790423657.0339482,70.5842349852901
1790423657.0361252,88.31108099548146
1790423657.0370526,53.01164201227948
1790423657.0381024,1050.3410150122363
1790423657.0430279,47.6474080060143
1790423657.0595472,137.0421439933125
1790423657.062113,32.13068298646249
1790423657.0629673,64.82944500749
1790423657.06346,29.49904100387357
1790423657.065307,83.45363798434846
1790423657.0738447,35.731618001591414
1790423657.0755553,112.67900597886182
1790423657.0813203,84.94232699740678
1790423657.085375,25.812863023020327
1790423657.0881426,24.66960300807841
1790423657.0887432,44.968589005293325
1790423657.0892885,1055.5119439959526
1790423657.0912175,1045.6163260096218
1790423657.0918012,1101.9271329860203
1790423657.0938623,1043.295230017975
1790423657.0945954,9.20781001332216
1790423657.0970752,7.7735680097248405
1790423657.098621,24.762507993727922
1790423657.100398,5.792511015897617
1790423657.100927,9.113349980907515
1790423657.1022584,3.624498989665881
1790423657.103812,2.8761029825545847
1790423657.1054742,72.00922799529508
1790423657.1064966,41.17678999318741
1790423657.1071308,25.79937400878407
1790423657.1087778,147.23498999956064
1790423657.10942,72.35362200299278
1790423657.110028,95.38708598120138
1790423657.1114984,7.675375003600493
1790423657.112098,69.0588180150371
1790423657.1125562,165.85326098720543
1790423657.1126328,21.40259899897501
1790423657.1130283,55.77777500730008
1790423657.1131523,10.881377995247021
1790423657.1136694,51.5430289960932
1790423657.1148112,26.654457993572578
1790423657.1157005,18.61046499107033
1790423657.1181235,1105.9885639988352
1790423657.119545,13.037214986979961
1790423657.1206481,13.506047980627045
1790423657.1213763,15.89247799711302
1790423657.1239061,12.397610989864916
1790423657.124465,15.678188006859273
1790423657.1249437,11.262198007898405
1790423657.125862,11.039895005524158
1790423657.1264758,14.365184004418552
1790423657.1270947,14.450022019445896
1790423657.1276417,18.213030009064823
1790423657.1289303,15.76712101814337
1790423657.1308262,15.11582700186409
1790423657.13138,9.993270999984816
1790423657.1353145,17.179859016323462
1790423657.1360419,12.12645199848339
1790423657.1365576,8.906414004741237
1790423657.1369739,10.486058017704636
1790423657.1383407,17.68106999224983
1790423657.1462922,15.45514099416323
1790423657.1496212,22.512994008138776
1790423657.152835,33.277599985012785
1790423657.1536903,37.35501901246607
1790423657.154171,29.69590699649416
1790423657.1553676,26.425218995427713
1790423657.1562736,24.881677993107587
1790423657.1580465,32.17496702563949
1790423657.1615705,36.61511300015263
1790423657.1633003,27.247973979683593
1790423657.1639316,27.36468700459227
1790423657.164079,28.752774000167847
1790423657.1731591,36.15217300830409
1790423657.1793191,40.96801398554817
1790423657.184886,35.252462985226884
1790423657.187217,54.635282984236255
1790423657.1922266,1095.7541829848196
1790423657.193728,40.88052699808031
1790423657.2039068,48.52519399719313
1790423657.207424,63.858259993139654
1790423657.2123165,1063.8281510036904
1790423657.2163723,1142.356964002829
1790423657.2164435,60.15678300173022
1790423657.217239,53.29375900328159
1790423657.2189088,45.73594199609943
1790423657.2195585,61.49872200330719
1790423657.2207956,16.877810994628817
1790423657.2212193,36.32182299043052
1790423657.222021,60.437598993303254
1790423657.2228787,58.781890984391794
1790423657.2231905,29.44935898995027
1790423657.2349448,77.74174798396416
1790423657.242574,26.118895009858534
1790423657.2445016,25.5798069993034
1790423657.245556,31.033387989737093
1790423657.2457945,22.906184021849185
1790423657.2468593,25.629185984143987
1790423657.2476466,27.60544599732384
1790423657.2485452,5.959000991424546
1790423657.2499676,2.3094549833331257
1790423657.2505302,4.726579005364329
1790423657.2527618,2.7820940013043582
1790423657.2535057,2.2439569875132293
1790423657.2550974,1.5795220097061247
1790423657.2606623,97.35158400144428
1790423657.2615752,80.23296401370317
1790423657.261722,82.37142299185507
1790423657.2622845,45.0354780186899
1790423657.263846,69.26936798845418
1790423657.2643719,3.6977579875383526
1790423657.26558,3.2828020048327744
1790423657.2666762,2.2941739880479872
1790423657.268053,1.3668180035892874
1790423657.2839813,91.74181899288669
1790423657.2858224,65.0162159872707
1790423657.2871366,65.10214699665084
1790423657.2886372,75.42838199879043
1790423657.2991602,79.58952098852023
1790423657.3080525,39.63243399630301
1790423657.3156264,36.12603497458622
1790423657.3160539,32.05582301598042
1790423657.3170855,29.935836006188765
1790423657.3217785,1311.8209250096697
1790423657.3331006,71.36549399001524
1790423657.335678,71.82004701462574
1790423657.3370266,68.96401799167506
1790423657.3378036,60.2298509911634
1790423657.3573298,58.15733701456338
1790423657.3724694,106.87736800173298
1790423657.3729854,1091.536827996606
1790423657.3784008,62.33360699843615
1790423657.3890479,67.2561060055159
1790423657.393397,1116.8089710117783
1790423657.4025407,1115.7398099894635
1790423657.4028087,118.17761400016025
1790423657.4096253,115.28927797917277
1790423657.4153168,79.62594201671891
1790423657.4162512,88.18455098662525
1790423657.4184275,132.59093501255848
1790423657.435417,1202.3593159974553
1790423657.4364147,124.83375499141403
1790423657.437817,65.33292701351456
1790423657.438362,109.01165500399657
1790423657.439634,61.220280011184514
1790423657.4409425,1059.1912780073471
1790423657.441484,1114.6196520130616
1790423657.442562,78.19420599844307
1790423657.4428296,105.79067299840972
1790423657.4432437,24.80500200181268
1790423657.4445808,1112.9288009833544
1790423657.4456499,7.819813006790355
1790423657.447999,7.047305000014603
1790423657.4486382,1157.1466989989858
1790423657.4487412,106.42087299493141
1790423657.4491818,6.340698018902913
1790423657.4502034,5.610322987195104
1790423657.451963,1.7484469863120466
1790423657.4525058,4.497525980696082
1790423657.4539204,1.4051000180188566
1790423657.4780574,105.0600089947693
1790423657.4836974,126.35462699108757
1790423657.4845374,1391.2854560185224
1790423657.4847007,1381.3300290203188
1790423657.4853005,96.24086701660417
1790423657.5008216,1278.2578770129476
1790423657.5015395,43.026606988860294
1790423657.5016937,120.19270501332358
1790423657.5102196,94.89073598524556
1790423657.5133462,71.85059299808927
1790423657.5140984,74.45296601508744
1790423657.5151966,1113.426680007251
1790423657.515767,1116.257254005177
1790423657.5162458,80.81568399211392
1790423657.5167394,1050.2312869939487
1790423657.517341,39.267568005016074
1790423657.5185237,1320.709164981963
1790423657.5190706,50.007699988782406
1790423657.5204785,35.16480099642649
1790423657.5280282,44.31959197972901
1790423657.533089,114.15940700680949
1790423657.5380874,42.220966977765784
1790423657.5394444,26.08461197814904
1790423657.5405376,24.282294005388394
1790423657.54212,26.912386005278677
1790423657.5442398,34.00933198281564
1790423657.5447,27.34661800786853
1790423657.545833,29.080219013849273
1790423657.5466857,42.01077198376879
1790423657.5487568,34.646903979592025
1790423657.5494068,9.948852006345987
1790423657.5501354,22.094938991358504
1790423657.5509872,32.44933599489741
1790423657.552947,37.155498983338475
1790423657.5535696,1082.4746219732333
1790423657.5547383,14.189470006385818
1790423657.5558164,4.814769024960697
1790423657.556419,12.168236018624157
1790423657.558094,12.248027021996677
1790423657.5593607,9.942175995092839
1790423657.5604126,6.831542996224016
1790423657.5608203,4.994201997760683
1790423657.5670679,22.356042987667024
1790423657.5778663,29.095234000124037
1790423657.5832064,25.10116100893356
1790423657.5847259,19.170994986779988
1790423657.5861366,25.71381500456482
1790423657.5865958,16.085536015452817
1790423657.587739,30.693772016093135
1790423657.587823,9.942683012923226
1790423657.6006052,58.47324998467229
1790423657.601156,59.632565011270344
1790423657.6023655,1062.0109979936387
1790423657.6027272,1067.6611479721032
1790423657.6042411,54.092759994091466
1790423657.6061714,51.423450000584126
1790423657.6066098,53.65384498145431
1790423657.607674,46.84373099007644
1790423657.6096752,1121.9980149762705
1790423657.610278,27.058056992245838
1790423657.6104977,25.761027995031327
1790423657.6106415,7.90263299131766
1790423657.6140494,6.365215987898409
1790423657.6151392,28.53404698544182
1790423657.6164658,10.284313990268856
1790423657.616792,10.172594018513337
1790423657.6179156,17.295008001383394
1790423657.6182942,37.0014310174156
1790423657.6189334,14.680865016998723
1790423657.6214643,10.813308006618172
1790423657.622078,11.570373986614868
1790423657.6226296,12.339692009845749
1790423657.6232927,13.605796993942931
1790423657.6240041,9.942100994521752
1790423657.6253588,10.209152998868376
1790423657.6261141,9.31296101771295
1790423657.6270618,8.119884005282074
1790423657.6277843,11.306239000987262
1790423657.6297772,11.850425013108179
1790423657.6313882,8.749326021643355
1790423657.63207,10.595602972898632
1790423657.6328928,8.877610001945868
1790423657.6332817,9.977520996471867
1790423657.6338232,11.735751002561301
1790423657.6471105,20.038538001244888
1790423657.6518526,1066.4478930120822
1790423657.653358,27.990303991828114
1790423657.6545534,34.7920130006969
1790423657.6546957,1051.506903982954
1790423657.6558464,26.05979301733896
1790423657.6575892,25.510055013000965
1790423657.6589642,11.842960986541584
1790423657.6597676,26.47522001643665
1790423657.6602674,1053.598716011038
1790423657.6613483,35.22544598672539
1790423657.661768,5.911248008487746
1790423657.6621828,8.812257001409307
1790423657.6651988,6.223356002010405
1790423657.6657724,5.493737000506371
1790423657.6667266,4.947671986883506
1790423657.667822,2.6131829945370555
1790423657.6686754,1.9370910013094544
1790423657.669948,1.2627870019059628
1790423657.6815803,48.67803998058662
1790423657.6825595,54.766058980021626
1790423657.6838253,52.42738101514988
1790423657.684785,50.949491997016594
1790423657.6859198,1125.8379469800275
1790423657.6863885,31.68151099816896
1790423657.68788,60.42901799082756
1790423657.6880863,25.892347999615595
1790423657.6894388,37.57226499146782
1790423657.690469,32.86970700719394
1790423657.6911967,31.41892101848498
1790423657.6919286,9.35669001773931
1790423657.6924918,10.89770600083284
1790423657.6933699,9.533482021652162
1790423657.6970303,7.580279983812943
1790423657.697578,12.781705998349935
1790423657.6982162,6.2757739797234535
1790423657.6985135,12.114404991734773
1790423657.7000296,8.822497999062762
1790423657.7012506,7.859122997615486
1790423657.7025077,14.410370000405237
1790423657.7036574,13.178413006244227
1790423657.7051468,7.558353012427688
1790423657.7175102,25.00542299821973
1790423657.7185814,21.53695802553557
1790423657.7187266,30.147490004310384
1790423657.7203119,20.26196097722277
1790423657.7218604,19.34267597971484
1790423657.7229578,24.732285004574805
1790423657.7242386,22.977346990955994
1790423657.7247005,26.17732499493286
1790423657.7259328,22.265720006544143
1790423657.7269325,31.158986006630585
1790423657.7274196,7.0943430182524025
1790423657.7279944,10.472149006091058
1790423657.7408676,35.71093300706707
1790423657.748367,25.399309990461916
1790423657.7525094,31.117623002501205
1790423657.7530825,28.371078020427376
1790423657.7549622,27.531939995242283
1790423657.7555537,14.674295001896098
1790423657.7568533,3.7587900005746633
1790423657.7581675,2.604077977593988
1790423657.769022,1070.562641019933
1790423657.772546,1092.7377250045538
1790423657.7738538,1102.2410159930587
1790423657.7739842,1123.316044016974
1790423657.7756786,69.91080101579428
1790423657.7768168,58.22204198921099
1790423657.7772732,55.40276400279254
1790423657.7778494,22.87506900029257
1790423657.7785265,9.491300996160135
1790423657.7791395,53.19432000396773
1790423657.781739,7.743476977339014
1790423657.7830985,5.814055009977892
1790423657.785784,27.605760988080874
1790423657.7866387,9.811092022573575
1790423657.7869482,14.387331990292296
1790423657.787398,33.09893200639635
1790423657.7875175,8.352284989086911
1790423657.7882679,9.73000901285559
1790423657.7884457,10.586335993139073
1790423657.788985,7.236975012347102
1790423657.7912354,8.125011983793229
1790423657.7926047,5.95281898858957
1790423657.7932122,4.733832000056282
1790423657.7935805,6.052982003893703
1790423657.7951977,3.9528640045318753
1790423657.7955592,2.336837991606444
1790423657.7967548,1.5478029963560402
1790423657.7981327,1.3672930072061718
1790423657.8071303,21.333869022782892
1790423657.8082337,26.924548001261428
1790423657.8098,20.804388012038544
1790423657.8194654,32.50559599837288
1790423657.8200576,1045.2982390124816
1790423657.8274915,24.86608101753518
1790423657.827761,20.617497997591272
1790423657.828221,18.409844022244215
1790423657.8289797,8.91085498733446
1790423657.8301215,1.8905650067608804
1790423657.8318338,1.7004450201056898
1790423657.8323767,1060.742809990188
1790423657.8328297,39.24041599384509
1790423657.834739,2.351067989366129
1790423657.8374991,1062.266624008771
1790423657.8469024,12.143333995481953
1790423657.8548822,46.30892601562664
1790423657.8566701,37.1910439862404
1790423657.8579814,28.99054400040768
1790423657.8584447,44.66103599406779
1790423657.8590784,31.30713599966839
1790423657.860554,27.71387799293734
1790423657.861258,29.4101299950853
1790423657.8620787,26.962839998304844
1790423657.8625064,7.610222004586831
1790423657.8650997,18.18369497777894
1790423657.8655057,6.417278025764972
1790423657.866343,9.659868985181674
1790423657.8669887,8.99556401418522
1790423657.8676934,6.426254025427625
1790423657.868387,5.869979009730741
1790423657.8690631,8.498487994074821
1790423657.8711414,2.7436939999461174
1790423657.8722796,5.280787008814514
1790423657.8726552,7.139938999898732
1790423657.874547,3.396764979697764
1790423657.8749642,2.2995299950707704
1790423657.8763642,1.3908350083511323
1790423657.8905637,24.21196599607356
1790423657.8915756,26.465811009984463
1790423657.893172,25.46996300225146
1790423657.8935802,24.505262990714982
1790423657.8942976,1289.2203429946676
1790423657.8957613,21.205194003414363
1790423657.8970335,32.92809901176952
1790423657.8973765,6.800691975513473
1790423657.8979902,21.617158985463902
1790423657.8991723,5.582410987699404
1790423657.8995624,7.976018008776009
1790423657.8999314,27.642686996841803
1790423657.9009337,7.749894983135164
1790423657.9025972,4.597514984197915
1790423657.903364,3.7923020136076957
1790423657.904315,8.543553005438298
1790423657.904758,3.8123900012578815
1790423657.9062362,2.862975001335144
1790423657.9073188,2.5507629907224327
1790423657.9079413,1.6918120090849698
1790423657.9090939,1.1424600088503212
1790423657.919915,25.607588002458215
1790423657.9220762,24.68669301015325
1790423657.9242756,25.0928970053792
1790423657.924703,24.762365996139124
1790423657.9251227,32.6993600174319
1790423657.9255385,21.214744017925113
1790423657.926484,20.886167010758072
1790423657.9269948,24.38722300576046
1790423657.9279976,8.07164897560142
1790423657.9299736,20.85556701058522
1790423657.93011,8.022652997169644
1790423657.9309587,4.465158999664709
1790423657.931387,6.674081989331171
1790423657.933112,5.105095013277605
1790423657.934894,4.773260006913915
1790423657.935422,4.025389003800228
1790423657.9439485,19.660868012579158
1790423657.9444394,18.891468993388116
1790423657.9544945,33.37190599995665
1790423657.9545743,27.568989025894552
1790423657.9553819,22.258876997511834
1790423657.9562824,25.31363899470307
1790423657.9573383,27.353437995770946
1790423657.9578714,22.4402470048517
1790423657.9595687,15.606947999913245
1790423657.9620583,27.154323004651815
1790423657.9626474,25.627775001339614
1790423657.9630947,18.644113006303087
1790423657.9644516,32.460321992402896
1790423657.964634,10.047374002169818
1790423657.967202,11.809309013187885
1790423657.9678998,10.550086008151993
1790423657.9700966,10.514569992665201
1790423657.9718082,9.149457997409627
1790423657.9817557,23.871618002885953
1790423657.9905133,25.868889992125332
1790423657.99455,26.63671999471262
1790423658.0086763,1077.4960769922473
1790423658.009311,1080.2365190174896
1790423658.0109978,1097.5248310132883
1790423658.0127046,56.41209697932936
1790423658.0133052,41.48567299125716
1790423658.014288,51.18143299478106
1790423658.0149152,52.842287987004966
1790423658.0156572,58.973396982764825
1790423658.0172014,49.98537097708322
1790423658.0256193,59.56641800003126
1790423658.026006,35.4772069840692
1790423658.0269616,17.6387719984632
1790423658.0274942,49.18515999452211
1790423658.029655,16.937798995058984
1790423658.0335917,22.579555021366104
1790423658.039589,25.28955999878235
1790423658.0442216,29.293108003912494
1790423661.1054034,45.288037013961
1790423661.1145961,41.416402003960684
1790423661.1159449,46.66335499496199
1790423661.1213074,31.73338100896217
1790423661.122087,42.4103080003988
1790423661.122258,39.31421000743285
1790423661.1239593,41.97355199721642
1790423661.1295967,49.286306981230155
1790423661.1351092,49.47586698108353
1790423661.1455247,49.95675099780783
1790423661.156427,61.85796298086643
1790423661.1621947,77.76209499570541
1790423661.162914,62.71041001309641
1790423661.1639404,1137.0676520164125
1790423661.1645496,52.05700299120508
1790423661.16925,54.637811990687624
1790423661.1705484,49.225433001993224
1790423661.1726909,1128.06464501773
1790423661.1778734,64.41543297842145
1790423661.1850896,1155.6830990011804
1790423661.1947656,70.79272501869127
1790423661.2001219,82.1408650081139
1790423661.2019436,79.67304097837768
1790423661.2032943,40.367381006944925
1790423661.2041166,77.5144340004772
1790423661.2049036,35.6388250074815
1790423661.205411,70.28901600278914
1790423661.210915,46.3498110184446
1790423661.2145083,43.94614900229499
1790423661.2154322,29.008001001784578
1790423661.2173567,75.38501897943206
1790423661.2183325,23.55491800699383
1790423661.2190084,41.12289199838415
1790423661.221035,15.612995019182563
1790423661.2219572,18.649854988325387
1790423661.2225273,8.007255994016305
1790423661.2272437,25.285581999924034
1790423661.2283664,23.45224897726439
1790423661.229068,31.836473994189873
1790423661.2301335,14.691096992464736
1790423661.2309449,20.018747018184513
1790423661.2397685,20.748937997268513
1790423661.252903,30.933707021176815
1790423661.263627,42.579094995744526
1790423661.2644298,44.566222990397364
1790423661.264605,37.3507929907646
1790423661.27345,57.4235399835743
1790423661.2739244,53.4487450204324
1790423661.274016,55.671399022685364
1790423661.2760458,53.50764200557023
1790423661.2767968,45.8413359883707
1790423661.2778575,49.47897500824183
1790423661.2823267,42.54593499354087
1790423661.286934,56.78858800092712
1790423661.3002775,47.35916398931295
1790423661.30144,23.567038995679468
1790423661.3020308,55.19759500748478
1790423661.3021996,26.139936002437025
1790423661.3148,1104.6481340017635
1790423661.3302739,82.18117299838923
1790423661.334221,99.3234749766998
1790423661.3445811,57.63401699368842
1790423661.3510933,1135.809622996021
1790423661.3512006,87.55506502347998
1790423661.3540027,77.19045397243463
1790423661.3549879,80.95813702675514
1790423661.3555222,1147.9914709925652
1790423661.3590913,76.75080400076695
1790423661.36321,61.754542984999716
1790423661.3639705,82.50851597404107
1790423661.3649042,49.6130830142647
1790423661.3652782,50.46548301470466
1790423661.365878,1057.137372001307
1790423661.3688467,1068.3662540104706
1790423661.3698573,1065.3346070030238
1790423661.3705797,1059.5058240287472
1790423661.371479,1064.9718759814277
1790423661.372438,21.223439020104706
1790423661.3726802,17.68176699988544
1790423661.3735662,10.342585010221228
1790423661.375738,9.845349006354809
1790423661.3772285,7.358747010584921
1790423661.3940473,22.554842988029122
1790423661.3965034,51.906471024267375
1790423661.40243,114.05185601324774
1790423661.4033287,30.638933996669948
1790423661.4047859,29.03537600650452
1790423661.407771,53.75315100536682
1790423661.4093726,35.91878301813267
1790423661.413738,54.634706990327686
1790423661.4314172,114.86251698806882
1790423661.4331543,44.96008297428489
1790423661.4353824,66.52254200889729
1790423661.4362297,70.93660297687165
1790423661.438674,49.01418098597787
1790423661.4392583,35.91617400525138
1790423661.439758,62.51650498597883
1790423661.440163,80.13873099116609
1790423661.4413886,33.60543597955257
1790423661.4424193,6.178259005537257
1790423661.4432588,10.091183998156339
1790423661.4452708,6.000886991387233
1790423661.4554226,61.83144199894741
1790423661.4560473,77.27909399545752
1790423661.4607515,19.350114016560838
1790423661.4646416,59.8441920010373
1790423661.4662657,1077.185356989503
1790423661.4696023,72.57705699885264
1790423661.4738288,38.43499399954453
1790423661.4743006,29.017771972576156
1790423661.4752455,16.78483799332753
1790423661.4762359,11.57846100977622
1790423661.4764614,21.02590599679388
1790423661.4771447,10.860587994102389
1790423661.4784176,17.650271009188145
1790423661.4793797,36.10885300440714
1790423661.4804168,14.643934991909191
1790423661.4817405,85.22680000169203
1790423661.4828236,44.13621898856945
1790423661.4843779,17.84835199941881
1790423661.4857621,43.89352598809637
1790423661.4871333,10.886282980209216
1790423661.4878771,13.564224995207042
1790423661.4893377,12.180114979855716
1790423661.4976773,15.924675011774525
1790423661.5007632,24.290864006616175
1790423661.5015686,33.3379419753328
1790423661.5022242,23.7914260069374
1790423661.50383,24.436492996755987
1790423661.50539,31.54710598755628
1790423661.50596,30.7033599819988
1790423661.5073786,26.95016999496147
1790423661.5097573,26.921507000224665
1790423661.5112708,1061.8965180183295
1790423661.5117571,24.612173991044983
1790423661.5128415,12.06398700014688
1790423661.5134995,29.09457200439647
1790423661.5160458,10.073289013234898
1790423661.5169315,34.76073598721996
1790423661.5183783,30.48604098148644
1790423661.5192063,21.514738007681444
1790423661.5197768,15.93241500086151
1790423661.521487,19.248466996941715
1790423661.5376272,27.858197019668296
1790423661.539583,27.81430000322871
1790423661.5417027,23.312637000344694
1790423661.5430427,32.470300007844344
1790423661.544786,39.38143601408228
1790423661.5453796,38.90146399498917
1790423661.5470083,39.61495100520551
1790423661.5493026,30.081125994911417
1790423661.5507586,39.47677000542171
1790423661.552152,39.29701101151295
1790423661.5528438,31.343952025054023
1790423661.5545788,38.51161900092848
1790423661.5558379,36.049937014468014
1790423661.5619125,35.473225987516344
1790423661.5757241,62.212671007728204
1790423661.581691,34.66897099860944
1790423661.5824769,37.67781300120987
1790423661.5836294,32.857729005627334
1790423661.5847397,55.73645399999805
1790423661.584845,31.98868699837476
1790423661.5865815,30.73262100224383
1790423661.5884264,1089.2052609997336
1790423661.5889223,1032.1200750186108
1790423661.5974963,1092.3361949971877
1790423661.60517,65.57144899852574
1790423661.6065426,57.22495401278138
1790423661.6078582,72.49974500155076
1790423661.6092327,1306.3938510022126
1790423661.6098568,55.26501600979827
1790423661.6105156,28.809247014578432
1790423661.61148,59.316070983186364
1790423661.6121275,60.493417986435816
1790423661.6133327,26.73799797776155
1790423661.614753,25.81841201754287
1790423661.6179197,33.0600349989254
1790423661.6187866,1101.6168069909327
1790423661.6193569,12.799032003385946
1790423661.61979,14.600435009924695
1790423661.6210146,37.37166299833916
1790423661.6214726,33.032709994586185
1790423661.621889,10.395414021331817
1790423661.622266,1114.3256619980093
1790423661.6228366,12.31072802329436
1790423661.6235447,14.299399015726522
1790423661.6239085,9.142378985416144
1790423661.6244411,26.925372978439555
1790423661.6258695,16.00013198913075
1790423661.6285448,9.177911008009687
1790423661.6300356,16.690037999069318
1790423661.6318765,9.976155997719616
1790423661.6327415,9.893470007227734
1790423661.6413102,20.285459992010146
1790423661.642166,16.28598998649977
1790423661.6490457,31.111652991967276
1790423661.6499317,30.131414998322725
1790423661.651544,29.267019010148942
1790423661.6532807,36.719478986924514
1790423661.6538782,1280.8129990007728
1790423661.654373,32.890934991883114
1790423661.655127,30.674868990899995
1790423661.6563206,32.40036198985763
1790423661.657266,27.21961701172404
1790423661.6585653,35.010983992833644
1790423661.6633744,36.5807980124373
1790423661.6739986,45.44087700196542
1790423661.6745784,41.82573899743147
1790423661.677898,35.72083098697476
1790423661.6827602,1040.6459140067454
1790423661.6833603,1039.5604509976692
1790423661.684015,28.87808598461561
1790423661.6844544,50.47145899152383
1790423661.6845865,30.6981340108905
1790423661.6850524,35.99541701260023
1790423661.6855416,31.15747999981977
1790423661.6866632,1059.7951250092592
1790423661.6872065,35.64910200657323
1790423661.6892455,58.76856099348515
1790423661.6893585,32.08286900189705
1790423661.691744,33.167963003506884
1790423661.692252,35.91879099258222
1790423661.6967244,22.132470010546967
1790423661.7352276,62.694978987565264
1790423661.735557,50.49451100057922
1790423661.736703,60.43363199569285
1790423661.7374244,53.398923977511004
1790423661.738104,60.19336899043992
1790423661.7386656,54.07025999738835
1790423661.7389393,52.265070989960805
1790423661.7397273,60.5365360097494
1790423661.739836,56.46238999906927
1790423661.7410324,73.93507001688704
1790423661.7412217,55.667959997663274
1790423661.741497,54.277382005238906
1790423661.7461834,54.42694399971515
1790423661.7469997,64.22415300039575
1790423661.7518134,59.55170700326562
1790423661.7531724,63.80504401749931
1790423661.753599,1029.7998769965488
1790423661.7609613,64.22130501596257
1790423661.7623117,24.87527599441819
1790423661.7633739,24.697248998563737
1790423661.7644024,24.556407006457448
1790423661.7648265,38.94966299412772
1790423661.7648969,17.885067005408928
1790423661.7651873,23.677165008848533
1790423661.7734096,1325.576417002594
1790423661.7736533,20.46933799283579
1790423661.779243,1061.918188992422
1790423661.7864914,25.517764006508514
1790423661.7875843,28.11965497676283
1790423661.7881417,1066.3917880156077
1790423661.7898436,24.935894994996488
1790423661.791088,49.855609016958624
1790423661.792488,1290.8620230155066
1790423661.7930222,57.45288499747403
1790423661.793505,41.679165995446965
1790423661.7943168,15.0633699959144
1790423661.7947865,41.17655899608508
1790423661.7959728,22.306013997877017
1790423661.7971146,64.77339498815127
1790423661.7976074,34.22402299474925
1790423661.7998605,11.704297008691356
1790423661.8002758,6.7604450159706175
1790423661.800738,1290.8413090044633
1790423661.8012638,14.759081997908652
1790423661.8025773,11.478488013381138
1790423661.8033187,8.522440999513492
1790423661.805364,15.508889016928151
1790423661.80607,10.085592017276213
1790423661.8067029,12.376735016005114
1790423661.8070805,14.047781005501747
1790423661.8078032,10.186542989686131
1790423661.8097115,9.839648992056027
1790423661.8114374,10.689443995943293
1790423661.8120327,10.759467986645177
1790423661.8130746,1087.1421659830958
1790423661.813587,10.996267985319719
1790423661.814208,21.70984700205736
1790423661.816493,11.118744994746521
1790423661.817071,9.257240017177537
1790423661.8203602,8.911319979233667
1790423661.8212967,8.212799002649263
1790423661.8220546,21.76932300790213
1790423661.8227093,8.490816981066018
1790423661.8232942,16.579783987253904
1790423661.8245559,1040.54384099436
1790423661.8253186,8.23715899605304
1790423661.8286083,7.301463017938659
1790423661.8294282,6.706804007990286
1790423661.8299906,5.422762013040483
1790423661.8316417,1.6393219993915409
1790423661.8320518,3.4318160032853484
1790423661.8335202,1.4574030064977705
1790423661.8355455,1030.395164998481
1790423661.8356814,1031.3362189917825
1790423661.836951,1056.7339020199142
1790423661.8380203,34.690240980125964
1790423661.8390057,31.913081009406596
1790423661.8401566,34.07713599153794
1790423661.8415928,31.867216021055356
1790423661.8422718,25.766890990780666
1790423661.8433702,6.40683199162595
1790423661.8443449,8.6512669804506
1790423661.8459682,5.801738006994128
1790423661.8472762,8.258685003966093
1790423661.8482354,10.203031008131802
1790423661.8487163,7.113623985787854
1790423661.8497536,7.470690994523466
1790423661.8511653,7.782560976920649
1790423661.8521252,7.770120981149375
1790423661.8527074,4.459328018128872
1790423661.853294,7.315437018405646
1790423661.8566484,4.51300700660795
1790423661.8573523,7.588826003484428
1790423661.8579178,4.612213000655174
1790423661.8718004,24.511601019185036
1790423661.8739808,28.790841985028237
1790423661.874956,26.228247006656602
1790423661.8758342,18.472144001862034
1790423661.8764741,19.815543986624107
1790423661.8773308,19.401224999455735
1790423661.8778076,25.09054497932084
1790423661.878546,27.369902993086725
1790423661.8805645,5.598927004029974
1790423661.881601,5.115542997373268
1790423661.8830614,5.243236984824762
1790423661.8837328,3.158596984576434
1790423661.8846822,1.611223997315392
1790423661.8860586,1.367718999972567
1790423661.9015503,46.21250199852511
1790423661.9049141,1289.5737460057717
1790423661.9068522,1278.5739009850658
1790423661.9071577,35.345654003322124
1790423661.9096856,1286.6400170023553
1790423661.9110851,1298.689961025957
1790423661.912347,1335.889099020278
1790423661.9136384,8.709262998308986
1790423661.9140975,38.24445101781748
1790423661.9145586,1070.3135700023267
1790423661.9151988,1061.089249997167
1790423661.915939,30.62127498560585
1790423661.9160683,8.897427993360907
1790423661.918205,8.493922010529786
1790423661.9195368,7.179403997724876
1790423661.9202757,6.16764000733383
1790423661.9207482,5.540287005715072
1790423661.9224653,4.248832003213465
1790423661.9236734,3.387347998796031
1790423661.9248602,2.3809959820937365
1790423661.9371505,12.275839981157333
1790423661.9438753,30.222772009437904
1790423661.945184,34.08664697781205
1790423661.9462516,31.682102009654045
1790423661.9470086,30.928145977668464
1790423661.9520922,26.582709018839523
1790423661.9526365,6.371513998601586
1790423661.9527686,8.872178004821762
1790423661.9548965,2.247624011943117
1790423661.9566646,1.7586859758011997
1790423661.9614968,41.94638199987821
1790423661.962698,41.93900397513062
1790423661.9685192,31.35322200250812
1790423661.9690015,58.683284994913265
1790423661.9693758,38.09268298209645
1790423661.9699266,24.72784000565298
1790423661.9757347,28.713107982184738
1790423661.9875348,26.027018000604585
1790423661.9929461,24.414201005129144
1790423661.9935286,31.38686399324797
1790423661.9961333,39.45884000859223
1790423661.9973042,73.61980000860058
1790423661.9981592,45.379884977592155
1790423661.9991324,36.42402600962669
1790423661.9996297,42.29529300937429
1790423662.0070937,42.33196598943323
1790423662.0125997,42.65962899080478
1790423662.041631,57.06667501362972
1790423662.056117,68.5692880069837
1790423662.0564866,70.38128201384097
1790423662.0568035,79.73817299352959
1790423662.058301,62.15568500920199
1790423662.0593472,61.170147004304454
1790423662.0598826,47.27027300396003
1790423662.0650618,49.055490002501756
1790423662.0702772,77.31806900119409
1790423662.0798934,35.53697597817518
1790423662.080896,83.5782130016014
1790423662.0814693,103.06057898560539
1790423662.0821092,1056.0335920017678
1790423662.083376,63.42892799875699
1790423662.0838304,1046.0894469870254
1790423662.0852118,26.898498996160924
1790423662.0878987,28.004554013023153
1790423662.0884101,4.566766001516953
1790423662.088838,7.929162995424122
1790423662.0913363,3.4243859990965575
1790423662.0917683,2.919012011261657
1790423662.0930107,1.2321299873292446
1790423662.1082635,1295.4312119982205
1790423662.1089835,1257.4490630067885
1790423662.1093988,1260.8182659896556
1790423662.1109405,2.663604012923315
1790423662.1114159,2.0075530046597123
1790423662.11261,1.1839299986604601
1790423662.1192448,107.70677498658188
1790423662.119729,87.67963599530049
1790423662.1207342,61.37386101181619
1790423662.1212852,65.15199498971924
1790423662.1228588,52.56850700243376
1790423662.1250198,39.79499900015071
1790423662.1254752,37.053970008855686
1790423662.1258726,5.126745993038639
1790423662.1274776,6.1812000058125705
1790423662.1279945,1012.0366190094501
1790423662.1285973,19.60256398888305
1790423662.128968,46.846707991790026
1790423662.1299696,7.099115988239646
1790423662.1333926,7.509341987315565
1790423662.1344352,8.949482988100499
1790423662.1348953,7.405987998936325
1790423662.1354027,6.425889005186036
1790423662.135794,7.789655996020883
1790423662.1376734,12.643045978620648
1790423662.1397147,11.108248989330605
1790423662.1410463,1090.5191090132575
1790423662.141549,5.745434027630836
1790423662.1419706,11.989372986136004
1790423662.142745,7.840662001399323
1790423662.1435406,8.12833700911142
1790423662.1441777,10.771948989713565
1790423662.144576,1043.8119329919573
1790423662.1466463,12.19976699212566
1790423662.1500523,12.36675400286913
1790423662.1518703,7.680028007598594
1790423662.1527293,9.974002023227513
1790423662.1533725,11.812012002337724
1790423662.1547399,15.014921984402463
1790423662.1562126,9.550734015647322
1790423662.1603677,8.482280012685806
1790423662.1682825,27.225047000683844
1790423662.1707776,17.392734007444233
1790423662.1735013,31.52032202342525
1790423662.174218,41.639223985839635
1790423662.1764183,20.19169001141563
1790423662.179595,35.008995997486636
1790423662.1806955,37.14370902162045
1790423662.1821563,29.413687996566296
1790423662.1838443,26.137985987588763
1790423662.184299,29.547236015787348
1790423662.1849563,34.886159002780914
1790423662.1864743,43.332911998732015
1790423662.1866324,5.92668101307936
1790423662.1882284,27.850023994687945
1790423662.1887555,12.325983989285305
1790423662.1915476,31.95063999737613
1790423662.192191,7.2226490010507405
1790423662.1940541,10.188282001763582
1790423662.1949809,12.812853005016223
1790423662.195339,24.551144015276805
1790423662.196539,28.242537984624505
1790423662.1973906,40.54338700370863
1790423662.197471,23.959811980603263
1790423662.197859,13.549149996833876
1790423662.1983867,18.779710022499785
1790423662.1997724,13.128882012097165
1790423662.2007153,11.947443999815732
1790423662.2025423,1239.246904005995
1790423662.204378,9.387363999849185
1790423662.2049618,43.26091898838058
1790423662.2074394,10.888524993788451
1790423662.2092276,11.358434014255181
1790423662.2101626,10.378790990216658
1790423662.2109392,18.737063015578315
1790423662.2117944,9.24220000160858
1790423662.2207856,32.54483101773076
1790423662.222391,27.042194997193292
1790423662.2234266,31.868110003415495
1790423662.2250004,30.93434401671402
1790423662.226089,36.19439699104987
1790423662.2262616,28.780291992006823
1790423662.2264297,28.034289018251002
1790423662.229746,29.02066201204434
1790423662.2306657,1057.9608190164436
1790423662.2336805,1088.1416519987397
1790423662.2430844,29.819694987963885
1790423662.2514207,29.016696993494406
1790423662.2523384,1109.6162229951005
1790423662.2525427,27.53207500791177
1790423662.2586854,1111.8026940093841
1790423662.2593293,53.006129019195214
1790423662.2600882,58.23413500911556
1790423662.2605772,51.33912499877624
1790423662.2621605,51.21158200199716
1790423662.26443,43.63393899984658
1790423662.2690678,42.62824100442231
1790423662.2696621,38.98591999313794
1790423662.277859,54.41993899876252
1790423662.279898,28.465137002058327
1790423662.2810183,52.96606398769654
1790423662.281518,22.177382983500138
1790423662.2849283,29.62451902567409
1790423662.287147,53.451525018317625
1790423662.2883532,27.763651014538482
1790423662.3063571,44.881768990308046
1790423662.3076918,38.017796992789954
1790423662.3097289,45.28487898642197
1790423662.3105288,30.6204280059319
1790423662.3110428,48.30182300065644
1790423662.3119705,23.607053008163348
1790423662.312506,29.7580000187736
1790423662.3137681,65.04320100066252
1790423662.3144345,48.4467429923825
1790423662.3150165,1050.400592997903
1790423662.3154726,53.299356979550794
1790423662.3166578,8.951962983701378
1790423662.3179014,40.0298879831098
1790423662.318402,49.32338700746186
1790423662.3199854,38.45803102012724
1790423662.3214257,5.94303201069124
1790423662.3218741,11.335256014717743
1790423662.3224628,9.945122001226991
1790423662.3236706,5.760494997957721
1790423662.3243916,4.396013013320044
1790423662.3255546,3.671069978736341
1790423662.326542,2.8618560172617435
1790423662.3271751,1.6109140124171972
1790423662.3283908,1.2058080174028873
1790423662.343181,36.80896299192682
1790423662.3458858,36.14593800739385
1790423662.3464108,29.74119398277253
1790423662.347357,35.37575897644274
1790423662.3474522,32.4254659935832
1790423662.3490088,30.596813012380153
1790423662.3583295,29.47416200186126
1790423662.3662727,23.064884007908404
1790423662.3683226,20.86002702708356
1790423662.3685765,22.152179008116946
1790423662.3693702,28.80027997889556
1790423662.370381,4.093533003469929
1790423662.3710866,2.497150009730831
1790423662.3725004,1.4016759814694524
1790423662.3737636,27.86692400695756
1790423662.3742435,32.186622003791854
1790423662.3753018,1.5270729782059789
1790423662.3789017,31.533902016235515
1790423662.393062,1092.772404983407
1790423662.39704,48.01890900125727
1790423662.399438,29.044994997093454
1790423662.3997495,1097.5360079901293
1790423662.4005008,32.16671702102758
1790423662.4011786,1068.6594399739988
1790423662.401738,29.223573015769944
1790423662.4052603,26.34745099931024
1790423662.406888,1077.3046840040479
1790423662.4071045,10.053598001832142
1790423662.4198475,44.53549601021223
1790423662.424159,32.016598008340225
1790423662.428136,35.062122013187036
1790423662.4302356,30.782296002143994
1790423662.4313302,1105.1009059883654
1790423662.4316227,31.10846402705647
1790423662.4327247,12.863513984484598
1790423662.4343212,34.55771002336405
1790423662.4352531,28.135911998106167
1790423662.4359348,34.186728997156024
1790423662.4365602,31.285195000236854
1790423662.4371343,33.9466680015903
1790423662.4375885,7.342761004110798
1790423662.438778,10.627051000483334
1790423662.4411132,5.1675220020115376
1790423662.4416726,7.34068697784096
1790423662.4421294,9.391574014443904
1790423662.4426064,10.972190008033067
1790423662.4442332,6.634374993154779
1790423662.4458086,3.670146979857236
1790423662.4459836,4.858364991378039
1790423662.447303,3.0577269790228456
1790423662.4581385,19.338929996592924
1790423662.4684749,33.20982397417538
1790423662.4698606,28.178503009257838
1790423662.471664,35.092873993562534
1790423662.4740877,31.471561000216752
1790423662.4763312,1062.5787870085333
1790423662.477372,1037.6040610135533
1790423662.478125,30.807767994701862
1790423662.4787152,1036.2818979774602
1790423662.4791915,33.370185003150254
1790423662.4806786,42.53777701524086
1790423662.4863567,35.49149798345752
1790423662.4880095,1115.561754006194
1790423662.4935057,1099.447082990082
1790423662.5011826,32.69012802047655
1790423662.5024211,42.85106100724079
1790423662.5025146,30.835189012577757
1790423662.5040414,24.839434016030282
1790423662.5050256,28.68278798996471
1790423662.5056598,27.521693002199754
1790423662.5063329,12.815894006052986
1790423662.5077996,5.272162001347169
1790423662.5092795,4.240823007421568
1790423662.5112364,4.891813005087897
1790423662.5125482,3.256215975852683
1790423662.513791,1.2322409893386066
1790423662.5154362,1141.8601179902907
1790423662.5210955,1150.5049490078818
1790423662.5216734,1144.349398004124
1790423662.5266666,56.791817012708634
1790423662.5273347,75.96722000744194
1790423662.5276961,1147.56885098177
1790423662.5278385,81.84284702292643
1790423662.5296814,28.484814014518633
1790423662.5323274,58.224728010827675
1790423662.5328972,28.84495200123638
1790423662.5339205,12.812426983145997
1790423662.5340545,75.90191398048773
1790423662.5358064,30.135434994008392
1790423662.5364301,59.04649800504558
1790423662.5401666,24.72010100609623
1790423662.545118,30.797287996392697
1790423662.5609412,28.598906006664038
1790423662.5611012,33.25050399871543
1790423662.5641654,23.984905012184754
1790423662.5647197,30.788360018050298
1790423662.565325,36.10834799474105
1790423662.56553,29.713335999986157
1790423662.567072,56.495323980925605
1790423662.5674608,6.344348017591983
1790423662.5676982,52.349550009239465
1790423662.5698423,1079.3323620164301
1790423662.570146,5.414857994765043
1790423662.5717041,4.22979801078327
1790423662.572204,1082.8551340091508
1790423662.572421,42.727784981252626
1790423662.574072,47.39039301057346
1790423662.5749757,14.017509005498141
1790423662.5774827,5.050850013503805
1790423662.578722,6.506039993837476
1790423662.5792093,5.124757008161396
1790423662.5797884,9.629420994315296
1790423662.5799677,8.253499981947243
1790423662.5811477,6.161556026199833
1790423662.5850835,7.588810985907912
1790423662.6001706,29.26762099377811
1790423662.6005359,20.736409001983702
1790423662.6012373,22.503734013298526
1790423662.606922,27.70183398388326
1790423662.6084683,28.49097701255232
1790423662.6120598,26.961502997437492
1790423662.6142042,32.42541098734364
1790423662.6143506,13.10238498263061
1790423662.616199,15.648603992303833
1790423662.6168625,8.381342981010675
1790423662.6184168,4.052823991514742
1790423662.6210515,39.892237982712686
1790423662.6220813,1060.1473440183327
1790423662.6251335,45.757423009490594
1790423662.6260064,9.13000397849828
1790423662.6265552,1050.8151660033036
1790423662.628407,21.47386097931303
1790423662.636551,10.532643005717546
1790423662.6523652,31.29168800660409
1790423662.6538222,31.882201990811154
1790423662.6540523,25.632848992245272
1790423662.6548932,2.5131859874818474
1790423662.6561499,1.2449859932530671
1790423662.6615992,53.93369201919995
1790423662.66715,1124.8509750002995
1790423662.6697073,57.635000004665926
1790423662.670911,61.923130007926375
1790423662.6716354,39.487928996095434
1790423662.6720488,1089.558837004006
1790423662.6722498,1134.6101139788516
1790423662.6743937,1132.6799580128863
1790423662.6751716,38.60919599537738
1790423662.6758642,6.1441410216502845
1790423662.6763382,57.90580200846307
1790423662.6767333,22.669016994768754
1790423662.6782498,6.190758023876697
1790423662.6801705,7.910037005785853
1790423662.680799,6.394372001523152
1790423662.6820984,6.2212579941842705
1790423662.6829727,7.7903470082674176
1790423662.68371,7.361268013482913
1790423662.684152,7.407845987472683
1790423662.6858149,5.632854008581489
1790423662.687612,4.629522009054199
1790423662.6887572,6.648440001299605
1790423662.6897416,11.481477995403111
1790423662.6906433,9.833672986133024
1790423662.6916037,1017.5907159864437
1790423662.6932683,1043.3232619834598
1790423662.6943722,8.54762300150469
1790423662.6948287,6.061738997232169
1790423662.6962233,12.500776996603236
1790423662.7020578,11.402421980164945
1790423662.717146,1075.8212810033
1790423662.720782,30.690992978634313
1790423662.7269669,32.12709800573066
1790423662.732146,38.86631497880444
1790423662.7372432,1105.3527310141362
1790423662.7389593,1102.175348001765
1790423662.7401495,55.98769200150855
1790423662.7408516,53.7971539888531
1790423662.7450752,57.44984798366204
1790423662.7489066,46.8363449908793
1790423662.7498655,1085.0998370151501
1790423662.7542083,40.27952201431617
1790423662.7542994,27.320332010276616
1790423662.75549,63.87419599923305
1790423662.7592711,22.010362008586526
1790423662.7621753,72.42383001721464
1790423662.7652807,20.189326984109357
1790423662.7734933,58.74604600830935
1790423662.773964,56.80578399915248
1790423662.7744207,42.260557995177805
1790423662.7772138,48.32671702024527
1790423662.7838073,29.49396800249815
1790423662.785652,20.35712997894734
1790423662.7868047,47.83153400057927
1790423662.7871869,12.756170995999128
1790423662.7877674,28.48565799649805
1790423662.7892013,3.5358799796085805
1790423662.7898695,49.705442012054846
1790423662.7907255,2.946670982055366
1790423662.7919273,2.04642498283647
1790423662.793786,1.8447650072630495
1790423662.7999225,38.94327598391101
1790423662.8007772,51.85576999792829
1790423662.8016467,55.99127701134421
1790423662.8020668,46.56374000478536
1790423662.8026805,40.49191399826668
1790423662.8056858,1067.5684789894149
1790423662.8062727,5.484463996253908
1790423662.806837,17.624034982873127
1790423662.808074,24.253037991002202
1790423662.8085306,5.837361997691914
1790423662.80934,1044.1412210057024
1790423662.8099582,7.880908990046009
1790423662.8122346,6.537197012221441
1790423662.8128133,38.84007001761347
1790423662.8132327,6.385782995494083
1790423662.815722,7.180626009358093
1790423662.8161373,6.169431988382712
1790423662.8166413,10.299375979229808
1790423662.8180957,5.271846981486306
1790423662.8193784,2.7283070085104555
1790423662.8198695,4.138235002756119
1790423662.8213067,1.918777998071164
1790423662.8225763,1.2603150098584592
1790423662.8361428,23.897539009340107
1790423662.8405132,31.16115598822944
1790423662.841919,28.67633500136435
1790423662.842916,24.808517016936094
1790423662.8435133,27.366799011360854
1790423662.844256,36.171134997857735
1790423662.8448336,24.95332300895825
1790423662.8522604,26.927316997898743
1790423662.8530207,16.86419697944075
1790423662.8545747,11.050380999222398
1790423662.855327,10.479251999640837
1790423662.8554468,13.516503007849678
1790423662.8572352,2.6457069907337427
1790423662.8581645,2.7054410020355135
1790423662.8594801,1.3013869756832719
1790423662.8602412,48.956845013890415
1790423662.8673801,44.79122499469668
1790423662.869192,26.265112013788894
1790423662.8713572,1298.529778025113
1790423662.871956,27.68786301021464
1790423662.8723586,4.961960017681122
1790423662.8728073,32.27994201006368
1790423662.8732212,1041.5690890222322
1790423662.873697,1040.1644420053344
1790423662.8749363,1051.6329039819539
1790423662.8754008,1045.9621420013718
1790423662.8770134,7.8067480062600225
1790423662.879501,4.090486996574327
1790423662.8804598,7.643022981937975
1790423662.8811922,7.961221999721602
1790423662.8816357,9.669377002865076
1790423662.88203,8.321595989400521
1790423662.8831365,8.190318010747433
1790423662.8838704,11.50133300689049
1790423662.8843665,7.342194992816076
1790423662.8871114,6.640439009061083
1790423662.8888063,7.160324021242559
1790423662.8893867,7.346109981881455
1790423662.8901563,10.643563000485301
1790423662.8910973,9.893391019431874
1790423662.8922122,8.332199999131262
1790423662.8925471,9.399583999766037
1790423662.8930342,5.909980012802407
1790423662.8956347,6.236398010514677
1790423662.8970952,12.718587997369468
1790423662.8976595,7.492113014450297
1790423662.8985398,9.721965994685888
1790423662.8998494,7.626403996255249
1790423662.9003825,9.27502301055938
1790423662.9026906,10.129722999408841
1790423662.9035668,7.922213990241289
1790423662.9050996,7.4284990259911865
1790423662.9060998,13.052655005594715
1790423662.9066005,8.050962002016604
1790423662.9078748,10.768821026431397
1790423662.9101539,6.57577597303316
1790423662.9107435,10.882410017075017
1790423662.912273,11.879608005983755
1790423662.9132624,10.557476984104142
1790423662.9138362,7.224958011647686
1790423662.9166415,8.755012007895857
1790423662.9172547,7.0894449891056865
1790423662.9182177,12.107444985304028
1790423662.918758,4.910696006845683
1790423662.9193065,33.86868801317178
1790423662.9207172,9.962082986021414
1790423662.921407,16.296323999995366
1790423662.9222722,9.985590993892401
1790423662.9239337,5.165116977877915
1790423662.9247537,7.4886190122924745
1790423662.925532,4.113161005079746
1790423662.927403,3.4576969919726253
1790423662.92897,3.4269249881617725
1790423662.9425623,29.287215002113953
1790423662.9439685,27.315588988130912
1790423662.9448888,26.661020994652063
1790423662.9468288,35.30984901590273
1790423662.9476109,26.88203300931491
1790423662.9489186,26.635768997948617
1790423662.9496713,1068.0605179804843
1790423662.950358,7.781006017467007
1790423662.9525282,27.764355996623635
1790423662.954079,1076.7376800067723
1790423662.9550385,10.139335005078465
1790423662.9566936,30.463665985735133
1790423662.9568121,9.19037198764272
1790423662.9572399,6.871747988043353
1790423662.9585578,29.576642002211884
1790423662.9605763,11.647366016404703
1790423662.9615088,11.827759008156136
1790423662.9620035,18.023393000476062
1790423662.9628305,6.0096200031694025
1790423662.9636247,9.53400501748547
1790423662.9644585,7.205611007520929
1790423662.965665,13.125894998665899
1790423662.9667995,11.750399018637836
1790423662.9689822,7.4627280118875206
1790423662.9695363,10.96591301029548
1790423662.9703908,7.5499720114748925
1790423662.9718387,11.251660995185375
1790423662.9728842,8.414137992076576
1790423662.9748855,8.073941979091614
1790423662.9753478,13.333545008208603
1790423662.9757612,12.126151996199042
1790423662.9766533,10.97670997842215
1790423662.9784303,8.881793997716159
1790423662.9793403,8.93730198731646
1790423662.9797442,7.896030991105363
1790423662.981054,8.157573000062257
1790423662.9820886,13.09411900001578
1790423662.9830108,7.652158004930243
1790423662.983785,8.886955998605117
1790423662.984715,8.9433969988022
1790423662.9880478,6.982816994423047
1790423662.9891212,9.3667279870715
1790423662.9896467,12.98273101565428
1790423662.9903061,11.863651016028598
1790423662.991148,11.79710600990802
1790423662.9923592,40.45128301368095
1790423662.9927094,9.687626006780192
1790423662.993992,11.893451010109857
1790423662.9943483,9.62339699617587
1790423662.994951,5.294609989505261
1790423662.9976633,4.9438439891673625
1790423662.9982011,7.870535016991198
1790423662.9985757,14.781295001739636
1790423662.9992766,11.218019004445523
1790423662.9997997,8.641886990517378
1790423663.0011342,12.001422990579158
1790423663.0039988,9.637593000661582
1790423663.0045445,6.869685981655493
1790423663.0054774,5.664902011631057
1790423663.0199406,25.935473997378722
1790423663.0215013,23.290270997677
1790423663.02345,28.487953008152544
1790423663.024344,32.79372799443081
1790423663.0247319,25.44517198111862
1790423663.0257783,5.825681990245357
1790423663.026243,25.096164987189695
1790423663.0269265,22.371453000232577
1790423663.02807,4.6095029974821955
1790423663.03018,31.594019994372502
1790423663.030747,3.8095919881016016
1790423663.03115,27.13684900663793
1790423663.033574,7.78370100306347
1790423663.0341961,32.601783022983
1790423663.0344956,1035.3534470195882
1790423663.0357049,1059.9577100074384
1790423663.0365212,11.778365005739033
1790423663.0373635,9.283276012865826
1790423663.038844,33.355883992044255
1790423663.0410569,34.35830000671558
1790423663.0416985,15.444420976564288
1790423663.042129,20.615629007807
1790423663.0429144,11.75201399018988
1790423663.043919,13.163583993446082
1790423663.044547,8.01587401656434
1790423663.0456135,12.025434989482164
1790423663.0470684,11.35145197622478
1790423663.0475965,10.221717006061226
1790423663.0489552,10.100268002133816
1790423663.0497534,15.249085990944877
1790423663.0515947,9.885348001262173
1790423663.052145,21.955322998110205
1790423663.0531561,10.23241298389621
1790423663.0535758,6.497224007034674
1790423663.0541427,9.586755011696368
1790423663.057369,8.400927996262908
1790423663.0577831,4.61757299490273
1790423663.0586393,7.032875990262255
1790423663.0596178,5.463538982439786
1790423663.0607228,2.9292069957591593
1790423663.0612938,1.664251001784578
1790423663.062578,1.2657929910346866
1790423663.0672698,25.129614979960024
1790423663.067393,23.46459199907258
1790423663.0688477,28.53603399125859
1790423663.0696652,24.041137978201732
1790423663.0704334,22.82579499296844
1790423663.0727234,15.34407798317261
1790423663.0731838,23.4202709980309
1790423663.0739024,1260.3063900023699
1790423663.074465,22.310134023427963
1790423663.0750828,21.496205998118967
1790423663.0775373,10.251664003590122
1790423663.0782108,10.804504010593519
1790423663.0787299,9.053266985574737
1790423663.0791438,5.944545002421364
1790423663.0812495,6.155918992590159
1790423663.0818834,7.9695880122017115
1790423663.0823493,11.902416998054832
1790423663.0829947,10.259921022225171
1790423663.0846622,10.184607992414385
1790423663.0854979,6.344439985696226
1790423663.08662,7.87829200271517
1790423663.0877078,9.484505018917844
1790423663.0885541,7.293333997949958
1790423663.089243,6.884759000968188
1790423663.0902207,8.328112016897649
1790423663.090867,13.316055992618203
1790423663.0923336,9.327327978098765
1790423663.092937,8.26496200170368
1790423663.0934489,7.941899995785207
1790423663.0941205,7.488529983675107
1790423663.095238,7.520856015617028
1790423663.0966394,5.762608983786777
1790423663.0970476,6.81593400076963
1790423663.0977273,8.475454000290483
1790423663.0982563,9.692260005977005
1790423663.1000066,7.059698982629925
1790423663.1017127,7.580306992167607
1790423663.1021016,5.450874014059082
1790423663.1033661,3.3415920042898506
1790423663.1049862,7.248573005199432
1790423663.1054585,3.3476869866717607
1790423663.1185482,26.20102500077337
1790423663.120469,25.22124900133349
1790423663.1205943,27.135106007335708
1790423663.121879,24.82093102298677
1790423663.1224813,1075.707770010922
1790423663.1239579,20.580682990839705
1790423663.124451,26.184917020145804
1790423663.1255932,20.12485999148339
1790423663.1273265,25.604010006645694
1790423663.128491,8.010263001779094
1790423663.131091,26.094830012880266
1790423663.131744,7.282023987499997
1790423663.1332316,30.57651498238556
1790423663.1340222,15.46269201207906
1790423663.1346347,14.027589000761509
1790423663.135164,11.195028986549005
1790423663.1359336,14.041370013728738
1790423663.1371505,11.544013017555699
1790423663.1382504,10.903607995714992
1790423663.1388605,7.756883016554639
1790423663.1396115,7.858242985093966
1790423663.1401124,11.608961009187624
1790423663.1423445,7.170422992203385
1790423663.1437137,7.768382987705991
1790423663.1453898,5.767447000835091
1790423663.1459599,7.697196007939056
1790423663.146499,11.854164011310786
1790423663.1483617,6.004466995364055
1790423663.1494105,4.007312993053347
1790423663.1504085,3.895831003319472
1790423663.1517642,2.3409639834426343
1790423663.1536007,1.8268809944856912
1790423663.158488,32.272141019348055
1790423663.1586084,21.44541998859495
1790423663.1602123,1.591726002516225
1790423663.1632595,23.136681003961712
1790423663.1637082,29.654378013219684
1790423663.1651475,1.8769220041576773
1790423663.1668816,1.7232259851880372
1790423663.1676812,1056.7299999820534
1790423663.1690166,36.32032900350168
1790423663.1693246,1.6305329918395728
1790423663.1705933,31.720476981718093
1790423663.1707501,27.0260930119548
1790423663.173554,23.133044014684856
1790423663.1741538,28.183136018924415
1790423663.174866,11.14568198681809
1790423663.1756558,22.044621990062296
1790423663.1765504,7.214211014797911
1790423663.1777027,6.941319996258244
1790423663.1785798,30.205686984118074
1790423663.1799371,1088.5897699918132
1790423663.1806986,1068.0795020016376
1790423663.1811838,5.517400975804776
1790423663.1822016,8.036903018364683
1790423663.1834447,3.496994002489373
1790423663.1839437,6.230816972674802
1790423663.1857543,3.5407450050115585
1790423663.186327,5.615822010440752
1790423663.187409,3.9508490008302033
1790423663.1882992,1.9581410160753876
1790423663.1890974,3.3294390013907105
1790423663.1900392,1.730793999740854
1790423663.1906312,1.5241159999277443
1790423663.1919498,1.3075539900455624
1790423663.1932714,1.3107570121064782
1790423663.204956,1111.935833003372
1790423663.2060993,32.53337799105793
1790423663.2062225,31.344746006652713
1790423663.2100062,1122.771134978393
1790423663.2104094,39.805031003197655
1790423663.2109118,34.35009601525962
1790423663.2113786,30.18476499710232
1790423663.211861,27.904917020350695
1790423663.2123332,24.913781002396718
1790423663.2127726,34.18284299550578
1790423663.213219,6.968934001633897
1790423663.2145875,8.474829024635255
1790423663.2150855,10.116424004081637
1790423663.217504,7.0846919843461365
1790423663.2189195,4.3198110070079565
1790423663.219573,8.185340004274622
1790423663.2209833,10.0621760066133
1790423663.2213528,8.57007599552162
1790423663.222042,9.699012996861711
1790423663.2225544,9.326191997388378
1790423663.2233238,11.45287198596634
1790423663.2246702,7.156728999689221
1790423663.2266116,11.51556198601611
1790423663.2292252,9.643291996326298
1790423663.229631,8.638074999907985
1790423663.230506,7.941430987557396
1790423663.2312627,12.332443991908804
1790423663.2319415,10.579715017229319
1790423663.2327468,10.69577198359184
1790423663.2332067,9.872704977169633
1790423663.2350261,5.7889390154741704
1790423663.2369585,3.7402170128189027
1790423663.2374253,6.150330998934805
1790423663.2387629,14.083171001402661
1790423663.2439866,14.343513001222163
1790423663.2539463,21.99504798045382
1790423663.256934,1030.6597660237458
1790423663.2576857,22.647838981356472
1790423663.2587755,19.999591982923448
1790423663.2594047,35.23435498937033
1790423663.2597198,1029.9633999820799
1790423663.2618654,36.65512701263651
1790423663.2620382,31.522386008873582
1790423663.2634318,36.806495976634324
1790423663.26489,32.132503984030336
1790423663.2657962,28.827241010731086
1790423663.2668536,22.8526369901374
1790423663.267859,30.421086004935205
1790423663.2688005,11.852166993776336
1790423663.2700958,12.396464007906616
1790423663.2708833,11.149427009513602
1790423663.2734606,1063.2879679906182
1790423663.2742498,1069.8581990145613
1790423663.2750125,39.46820998680778
1790423663.275782,13.733140018302947
1790423663.276228,10.421993996715173
1790423663.2780726,24.114775005728006
1790423663.2790973,1067.2914409951773
1790423663.279799,12.93271899339743
1790423663.2821307,1074.6795519953594
1790423663.2827308,19.28743699681945
1790423663.283639,10.164333012653515
1790423663.2846265,8.834779990138486
1790423663.2854369,17.567117989528924
1790423663.285994,9.75627699517645
1790423663.286774,15.879714977927506
1790423663.2874215,22.51842600526288
1790423663.28912,14.856055000564083
1790423663.2914867,11.677414004225284
1790423663.2919416,23.131495981942862
1790423663.293202,15.117906994419172
1790423663.2940104,10.360101994592696
1790423663.2945535,24.44501398713328
1790423663.295015,12.873744999524206
1790423663.2960691,9.283822000725195
1790423663.2971485,12.51211398630403
1790423663.2997348,3.6532139929477125
1790423663.3002117,8.714922005310655
1790423663.3013675,7.347067003138363
1790423663.3020742,1.8511689850129187
1790423663.3063626,20.359413989353925
1790423663.3078625,1.4881420065648854
1790423663.308781,29.67287998762913
1790423663.3108923,25.443285005167127
1790423663.31321,34.67758098850027
1790423663.3133376,30.593689007218927
1790423663.315963,28.529333998449147
1790423663.3174536,25.502078991848975
1790423663.318239,16.848052997374907
1790423663.3196547,22.494392993394285
1790423663.3208957,13.020094018429518
1790423663.3215992,8.246890007285401
1790423663.322662,11.753500992199406
1790423663.3237045,29.14044400677085
1790423663.3277693,34.55743598169647
1790423663.3284016,44.18839298887178
1790423663.3299038,8.994536998216063
1790423663.3304827,28.395916015142575
1790423663.3338437,25.04915400641039
1790423663.334392,16.141092986799777
1790423663.3351302,35.382494010264054
1790423663.3356128,19.63604800403118
1790423663.337156,1015.7205700234044
1790423663.3376102,1050.448811991373
1790423663.338003,42.97817198676057
1790423663.3381836,49.05337101081386
1790423663.3389308,21.464741992531344
1790423663.3392532,15.536108985543251
1790423663.3398266,1017.3544240242336
1790423663.3418243,11.905482999281958
1790423663.3434725,21.861154004000127
1790423663.3451214,25.441415986279026
1790423663.346161,23.48756798892282
1790423663.3534307,25.645371002610773
1790423663.35873,1034.3274690094404
1790423663.3600764,36.8892390106339
1790423663.360856,1108.3004600077402
1790423663.3616357,26.01185700041242
1790423663.3643868,30.527155991876498
1790423663.3648758,3.2258199935313314
1790423663.3655844,26.320411008782685
1790423663.3667896,28.775996004696935
1790423663.3676403,2.0443770044948906
1790423663.3798115,41.61371602094732
1790423663.3813155,1.4862020034343004
1790423663.38697,51.82940498343669
1790423663.3883088,55.890270974487066
1790423663.389491,58.99591199704446
1790423663.39053,48.693196004023775
1790423663.3923752,54.75632200250402
1790423663.3932426,32.37213200191036
1790423663.3936667,6.6853759926743805
1790423663.394457,48.284439981216565
1790423663.3949087,55.96498801605776
1790423663.3966625,59.49459900148213
1790423663.3975275,8.02357800421305
1790423663.3988812,78.44873899011873
1790423663.3992927,4.372797004180029
1790423663.4008505,7.584933977341279
1790423663.4021447,2.841543988324702
1790423663.404146,64.3073370156344
1790423663.4047027,59.56875698757358
1790423663.4054766,74.29204197251238
1790423663.4064264,42.02559500117786
1790423663.4070785,48.333579004975036
1790423663.4097667,51.92740197526291
1790423663.4104245,19.872839009622112
1790423663.4109616,76.55765800154768
1790423663.411725,18.046628014417365
1790423663.4124827,31.155642005614936
1790423663.4132664,20.879577001323923
1790423663.4140985,47.29714497807436
1790423663.4146829,13.821828993968666
1790423663.4151573,18.48177399369888
1790423663.4184606,3.7658190121874213
1790423663.4194095,14.695164019940421
1790423663.4203265,7.829735986888409
1790423663.4211721,10.734359995694831
1790423663.423197,3.7761970015708357
1790423663.4239426,29.47452198714018
1790423663.4251573,37.418218998936936
1790423663.4255059,27.966188004938886
1790423663.4264312,24.274706025607884
1790423663.4277651,4.556932020932436
1790423663.4283962,1.9527640251908451
1790423663.4305277,26.370314008090645
1790423663.4311516,24.061340984189883
1790423663.4321613,32.434191001811996
1790423663.4332647,19.15226099663414
1790423663.43369,3.1510110129602253
1790423663.435862,29.422120976960286
1790423663.4386344,26.896458002738655
1790423663.4403515,29.378331993939355
1790423663.4433007,9.599883982446045
1790423663.4478862,34.605638997163624
1790423663.454974,21.69810200575739
1790423663.4556313,1127.2305189922918
1790423663.4638305,23.46731099532917
1790423663.4655006,26.854044990614057
1790423663.4694793,41.70269600581378
1790423663.4728565,41.694400017149746
1790423663.4742787,39.1405480040703
1790423663.474424,50.46853798558004
1790423663.4758966,41.437607986154035
1790423663.4761672,6.673685013083741
1790423663.476693,21.70355198904872
1790423663.477962,22.31861199834384
1790423663.4884987,40.58936799992807
1790423663.4892802,46.7171520285774
1790423663.4900274,26.18509199237451
1790423663.4926655,19.795725005678833
1790423663.4931664,33.789405977586284
1790423663.4932437,27.731765003409237
1790423663.4942832,17.578475992195308
1790423663.4948146,16.84044598368928
1790423663.4954793,21.04157200665213
1790423663.4972038,7.162468013120815
1790423663.4994318,5.1376599876675755
1790423663.5004177,7.740246976027265
1790423663.5013394,6.513903004815802
1790423663.505931,29.752110014669597
1790423663.5069747,1028.2448760117404
1790423663.5081058,19.594785990193486
1790423663.5087495,31.339219014625996
1790423663.5101311,16.87630600645207
1790423663.5110977,15.606856992235407
1790423663.51234,5.353808985091746
1790423663.5128298,12.400524981785566
1790423663.5139391,2.8286839951761067
1790423663.515135,1.1840919905807823
1790423663.526464,25.112445990089327
1790423663.5270395,29.822181997587904
1790423663.5289454,20.826521009439602
1790423663.529798,17.445109988329932
1790423663.530948,15.800655004568398
1790423663.5316865,4.632358002709225
1790423663.5324516,35.842243989463896
1790423663.534499,28.555464989040047
1790423663.5364535,37.008842977229506
1790423663.537023,35.81251599825919
1790423663.5375774,8.61826998880133
1790423663.5388765,28.730799007462338
1790423663.5399027,13.42259900411591
1790423663.5408242,27.982033003354445
1790423663.5438137,12.85226401523687
1790423663.5443826,9.868877998087555
1790423663.5448833,15.073357004439458
1790423663.5454214,7.832354982383549
1790423663.5469303,15.230681980028749
1790423663.5477893,6.952016003197059
1790423663.5499392,11.047940992284566
1790423663.5516481,7.820211991202086
1790423663.553306,7.873460999689996
1790423663.5549514,4.998353018891066
1790423663.5656018,29.13243300281465
1790423663.567844,23.448619002010673
1790423663.5693176,29.400061001069844
1790423663.5698433,14.880711998557672
1790423663.5712643,26.37022698763758
1790423663.573123,26.181430992437527
1790423663.5735807,1059.7779230156448
1790423663.5745785,41.15565400570631
1790423663.5746734,1063.428040011786
1790423663.5755372,23.87755099334754
1790423663.5780416,1070.2290750050452
1790423663.57862,1090.598674985813
1790423663.580049,32.24728399072774
1790423663.5844362,33.68042298825458
1790423663.5851743,15.843050990952179
1790423663.5870566,13.91892900574021
1790423663.5878258,12.278116017114371
1790423663.5891821,23.5616379941348
1790423663.5893934,9.332034009275958
1790423663.591516,3.6753879976458848
1790423663.592948,1.4200280129443854
1790423663.594125,40.808623016346246
1790423663.601056,31.196805997751653
1790423663.602143,28.5504299972672
1790423663.6026778,1089.5497470046394
1790423663.603286,2.216697990661487
1790423663.609025,63.093675998970866
1790423663.609409,1075.3414180071559
1790423663.610646,42.78547698049806
1790423663.6119916,2.5716910022310913
1790423663.6124804,1048.3011180185713
1790423663.6134338,1080.524877004791
1790423663.6145432,2.049974020337686
1790423663.6175733,1076.7965060076676
1790423663.6180828,40.0287410011515
1790423663.6271708,41.9828100129962
1790423663.627755,46.42150001018308
1790423663.6284935,35.532478999812156
1790423663.6290317,39.83500300091691
1790423663.6308293,28.67450099438429
1790423663.6315026,18.058482004562393
1790423663.6322865,21.626854984788224
1790423663.634116,6.932757009053603
1790423663.6347554,60.06921999505721
1790423663.636992,6.1512009997386485
1790423663.6374514,3.321174008306116
1790423663.6392264,1.7629140056669712
1790423663.6416214,29.6179220022168
1790423663.6423273,55.25584099814296
1790423663.6452615,30.706535995705053
1790423663.6472921,18.787353008519858
1790423663.6488335,17.319721984677017
1790423663.6496918,1113.2514589990024
1790423663.6502087,1323.657896980876
1790423663.6529505,44.63449300965294
1790423663.6535938,24.547414999688044
1790423663.6538525,14.614843006711453
1790423663.6546228,19.852996978443116
1790423663.65613,38.03428800893016
1790423663.6568382,39.88226701039821
1790423663.6570067,11.733019986422732
1790423663.6658304,16.127503011375666
1790423663.680119,1114.5779340004083
1790423663.681085,44.07934099435806
1790423663.6823874,40.75219499645755
1790423663.694016,43.79530099686235
1790423663.6951516,55.30567900859751
1790423663.6962683,42.402512015542015
1790423663.7023995,45.37961701862514
1790423663.7032244,59.3736809969414
1790423663.704096,49.461040005553514
1790423663.7052763,59.56183699890971
1790423663.705805,39.960032008821145
1790423663.7066212,57.77372300508432
1790423663.7087317,55.12561998330057
1790423663.7093832,28.281998995225877
1790423663.7110875,33.48053400986828
1790423663.7118278,29.424776002997532
1790423663.7127106,16.392083023674786
1790423663.7131245,7.3090750083792955
1790423663.7153242,5.930354003794491
1790423663.717561,15.149217011639848
1790423663.7180424,39.78842799551785
1790423663.7181225,85.821140994085
1790423663.7186213,71.31372101139277
1790423663.7190485,12.414337979862466
1790423663.7205794,5.244576983386651
1790423663.7211282,9.2893980036024
1790423663.722571,9.434628009330481
1790423663.7240334,5.402833980042487
1790423663.7243984,3.8077379867900163
1790423663.7256908,7.557185977930203
1790423663.7278452,3.4359889978077263
1790423663.728252,7.11221102392301
1790423663.7286549,4.610673000570387
1790423663.729161,1032.926479994785
1790423663.7318227,2.652558992849663
1790423663.7325816,4.727631021523848
1790423663.7329624,4.701091995229945
1790423663.7341251,2.2913629945833236
1790423663.734683,1.7110849730670452
1790423663.7356315,1.4968469913583249
1790423663.7466223,1.8379339890088886
1790423663.7470398,1124.9412999895867
1790423663.7475188,1120.952587982174
1790423663.7490394,1.5099220036063343
1790423663.7529812,1058.5993429995142
1790423663.7539086,1116.6375470056664
1790423663.7543063,1.3124080142006278
1790423663.754708,98.55992600205354
1790423663.7565532,114.21174398856238
1790423663.7577217,53.61169500974938
1790423663.7598507,47.12998901959509
1790423663.7606237,84.03418399393559
1790423663.7606945,51.94827899686061
1790423663.7611666,26.474365004105493
1790423663.7621074,26.467026997124776
1790423663.7626243,45.05220698774792
1790423663.764114,35.44977502315305
1790423663.7650456,45.98711198195815
1790423663.7655754,11.259039980359375
1790423663.7660859,16.58943999791518
1790423663.7671251,31.039488007081673
1790423663.7682946,11.727604985935614
1790423663.76876,14.032383012818173
1790423663.7699387,12.206272018374875
1790423663.7722068,10.088413982884958
1790423663.7729883,25.938910024706274
1790423663.7748978,13.720774004468694
1790423663.7752955,15.433722001034766
1790423663.7756603,10.075192985823378
1790423663.7765484,13.91168701229617
1790423663.7772768,11.181084992131218
1790423663.7780063,17.30012401822023
1790423663.780474,15.414489986142144
1790423663.7814631,17.33837797655724
1790423663.7845285,15.28597399010323
1790423663.7850823,16.312046005623415
1790423663.7867234,18.858108000131324
1790423663.7872334,11.564328015083447
1790423663.7882931,10.274745000060648
1790423663.7903545,18.13591699465178
1790423663.7907932,15.48838199232705
1790423663.7914042,18.40598598937504
1790423663.7932851,15.996991016436368
1790423663.7944233,9.882129001198336
1790423663.7959607,26.010151981608942
1790423663.7965376,5.733725003665313
1790423663.797371,10.126945009687915
1790423663.800151,5.716837011277676
1790423663.8006525,3.270860994234681
1790423663.8049545,23.479624011088163
1790423663.8081653,1014.3672999984119
1790423663.8095703,4.5990409853402525
1790423663.811006,1020.2665860124398
1790423663.812736,36.17372998269275
1790423663.813754,33.266824000747874
1790423663.8144066,46.10162400058471
1790423663.8151941,44.901710003614426
1790423663.816052,24.63501101010479
1790423663.8163202,41.411865007830784
1790423663.8187494,33.6546860053204
1790423663.819495,23.52127301855944
1790423663.8203938,20.229468995239586
1790423663.8229978,1035.7969210017473
1790423663.8253486,12.577929010149091
1790423663.82587,37.563878984656185
1790423663.830463,19.441149983322248
1790423663.8311877,16.768147994298488
1790423663.831809,38.511315011419356
1790423663.8334522,23.865203984314576
1790423663.834074,51.82482200325467
1790423663.8342361,47.5002070015762
1790423663.8347974,44.43185299169272
1790423663.8358734,35.209205001592636
1790423663.8366032,22.831509995739907
1790423663.8371048,40.55520298425108
1790423663.837666,17.259346990613267
1790423663.8397958,23.460505006369203
1790423663.8416655,16.300869989208877
1790423663.8420134,16.1306340014562
1790423663.8430183,23.508151003625244
1790423663.8450165,20.154756028205156
1790423663.8475583,39.37373397639021
1790423663.8478236,16.623714996967465
1790423663.8491335,26.1198109947145
1790423663.8495252,13.641975994687527
1790423663.8517509,32.9856610042043
1790423663.8526099,17.801690992200747
1790423663.8532338,24.26753201871179
1790423663.8542876,14.480982994427904
1790423663.8548777,38.814200001070276
1790423663.8557165,17.468685982748866
1790423663.8562412,22.77729398338124
1790423663.8572397,25.420453981496394
1790423663.860988,13.150404003681615
1790423663.8618891,25.272719998611137
1790423663.8630064,19.972002017311752
1790423663.864,21.970062021864578
1790423663.8644233,33.94852302153595
1790423663.8651123,30.866828019497916
1790423663.8656228,20.590318978065625
1790423663.866691,29.014069004915655
1790423663.8677814,16.019867995055392
1790423663.8691106,19.574145000660792
1790423663.8694282,36.54982999432832
1790423663.8703816,21.236922999378294
1790423663.872959,9.94081501266919
1790423663.8735733,36.455737019423395
1790423663.8746104,19.71992800827138
1790423663.875825,20.094573992537335
1790423663.8767903,35.10666498914361
1790423663.877383,24.76154299802147
1790423663.878268,23.966765991644934
1790423663.8818483,25.590794015442953
1790423663.8827362,17.612916009966284
1790423663.883712,17.008418013574556
1790423663.884456,9.835214004851878
1790423663.885684,32.440304988995194
1790423663.8876848,30.43225102010183
1790423663.888409,22.774418001063168
1790423663.889098,41.525284003000706
1790423663.8926842,19.714598020073026
1790423663.8942354,1036.9873229938094
1790423663.8956962,31.26165599678643
1790423663.8971756,1044.138646015199
1790423663.8980873,36.18633298901841
1790423663.8991296,28.735478001181036
1790423663.8996105,22.214635013369843
1790423663.900186,30.747192999115214
1790423663.901157,18.404409027425572
1790423663.9019618,32.835874997545034
1790423663.902486,26.648074999684468
1790423663.9036753,19.206522993044928
1790423663.904378,1044.8856449802406
1790423663.905543,1289.331569976639
1790423663.9067018,24.838114011799917
1790423663.907276,46.27096900367178
1790423663.907849,34.265235997736454
1790423663.908782,20.361802977276966
1790423663.9101934,42.39831800805405
1790423663.9110239,1055.6832409929484
1790423663.9118,47.788636991754174
1790423663.913391,35.11148699908517
1790423663.917017,17.393816990079358
1790423663.9183962,34.669016022235155
1790423663.918928,31.411092000780627
1790423663.9207692,35.0718519766815
1790423663.9231894,27.478214004077017
1790423663.9238763,18.3214120042976
1790423663.927052,28.953272994840518
1790423663.9277632,17.55476600374095
1790423663.9282773,34.027472021989524
1790423663.9287996,36.10176101210527
1790423663.9293394,21.479062997968867
1790423663.9302757,42.575277999276295
1790423663.9313524,54.5477939886041
1790423663.9326599,33.51833199849352
1790423663.9351578,37.96816500835121
1790423663.9358044,48.88931999448687
1790423663.939045,22.008575004292652
1790423663.9400973,21.155729016754776
1790423663.940728,37.03981600119732
1790423663.9411812,43.53490800713189
1790423663.9418132,52.702963002957404
1790423663.9424589,42.26169199682772
1790423663.943073,38.68230798980221
1790423663.943636,36.9211959769018
1790423663.9461365,44.968121976125985
1790423663.9467905,44.81709998799488
1790423663.9475996,36.56377401784994
1790423663.949523,47.022622980875894
1790423663.950901,43.61294402042404
1790423663.9518335,38.42947699013166
1790423663.9557695,34.98320098151453
1790423663.9565113,44.69822198734619
1790423663.960289,29.999924008734524
1790423663.9610825,60.49086598795839
1790423663.9631846,36.114379996433854
1790423663.9634964,40.29059800086543
1790423663.96451,28.692603984382004
1790423663.9661844,23.0967280222103
1790423663.9677467,38.935412012506276
1790423663.968456,40.67856800975278
1790423663.969325,60.53181199240498
1790423663.9701605,31.09862399287522
1790423663.9717965,20.880967000266537
1790423663.9744532,33.71078101918101
1790423663.9753177,45.965789002366364
1790423663.9771335,53.24321601074189
1790423663.9779046,28.365247999317944
1790423663.9796903,44.51967301429249
1790423663.9802637,61.85341699165292
1790423663.9810555,33.44055300112814
1790423663.981545,53.25597000773996
1790423663.9824207,56.68489701929502
1790423663.9825115,38.8641000026837
1790423663.9850297,44.916372979059815
1790423663.986701,55.33511401154101
1790423663.9887896,46.9622700184118
1790423663.9902718,34.48427902185358
1790423663.9909368,39.08861198578961
1790423663.9922483,59.5708159962669
1790423663.9934795,52.283477009041235
1790423663.9945242,34.21512799104676
1790423663.9955447,48.73880898230709
1790423663.99691,28.438218985684216
1790423664.0018616,26.526699017267674
1790423664.0029745,35.214021016145125
1790423664.005021,41.506220994051546
1790423664.0056782,59.52925901510753
1790423664.0058255,63.352686003781855
1790423664.0072417,27.53544898587279
1790423664.0105648,1083.1475089944433
1790423664.0118234,21.537096006795764
1790423664.012757,42.57962599513121
1790423664.0137384,44.39830899355002
1790423664.0144613,57.93520298902877
1790423664.0174766,32.43243298493326
1790423664.0180645,40.14396702405065
1790423664.01834,72.34965200768784
1790423664.0189383,64.62039399775676
1790423664.0191057,14.072126999963075
1790423664.021069,39.512194984126836
1790423664.0218086,41.53166600735858
1790423664.0226743,41.605036007240415
1790423664.0228925,58.36998499580659
1790423664.0237916,57.59055801900104
1790423664.025128,23.251989972777665
1790423664.0256004,62.39847798133269
1790423664.0266168,32.07879597903229
1790423664.026811,54.99928101198748
1790423664.0315206,24.2615370079875
1790423664.0326242,19.85132700065151
1790423664.0342023,45.39702498004772
1790423664.0348005,57.65137600246817
1790423664.0378776,32.18643899890594
1790423664.0385244,24.050390988122672
1790423664.0393112,43.73870400013402
1790423664.0399344,43.013126007281244
1790423664.0409696,27.215314999921247
1790423664.0416956,24.204881017794833
1790423664.0425367,50.273943023057655
1790423664.043052,40.062050975393504
1790423664.0437162,61.19005900109187
1790423664.0448067,26.728939003078267
1790423664.0458815,67.09722598316148
1790423664.046634,27.51465598703362
1790423664.0489917,27.171514986548573
1790423664.0493078,43.47019601846114
1790423664.0503705,26.565154985291883
1790423664.0505943,16.381171997636557
1790423664.0513034,39.46775398799218
1790423664.054121,27.29810500750318
1790423664.0551713,14.189384004566818
1790423664.055678,45.09888601023704
1790423664.0574207,31.808066996745765
1790423664.057996,20.106962008867413
1790423664.0585122,31.882727984339
1790423664.0592496,34.10992200952023
1790423664.0641413,19.323390995850787
1790423664.0653427,16.022428986616433
1790423664.0658438,44.762508012354374
1790423664.0672555,44.349681003950536
1790423664.0678556,27.91018900461495
1790423664.069089,36.4495679968968
1790423664.0696583,25.9319799952209
1790423664.070417,19.812426005955786
1790423664.0709147,52.56211699452251
1790423664.0710025,29.29502699407749
1790423664.0725906,30.043614999158308
1790423664.0737495,42.20889598946087
1790423664.07536,36.037935002241284
1790423664.0758789,37.343339005019516
1790423664.0772028,42.39150899229571
1790423664.0788999,23.210625018691644
1790423664.0813715,22.846289008157328
1790423664.0823596,31.045660987729207
1790423664.090765,44.1192879807204
1790423664.0921466,69.45751199964434
1790423664.0935311,47.635920986067504
1790423664.0964713,53.40837800758891
1790423664.099112,41.67987598339096
1790423664.1003468,49.96568101341836
1790423664.1010518,30.037554999580607
1790423664.1030638,30.460306006716564
1790423664.1037273,12.947962997714058
1790423664.105085,40.93290399760008
1790423664.1056163,39.7590690117795
1790423664.1061788,54.213132010772824
1790423664.1068912,30.99898499203846
1790423664.1074135,38.310843985527754
1790423664.108073,53.93895399174653
1790423664.1106668,51.39493299066089
1790423664.11122,56.03735300246626
1790423664.1120453,19.885189016349614
1790423664.1128016,63.799881987506524
1790423664.1143947,44.724225997924805
1790423664.1145008,15.376600000308827
1790423664.114963,56.955510983243585
1790423664.115615,48.34543299512006
1790423664.1190336,15.958017989760265
1790423664.119949,11.862576997373253
1790423664.1214375,17.69905799301341
1790423664.1229,17.272386001423
1790423664.1237326,23.37121099117212
1790423664.1259959,19.094044022494927
1790423664.1274753,12.96320598339662
1790423664.1290228,63.670053001260385
1790423664.130473,18.41658301418647
1790423664.131467,20.788758003618568
1790423664.1322598,13.213580008596182
1790423664.1379333,67.50495100277476
1790423664.1393251,71.45746701280586
1790423664.1403897,77.63356601935811
1790423664.1411996,58.824763022130355
1790423664.1421497,45.66416499437764
1790423664.1428711,69.10853701992892
1790423664.1433988,30.58584500104189
1790423664.1439862,98.53058698354289
1790423664.1446614,23.21136899990961
1790423664.1450298,25.07006499217823
1790423664.1472592,70.04303199937567
1790423664.1483426,47.27625599480234
1790423664.1497009,7.537297991802916
1790423664.1533384,38.36414200486615
1790423664.154394,40.99630698328838
1790423664.1546164,30.871216993546113
1790423664.1558774,26.842310995562002
1790423664.1565228,29.033603001153097
1790423664.15736,34.44625300471671
1790423664.1590424,26.769018993945792
1790423664.1605587,22.612711996771395
1790423664.163595,1102.8632520174142
1790423664.1648614,33.384229987859726
1790423664.178977,30.62202499131672
1790423664.1806917,36.01932100718841
1790423664.1822226,27.58862599148415
1790423664.1829545,42.553461011266336
1790423664.18313,76.93713300977834
1790423664.1833882,26.014703005785123
1790423664.184319,20.702684007119387
1790423664.1853647,4.661411978304386
1790423664.1874201,1124.8286210175138
1790423664.1876287,46.4180970157031
1790423664.1905627,43.29052098910324
1790423664.1917257,63.47035599173978
1790423664.193249,50.36445500445552
1790423664.1939423,54.604793986072764
1790423664.1944942,49.45225399569608
1790423664.1951158,34.54360400792211
1790423664.1976326,41.099304013187066
1790423664.1988373,13.461252994602546
1790423664.199368,40.3125939774327
1790423664.2000792,46.7291179811582
1790423664.2006707,50.956562015926465
1790423664.201242,16.911913000512868
1790423664.2032192,47.32960899127647
1790423664.2051263,14.55029399949126
1790423664.2140954,26.45206797751598
1790423664.2157087,32.30920198257081
1790423664.2166169,29.18024398968555
1790423664.2187078,25.445575010962784
1790423664.2203088,43.0370359972585
1790423664.220395,25.26815701276064
1790423664.2211306,26.624532009009272
1790423664.2249925,31.03648900287226
1790423664.2283242,28.212233999511227
1790423664.2295668,31.92247200058773
1790423664.2309892,31.6100119962357
1790423664.2320457,40.307163988472894
1790423664.2329657,29.73256801487878
1790423664.2344496,35.60035498230718
1790423664.236344,35.66209299606271
1790423664.2382283,45.82037599175237
1790423664.238771,33.63315502065234
1790423664.240169,38.91686597489752
1790423664.2462068,1052.925210999092
1790423664.2468028,30.172199010849
1790423664.2482784,1088.0538010096643
1790423664.2494392,35.332147002918646
1790423664.2506602,25.65496100578457
1790423664.251349,49.03014897718094
1790423664.2520301,1061.9810850184876
1790423664.2525823,36.86250699684024
1790423664.257888,37.48207999160513
1790423664.262353,41.20988497743383
1790423664.2640722,57.25410001468845
1790423664.264619,36.27675600000657
1790423664.2669766,37.39565901923925
1790423664.2684348,46.379488019738346
1790423664.2686803,34.21526201418601
1790423664.2700164,29.837017005775124
1790423664.272353,41.350165993208066
1790423664.2730792,54.359229980036616
1790423664.2751026,26.808665017597377
1790423664.2755961,23.55355300824158
1790423664.2778652,41.509351023705676
1790423664.2801607,47.182037989841774
1790423664.2818284,35.61083698878065
1790423664.291493,56.098311993991956
1790423664.2928302,46.01394000928849
1790423664.2937593,61.579597007948905
1790423664.294315,41.720117995282635
1790423664.2981226,59.340768988477066
1790423664.3025534,40.18636999535374
1790423664.3090324,52.95782000757754
1790423664.310162,60.70749298669398
1790423664.311795,45.708862016908824
1790423664.3121603,17.83313401392661
1790423664.312761,48.13021802692674
1790423664.3134649,43.43643700121902
1790423664.3146603,34.48787398519926
1790423664.3154864,5.30936400173232
1790423664.3164213,1057.6345729932655
1790423664.320804,7.324698002776131
1790423664.3224888,55.49776501720771
1790423664.3230155,65.11426501674578
1790423664.323543,51.17544700624421
1790423664.3253827,56.6893560171593
1790423664.330689,57.59671100531705
1790423664.3340135,56.13679499947466
1790423664.3354113,59.00964100146666
1790423664.3355093,42.667453992180526
1790423664.3365414,33.97559199947864
1790423664.3387172,25.94396998756565
1790423664.3406327,18.12747700023465
1790423664.3412466,25.747127016074955
1790423664.3417764,16.38331398135051
1790423664.3422494,6.728456006385386
1790423664.3427808,26.348423009039834
1790423664.3439293,45.795131009072065
1790423664.34668,6.035837985109538
1790423664.3471572,4.896189988357946
1790423664.3484726,32.544329995289445
1790423664.3499844,13.428715988993645
1790423664.3512416,28.214221994858235
1790423664.3521307,21.42833700054325
1790423664.3545034,42.32908898848109
1790423664.355091,37.80426399316639
1790423664.355173,73.33126000594348
1790423664.3568833,42.21186900394969
1790423664.357452,10.282317991368473
1790423664.3579621,19.23156200791709
1790423664.3589222,16.1307480011601
1790423664.359446,18.18852499127388
1790423664.361133,17.191264021676034
1790423664.3619862,20.198296988382936
1790423664.3626504,91.81343499221839
1790423664.363289,42.47285702149384
1790423664.3636882,29.66195999761112
1790423664.3642995,40.74381399550475
1790423664.365563,13.419934984995052
1790423664.3664415,16.4457930077333
1790423664.369565,12.102569977287203
1790423664.3717546,17.240059009054676
1790423664.3733814,16.486523003550246
1790423664.3750248,11.725095013389364
1790423664.3765082,29.816717986250296
1790423664.3781922,26.93911097594537
1790423664.3795629,24.37914299662225
1790423664.3803716,22.399218985810876
1790423664.3812118,43.378241010941565
1790423664.3812957,20.15228901291266
1790423664.3902776,26.57859298051335
1790423664.3909252,24.469597992720082
1790423664.39414,35.20775100332685
1790423664.3955634,1042.1189650078304
1790423664.3961613,1337.5103670114186
1790423664.3969014,36.62401999463327
1790423664.3987772,1033.8891629944555
1790423664.3993998,35.088677977910265
1790423664.4010832,22.879611002281308
1790423664.402235,42.77335200458765
1790423664.4029682,1059.4846669991966
1790423664.4092796,40.32768600154668
1790423664.4097683,28.460442990763113
1790423664.4107723,16.62059800582938
1790423664.4119694,9.720734000438824
1790423664.4138398,51.84378000558354
1790423664.414781,1066.7070210038219
1790423664.4149158,16.124873014632612
1790423664.4155438,4.758887022035196
1790423664.4169047,1.97976001072675
1790423664.4183977,52.82236999482848
1790423664.4200025,1.5941500023473054
1790423664.4229958,53.41922398656607
1790423664.425076,50.040040019666776
1790423664.4261289,58.008789987070486
1790423664.4262614,52.3415919742547
1790423664.4277563,37.465034023625776
1790423664.4286363,33.0617880099453
1790423664.4291253,52.605158009100705
1790423664.4297204,17.737197020323947
1790423664.4297903,26.81184097309597
1790423664.4298604,30.447736993664876
1790423664.4305582,58.78966601449065
1790423664.4315717,3.382527007488534
1790423664.4316368,16.079365013865754
1790423664.4321654,2.0847230043727905
1790423664.4430983,52.16095398645848
1790423664.4431899,62.808068993035704
1790423664.4464257,2.6196899998467416
1790423664.4478767,1004.5627070066985
1790423664.448466,1.5702770033385605
1790423664.4525008,56.32749499636702
1790423664.4528422,63.78417101223022
1790423664.4531915,52.0962719747331
1790423664.4536195,23.052144999383017
1790423664.453706,30.69728601258248
1790423664.45623,1027.8243300272152
1790423664.4584057,1039.9315970134921
1790423664.4596064,15.20621299277991
1790423664.4606564,6.2576849886681885
1790423664.4609516,1039.7663119947538
1790423664.4612865,1035.7699700107332
1790423664.461426,1025.5535480100662
1790423664.4621449,1094.4930989935528
1790423664.4654946,1045.1590599841438
1790423664.4730592,32.99944699392654
1790423664.4739091,28.266118984902278
1790423664.4846585,33.49004001938738
1790423664.4847603,45.225105015560985
1790423664.4860284,1070.8593909803312
1790423664.4926486,28.231909003807232
1790423664.4933105,36.35259799193591
1790423664.4953759,28.186363982968032
1790423664.5054684,44.37581400270574
1790423664.505835,39.55049300566316
1790423664.5096467,37.64972698991187
1790423664.518633,63.06738799321465
1790423664.5199854,23.563563998322934
1790423664.5214438,34.19507702346891
1790423664.521801,20.578230993123725
1790423664.52516,31.362819980131462
1790423664.5253494,54.340058006346226
1790423664.5266578,48.6245559877716
1790423664.531432,29.320197005290538
1790423664.5325706,32.1046749886591
1790423664.5378747,47.58941399632022
1790423664.538481,28.49717202479951
1790423664.5477846,35.21969998837449
1790423664.5490072,26.973091007675976
1790423664.5505085,29.80576897971332
1790423664.551667,18.618850997881964
1790423664.5521584,35.62356601469219
1790423664.552363,17.30523002333939
1790423664.552782,8.410791982896626
1790423664.557029,2.4598879972472787
1790423664.5586348,45.279568003024906
1790423664.565852,32.09110299940221
1790423664.5688787,30.036999989533797
1790423664.5696938,41.58289000042714
1790423664.569877,11.187830998096615
1790423664.5700278,23.12996197724715
1790423664.5704253,15.230587014229968
1790423664.5741463,46.64347498328425
1790423664.5746393,40.305392001755536
1790423664.575256,1.883110002381727
1790423664.577139,19.63701701606624
1790423664.5802236,1.4360359928105026
1790423664.5854433,17.247879994101822
1790423664.5863068,29.961158987134695
1790423664.5863755,9.991961997002363
1790423664.5886445,1.4363619848154485
1790423664.591129,48.18317701574415
1790423664.5913336,34.29475499433465
1790423664.5993977,23.938858998008072
1790423664.5994885,53.19788999622688
1790423664.6017566,1.7062640108633786
1790423664.60557,23.297359002754092
1790423664.6056447,2.7240620111115277
1790423664.6094491,1015.3130840044469
1790423664.610768,1021.3617540139239
1790423664.6113482,30.70865001063794
1790423664.6115766,19.790525984717533
1790423664.612251,11.309608002193272
1790423664.6138175,4.166386992437765
1790423664.61391,10.219127987511456
1790423664.6182644,1.6266809834633023
1790423664.6193051,1048.029648984084
1790423664.62398,1.728000002913177
1790423664.6266804,31.821559998206794
1790423664.628154,25.77068700338714
1790423664.628551,24.36609400319867
1790423664.6286757,45.75282899895683
1790423664.6312077,18.166897003538907
1790423664.6327322,2.6926890132017434
1790423664.6381829,29.425418004393578
1790423664.6389537,1.909065991640091
1790423664.6390498,33.22233899962157
1790423664.6393096,25.100202998146415
1790423664.6420577,1063.4242139931303
1790423664.6422036,1038.9064400224015
1790423664.643073,21.848723001312464
1790423664.643686,11.828003014670685
1790423664.6449785,5.534752999665216
1790423664.6450922,3.42162701417692
1790423664.6455173,4.682392987888306
1790423664.64564,3.1891510006971657
1790423664.6465464,1.9961060024797916
1790423664.647124,1.3171260070521384
1790423664.6599329,1.3031790149398148
1790423664.6668856,1.3959440111648291
1790423664.678094,2.6852820010390133
1790423664.6781704,22.798577992944047
1790423664.6820166,21.185094985412434
1790423664.6827679,6.196911010192707
1790423664.6832378,2.33298001694493
1790423664.684142,1.8784559797495604
1790423664.6897545,1.3454820145852864
1790423664.6961129,1.632943982258439
1790423664.7026007,2.3348539834842086
1790423664.7026684,1.8075320112984627
1790423664.7056515,1.1775750026572496
1790423664.707846,1027.7102819818538
1790423664.7088125,23.03077801479958
1790423664.7098565,1026.2194499955513
1790423664.710071,8.7893899763003
1790423664.710152,15.120655996724963
1790423664.7137697,2.039693994447589
1790423664.716151,1.4020140224602073
1790423664.7189298,1.3758170243818313
1790423664.7204623,1.2296719942241907
1790423664.724365,2.674424002179876
1790423664.7244668,1.908468984765932
1790423664.7253146,1.8599590111989528
1790423664.7293353,1.8972409889101982
1790423664.7302186,1.5413409855682403
1790423664.74879,1.6618740046396852
1790423664.7559404,1.8060749862343073
1790423664.758791,1.6119419888127595
1790423664.7627838,1.7340980120934546
1790423664.7663505,1.6916879976633936
1790423664.7667768,1.5663460071664304
1790423664.7678761,1018.827110005077
1790423664.7682908,1035.7002259988803
1790423664.7741024,19.41536698723212
1790423664.7742453,12.258798000402749
1790423664.7749488,5.014260997995734
1790423664.7750194,27.031567005906254
1790423664.7782824,1084.2520630103536
1790423664.7786343,1052.932439983124
1790423664.7790272,1056.4434439875185
1790423664.7793236,1032.6910220028367
1790423664.7809238,1.4547359896823764
1790423664.7866688,1.5666029939893633
1790423664.7951343,18.39818400912918
1790423664.795748,28.487497998867184
1790423664.79583,4.5471359917428344
1790423664.7978578,1.337418012553826
1790423664.8066044,3.656232001958415
1790423664.807528,4.140719975112006
1790423664.809507,3.3856079971883446
1790423664.833107,28.649990999838337
1790423664.8354568,29.802937991917133
1790423664.8359034,26.230785995721817
1790423664.8386977,30.33372398931533
1790423664.839443,23.80612801061943
1790423664.8412611,28.175838000606745
1790423664.842029,32.99763600807637
1790423664.8430238,23.18524502334185
1790423664.8482842,44.390711991582066
1790423664.8516738,37.40447000018321
1790423664.8527143,21.14495198475197
1790423664.8573465,55.80046499380842
1790423664.8604405,41.82785202283412
1790423664.8607047,33.971778000704944
1790423664.8648598,34.2039720271714
1790423664.8653967,46.210285974666476
1790423664.867564,25.059715990209952
1790423664.8684387,33.641371002886444
1790423664.8718965,39.320890995441005
1790423664.87387,36.743449018104
1790423664.8763452,43.05028199451044
1790423664.8773885,28.865230997325853
1790423664.8784091,11.420619994169101
1790423664.8785334,16.03236500523053
1790423664.8788593,6.11942500108853
1790423664.8895798,50.87220898712985
1790423664.8918943,28.28197999042459
1790423664.891969,21.977350988890976
1790423664.8924162,36.54507000464946
1790423664.8925493,18.557181989308447
1790423664.892634,54.97728299815208
1790423664.8963797,30.30153299914673
1790423664.8971846,1.9075229938607663
1790423664.8972578,25.040045991772786
1790423664.8977268,4.2804270051419735
1790423664.899573,1.3371429813560098
1790423664.9018877,1.4229790249373764
1790423664.9024758,1.287120016058907
1790423664.904109,1.2823319993913174
1790423664.9048448,1.4193859824445099
1790423664.9075627,1.68461402063258
1790423664.9078474,1.4226700004655868
1790423664.9142425,1.661193004110828
1790423664.9160242,2.164748002542183
1790423664.9160955,1.7258100269827992
1790423664.9163468,1.2538590235635638
1790423664.9174802,1.034724002238363
1790423664.9253445,1.4223479956854135
1790423664.9375868,1.7303990025538951
1790423664.9396224,7.006000989349559
1790423664.9490848,1.5737399808131158
1790423664.9515014,22.93690701480955
1790423664.952044,25.016322993906215
1790423664.9521456,9.392316977027804
1790423664.9614997,17.80781100387685
1790423664.9615862,2.072783012408763
1790423664.9619641,28.864324995083734
1790423664.9637327,1.6946190153248608
1790423664.9641156,1.5248200215864927
1790423664.9669313,1.4219940057955682
1790423664.9692278,1.8742230022326112
1790423664.9701235,1.6339989961124957
1790423664.9767327,1.4327309909276664
1790423664.9800196,2.8272750205360353
1790423664.9816525,2.9396640020422637
1790423664.9818938,2.5868719967547804
1790423664.982359,4.499036993365735
1790423664.9833827,3.099765017395839
1790423664.9836545,1.7513070197310299
1790423664.9875314,1.1383699893485755
1790423664.9888504,1.074262021575123
1790423664.9980953,1.6596089990343899
1790423665.0023682,1.252899004612118
1790423665.0084627,1021.7485340253916
1790423665.0086808,1015.1905629900284
1790423665.008808,1017.8594870085362
1790423665.0095794,3.774882003199309
1790423665.0097704,1035.3020929906052
1790423665.0108707,1.7474909836892039
1790423665.0111542,1.3756200205534697
1790423665.0136766,1.315569010330364
1790423665.0223944,2.4317319912370294
1790423665.0239742,2.7527789934538305
1790423665.034488,2.372517978074029
1790423665.0440218,21.616669022478163
1790423665.0441682,27.259911003056914
1790423665.0442467,10.78740501543507
1790423665.0490496,28.465737006627023
1790423665.049301,2.6406059914734215
1790423665.049402,11.86399400467053
1790423665.0494819,18.28029300668277
1790423665.0515409,1.3282230065669864
1790423665.0565162,1.3074289890937507
1790423665.0578437,1.3185229909140617
1790423665.0591836,1.1405909899622202
1790423665.060452,1.1676099966280162
1790423665.0630927,1.144351001130417
1790423665.0673974,1.428473013220355
1790423665.068705,1.298211980611086
1790423665.0771964,1.656696986174211
1790423665.092838,18.80024399724789
1790423665.0935752,29.632816993398592
1790423665.0939343,15.872859017690644
1790423665.0951762,1016.2627760146279
1790423665.095691,1020.3203879937064
1790423665.0957515,8.366747002582997
1790423665.097514,22.65878301113844
1790423665.0986593,1.7455060151405632
1790423665.0987256,1017.3403069784399
1790423665.099419,30.459113011602312
1790423665.100492,14.552715001627803
1790423665.1007674,12.7056940109469
1790423665.1050482,4.271023004548624
1790423665.105602,2.5420169986318797
1790423665.10751,20.54230499197729
1790423665.1083488,28.20760800386779
1790423665.108599,14.521377015626058
1790423665.1095347,8.327415998792276
1790423665.1096072,5.922594020375982
1790423665.114443,1.4218570140656084
1790423665.11641,1.5609689871780574
1790423665.1220913,2.5538280024193227
1790423665.1231613,2.214316977187991
1790423665.127439,25.149569002678618
1790423665.1289675,16.5919010178186
1790423665.1290398,13.410716986982152
1790423665.1291578,7.056321977870539
1790423665.129235,29.151319002266973
1790423665.1369562,1.6255080117844045
1790423665.1386316,1.2790379987563938
1790423665.1409364,1.1390679865144193
1790423665.1621644,20.43557199067436
1790423665.1661055,1.4948649914003909
1790423665.1771638,1065.9300390107092
1790423665.178129,1013.2544790103566
1790423665.1783216,25.407153007108718
1790423665.1784685,1047.9844420042355
1790423665.1791291,6.225835997611284
1790423665.1794722,1065.066420007497
1790423665.179905,1053.888051013928
1790423665.1834486,1.375828986056149
1790423665.1951158,1061.681671999395
1790423665.2052736,1100.177371990867
1790423665.2125056,1069.0941879875027
1790423665.2147233,22.320974007016048
1790423665.221273,1105.645117990207
1790423665.224818,39.1901420080103
1790423665.2268004,40.13629801920615
1790423665.2302873,33.44430500874296
1790423665.2319267,1107.64557501534
1790423665.2326324,25.446978019317612
1790423665.2327275,20.998666994273663
1790423665.234225,3.420158987864852
1790423665.2343984,20.530784997390583
1790423665.2344723,41.356070985784754
1790423665.2388191,54.44589999387972
1790423665.240361,52.08762898109853
1790423665.2415617,2.20500398427248
1790423665.242209,29.689766000956297
1790423665.2429779,4.959075013175607
1790423665.2431161,17.18340499792248
1790423665.2432327,32.308939000358805
1790423665.2464583,2.457497001159936
1790423665.2468808,27.989821013761684
1790423665.247087,6.003487011184916
1790423665.2476156,53.40289499145001
1790423665.2477531,10.38953202078119
1790423665.2480257,3.2778140157461166
1790423665.2487862,1.6828169755171984
1790423665.2513528,1.2125179928261787
1790423665.2575421,1078.5506990214344
1790423665.2677062,1085.4698400071356
1790423665.2783008,22.645453980658203
1790423665.278648,2.421108976705
1790423665.2787328,20.319916016887873
1790423665.3078575,20.264318998670205
1790423665.3082225,33.86710898485035
1790423665.3098729,29.00151797803119
1790423665.3099678,8.79007700132206
1790423665.3108935,1142.2153390012681
1790423665.311071,44.95309499907307
1790423665.322191,64.24553401302546
1790423665.3244007,2.118108997819945
1790423665.3281758,1052.5677650002763
1790423665.3296742,1079.000688972883
1790423665.329811,47.42093299864791
1790423665.3318744,48.359298991272226
1790423665.3327742,41.292617010185495
1790423665.3336937,44.288876990322024
1790423665.3353863,1060.2729190140963
1790423665.3356223,47.32880101073533
1790423665.3364084,64.1840879980009
1790423665.336495,7.673866988625377
1790423665.3367305,19.642354018287733
1790423665.3447943,59.473756002262235
1790423665.3493025,43.47287499695085
1790423665.357555,24.1527309990488
1790423665.3616803,17.36262600752525
1790423665.36214,31.800501979887486
1790423665.362219,7.084191020112485
1790423665.3654943,41.08102701138705
1790423665.3675992,24.75040199351497
1790423665.3677335,13.599975005490705
1790423665.3678162,5.126705975271761
1790423665.3679028,31.997526006307453
1790423665.3709233,1.8935659900307655
1790423665.3752003,36.43823700258508
1790423665.3753405,3.9534310053568333
1790423665.375536,28.99698101100512
1790423665.376351,19.984009995823726
1790423665.3764434,45.55048802285455
1790423665.3768945,3.3889659971464425
1790423665.3770027,6.887584982905537
1790423665.377312,4.754992987727746
1790423665.3786137,1.293520996114239
1790423665.379956,1.3252149801701307
1790423665.380503,1.1440820235293359
1790423665.3831768,1.1931619956158102
1790423665.3935802,3.598701994633302
1790423665.3945997,4.17421999736689
1790423665.3954778,3.8017800252418965
1790423665.3955774,2.4031329958233982
1790423665.395644,4.540575988357887
1790423665.395718,3.254273993661627
1790423665.4008646,1.170586998341605
1790423665.4041464,1.8491920200176537
1790423665.4075794,1.6501100035384297
1790423665.411488,1.6533420130144805
1790423665.4157197,16.44539801054634
1790423665.417203,1037.6300879870541
1790423665.4229655,1.5461790026165545
1790423665.4236743,20.04959899932146
1790423665.4251115,14.563422999344766
1790423665.425246,1317.8205100120977
1790423665.4253385,26.706370001193136
1790423665.4333782,3.575070993974805
1790423665.4374003,1064.0051279915497
1790423665.4378343,30.931190005503595
1790423665.4379554,17.025671986630186
1790423665.4387302,4.4977750221733
1790423665.4389036,7.215434015961364
1790423665.4532852,20.70499598630704
1790423665.4547346,21.572203986579552
1790423665.458429,19.51566300704144
1790423665.4587994,29.834626999218017
1790423665.4591525,15.726910991361365
1790423665.459489,12.135753000620753
1790423665.4603765,18.358091008849442
1790423665.461336,1.3800039887428284
1790423665.4628994,32.09570900071412
1790423665.4636905,19.05987100326456
1790423665.4637868,11.323860002448782
1790423665.4673712,2.848311996785924
1790423665.4680357,25.281894981162623
1790423665.468797,23.710495996056125
1790423665.4688997,14.064677990972996
1790423665.4689894,33.90209699864499
1790423665.4694633,2.0801649952773005
1790423665.4715235,1.2218419869896024
1790423665.4721868,1.3438540045171976
1790423665.4961894,26.716310996562243
1790423665.4968753,24.679449998075143
1790423665.4978135,19.34341702144593
1790423665.4999366,25.750553002581
1790423665.5004041,21.398826997028664
1790423665.5005357,27.862354007083923
1790423665.5083153,32.50593401025981
1790423665.5084925,42.841717979172245
1790423665.519399,39.60261301835999
1790423665.519692,45.00827498850413
1790423665.5244663,43.37960801785812
1790423665.5264113,1106.3969199894927
1790423665.5305474,41.70775800594129
1790423665.532378,1115.4626269999426
1790423665.5328546,51.257868006359786
1790423665.5333316,1084.549766004784
1790423665.5340917,49.09983501420356
1790423665.5342066,1124.424469016958
1790423665.5345762,1120.7243030075915
1790423665.5346727,33.938358013983816
1790423665.5357015,10.22325098165311
1790423665.5357828,14.387884992174804
1790423665.5359335,21.668666013283655
1790423665.5457284,24.116174987284467
1790423665.546644,56.87227999442257
1790423665.5476055,20.14622901333496
1790423665.5489428,28.352503024507314
1790423665.5579224,66.1643159983214
1790423665.5588863,43.87789699831046
1790423665.5590577,36.76078200805932
1790423665.559754,12.134997989051044
1790423665.5606284,22.490205010399222
1790423665.5620382,24.556740012485534
1790423665.5621517,21.477569011040032
1790423665.5632076,8.712937007658184
1790423665.563813,7.110838982043788
1790423665.564716,2.0279460004530847
1790423665.5663564,21.70571801252663
1790423665.5668926,15.270390984369442
1790423665.568758,8.994044997962192
1790423665.5688531,32.73057797923684
1790423665.56945,14.467425004113466
1790423665.5698743,30.9282069792971
1790423665.570466,2.398098004050553
1790423665.5738707,26.73378202598542
1790423665.5742166,21.115557989105582
1790423665.5785632,1029.5428879908286
1790423665.579198,23.485807003453374
1790423665.579947,40.053534001344815
1790423665.5804038,19.765784993069246
1790423665.5804663,11.892629001522437
1790423665.5806046,4.118723009014502
1790423665.5806656,3.274476999649778
1790423665.5856576,1.9167900027241558
1790423665.5857317,1.4950040203984827
1790423665.587357,1.1662159813567996
1790423665.5906467,1.0624740098137408
1790423665.59228,1.1100329866167158
1790423665.5970306,1.7436800117138773
1790423665.5980346,1.443154993467033
1790423665.5985305,1.351732003968209
1790423665.6058261,1.637845009099692
1790423665.6098306,1.4969700132496655
1790423665.631667,29.813620989443734
1790423665.632969,18.959778011776507
1790423665.6330972,14.157878991682082
1790423665.6332328,10.641300992574543
1790423665.638897,22.48632602277212
1790423665.6418383,22.085623000748456
1790423665.642505,35.08497998700477
1790423665.6467185,20.73382999515161
1790423665.650362,33.36328800651245
1790423665.6526496,31.342720991233364
1790423665.6578119,15.942638012347743
1790423665.6643825,30.414778011618182
1790423665.6648116,13.358048017835245
1790423665.6655624,1045.873175986344
1790423665.6656945,41.270871995948255
1790423665.6685588,53.93242198624648
1790423665.6722913,43.22072700597346
1790423665.6740854,7.27812698460184
1790423665.67425,20.32908398541622
1790423665.6779861,1.4489720051642507
1790423665.6790216,49.157290981383994
1790423665.6797652,1114.0391959925182
1790423665.6825466,39.97094399528578
1790423665.6828887,23.583717993460596
1790423665.6840856,11.90995899378322
1790423665.684366,44.766642997274175
1790423665.6844623,4.437936004251242
1790423665.6850858,2.096203010296449
1790423665.6852512,25.107737979851663
1790423665.692875,32.29060999001376
1790423665.6929748,19.44057599757798
1790423665.6931508,12.60615698993206
1790423665.6936092,2.7782370161730796
1790423665.695649,1.2104779889341444
1790423665.7027636,1.8064250180032104
1790423665.7041414,1.3678840186912566
1790423665.7150543,17.659581993939355
1790423665.7163959,23.93761300481856
1790423665.7171915,6.251247978070751
1790423665.718522,1.9094299932476133
1790423665.7267168,13.0701590096578
1790423665.727353,25.935149024007842
1790423665.7274354,5.537080985959619
1790423665.735322,1.744186010910198
1790423665.7359293,20.095446991035715
1790423665.7367077,26.331334986025468
1790423665.7367926,7.61902000522241
1790423665.7424197,2.4647449899930507
1790423665.7435436,2.626339002745226
1790423665.7450235,1.356441993266344
1790423665.749437,1.4453100156970322
1790423665.7538862,1.8643020011950284
1790423665.7544408,1.5246060211211443
1790423665.7580245,16.35362399974838
1790423665.7586868,4.237088985973969
1790423665.7587547,9.204452013364062
1790423665.7600732,1.2078490108251572
1790423665.7701905,1.3711010105907917
1790423665.772702,1.226697990205139
1790423665.774118,1.397982006892562
1790423665.7843063,1.3018330209888518
1790423665.7900295,2.980980003485456
1790423665.791727,20.993192010791972
1790423665.7925687,12.62427298934199
1790423665.7933476,7.34708399977535
1790423665.7935297,25.20901898969896
1790423665.7935984,5.959594011073932
1790423665.7938557,11.67621198692359
1790423665.796979,1.3623599952552468
1790423665.7996645,26.50372200878337
1790423665.8002384,13.568815978942439
1790423665.8004856,1.644228002987802
1790423665.8005452,12.112783995689824
1790423665.8035285,1.251397014129907
1790423665.8084362,2.4906600010581315
1790423665.8085918,3.082484006881714
1790423665.80936,2.674953982932493
1790423665.8094275,1.4597779954783618
1790423665.8247974,1.75060098990798
1790423665.8300667,2.414090995443985
1790423665.845513,20.21877799415961
1790423665.8466806,6.506944017019123
1790423665.8469675,17.316253011813387
1790423665.849572,31.994481018045917
1790423665.8549056,28.060528013156727
1790423665.8550112,32.455056003527716
1790423665.8555257,21.224480005912483
1790423665.8564768,35.18423900823109
1790423665.8566175,8.899469976313412
1790423665.8567054,13.146042998414487
1790423665.8604069,2.0650330116041005
1790423665.8635004,24.01215597637929
1790423665.8641386,35.48066798248328
1790423665.8655772,16.576312977122143
1790423665.8660216,20.497335004620254
1790423665.8661227,7.229172013467178
1790423665.871142,2.327027003047988
1790423665.8722165,25.23608400952071
1790423665.8725736,2.5464769860263914
1790423665.873701,27.635863982141018
1790423665.8738875,23.56917900033295
1790423665.8744063,8.818136004265398
1790423665.8748028,3.6518620036076754
1790423665.8906515,1.3787589850835502
1790423665.8934019,23.94984499551356
1790423665.8935413,12.531695974757895
1790423665.894183,2.120785997249186
1790423665.897425,1040.5747809854802
1790423665.9027774,1.7021300154738128
1790423665.9052825,1.2658889754675329
1790423665.9130955,2.1616909943986684
1790423665.914418,26.83377597713843
1790423665.9147646,20.570077991578728
1790423665.9155047,29.91846000077203
1790423665.9155917,13.805684982798994
1790423665.9163826,4.486332007218152
1790423665.9164503,8.914074976928532
1790423665.9169753,16.40265798778273
1790423665.9170575,25.543172989273444
1790423665.9177337,9.15864499984309
1790423665.917809,14.418578008189797
1790423665.920618,1.217587006976828
1790423665.929454,1.883221004391089
1790423665.9305034,1.4582889853045344
1790423665.9385893,1.8773899937514216
1790423665.9393666,1.7471530009061098
1790423665.9442694,21.442726021632552
1790423665.9508638,17.903187981573865
1790423665.9510229,28.83228601422161
1790423665.951325,7.8067840076982975
1790423665.971616,19.040226005017757
1790423665.971688,13.870196999050677
1790423665.9720125,10.493263020180166
1790423665.9722142,29.773808986647055
1790423665.972312,22.972383012529463
1790423665.9751322,2.268707990879193
1790423665.9753118,21.551076002651826
1790423665.9837017,24.020626995479688
1790423665.9843419,31.141646002652124
1790423665.9848967,16.230203007580712
1790423665.9849737,11.546287016244605
1790423665.9872787,1.6574700130149722
1790423665.9895184,1.4962799905333668
1790423666.0032861,48.76953799976036
1790423666.003553,62.15598701965064
1790423666.011093,50.56527300621383
1790423666.0130086,43.52827099501155
1790423666.0203896,46.30803599138744
1790423666.0206974,62.2331099875737
1790423666.0227256,20.359743997687474
1790423666.0238733,12.765163992298767
1790423666.0239773,33.18321699043736
1790423666.0240526,5.277761985780671
1790423666.029118,2.6969739992637187
1790423666.030112,33.216642012121156
1790423666.0325294,27.403840009355918
1790423666.03267,36.46031301468611
1790423666.0336554,46.30235300282948
1790423666.04149,13.2206880080048
1790423666.0480402,30.470325000351295
1790423666.049119,43.44366700388491
1790423666.0492926,38.477602996863425
1790423666.050347,24.66302301036194
1790423666.0518522,23.77802599221468
1790423666.0527575,6.15684999502264
1790423666.0529897,36.35944699635729
1790423666.053084,48.83042999426834
1790423666.0531552,33.37245399598032
1790423666.0532374,12.993730982998386
1790423666.059127,14.693045988678932
1790423666.0709112,43.96637997706421
1790423666.0721557,42.83861999283545
1790423666.0782416,47.187578020384535
1790423666.0815563,17.652881011599675
1790423666.08255,21.371122013079002
1790423666.086079,24.30488300160505
1790423666.0861764,32.76227798778564
1790423666.0882654,37.54916199250147
1790423666.089657,23.62109097884968
1790423666.0977523,28.262434992939234
1790423666.0979087,30.604538012994453
1790423666.1003022,43.55324798962101
1790423666.1085207,62.64604299212806
1790423666.1134953,33.86111700092442
1790423666.1140513,42.78756497660652
1790423666.11644,48.63017000025138
1790423666.1193547,30.42271701269783
1790423666.1206253,81.40405299491249
1790423666.1212761,60.61977698118426
1790423666.1213768,49.630166991846636
1790423666.1221607,35.50321501097642
1790423666.1225798,63.28927501454018
1790423666.1249614,62.62070100638084
1790423666.1250613,58.32509999163449
1790423666.125239,52.528122992953286
1790423666.1257892,57.060235005337745
1790423666.1265936,31.676760991103947
1790423666.127009,43.165474984562024
1790423666.1300893,45.52056698594242
1790423666.138489,57.926788984332234
1790423666.1483517,55.456466012401506
1790423666.1491477,43.29279900412075
1790423666.1576004,31.8003709835466
1790423666.1591408,76.2433230120223
1790423666.1605277,29.107996000675485
1790423666.1620073,68.62240799819119
1790423666.1621745,66.04937399970368
1790423666.1636426,45.01810600049794
1790423666.1637554,26.388448983198032
1790423666.1639411,9.522334992652759
1790423666.16405,21.227457997156307
1790423666.164112,3.375958011019975
1790423666.1710708,40.62110499944538
1790423666.1754105,72.24184297956526
1790423666.1757495,1.7872850003186613
1790423666.177777,43.97594401962124
1790423666.1783764,70.60405201627873
1790423666.178721,40.005945978919044
1790423666.179127,21.510563994525
1790423666.1798034,32.33510299469344
1790423666.1808605,1.525958999991417
1790423666.1825862,87.09786998224445
1790423666.183699,52.540247997967526
1790423666.184021,71.63998499163426
1790423666.1871238,64.37733001075685
1790423666.187214,46.87825602013618
1790423666.1880875,53.13743601436727
1790423666.189059,12.583472998812795
1790423666.1893342,35.699501022463664
1790423666.189519,21.105413004988804
1790423666.1896799,31.22972001438029
1790423666.1898067,24.329582985956222
1790423666.1930587,1.7004550027195364
1790423666.193343,1.4492730260826647
1790423666.1967688,21.009707008488476
1790423666.198598,3.946564014768228
1790423666.1995957,5.364536016713828
1790423666.201081,5.049027007771656
1790423666.201427,3.6009629839099944
1790423666.2023985,1.864126999862492
1790423666.2047648,16.666834999341518
1790423666.2050204,35.70866899099201
1790423666.2055776,11.968448001425713
1790423666.206118,11.011171009158716
1790423666.2061963,6.59033699776046
1790423666.221001,2.084790001390502
1790423666.2217004,1.7535030201543123
1790423666.2294,1.620947994524613
1790423666.23257,2.7219750045333058
1790423666.2326405,25.035345985088497
1790423666.2327912,28.864098014310002
1790423666.2328997,8.099483995465562
1790423666.235011,1.1919680109713227
1790423666.237718,1.3154380139894783
1790423666.2460864,1.45896797766909
1790423666.249547,1.2336039799265563
1790423666.2537537,17.89222299703397
1790423666.2540486,21.971904003294185
1790423666.254123,6.429470988223329
1790423666.2566056,1.7466550052631646
1790423666.2609267,1.7604590102564543
1790423666.2793727,18.830945977242664
1790423666.285151,23.48799697938375
1790423666.287089,15.487428026972339
1790423666.2908318,33.92193099716678
1790423666.294505,38.60864799935371
1790423666.2958632,19.533944025170058
1790423666.29794,35.802197991870344
1790423666.301063,27.224332006881014
1790423666.3090854,30.864892003592104
1790423666.3096004,28.707898018183187
1790423666.310466,37.85074700135738
1790423666.3115227,26.36244098539464
1790423666.311677,15.67606400931254
1790423666.3222222,38.91538400785066
1790423666.3245418,26.029271015431732
1790423666.3250983,43.47029700875282
1790423666.3256881,46.15746799390763
1790423666.3257556,6.860256980871782
1790423666.326578,6.658572005107999
1790423666.3270612,25.987756001995876
1790423666.3271263,39.07540798536502
1790423666.3274376,38.46881401841529
1790423666.328203,46.659998974064365
1790423666.330123,1.4279010065365583
1790423666.3381383,31.723832013085485
1790423666.3403552,16.382236004574224
1790423666.3404853,38.57044901815243
1790423666.3412263,1.4605110045522451
1790423666.3436663,17.078243021387607
1790423666.3502815,2.4358659866265953
1790423666.3511517,8.765211998252198
1790423666.3512104,26.058803021442145
1790423666.356694,1.4448880101554096
1790423666.3708563,2.1786050056107342
1790423666.3740926,19.91422998253256
1790423666.3742433,10.101136984303594
1790423666.3745801,2.5463250058237463
1790423666.3746448,25.152388989226893
1790423666.380537,18.68070400087163
1790423666.3817327,11.776530998758972
1790423666.3818207,6.061724998289719
1790423666.3827,34.16618099436164
1790423666.3828163,2.919969003414735
1790423666.3937728,1.5670300053898245
1790423666.3970869,14.850870007649064
1790423666.3972135,28.020380006637424
1790423666.3972797,24.682891002157703
1790423666.397903,1.834939990658313
1790423666.3997748,1.2176489981357008
1790423666.404354,1.5024440072011203
1790423666.4044135,1.9430539978202432
1790423666.4226751,14.04575098422356
1790423666.4232008,21.68038100353442
1790423666.4233027,23.06847702129744
1790423666.430689,1.2362849956844002
1790423666.4326293,22.605733014643192
1790423666.432746,24.627951002912596
1790423666.4386332,2.6328789826948196
1790423666.4426165,1.693249010713771
1790423666.4568815,19.94493999518454
1790423666.4582994,30.34706399193965
1790423666.4585035,12.071167002432048
1790423666.458851,32.129082013852894
1790423666.4592497,5.550089990720153
1790423666.4654865,25.179168005706742
1790423666.467169,19.127059989841655
1790423666.4683359,30.694098997628316
1790423666.4684231,4.693039023550227
1790423666.4685242,12.969977018656209
1790423666.4736671,24.96978800627403
1790423666.4745011,17.606551002245396
1790423666.4746218,29.07148899976164
1790423666.4747097,8.834535023197532
1790423666.4777696,2.6294129784218967
1790423666.4782481,2.0323249918874353
1790423666.483743,1.425185997504741
1790423666.4869516,27.22155800438486
1790423666.4877167,2.0234569965396076
1790423666.4880002,16.37691300129518
1790423666.4886272,31.05903702089563
1790423666.4887168,11.610454006586224
1790423666.489635,1.4664290065411478
1790423666.4904678,1.458172977436334
1790423666.4944034,1.4953890058677644
1790423666.4949396,1.3396230060607195
1790423666.4988384,1.3918050099164248
1790423666.506767,1.4372430159710348
1790423666.508454,1.4060109970159829
1790423666.5111651,1.2664890091400594
1790423666.5261214,1.572933979332447
1790423666.5272853,1039.241339021828
1790423666.5305686,21.856248000403866
1790423666.5311182,3.012845991179347
1790423666.5313907,23.762806988088414
1790423666.531933,1.9674960058182478
1790423666.5322564,2.7371670003049076
1790423666.5396636,2.2685340081807226
1790423666.540811,1.5859220002312213
1790423666.5408661,2.132577996235341
1790423666.5440714,1.2083860056009144
1790423666.5471177,1.7758359899744391
1790423666.5472748,1.4302409836091101
1790423666.5593784,2.164624020224437
1790423666.5621893,17.305829998804256
1790423666.5659587,3.2235859835054725
1790423666.5711322,22.560106997843832
1790423666.5714903,27.04625899787061
1790423666.5730813,9.865448024356738
1790423666.5731602,14.707383001223207
1790423666.5743284,22.8786279913038
1790423666.5772984,29.985115979798138
1790423666.577446,16.469338996103033
1790423666.5779438,13.231059012468904
1790423666.581811,1.536019000923261
1790423666.5875263,18.724958004895598
1790423666.5920196,6.067661015549675
1790423666.592248,26.981027011061087
1790423666.5929484,2.207176003139466
1790423666.594556,1.4169439964462072
1790423666.59764,1.365250995149836
1790423666.5999358,24.607539002317935
1790423666.600608,28.246112022316083
1790423666.602221,12.194186972919852
1790423666.6027083,7.6573560072574764
1790423666.6030834,2.2536850010510534
1790423666.604023,1.790883019566536
1790423666.6078434,1.4932049962226301
1790423666.6105256,2.1556699939537793
1790423666.6106038,2.6573560026008636
1790423666.6203396,2.388745022471994
1790423666.6204093,2.042086998699233
1790423666.6350865,18.29320500837639
1790423666.6356618,16.006349993404
1790423666.6357365,25.969149020966142
1790423666.640806,1.2847949983552098
1790423666.6427329,22.141449997434393
1790423666.6428378,21.388729015598074
1790423666.6442034,1.2462570157367736
1790423666.6481743,1.4893109910190105
1790423666.654146,20.247146021574736
1790423666.655046,24.257532000774518
1790423666.6551766,9.042749006766826
1790423666.6774907,27.005247015040368
1790423666.6777964,13.085951009998098
1790423666.6807444,25.34792898222804
1790423666.6814485,28.982168005313724
1790423666.68275,13.39693900081329
1790423666.68457,18.80939898546785
1790423666.6857896,17.25425399490632
1790423666.6865838,24.978061002912
1790423666.688186,3.6049789923708886
1790423666.6883085,21.43629698548466
1790423666.6895716,7.283924001967534
1790423666.6900597,20.074027008377016
1790423666.6910298,9.68116699368693
1790423666.691327,36.83671200997196
1790423666.6916623,4.620427993359044
1790423666.6923954,2.8138630150351673
1790423666.6948495,1.4357779873535037
1790423666.7086759,30.8641430165153
1790423666.7087822,2.155196008970961
1790423666.709383,25.95445199403912
1790423666.7099056,21.16876101354137
1790423666.7102842,39.454653015127406
1790423666.710645,3.121677989838645
1790423666.710723,13.941565004643053
1790423666.7264607,22.59354799753055
1790423666.728729,29.695839999476448
1790423666.7291472,10.039624001365155
1790423666.7292337,5.8857940020971
1790423666.7310562,1.4013779873494059
1790423666.7341971,1.4959620020817965
1790423666.7394547,26.096729008713737
1790423666.7402277,20.091094018425792
1790423666.74114,16.398384992498904
1790423666.7418504,5.897375987842679
1790423666.7419577,10.440183017635718
1790423666.7425892,3.0761620146222413
1790423666.7428737,1.7234080005437136
1790423666.7429907,20.298622985137627
1790423666.749272,22.799948987085372
1790423666.749648,1.6521340003237128
1790423666.7497442,28.979208989767358
1790423666.7500713,17.976274015381932
1790423666.7505875,12.553623993881047
1790423666.7506487,4.1802540072239935
1790423666.7552538,1.3370039814617485
1790423666.7648633,1.5096830029506236
1790423666.7682958,2.081129001453519
1790423666.769117,2.2362830059137195
1790423666.775012,21.820021996973082
1790423666.7766552,8.34872800623998
1790423666.776875,11.185545998159796
1790423666.7770195,3.1303049763664603
1790423666.779357,2.1131029934622347
1790423666.7796764,1.5819940017536283
1790423666.781372,1.2024739990010858
1790423666.7829015,1.5206040116026998
1790423666.7870715,1.4553219953086227
1790423666.793927,15.00606897752732
1790423666.7966745,1.8125069909729064
1790423666.816664,33.28758099814877
1790423666.8196914,21.093358984217048
1790423666.8204162,31.718312005978078
1790423666.8207288,15.56295799673535
1790423666.8233154,26.6205639927648
1790423666.8239448,47.792113007744774
1790423666.830262,18.085188989061862
1790423666.831569,25.018078013090417
1790423666.8324418,29.277783003635705
1790423666.8339815,38.279067986877635
1790423666.835299,22.08203202462755
1790423666.840186,38.45092799747363
1790423666.8407598,36.672374000772834
1790423666.8423796,31.62970198900439
1790423666.8425367,28.031754976836964
1790423666.8484836,32.89930199389346
1790423666.854571,29.086016002111137
1790423666.860423,42.35557798529044
1790423666.8643098,38.374183990526944
1790423666.8655982,20.24929301114753
1790423666.8658895,35.09477400803007
1790423666.866516,30.656411981908605
1790423666.8670225,15.821489010704681
1790423666.8671074,55.619457009015605
1790423666.8686373,46.17265600245446
1790423666.8688054,39.39500299748033
1790423666.8690028,44.352173019433394
1790423666.8704748,23.383069987175986
1790423666.8705614,4.661093989852816
1790423666.8708105,60.537976009072736
1790423666.871087,39.50835799332708
1790423666.87127,34.28220300702378
1790423666.8715534,12.59599401964806
1790423666.8716106,5.081987997982651
1790423666.8842466,55.66944199381396
1790423666.8853745,50.69237499265
1790423666.8859725,55.69916500826366
1790423666.8872635,38.255065999692306
1790423666.8875103,24.166713992599398
1790423666.888007,46.79368800134398
1790423666.8880954,6.391831993823871
1790423666.8882213,15.717826026957482
1790423666.8883517,6.099457998061553
1790423666.8890142,3.0323289975058287
1790423666.891085,1.3989810249768198
1790423666.8973942,25.592227990273386
1790423666.8975108,12.12661000317894
1790423666.8975906,16.463583015138283
1790423666.8980205,1.9359959987923503
1790423666.9040189,1.531417015939951
1790423666.9079292,1.2429690104909241
1790423666.9100583,1.3306439795996994
1790423666.9104002,1.2638549960684031
1790423666.9155138,1.0877239983528852
1790423666.9194431,2.006968017667532
1790423666.920955,1.4984550070948899
1790423666.9226055,1.6183650004677474
1790423666.9262927,1.251068984856829
1790423666.9495418,1.5405849844682962
1790423666.9685526,22.056385001633316
1790423666.9702294,25.329533993499354
1790423666.9960413,17.757790017640218
1790423666.9968908,31.341302004875615
1790423666.998963,42.91188498609699
1790423667.0007274,11.45000199903734
1790423667.0009654,34.60844102664851
1790423667.010876,22.24146600929089
1790423667.0169957,23.904434987343848
1790423667.0292728,22.589660016819835
1790423667.0319233,35.866865975549445
1790423667.0391793,61.67355997604318
1790423667.0394502,30.752391001442447
1790423667.0403109,43.08187399874441
1790423667.0408278,12.428775982698426
1790423667.040965,28.016633994411677
1790423667.0421627,47.23012799513526
1790423667.0472488,53.38153999764472
1790423667.051135,70.37755401688628
1790423667.0539076,54.93359800311737
1790423667.0550766,46.64729000069201
1790423667.0559838,53.6554149875883
1790423667.056122,43.96224400261417
1790423667.0568397,46.166064974386245
1790423667.057655,40.0875509949401
1790423667.0583007,7.926827995106578
1790423667.0698173,18.1982189824339
1790423667.070834,38.78831697511487
1790423667.0759525,60.15137900249101
1790423667.0805495,45.04464799538255
1790423667.0812778,19.077656004810706
1790423667.0835266,25.680099992314354
1790423667.0836449,22.11777598131448
1790423667.085407,20.036025991430506
1790423667.0855095,32.296338002197444
1790423667.0856807,6.210305000422522
1790423667.0869074,31.383449997520074
1790423667.0876026,80.17204899806529
1790423667.0881376,1.9974010065197945
1790423667.0915325,32.79706899775192
1790423667.0922058,54.921613016631454
1790423667.1032634,37.344990007113665
1790423667.1041434,29.02683601132594
1790423667.1045613,40.87215499021113
1790423667.1051762,23.05698601412587
1790423667.1056468,15.05549598368816
1790423667.1140208,53.29776898724958
1790423667.1191685,40.784807002637535
1790423667.1207454,20.538075012154877
1790423667.1210392,36.39046099851839
1790423667.1232336,20.63432999420911
1790423667.1240683,24.5948719966691
1790423667.1242206,19.031672010896727
1790423667.124437,30.484285001875833
1790423667.1245787,30.047406995436177
1790423667.1246674,15.742431016406044
1790423667.124779,51.75041197799146
1790423667.1248653,17.227483011083677
1790423667.1264274,2.8253589989617467
1790423667.1276221,2.590641990536824
1790423667.1304858,29.65437699458562
1790423667.1308458,24.931623018346727
1790423667.1312993,20.157204009592533
1790423667.131386,5.485906993271783
1790423667.1386347,1.2118199956603348
1790423667.142207,1.298829010920599
1790423667.1443138,1.270767010282725
1790423667.1515365,2.7325470000505447
1790423667.1517715,2.3886179842520505
1790423667.1522055,2.99120502313599
1790423667.1522555,1.9371010130271316
1790423667.1538606,1.1243350163567811
1790423667.159315,1.5347820008173585
1790423667.1597207,1.400493987603113
1790423667.162168,1.5514510159846395
1790423667.162948,1.5260509971994907
1790423667.1690648,1.9788120116572827
1790423667.171887,2.220637979917228
1790423667.1787949,1.6271199856419116
1790423667.1806607,1.5033380186650902
1790423667.190037,1.6007160011213273
1790423667.2049122,39.988650009036064
1790423667.2085044,27.42020701407455
1790423667.2086887,21.782685013022274
1790423667.2098331,49.62442198302597
1790423667.2140057,2.4062749871518463
1790423667.221117,1128.9668980170973
1790423667.2237365,2.1940139995422214
1790423667.2238512,29.673605982679874
1790423667.2239292,16.15116497850977
1790423667.2241929,10.730451002018526
1790423667.2294147,1.4336949971038848
1790423667.2303495,1126.449487026548
1790423667.2373488,32.42129000136629
1790423667.2395558,1.2652550067286938
1790423667.2410483,1.4827379782218486
1790423667.2411404,1153.5952569975052
1790423667.248296,1150.010507000843
1790423667.2506628,64.27204399369657
1790423667.2508037,74.25979600520805
1790423667.2560363,65.35984098445624
1790423667.2613125,50.75559497345239
1790423667.2669873,35.83179600536823
1790423667.2712967,28.465547977248207
1790423667.2715313,16.68092902400531
1790423667.2722437,23.80727100535296
1790423667.2726924,13.28471998567693
1790423667.2734601,7.044088997645304
1790423667.2746353,4.091376002179459
1790423667.2788029,29.02638100204058
1790423667.279256,21.19993302039802
1790423667.2793427,14.572262007277459
1790423667.279789,1107.942703005392
1790423667.2812798,36.432216002140194
1790423667.284608,65.67366499803029
1790423667.2846816,19.33047699276358
1790423667.284868,31.06389698223211
1790423667.2849784,26.49269497487694
1790423667.285045,14.8405640211422
1790423667.2855268,2.5208699807990342
1790423667.2856522,16.185332991881296
1790423667.287182,1.4122400025371462
1790423667.3038967,27.0378089917358
1790423667.304029,31.32426500087604
1790423667.3043015,14.532118977513164
1790423667.30472,3.253517992561683
1790423667.3176448,25.470000982750207
1790423667.3179018,15.503789007198066
1790423667.3180366,7.984016003319994
1790423667.3181074,30.41080798720941
1790423667.320378,28.740348992869258
1790423667.320751,15.662827005144209
1790423667.3217118,8.026532013900578
1790423667.3219182,24.002374993870035
1790423667.322228,10.715198004618287
1790423667.3226867,3.671226993901655
1790423667.3270602,1.6678269894327968
1790423667.336761,24.724816990783438
1790423667.3368647,28.009544999804348
1790423667.337976,23.584196984302253
1790423667.3385851,31.986122019588947
1790423667.3389943,11.820131010608748
1790423667.3393342,5.54765498964116
1790423667.3394153,18.654034996870905
1790423667.3475506,36.90026598633267
1790423667.348042,34.88852799637243
1790423667.3484933,23.774907982442528
1790423667.348814,33.49107599933632
1790423667.3490086,19.433314009802416
1790423667.3493102,6.974257004912943
1790423667.3551116,1.5034730022307485
1790423667.357795,26.822836021892726
1790423667.3579335,30.22356500150636
1790423667.3592079,7.187962997704744
1790423667.3592887,2.642258012201637
1790423667.3630502,1.1978110123891383
1790423667.3685238,2.885107009205967
1790423667.3709185,3.5442080115899444
1790423667.3710938,4.245885997079313
1790423667.371981,2.1176479931455106
1790423667.37277,1.4266340003814548
1790423667.374711,21.83658498688601
1790423667.3753746,28.866928012575954
1790423667.3769405,10.863636009162292
1790423667.3770099,18.689268006710336
1790423667.377078,8.244044991442934
1790423667.3777022,2.1891480137128383
1790423667.3824437,2.5806179910432547
1790423667.3828802,3.4881759784184396
1790423667.3842742,3.672204999020323
1790423667.3857553,4.015699989395216
1790423667.3861663,3.114027000265196
1790423667.3863018,2.889138995669782
1790423667.386359,2.204346004873514
1790423667.3894782,1.112326979637146
1790423667.3935575,2.1616170124616474
1790423667.394486,1.3393620029091835
1790423667.3950012,1.3054430019110441
1790423667.400026,1.2489139917306602
1790423667.4019482,1.2978739978279918
1790423667.4110157,1.70083501143381
1790423667.41133,1.3753639941569418
1790423667.4151263,23.29871099209413
1790423667.4161935,19.43708601174876
1790423667.4162726,1.7684790072962642
1790423667.41636,25.30224499059841
1790423667.416815,7.971282000653446
1790423667.416866,4.3692079780157655
1790423667.4194207,1.5199559857137501
1790423667.4199488,1.1915460054297
1790423667.42188,1.1810630094259977
1790423667.427294,1.4871140010654926
1790423667.4305725,1.4333009894471616
1790423667.443171,3.672703984193504
1790423667.4439282,1.677218999247998
1790423667.4446886,8.82007199106738
1790423667.4454348,23.417482007062063
1790423667.4455044,4.944188985973597
1790423667.4509819,1.5678729978390038
1790423667.4534667,14.776183001231402
1790423667.4575958,1.8740879895631224
1790423667.4626825,21.2765850010328
1790423667.4634967,28.272619005292654
1790423667.4642987,4.203686985420063
1790423667.464589,11.945625999942422
1790423667.4749799,13.57206198736094
1790423667.4751048,20.037002017488703
1790423667.4756517,31.672762997914106
1790423667.475755,4.825807001907378
1790423667.4799438,11.971505999099463
1790423667.4820287,2.0685900235548615
1790423667.4947393,24.575239018304273
1790423667.497527,21.40028600115329
1790423667.4986312,7.030392996966839
1790423667.4988546,36.76720801740885
1790423667.4992375,35.73016100563109
1790423667.499403,26.680723996832967
1790423667.4995236,4.260636022081599
1790423667.5001965,3.1935140141285956
1790423667.5065262,2.0034799817949533
1790423667.506603,2.5593859900254756
1790423667.5156987,1.7878279904834926
1790423667.5201766,1.5360369870904833
1790423667.52221,1.6445590008515865
1790423667.5368752,1.5660549979656935
1790423667.5448952,1.4679479936603457
1790423667.550486,18.437247024849057
1790423667.5506132,3.61170299584046
1790423667.550688,25.335151003673673
1790423667.5610278,5.322215991327539
1790423667.5621078,5.93002000823617
1790423667.5627944,4.318029008572921
1790423667.5631883,5.215448996750638
1790423667.5636818,3.605093981605023
1790423667.5658126,2.105986000970006
1790423667.566981,1.6629119927529246
1790423667.5681968,13.147407997166738
1790423667.568288,25.65844199853018
1790423667.568354,2.2544529929291457
1790423667.5690978,12.071358010871336
1790423667.5695813,10.505040001589805
1790423667.5696514,5.159833992365748
1790423667.5784867,1.9325070024933666
1790423667.5791311,1.3690800115000457
1790423667.5832255,1.4176309923641384
1790423667.5840082,1.3580250088125467
1790423667.5874279,1.773856027284637
1790423667.5891957,2.420306991552934
1790423667.5896358,1.403152011334896
1790423667.5944858,2.0650530059356242
1790423667.5970116,5.37008501123637
1790423667.6213593,30.317005002871156
1790423667.6226158,12.40333798341453
1790423667.624228,25.347630988107994
1790423667.625238,35.13601198210381
1790423667.6261036,22.507783985929564
1790423667.6285012,16.220332006923854
1790423667.6286256,30.475395993562415
1790423667.6378806,44.974185002502054
1790423667.644958,57.29128699749708
1790423667.6512592,50.62447700765915
1790423667.651694,25.45709500554949
1790423667.652158,42.75963897816837
1790423667.6531029,17.22642401000485
1790423667.65355,10.7955269922968
1790423667.6542447,8.58041798346676
1790423667.655081,7.121659000404179
1790423667.6555362,20.33006600686349
1790423667.655964,23.132123984396458
1790423667.6596622,18.839953001588583
1790423667.6599774,15.51718101836741
1790423667.6626463,15.207991993520409
1790423667.6627545,31.45424899412319
1790423667.6632583,10.146387008717284
1790423667.6633413,26.452070014784113
1790423667.663475,39.17904899572022
1790423667.6635785,3.589692001696676
1790423667.6637275,20.440822991076857
1790423667.6673326,13.772859994787723
1790423667.678001,14.263440010836348
1790423667.678529,31.920467008603737
1790423667.6817048,27.088759001344442
1790423667.6839948,28.448544995626435
1790423667.6908526,10.205186990788206
1790423667.6910927,25.61629199772142
1790423667.6919088,33.11822499381378
1790423667.6920042,5.603177996817976
1790423667.6924186,44.17590200318955
1790423667.693936,2.502652001567185
1790423667.6944864,19.374760013306513
1790423667.694675,25.10892300051637
1790423667.6956198,11.531951022334397
1790423667.6961389,8.00058600725606
1790423667.6961985,4.184260993497446
1790423667.7049434,2.656879019923508
1790423667.705356,19.77174199419096
1790423667.705442,26.215978985419497
1790423667.7062113,26.439633016707376
1790423667.7067232,16.63786801509559
1790423667.7072558,8.770520013058558
1790423667.707323,3.8781120092608035
1790423667.7106743,1.911901985295117
1790423667.7107368,1.453108008718118
1790423667.716365,2.490321989171207
1790423667.7171404,2.515686006518081
1790423667.7194834,1.3336529955267906
1790423667.7203717,1.623563002794981
1790423667.7239375,1.1774779995903373
1790423667.7242143,22.38590200431645
1790423667.7257085,27.850669983308762
1790423667.72585,21.5511959977448
1790423667.7264986,13.167275988962501
1790423667.7272446,6.444474012823775
1790423667.7273135,11.854181997478008
1790423667.7273846,2.4337640206795186
1790423667.7401245,1.2777939846273512
1790423667.7439747,1.2938390136696398
1790423667.7471685,1.3307420013006777
1790423667.7507467,21.223660005489364
1790423667.7510123,8.818708010949194
1790423667.7511823,2.1004320005886257
1790423667.7555535,2.226662007160485
1790423667.7556825,1.895722991321236
1790423667.7821748,30.98311900976114
1790423667.7861218,16.873954999027774
1790423667.786423,9.562449995428324
1790423667.7865531,27.9748989851214
1790423667.7874157,2.551701996708289
1790423667.7919202,37.44634901522659
1790423667.7927327,1.743055006954819
1790423667.7980905,42.313870013458654
1790423667.799623,24.78287398116663
1790423667.800853,52.76453500846401
1790423667.8018162,12.949906988069415
1790423667.8025806,25.047228002222255
1790423667.8037672,41.03256901726127
1790423667.8047557,10.017669992521405
1790423667.8064108,3.4436889982316643
1790423667.8074512,7.398703979561105
1790423667.808178,4.166972008533776
1790423667.8083777,7.17648200225085
1790423667.808696,2.860303007764742
1790423667.8092995,42.39917901577428
1790423667.810332,34.60475298925303
1790423667.8107953,27.284766983939335
1790423667.8110697,20.73118998669088
1790423667.8128374,13.20310600567609
1790423667.812946,8.18181099020876
1790423667.8130133,36.59803999471478
1790423667.8130722,11.243882996495813
1790423667.81537,1.4198520220816135
1790423667.817898,3.2912309980019927
1790423667.82064,3.4384169848635793
1790423667.820794,4.389752022689208
1790423667.8212914,5.314067006111145
1790423667.8223414,6.792100990423933
1790423667.822783,4.351317009422928
1790423667.8228726,3.612136992160231
1790423667.8233905,3.027908009244129
1790423667.8237576,1.4078100211918354
1790423667.8251925,1.1621460143942386
1790423667.8275278,1.2097219878342003
1790423667.8310773,1.2501360033638775
1790423667.8483627,1.70631697983481
1790423667.8530564,23.69740398717113
1790423667.8531313,4.6375660167541355
1790423667.8581364,1.5013910015113652
1790423667.861629,1.5476679836865515
1790423667.865936,1.8549679953139275
1790423667.8666465,1.4532650238834321
1790423667.870633,1.6486940148752183
1790423667.870752,14.911712001776323
1790423667.8710084,27.798499999335036
1790423667.8718321,10.997043020324782
1790423667.8724232,4.9316149961669
1790423667.8733735,1.5313329931814224
1790423667.88385,1.431088981917128
1790423667.88513,1.9003759953193367
1790423667.8859568,1.4986289897933602
1790423667.8924747,1.4731319970451295
1790423667.9070218,1.6621729882899672
1790423667.9091775,1.7921699909493327
1790423667.9190376,24.883833015337586
1790423667.9198024,27.181748999282718
1790423667.9198864,2.718803007155657
1790423667.919955,11.514687008457258
1790423667.926612,1.9538020133040845
1790423667.9275208,2.2352359956130385
1790423667.944188,3.521273989463225
1790423667.9478335,12.50459998846054
1790423667.9518404,22.06232098978944
1790423667.952378,26.68614700087346
1790423667.9525476,10.24065600358881
1790423667.9526284,3.738466009963304
1790423667.9528236,9.447582997381687
1790423667.9554746,26.664603006793186
1790423667.9584315,1.8184339860454202
1790423667.9642103,4.3553469877224416
1790423667.9650545,3.990258992416784
1790423667.9658487,1.6248819883912802
1790423667.969366,1.7415570036973804
1790423667.9714804,25.029250013176352
1790423667.9725442,31.12770098960027
1790423667.9734426,16.183808009373024
1790423667.9735594,11.311289999866858
1790423667.9736574,7.157342013670132
1790423667.985198,22.21461699809879
1790423667.9867485,19.386758998734877
1790423667.9885201,3.9049499901011586
1790423667.9886053,28.18980099982582
1790423667.9908524,1.3223460118751973
1790423667.999411,1.9512519938871264
1790423668.0036802,16.716531972633675
1790423668.0059175,27.41668201633729
1790423668.0060918,8.064463996561244
1790423668.0062268,12.388129980536178
1790423668.006999,1.9181400130037218
1790423668.008111,23.970373993506655
1790423668.0117474,23.937791003845632
1790423668.0118284,14.894523978000507
1790423668.0138912,34.039988997392356
1790423668.0141103,13.760973990429193
1790423668.0142677,4.373581992695108
1790423668.014745,2.236987027572468
1790423668.0173304,1.3740849972236902
1790423668.025451,1.6603340045548975
1790423668.0275056,17.084244027500972
1790423668.0284593,9.085964993573725
1790423668.0285788,27.018824010156095
1790423668.028645,24.726964998990297
1790423668.048776,9.827128000324592
1790423668.048987,26.32278698729351
1790423668.0490878,29.043069982435554
1790423668.0493803,2.5320140121039003
1790423668.0522847,7.372534018941224
1790423668.0547838,28.86875398689881
1790423668.0548801,20.05079001537524
1790423668.056091,30.582346982555464
1790423668.0566828,16.287860984448344
1790423668.0567532,3.0126199999358505
1790423668.058276,1.4033959887456149
1790423668.0639906,1.333194988546893
1790423668.0663621,1.6736009856685996
1790423668.0779088,1.9501550123095512
1790423668.0858967,1.8496429838705808
1790423668.086274,1.6193389892578125
1790423668.0888674,12.24531198386103
1790423668.0889726,23.77264798269607
1790423668.0965734,2.1204419899731874
1790423668.1063304,2.8536220197565854
1790423668.1109009,1.7248030053451657
1790423668.1132975,16.55246497830376
1790423668.113996,24.7375059989281
1790423668.114089,9.211916010826826
1790423668.1160688,20.07633398170583
1790423668.1161828,28.599468991160393
1790423668.1163146,12.19472600496374
1790423668.1188192,4.094275995157659
1790423668.1202087,2.94106500223279
1790423668.1203508,3.521247999742627
1790423668.1204162,2.0847920095548034
1790423668.123107,1.2867290060967207
1790423668.1268933,1.371492020552978
1790423668.1310842,1.5017309924587607
1790423668.1364253,1.9671999907586724
1790423668.1429803,1.6716989921405911
1790423668.14826,16.932388010900468
1790423668.1483648,24.65530898189172
1790423668.1495788,13.994126988109201
1790423668.1501753,27.024074021028355
1790423668.1502988,8.120012993458658
1790423668.151207,2.6403719966765493
1790423668.152356,1.620982016902417
1790423668.1548197,21.191881998674944
1790423668.1554198,28.06996399885975
1790423668.1558795,19.272083998657763
1790423668.1565323,12.127817986765876
1790423668.1566029,4.991545982193202
1790423668.1597052,1.489842019509524
1790423668.1599758,1.294116984354332
1790423668.16613,1.605631987331435
1790423668.1667838,1.3745910255238414
1790423668.1691315,1.1914610222447664
1790423668.171639,1.132014993345365
1790423668.175304,1.0898200271185488
1790423668.1824968,1.6298539994750172
1790423668.1868567,1.609099010238424
1790423668.1979642,1.9166540005244315
1790423668.2072713,1.7746810044627637
1790423668.2078705,24.467173992889002
1790423668.2085536,18.101355992257595
1790423668.20864,7.21927301492542
1790423668.2146933,19.508516998030245
1790423668.2155776,10.872046026634052
1790423668.2158499,2.066262997686863
1790423668.215928,27.14495299733244
1790423668.2194796,1.2660729989875108
1790423668.2254624,1.6088359989225864
1790423668.2326794,12.242806988069788
1790423668.237667,2.2868259984534234
1790423668.2434478,1.412637997418642
1790423668.2453303,1.2130959948990494
1790423668.2469506,26.13570701214485
1790423668.2470253,11.193190002813935
1790423668.2496967,1.1560569982975721
1790423668.2547462,1.276619004784152
1790423668.2596955,1.301615993725136
1790423668.2636216,1.429712981916964
1790423668.2650077,2.27088900282979
1790423668.2657,1.8425120215397328
1790423668.266039,1.427804003469646
1790423668.268005,1.3298499980010092
1790423668.2734008,1.1042059923056513
1790423668.2774234,1.3314009993337095
1790423668.2910988,2.1333030017558485
1790423668.2911844,2.6606390019878745
1790423668.2933497,1.6959329950623214
1790423668.2976563,1077.2167749819346
1790423668.318309,12.972096010344103
1790423668.3186905,12.75595198967494
1790423668.330901,18.291193002369255
1790423668.3347378,24.71363398944959
1790423668.3373742,18.035886983852834
1790423668.33803,45.979429996805266
1790423668.3383815,10.713686002418399
1790423668.3384943,38.316321006277576
1790423668.3402073,21.326704998500645
1790423668.3479717,57.58206199971028
1790423668.3497512,29.25463000428863
1790423668.349834,40.48307001357898
1790423668.350022,33.9026759902481
1790423668.3500977,8.341873995959759
1790423668.350383,49.835857993457466
1790423668.350515,20.7193779933732
1790423668.355835,1.6728649789001793
1790423668.3586872,61.95945499348454
1790423668.3589098,32.81465100008063
1790423668.359498,34.42241801531054
1790423668.360185,22.797247976996005
1790423668.3609269,14.259709016187117
1790423668.3613951,27.47255700523965
1790423668.361491,4.635851975763217
1790423668.3615777,16.420040978118777
1790423668.3659,1.2688230199273676
1790423668.3718889,35.946910007623956
1790423668.371985,8.549837017199025
1790423668.3746839,1.440588996047154
1790423668.3823197,1.3473450089804828
1790423668.3857982,21.632629999658093
1790423668.3861225,8.02707500406541
1790423668.3861942,23.692884016782045
1790423668.3906972,1.5008500195108354
1790423668.3927662,1.3303090236149728
1790423668.3947425,15.118025010451674
1790423668.3950393,24.32764499098994
1790423668.395102,5.268345994409174
1790423668.3983722,1.3131369778420776
1790423668.4003563,1.456287020118907
1790423668.4007657,2.384816005360335
1790423668.4026644,1.890015002572909
1790423668.4083393,1.8101679743267596
1790423668.4084039,2.4615160073153675
1790423668.4150903,1.2861689901910722
1790423668.422156,23.363884014543146
1790423668.4230406,2.1876890095882118
1790423668.4234967,21.797413006424904
1790423668.4235644,12.46503199217841
1790423668.4237716,27.81605499330908
1790423668.4245305,1.4797559997532517
1790423668.4338255,1.5052160015329719
1790423668.4395666,1.3211150071583688
1790423668.44701,23.13088599476032
1790423668.447285,6.690158013952896
1790423668.4480925,14.25636900239624
1790423668.4481907,28.21063797455281
1790423668.4499364,2.447720995405689
1790423668.4506207,2.201024006353691
1790423668.454824,1.2321049871388823
1790423668.458036,26.414468011353165
1790423668.458461,23.208971018902957
1790423668.4595907,18.501879007089883
1790423668.459703,28.639839991228655
1790423668.45977,10.791084001539275
1790423668.462132,1.3048289983998984
1790423668.4703784,1.3440090115182102
1790423668.478216,2.003346016863361
1790423668.4811926,1.3392800174187869
1790423668.4880414,1.9078430195804685
1790423668.491714,6.923210981767625
1790423668.4918532,16.258551011560485
1790423668.4920971,26.321566983824596
1790423668.492676,1.5691050211898983
1790423668.4961848,1.2907730124425143
1790423668.509661,24.186697002733126
1790423668.5103035,17.525628994917497
1790423668.5103726,26.45615499932319
1790423668.5162606,2.6977680099662393
1790423668.5185702,1.6983910172712058
1790423668.5218933,25.33659597975202
1790423668.5235393,9.354932990390807
1790423668.5276747,6.989823974436149
1790423668.5285845,5.032174987718463
1790423668.5289207,6.2880690093152225
1790423668.5361562,2.040407998720184
1790423668.5426164,31.66093397885561
1790423668.5433223,28.523952001705766
1790423668.5459578,39.17897000792436
1790423668.5461307,21.832441008882597
1790423668.5470114,6.9001480005681515
1790423668.5474145,4.078203986864537
1790423668.547513,25.345097994431853
1790423668.5484455,2.3020789958536625
1790423668.5561225,3.3691750140860677
1790423668.556575,2.966367028420791
1790423668.5619025,1.8260600045323372
1790423668.567019,1.9083789957221597
1790423668.581728,54.03510699397884
1790423668.5840719,2.323862019693479
1790423668.5904098,49.66510197846219
1790423668.5905252,63.55473000439815
1790423668.5920599,14.862779004033655
1790423668.592196,29.7527149959933
1790423668.593385,38.60658500343561
1790423668.5935116,41.5054649929516
1790423668.5936618,26.28251601709053
1790423668.594533,1.9275289960205555
1790423668.6042309,1.8336430075578392
1790423668.6082442,1.7021890089381486
1790423668.612933,3.1880399910733104
1790423668.6131794,3.9459450053982437
1790423668.6132817,2.1455450041685253
1790423668.6133666,2.846718009095639
1790423668.6161518,2.0989489858038723
1790423668.6162214,2.2355029941536486
1790423668.6189523,1.5294640033971518
1790423668.6211653,1.5265010006260127
1790423668.626416,1.9057790050283074
1790423668.6282544,1.9724240119103342
1790423668.6303916,1.5715989866293967
1790423668.6424756,4.4048150011803955
1790423668.6426973,4.026392998639494
1790423668.642779,3.6481290007941425
1790423668.6430507,2.4747840070631355
1790423668.6433017,3.30201699398458
1790423668.6544013,2.5084980006795377
1790423668.6689103,6.3494929927401245
1790423668.66953,4.565507988445461
1790423668.6814437,27.029543998651206
1790423668.6817088,18.25705001829192
1790423668.6817868,12.860568996984512
1790423668.6831853,30.530538002494723
1790423668.683796,20.17168700695038
1790423668.6839035,30.750548001378775
1790423668.683972,4.998296004487202
1790423668.6840315,7.144817995140329
1790423668.6853125,34.06152702518739
1790423668.6862228,18.972366000525653
1790423668.692418,22.750080010155216
1790423668.6988368,32.46646199841052
1790423668.6994689,21.769389015389606
1790423668.699568,13.858505990356207
1790423668.7017794,1.8756600038614124
1790423668.7022338,28.45982098369859
1790423668.7060037,2.0366609969642013
1790423668.70808,29.735774995060638
1790423668.7126338,2.1538350265473127
1790423668.715004,1.551750989165157
1790423668.7168677,21.91896698786877
1790423668.7170656,42.11901800590567
1790423668.7174003,9.00447298772633
1790423668.717485,2.2617180075030774
1790423668.738118,2.6110640028491616
1790423668.7421381,22.126269002910703
1790423668.7470565,26.507560978643596
1790423668.7471523,9.7479919786565
1790423668.754337,24.848934001056477
1790423668.7548096,24.64247401803732
1790423668.7550724,1.6900390037335455
1790423668.7575932,1.3993070169817656
1790423668.7603471,1.348994002910331
1790423668.7607946,1.2776570220012218
1790423668.7626288,1.2816429953090847
1790423668.7684295,2.3516179935541004
1790423668.7699785,4.287457995815203
1790423668.7703094,3.575825016014278
1790423668.7704663,3.363605006597936
1790423668.7745063,2.110005996655673
1790423668.7749813,1.566688995808363
1790423668.783631,1.9066889944951981
1790423668.7922115,2.837316016666591
1790423668.7926252,2.682135993381962
1790423668.793432,1.938668021466583
1790423668.7950099,22.152318997541443
1790423668.7966626,9.039695985848084
1790423668.7973924,6.731422996381298
1790423668.7977464,28.922978992341086
1790423668.7978475,2.40157701773569
1790423668.798629,1.7943360144272447
1790423668.8028557,1.289039006223902
1790423668.8081193,1.3415489811450243
1790423668.8109715,1.42970698652789
1790423668.812652,1.6723070002626628
1790423668.8131204,1.7108710017055273
1790423668.8143134,1.181577012175694
1790423668.8296638,1.481320010498166
1790423668.8349109,1.6044170188251883
1790423668.8349617,2.0982019777875394
1790423668.836945,1.6589029983151704
1790423668.8376997,1.5646380197722465
1790423668.845707,3.539959987392649
1790423668.846555,2.8094740118831396
1790423668.8469973,4.174599016550928
1790423668.847921,3.533089009579271
1790423668.8487594,1.7533490026835352
1790423668.849074,1.6005329962354153
1790423668.8504643,1.381692010909319
1790423668.8507586,1.2668599956668913
1790423668.855416,1.4793929876759648
1790423668.8607717,2.3583559959661216
1790423668.8630323,3.2287150097545236
1790423668.8638,4.326602997025475
1790423668.864597,2.8924369835294783
1790423668.8649232,2.631518989801407
1790423668.864974,6.050292984582484
1790423668.8650491,4.2661199986469
1790423668.8675075,1.5270110161509365
1790423668.8735592,1.3345109764486551
1790423668.8740737,1.3838650193065405
1790423668.8761725,1.0953449818771333
1790423668.8830762,1.778637000825256
1790423668.883618,1.483101019402966
1790423668.8994021,1.5688519924879074
1790423668.9030318,2.5176130002364516
1790423668.9072871,26.490917982300743
1790423668.9083667,7.42355000693351
1790423668.9088514,22.729707998223603
1790423668.910178,2.7783859986811876
1790423668.9162524,3.0911310168448836
1790423668.9198637,2.3943139822222292
1790423668.9307532,25.770348991500214
1790423668.9322104,23.082429979695007
1790423668.933016,31.35585700511001
1790423668.9337447,14.599660004023463
1790423668.9338558,19.250786979682744
1790423668.9369466,30.532742996001616
1790423668.937311,25.107935012783855
1790423668.9380357,34.945021994644776
1790423668.9392533,23.789794999174774
1790423668.9397671,17.52160399337299
1790423668.9463224,2.3743830097373575
1790423668.9466486,7.385072996839881
1790423668.947289,27.127655019285157
1790423668.9475884,12.648149015149102
1790423668.9478388,2.9913969920016825
1790423668.9583967,2.591055992525071
1790423668.9589148,1.9079039921052754
1790423668.9618485,16.175470023881644
1790423668.9627533,4.859426990151405
1790423668.9628642,24.097064015222713
1790423668.9636552,1.4716289879288524
1790423668.9643495,1.3105640246067196
1790423668.9694655,1.4524089929182082
1790423668.9695685,1.9960550125688314
1790423668.9713933,1.0798880248330534
1790423668.9801493,2.099684003042057
1790423668.980207,2.499324007658288
1790423668.983206,1.1420060181990266
1790423668.990312,1.5111760003492236
1790423669.013734,12.746469990815967
1790423669.0137963,24.542862025555223
1790423669.0156114,14.0815110062249
1790423669.015731,25.31412898679264
1790423669.0174096,2.2547399858012795
1790423669.0174928,1.646096003241837
1790423669.0196033,38.4003070066683
1790423669.0280132,18.535259005147964
1790423669.0283978,36.380720004672185
1790423669.0287478,10.236964997602627
1790423669.0288224,29.20255600474775
1790423669.034279,1.954687002580613
1790423669.034829,1.4776580210309476
1790423669.0397732,1.336330984486267
1790423669.0409892,11.87139900866896
1790423669.04585,1.5773909981362522
1790423669.0589817,29.382974025793374
1790423669.0594046,21.67824300704524
1790423669.059929,13.897511991672218
1790423669.0612512,7.462915003998205
1790423669.0627704,5.103561998112127
1790423669.0703268,22.978580003837124
1790423669.0827801,28.278407990001142
1790423669.0838706,23.388851986965165
1790423669.083975,38.96828499273397
1790423669.0846183,32.372776011470705
1790423669.0872188,31.796663999557495
1790423669.0909157,41.07435600599274
1790423669.0918095,28.619085991522297
1790423669.0925534,19.569104013498873
1790423669.0935726,26.257249002810568
1790423669.0952334,31.151854986092076
1790423669.0957632,26.163371978327632
1790423669.095994,29.497546987840906
1790423669.096563,34.6089790109545
1790423669.0967317,22.370241989847273
1790423669.1001506,24.44191198446788
1790423669.1002967,21.66780800325796
1790423669.1006873,25.558699009707198
1790423669.1123211,41.60747697460465
1790423669.1132145,40.88362600305118
1790423669.1138089,34.45341999758966
1790423669.1139593,22.841586003778502
1790423669.1140501,26.390301005449146
1790423669.1149602,13.681127020390704
1790423669.1153424,6.634043995290995
1790423669.1154206,9.960668976418674
1790423669.118536,38.137258001370355
1790423669.119232,42.197678005322814
1790423669.119801,31.673914985731244
1790423669.1205688,3.9195660210680217
1790423669.121216,17.865170986624435
1790423669.1216974,29.874972999095917
1790423669.1226187,12.362900015432388
1790423669.12272,16.523213998880237
1790423669.1228197,5.688170000212267
1790423669.1245873,40.149178996216506
1790423669.12499,40.32167498371564
1790423669.1260076,36.040518985828385
1790423669.1261358,30.13224300229922
1790423669.1274571,22.682328999508172
1790423669.127531,20.387694996315986
1790423669.1286175,8.036225015530363
1790423669.1287217,17.491580016212538
1790423669.1374106,1.6367269854526967
1790423669.1403441,1.3152470055501908
1790423669.147447,1.3483899820130318
1790423669.1492639,1.4065360010135919
1790423669.151466,19.465402991045266
1790423669.1521041,24.513067997759208
1790423669.1521757,7.6576950086746365
1790423669.1527176,2.3179129930213094
1790423669.1696198,1.6170819872058928
1790423669.1728268,1.8092889804393053
1790423669.1767232,2.0229340007063
1790423669.1781301,1.9898220198228955
1790423669.1784017,1.5376499795820564
1790423669.1860514,2.025133988354355
1790423669.188978,1.5299489896278828
1790423669.1914656,2.1805640135426074
1790423669.2145681,33.58897898579016
1790423669.2146828,16.318014997523278
1790423669.2151055,30.53725598147139
1790423669.2151852,3.924677992472425
1790423669.224631,1.8982119800057262
1790423669.224804,17.29869397240691
1790423669.2260816,19.383417995413765
1790423669.2268605,35.88498101453297
1790423669.226963,5.817906989250332
1790423669.2295358,33.596134977415204
1790423669.2296407,8.393208991037682
1790423669.2329924,1.7006589914672077
1790423669.233359,1.5658199845347553
1790423669.2440917,1.8753110198304057
1790423669.2449112,1.587798004038632
1790423669.2586384,19.41685299971141
1790423669.2591915,29.249831015476957
1790423669.2595372,11.560940998606384
1790423669.2599294,7.799557002726942
1790423669.2683604,4.110918991500512
1790423669.274036,22.470105992397293
1790423669.2751746,21.718264993978664
1790423669.2753115,26.524205022724345
1790423669.2755132,9.862029983196408
1790423669.276125,26.135078980587423
1790423669.2766736,11.733999999705702
1790423669.2767782,31.626847019651905
1790423669.2768557,24.04552197549492
1790423669.2898602,23.229152982821688
1790423669.2909365,2.157504000933841
1790423669.301675,35.663816990563646
1790423669.3051302,21.66055398993194
1790423669.3073647,10.606463009025902
1790423669.3076508,16.21613698080182
1790423669.3124602,14.733785996213555
1790423669.3143625,12.597911001648754
1790423669.3147035,6.126392021542415
1790423669.315022,9.876305004581809
1790423669.3237731,30.222200992284343
1790423669.3246038,25.443538994295523
1790423669.3272085,42.77378600090742
1790423669.3298838,29.11187199060805
1790423669.3320675,29.412853007670492
1790423669.33697,31.329923018347472
1790423669.352221,48.77275999751873
1790423669.3523412,45.96095401211642
1790423669.3599958,49.88524899818003
1790423669.3601005,32.48885998618789
1790423669.36593,48.06953598745167
1790423669.3668303,68.52050899760798
1790423669.3683567,45.759719010675326
1790423669.370288,40.20758002297953
1790423669.3720891,36.46684798877686
1790423669.37502,65.47322700498626
1790423669.375197,41.8860939971637
1790423669.381681,34.9700580118224
1790423669.3822775,44.928899995284155
1790423669.3886557,24.061658012215048
1790423669.3890228,64.00674598990008
1790423669.3915386,19.43168300203979
1790423669.392354,65.86246399092488
1790423669.3942945,40.997261996380985
1790423669.3951085,56.47688600583933
1790423669.3963747,19.379917008336633
1790423669.3964531,29.436345997964963
1790423669.3967125,18.272480985615402
1790423669.3969905,22.436902014305815
1790423669.3970695,4.9515079881530255
1790423669.3987832,55.09098299080506
1790423669.3990486,1.3518230116460472
1790423669.3994393,85.79901201301254
1790423669.4002724,45.13578399200924
1790423669.4007652,24.663040996529162
1790423669.4009044,32.185793010285124
1790423669.4013176,18.0343370011542
1790423669.4014053,50.575100001879036
1790423669.4016814,8.10116299544461
1790423669.4052482,1.2534770066849887
1790423669.4113474,25.52811201894656
1790423669.411943,1.4094880025368184
1790423669.4166,35.43245600303635
1790423669.4168017,22.496595018310472
1790423669.4172564,11.074262001784518
1790423669.4178615,3.2223779999185354
1790423669.4197497,1.785764005035162
1790423669.4210281,1.6686830203980207
1790423669.4220552,12.84322701394558
1790423669.432039,12.095480022253469
1790423669.4322147,26.86703999643214
1790423669.432329,16.631208010949194
1790423669.4329863,2.809838013490662
1790423669.4378796,2.672433009138331
1790423669.444393,25.82419299869798
1790423669.4445395,15.019564976682886
1790423669.4447553,7.372919004410505
1790423669.445775,3.2588769972790033
1790423669.4469228,2.058271988062188
1790423669.45646,1.7160990100819618
1790423669.4571269,1.5344560088124126
1790423669.464279,25.540220987750217
1790423669.4649794,28.862631006632
1790423669.4655712,11.485344002721831
1790423669.4656472,3.8763369957450777
1790423669.4699695,2.879968989873305
1790423669.4708853,2.2763930028304458
1790423669.4709468,1.885944016976282
1790423669.483277,1.9741400028578937
1790423669.5080323,13.047572021605447
1790423669.5081062,5.200260988203809
1790423669.5081804,25.89787301258184
1790423669.5103917,19.614037999417633
1790423669.5117126,24.559929996030405
1790423669.5122638,20.475558994803578
1790423669.512744,5.173362995265052
1790423669.5133185,11.579418001929298
1790423669.5134025,25.788547995034605
1790423669.513973,12.757677002809942
1790423669.5148435,9.08320298185572
1790423669.517859,1.3262320135254413
1790423669.5251076,1.5602780040353537
1790423669.528789,1.4570759958587587
1790423669.5411499,27.3514750006143
1790423669.5413363,28.535157995065674
1790423669.5414243,16.305395984090865
1790423669.541884,9.947984013706446
1790423669.5433238,16.94898199639283
1790423669.5512133,6.592424993868917
1790423669.5553672,19.308135990286246
1790423669.5566978,31.042717018863186
1790423669.5573199,4.596059996401891
1790423669.557553,11.494504025904462
1790423669.5731676,30.56901099625975
1790423669.5842285,30.91519101872109
1790423669.5849807,42.89195401361212
1790423669.5861964,34.60211999481544
1790423669.5870967,31.717523001134396
1790423669.5876224,27.77169900946319
1790423669.5877116,43.59561699675396
1790423669.5889814,32.26954399724491
1790423669.5895958,42.947120004100725
1790423669.5897143,25.236332992790267
1790423669.5901003,26.23688499443233
1790423669.5955536,32.33366401400417
1790423669.5993736,26.062249002279714
1790423669.601666,34.82881298987195
1790423669.6018746,28.692099993349984
1790423669.601946,26.107678975677118
1790423669.603387,28.447138000046834
1790423669.6035075,45.897021976998076
1790423669.6133413,29.0985350147821
1790423669.6170983,21.335149998776615
1790423669.6174986,46.34958799579181
1790423669.6177216,15.61912801116705
1790423669.61825,6.099602003814653
1790423669.6211379,24.363159987842664
1790423669.6214068,44.746528001269326
1790423669.62156,38.54841899010353
1790423669.6216712,10.82431199029088
1790423669.6226695,2.66403699060902
1790423669.6251028,1.2158800091128796
1790423669.6276338,30.291663017123938
1790423669.6280708,40.22093801177107
1790423669.628391,7.66028999350965
1790423669.6284513,16.98293400113471
1790423669.6297684,1.1914799979422241
1790423669.6421177,1.8223130027763546
1790423669.6423693,1.3673740031663328
1790423669.6436193,25.160352000966668
1790423669.6436996,21.75664302194491
1790423669.6442578,1.7013120232149959
1790423669.6443555,8.388631016714498
1790423669.6480389,2.4612910056021065
1790423669.6486363,3.555584989953786
1790423669.6503375,3.93939801142551
1790423669.6511385,3.5245830076746643
1790423669.652046,3.9974259852897376
1790423669.6525831,3.9375719788949937
1790423669.653182,3.8045010005589575
1790423669.6541498,1.3998039939906448
1790423669.6541996,1.9888470123987645
1790423669.6559944,1.0654669895302504
1790423669.6647255,1.5018460107967257
1790423669.6709428,1.368091005133465
1790423669.674707,11.8891219899524
1790423669.6795352,14.052820013603196
1790423669.679638,20.746559981489554
1790423669.683953,1.7462529940530658
1790423669.6859653,18.435445002978668
1790423669.6864274,1.7405739927198738
1790423669.6864974,2.9318669985514134
1790423669.6865673,24.17803098796867
1790423669.6934013,1.624386990442872
1790423669.695439,1.804636005545035
1790423669.69744,1.1896959913428873
1790423669.7015188,1.7464570119045675
1790423669.7045856,1.1379469942767173
1790423669.7087765,1.517586992122233
1790423669.7105682,1.2037449923809618
1790423669.712613,1.1738429893739522
1790423669.7160764,23.48931401502341
1790423669.7161822,21.947194007225335
1790423669.716444,16.25160701223649
1790423669.716898,8.203912002500147
1790423669.7259312,2.085943997371942
1790423669.732562,1.3082619989290833
1790423669.739334,2.0049930026289076
1790423669.7394583,15.060211007948965
1790423669.7399585,23.014402977423742
1790423669.7400165,2.190565981436521
1790423669.7422156,1.1693249980453402
1790423669.7445557,1.0143000108655542
1790423669.7474852,1.4851349988020957
1790423669.7479854,1.1283450003247708
1790423669.750042,1.1479940149001777
1790423669.7513316,1.062447001459077
1790423669.7541633,1.1271960102021694
1790423669.7613752,2.627484005643055
1790423669.7813401,22.171788004925475
1790423669.7826688,27.573045023018494
1790423669.7839503,5.230704991845414
1790423669.7842984,15.06769101251848
1790423669.7853045,27.113290008855984
1790423669.7853744,25.412985996808857
1790423669.7856002,11.617570999078453
1790423669.7857592,30.254967015935108
1790423669.7863743,3.0128090002108365
1790423669.7958333,28.26906502014026
1790423669.7966003,19.400838995352387
1790423669.7967622,6.100651022279635
1790423669.7968516,29.964776011183858
1790423669.7989738,1.3842920016031712
1790423669.8004167,1.2894769897684455
1790423669.805697,1.7456870118621737
1790423669.8064601,1.4719940081704408
1790423669.8104882,16.0890230035875
1790423669.8201256,16.628933983156458
1790423669.8211489,29.66775602544658
1790423669.8212147,12.004811025690287
1790423669.8245127,1.3378210132941604
1790423669.8254783,12.410753988660872
1790423669.8300173,1.2529990053735673
1790423669.8407674,14.229635999072343
1790423669.841359,27.760854980442673
1790423669.8419855,10.996304015861824
1790423669.8625853,19.739845010917634
1790423669.872848,40.13358597876504
1790423669.873656,16.33637200575322
1790423669.873775,9.279277990572155
1790423669.875388,33.91759400255978
1790423669.8755767,5.749923002440482
1790423669.8842309,24.132638005539775
1790423669.8847642,32.20450901426375
1790423669.8856363,18.751642986899242
1790423669.88572,9.007588989334181
1790423669.8903723,1.838308002334088
1790423669.9123921,29.0541649737861
1790423669.9182131,101.84397900593467
1790423669.9197752,7.370261009782553
1790423669.9199183,26.338070980273187
1790423669.9212127,1.2144650099799037
1790423669.9277494,53.538333013420925
1790423669.928565,19.50740098254755
1790423669.928721,15.389438980491832
1790423669.9288003,31.025279982713982
1790423669.9291205,4.736175993457437
1790423669.9305646,88.33875201526098
1790423669.930883,72.65572898904793
1790423669.9313087,104.66197697678581
1790423669.9314432,43.40329399565235
1790423669.9366276,1.4735610166098922
1790423669.937202,1.3873180141672492
1790423669.9613662,18.73505802359432
1790423669.9746838,85.57302100234665
1790423669.9759443,27.668268012348562
1790423669.976862,65.59308699797839
1790423669.9777257,31.97429102146998
1790423669.978114,35.01431198674254
1790423669.9785447,70.77599701005965
1790423669.9796343,61.206944985315204
1790423669.984379,52.245416009100154
1790423669.986404,33.264273981330916
1790423669.9968407,56.197717000031844
1790423669.9974256,36.69174900278449
1790423670.0028908,47.50700399745256
1790423670.0030966,51.951152010587975
1790423670.0031822,52.66791500616819
1790423670.0041187,32.57402399322018
1790423670.0044162,40.52333100116812
1790423670.005301,63.37683700257912
1790423670.0055344,58.24610000126995
1790423670.0063224,9.430492005776614
1790423670.0066543,57.89327100501396
1790423670.0067358,37.09780899225734
1790423670.0068753,26.622678997227922
1790423670.0069716,17.443356016883627
1790423670.0098844,62.99468700308353
1790423670.0107813,10.348081006668508
1790423670.0109384,29.99739200458862
1790423670.0114915,16.56123300199397
1790423670.012126,3.718974010553211
1790423670.0189886,1.3304589956533164
1790423670.0202878,49.895634001586586
1790423670.0211182,42.50369800138287
1790423670.0214713,52.76198001229204
1790423670.0215967,33.91472197836265
1790423670.02307,27.909860014915466
1790423670.0235765,21.58032200532034
1790423670.0237103,13.557550992118195
1790423670.0239954,4.557394975563511
1790423670.0270555,1.3200340035837144
1790423670.0307643,1.4351389836519957
1790423670.036426,29.040538996923715
1790423670.036899,20.935841021128
1790423670.037535,28.18831300828606
1790423670.0375967,15.701866010203958
1790423670.0415852,1.1947219900321215
1790423670.0522413,6.388384004822001
1790423670.056863,23.09677199809812
1790423670.0570114,27.027115982491523
1790423670.0572135,13.633227994432673
1790423670.058972,1.7466599820181727
1790423670.071414,26.000133017078042
1790423670.0715,12.101988977519795
1790423670.0729992,1.3928519911132753
1790423670.0742157,1.2080619926564395
1790423670.0749369,32.379101001424715
1790423670.0758386,20.374815998366103
1790423670.0759578,28.519988991320133
1790423670.0760171,7.076394016621634
1790423670.0780153,1.1082970013376325
1790423670.083337,1.1606790067162365
1790423670.086028,1.1175560066476464
1790423670.0974095,2.2158909996505827
1790423670.1009438,22.187066002516076
1790423670.1010413,21.783317992230877
1790423670.101159,13.765264011453837
1790423670.1014316,5.677262000972405
1790423670.1196127,27.64297800604254
1790423670.121749,31.28158501931466
1790423670.1218717,18.05143797537312
1790423670.1219957,8.190651977201924
1790423670.127384,1.766227011103183
1790423670.133993,23.290993995033205
1790423670.13609,23.508206999395043
1790423670.1367095,29.996958997799084
1790423670.1369028,8.009701006812975
1790423670.1374905,16.312237014062703
1790423670.1376417,13.854486984200776
1790423670.13779,29.898049018811435
1790423670.1390228,2.912884985562414
1790423670.1402512,1.2194039882160723
1790423670.14466,1.3685820158571005
1790423670.1521535,1.2824920122511685
1790423670.1550817,1.1930979962926358
1790423670.1603994,23.485148994950578
1790423670.1608174,12.90644399705343
1790423670.1613283,5.746409005951136
1790423670.161396,23.704170976998284
1790423670.1713583,1.2087929935660213
1790423670.178374,22.318167990306392
1790423670.178721,16.635665990179405
1790423670.1788313,6.158283998956904
1790423670.1901839,23.08407801319845
1790423670.1903305,23.691957991104573
1790423670.1910975,2.4150429817382246
1790423670.1913784,2.1810820035170764
1790423670.1952317,1.2646499963011593
1790423670.196348,1.1079880059696734
1790423670.2106216,1.2556410219985992
1790423670.2231028,21.871637989534065
1790423670.2232432,21.49174499209039
1790423670.2248812,2.487990976078436
1790423670.2254257,1.8724660039879382
1790423670.2380226,1.700054999673739
1790423670.2446785,2.0839559729211032
1790423670.2471225,1.7543960129842162
1790423670.2487113,17.57358098984696
1790423670.249183,6.059833976905793
1790423670.2492547,24.842618993716314
1790423670.252032,1.2504400219768286
1790423670.2540631,1.185523986350745
1790423670.2581127,1.3870790135115385
1790423670.2630756,2.3719739983789623
1790423670.2637343,1.9238810054957867
1790423670.2694077,1.145518006524071
1790423670.2708962,1.3547200069297105
1790423670.2735262,1.8232750007882714
1790423670.2745686,8.066148002399132
1790423670.2746174,1.7203500028699636
1790423670.2849844,1.807396998628974
1790423670.287674,16.462468018289655
1790423670.289409,12.336151005001739
1790423670.29044,27.754514012485743
1790423670.2905285,4.13381599355489
1790423670.2981474,1.5598030004184693
1790423670.2998774,20.237568009179085
1790423670.303878,2.498179004760459
1790423670.306017,18.332251987885684
1790423670.3079138,9.027504012919962
1790423670.308518,4.293486999813467
1790423670.309654,7.220778992632404
1790423670.3103135,34.33664201293141
1790423670.312343,6.3134810188785195
1790423670.3130128,4.409701999975368
1790423670.3139234,5.900051008211449
1790423670.3155591,2.099422999890521
1790423670.3172693,21.980025980155915
1790423670.318032,17.152721993625164
1790423670.3182125,29.97665700968355
1790423670.3186147,15.246603987179697
1790423670.3186877,8.898371015675366
1790423670.319389,11.962457007030025
1790423670.319448,4.915694997180253
1790423670.3220637,1.4742859930265695
1790423670.326063,1.3569430157076567
1790423670.3355663,22.54523101146333
1790423670.3357973,25.47310700174421
1790423670.3359094,20.228707988280803
1790423670.3368504,2.939426020020619
1790423670.336947,4.954673000611365
1790423670.3369992,1.8445499881636351
1790423670.3412476,1.1823589738924056
1790423670.3487613,1.3547760026995093
1790423670.3499422,1.2667869741562754
1790423670.3623958,18.900403985753655
1790423670.3625169,24.479527986841276
1790423670.3625822,11.856523982714862
1790423670.3661287,1.8592480046208948
1790423670.3718607,1.9555249891709536
1790423670.3744748,22.658907022560015
1790423670.3748872,8.1350959953852
1790423670.3749628,16.119435982545838
1790423670.3784373,23.149279004428536
1790423670.3795784,8.60473999637179
1790423670.3799987,28.565969987539575
1790423670.3800743,15.333190996898338
1790423670.380839,1.8978099978994578
1790423670.3811154,1.5261390071827918
1790423670.3898723,1.231672998983413
1790423670.3947964,1.1282949999440461
1790423670.3952947,1.0801279859151691
1790423670.405165,2.5199469819199294
1790423670.40524,2.1212509891483933
1790423670.408355,1.1012700269930065
1790423670.4114814,1.1109980114270002
1790423670.4164944,1.2730970047414303
1790423670.4203932,1.177639001980424
1790423670.4262817,1.224917999934405
1790423670.4368548,19.605699984822422
1790423670.4374175,22.69947199965827
1790423670.4374971,8.489878004183993
1790423670.438349,1.4767719840165228
1790423670.4408329,1.1831370065920055
1790423670.449515,1.7960150144062936
1790423670.4576507,23.698826000327244
1790423670.4628315,28.46072698594071
1790423670.4629152,16.99456200003624
1790423670.4638433,17.124183010309935
1790423670.474605,33.72852198663168
1790423670.4746814,23.414775991113856
1790423670.4759445,13.892129994928837
1790423670.4767337,3.1069279939401895
1790423670.476816,26.021336001576856
1790423670.4816546,33.464139996794984
1790423670.482943,27.799231000244617
1790423670.4830093,16.869068989763036
1790423670.4842958,4.26171999424696
1790423670.484433,9.557398007018492
1790423670.4850547,3.8848250114824623
1790423670.4887674,19.97265499085188
1790423670.4896278,33.429819013690576
1790423670.489726,11.387095000827685
1790423670.4901783,3.889510000590235
1790423670.4910038,1.2686100089922547
1790423670.4949415,1.2319230008870363
1790423670.507654,23.761566990287974
1790423670.5078597,9.512254007859156
1790423670.507956,20.855254988418892
1790423670.5124269,1.3604789855889976
1790423670.5129757,1.1926150182262063
1790423670.5209842,21.070007991511375
1790423670.521483,4.166112979874015
1790423670.521584,14.71682099509053
1790423670.5354114,1.3083110097795725
1790423670.5410206,1.3809619995299727
1790423670.5493438,1.498882018495351
1790423670.5526636,11.15971099352464
1790423670.5533304,24.802706990158185
1790423670.5536697,21.150768996449187
1790423670.5537558,3.4755139786284417
1790423670.554339,2.3897210194263607
1790423670.5546145,1.9411550019867718
1790423670.5569901,1.2495109986048192
1790423670.559517,1.3255400117486715
1790423670.560006,1.1911670153494924
1790423670.5661774,1.3431230036076158
1790423670.570352,1.619648013729602
1790423670.5719948,1.376904983771965
1790423670.5729032,1.770632021361962
1790423670.5743508,1.0463969956617802
1790423670.5793443,1.2532219989225268
1790423670.586939,17.310403985902667
1790423670.587083,15.078491996973753
1790423670.588764,23.3210849983152
1790423670.5890071,6.995203992119059
1790423670.6110542,18.102889007423073
1790423670.6112072,27.042121975682676
1790423670.6120212,10.735304007539526
1790423670.6121411,28.87969699804671
1790423670.615093,29.3662819894962
1790423670.6157453,31.07642600662075
1790423670.615918,15.859375009313226
1790423670.6159897,13.128001999575645
1790423670.616995,2.760117989964783
1790423670.6187553,31.29649700713344
1790423670.6204994,19.958973018219694
1790423670.620893,17.143637989647686
1790423670.6209657,3.1986840185709298
1790423670.621093,32.779670000309125
1790423670.6215062,1.8036330002360046
1790423670.6240592,1.2576039880514145
1790423670.6267643,1.236465002875775
1790423670.6302605,1.0974119941238314
1790423670.639165,1.3656409864779562
1790423670.642944,1.235551986610517
1790423670.6434138,1.2526979844551533
1790423670.6486363,4.124740982661024
1790423670.6487997,2.8629930166061968
1790423670.6488786,3.9968010096345097
1790423670.6495447,1.6469330003019422
1790423670.6550252,1.2993710115551949
1790423670.6598315,21.282358997268602
1790423670.6605718,16.695892001735047
1790423670.6611795,15.799524000613019
1790423670.6614497,6.012245983583853
1790423670.6615243,11.888314998941496
1790423670.6760194,22.887068014824763
1790423670.6768074,24.208838993217796
1790423670.6769378,2.7449769841041416
1790423670.677001,18.038149981293827
1790423670.6830778,1.5594260185025632
1790423670.6866176,15.428671991685405
1790423670.6878667,14.256365975597873
1790423670.688368,23.921467014588416
1790423670.68866,13.693929999135435
1790423670.688984,3.1534349836874753
1790423670.6891792,4.189647996099666
1790423670.689291,6.992934009758756
1790423670.6893625,27.248288999544457
1790423670.6894271,8.517148991813883
1790423670.69303,3.461128013441339
1790423670.6936805,3.1638410000596195
1790423670.694164,1.693216006970033
1790423670.6944447,1.4046989963389933
1790423670.7000346,1.0952139855362475
1790423670.7026575,1.2963750050403178
1790423670.7079911,1.8164330103900284
1790423670.711571,15.036688011605293
1790423670.71172,20.83303200197406
1790423670.712311,22.363858006428927
1790423670.71241,7.428732002153993
1790423670.7238917,3.1982039799913764
1790423670.7244384,4.352915013441816
1790423670.7245176,2.0493839983828366
1790423670.728408,22.66662401962094
1790423670.730331,9.734043997013941
1790423670.7321472,7.349760009674355
1790423670.7332664,26.51544800028205
1790423670.75521,21.354133990826085
1790423670.7585893,29.250553983729333
1790423670.7614408,29.28049099864438
1790423670.7618206,31.427248002728447
1790423670.7622118,23.526653996668756
1790423670.7637236,42.17540399986319
1790423670.7644687,4.6467969950754195
1790423670.7645676,23.40855001239106
1790423670.764644,32.92881799279712
1790423670.769166,32.71753099397756
1790423670.7726126,26.88702297746204
1790423670.773152,33.05027598980814
1790423670.7734287,4.153368005063385
1790423670.7833037,33.09212299063802
1790423670.7835777,1.5507349744439125
1790423670.7850387,35.7431220181752
1790423670.785259,7.876154995756224
1790423670.7855828,3.1083050125744194
1790423670.794281,1.268060994334519
1790423670.7954376,1.14819998270832
1790423670.7983842,22.134984988952056
1790423670.7987874,20.944708987371996
1790423670.7992127,10.115609999047592
1790423670.7992635,1.8917190027423203
1790423670.8036492,1.1565349996089935
1790423670.8092237,1.1421309900470078
1790423670.811937,11.68390701059252
1790423670.8231435,22.372362989699468
1790423670.8232498,10.990858019795269
1790423670.823332,7.149937009671703
1790423670.8250413,4.461497999727726
1790423670.8336859,19.410647015320137
1790423670.834875,25.612358993384987
1790423670.835027,15.525883994996548
1790423670.8361044,20.448216993827373
1790423670.8411198,17.29683199664578
1790423670.8443832,24.221112980740145
1790423670.844547,20.266981999156997
1790423670.8484519,22.70943799521774
1790423670.849963,36.195440974552184
1790423670.8555381,24.704527982976288
1790423670.8562393,37.24318800959736
1790423670.8568141,6.674694013781846
1790423670.8580465,17.570858995895833
1790423670.8587084,32.38030098145828
1790423670.8587735,1030.8545430016238
1790423670.8589113,22.67033001407981
1790423670.8599832,1.9238429958932102
1790423670.8608246,33.25311598018743
1790423670.8663905,38.28471800079569
1790423670.8680034,14.466587017523125
1790423670.868206,23.12647399958223
1790423670.8683295,5.31744200270623
1790423670.8687813,1.8278149946127087
1790423670.8712962,33.48056098911911
1790423670.8738513,35.23355899960734
1790423670.8748612,19.31303000310436
1790423670.8749456,27.210547996219248
1790423670.8752973,11.443824012530968
1790423670.8757496,4.024000023491681
1790423670.8814757,2.2524950036313385
1790423670.8828776,1.8009039922617376
1790423670.8856163,1.3248540053609759
1790423670.8866875,21.40637399861589
1790423670.8872302,28.161641996121034
1790423670.8875847,5.970634985715151
1790423670.8876398,10.47924702288583
1790423670.8923044,1.5042310114949942
1790423670.9024284,22.302689001662657
1790423670.9024878,18.62477697432041
1790423670.9049811,1.1608669883571565
1790423670.9070456,1.4265240170061588
1790423670.9144213,9.287519002100453
1790423670.9144914,21.341799991205335
1790423670.9170442,1.2230519787408412
1790423670.9193785,1.118159998441115
1790423670.9204853,1.0989799920935184
1790423670.927099,1056.3891179917846
1790423670.9287298,1.1583099840208888
1790423670.9358253,1.1134119995404035
1790423670.9404135,1.0814440029207617
1790423670.9493773,11.784617003286257
1790423670.949501,1084.308612975292
1790423670.9508488,3.139139007544145
1790423670.9509108,3.7281870027072728
1790423670.9544032,1.3336710107978433
1790423670.9583166,1110.055002005538
1790423670.9643645,1.477345998864621
1790423670.964804,1.3423610071185976
1790423670.9692204,21.631737996358424
1790423670.9711688,1.5684629906900227
1790423670.9714687,1.4129620103631169
1790423670.9800231,18.46419900539331
1790423670.98034,25.32610300113447
1790423670.980475,11.83993901940994
1790423670.981019,8.920978987589478
1790423670.984119,1.4622900052927434
1790423670.9871647,1.3693629880435765
1790423670.989776,1.1357770126778632
1790423670.9918547,1.1583839950617403
1790423670.9973066,20.331380976131186
1790423670.9977396,2.2913220163900405
1790423670.9978538,22.9424650024157
1790423670.9979649,10.318915999960154
1790423670.9986665,4.640820989152417
1790423670.9995348,1.253355003427714
1790423671.005873,1.5723109827376902
1790423671.0073473,1033.7318709935062
1790423671.013939,1.8959009903483093
1790423671.0142903,1.3526319817174226
1790423671.0326493,21.088996989419684
1790423671.0339255,17.263148009078577
1790423671.0340571,28.85234498535283
1790423671.053492,31.003740994492546
1790423671.053614,32.4289659911301
1790423671.0537663,24.002993013709784
1790423671.055728,22.4488309759181
1790423671.0567262,13.850315008312464
1790423671.0569613,6.811485014623031
1790423671.0609872,1.4158730045892298
1790423671.0655324,40.07714899489656
1790423671.0663152,35.865704994648695
1790423671.0685837,41.652391984825954
1790423671.0686524,30.54831101326272
1790423671.0698352,7.615773007273674
1790423671.070033,24.508248025085777
1790423671.0701807,15.82194899674505
1790423671.0718307,56.54283001786098
1790423671.0723972,1119.860462989891
1790423671.0735772,56.41355100669898
1790423671.0737243,47.701028001029044
1790423671.0738394,1107.9205620044377
1790423671.073911,1114.230420003878
1790423671.084271,52.96339301276021
1790423671.094517,26.339308999013156
1790423671.0956304,3.492402989650145
1790423671.0957162,12.6524519873783
1790423671.0978782,28.0312410031911
1790423671.097997,12.269380007637665
1790423671.0981224,31.04842299944721
1790423671.0990605,59.65975800063461
1790423671.099222,55.510902981041
1790423671.0996797,31.01691001211293
1790423671.1032841,1.3072819856461138
1790423671.1115334,1.7068900051526725
1790423671.1219926,38.39748600148596
1790423671.1260931,34.487337979953736
1790423671.1319826,18.96566801588051
1790423671.1352665,18.93440101412125
1790423671.1356766,34.97580002294853
1790423671.1358202,24.93087199400179
1790423671.137392,19.503902993164957
1790423671.1375399,17.893863026984036
1790423671.1376264,22.18627298134379
1790423671.142466,33.571073989151046
1790423671.1464486,12.716526020085439
1790423671.147564,32.82300601131283
1790423671.149057,14.802997000515461
1790423671.149184,25.3300339973066
1790423671.1492746,26.11336702830158
1790423671.149341,30.137813999317586
1790423671.1518755,1.4378730265889317
1790423671.1589363,34.547082002973184
1790423671.1595685,12.561873998492956
1790423671.1596437,6.022190995281562
1790423671.1633806,2.6919859810732305
1790423671.1730747,23.45113700721413
1790423671.1745045,7.71893301862292
1790423671.1747,29.134329000953585
1790423671.1747808,18.213690986158326
1790423671.1890023,26.197455008514225
1790423671.1893485,15.255131991580129
1790423671.191321,5.607519997283816
1790423671.1916907,9.403956006281078
1790423671.1917715,22.12769299512729
1790423671.1918542,29.952045006211847
1790423671.1920335,28.60772199346684
1790423671.1921299,11.816389014711604
1790423671.1921945,8.63332999870181
1790423671.2034166,24.2616250179708
1790423671.203838,20.954144973075017
1790423671.2054346,12.62728901929222
1790423671.2056558,30.106705002253875
1790423671.2068486,2.998220006702468
1790423671.2159367,20.71264898404479
1790423671.216009,5.176431994186714
1790423671.2160842,11.394728993764147
1790423671.2162778,4.9528160016052425
1790423671.2169702,31.855863984674215
1790423671.2187762,18.557454022811726
1790423671.2193632,24.65325899538584
1790423671.2289064,11.890935013070703
1790423671.230636,24.708602024475113
1790423671.2308202,18.140736006898805
1790423671.2397718,26.21562799322419
1790423671.2412236,13.426777004497126
1790423671.2412941,24.914662004448473
1790423671.2419548,22.111624013632536
1790423671.2435315,13.638649979839101
1790423671.2440195,26.315158989746124
1790423671.2463593,3.7460110033862293
1790423671.2464893,3.466577996732667
1790423671.2469332,1.6671869962010533
1790423671.2526562,30.13588601606898
1790423671.2542222,4.1313800029456615
1790423671.254893,2.719153999350965
1790423671.2567425,44.68973999610171
1790423671.2613318,2.630261005833745
1790423671.2620788,17.288294999161735
1790423671.2637286,1.3464399962686002
1790423671.2659042,27.413281000917777
1790423671.2664278,34.1467350081075
1790423671.2668405,15.328779991250485
1790423671.2671578,7.850325986510143
1790423671.2680738,11.227785988012329
1790423671.268161,17.4959379946813
1790423671.268734,4.995911003788933
1790423671.2700176,2.4071029911283404
1790423671.2700791,1.789204019587487
1790423671.279651,22.331209998810664
1790423671.2823136,29.24936098861508
1790423671.2824504,22.53830700647086
1790423671.2825341,5.104912997921929
1790423671.28269,18.05589799187146
1790423671.2827532,4.880569991655648
1790423671.2828236,9.393173997523263
1790423671.2953868,18.806662992574275
1790423671.3057218,17.65762802097015
1790423671.3058965,13.098871015245095
1790423671.3059635,27.320836001308635
1790423671.3070676,18.390062992693856
1790423671.309273,24.097893008729443
1790423671.3107111,9.750616998644546
1790423671.3111787,38.8964349986054
1790423671.3122437,33.12244001426734
1790423671.3209853,31.15425701253116
1790423671.3219197,35.671945981448516
1790423671.32202,13.245637994259596
1790423671.327667,15.940559009322897
1790423671.3344944,24.194187979446724
1790423671.336273,6.660106009803712
1790423671.3364205,28.62259399262257
1790423671.3364916,10.885260009672493
1790423671.338697,28.876035998109728
1790423671.338781,2.1732870081905276
1790423671.3389287,10.980029997881502
1790423671.3390229,7.284196006366983
1790423671.3455577,29.69488501548767
1790423671.345642,1.5931669913697988
1790423671.345707,17.18322900705971
1790423671.3479154,28.392275009537116
1790423671.3479884,13.355567993130535
1790423671.3483763,1.322538999374956
1790423671.3500779,1.4114310033619404
1790423671.3506575,1.3530550058931112
1790423671.3538334,1.4402380038518459
1790423671.3550274,1.1841919913422316
1790423671.3577523,1.2682869855780154
1790423671.3590863,1.1619960132520646
1790423671.3613718,1.1039859964512289
1790423671.362877,1.4075280050747097
1790423671.363183,1.2802140263374895
1790423671.3708584,1.1963529977947474
1790423671.372979,1.4171440270729363
1790423671.375066,1.1901249818038195
1790423671.3758352,1.3486430107150227
1790423671.3800337,1.375498017296195
1790423671.3800855,1.7861719825305045
1790423671.3819776,1.0375519923400134
1790423671.3853989,1.158886996563524
1790423671.386175,1.4697760052513331
1790423671.3887184,1.1363200028426945
1790423671.393489,1.5741410024929792
1790423671.4002266,1.9697020179592073
1790423671.4011443,1.9550239958334714
1790423671.4078543,3.460183012066409
1790423671.4080927,4.305789974750951
1790423671.4089224,22.35564001603052
1790423671.410818,27.5022080168128
1790423671.4110806,15.125869016628712
1790423671.412304,7.060661999275908
1790423671.4128,3.5791610134765506
1790423671.4133239,11.412117979489267
1790423671.4134288,5.068682017736137
1790423671.413494,7.678371999645606
1790423671.4135542,6.217699003173038
1790423671.41964,2.134837006451562
1790423671.4206665,1.8623409850988537
1790423671.4223206,1.322501979302615
1790423671.4250507,1.375747990095988
1790423671.4284444,1.495211006840691
1790423671.4290757,1.262128003872931
1790423671.4320374,1.5194599982351065
1790423671.4348004,1.528764987597242
1790423671.4530187,20.43269097339362
1790423671.453113,18.30222600256093
1790423671.4599965,1.2978669838048518
1790423671.4634285,1.4641020097769797
1790423671.465303,1.712975004920736
1790423671.465364,1.3198460219427943
1790423671.4740112,1.2517670111265033
1790423671.4756968,1.38434799737297
1790423671.4769552,20.703475980553776
1790423671.4771097,22.67360800760798
1790423671.4772103,14.790642017032951
1790423671.4774702,10.76847201329656
1790423671.480307,1.1339070042595267
1790423671.4829676,1.7910499882418662
1790423671.4830859,1.4696349971927702
1790423671.4844067,1.3133690226823092
1790423671.4851067,1.608502003364265
1790423671.4858549,1.1735300067812204
1790423671.4903374,1.9842339970637113
1790423671.4904203,2.406872983556241
1790423671.4909348,1.2536220019683242
1790423671.492478,1.4678740117233247
1790423671.492949,1.2136530131101608
1790423671.5022078,1.0975949990097433
1790423671.5062678,1.5008939953986555
1790423671.5066564,1.4016399800311774
1790423671.5114436,1.17707799654454
1790423671.517755,1.56045300536789
1790423671.524134,1.657159999012947
1790423671.5301704,22.355143999448046
1790423671.530736,12.971361982636154
1790423671.5308712,7.644565979717299
1790423671.5350401,1.346006989479065
1790423671.5381207,16.161969979293644
1790423671.5432563,1.9521290087141097
1790423671.5475893,22.049132006941363
1790423671.547771,26.91999400849454
1790423671.5480883,2.346644992940128
1790423671.5536075,1.6098690102808177
1790423671.5627244,2.121539000654593
1790423671.5669434,16.73521299380809
1790423671.5725672,11.553715012269095
1790423671.5726898,26.352610992034897
1790423671.5757895,1.3986609992571175
1790423671.5797892,2.1301889792084694
1790423671.5813575,1.3588200090453029
1790423671.5829115,17.00056900153868
1790423671.5838962,27.74682399467565
1790423671.584587,6.151667010271922
1790423671.5847077,8.21526299114339
1790423671.5854626,1.3277700054459274
1790423671.5934384,28.605000989045948
1790423671.5954328,18.4489700186532
1790423671.5955336,16.128052986459807
1790423671.5956707,24.86191800562665
1790423671.596055,2.011197997489944
1790423671.5966947,1.7066830187104642
1790423671.5990274,1.3132119784131646
1790423671.607428,1.330914004938677
1790423671.608538,1.1024279810953885
1790423671.6106818,1.039658993249759
1790423671.6145778,1.2474989925976843
1790423671.616946,1.3778189895674586
1790423671.6205091,1.112511003157124
1790423671.6246107,1.2725730193778872
1790423671.6393404,21.062479994725436
1790423671.6394207,11.544074019184336
1790423671.64261,1.720304979244247
1790423671.6474519,17.087058018660173
1790423671.6477578,26.02945701801218
1790423671.6478488,1.8370980105828494
1790423671.6495676,1.2487439962569624
1790423671.6530452,1.6676669765729457
1790423671.65374,1.1205130140297115
1790423671.6584063,1.4732620038557798
1790423671.661494,1.2552609841804951
1790423671.6653726,1.2054929975420237
1790423671.6721616,1.7030160233844072
1790423671.6745846,1.17184899863787
1790423671.6799612,2.159297000616789
1790423671.680414,1.6899929905775934
1790423671.6808634,1.4802429941482842
1790423671.6855958,1.1198249994777143
1790423671.6883025,1.1543409782461822
1790423671.689857,1.0706099856179208
1790423671.6971424,1.1721499904524535
1790423671.6990502,1.3020879996474832
1790423671.7086785,1.8402969872113317
1790423671.7094264,1.687834010226652
1790423671.715406,1.4053590130060911
1790423671.7175145,1.7802139918785542
1790423671.7194235,1.8984570051543415
1790423671.7202358,1.488036010414362
1790423671.72473,21.745966019807383
1790423671.7254958,23.283504997380078
1790423671.7266672,14.44870000705123
1790423671.7274854,11.263524007517844
1790423671.727692,6.616819009650499
1790423671.7281473,4.16444000438787
1790423671.729061,1.359361020149663
1790423671.737247,1.8664559756871313
1790423671.7445252,1.1947030143346637
1790423671.7485473,22.51703300862573
1790423671.7490733,11.480790009954944
1790423671.7491374,14.393660007044673
1790423671.7497363,15.486003016121686
1790423671.750203,14.300913986517116
1790423671.7502606,5.191957985516638
1790423671.7540522,1.2163069914095104
1790423671.7732024,1.324039010796696
1790423671.7779016,20.55272599682212
1790423671.7782578,12.45204999577254
1790423671.7790978,1.317463000304997
1790423671.7803295,1.0517949995119125
1790423671.7946699,1.2623199727386236
1790423671.799625,11.61056398996152
1790423671.8027744,2.480390015989542
1790423671.8037739,1.4787730178795755
1790423671.8076134,1.9815059786196798
1790423671.8101513,21.71948700561188
1790423671.8104224,8.6581890063826
1790423671.8107026,3.930688020773232
1790423671.8149333,1.2136000150348991
1790423671.8172116,1.1920819815713912
1790423671.8223581,1.308604987571016
1790423671.8392906,9.07445201301016
1790423671.8394248,22.102560003986582
1790423671.840607,2.0067860023118556
1790423671.8412406,1.473843993153423
1790423671.8511908,1.6972210141830146
1790423671.858807,22.02410501195118
1790423671.8589113,12.844459997722879
1790423671.8595526,9.159109991742298
1790423671.8596494,27.63101298478432
1790423671.86312,1.279646996408701
1790423671.8674808,26.07427298789844
1790423671.8676176,7.385173987131566
1790423671.8676987,20.937723020324484
1790423671.8682547,2.232753991847858
1790423671.887351,1.3549250143114477
1790423671.9030044,15.353541006334126
1790423671.9035065,21.315124991815537
1790423671.9048712,1.310850988375023
1790423671.91073,1.7324300133623183
1790423671.913539,1.809716020943597
1790423671.916844,21.282695000991225
1790423671.923328,3.1560289789922535
1790423671.9247675,18.563082994660363
1790423671.9256933,31.514119007624686
1790423671.9260883,10.797238996019587
1790423671.9267085,5.094024003483355
1790423671.9279845,25.923267006874084
1790423671.928376,21.569323987932876
1790423671.9284704,17.307461996097118
1790423671.9286196,9.197345993015915
1790423671.9286723,5.332291009835899
1790423671.9288023,18.857338989619166
1790423671.9292977,30.33085400238633
1790423671.9299343,3.214945027139038
1790423671.9305296,1.7188600031659007
1790423671.9313498,1.4067649899516255
1790423671.953959,16.07078200322576
1790423671.956601,17.688771011307836
1790423671.9625762,28.259819984668866
1790423671.9643788,32.97829700750299
1790423671.9808326,40.828786994097754
1790423671.9834023,41.05079598957673
1790423671.983778,40.08024701033719
1790423671.9937038,36.715224996441975
1790423671.994311,54.9555909819901
1790423671.994401,45.49382100231014
1790423672.0014682,50.78168900217861
1790423672.0017352,55.8001890021842
1790423672.002372,46.56000999966636
1790423672.0075047,59.41752399667166
1790423672.012513,59.68308000592515
1790423672.012702,52.9863019764889
1790423672.0150344,65.02654499490745
1790423672.019422,59.21661600586958
1790423672.0197058,49.397638998925686
1790423672.0220187,54.52466700808145
1790423672.0278838,70.00860199332237
1790423672.028622,62.34569801017642
1790423672.029933,50.71655599749647
1790423672.0300446,56.37096500140615
1790423672.0305467,42.73553000530228
1790423672.030653,45.043455000268295
1790423672.0332625,74.75621599587612
1790423672.0349233,39.709936012513936
1790423672.0376012,69.5904649910517
1790423672.038088,43.379667011322454
1790423672.0428238,54.427627997938544
1790423672.0435987,52.590204984880984
1790423672.0437598,61.30320200463757
1790423672.0446274,22.309413005132228
1790423672.0449746,42.413360002683476
1790423672.0450547,9.186551003949717
1790423672.0468793,42.779900977620855
1790423672.047153,19.122210011119023
1790423672.0472481,43.876646988792345
1790423672.047324,10.522261989535764
1790423672.047767,2.423336001811549
1790423672.0508316,1.2860879942309111
1790423672.054836,36.704030993860215
1790423672.0550175,46.36691298219375
1790423672.0552964,22.524894011439756
1790423672.0554423,18.247047992190346
1790423672.0564053,2.4789180024527013
1790423672.0570786,1.4438710059039295
1790423672.0583026,1.1147230106871575
1790423672.0643375,1.2468919740058482
1790423672.0786254,3.0093970126472414
1790423672.081011,3.050497005460784
1790423672.0862372,12.219858996104449
1790423672.0883927,6.703747989377007
1790423672.0977314,18.026005011051893
1790423672.0998344,20.691852987511083
1790423672.1001685,25.733007001690567
1790423672.1047409,18.96048101480119
1790423672.1068008,9.98603500192985
1790423672.109349,22.206629015272483
1790423672.1117032,29.564883996499702
1790423672.1126428,8.596595987910405
1790423672.1134577,1.6914109874051064
1790423672.1174328,38.76391699304804
1790423672.13176,11.940777010750026
1790423672.1335456,48.4610180137679
1790423672.133766,50.356929015833884
1790423672.134359,23.491423984523863
1790423672.1344376,40.36289799842052
1790423672.1385574,22.34360101283528
1790423672.139976,30.1691270142328
1790423672.1404836,15.955720999045298
1790423672.1406724,37.199546000920236
1790423672.1410177,1085.9076589986216
1790423672.141434,27.585621981415898
1790423672.1419365,9.598558011930436
1790423672.1422374,1095.1268509961665
1790423672.1435921,28.97172700613737
1790423672.1440775,14.392586017493159
1790423672.144146,3.258566983276978
1790423672.1501696,29.721859988057986
1790423672.154234,2.0679480221588165
1790423672.1543117,1.6588239814154804
1790423672.1583254,28.09597598388791
1790423672.1588619,41.30293399794027
1790423672.1589181,10.03880298230797
1790423672.1605065,1.1603879975154996
1790423672.162733,1.8259559874422848
1790423672.1636047,2.172560984035954
1790423672.1637192,3.2049159926827997
1790423672.1640153,1.1576199904084206
1790423672.1674368,1.4381159853655845
1790423672.1703181,2.330878982320428
1790423672.1707153,2.298297011293471
1790423672.170995,1.8042910087388009
1790423672.171389,1.411068980814889
1790423672.1726854,1.033484993968159
1790423672.1749983,1.048367004841566
1790423672.180713,2.1400550031103194
1790423672.1833014,2.579705003881827
1790423672.1834197,2.0858069765381515
1790423672.1834772,2.452318003633991
1790423672.1846645,1.1059569951612502
1790423672.1851165,1.1048089945688844
1790423672.1877239,1.018539012875408
1790423672.1959422,1.1875760101247579
1790423672.1991682,1.547222986118868
1790423672.1999881,1.4352319994941354
1790423672.2010534,1.0575399792287499
1790423672.2053056,2.272475976496935
1790423672.2070374,2.979151002364233
1790423672.2072687,2.5062869826797396
1790423672.2073216,2.00781601597555
1790423672.212247,1.3369370135478675
1790423672.2152696,1.0767990024760365
1790423672.2207804,1.1650670203380287
1790423672.2226975,1.4555180096067488
1790423672.2233794,1.269529020646587
1790423672.2282891,1.182134001282975
1790423672.2293484,1.0513290180824697
1790423672.2367191,6.962148007005453
1790423672.2622564,23.801104980520904
1790423672.2649343,34.775289008393884
1790423672.2724483,32.78067099745385
1790423672.273936,38.97745200083591
1790423672.2759755,43.41764599666931
1790423672.2912395,41.021156997885555
1790423672.2940583,55.09802099550143
1790423672.2941422,63.52969500585459
1790423672.307168,64.6652280120179
1790423672.3099384,48.62792501808144
1790423672.318127,40.76613998040557
1790423672.3182814,82.20787398749962
1790423672.3204978,55.294028017669916
1790423672.322996,34.85613700468093
1790423672.329047,61.690741014899686
1790423672.3309438,45.97777599701658
1790423672.3317254,42.53848397638649
1790423672.331868,59.01525999070145
1790423672.3341348,62.57052000728436
1790423672.3376596,97.31276499223895
1790423672.3380647,67.87611299660057
1790423672.348067,51.29132300498895
1790423672.3486896,61.24707197886892
1790423672.3588529,64.2071400070563
1790423672.3642917,72.83637599903159
1790423672.3723273,95.7572860061191
1790423672.374688,61.59202998969704
1790423672.3759089,66.53374401503243
1790423672.3782074,41.06058002798818
1790423672.3839126,86.11077300156467
1790423672.3882256,55.422659002942964
1790423672.3894298,81.14887899137102
1790423672.3896866,69.1776080057025
1790423672.3899899,94.77670202613808
1790423672.3916166,36.73699600039981
1790423672.392307,46.56784501275979
1790423672.392461,13.633149996167049
1790423672.3926563,72.83724698936567
1790423672.3928902,22.306690021650866
1790423672.3933616,26.819133025128394
1790423672.394055,75.08497999515384
1790423672.394152,8.131415001116693
1790423672.3945599,44.11905101733282
1790423672.3953314,63.109651004197076
1790423672.3954349,4.4754889968317
1790423672.3955076,36.25578002538532
1790423672.3961935,28.57488300651312
1790423672.3969035,25.71814999100752
1790423672.3970337,17.686666978988796
1790423672.397488,10.343800007831305
1790423672.3994915,1.5154869761317968
1790423672.4045105,52.32264200458303
1790423672.4055321,40.801725001074374
1790423672.4057531,56.920597999123856
1790423672.4066536,34.26276400568895
1790423672.4069276,37.12503399583511
1790423672.4077334,22.303491015918553
1790423672.408102,20.287192019168288
1790423672.4081874,5.971942009637132
1790423672.4110198,1.2917079729959369
1790423672.4160693,1.112630998250097
1790423672.4211805,22.595796996029094
1790423672.4220004,4.14027800434269
1790423672.42209,12.90972501737997
1790423672.4239745,1.229090994456783
1790423672.4271975,1.1512140044942498
1790423672.4353473,14.646602008724585
1790423672.43546,21.06230001663789
1790423672.4364178,1.7384889943059534
1790423672.4405098,1.4493640046566725
1790423672.4407647,1.3244690198916942
1790423672.4499943,12.153827992733568
1790423672.4502835,21.752368978923187
1790423672.450352,3.520911996020004
1790423672.455212,1.6083559894468635
1790423672.455846,1.3004029751755297
1790423672.464374,22.489506023703143
1790423672.4645522,3.9352790045086294
1790423672.4646165,12.06866599386558
1790423672.4648726,1.6116340120788664
1790423672.467725,1.1949299951083958
1790423672.4692917,1.1024279810953885
1790423672.4761603,1.2549409875646234
1790423672.4767556,1.4231469831429422
1790423672.4786994,1.0335049882996827
1790423672.4804087,1.0321650188416243
1790423672.4850404,1.2339069799054414
1790423672.4857452,1.297027978580445
1790423672.4874635,1.0714129894040525
1790423672.490054,1.1996179819107056
1790423672.4910944,1.0334559774491936
1790423672.5059435,2.45980397448875
1790423672.5155418,18.49652800592594
1790423672.5215447,30.19177500391379
1790423672.5231054,25.582319998648018
1790423672.523483,16.633279010420665
1790423672.523846,9.637964016292244
1790423672.5239182,29.851756000425667
1790423672.526984,21.619719016598538
1790423672.527084,16.454018012154847
1790423672.527844,17.758286005118862
1790423672.531427,1.7067650042008609
1790423672.5355718,3.8750079984311014
1790423672.535794,11.76001800922677
1790423672.5360098,31.50138701312244
1790423672.5447357,16.749395988881588
1790423672.545298,33.01810802076943
1790423672.5465078,4.312512988690287
1790423672.5466976,14.425829984247684
1790423672.5493789,1.6220140096265823
1790423672.5520797,1.4431150048039854
1790423672.5607626,21.25879900995642
1790423672.5612066,13.895641983253881
1790423672.5614562,26.544074004050344
1790423672.563185,25.800887000514194
1790423672.563253,8.133752999128774
1790423672.564288,15.714461012976244
1790423672.5644996,30.930978013202548
1790423672.564737,18.812352005625144
1790423672.5650496,15.242405992466956
1790423672.5652957,13.99708099779673
1790423672.5724208,1.511319016572088
1790423672.5815933,18.968290998600423
1790423672.5821636,23.029214004054666
1790423672.5822315,5.635744018945843
1790423672.5840402,1.2850829807575792
1790423672.5863376,1.8551760003902018
1790423672.587257,19.48567997897044
1790423672.587841,23.96965998923406
1790423672.587918,9.437063010409474
1790423672.588265,3.3829610038083047
1790423672.595075,1.238400989677757
1790423672.6019735,1.7515390063636005
1790423672.6034641,1.2109590170439333
1790423672.6277835,34.39848398556933
1790423672.6285489,17.95867702458054
1790423672.6291957,24.821438011713326
1790423672.630218,17.469674989115447
1790423672.6309266,6.828999990830198
1790423672.631003,9.895604016492143
1790423672.6329887,31.813264999073
1790423672.634048,22.73784700082615
1790423672.6349826,26.592264010105282
1790423672.6350532,28.80054898560047
1790423672.6365428,22.453636018326506
1790423672.6379035,7.477774983271956
1790423672.6380215,15.059573983307928
1790423672.6383765,47.079412994207814
1790423672.6386871,31.416466023074463
1790423672.6397655,30.817252001725137
1790423672.6401706,27.83898400957696
1790423672.6402562,21.706513012759387
1790423672.6409948,17.463731026509777
1790423672.6417353,1.959174987860024
1790423672.6422532,1.7699019808787853
1790423672.6423135,6.735770992236212
1790423672.6520941,4.1086550045292825
1790423672.653641,3.4018169972114265
1790423672.6539538,6.063525011995807
1790423672.654027,3.9898940012790263
1790423672.6633687,26.71800900134258
1790423672.6653051,30.935409013181925
1790423672.666085,18.842861987650394
1790423672.6663432,17.19610800500959
1790423672.6665227,13.779881002847105
1790423672.6838722,20.738855004310608
1790423672.685036,12.34426800510846
1790423672.6851509,25.960739003494382
1790423672.6854737,5.886122002266347
1790423672.6905313,22.49097201274708
1790423672.6913114,29.121633007889614
1790423672.6913943,14.743996987817809
1790423672.7081416,48.467802989762276
1790423672.7167857,24.348861014004797
1790423672.7170577,12.047238007653505
1790423672.7185974,20.557631010888144
1790423672.7190971,25.908089010044932
1790423672.7191784,9.542346000671387
1790423672.725709,53.649089008104056
1790423672.7276146,1.2056230043526739
1790423672.7281039,1.1772500001825392
1790423672.731344,66.02624501101673
1790423672.7363124,80.12351498473436
1790423672.7363944,40.274672996019945
1790423672.7364597,37.80883300350979
1790423672.7369146,7.325200014747679
1790423672.7370436,59.71083298209123
1790423672.7371004,11.980960989603773
1790423672.7411904,1.3302959850989282
1790423672.7488425,1.175701996544376
1790423672.753836,21.08138400944881
1790423672.7543573,24.326629005372524
1790423672.7545326,13.215371989645064
1790423672.754959,3.5679899738170207
1790423672.7582412,24.069815000984818
1790423672.7603142,18.09139602119103
1790423672.7606385,27.28237898554653
1790423672.7609272,2.3172940127551556
1790423672.7609942,1.7382420192006975
1790423672.7644176,1.1507660092320293
1790423672.7687232,1.6395809943787754
1790423672.7738285,1.1240410094615072
1790423672.7906678,19.78268299717456
1790423672.790958,22.836146992631257
1790423672.7910407,4.439273994648829
1790423672.7936943,1.6795069968793541
1790423672.7978077,16.688695002812892
1790423672.7979329,28.241213003639132
1790423672.8032277,15.94018199830316
1790423672.8038783,11.041204998036847
1790423672.8039577,28.19879597518593
1790423672.8078122,1.300092990277335
1790423672.8188212,51.29321999265812
1790423672.819287,31.181329977698624
1790423672.8194258,30.692600994370878
1790423672.8206968,19.30913797696121
1790423672.8211832,5.579298012889922
1790423672.8213098,12.695632001850754
1790423672.8228414,26.703981013270095
1790423672.8229892,18.437268998241052
1790423672.8230932,11.493525002151728
1790423672.823162,5.513808020623401
1790423672.8330867,18.62277599866502
1790423672.8362489,28.104451979743317
1790423672.8370092,16.300495015457273
1790423672.8372524,6.7754629999399185
1790423672.8373346,2.8154340106993914
1790423672.8508341,26.596350013278425
1790423672.851176,19.641379010863602
1790423672.8512855,27.969624992692843
1790423672.8513494,14.755698997760192
1790423672.852509,24.9408149975352
1790423672.8537214,26.7389340151567
1790423672.8537927,21.771811007056385
1790423672.8538554,11.372275999747217
1790423672.856131,1.1573990050237626
1790423672.8619874,13.122803007718176
1790423672.8632827,1.2857450055889785
1790423672.867679,1.316798006882891
1790423672.8687327,1.0457180032972246
1790423672.871149,5.823560000862926
1790423672.871212,21.096682990901172
1790423672.8759913,1.1403789976611733
1790423672.9059386,28.124841017415747
1790423672.9073706,10.510160005651414
1790423672.9078686,26.867634005611762
1790423672.908303,19.665260013425723
1790423672.9104729,14.821713004494086
1790423672.9110293,28.28063498600386
1790423672.9114075,13.809507974656299
1790423672.9122376,11.404582997784019
1790423672.9124134,8.348989009391516
1790423672.9149618,28.40422699227929
1790423672.9154263,19.08631599508226
1790423672.9205124,21.578882005997002
1790423672.9272711,27.637294988380745
1790423672.9304237,27.362469991203398
1790423672.931769,30.099825002253056
1790423672.9324195,8.87968999450095
1790423672.9325566,16.746292007155716
1790423672.9336112,30.92888300307095
1790423672.936352,1.340753020485863
1790423672.9393473,32.54809099598788
1790423672.939451,12.716421013465151
1790423672.9395463,17.288020986597985
1790423672.9419575,1.1835320037789643
1790423672.9444442,44.15052602416836
1790423672.9497738,1.398213003994897
1790423672.9550517,48.97794499993324
1790423672.9575143,38.26962900348008
1790423672.9581392,35.3919499902986
1790423672.9586346,26.720594993093982
1790423672.9601982,18.019731011008844
1790423672.960807,10.514788998989388
1790423672.9611204,7.358318020123988
1790423672.963633,3.2248749921564013
1790423672.9642944,26.224061992252246
1790423672.9644055,6.747206003637984
1790423672.9649005,12.800450989743695
1790423672.9661844,21.650821989169344
1790423672.9670837,4.657799989217892
1790423672.9687636,2.3507089936174452
1790423672.9695215,5.020459007937461
1790423672.9767072,23.539891000837088
1790423672.978073,19.233794999308884
1790423672.9798963,29.113098978996277
1790423672.980672,12.470995978219435
1790423672.980912,17.26965798297897
1790423672.9915652,12.867871002526954
1790423672.9939117,15.828775998670608
1790423672.9950452,27.711044996976852
1790423672.9960291,10.960659012198448
1790423672.996385,4.050268005812541
1790423672.996863,21.387904998846352
1790423673.0002255,1.6532020235899836
1790423673.004978,28.605152008822188
1790423673.0058222,18.688951007789
1790423673.006005,6.8831889948341995
1790423673.0060728,11.633440997684374
1790423673.007648,41.87342300429009
1790423673.0134447,1.7427490092813969
1790423673.0201657,1.8239470082335174
1790423673.020824,40.661265986273065
1790423673.0216355,26.77143001346849
1790423673.021725,30.88518700678833
1790423673.0243676,32.582742016529664
1790423673.0252235,6.163039011880755
1790423673.0254447,25.119721016380936
1790423673.0255573,9.834038995904848
1790423673.027049,3.9451589982490987
1790423673.0278363,5.604686011793092
1790423673.0281777,26.770460011903197
1790423673.030395,14.025593001861125
1790423673.0305264,6.143382983282208
1790423673.030624,10.327921016141772
1790423673.0312514,30.436931003350765
1790423673.0316384,3.0266729881986976
1790423673.0317142,4.656291013816372
1790423673.0317738,5.458511994220316
1790423673.0318286,3.9841579855419695
1790423673.0525382,19.2957220133394
1790423673.0530329,1.446521986508742
1790423673.0632377,1.419508014805615
1790423673.0650125,1.213822019053623
1790423673.0672536,1.3982290111016482
1790423673.0687602,1.3157940120436251
1790423673.0706608,1.1665819911286235
1790423673.0752563,1.1076410009991378
1790423673.0804667,1.131612982135266
1790423673.085851,1.7326070228591561
1790423673.0883205,1.3571269810199738
1790423673.1068127,24.33495901641436
1790423673.1068861,22.240499005420133
1790423673.1085367,1.285138976527378
1790423673.1170611,2.253334008855745
1790423673.1179492,1.4054070052225143
1790423673.1194181,4.071465984452516
1790423673.1194925,22.495618992252275
1790423673.1208196,1.2213049922138453
1790423673.1284668,1.2488279899116606
1790423673.1357732,1.3004890060983598
1790423673.1652968,12.53954999265261
1790423673.1654258,29.609860997879878
1790423673.1722634,26.498013990931213
1790423673.174917,28.432215010980144
1790423673.1766043,22.72279202588834
1790423673.1769857,15.778172994032502
1790423673.1782248,34.71375801018439
1790423673.1783006,11.817883001640439
1790423673.1785028,6.131221016403288
1790423673.1802516,2.6686679921112955
1790423673.1805403,23.036430997308344
1790423673.182015,42.21572499955073
1790423673.1902719,40.03048600861803
1790423673.190386,27.942981017986313
1790423673.191171,5.126511008711532
1790423673.1915762,18.423934001475573
1790423673.1919217,24.691955011803657
1790423673.1929731,13.813074008794501
1790423673.1930792,6.354615994496271
1790423673.1982698,45.04758698749356
1790423673.1991303,40.09148699697107
1790423673.199549,48.67142700823024
1790423673.1996236,35.78333999030292
1790423673.2017086,30.019077996257693
1790423673.202222,26.352306973421946
1790423673.202307,21.755002991994843
1790423673.202647,10.716224001953378
1790423673.2027287,2.7277719927951694
1790423673.206823,1.3569059956353158
1790423673.2139387,18.593792017782107
1790423673.215213,12.285980017622933
1790423673.2152722,27.809938008431345
1790423673.2154627,6.275617983192205
1790423673.2158213,3.1306740129366517
1790423673.219047,2.622412983328104
1790423673.2192178,15.250745986122638
1790423673.2193084,22.257820994127542
1790423673.219472,29.332625010283664
1790423673.2196145,7.864129991503432
1790423673.2199647,2.588195988209918
1790423673.2266147,1.575061003677547
1790423673.2339966,1.972064026631415
1790423673.2380555,23.506099998485297
1790423673.2392938,6.344925001030788
1790423673.2393842,15.274162986315787
1790423673.240792,1.9709620100911707
1790423673.2494442,3.01983900135383
1790423673.2496784,2.316194004379213
1790423673.2511773,3.08741899789311
1790423673.252154,1.573001005453989
1790423673.257428,2.0400439971126616
1790423673.2665093,1.976808998733759
1790423673.2685637,1.6469979891553521
1790423673.2746735,1.687679992755875
1790423673.278237,17.42818401544355
1790423673.2788787,29.019253997830674
1790423673.2790205,2.153579000150785
1790423673.279099,8.797131013125181
1790423673.2811618,1.7245759954676032
1790423673.2824259,1.9750240026041865
1790423673.2832606,1.6326949989888817
1790423673.2839594,1.3826210051774979
1790423673.2883775,1.6754940152168274
1790423673.295463,1.8859859846998006
1790423673.313819,23.859162000007927
1790423673.3207626,23.6703580012545
1790423673.3240757,3.4635679912753403
1790423673.3254018,2.1550240053329617
1790423673.3376603,22.38799599581398
1790423673.3386457,24.811409995891154
1790423673.339042,17.538999003591016
1790423673.3407044,7.347979000769556
1790423673.3407757,16.181918006623164
1790423673.3415806,25.700381986098364
1790423673.3419425,19.712120993062854
1790423673.3425329,15.936465992126614
1790423673.342962,12.976688012713566
1790423673.3430703,28.402702999301255
1790423673.343175,3.2293320109602064
1790423673.3477442,1.6048790130298585
1790423673.3530054,3.514781012199819
1790423673.3544323,2.155088004656136
1790423673.3588793,28.264749998925254
1790423673.3590016,13.488942990079522
1790423673.3590813,8.033759018871933
1790423673.3836668,30.173676001140848
1790423673.3837516,8.488416991895065
1790423673.3844497,27.211991022340953
1790423673.3848767,30.327309999847785
1790423673.3851774,3.002746991114691
1790423673.3923001,23.540014983154833
1790423673.3929427,1.9340029975865036
1790423673.3987927,15.819621999980882
1790423673.3998735,31.867291982052848
1790423673.3999865,6.552902021212503
1790423673.4000978,2.836853003827855
1790423673.4017787,1.548202009871602
1790423673.4118369,22.776158002670854
1790423673.4188516,6.824209005571902
1790423673.4194825,23.271111014764756
1790423673.4228337,8.42097500571981
1790423673.4232528,10.38518498535268
1790423673.4238765,18.86112301144749
1790423673.4244406,8.005921001313254
1790423673.4246905,5.196300015086308
1790423673.424815,36.6794980072882
1790423673.4322796,1.6417500155512244
1790423673.434813,27.609233977273107
1790423673.4354424,21.77944700815715
1790423673.435706,29.57592500024475
1790423673.4374511,19.275329017546028
1790423673.4375381,17.24609301891178
1790423673.4376132,4.421252000611275
1790423673.43849,2.0977460080757737
1790423673.4390736,1.2677409977186471
1790423673.4428704,1.2924179900437593
1790423673.4460464,27.18043400091119
1790423673.447849,26.757965999422595
1790423673.448621,8.165209990693256
1790423673.4488235,33.40437400038354
1790423673.4488854,14.993869001045823
1790423673.4505768,3.193259995896369
1790423673.4509175,2.023061999352649
1790423673.4510393,4.251180012943223
1790423673.4832852,33.41724298661575
1790423673.4881866,14.10575199406594
1790423673.4893665,13.643604994285852
1790423673.497827,18.78584301448427
1790423673.4988868,9.090941020986065
1790423673.5029504,37.52081299899146
1790423673.5033202,22.253000002820045
1790423673.5108585,20.11934100301005
1790423673.5115824,50.746559019898996
1790423673.5129306,43.94099101773463
1790423673.5154047,21.839350985828787
1790423673.5176697,41.11782100517303
1790423673.521503,58.884603990009055
1790423673.5248191,43.04351200698875
1790423673.524999,32.48447901569307
1790423673.5295749,29.525919002480805
1790423673.5312698,36.46939600002952
1790423673.5344276,41.583313985029235
1790423673.5361943,29.652255994733423
1790423673.5385065,16.35410002199933
1790423673.5389478,30.12486398802139
1790423673.539049,37.51645001466386
1790423673.5477834,39.4636649871245
1790423673.5524707,61.01499899523333
1790423673.560974,86.05449201422743
1790423673.5612788,54.10072300583124
1790423673.5627735,51.12980099511333
1790423673.563317,27.85528398817405
1790423673.5639846,37.778476980747655
1790423673.567409,24.809641006868333
1790423673.5693614,40.442022000206634
1790423673.5700552,49.36397197889164
1790423673.5765114,68.75461697927676
1790423673.581112,34.67582099256106
1790423673.5817661,26.981034985510632
1790423673.5818646,45.64959998242557
1790423673.5867097,48.840665025636554
1790423673.587028,74.58219098043628
1790423673.598767,53.954597999108955
1790423673.600447,48.79348399117589
1790423673.6008084,60.185144015122205
1790423673.6019418,53.83390901261009
1790423673.603827,48.31157298758626
1790423673.6049907,79.4888739765156
1790423673.6052966,36.621753009967506
1790423673.605676,40.80310501740314
1790423673.6106224,53.99284101440571
1790423673.6155365,57.95159700210206
1790423673.6158285,42.2325550171081
1790423673.616053,36.88753399183042
1790423673.6219044,49.74378101178445
1790423673.627519,51.93170899292454
1790423673.6313057,51.1965719924774
1790423673.6314425,64.72850299905986
1790423673.6318588,39.778906997526065
1790423673.6334622,32.096643990371376
1790423673.633947,25.377856014529243
1790423673.6346955,48.752244998468086
1790423673.634764,11.371586995664984
1790423673.6352077,50.301777984714136
1790423673.635922,60.918767005205154
1790423673.6365993,75.26738097658381
1790423673.6380177,47.22833901178092
1790423673.6386976,16.059368004789576
1790423673.6387749,32.66901199822314
1790423673.6389058,40.12358500040136
1790423673.639839,11.073985981056467
1790423673.6399205,61.80769301136024
1790423673.639984,5.2098159794695675
1790423673.6403735,56.08942298567854
1790423673.6407685,67.87973598693497
1790423673.6413481,53.21060499409214
1790423673.641429,4.062569001689553
1790423673.6415215,45.28096702415496
1790423673.64392,1.6087800031527877
1790423673.6459577,1.243823004188016
1790423673.6468084,44.650285999523476
1790423673.649043,1.2671799922827631
1790423673.6597004,1.4008660218678415
1790423673.661474,1.2619399931281805
1790423673.6634638,52.21652900218032
1790423673.66433,38.14684398821555
1790423673.6644824,47.738613007823005
1790423673.6649761,29.042349982773885
1790423673.6654165,22.21357199596241
1790423673.665491,14.772482012631372
1790423673.6728094,1.2840210110880435
1790423673.6964746,13.05080798920244
1790423673.6971915,18.64080599625595
1790423673.6981518,12.334668019320816
1790423673.698516,30.089203006355092
1790423673.6999888,20.80273101455532
1790423673.7025964,19.733447988983244
1790423673.7075398,22.398069995688275
1790423673.7097218,30.027783999685198
1790423673.7107043,1.4185470063239336
1790423673.7183158,33.80379598820582
1790423673.7230673,10.810987005243078
1790423673.723194,28.14024899271317
1790423673.725854,48.57492298469879
1790423673.7335334,30.563467007596046
1790423673.740342,27.472429006593302
1790423673.7406974,18.749601993476972
1790423673.7425404,3.4815469989553094
1790423673.7426398,10.113227996043861
1790423673.7468636,22.835756972199306
1790423673.7526734,1.7977060051634908
1790423673.7550602,40.25149700464681
1790423673.7597427,23.062274005496874
1790423673.7606115,19.657038006698713
1790423673.7619038,38.34512300090864
1790423673.7636132,67.96724299783818
1790423673.765013,27.186166000319645
1790423673.7658012,41.39236800256185
1790423673.765987,22.497836995171383
1790423673.7665253,38.29670397681184
1790423673.7666225,5.474955018144101
1790423673.7668078,6.184789992403239
1790423673.7671103,2.0871869928669184
1790423673.7691455,1.5452099905814976
1790423673.7814026,1.6405739879701287
1790423673.7819326,1.6357209824491292
1790423673.785346,1.3384390040300786
1790423673.786918,24.56908000749536
1790423673.789803,12.548316997708753
1790423673.7898924,29.798466013744473
1790423673.7899566,6.419112003641203
1790423673.794014,1.5792729973327368
1790423673.7945178,1.1724949872586876
1790423673.8101566,1.456953992601484
1790423673.8138452,1.410241995472461
1790423673.8160064,1.19277200428769
1790423673.8177502,19.48995399288833
1790423673.8184965,21.99862399720587
1790423673.818594,4.327755974372849
1790423673.8247693,1.353490981273353
1790423673.8350914,1.3988990103825927
1790423673.8408632,1.4102410059422255
1790423673.842547,1.4659900043625385
1790423673.842881,1.3471010024659336
1790423673.844716,1.1517009988892823
1790423673.851728,1.3766710180789232
1790423673.855232,1.3385399943217635
1790423673.8632078,2.3037059872876853
1790423673.8632636,1.7907389847096056
1790423673.8692536,1.25660200137645
1790423673.8778036,1.9857299921568483
1790423673.879387,19.055249984376132
1790423673.8815334,14.015533000929281
1790423673.8817625,4.990638000890613
1790423673.8818648,28.41831900877878
1790423673.8936758,1.684350980212912
1790423673.9019735,24.14608999970369
1790423673.9055858,11.227520008105785
1790423673.905974,32.615120988339186
1790423673.9111588,25.886349991196766
1790423673.9122567,32.1668749966193
1790423673.9132469,12.45423301588744
1790423673.9139872,4.465825011720881
1790423673.9141629,18.460941006196663
1790423673.915828,18.481456994777545
1790423673.9163468,17.851732001872733
1790423673.9295151,26.510948984650895
1790423673.9296024,18.43058501253836
1790423673.9308345,24.246064975159243
1790423673.930949,28.907651983899996
1790423673.9315414,4.355501994723454
1790423673.9343379,1.3916619936935604
1790423673.9344807,36.506889009615406
1790423673.9427807,30.510379001498222
1790423673.9433625,14.920705987606198
1790423673.943532,9.99922098708339
1790423673.9487782,1.5127030201256275
1790423673.9515498,21.63369400659576
1790423673.9520123,1.9151029991917312
1790423673.956089,31.450701993890107
1790423673.9561818,12.637634994462132
1790423673.957796,1.3560420193243772
1790423673.9639127,2.1926420158706605
1790423673.963995,2.7732390153687447
1790423673.97715,18.872604006901383
1790423673.9777994,27.059577987529337
1790423673.9778626,5.615127010969445
1790423673.9837015,2.4763479887042195
1790423673.989253,26.940581010421738
1790423673.98938,16.51309899170883
1790423673.9895253,7.554635987617075
1790423673.998773,28.66086401627399
1790423673.9988608,19.14247201057151
1790423674.0012977,18.89348801341839
1790423674.0015385,4.123368009459227
1790423674.0052316,1.5357319789472967
1790423674.0119915,21.752146014478058
1790423674.0129006,17.35532601014711
1790423674.0198748,29.00891800527461
1790423674.0202677,20.455352001590654
1790423674.0203993,30.828054004814476
1790423674.0205169,21.309507021214813
1790423674.0205965,3.0399480019696057
1790423674.0206485,11.359695985447615
1790423674.0308285,1.382706977892667
1790423674.0333993,1.416782004525885
1790423674.04163,2.432203007629141
1790423674.0514827,22.5427350087557
1790423674.0517986,16.07415798935108
1790423674.0521219,26.870820991462097
1790423674.0523937,12.297838984522969
1790423674.0644677,14.342631009640172
1790423674.0649045,26.748187985504046
1790423674.0650797,24.179485015338287
1790423674.0651605,29.82851499109529
1790423674.0652368,8.769128005951643
1790423674.0713804,26.948154001729563
1790423674.0719101,19.327458983752877
1790423674.0720665,10.41012501809746
1790423674.0721288,28.70523399906233
1790423674.074218,1.3392220134846866
1790423674.0761871,1.3596380013041198
1790423674.0784469,31.72052002628334
1790423674.0788918,25.72105301078409
1790423674.0791712,30.881346989190206
1790423674.079246,11.221185995964333
1790423674.0845037,1.237095973920077
1790423674.087593,2.4880190030671656
1790423674.0887048,2.6660409930627793
1790423674.0903068,2.540012006647885
1790423674.0908747,1.7946439911611378
1790423674.0921865,1.3015030126553029
1790423674.0990164,2.268871001433581
1790423674.0999823,10.114845004864037
1790423674.100171,13.21903700591065
1790423674.1005948,15.99126000655815
1790423674.1008132,26.54887698008679
1790423674.1008854,3.614635003032163
1790423674.110454,1.6227549931500107
1790423674.1189442,24.617660004878417
1790423674.1190603,14.4148760009557
1790423674.119148,9.55375999910757
1790423674.119726,3.891372005455196
1790423674.1226807,1.3750600046478212
1790423674.124123,26.05905698146671
1790423674.1245322,16.21917198644951
1790423674.1246939,4.76365300710313
1790423674.1247683,10.228652012301609
1790423674.1275434,1.3130420120432973
1790423674.1293392,1.286337006604299
1790423674.1330748,1.6704840236343443
1790423674.13773,22.624050005106255
1790423674.1392229,27.213191002374515
1790423674.1393032,18.763724016025662
1790423674.1394908,11.93924801191315
1790423674.1400023,2.4595470167696476
1790423674.1404011,1.5942909813020378
1790423674.1428828,1.180626975838095
1790423674.1475413,1.4862859970889986
1790423674.1555028,1.23866499052383
1790423674.1601136,1.2236709881108254
1790423674.1624165,1.3078439806122333
1790423674.1643918,1.2431329814717174
1790423674.1668067,1.3499609776772559
1790423674.1704116,1.1601180012803525
1790423674.1778665,1.7961260164156556
1790423674.1783764,1.2859900016337633
1790423674.1819046,1.4469780144281685
1790423674.1855862,1.447040995117277
1790423674.1865644,11.023041006410494
1790423674.200134,1.8936310079880059
1790423674.2020655,22.368726000422612
1790423674.202202,6.671272014500573
1790423674.2022698,27.925953996600583
1790423674.2055416,2.7067569899372756
1790423674.2061882,1.8768560257740319
1790423674.212277,4.452608001884073
1790423674.2134378,1.9342059968039393
1790423674.2141774,16.70890799141489
1790423674.2145607,31.6425210039597
1790423674.214962,11.608779022935778
1790423674.2153125,5.632872984278947
1790423674.2197857,1.6230239998549223
1790423674.23057,19.47490600286983
1790423674.2310123,11.052051995648071
1790423674.2494564,28.006472013657913
1790423674.2499738,31.26718499697745
1790423674.2501934,41.07335297157988
1790423674.25027,24.506331974407658
1790423674.2533681,28.682080010185018
1790423674.2599812,32.40935900248587
1790423674.2661648,24.259135010652244
1790423674.2665727,39.499520004028454
1790423674.2676656,47.180972003843635
1790423674.2722747,40.9156929817982
1790423674.2726784,43.16324400133453
1790423674.2737944,26.103609998244792
1790423674.273873,7.197047991212457
1790423674.278544,34.404587000608444
1790423674.2818346,28.334997012279928
1790423674.2899325,1.5171490085776895
1790423674.2920587,29.533193010138348
1790423674.2923386,27.733519993489608
1790423674.2924263,7.830327987903729
1790423674.295226,1.4850260049570352
1790423674.2973464,68.62990601803176
1790423674.2979648,28.459045017370954
1790423674.2988813,4.637734993593767
1790423674.2989528,13.294092001160607
1790423674.2996736,1.4090570039115846
1790423674.3020418,1.2687840207945555
1790423674.3032148,1.1648010113276541
1790423674.3039966,1.3791660021524876
1790423674.306585,1.2452760129235685
1790423674.3081224,1.5292809985112399
1790423674.33109,23.66162001271732
1790423674.332552,5.585179984336719
1790423674.3326359,9.821009007282555
1790423674.336194,1.5272599994204938
1790423674.343017,17.462650022935122
1790423674.3481703,19.160741998348385
1790423674.348254,24.67063002404757
1790423674.3520784,20.31142299529165
1790423674.3601606,22.247023007366806
1790423674.3616302,19.959649012889713
1790423674.3631694,41.086046025156975
1790423674.3642101,46.52672598604113
1790423674.3749712,28.115869004977867
1790423674.3750932,35.756839002715424
1790423674.3753357,39.08168899943121
1790423674.3805683,10.863780975341797
1790423674.3810923,40.867394011002034
1790423674.3814082,29.999387974385172
1790423674.3814924,23.21144999586977
1790423674.3842764,24.103144009131938
1790423674.3880465,28.94450500025414
1790423674.3892028,21.238371002255008
1790423674.3892918,34.65956301079132
1790423674.40089,26.951932988595217
1790423674.404936,36.32537799421698
1790423674.4050484,39.01212298660539
1790423674.4056,25.01892700092867
1790423674.4057262,44.96693599503487
1790423674.4068277,28.735833999235183
1790423674.4078128,14.682036999147385
1790423674.4079201,24.44051601924002
1790423674.4081554,15.883395011769608
1790423674.408329,36.24357801163569
1790423674.4084117,23.05677198455669
1790423674.4120853,22.545515006640926
1790423674.4144237,31.560903997160494
1790423674.4199448,26.259945996571332
1790423674.4252214,40.5390819942113
1790423674.4338849,18.313548003789037
1790423674.4415417,21.046203008154407
1790423674.442277,30.786461022216827
1790423674.4424539,18.38500497979112
1790423674.442565,12.955694983247668
1790423674.4427712,29.45036700111814
1790423674.4444592,37.209943984635174
1790423674.4454398,1.8983980116900057
1790423674.4460053,47.43405900080688
1790423674.455271,32.7561050071381
1790423674.462212,40.41534598218277
1790423674.463742,42.55075700348243
1790423674.464177,9.85469200531952
1790423674.4643404,37.812978989677504
1790423674.4646273,24.459904001560062
1790423674.4649496,4.648519010515884
1790423674.468572,50.476714997785166
1790423674.4689915,43.10795399942435
1790423674.4690917,2.3066760040819645
1790423674.4715545,26.971899991622195
1790423674.4722002,15.83097199909389
1790423674.4726582,3.2651130168233067
1790423674.4727383,10.704811022151262
1790423674.486792,48.70520401163958
1790423674.4958549,42.18918699189089
1790423674.498587,8.448838983895257
1790423674.4991944,47.08577701239847
1790423674.4996948,31.55014300136827
1790423674.5008273,42.88894499768503
1790423674.501683,2.431810979032889
1790423674.5045388,28.860906983027235
1790423674.5048742,8.445448009297252
1790423674.505152,5.398833018261939
1790423674.50803,2.0714610000140965
1790423674.5091162,2.433782006846741
1790423674.5154753,1.4105159789323807
1790423674.5185628,54.8101169988513
1790423674.5252197,2.6082340045832098
1790423674.525944,36.6813910077326
1790423674.5269008,33.141842985060066
1790423674.5276067,25.57462899130769
1790423674.5280704,6.7474399984348565
1790423674.5285642,20.524099003523588
1790423674.5286398,31.439393002074212
1790423674.530687,5.456329992739484
1790423674.530911,2.830843994161114
1790423674.5321407,1.872089022072032
1790423674.5352957,25.44583598501049
1790423674.5358381,13.819517975207418
1790423674.5362232,27.050159027567133
1790423674.5369754,9.357009024824947
1790423674.5388575,2.437218005070463
1790423674.5632873,26.17022200138308
1790423674.565828,24.754515994573012
1790423674.567957,22.07974999328144
1790423674.5776002,38.09784699114971
1790423674.577694,46.326221025083214
1790423674.5787454,49.177840002812445
1790423674.5867202,45.1624580018688
1790423674.5908704,48.612887010676786
1790423674.5921905,53.82588200154714
1790423674.5959713,47.37740699783899
1790423674.596207,34.941204998176545
1790423674.59703,56.80828000186011
1790423674.5972776,49.40225099562667
1790423674.598243,18.690046010306105
1790423674.5996962,39.81079600634985
1790423674.6120677,27.5623929919675
1790423674.6126907,23.449492000509053
1790423674.6168497,37.840335979126394
1790423674.621862,37.93085599318147
1790423674.6230385,52.792750007938594
1790423674.623525,35.54993201396428
1790423674.6247375,85.6806900119409
1790423674.6248765,28.657638002187014
1790423674.6250315,58.84599298588
1790423674.6251075,31.975074991350994
1790423674.6299076,24.337336013559252
1790423674.6448383,59.19498999719508
1790423674.6452703,62.529104005079716
1790423674.6456819,51.93181199138053
1790423674.6458716,46.86970298644155
1790423674.646041,80.94840700505301
1790423674.6598492,33.404104004148394
1790423674.6599476,71.38347899308428
1790423674.670373,51.80074999225326
1790423674.6709638,56.651738996151835
1790423674.6741793,81.74947299994528
1790423674.6746538,79.8678979917895
1790423674.6763268,70.13946402003057
1790423674.676674,84.94286399218254
1790423674.677098,36.217423010384664
1790423674.6776865,74.99403398833238
1790423674.677758,66.23297699843533
1790423674.681631,53.823700989596546
1790423674.6843638,74.16178801213391
1790423674.6844525,33.46037201117724
1790423674.686031,38.436261005699635
1790423674.6864474,23.32894699065946
1790423674.6880212,44.302510999841616
1790423674.6884696,11.361962999217212
1790423674.6885443,38.17121000611223
1790423674.6891358,36.57530801137909
1790423674.690206,9.521966014290228
1790423674.690345,20.788594003533944
1790423674.690467,34.60321601596661
1790423674.6909974,2.965360996313393
1790423674.6910698,3.630026971222833
1790423674.6952138,2.1165299986023456
1790423674.6976786,37.54880098858848
1790423674.7002952,1.5064180188346654
1790423674.701893,1114.3979599874
1790423674.703021,29.86705000512302
1790423674.7034543,30.92287399340421
1790423674.704284,13.118357979692519
1790423674.704595,19.79927602224052
1790423674.7054465,1108.331163006369
1790423674.706967,6.662103987764567
1790423674.7072306,10.35021900315769
1790423674.7073765,14.98352800263092
1790423674.711055,12.794377020327374
1790423674.723386,18.572756001958624
1790423674.72838,34.877254016464576
1790423674.728749,12.249397987034172
1790423674.7288432,27.665294997859746
1790423674.7366192,22.220787010155618
1790423674.7369926,29.339411994442344
1790423674.7377758,7.379956980003044
1790423674.737883,16.97831999626942
1790423674.7509863,26.122514973394573
1790423674.7562928,21.136609982931986
1790423674.7626195,22.10733899846673
1790423674.7646205,46.856630011461675
1790423674.7657313,59.25636299070902
1790423674.7658725,25.9644289908465
1790423674.7702146,33.17118901759386
1790423674.7758305,46.335346007253975
1790423674.7884336,49.852625001221895
1790423674.7925835,37.542661011684686
1790423674.7944183,77.41575199179351
1790423674.800146,48.615617997711524
1790423674.8071911,45.83813698263839
1790423674.814583,85.6173110078089
1790423674.8149467,62.29910301044583
1790423674.8150127,62.925971986260265
1790423674.8151202,50.95246800919995
1790423674.8152032,47.31943699880503
1790423674.818913,48.308955010725185
1790423674.821802,48.12566901091486
1790423674.822073,11.362005985574797
1790423674.8221576,58.77576000057161
1790423674.8223658,27.229252009419724
1790423674.8224704,6.612046010559425
1790423674.8225513,19.22678799019195
1790423674.8226163,55.267087009269744
1790423674.8245,49.41131701343693
1790423674.8295052,1.4354079903569072
1790423674.8387032,40.64693098189309
1790423674.8394203,47.80286698951386
1790423674.8399153,2.2326680191326886
1790423674.8401146,23.70671200333163
1790423674.8402705,28.226238006027415
1790423674.8405502,31.882051000138745
1790423674.840612,7.566402986412868
1790423674.8427522,40.93173498404212
1790423674.8437564,62.2797520190943
1790423674.8445673,34.42211600486189
1790423674.845385,30.078187002800405
1790423674.8454497,10.35725700785406
1790423674.845531,28.04532999289222
1790423674.8455858,35.85455799475312
1790423674.8508267,1.2178070028312504
1790423674.8628416,1.4413410099223256
1790423674.8691127,1.4198370045050979
1790423674.871488,1.378888002363965
1790423674.871974,1.3421080075204372
1790423674.875455,1.2594159925356507
1790423674.8781855,1.5961260069161654
1790423674.878447,1.3656570226885378
1790423674.8901482,1.480083999922499
1790423674.8924503,1.2463989842217416
1790423674.9011838,20.682405011029914
1790423674.9023056,22.80083400546573
1790423674.9024112,6.435294984839857
1790423674.9166937,12.252970976987854
1790423674.9171996,26.999872992746532
1790423674.9261503,21.170011983485892
1790423674.9271672,27.263194002443925
1790423674.9332128,1.6740289865992963
1790423674.9412687,24.859780998667702
1790423674.947555,13.213352009188384
1790423674.9476867,30.365373997483402
1790423674.972976,30.21157401963137
1790423674.9734416,22.05088597838767
1790423674.977745,39.044757024385035
1790423674.9785461,43.59442400163971
1790423674.9822397,42.59961098432541
1790423674.9840462,57.58244398748502
1790423674.9845812,30.14679698389955
1790423674.985686,60.97254401538521
1790423674.986563,34.4022799981758
1790423674.9873264,20.663903007516637
1790423674.988432,42.97313597635366
1790423674.9885223,41.923368989955634
1790423674.988962,6.247837998671457
1790423674.9891398,39.16235800716095
1790423674.9892054,31.904711009701714
1790423674.9949162,56.66439200285822
1790423674.9959455,42.67960001016036
1790423674.9963236,45.73710999102332
1790423674.9967184,35.58231599163264
1790423674.997772,26.163255999563262
1790423675.0014105,44.85045000910759
1790423675.0019612,36.33807899313979
1790423675.002682,15.342817001510412
1790423675.0027783,5.603326979326084
1790423675.0028608,25.97531900391914
1790423675.0069458,1.4951990160625428
1790423675.016996,19.05116401030682
1790423675.0177052,32.7254309959244
1790423675.0183012,9.12168700597249
1790423675.0183876,6.837317981990054
1790423675.022398,31.758627999806777
1790423675.0238292,25.170239008730277
1790423675.0239062,13.650278007844463
1790423675.023975,9.038288000738248
1790423675.0295565,1.5946940111462027
1790423675.041459,30.571248003980145
1790423675.041811,22.380923008313403
1790423675.042699,9.989160986151546
1790423675.0428054,31.823672994505614
1790423675.0439901,4.511221981374547
1790423675.0442958,5.764981993706897
1790423675.0443645,2.5405120104551315
1790423675.047834,1.6789479996077716
1790423675.0514104,24.81210499536246
1790423675.0533814,28.869625995866954
1790423675.0539653,3.5724819754250348
1790423675.054077,13.491480989614502
1790423675.0542812,16.285821999190375
1790423675.054487,4.5534539967775345
1790423675.0548604,2.9720549937337637
1790423675.0551345,2.482351992512122
1790423675.0638218,1.637084991671145
1790423675.0638928,2.169371990021318
1790423675.0698307,1.2144089851062745
1790423675.078929,2.2576750197913498
1790423675.0792878,2.1712480229325593
1790423675.0801938,1.2549039965961128
1790423675.0834248,1.3906009844504297
1790423675.0886023,23.25387700693682
1790423675.0890393,17.74892001412809
1790423675.0897534,11.933201982174069
1790423675.0898242,7.07421702099964
1790423675.1017861,12.73593000951223
1790423675.1116705,24.967209988972172
1790423675.1159017,31.97628099587746
1790423675.1170886,23.283226997591555
1790423675.1172776,6.9813799927942455
1790423675.1174023,12.924656010000035
1790423675.1184173,16.21187900309451
1790423675.1194742,14.153524010907859
1790423675.1196115,6.991125992499292
1790423675.119676,29.805980011587963
1790423675.1272595,1.4967799943406135
1790423675.1288307,1.401832007104531
1790423675.1292696,43.331196007784456
1790423675.1319027,1.447613991331309
1790423675.1325877,1.4272000116761774
1790423675.134809,1.3168650039006025
1790423675.1373217,55.80916701001115
1790423675.1377602,44.64400501456112
1790423675.1384902,46.99739199713804
1790423675.1390588,35.729930008528754
1790423675.1406605,18.63749499898404
1790423675.1407402,10.707057983381674
1790423675.141529,34.251849981956184
1790423675.1415975,9.685358993010595
1790423675.1424072,1.4172770024742931
1790423675.1447055,1.1488579912111163
1790423675.1475341,1.1515019868966192
1790423675.1489282,1.2198020122013986
1790423675.15463,1.958690001629293
1790423675.1546998,2.4731459852773696
1790423675.162456,16.787172004114836
1790423675.1651764,16.955056984443218
1790423675.1652753,12.053723010467365
1790423675.165364,25.931832991773263
1790423675.167393,1.5689299907535315
1790423675.1707487,1.3468099932651967
1790423675.1780858,22.112049016868696
1790423675.178174,13.607839005999267
1790423675.187368,3.8093780167400837
1790423675.2024598,18.67924799444154
1790423675.2034135,28.275516000576317
1790423675.2034943,6.390007998561487
1790423675.2074165,19.37952500884421
1790423675.207904,29.253913991851732
1790423675.2079751,9.87064401851967
1790423675.2082603,19.15240500238724
1790423675.2083266,2.6339229953009635
1790423675.2110152,1.7782850190997124
1790423675.215079,1.6297140100505203
1790423675.2154071,28.577327000675723
1790423675.2158341,14.46285200654529
1790423675.215891,6.187780003529042
1790423675.218063,1.3844829809386283
1790423675.2185287,1.165500987553969
1790423675.2220986,2.120389021001756
1790423675.222385,2.0195260003674775
1790423675.2231636,1.4991479984018952
1790423675.2245703,1.261422992683947
1790423675.2351143,1.7790509737096727
1790423675.2360759,1.6310880018863827
1790423675.239077,1.2905500188935548
1790423675.2407932,1.1394819885026664
1790423675.2482045,1.5435040113516152
1790423675.2709372,7.500181993236765
1790423675.271456,18.910006998339668
1790423675.2715697,24.099759990349412
1790423675.273435,29.97625697753392
1790423675.274515,4.916681005852297
1790423675.2748637,24.41089798230678
1790423675.2755175,29.673979996005073
1790423675.2756193,20.320772018749267
1790423675.2760246,10.63767698360607
1790423675.2761135,4.182959004538134
1790423675.2791088,1.9855989958159626
1790423675.2795236,27.660224004648626
1790423675.2801247,18.00445100525394
1790423675.2816305,8.776987000601366
1790423675.281949,3.4168950223829597
1790423675.2821262,14.838898001471534
1790423675.2822309,30.990280996775255
1790423675.2828019,1.6638530069030821
1790423675.2902102,1.3669729814864695
1790423675.2960806,1.4990049821790308
1790423675.2966874,1.4564769808202982
1790423675.301012,1.2852839718107134
1790423675.304447,1.1842880048789084
1790423675.3093736,1.2489900109358132
1790423675.311124,1.1595870018936694
1790423675.3142886,1.1480440152809024
1790423675.3184357,1.3281720166560262
1790423675.320714,1.240273006260395
1790423675.3248017,1.7145269957836717
1790423675.3258321,1.9404599734116346
1790423675.327108,2.0723239867947996
1790423675.3283427,1.7091880145017058
1790423675.3294356,1.8912000232376158
1790423675.3357701,2.398009004537016
1790423675.3358786,3.034004010260105
1790423675.346654,14.650852011982352
1790423675.3622527,18.538256990723312
1790423675.3624494,24.65166201000102
1790423675.363248,34.650769986910746
1790423675.364832,11.629663000348955
1790423675.36499,5.625374993542209
1790423675.365074,17.109909997088835
1790423675.3683825,29.101975000230595
1790423675.3688488,32.42321399739012
1790423675.3689766,17.31443198514171
1790423675.3708553,17.522898997412995
1790423675.3711865,8.08645601500757
1790423675.3728578,20.152801007498056
1790423675.373729,35.09178900276311
1790423675.3739061,6.832555984146893
1790423675.373965,18.329123995499685
1790423675.3757613,1.703679998172447
1790423675.3760326,1.3791740057058632
1790423675.389772,1.4353489968925714
1790423675.3915462,1.630409009521827
1790423675.3939226,1.7932259943336248
1790423675.3942444,1.5053489769343287
1790423675.394408,24.03926898841746
1790423675.3953655,26.158010005019605
1790423675.3956618,8.056582999415696
1790423675.3957517,4.194320004899055
1790423675.397695,1.275993010494858
1790423675.3984406,1.3436060107778758
1790423675.398982,1.1440019879955798
1790423675.4013548,1.0717530094552785
1790423675.4049923,2.0050680031999946
1790423675.405939,1.7753189895302057
1790423675.4068809,1.508635003119707
1790423675.411058,1.1780289933085442
1790423675.41794,1.545204984722659
1790423675.4274766,8.902570989448577
1790423675.4277396,23.22281801025383
1790423675.427845,18.423998990328982
1790423675.4281588,1.908214995637536
1790423675.4295096,1.2450069771148264
1790423675.4411788,1.992998004425317
1790423675.443878,26.624539983458817
1790423675.444056,20.738164021167904
1790423675.4442332,14.713822019984946
1790423675.4444168,4.175481997663155
1790423675.4612253,27.550494007300586
1790423675.4616392,20.445706992177293
1790423675.4628763,29.814979003276676
1790423675.4630256,11.063997983001173
1790423675.4639063,1.638287998503074
1790423675.4709158,28.090745996451005
1790423675.471309,24.587852996774018
1790423675.4714477,14.126361988019198
1790423675.4719114,5.198108003241941
1790423675.4737203,25.810909981373698
1790423675.4741163,26.7758599948138
1790423675.4744859,14.666571980342269
1790423675.4809287,2.2314939997158945
1790423675.485522,1.3907250249758363
1790423675.4875114,1.4217649877537042
1790423675.4956162,14.67286900151521
1790423675.4961782,22.99726300407201
1790423675.496268,5.456233018776402
1790423675.5029294,1.3473260041791946
1790423675.5041876,1.2485359911806881
1790423675.5116317,3.218231984646991
1790423675.5126436,1.7788870027288795
1790423675.5201108,19.803489005425945
1790423675.5227551,17.338154022581875
1790423675.5241544,26.101075985934585
1790423675.524486,15.533700992818922
1790423675.5245733,10.69406999158673
1790423675.5331814,27.160891011590138
1790423675.5334508,23.351452982751653
1790423675.5335505,29.06624900060706
1790423675.5337036,12.040405010338873
1790423675.534404,2.541836991440505
1790423675.547684,2.6779040053952485
1790423675.5515056,21.879653999349102
1790423675.5539358,33.30729599110782
1790423675.5542595,23.64044901332818
1790423675.5545423,13.94568700925447
1790423675.55481,32.00452998862602
1790423675.5552087,11.227985000004992
1790423675.5567963,10.027145006461069
1790423675.557348,5.417976004537195
1790423675.5581954,2.9772649868391454
1790423675.5586348,5.580901022767648
1790423675.5597591,1.5449589991476387
1790423675.5869453,21.869860007427633
1790423675.5898707,20.273581001674756
1790423675.5906804,30.052048998186365
1790423675.5907545,8.577836997574195
1790423675.5934885,34.43589500966482
1790423675.5950842,1.4657179999630898
1790423675.600992,1.603757991688326
1790423675.608299,1.8352449988014996
1790423675.6097882,30.459772009635344
1790423675.610669,46.67017800966278
1790423675.6111872,55.328704009298235
1790423675.6121538,50.579974020365626
1790423675.612981,39.68160800286569
1790423675.6132922,30.480109009658918
1790423675.6154702,19.22369800740853
1790423675.615965,17.959341988898814
1790423675.6161826,16.0207070002798
1790423675.6164489,10.694910015445203
1790423675.616545,35.534028022084385
1790423675.6171346,33.01277899299748
1790423675.6172073,8.37933798902668
1790423675.6204002,1.466101995902136
1790423675.6299102,1.5107560029719025
1790423675.633338,1.4798580086790025
1790423675.6390455,1.792116992874071
1790423675.6446426,28.34913198603317
1790423675.6451156,15.948432992445305
1790423675.6455638,22.29032400646247
1790423675.6461148,8.094891003565863
1790423675.6462297,12.322002003202215
1790423675.646358,3.5387649841140956
1790423675.6492016,2.506126998923719
1790423675.6510735,1.860007003415376
1790423675.655581,25.27014401857741
1790423675.6560376,30.291022994788364
1790423675.6579468,22.776962985517457
1790423675.658536,16.300691000651568
1790423675.6587038,35.95270201913081
1790423675.6589007,5.069450999144465
1790423675.6590254,11.69278600718826
1790423675.6595266,3.044652024982497
1790423675.6620612,1.5430359926540405
1790423675.6735966,25.233113003196195
1790423675.673736,1037.2084230184555
1790423675.6738396,19.32810401194729
1790423675.6742046,3.2250729855149984
1790423675.6844213,2.128181979060173
1790423675.6885612,1.4011370076332241
1790423675.6998892,18.864860001485795
1790423675.7043421,19.90838599158451
1790423675.7048473,21.991958987200633
1790423675.7050834,27.55711998906918
1790423675.7052057,13.2175000035204
1790423675.7054722,6.395295989932492
1790423675.714509,23.03380100056529
1790423675.714643,17.197985987877473
1790423675.715619,12.965864996658638
1790423675.7157264,26.005346997408196
1790423675.7302558,31.926772993756458
1790423675.7308357,54.121902998303995
1790423675.7336547,21.259871020447463
1790423675.73376,37.783078994834796
1790423675.7349951,3.9971040096133947
1790423675.7351182,3.6681140190921724
1790423675.7358987,1.4527410094160587
1790423675.7367022,18.500550999306142
1790423675.7378223,31.5601039910689
1790423675.737942,5.88586600497365
1790423675.7387707,1.3993599859531969
1790423675.740963,1.383408991387114
1790423675.7446105,1.3817150029353797
1790423675.74677,1.7895189812406898
1790423675.7514374,2.1952649985905737
1790423675.7563198,16.1388750129845
1790423675.7621477,1.9016150035895407
1790423675.7662802,16.42308000009507
1790423675.76719,21.2607309804298
1790423675.7686167,7.321362005313858
1790423675.7696488,30.63189599197358
1790423675.7716918,8.395604992983863
1790423675.7718537,6.652657990343869
1790423675.7720742,23.520730988821015
1790423675.7736104,4.983953986084089
1790423675.776826,26.317515003029257
1790423675.7788045,16.22491900343448
1790423675.7805574,13.04068899480626
1790423675.7807791,32.73256399552338
1790423675.7965918,25.997037009801716
1790423675.8025916,24.556254997150972
1790423675.8063576,38.28908200375736
1790423675.8103237,31.179807003354654
1790423675.8108816,18.622050003614277
1790423675.8110287,36.11592098604888
1790423675.8116782,16.48573999409564
1790423675.8117306,10.420929989777505
1790423675.8127594,39.98956101713702
1790423675.8132756,1.3448329991661012
1790423675.8243072,50.483054015785456
1790423675.8289824,41.770329989958555
1790423675.8331444,39.084549993276596
1790423675.8339653,34.662595979170874
1790423675.8364513,46.70310000074096
1790423675.8370295,45.80953001277521
1790423675.8371565,18.47694700700231
1790423675.8372838,73.426238988759
1790423675.837675,60.72539297747426
1790423675.8380888,32.8709369932767
1790423675.838756,45.621880010003224
1790423675.8406107,8.323970017954707
1790423675.840874,42.222713003866374
1790423675.8413317,37.57427999516949
1790423675.8415911,11.792581004556268
1790423675.8506758,24.896443006582558
1790423675.851668,29.2188229796011
1790423675.858107,20.00769998994656
1790423675.8620389,33.92780799185857
1790423675.8622434,47.37674098578282
1790423675.863686,27.682685002218932
1790423675.86413,32.891507988097146
1790423675.8646758,34.27278497838415
1790423675.87277,47.797119012102485
1790423675.8805625,39.67813801136799
1790423675.8810012,37.367715005530044
1790423675.8827899,39.86644800170325
1790423675.8829587,53.96561001543887
1790423675.8903968,38.40514100738801
1790423675.8916996,55.235901003470644
1790423675.894365,52.04907100414857
1790423675.8950386,50.45658198650926
1790423675.8953164,48.05575299542397
1790423675.895676,36.23693098779768
1790423675.8959098,38.65814401069656
1790423675.8960333,31.893432984361425
1790423675.896169,6.797159992856905
1790423675.8962376,58.552785019855946
1790423675.8998446,1.5291140007320791
1790423675.9067652,72.4040339991916
1790423675.9084244,53.39850898599252
1790423675.9095614,37.4849789950531
1790423675.9103265,49.64045001543127
1790423675.911012,6.579384003998712
1790423675.911545,51.53567498200573
1790423675.9118626,21.45227399887517
1790423675.916673,28.168653981992975
1790423675.9168003,55.64479200984351
1790423675.9232702,31.210500979796052
1790423675.9237072,39.65068300021812
1790423675.9249542,19.33096698485315
1790423675.925024,15.453738014912233
1790423675.9255652,1.429262018064037
1790423675.9282482,19.087243999820203
1790423675.9295838,21.683269005734473
1790423675.930696,18.127882009139284
1790423675.9308012,29.37221500906162
1790423675.9308739,4.355177021352574
1790423675.934686,1.6740640276111662
1790423675.9363718,2.5855049898382276
1790423675.9367123,18.198177975136787
1790423675.9376943,1.9685400184243917
1790423675.9378133,31.03615701547824
1790423675.9382527,5.84485600120388
1790423675.9384208,3.526029991917312
1790423675.9397378,1.3076679897494614
1790423675.942212,1.3851640105713159
1790423675.944118,1.797980978153646
1790423675.9451337,1.7126559978350997
1790423675.9457188,1.3280540006235242
1790423675.9555688,2.3916339850984514
1790423675.955637,1.961725007276982
1790423675.9789023,27.495157992234454
1790423675.9791338,24.923126999055967
1790423675.9799387,30.24393299710937
1790423675.9800217,16.452556010335684
1790423675.9803782,14.660358981927857
1790423675.9813287,19.029323011636734
1790423675.9817247,17.51277400762774
1790423675.981837,26.01068399962969
1790423675.9859343,1.6842920158524066
1790423675.9908032,1.4266119978856295
1790423675.9919193,26.632772001903504
1790423675.9941192,32.32853001100011
1790423675.994202,31.18574299151078
1790423675.994266,6.192202010424808
1790423676.0007997,2.1908989874646068
1790423676.013005,24.201202992117032
1790423676.0152977,14.134675991954282
1790423676.0270638,27.169506007339805
1790423676.0273373,18.9213209960144
1790423676.0275352,44.288179982686415
1790423676.031344,23.839948989916593
1790423676.0320072,20.290560001740232
1790423676.0342562,15.427830017870292
1790423676.0402431,35.55488202255219
1790423676.0425742,44.683172018267214
1790423676.043639,24.178296007448807
1790423676.0560107,34.85813899897039
1790423676.0599358,27.06860500620678
1790423676.069573,44.67593700974248
1790423676.0708272,45.103843993274495
1790423676.0723417,51.9761239993386
1790423676.0777552,49.418335023801774
1790423676.0820057,40.13690599822439
1790423676.0857162,50.51726702367887
1790423676.0941973,40.529018006054685
1790423676.1038659,65.94139398657717
1790423676.1042693,80.25455599999987
1790423676.1078522,64.78880799841136
1790423676.1085546,76.48584299022332
1790423676.111395,102.39232500316575
1790423676.1117156,64.11571099306457
1790423676.1145692,51.939714001491666
1790423676.1153152,78.6875229969155
1790423676.115746,66.61473499843851
1790423676.1175132,56.22578799375333
1790423676.1176577,44.799032009905204
1790423676.1179323,67.55867600440979
1790423676.1203353,48.93039300804958
1790423676.1209853,45.893578993855044
1790423676.1223319,53.29048199928366
1790423676.123974,40.93843398732133
1790423676.1278322,47.6566260040272
1790423676.1331015,40.98451099707745
1790423676.1338892,49.047900014556944
1790423676.1345074,62.26486698142253
1790423676.1395648,85.28287499211729
1790423676.1399047,63.909525983035564
1790423676.1424532,58.676945976912975
1790423676.1431985,52.75671000708826
1790423676.144002,39.111544989282265
1790423676.1440907,63.22006299160421
1790423676.1448991,47.46987999533303
1790423676.1451077,35.543020989280194
1790423676.1452265,60.98092201864347
1790423676.1503294,34.45323297637515
1790423676.1513803,51.46103398874402
1790423676.1515439,56.56465599895455
1790423676.1519632,41.03805200429633
1790423676.1633232,41.99672400136478
1790423676.1718218,31.165400985628366
1790423676.1720333,52.58922200300731
1790423676.1721547,77.77692200033925
1790423676.1781423,31.569482991471887
1790423676.1792839,70.2182579843793
1790423676.1803987,73.07483299518935
1790423676.1810458,37.154531019041315
1790423676.1816695,80.66850298200734
1790423676.1818342,57.57338501280174
1790423676.182623,34.554432990262285
1790423676.1840122,38.60982900368981
1790423676.1841042,13.360020006075501
1790423676.1842427,22.337727976264432
1790423676.1843162,61.97277898900211
1790423676.1844745,49.691087973769754
1790423676.1845837,22.125949995825067
1790423676.1848805,35.50238101161085
1790423676.185074,11.988794984063134
1790423676.1851804,28.329738997854292
1790423676.1852365,8.69729500846006
1790423676.195641,1.438904000679031
1790423676.2000277,33.06181498919614
1790423676.2005835,26.428651006426662
1790423676.200824,4.935087024932727
1790423676.2008793,36.21901400038041
1790423676.206562,1.508521003415808
1790423676.2067122,2.0311820262577385
1790423676.2078583,1.1378790077287704
1790423676.2114592,1.1225169873796403
1790423676.2174459,1.453765988117084
1790423676.2240746,1.664031995460391
1790423676.2251728,1.946997013874352
1790423676.226159,1.6664849827066064
1790423676.2274435,1.2753689952660352
1790423676.2328439,1.4474380004685372
1790423676.2376764,2.113864989951253
1790423676.2377493,2.6926479768007994
1790423676.2447484,1.6288040205836296
1790423676.2567022,20.628299011150375
1790423676.2632914,21.133762988029048
1790423676.2644413,20.819116005441174
1790423676.266986,16.181418002815917
1790423676.2671266,28.105576988309622
1790423676.267221,4.558785003609955
1790423676.2720091,1.776908989995718
1790423676.278931,21.81826301966794
1790423676.280657,7.024450984317809
1790423676.2810762,31.031210004584864
1790423676.2811909,17.78496999759227
1790423676.2812765,47.916376002831385
1790423676.2834811,1.35060100001283
1790423676.286703,32.39027599920519
1790423676.288141,19.378957978915423
1790423676.2883954,30.03083702060394
1790423676.2884552,3.1565680110361427
1790423676.2885792,9.221654996508732
1790423676.2894607,1.9869010138791054
1790423676.2929096,1.433261000784114
1790423676.297186,1.5515609993599355
1790423676.3054988,1.7532109923195094
1790423676.3132393,22.97863899730146
1790423676.3143685,5.56231100927107
1790423676.3144708,16.703731002053246
1790423676.3145518,30.140513990772888
1790423676.3202908,1.5178500034380704
1790423676.3370998,22.34201499959454
1790423676.3377812,36.57352799200453
1790423676.338543,7.699156005401164
1790423676.3387387,18.06195601238869
1790423676.3388207,39.42730100243352
1790423676.3393543,24.034039000980556
1790423676.3419406,10.352712997701019
1790423676.3420217,19.190976017853245
1790423676.3421025,35.692498000571504
1790423676.344788,1.4576510002370924
1790423676.3478668,1.5281009837053716
1790423676.3479571,20.12867300072685
1790423676.3557568,19.27500602323562
1790423676.3568666,11.952050001127645
1790423676.3573143,32.404185010818765
1790423676.3574755,8.250719984062016
1790423676.3622437,19.5436840003822
1790423676.3674212,21.640405990183353
1790423676.3679,28.40068400837481
1790423676.3679895,10.504803998628631
1790423676.3778422,1.8375970248598605
1790423676.3790107,25.769200001377612
1790423676.3790967,15.36103300168179
1790423676.3882735,23.344055021880195
1790423676.388709,2.6999810070265085
1790423676.3892007,2.0784669904969633
1790423676.3894625,23.89447597670369
1790423676.3895195,2.9041630041319877
1790423676.3908908,1.1625789920799434
1790423676.397075,1.4318929752334952
1790423676.4078958,1.7928429879248142
1790423676.4082465,1.54217699309811
1790423676.4115155,1.5899789868853986
1790423676.4155235,1.397807995090261
1790423676.4161289,16.868676990270615
1790423676.4169996,23.307990020839497
1790423676.4173265,8.954897988587618
1790423676.4206493,1.8533219990786165
1790423676.4350815,1.744324981700629
1790423676.4406788,21.386210020864382
1790423676.4419196,25.36040300037712
1790423676.442047,7.879226992372423
1790423676.443279,1.892969012260437
1790423676.4435894,15.81312099006027
1790423676.4438727,8.65432500722818
1790423676.4439383,25.566767988493666
1790423676.445905,1.304433011682704
1790423676.4599586,1.7609559872653335
1790423676.4629,23.224036005558446
1790423676.4632876,12.916075007524341
1790423676.4633615,24.991251004394144
1790423676.4673007,2.182600990636274
1790423676.4723291,26.287542015779763
1790423676.4740558,22.32466998975724
1790423676.4747667,4.283485992345959
1790423676.4777448,2.383537997957319
1790423676.481816,1.4679739833809435
1790423676.4912028,19.804501003818586
1790423676.4918232,26.124891999643296
1790423676.4919071,16.04427699930966
1790423676.4919786,8.64471000386402
1790423676.4962327,1.7169020138680935
1790423676.4998822,26.654934015823528
1790423676.5002055,23.585519986227155
1790423676.500336,27.992709015961736
1790423676.501523,12.011169019388035
1790423676.5016277,6.284916016738862
1790423676.5117,2.6801950007211417
1790423676.514077,1.4214460097718984
1790423676.5174446,28.596504998859018
1790423676.5175369,25.414892996195704
1790423676.519465,5.378716014092788
1790423676.5197382,21.316520986147225
1790423676.5201557,10.535431007156149
1790423676.5211117,3.0664229998365045
1790423676.5221107,1.9451600091997534
1790423676.5263252,1.4629910001531243
1790423676.5269206,1.4806989929638803
1790423676.5277374,19.608483999036252
1790423676.5283792,17.79457600787282
1790423676.5292199,28.589719004230574
1790423676.5294251,8.687251014634967
1790423676.5295045,14.919712994014844
1790423676.5310616,1.355916989268735
1790423676.5360324,1.590461004525423
1790423676.5364697,1.5604739892296493
1790423676.5400138,1.418606989318505
1790423676.5417526,1.1633289977908134
1790423676.5458796,1.2851149949710816
1790423676.5546727,20.840011013206095
1790423676.5565693,13.355625997064635
1790423676.5572424,3.32504601101391
1790423676.5573063,25.852572987787426
1790423676.557842,19.80469500995241
1790423676.5585322,1.9537800108082592
1790423676.5649433,1.367605000268668
1790423676.5804393,20.87824000045657
1790423676.5921388,32.07604799536057
1790423676.5950022,36.427328013814986
1790423676.5954869,23.869336990173906
1790423676.5984612,43.68069599149749
1790423676.601704,27.07603099406697
1790423676.6023064,33.53274500113912
1790423676.6031034,11.775264982134104
1790423676.6084056,32.324416999472305
1790423676.6105094,28.031912981532514
1790423676.6111214,38.33142400253564
1790423676.611503,46.550038998248056
1790423676.613036,19.97508099884726
1790423676.6131248,17.625225009396672
1790423676.6133547,12.735901982523501
1790423676.6145053,32.63761900598183
1790423676.6158078,4.152259003603831
1790423676.6159768,11.079072981374338
1790423676.6165864,22.11629500379786
1790423676.6169298,13.8176949985791
1790423676.6171508,23.933871008921415
1790423676.6172128,20.774245989741758
1790423676.6172953,10.767386003863066
1790423676.619489,21.686635998776183
1790423676.6199327,16.392457007896155
1790423676.620015,12.868257996160537
1790423676.6232393,1.4029520098119974
1790423676.630884,32.1000560070388
1790423676.6417375,25.708616012707353
1790423676.6496823,3.914704982889816
1790423676.6500583,25.951440999051556
1790423676.6504977,2.941543993074447
1790423676.6527188,14.444750995608047
1790423676.6534886,1.5537510043941438
1790423676.6628592,28.17453898023814
1790423676.6629422,14.35123200644739
1790423676.6632082,3.7187020061537623
1790423676.6675599,1.7484670097474009
1790423676.6774187,26.13136201398447
1790423676.6774933,4.0006699855439365
1790423676.677611,30.682401004014537
1790423676.677678,16.992916993331164
1790423676.6929543,17.558127001393586
1790423676.6941547,27.545830002054572
1790423676.6946807,7.066148013109341
1790423676.6956,1.957801985554397
1790423676.6971643,24.169947020709515
1790423676.6972997,17.951793008251116
1790423676.6976836,29.86471902113408
1790423676.698773,3.163753019180149
1790423676.6988854,6.845677009550855
1790423676.7044456,23.921173997223377
1790423676.704919,26.235797005938366
1790423676.7052608,7.462576992111281
1790423676.7053287,12.361579982098192
1790423676.7121832,2.058860001852736
1790423676.712896,1.7169380153063685
1790423676.7134988,1.3052590074948967
1790423676.7148533,1.162175991339609
1790423676.7175639,1.216025004396215
1790423676.7192152,1.169055001810193
1790423676.7244663,1.1778600164689124
1790423676.7262712,1.3871440023649484
1790423676.730207,1.3577639765571803
1790423676.7385254,1.3040560006629676
1790423676.7398999,1.3653129863087088
1790423676.744915,1.4488940068986267
1790423676.7506723,1.2020060094073415
1790423676.757164,1.6405009955633432
1790423676.7600818,1.2181999918539077
1790423676.7615092,1.1576370161492378
1790423676.7652562,1.311936997808516
1790423676.769054,1.7029590089805424
1790423676.80229,24.02819599956274
1790423676.8071132,28.268283000215888
1790423676.8088686,35.56124499300495
1790423676.8089578,19.514016981702298
1790423676.8092346,26.087415986694396
1790423676.8097236,4.439250973518938
1790423676.809814,10.15386899234727
1790423676.8128686,1.2834359949920326
1790423676.8150704,52.552397013641894
1790423676.8163674,46.43841698998585
1790423676.8191652,42.62584701064043
1790423676.819292,43.417756009148434
1790423676.820642,2.9200159769970924
1790423676.820833,40.45662999851629
1790423676.822367,36.151373002212495
1790423676.8236794,42.49198397155851
1790423676.8238163,23.058961000060663
1790423676.8240738,17.49127299990505
1790423676.8241587,25.8683749998454
1790423676.824303,9.877522010356188
1790423676.8247898,3.9461179985664785
1790423676.8274367,39.41102098906413
1790423676.8324816,2.8114340093452483
1790423676.832817,33.686170005239546
1790423676.8344376,29.895871004555374
1790423676.8354895,42.707970016635954
1790423676.835558,25.012269004946575
1790423676.8359993,19.060357997659594
1790423676.836521,6.366916000843048
1790423676.838059,12.39296401035972
1790423676.8388739,3.9869169995654374
1790423676.839613,5.165134003618732
1790423676.8404155,3.1978800252545625
1790423676.8404782,4.225040000164881
1790423676.842685,1.3020019978284836
1790423676.8440797,1.3848799862898886
1790423676.8487048,20.267637009965256
1790423676.8507478,11.86461400357075
1790423676.8510542,20.15402400866151
1790423676.851118,7.030006003333256
1790423676.8513377,28.420816001016647
1790423676.8514514,15.88372900732793
1790423676.851511,2.795431006234139
1790423676.8559728,1.5476169937755913
1790423676.8625755,16.86633500503376
1790423676.8632944,1.4487809967249632
1790423676.8705986,12.142740015406162
1790423676.8706994,25.49535399884917
1790423676.8723636,1.3132140156812966
1790423676.87564,1.248446002136916
1790423676.878981,2.25126399891451
1790423676.8799539,2.19059397932142
1790423676.883171,1.6229110187850893
1790423676.8896554,1.278637006180361
1790423676.895344,19.33570799883455
1790423676.8955147,10.960579995298758
1790423676.8957272,17.539584019687027
1790423676.8958662,26.422927010571584
1790423676.8962622,2.751332998741418
1790423676.9010985,1.2714070035144687
1790423676.9065087,25.075114011997357
1790423676.9065862,19.919829006539658
1790423676.908022,27.079880994278938
1790423676.9082298,2.6870250003412366
1790423676.9091291,12.003376003121957
1790423676.9092128,7.294504001038149
1790423676.9094765,2.08839398692362
1790423676.920252,21.82094199815765
1790423676.9252772,20.601577998604625
1790423676.925881,28.232861979631707
1790423676.9262497,4.359615006251261
1790423676.9263873,16.530116001376882
1790423676.9395876,24.069915001746267
1790423676.9427512,24.484246008796617
1790423676.9432447,8.585089992266148
1790423676.9433455,27.207241975702345
1790423676.944044,15.610597998602316
1790423676.9441369,29.105706023983657
1790423676.9510362,1.7573980148881674
1790423676.9662287,26.27520900568925
1790423676.967869,7.115515996702015
1790423676.9680645,29.27942600217648
1790423676.9707937,1.309174986090511
1790423676.97273,1.599910989170894
1790423676.9737835,25.02870900207199
1790423676.9738793,29.540860006818548
1790423676.9739451,6.92764000268653
1790423676.979276,1.2900129950139672
1790423676.9961936,1.712830999167636
1790423676.9989936,1.5542740002274513
1790423677.0034425,9.551997995004058
1790423677.0035176,22.001976001774892
1790423677.008973,2.309287985553965
1790423677.0259943,4.495147994020954
1790423677.026181,28.023738996125758
1790423677.02627,13.24887599912472
1790423677.0269477,18.961896013934165
1790423677.030755,4.471592983463779
1790423677.0309606,29.858929017791525
1790423677.0310493,19.503717019688338
1790423677.0418348,34.45552699849941
1790423677.0419252,6.928200018592179
1790423677.0452623,1.901265000924468
1790423677.0459275,1.425008988007903
1790423677.0490289,25.538607995258644
1790423677.0491085,11.527017981279641
1790423677.0584667,2.0726569928228855
1790423677.0756586,7.897934003267437
1790423677.075796,18.17510000546463
1790423677.0762556,26.490968972211704
1790423677.08879,29.69959398615174
1790423677.0910778,28.421079012332484
1790423677.0916178,9.815657016588375
1790423677.0916972,31.598225003108382
1790423677.1014922,7.229838985949755
1790423677.1102986,51.784950017463416
1790423677.1107283,32.79800497693941
1790423677.1205425,17.21473000361584
1790423677.1207492,32.85567500279285
1790423677.12203,6.403607985703275
1790423677.122112,13.043467013631016
1790423677.1222508,41.23363899998367
1790423677.1223388,3.563745995052159
1790423677.1249309,19.409021973842755
1790423677.1255157,30.614960996899754
1790423677.1258302,13.67397399735637
1790423677.1269772,3.11654299730435
1790423677.1270952,10.079154977574944
1790423677.1321278,49.72157999873161
1790423677.140185,41.948355006752536
1790423677.1406538,32.4148130021058
1790423677.142904,24.906498001655564
1790423677.143884,64.58731699967757
1790423677.144109,29.46754900040105
1790423677.1442614,42.37001700676046
1790423677.1443417,14.216484996723011
1790423677.1444852,5.177843006094918
1790423677.1539862,16.077078005764633
1790423677.1632612,29.825034027453512
1790423677.1654027,19.065130996750668
1790423677.1655617,10.874391999095678
1790423677.1656508,14.706730988109484
1790423677.1676836,30.868408997775987
1790423677.172322,12.862136994954199
1790423677.1755135,22.136585001135245
1790423677.1758828,34.327781992033124
1790423677.1759987,11.995478009339422
1790423677.1763608,8.284060982987285
1790423677.1812687,50.26262899627909
1790423677.193503,27.754687005653977
1790423677.1940148,22.511319984914735
1790423677.1943932,27.996223012451082
1790423677.1965537,8.342232991708443
1790423677.1977818,42.007418000139296
1790423677.1983037,1084.9921150074806
1790423677.1986315,20.015362999401987
1790423677.1990817,1093.026615009876
1790423677.1991506,38.54679100913927
1790423677.199576,15.840526000829414
1790423677.2002652,26.025803992524743
1790423677.2004683,8.191860979422927
1790423677.2043147,26.889478001976386
1790423677.2054362,19.247149000875652
1790423677.2128482,36.096235999139026
1790423677.2181945,21.14114601863548
1790423677.2239447,23.165481019532308
1790423677.224834,27.040015993406996
1790423677.2249084,14.262106007663533
1790423677.2264447,1.4239060110412538
1790423677.2270868,21.5450219984632
1790423677.2275066,15.359250013716519
1790423677.2275968,28.43529501114972
1790423677.229192,1.270914013730362
1790423677.2343252,25.806798017583787
1790423677.2347612,35.001970012672246
1790423677.235059,12.296942004468292
1790423677.2373478,4.382345010526478
1790423677.2374234,3.088128985837102
1790423677.2381291,1.62973502301611
1790423677.245108,1.555447990540415
1790423677.2631264,29.38731200993061
1790423677.2633436,20.34836998791434
1790423677.267543,25.025631010066718
1790423677.2700784,21.372543007601053
1790423677.2740133,41.90951900091022
1790423677.2742174,28.719815018121153
1790423677.2803178,21.816290012793615
1790423677.2846642,29.213561996584758
1790423677.2887492,37.29541398934089
1790423677.293317,29.179328004829586
1790423677.2934003,13.848031987436116
1790423677.2936845,41.421675006859004
1790423677.2940514,25.380752980709076
1790423677.294394,11.163289978867397
1790423677.2947767,4.920878011034802
1790423677.295791,56.25853399396874
1790423677.3003292,49.89513702457771
1790423677.3004413,38.91361498972401
1790423677.3032148,43.11660199891776
1790423677.3034775,38.113262999104336
1790423677.3072593,26.506558002438396
1790423677.307583,35.010986000997946
1790423677.3077195,5.861457000719383
1790423677.3078103,21.080239996081218
1790423677.3177254,54.32932198164053
1790423677.3192031,52.79885299387388
1790423677.3197477,41.050786996493116
1790423677.3206446,38.16965199075639
1790423677.3207347,31.720525003038347
1790423677.3211415,16.991401003906503
1790423677.3271077,35.93270800774917
1790423677.3272533,19.980704004410654
1790423677.3275952,16.94102998590097
1790423677.3282962,3.5139929968863726
1790423677.3283994,12.410715979058295
1790423677.3313212,22.1189419971779
1790423677.3357303,27.339236985426396
1790423677.3386831,26.47715000784956
1790423677.339849,21.495420020073652
1790423677.340033,33.526068000355735
1790423677.340211,10.331501980545
1790423677.342946,1.8766899884212762
1790423677.3478634,33.52752001956105
1790423677.35104,11.667710990877822
1790423677.3516612,5.665774981025606
1790423677.35182,40.18634601379745
1790423677.351937,29.38767001614906
1790423677.3530579,2.547390991821885
1790423677.3631551,22.671720973448828
1790423677.364985,27.607013005763292
1790423677.365176,16.884223994566128
1790423677.3657117,14.461233979091048
1790423677.3657799,3.6764010146725923
1790423677.369085,19.59583000279963
1790423677.369844,25.581583991879597
1790423677.371493,15.240422013448551
1790423677.3716204,3.886117017827928
1790423677.3731315,1.31738799973391
1790423677.3746955,1.2405130255501717
1790423677.3796165,1.7226320051122457
1790423677.3810992,23.926506022689864
1790423677.38117,5.006168998079374
1790423677.3812687,11.036518990295008
1790423677.3815575,26.491349010029808
1790423677.3816159,2.4134120030794293
1790423677.3853126,2.0510080212261528
1790423677.3922832,1.5480529982596636
1790423677.4118814,22.333436005283147
1790423677.4149234,31.20107200811617
1790423677.4151995,17.18807700672187
1790423677.4156566,30.109245009953156
1790423677.4161193,20.433679019333795
1790423677.4164352,9.871169022517279
1790423677.4173856,29.149858019081876
1790423677.4176621,15.268450020812452
1790423677.417862,9.110101993428543
1790423677.4181442,7.527760986704379
1790423677.418729,27.4224869790487
1790423677.424261,28.028711007209495
1790423677.4261625,22.081934002926573
1790423677.426997,17.3052650061436
1790423677.4270947,34.70579901477322
1790423677.4272468,9.092697000596672
1790423677.4347456,18.29855499090627
1790423677.4443915,21.568933996604756
1790423677.4445288,31.300898001063615
1790423677.4452176,3.250042995205149
1790423677.4453022,5.973393010208383
1790423677.4571078,27.79328598990105
1790423677.4591324,18.505020008888096
1790423677.459421,35.125027992762625
1790423677.4601004,16.733524011215195
1790423677.4610372,1.4812570007052273
1790423677.465819,1.4039569941814989
1790423677.4674733,47.60556799010374
1790423677.472754,46.32989797391929
1790423677.4728916,60.946097975829616
1790423677.4729784,42.038538987981156
1790423677.4747152,33.33558698068373
1790423677.4753284,12.598563014762476
1790423677.4760213,4.803296003956348
1790423677.476477,10.648219991708174
1790423677.476622,29.27351900143549
1790423677.4769511,3.610512998420745
1790423677.4793446,21.100720012327656
1790423677.4823012,18.967445997986943
1790423677.483503,27.30049000820145
1790423677.4838474,17.537808016641065
1790423677.4839745,8.637006976641715
1790423677.4897158,1.475369994295761
1790423677.4922447,3.2432559819426388
1790423677.493169,2.2946320241317153
1790423677.493231,1.908734004246071
1790423677.5008156,2.4591720139142126
1790423677.5008843,3.048544022021815
1790423677.5040312,13.926460000220686
1790423677.5048301,26.81982799549587
1790423677.5049815,18.14799100975506
1790423677.5052767,5.833025992615148
1790423677.5053906,2.773079992039129
1790423677.5054445,10.348672978579998
1790423677.5423357,19.810136989690363
1790423677.542415,29.07605201471597
1790423677.5465848,39.287441002670676
1790423677.5622733,41.40150500461459
1790423677.5650954,46.4057799836155
1790423677.5657296,36.629745009122416
1790423677.5659122,49.314578995108604
1790423677.5685358,36.76488698692992
1790423677.5686374,56.08644298627041
1790423677.5747867,41.686031996505335
1790423677.5751376,51.23368700151332
1790423677.5776095,45.44229101156816
1790423677.5799568,43.36596099892631
1790423677.5892634,58.900939009618014
1790423677.5907116,73.5861969878897
1790423677.591732,41.935340996133164
1790423677.591924,65.06237899884582
1790423677.5925894,51.4832709741313
1790423677.5940185,46.63120800978504
1790423677.594201,61.24992898548953
1790423677.594277,36.86435701092705
1790423677.5943544,53.99707600008696
1790423677.6013293,49.27019201568328
1790423677.605205,44.61023799376562
1790423677.60558,60.30145799741149
1790423677.6068215,26.502027991227806
1790423677.6075013,20.42871099547483
1790423677.6077304,81.5838300040923
1790423677.6143627,43.25958000845276
1790423677.6145656,46.73117399215698
1790423677.6146576,29.828550992533565
1790423677.616504,56.57740999595262
1790423677.6172538,29.195956012699753
1790423677.6176095,22.97688100952655
1790423677.6195269,33.04916698834859
1790423677.6232665,78.55121299508028
1790423677.6245253,39.05669698724523
1790423677.6246252,34.93078099563718
1790423677.6254432,27.649096999084577
1790423677.626099,26.030955981696025
1790423677.6263783,17.53054902656004
1790423677.626799,14.729474991327152
1790423677.6333997,40.79973301850259
1790423677.6387937,39.86584200174548
1790423677.6397023,37.47831398504786
1790423677.6403039,46.760746015934274
1790423677.6403637,30.39565499057062
1790423677.643975,44.55147200496867
1790423677.6471605,36.43022497999482
1790423677.6481159,41.49564600083977
1790423677.6536286,32.04866501619108
1790423677.658513,24.07551000942476
1790423677.6637743,50.651448022108525
1790423677.672828,57.53531600930728
1790423677.6753082,31.186709995381534
1790423677.6760807,39.55068701179698
1790423677.6818137,48.10790601186454
1790423677.6940367,49.0795070072636
1790423677.6941302,64.77163897943683
1790423677.701117,48.608196986606345
1790423677.7029462,48.29353597597219
1790423677.703055,65.91098799253814
1790423677.7040942,62.5408920168411
1790423677.708446,46.265344019047916
1790423677.7108521,54.01685700053349
1790423677.718088,59.25565800862387
1790423677.7216415,63.859039975795895
1790423677.7224174,63.0814169999212
1790423677.7234118,72.70527901710011
1790423677.728974,61.340462998487055
1790423677.7331777,66.84672000119463
1790423677.7375295,66.47983199218288
1790423677.7405124,68.21981602115557
1790423677.7471092,72.37497001187876
1790423677.747343,79.15181497810408
1790423677.7495239,77.7453689952381
1790423677.7518103,71.2304650223814
1790423677.751998,78.9241690072231
1790423677.7525206,60.32635999144986
1790423677.7552137,93.68764501414262
1790423677.75859,54.44505700143054
1790423677.7649162,81.18543997989036
1790423677.7663639,88.65698400768451
1790423677.7669744,72.64126901281998
1790423677.7674103,36.854450998362154
1790423677.7675579,56.553053989773616
1790423677.7721384,85.02878699800931
1790423677.7736104,59.161279001273215
1790423677.7737772,78.33931900677271
1790423677.7751186,47.79344200505875
1790423677.7752218,89.18853299110197
1790423677.775298,40.954613010399044
1790423677.7835004,45.95728899585083
1790423677.7891912,42.939750012010336
1790423677.7892797,77.19107999582775
1790423677.7937284,54.27758701262064
1790423677.794025,44.379575992934406
1790423677.8002696,60.39849799708463
1790423677.8006032,46.628233016235754
1790423677.8048887,51.71229099505581
1790423677.80807,57.84718398354016
1790423677.8095057,40.49912199843675
1790423677.809918,48.03043502033688
1790423677.8107553,71.7826820036862
1790423677.8111393,54.45697400136851
1790423677.8112156,13.259438012028113
1790423677.811325,55.35487498855218
1790423677.811418,38.64957799669355
1790423677.8115563,7.803212996805087
1790423677.8122923,25.22294400841929
1790423677.8126774,3.8054430042393506
1790423677.8172023,48.90630699810572
1790423677.8203943,1.4547239989042282
1790423677.8210814,34.74018699489534
1790423677.822126,27.031950012315065
1790423677.8278656,26.1505369853694
1790423677.8279915,62.264178006444126
1790423677.8283482,15.096249000634998
1790423677.832743,80.11046799947508
1790423677.8331099,72.01918298960663
1790423677.8383641,43.77433899207972
1790423677.841854,49.546366004506126
1790423677.8438666,38.51081899483688
1790423677.844136,34.20572599861771
1790423677.8446486,43.59862901037559
1790423677.8447325,38.445456011686474
1790423677.8492846,28.87978299986571
1790423677.8510935,24.899668991565704
1790423677.8516116,11.309559020446613
1790423677.8517034,28.472848003730178
1790423677.855042,28.051651985151693
1790423677.8559184,30.979395000031218
1790423677.859684,1.396535983076319
1790423677.860893,17.656643001828343
1790423677.8616333,40.11149299913086
1790423677.8717444,11.686946992995217
1790423677.8720572,33.084320020861924
1790423677.872145,32.56026501185261
1790423677.8764458,1.5561940090265125
1790423677.8780274,36.15992298000492
1790423677.8781064,24.04824100085534
1790423677.8782563,8.698289981111884
1790423677.8786116,1.8060700094792992
1790423677.8899271,1.9053220166824758
1790423677.890717,1.6324000025633723
1790423677.89327,22.295813978416845
1790423677.894405,9.543059015413746
1790423677.8944943,31.43812599591911
1790423677.8945963,3.8689599896315485
1790423677.89541,2.130659995600581
1790423677.9018385,1.429830997949466
1790423677.9119513,1.536428986582905
1790423677.9164581,1.4940350083634257
1790423677.917217,25.923676003003493
1790423677.917336,13.46749099320732
1790423677.9176378,25.222407013643533
1790423677.9218204,2.0112750062253326
1790423677.9273705,2.987453975947574
1790423677.9274664,2.464112010784447
1790423677.9302046,2.556126011768356
1790423677.9308553,2.5446359941270202
1790423677.9309356,2.1037970145698637
1790423677.935161,1.995838014408946
1790423677.9399316,1.7015959892887622
1790423677.9435952,7.528678979724646
1790423677.9493368,2.021220017923042
1790423677.9632015,2.5662630214355886
1790423677.9657323,28.93317799316719
1790423677.9658892,16.54117798898369
1790423677.9662416,4.867373005254194
1790423677.9663732,2.3613130033481866
1790423677.9773731,2.1766609861515462
1790423677.9813156,1.642310991883278
1790423677.9834113,32.558833016082644
1790423677.9835055,23.647234978852794
1790423677.9838006,20.469643990509212
1790423677.9841602,5.08339999942109
1790423677.9888492,2.3774830042384565
1790423677.9905586,1.829182991059497
1790423677.9956899,1.8540500022936612
1790423677.9993117,1.8103909969795495
1790423678.0077353,2.541216992540285
1790423678.0084503,1.6141519881784916
1790423678.0124435,2.4959339934866875
1790423678.0168865,3.159315005177632
1790423678.0169816,2.627976005896926
1790423678.0202508,2.482190990122035
1790423678.0210457,1.8248459964524955
1790423678.024923,29.118105012457818
1790423678.0252771,19.208018988138065
1790423678.0271742,16.61348101333715
1790423678.0279713,10.285416996339336
1790423678.0280502,4.444556019734591
1790423678.033715,1.9823340117000043
1790423678.0341592,3.175237972754985
1790423678.0453625,2.1815510117448866
1790423678.045442,2.924264990724623
1790423678.052149,24.964326003100723
1790423678.0538182,27.22300699679181
1790423678.053907,21.099339006468654
1790423678.0545316,3.770106006413698
1790423678.054999,2.836122002918273
1790423678.0560193,2.7421120030339807
1790423678.058068,1.8537029973231256
1790423678.0638099,2.8668080049101263
1790423678.0649657,1.8625609809532762
1790423678.0744162,17.268155002966523
1790423678.0881078,22.03443500911817
1790423678.098056,43.00135400262661
1790423678.1104195,35.42891697725281
1790423678.1113024,19.93561800918542
1790423678.111802,35.968436975963414
1790423678.112079,4.195170011371374
1790423678.112808,42.31898600119166
1790423678.1167572,51.4253530127462
1790423678.1202726,37.32366897747852
1790423678.1237612,3.149044991005212
1790423678.125191,30.716617009602487
1790423678.125656,13.56302498606965
1790423678.126915,5.286679981509224
1790423678.1270194,50.173553987406194
1790423678.1285567,42.10359399439767
1790423678.1307695,23.665551998419687
1790423678.1309383,50.88780299411155
1790423678.131688,18.641809991095215
1790423678.1317966,4.4818680034950376
1790423678.1332886,3.0530439980793744
1790423678.1347003,2.0531170011963695
1790423678.1376781,1.4901490067131817
1790423678.14221,1.41572899883613
1790423678.1507602,21.621605003019795
1790423678.1525898,18.319426017114893
1790423678.1529562,25.725291983690113
1790423678.1530545,10.362710017943755
1790423678.1795256,8.27884700265713
1790423678.1828122,23.61429500160739
1790423678.1853855,23.196540016215295
1790423678.1914394,31.100635998882353
1790423678.1960819,40.57546998956241
1790423678.1961958,27.317937987390906
1790423678.199881,38.21269000764005
1790423678.202206,42.381136008771136
1790423678.2050197,19.40757400006987
1790423678.2058132,33.98319100961089
1790423678.209606,35.49648600164801
1790423678.2106223,14.412865013582632
1790423678.2119393,23.088466987246647
1790423678.2121432,4.013439000118524
1790423678.2122393,41.895531001500785
1790423678.2173548,33.486377011286095
1790423678.2191474,17.81526699778624
1790423678.220469,35.952067002654076
1790423678.2208033,11.04426899109967
1790423678.2208748,34.85100399120711
1790423678.2209382,18.87039199937135
1790423678.2209895,30.798549007158726
1790423678.2211716,28.56627499568276
1790423678.221309,10.50421199761331
1790423678.2216895,1.989898009924218
1790423678.2238615,1.5124859928619117
1790423678.2255194,1.2822030112147331
1790423678.246649,18.979679996846244
1790423678.2479844,25.108117988565937
1790423678.2521958,25.073585013160482
1790423678.2538242,18.833237001672387
1790423678.2539122,14.59917300962843
1790423678.2540588,10.51088102394715
1790423678.2543633,2.318899001693353
1790423678.2627356,15.467599994735792
1790423678.2646592,4.907792987069115
1790423678.264736,30.303325009299442
1790423678.2649615,28.540933009935543
1790423678.2734168,23.845822986913845
1790423678.2740016,29.802259989082813
1790423678.284221,21.07062700088136
1790423678.292716,23.73634700779803
1790423678.2933888,18.354343017563224
1790423678.302225,31.39310801634565
1790423678.303455,25.738220021594316
1790423678.3038466,38.41219600872137
1790423678.3114357,51.052738999715075
1790423678.3120494,43.55166101595387
1790423678.3143306,48.24603800079785
1790423678.319062,12.450228998204693
1790423678.3193555,41.05145201901905
1790423678.31944,48.09700499754399
1790423678.3195953,21.98697000858374
1790423678.3196888,39.978148008231074
1790423678.3199325,9.510243980912492
1790423678.3206105,26.286898006219417
1790423678.3221703,4.335069010267034
1790423678.3232753,9.138656023424119
1790423678.3241327,59.93667000439018
1790423678.3270483,24.312648019986227
1790423678.3274658,44.78598301648162
1790423678.3277178,20.500212005572394
1790423678.3329694,28.905143990414217
1790423678.333109,23.611964978044853
1790423678.333489,19.923031999496743
1790423678.3335695,32.99421499832533
1790423678.3371649,24.623113014968112
1790423678.3425353,26.989675010554492
1790423678.3442335,27.470396016724408
1790423678.3502355,22.66458299709484
1790423678.3537683,28.797217004466802
1790423678.354454,26.00576399709098
1790423678.3557935,11.162177979713306
1790423678.3558674,33.223154983716086
1790423678.3573813,2.1511590166483074
1790423678.3599954,34.51177300303243
1790423678.3623834,30.984977987827733
1790423678.3633964,17.628226982196793
1790423678.3637178,39.328148995991796
1790423678.3638074,7.5355099979788065
1790423678.3655005,1.5761079848743975
1790423678.3666024,44.85515001579188
1790423678.3690162,1.350378995994106
1790423678.372623,2.1123750193510205
1790423678.3727005,1.6293679946102202
1790423678.3745244,35.45605199178681
1790423678.3750665,28.489309013821185
1790423678.3764915,1.9569080031942576
1790423678.3766165,38.54878598940559
1790423678.3769352,3.8031220028642565
1790423678.3772345,19.707983010448515
1790423678.3773065,7.359415001701564
1790423678.3793225,1.8278820207342505
1790423678.3796766,1.767084002494812
1790423678.3836677,1.2193449947517365
1790423678.3860066,1.139636995503679
1790423678.4059322,24.508598988177255
1790423678.4130185,15.473264997126535
1790423678.4139144,30.10205298778601
1790423678.4192307,16.92879799520597
1790423678.419745,15.925393992802128
1790423678.4204884,28.593766008270904
1790423678.4208548,16.159627004526556
1790423678.4209285,6.466994993388653
1790423678.4297173,21.094756026286632
1790423678.432936,25.51596498233266
1790423678.4330661,52.31149497558363
1790423678.4340317,2.3546890006400645
1790423678.4373305,34.236936015076935
1790423678.4374807,46.66994998115115
1790423678.44054,23.987777007278055
1790423678.4410148,47.25758300628513
1790423678.4410877,6.259756977669895
1790423678.4413655,2.8421180031728
1790423678.4421916,13.548381975851953
1790423678.443765,31.85740698245354
1790423678.4438887,8.147585991537198
1790423678.4450219,2.102809987263754
1790423678.4455316,3.5321309987921268
1790423678.4455907,1.6933279985096306
1790423678.4530437,1.4049120072741061
1790423678.4568267,2.314534009201452
1790423678.460035,1.3511549914255738
1790423678.4702349,9.160075016552582
1790423678.4703374,24.02073101256974
1790423678.4704084,14.164468011585996
1790423678.4754581,1.2957199942320585
1790423678.4823477,24.21468897955492
1790423678.483836,28.31717301160097
1790423678.4841118,22.152463003294542
1790423678.4858694,2.5984439998865128
1790423678.4909039,18.002968019573018
1790423678.491334,28.08719899621792
1790423678.4919481,7.824295986210927
1790423678.498179,7.265008985996246
1790423678.5051613,26.89495397498831
1790423678.5106125,22.47606700984761
1790423678.511463,21.922849991824478
1790423678.5121422,27.384123008232564
1790423678.5133567,17.540765984449536
1790423678.5134523,13.039899000432342
1790423678.5142903,2.0826809923164546
1790423678.516111,22.32410802389495
1790423678.5221963,30.609631998231634
1790423678.5229826,24.794105003820732
1790423678.5232816,22.291423985734582
1790423678.5233433,8.149692002916709
1790423678.5241537,1.591208012541756
1790423678.5280747,28.947401006007567
1790423678.5317163,4.13673699949868
1790423678.532604,4.086229979293421
1790423678.5331104,3.7245959974825382
1790423678.5340152,27.80284601612948
1790423678.5341527,14.842049014987424
1790423678.5349681,37.91865598759614
1790423678.5351245,7.039832998998463
1790423678.5351946,3.1837879796512425
1790423678.5604265,23.51756501593627
1790423678.5626812,14.077280007768422
1790423678.5654519,19.371137983398512
1790423678.5665271,30.12743897852488
1790423678.5671709,15.841287007788196
1790423678.5672765,12.062569992849603
1790423678.569295,1.534220005851239
1790423678.574591,22.56502100499347
1790423678.5749824,18.309044011402875
1790423678.575644,4.958806996000931
1790423678.5758064,30.875310010742396
1790423678.5792015,1.3571390009019524
1790423678.5866113,56.13241600804031
1790423678.587867,35.03324699704535
1790423678.588417,24.965466000139713
1790423678.5886898,35.23796101217158
1790423678.5891693,38.40049199061468
1790423678.590146,14.285551995271817
1790423678.591036,1.426205999450758
1790423678.5913405,2.1623430075123906
1790423678.5944712,1.3534509926103055
1790423678.5956762,1.1964369914494455
1790423678.5988832,1.545609993627295
1790423678.5991762,1.3417029986158013
1790423678.6018007,1.4567280013579875
1790423678.6061647,1.33225999888964
1790423678.6106207,1.2100610183551908
1790423678.615234,1.3881819904781878
1790423678.6155105,1.2195940071251243
1790423678.6183248,1.4786309911869466
1790423678.6191347,1.5208239783532917
1790423678.6237264,1.2620999768842012
1790423678.6296542,2.9976110090501606
1790423678.6297383,3.8396940217353404
1790423678.634858,1.908276986796409
1790423678.644974,1.8270809960085899
1790423678.6461186,20.700927008874714
1790423678.6475518,27.95897299074568
1790423678.6476746,14.028452977072448
1790423678.647744,20.69219300756231
1790423678.6523783,2.063032006844878
1790423678.6574872,25.791022984776646
1790423678.6583323,19.541688001481816
1790423678.658509,7.7366869954857975
1790423678.6586077,30.198233987903222
1790423678.665261,1.6509999986737967
1790423678.666218,1.6726889880374074
1790423678.6745026,2.03333399258554
1790423678.6790087,15.934278984786943
1790423678.6798162,13.372952991630882
1790423678.6798844,26.4682819833979
1790423678.6799693,6.3286880031228065
1790423678.6828058,2.2805389889981598
1790423678.6833878,3.3123500179499388
1790423678.6901824,22.402416972909123
1790423678.6932666,1.7557360115461051
1790423678.695912,18.031195999355987
1790423678.6975768,14.762320992304012
1790423678.698131,5.709482997190207
1790423678.6982002,30.92086300603114
1790423678.703744,1.4544729783665389
1790423678.710171,1.7359390039928257
1790423678.712542,23.03812501486391
1790423678.7131538,13.368814979912713
1790423678.7146142,32.588774018222466
1790423678.7163825,4.6728000161238015
1790423678.7178712,13.209989992901683
1790423678.7190304,3.1535820162389427
1790423678.7359884,28.148584999144077
1790423678.7360952,34.199346002424136
1790423678.7361968,19.489775004331023
1790423678.7376006,36.64571398985572
1790423678.7377684,23.058660997776315
1790423678.7382576,7.339430012507364
1790423678.7398806,30.56188899790868
1790423678.7405849,16.771093010902405
1790423678.740885,25.427404005313292
1790423678.7410474,2.7791830070782453
1790423678.7411363,8.0467090010643
1790423678.7471282,29.824733996065333
1790423678.7479835,17.70128999487497
1790423678.7482483,13.482894020853564
1790423678.748318,4.953090014168993
1790423678.7527575,2.323529013665393
1790423678.7537847,2.516244014259428
1790423678.7547362,19.33421500143595
1790423678.758493,2.348086010897532
1790423678.7633142,14.287728990893811
1790423678.764485,30.341596982907504
1790423678.764799,11.702656978741288
1790423678.7649472,6.988884008023888
1790423678.7750633,19.343724008649588
1790423678.776529,2.863476984202862
1790423678.7783163,1020.7830170111265
1790423678.7791233,1023.7970640009735
1790423678.779993,3.453529003309086
1790423678.78262,17.662000987911597
1790423678.783462,1024.580341996625
1790423678.783549,31.32766397902742
1790423678.7842786,6.560616020578891
1790423678.7843854,9.892049012705684
1790423678.7867155,28.166849981062114
1790423678.7869623,14.028912002686411
1790423678.7881792,12.863227020716295
1790423678.788422,6.884094997076318
1790423678.810986,25.998488999903202
1790423678.8113978,19.018007995327935
1790423678.8125377,23.19762497791089
1790423678.813405,32.568875001743436
1790423678.8147304,15.255836973665282
1790423678.8148553,19.008022994967178
1790423678.8155825,13.62767699174583
1790423678.8160992,10.55966698913835
1790423678.8169067,7.8025579859968275
1790423678.8180468,31.07363701565191
1790423678.819385,3.792992007220164
1790423678.8208416,30.99430599831976
1790423678.8212745,20.08103401749395
1790423678.8216352,16.78810900193639
1790423678.8223162,27.653953002300113
1790423678.823775,17.003904009470716
1790423678.825089,7.0297319907695055
1790423678.825437,19.204408017685637
1790423678.8259482,40.16127300565131
1790423678.8262088,25.948729016818106
1790423678.8265224,12.947691982844844
1790423678.826627,16.951068973867223
1790423678.826716,10.26688699494116
1790423678.827719,23.718276992440224
1790423678.8291774,3.730324999196455
1790423678.829337,5.150937999133021
1790423678.8300443,1.3601540122181177
1790423678.8396819,1.3874689757358283
1790423678.8467834,22.99876799224876
1790423678.8471868,4.155774979153648
1790423678.8491018,10.259646020131186
1790423678.8492665,32.074065995402634
1790423678.849337,23.10288100852631
1790423678.8495002,6.043033004971221
1790423678.8497431,1074.1176950105
1790423678.850786,6.4078970171976835
1790423678.850864,3.6681460042018443
1790423678.8509295,4.127757012611255
1790423678.861877,2.4612100096419454
1790423678.861982,2.056754019577056
1790423678.8635836,1.3019049947615713
1790423678.8648443,1.2518480070866644
1790423678.8941705,22.776662022806704
1790423678.8945775,14.381768996827304
1790423678.8949234,3.3167009823955595
1790423678.895028,26.482087007025257
1790423678.8957717,17.364883999107406
1790423678.8968747,27.448893000837415
1790423678.8969963,14.69260998419486
1790423678.8970602,4.9231099837925285
1790423678.89821,42.86252200836316
1790423678.8982923,53.4988259896636
1790423678.8999124,1130.106969998451
1790423678.9001572,52.421659987885505
1790423678.9003897,39.29003397934139
1790423678.9062123,1.6728780174162239
1790423678.9063861,1138.626909989398
1790423678.907078,2.053890988463536
1790423678.9096274,1.2263389944564551
1790423678.923991,59.01946598896757
1790423678.9242544,45.20774699631147
1790423678.9244726,38.79404897452332
1790423678.9253953,22.172060009324923
1790423678.9254835,43.895167007576674
1790423678.926031,19.63589299703017
1790423678.9265635,10.772552981507033
1790423678.9276116,4.875019018072635
1790423678.9342601,17.15081400470808
1790423678.9358215,22.568906017113477
1790423678.9389093,12.21209901268594
1790423678.9396062,28.721640002913773
1790423678.9396732,3.7039369926787913
1790423678.9397757,21.870320982998237
1790423678.940591,26.83982500457205
1790423678.9407034,2.9963889974169433
1790423678.94166,1.5187390090432018
1790423678.9422252,1.282164012081921
1790423678.9458456,1.2139879981987178
1790423678.94922,1.4294669963419437
1790423678.9497602,1.2014999811071903
1790423678.952518,1.8016640096902847
1790423678.9530394,1.8535180133767426
1790423678.9530933,1.5845299931243062
1790423678.9560695,1.6231299960054457
1790423678.9561381,2.1351510076783597
1790423678.9580054,1.3500310014933348
1790423678.97938,2.8819169965572655
1790423678.979467,23.28438000404276
1790423678.9810326,1.3620739919133484
1790423678.9833157,1.8273309979122132
1790423678.9843767,1.9462729978840798
1790423679.0038664,15.339547011535615
1790423679.0118623,25.79818799858913
1790423679.012131,13.952167006209493
1790423679.0176847,18.58159399125725
1790423679.0183153,11.742539994884282
1790423679.0184026,29.34567999909632
1790423679.0206964,19.282898982055485
1790423679.0232642,39.55736997886561
1790423679.0234773,23.692076007137075
1790423679.034595,22.96249198843725
1790423679.0445318,28.90317398123443
1790423679.0457935,36.45054801017977
1790423679.0478606,17.045504006091505
1790423679.0485191,15.356152987806126
1790423679.0525446,48.06725398520939
1790423679.0526795,28.954233013791963
1790423679.0540278,7.342099997913465
1790423679.057085,7.845423999242485
1790423679.0577025,60.26377002126537
1790423679.0591671,50.40240098605864
1790423679.0605648,50.71211000904441
1790423679.0617213,29.237290000310168
1790423679.063424,31.929460004903376
1790423679.0639322,21.22806099941954
1790423679.0644345,42.32893401058391
1790423679.065078,17.841736000264063
1790423679.0660162,6.323330017039552
1790423679.0661151,15.160172973992303
1790423679.066203,20.54524200502783
1790423679.066523,45.22036699927412
1790423679.066931,11.242025007959455
1790423679.067808,15.92806598637253
1790423679.0681355,11.920929013285786
1790423679.0682793,14.68761099386029
1790423679.068346,6.612722994759679
1790423679.0684211,19.891887990524992
1790423679.083247,25.180441996781155
1790423679.083342,29.257761023472995
1790423679.083417,9.259579004719853
1790423679.0918877,1.4783790102228522
1790423679.0935524,1.5273969911504537
1790423679.095541,17.42388799902983
1790423679.0968108,4.036867991089821
1790423679.097016,26.46286500385031
1790423679.0996163,3.235391021007672
1790423679.1002421,3.1563849770464003
1790423679.1014671,2.8695130022242665
1790423679.102287,2.0360980124678463
1790423679.1041596,2.555152983404696
1790423679.123206,16.685050999512896
1790423679.131336,32.33016098965891
1790423679.1348355,29.28640801110305
1790423679.1364872,33.3647090010345
1790423679.1370056,24.408978992141783
1790423679.1374292,20.653444022173062
1790423679.1379848,13.383420009631664
1790423679.1381464,33.36945897899568
1790423679.1386273,27.620270004263148
1790423679.14426,41.828260000329465
1790423679.1487193,41.51255899341777
1790423679.1516569,23.732080997433513
1790423679.1611567,44.97903599985875
1790423679.161432,63.70927899843082
1790423679.1618588,47.22388001391664
1790423679.1624942,50.71839300217107
1790423679.163418,44.23340500216
1790423679.163752,37.67413998139091
1790423679.1642473,32.46784498333
1790423679.1653552,26.698628993472084
1790423679.1676962,47.00891100219451
1790423679.1678994,32.06832299474627
1790423679.1706161,36.30682599032298
1790423679.1707118,43.91995698097162
1790423679.1713896,25.478569994447753
1790423679.1714795,53.011812997283414
1790423679.1715636,32.32283299439587
1790423679.1717966,22.07647799514234
1790423679.1726546,27.601416019024327
1790423679.1921408,50.84514798363671
1790423679.1956787,48.58316099853255
1790423679.1961782,35.946015996159986
1790423679.196848,64.40603997907601
1790423679.201699,35.013451997656375
1790423679.2025628,23.713475005934015
1790423679.2082884,31.287115009035915
1790423679.2086742,49.46867801481858
1790423679.208766,54.740945022786036
1790423679.2150166,49.801098997704685
1790423679.2232733,76.77049998892471
1790423679.224458,52.65107401646674
1790423679.2245588,46.90795799251646
1790423679.2247396,57.52856098115444
1790423679.2257814,57.28367101983167
1790423679.2262661,45.93666098662652
1790423679.2264173,39.65722699649632
1790423679.229386,55.65078498329967
1790423679.229485,56.62167101399973
1790423679.2299666,51.77016998641193
1790423679.2303884,48.60828199889511
1790423679.2311568,42.99037699820474
1790423679.2316723,43.024918995797634
1790423679.2318234,44.37608699663542
1790423679.2429996,41.01263202028349
1790423679.2431695,42.27615799754858
1790423679.2531664,41.118850000202656
1790423679.254616,33.479409001301974
1790423679.2549586,41.67552400031127
1790423679.256425,9.450410987483338
1790423679.2565916,13.288641988765448
1790423679.2567484,65.85187499877065
1790423679.2594986,49.01278199395165
1790423679.2598023,1.5126299986150116
1790423679.2630076,44.86334600369446
1790423679.263401,21.521179005503654
1790423679.2634919,18.392992002191022
1790423679.2637932,6.700892001390457
1790423679.2682254,1.7253699770662934
1790423679.2698045,1.5679149946663529
1790423679.2726421,63.53662398760207
1790423679.2728212,74.2901079938747
1790423679.2763338,1.9499009940773249
1790423679.2806094,70.62799498089589
1790423679.282494,55.61940700863488
1790423679.2854311,41.5311650140211
1790423679.2859795,70.64457499654964
1790423679.286484,21.23912298702635
1790423679.2865632,31.2390309991315
1790423679.286719,12.985565001145005
1790423679.3040853,16.870433988515288
1790423679.3095484,14.174825977534056
1790423679.3105307,28.745590010657907
1790423679.3150198,29.576376982731745
1790423679.3176715,31.67931700590998
1790423679.3179994,8.294906001538038
1790423679.3182366,30.38310000556521
1790423679.3189657,2.2658510133624077
1790423679.3213181,42.640966014005244
1790423679.3280683,1.621129980776459
1790423679.3293777,38.47009298624471
1790423679.337577,35.51931900437921
1790423679.3396423,25.449267006479204
1790423679.3397512,46.46227500052191
1790423679.3407638,21.786882978631184
1790423679.3408625,9.528916998533532
1790423679.342342,1.3644399878103286
1790423679.3458185,37.98675100551918
1790423679.3464427,63.85520301409997
1790423679.348657,50.73844798607752
1790423679.3489478,33.69431401370093
1790423679.349232,29.44238798227161
1790423679.3496997,4.504682001424953
1790423679.3497744,17.493059014668688
1790423679.3518462,1.6114019963424653
1790423679.3563728,21.811771992361173
1790423679.35736,27.39001897862181
1790423679.3574455,10.026046977145597
1790423679.3587189,1.9502249779179692
1790423679.3595934,1.6649379977025092
1790423679.38761,28.721661015879363
1790423679.3877752,18.176017998484895
1790423679.3885393,2.309541014255956
1790423679.3886385,9.183321002637967
1790423679.393365,23.644715023692697
1790423679.3941097,32.018697005696595
1790423679.3947723,13.415825000265613
1790423679.39796,21.276627987390384
1790423679.3998754,5.706994008505717
1790423679.4008281,18.99349401355721
1790423679.423727,24.403019022429362
1790423679.4243681,29.169609013479203
1790423679.4281592,31.20947498246096
1790423679.4295573,20.789460017113015
1790423679.4296844,21.917716978350654
1790423679.4321206,60.11161199421622
1790423679.4325485,26.2393600132782
1790423679.4344928,18.917474983027205
1790423679.4397266,43.90694299945608
1790423679.4433055,45.297420991119
1790423679.4444191,46.9615820038598
1790423679.4454064,31.732653005747125
1790423679.455001,33.22310801013373
1790423679.4560187,38.43195299850777
1790423679.4568973,16.08939399011433
1790423679.4573123,9.111708990531042
1790423679.457798,36.90659598214552
1790423679.4581645,42.100620979908854
1790423679.4592936,41.06173000764102
1790423679.4603324,13.867538014892489
1790423679.461302,39.31686098803766
1790423679.4615526,8.352098026080057
1790423679.462173,51.31064300076105
1790423679.463496,29.69698898959905
1790423679.46475,2.2529450070578605
1790423679.4735754,33.255037997150794
1790423679.47367,26.772335986606777
1790423679.481109,12.290537997614592
1790423679.4812,26.87577100005001
1790423679.4812784,19.712495006388053
1790423679.4822855,24.96220200555399
1790423679.48257,34.83549499651417
1790423679.4831142,20.047676021931693
1790423679.4831753,3.479790990240872
1790423679.4921963,1.4715009892825037
1790423679.497361,3.001007018610835
1790423679.497691,2.9051929886918515
1790423679.4980712,1.387006981531158
1790423679.4992266,20.11727198259905
1790423679.4993415,26.824742002645507
1790423679.4996111,5.717886000638828
1790423679.499886,4.089846013812348
1790423679.5021353,1.2967349903192371
1790423679.508009,1.2305480195209384
1790423679.511876,1.2216430041007698
1790423679.5138476,1.2121399922762066
1790423679.5143292,1.1738459870684892
1790423679.517163,1.5154010034166276
1790423679.5208466,1.7880149825941771
1790423679.5209022,1.409122021868825
1790423679.532423,2.303998975548893
1790423679.5342083,1.2287079880479723
1790423679.5509071,22.57485597510822
1790423679.551021,21.97328000329435
1790423679.551804,1.832654990721494
1790423679.5585537,1.6616130014881492
1790423679.5596342,1.7964709841180593
1790423679.5651464,2.009937015827745
1790423679.5919085,28.15689000999555
1790423679.5924523,4.627337999409065
1790423679.5925515,20.913929009111598
1790423679.5927224,31.558560993289575
1790423679.5928261,15.767518983921036
1790423679.5969267,2.298039005836472
1790423679.598484,30.72334101307206
1790423679.599152,21.473982982570305
1790423679.5997143,9.652217995608225
1790423679.600207,5.035873007727787
1790423679.6007986,24.469728989060968
1790423679.601272,16.85969001846388
1790423679.6050107,34.07722100382671
1790423679.6051552,13.234657992143184
1790423679.605449,9.553395997500047
1790423679.6069372,4.062978987349197
1790423679.6070888,3.1402590102516115
1790423679.6235266,1.5617749886587262
1790423679.628073,25.68959500058554
1790423679.6299884,20.79820999642834
1790423679.6301372,30.07755900034681
1790423679.6310792,16.78103400627151
1790423679.6311727,25.327096023829654
1790423679.6339915,1.3278610131237656
1790423679.6379507,1.447835995350033
1790423679.6399152,1.2209690175950527
1790423679.6445208,1.3110119907651097
1790423679.6523507,15.355121984612197
1790423679.6525447,2.646339009515941
1790423679.6526687,23.8081669958774
1790423679.6628828,2.8615710034500808
1790423679.6640973,3.5869260027538985
1790423679.6650078,2.649948000907898
1790423679.665534,2.4565559870097786
1790423679.6746018,2.9627040203195065
1790423679.6752367,24.049692001426592
1790423679.6753988,27.06715601379983
1790423679.6758037,14.543836994562298
1790423679.675903,9.638666990213096
1790423679.6766071,4.151278990320861
1790423679.6805487,1.7675189883448184
1790423679.6836843,1.3962149969302118
1790423679.6931334,29.568910016678274
1790423679.6932466,23.31411000341177
1790423679.6936438,17.02711300458759
1790423679.6943092,15.081952995387837
1790423679.6944606,2.8838180005550385
1790423679.6947773,9.28552498226054
1790423679.6972306,1.8622289935592562
1790423679.6996963,1.5155079890973866
1790423679.7000759,22.406549978768453
1790423679.702012,1.3466710224747658
1790423679.7044194,23.670160007895902
1790423679.7053125,8.97474298835732
1790423679.7054694,19.3669940053951
1790423679.7065244,32.380038988776505
1790423679.7085338,4.245588002959266
1790423679.7086308,2.686688007088378
1790423679.7087035,3.2235899998340756
1790423679.7100952,1.1956939997617155
1790423679.7136643,1.43445999128744
1790423679.718053,1.809570996556431
1790423679.719754,2.455120993545279
1790423679.720304,2.045125002041459
1790423679.7209084,2.1144179918337613
1790423679.7229524,1.2378400133457035
1790423679.7493181,22.07344598718919
1790423679.7570531,29.113261989550665
1790423679.7595832,38.63106499193236
1790423679.7597468,21.548260003328323
1790423679.7600334,33.4534700086806
1790423679.7612991,28.151603997685015
1790423679.7614179,14.58658100455068
1790423679.7616389,11.595351999858394
1790423679.7618163,13.73648998560384
1790423679.7623425,41.96893400512636
1790423679.7627656,18.056976987281814
1790423679.7628794,18.244145991047844
1790423679.7630665,37.2723680047784
1790423679.7631416,7.770260999677703
1790423679.7632766,7.2804230148904026
1790423679.7637959,3.04170700837858
1790423679.768584,1.6307449841406196
1790423679.7736976,1.6957829939201474
1790423679.7753303,1.6114180034492165
1790423679.7839174,1.6150359879247844
1790423679.7888582,31.79225599160418
1790423679.7905755,21.021594991907477
1790423679.7906747,36.618751008063555
1790423679.7966623,19.68834499712102
1790423679.8045173,25.99231799831614
1790423679.8066573,6.947859015781432
1790423679.8077962,13.352411013329402
1790423679.8080823,30.451516999164596
1790423679.8084388,22.950829996261746
1790423679.8087614,24.50902501004748
1790423679.809287,1.9968030101154
1790423679.8122637,21.00918401265517
1790423679.8124976,17.500501009635627
1790423679.8138452,8.831266983179376
1790423679.8142114,31.289498001569882
1790423679.8143628,3.4348030167166144
1790423679.8155773,23.60293600941077
1790423679.8169694,17.76060101110488
1790423679.8173113,32.510963996173814
1790423679.8176918,4.3954360007774085
1790423679.8177629,11.093328008428216
1790423679.8180346,2.3152089852374047
1790423679.8205152,1.264077000087127
1790423679.8243363,1.787068002158776
1790423679.8296516,1.2630840064957738
1790423679.8315177,1.4390609867405146
1790423679.8350492,1.3871440023649484
1790423679.8359568,1.533884002128616
1790423679.8397777,1.2171190173830837
1790423679.8477228,23.178463976364583
1790423679.8481054,16.57770900055766
1790423679.848696,25.135367002803832
1790423679.8487847,12.816313013900071
1790423679.8491092,4.941649007378146
1790423679.855334,1.3395730056799948
1790423679.8590977,21.466470003360882
1790423679.8593795,1.3957629853393883
1790423679.8616729,11.962162010604516
1790423679.8620634,25.411292997887358
1790423679.8623455,3.7815970135852695
1790423679.8681505,2.4081500014290214
1790423679.8682144,2.631087991176173
1790423679.879039,1.3032169954385608
1790423679.8820043,1.4945619914215058
1790423679.8875816,22.575321985641494
1790423679.8884342,21.707940992200747
1790423679.8885527,7.521883002482355
1790423679.888623,24.692245002370328
1790423679.8942616,1.5419849951285869
1790423679.9186997,32.05995500320569
1790423679.9195015,23.45975799835287
1790423679.9199393,11.900473007699475
1790423679.9203408,29.399160004686564
1790423679.920407,6.854817009298131
1790423679.9206634,30.260061990702525
1790423679.9207904,19.837378000374883
1790423679.920891,37.30325002106838
1790423679.9215262,3.6512849910650402
1790423679.923093,28.23952998733148
1790423679.923351,17.83456199336797
1790423679.924137,8.228466002037749
1790423679.9243746,2.8392439999151975
1790423679.9280295,2.100234996760264
1790423679.9289122,1.345071999821812
1790423679.9474702,3.6970539949834347
1790423679.948041,1.520248013548553
1790423679.9530075,26.32853001705371
1790423679.9537258,9.06357599887997
1790423679.95403,30.5127129831817
1790423679.9541047,2.95797799481079
1790423679.9659965,20.34505401388742
1790423679.9668922,31.209630018565804
1790423679.9681659,12.197934003779665
1790423679.9683468,8.473852998577058
1790423679.988569,29.776434996165335
1790423679.9887252,22.71475098677911
1790423679.994149,34.81764000025578
1790423680.005423,23.95567699568346
1790423680.006655,49.148463003803045
1790423680.0101142,19.55898301093839
1790423680.0204787,62.42468499112874
1790423680.021681,49.252097989665344
1790423680.0219812,42.03825700096786
1790423680.022963,22.65680901473388
1790423680.0231323,33.74410001561046
1790423680.0262325,61.61402599536814
1790423680.030592,37.21242799656466
1790423680.0314186,30.273721989942715
1790423680.0343475,51.28503299783915
1790423680.0415819,30.67775198724121
1790423680.0420704,23.527523007942364
1790423680.045427,78.52299200021662
1790423680.0459523,46.95186801836826
1790423680.0468488,51.49491399060935
1790423680.0472565,42.427834996487945
1790423680.049803,41.1667860171292
1790423680.051426,49.19047499424778
1790423680.0526705,38.8654749840498
1790423680.0565395,29.757607000647113
1790423680.0572035,24.022341007366776
1790423680.0584798,46.961643995018676
1790423680.0596852,32.08513499703258
1790423680.0597932,40.057809004792944
1790423680.0728447,49.49234100058675
1790423680.0734751,51.23941699275747
1790423680.0736995,42.95463298331015
1790423680.0741658,37.83292497973889
1790423680.0749753,22.83190400339663
1790423680.0750659,41.05491499649361
1790423680.0905342,39.89440097939223
1790423680.1017072,69.08561798627488
1790423680.1037073,66.58378100837581
1790423680.1097593,59.5265070151072
1790423680.1110876,62.705121003091335
1790423680.1111953,58.51468100445345
1790423680.1112914,56.97757098823786
1790423680.1113706,47.7002419938799
1790423680.1114347,55.39602102362551
1790423680.1213465,67.70741398213431
1790423680.125931,64.63638399145566
1790423680.1343699,75.30167201184668
1790423680.1347094,83.26973798102699
1790423680.1382868,55.2194690098986
1790423680.1390686,54.19362799148075
1790423680.139153,84.3746500031557
1790423680.1404495,56.849869986763224
1790423680.1405256,63.187733001541346
1790423680.1406188,48.33872299059294
1790423680.1407723,38.99885798455216
1790423680.141471,64.72592600039206
1790423680.1445277,74.90149399382062
1790423680.1464627,70.79911301843822
1790423680.155732,47.36607600352727
1790423680.1571558,72.83923900104128
1790423680.1603749,45.503116998588666
1790423680.1627843,62.55417500506155
1790423680.163227,76.7986630089581
1790423680.1646101,60.79837298602797
1790423680.1661878,25.290535006206483
1790423680.1668954,17.014874989399686
1790423680.1672525,53.007408016128466
1790423680.1679206,25.898562016664073
1790423680.1686835,32.52868098206818
1790423680.169244,51.64003901882097
1790423680.1696694,44.57020800327882
1790423680.1711552,16.399935993831605
1790423680.1713135,57.82478000037372
1790423680.1721637,74.68618600978516
1790423680.172299,86.47295398986898
1790423680.1728337,56.588661012938246
1790423680.1744442,6.515129993204027
1790423680.1746767,37.15453401673585
1790423680.1749592,53.60002498491667
1790423680.1760674,7.374089997028932
1790423680.1773314,33.8312899984885
1790423680.177411,2.4423889990430325
1790423680.1831777,1.2837589893024415
1790423680.1934395,2.1560250024776906
1790423680.2021496,30.750701000215486
1790423680.2027285,14.841796015389264
1790423680.202985,28.99809301015921
1790423680.2040734,28.583175007952377
1790423680.2041569,39.53690599882975
1790423680.204229,23.321067012147978
1790423680.2049816,19.158354989485815
1790423680.2050517,5.841006000991911
1790423680.2051144,41.87376398476772
1790423680.2052085,32.36565500264987
1790423680.2111557,1.482243009377271
1790423680.218334,15.339787001721561
1790423680.21851,5.5043659813236445
1790423680.219094,26.487155992072076
1790423680.2191708,1070.440420997329
1790423680.2211218,1.3201309775467962
1790423680.2227023,1.1926419974770397
1790423680.2267287,29.41594901494682
1790423680.2271166,32.84943601465784
1790423680.228259,23.727518011583015
1790423680.2283576,14.513020985759795
1790423680.2291272,1.4051620091777295
1790423680.2352026,1.2824060104321688
1790423680.2358532,1.4213270042091608
1790423680.237874,1.4673330006189644
1790423680.2420294,1.35643599787727
1790423680.2444055,1.439471001503989
1790423680.2498362,1.2455540127120912
1790423680.2523367,1.558253017719835
1790423680.2583055,1.72452098922804
1790423680.2586293,1.4002789976075292
1790423680.2595866,21.475729998201132
1790423680.2637043,16.009354003472254
1790423680.2646954,13.399770978139713
1790423680.2647624,27.596505009569228
1790423680.2650087,3.7442150060087442
1790423680.281223,1.7379619821440428
1790423680.2824118,2.140454016625881
1790423680.2881303,1068.3817900135182
1790423680.2902594,1.2757549993693829
1790423680.292024,1.7553390061948448
1790423680.2968187,1.9053290016017854
1790423680.2978387,2.4334629997611046
1790423680.301634,23.674397001741454
1790423680.3020322,26.87774901278317
1790423680.3021827,1085.9157550148666
1790423680.3034472,12.122801010264084
1790423680.3038807,4.094557021744549
1790423680.3039575,17.129909014329314
1790423680.305505,1.1812869925051928
1790423680.3083794,1.1599660210777074
1790423680.3097413,1.1057959927711636
1790423680.3162868,1.5545579954050481
1790423680.3207567,18.437610007822514
1790423680.3402565,1128.795333992457
1790423680.3495386,41.76107302191667
1790423680.354263,26.22372200130485
1790423680.354385,17.542740009957924
1790423680.3558567,10.936788021354005
1790423680.3560143,5.86494299932383
1790423680.3630292,25.46858601272106
1790423680.3646655,29.712121991906315
1790423680.3647578,17.502355010947213
1790423680.365332,13.219861983088776
1790423680.3654108,5.6125599949155
1790423680.372801,1.6078890184871852
1790423680.3756053,41.480458981823176
1790423680.377328,68.17324899020605
1790423680.377761,33.71126699494198
1790423680.3785183,29.690822993870825
1790423680.3803449,25.62727901386097
1790423680.380522,40.096601005643606
1790423680.3808706,20.60413800063543
1790423680.3811553,6.635664991335943
1790423680.3859124,27.364776993636042
1790423680.3867579,16.744552995078266
1790423680.388123,30.345943989232183
1790423680.388444,8.96406700485386
1790423680.408188,17.407224979251623
1790423680.4089124,30.566693982109427
1790423680.4090214,6.615163991227746
1790423680.416642,20.205173001158983
1790423680.417919,8.407991990679875
1790423680.4181242,42.218738002702594
1790423680.4188108,32.770400983281434
1790423680.419935,3.2806310045998544
1790423680.421708,1.3307180197443813
1790423680.4263716,37.4586520192679
1790423680.4272625,28.177563013741747
1790423680.4290824,41.68939500232227
1790423680.4292047,11.033296003006399
1790423680.4293427,18.948634999105707
1790423680.4297814,2.126639010384679
1790423680.431446,17.554990015923977
1790423680.4385157,1.7322389758192003
1790423680.4423387,23.222473013447598
1790423680.442497,3.2583660213276744
1790423680.4426045,9.698972018668428
1790423680.4426837,28.118265006924048
1790423680.4442823,6.9441249943338335
1790423680.4443467,3.9421420078724623
1790423680.4457672,1.9512349972501397
1790423680.4489305,1.3294279924593866
1790423680.4595985,26.06303198263049
1790423680.4603732,16.94696699269116
1790423680.4606338,24.29139701416716
1790423680.4608803,4.97400900349021
1790423680.461003,22.217318997718394
1790423680.461924,3.216510987840593
1790423680.4632237,1.4159200072754174
1790423680.4691896,1.6022050112951547
1790423680.470519,13.217954023275524
1790423680.4711654,25.861925998469815
1790423680.4712331,4.189667000900954
1790423680.4758418,1.3637359952554107
1790423680.4821901,2.0610550127457827
1790423680.4842632,3.04231999325566
1790423680.4865923,3.035697009181604
1790423680.4867308,4.1948230064008385
1790423680.487372,2.102597994962707
1790423680.4898276,1.4489470049738884
1790423680.492873,1.7049789894372225
1790423680.4935124,1.4041959948372096
1790423680.49926,1.388337987009436
1790423680.5042226,1.8024549935944378
1790423680.5234358,24.133663973771036
1790423680.5235453,16.58733800286427
1790423680.527009,1.567590981721878
1790423680.5303981,22.5270270020701
1790423680.5309684,27.368303999537602
1790423680.531325,4.136184987146407
1790423680.5380638,20.212466013617814
1790423680.5382698,3.3763879910111427
1790423680.5383317,28.43981600017287
1790423680.5384195,4.186148988083005
1790423680.5389955,3.1853959953878075
1790423680.5428267,1.246316998731345
1790423680.5471392,1.2340759858489037
1790423680.5548854,1.3845229987055063
1790423680.5597599,1.5347129956353456
1790423680.5718505,1.4066429866943508
1790423680.5736153,1.6645309806335717
1790423680.5778995,1.4176669938024133
1790423680.5807438,17.163639015052468
1790423680.5839233,25.184051017276943
1790423680.5842392,11.32352600689046
1790423680.5874085,1.5449539932888001
1790423680.5892017,1.3301760191097856
1790423680.6064408,6.997537973802537
1790423680.6065876,26.756517007015646
1790423680.6075308,2.3868980060797185
1790423680.6082063,1.428401010343805
1790423680.6108024,1.2736209901049733
1790423680.6150644,2.183138014515862
1790423680.6155696,2.0877479983028024
1790423680.6169221,1.34366299607791
1790423680.6297877,1.7977409879676998
1790423680.629876,2.4303960090037435
1790423680.6333296,1.771190989529714
1790423680.6342344,1.378065993776545
1790423680.6371677,16.744132997700945
1790423680.6374748,23.477859009290114
1790423680.6375537,7.024020014796406
1790423680.6399355,1.2073300022166222
1790423680.6518612,1.5643619990441948
1790423680.6522164,2.5104079977609217
1790423680.654774,1.320600014878437
1790423680.6616132,1.670116005698219
1790423680.6677244,22.591141023440287
1790423680.6730745,1.556000002892688
1790423680.6745925,21.5850840031635
1790423680.6751816,29.525899997679517
1790423680.6752567,10.38907901966013
1790423680.6774461,2.0797780016437173
1790423680.6789184,1.994154998101294
1790423680.6816707,25.574653991498053
1790423680.6821997,15.03455001511611
1790423680.682351,6.287322990829125
1790423680.683646,1.283465011510998
1790423680.68792,2.322824002476409
1790423680.6920264,3.048639016924426
1790423680.6950939,8.582945010857657
1790423680.6955793,3.792484989389777
1790423680.6960702,2.389580011367798
1790423680.6989052,2.823184011504054
1790423680.7019,2.0123379945289344
1790423680.717833,13.856826990377158
1790423680.7213824,16.210867994232103
1790423680.7214646,22.231448005186394
1790423680.7238803,25.962765008443967
1790423680.730545,52.40614799549803
1790423680.7307615,38.852735015098006
1790423680.7343447,23.943503998452798
1790423680.7354603,38.71608499321155
1790423680.739019,36.636081989854574
1790423680.7391057,26.241723011480644
1790423680.7412488,32.19211898976937
1790423680.74133,38.850071985507384
1790423680.746976,2.136780007276684
1790423680.7523422,11.973315005889162
1790423680.7524564,2.2367259953171015
1790423680.7525334,36.19805898051709
1790423680.7634532,27.59725699434057
1790423680.7639632,20.175832993118092
1790423680.764041,3.6045080050826073
1790423680.7642965,4.359429993201047
1790423680.7644203,9.563956991769373
1790423680.7652743,1.7762370116543025
1790423680.7787917,2.958199998829514
1790423680.7827685,1.5431049978360534
1790423680.7897663,24.482456006808206
1790423680.79012,24.323912017280236
1790423680.790209,13.678277988219634
1790423680.792898,15.785249997861683
1790423680.7930334,23.147808999055997
1790423680.793099,25.320328015368432
1790423680.8095596,2.0575959933921695
1790423680.8102257,1.6823810001369566
1790423680.817893,1.4264890050981194
1790423680.820863,1.3994559994898736
1790423680.8217978,1.6158359940163791
1790423680.829738,1.5408229955937713
1790423680.8300169,1.3241670094430447
1790423680.8366535,1.6248649917542934
1790423680.83771,1.8996930157300085
1790423680.8383539,1.360886002657935
1790423680.8424845,2.40142599795945
1790423680.843434,1.4591529907193035
1790423680.8438299,2.638666017446667
1790423680.8507943,2.0441959786694497
1790423680.8519442,2.6297380100004375
1790423680.8576405,1.4314209984149784
1790423680.8589888,1.3382170000113547
1790423680.8638291,23.274119972484186
1790423680.8641553,24.587912019342184
1790423680.8644626,21.720093995099887
1790423680.8646052,13.798425992717966
1790423680.865075,5.768207018263638
1790423680.867673,1.5613249852322042
1790423680.8702772,1.3827660004608333
1790423680.8721397,1.8540330056566745
1790423680.8821068,1.832478999858722
1790423680.8878553,1.6601630195509642
1790423680.8960326,24.695902975508943
1790423680.8964224,25.68612899631262
1790423680.8967993,6.969662994379178
1790423680.9022524,2.0105639996472746
1790423680.9029253,1.4344050141517073
1790423680.9080718,17.585155001142994
1790423680.9088712,4.680634010583162
1790423680.9089503,25.65006198710762
1790423680.9130788,2.0988509932067245
1790423680.913151,1.7316880112048239
1790423680.915287,1.875109999673441
1790423680.916214,2.0786169916391373
1790423680.9163253,1.5005260065663606
1790423680.9211807,1.2008979974780232
1790423680.923841,1.1856130149681121
1790423680.9263353,1.537661999464035
1790423680.9266598,1.4339399931486696
1790423680.9295382,1.8224730156362057
1790423680.9295988,1.5451140061486512
1790423680.933216,1.173491997178644
1790423680.9412858,1.8648529949132353
1790423680.9422505,1.8179390172008425
1790423680.9487388,1.3588550209533423
1790423680.9532151,1.656135980738327
1790423680.9546976,1.369509001960978
1790423680.963736,1.5275589830707759
1790423680.971811,20.74226300464943
1790423680.9730873,13.2967010140419
1790423680.9781272,11.384690995328128
1790423680.9782717,31.761341990204528
1790423680.9789567,1.96208999841474
1790423680.9909768,19.899826002074406
1790423680.9913428,9.079407987883314
1790423680.9917135,27.86318099242635
1790423680.9978426,31.70295199379325
1790423680.998571,26.185581024037674
1790423680.9995291,32.06449298886582
1790423680.9996848,3.5303159966133535
1790423680.999764,11.967061989707872
1790423681.0136812,20.239543984644115
1790423681.0137956,28.718213987303898
1790423681.0151668,1.9731369975488633
1790423681.0198812,31.073057994944975
1790423681.0199914,6.073016003938392
1790423681.0202742,25.56746598565951
1790423681.0206122,2.8856649878434837
1790423681.0209644,1.6903589712455869
1790423681.0239465,1.939412992214784
1790423681.025006,1.9657709926832467
1790423681.031706,1.864638994447887
1790423681.0333555,1.6360279987566173
1790423681.0374548,1.473162992624566
1790423681.0405734,1.6500829951837659
1790423681.0441668,28.120272007072344
1790423681.0442853,22.97349800937809
1790423681.0450723,20.938053989084437
1790423681.0459993,3.218207013560459
1790423681.046504,4.4809289975091815
1790423681.0470426,14.714776014443487
1790423681.0471265,31.773951021023095
1790423681.048027,1.5141059993766248
1790423681.0501611,1.2567260127980262
1790423681.0607996,2.830662007909268
1790423681.061502,2.2719069966115057
1790423681.0618913,1.6872779815457761
1790423681.07837,1.7095980001613498
1790423681.0836003,25.023411988513544
1790423681.0838234,16.145830013556406
1790423681.0853758,1.5393100038636476
1790423681.091128,20.408634998602793
1790423681.0943358,1.937354012625292
1790423681.0946813,8.899031003238633
1790423681.0947762,25.77411098172888
1790423681.0968997,1.4052260085009038
1790423681.1132429,26.349324005423114
1790423681.1139808,15.487760014366359
1790423681.1140966,1075.7506730151363
1790423681.1151414,1.8815640069078654
1790423681.1200461,2.4412450147792697
1790423681.12098,1.8538949952926487
1790423681.1238072,1.5894430107437074
1790423681.1303983,1.722660002997145
1790423681.137608,3.1041440088301897
1790423681.1377516,2.762242016615346
1790423681.139227,1.4654190163128078
1790423681.1410038,1.7662440077401698
1790423681.1430933,1.4787400141358376
1790423681.1456513,24.208376999013126
1790423681.1467652,5.749952018959448
1790423681.1471,2.3814919986762106
1790423681.147173,13.310386013472453
1790423681.1472824,11.030566995032132
1790423681.1507237,2.160286996513605
1790423681.151412,1.7701410106383264
1790423681.1569777,1.7525610164739192
1790423681.157779,1.797828997951001
1790423681.1584544,1.4648069918621331
1790423681.160983,1.9937180040869862
1790423681.161909,1.4322520000860095
1790423681.161961,2.1391510090325028
1790423681.1661205,1.606704987352714
1790423681.1671,1050.176521006506
1790423681.172316,1.489865011535585
1790423681.1786892,1058.3889659901615
1790423681.1787746,1090.4228769941255
1790423681.1788652,2.5790030194912106
1790423681.1795464,1.9563519745133817
1790423681.1904573,1.5624959778506309
1790423681.1919107,1.4432180032599717
1790423681.192916,1090.0154979899526
1790423681.1935964,1106.315501005156
1790423681.1941414,28.740549983922392
1790423681.1942058,20.129045005887747
1790423681.1945004,8.685394015628844
1790423681.1983714,3.2146379817277193
1790423681.1985445,3.9400249952450395
1790423681.1988513,2.679699013242498
1790423681.199774,1.92787402193062
1790423681.2019808,1.4079200045671314
1790423681.2034132,1.311291998717934
1790423681.205751,1.3257609971333295
1790423681.2093437,1.4637699932791293
1790423681.2098632,1.3247169845271856
1790423681.212419,1.836438983445987
1790423681.2277825,1.7681510071270168
1790423681.2333438,1.9477649766486138
1790423681.2457697,20.921941992128268
1790423681.2469442,27.10910001769662
1790423681.2470572,14.737791992956772
1790423681.2474644,3.322107979329303
1790423681.2497349,3.5152430064044893
1790423681.250567,1.9337790145073086
1790423681.256329,2.375516982283443
1790423681.2601902,26.833329000510275
1790423681.2609742,31.024111987790093
1790423681.2612267,13.549629977205768
1790423681.2613003,2.9926749994046986
1790423681.2690098,1.7046550055965781
1790423681.2713249,1.8658539920579642
1790423681.2757213,2.3833940213080496
1790423681.2765815,3.80635799956508
1790423681.2768607,2.4996020074468106
1790423681.276924,1.6633879859000444
1790423681.2788932,1.2866960023529828
1790423681.2859333,1.9819909939542413
1790423681.2895432,2.790817990899086
1790423681.2896376,2.9658010171260685
1790423681.2897205,1.95738798356615
1790423681.2950954,1.8203769868705422
1790423681.299996,1.6514699964318424
1790423681.3097906,1.5412150241900235
1790423681.3138022,1.4853690227027982
1790423681.324618,1.455941004678607
1790423681.3276296,23.74647799297236
1790423681.32772,9.98244501533918
1790423681.3296535,1.3373979891184717
1790423681.339384,1.5205730160232633
1790423681.3401415,21.571037999819964
1790423681.340754,10.666134010534734
1790423681.340824,25.23312999983318
1790423681.3431993,1.4549899788107723
1790423681.347441,2.275432983879
1790423681.348463,1.4622900052927434
1790423681.3625674,26.508504000958055
1790423681.36272,20.233048009686172
1790423681.363343,28.156712010968477
1790423681.363422,2.9196699906606227
1790423681.3673046,1.6643459966871887
1790423681.369289,1.4713419950567186
1790423681.3712454,1.3575739867519587
1790423681.3764637,2.1837450040038675
1790423681.3792272,2.4981510068755597
1790423681.3801172,1.7929930181708187
1790423681.382546,2.4170500109903514
1790423681.3840935,1.5354309871327132
1790423681.3864393,2.2147929994389415
1790423681.4088092,19.10480301012285
1790423681.4096446,35.93779698712751
1790423681.4105172,29.16683501098305
1790423681.4107275,25.947350019123405
1790423681.4112506,38.52000198094174
1790423681.4113965,4.44841300486587
1790423681.4114897,34.6877760021016
1790423681.411681,16.859114984981716
1790423681.4181764,26.016223011538386
1790423681.4207892,20.852982997894287
1790423681.4213705,13.658901996677741
1790423681.4214668,32.725622004363686
1790423681.4237638,33.257946983212605
1790423681.4239042,22.969003999605775
1790423681.4242084,11.039931006962433
1790423681.4375606,3.2483469985891134
1790423681.4380178,1.467330992454663
1790423681.4390786,16.93314700969495
1790423681.4395845,4.651105002267286
1790423681.4452221,23.74366400181316
1790423681.4454162,20.312167005613446
1790423681.4469068,11.056540999561548
1790423681.4470122,3.29996898653917
1790423681.4473958,4.943820007611066
1790423681.447743,28.613078000489622
1790423681.4478023,1.9859939930029213
1790423681.4502704,1.4859999937471002
1790423681.462519,1.9805549818556756
1790423681.4653754,1.320265990216285
1790423681.466363,1.6208989836741239
1790423681.483588,1.7972109781112522
1790423681.487102,24.571942980401218
1790423681.48719,15.464051975868642
1790423681.4890423,4.425799997989088
1790423681.4895175,28.446573996916413
1790423681.4927182,3.6649759858846664
1790423681.513007,32.16231300029904
1790423681.5179667,26.91591199254617
1790423681.5229704,35.04139100550674
1790423681.523254,22.626546007813886
1790423681.5248172,45.253690012032166
1790423681.5249736,16.034422005759552
1790423681.525154,33.367013005772606
1790423681.5252273,25.190157990437
1790423681.526936,1.698209991445765
1790423681.5399048,2.4054149980656803
1790423681.5500708,52.99583199666813
1790423681.5524774,53.41255001258105
1790423681.553313,45.43673901935108
1790423681.5536377,32.65174198895693
1790423681.553991,50.348215008853
1790423681.5554767,25.842650997219607
1790423681.56162,71.73333401442505
1790423681.5619662,40.229783015092835
1790423681.5642364,26.082003983901814
1790423681.5663304,34.050922986352816
1790423681.567266,57.312129996716976
1790423681.5674744,24.580747995059937
1790423681.5695198,23.52773299207911
1790423681.5699153,19.27982401684858
1790423681.5702841,26.5863899840042
1790423681.57164,17.991960019571707
1790423681.5717986,34.89741502562538
1790423681.5719068,25.07852198323235
1790423681.572912,20.92213000287302
1790423681.5729942,13.822921988321468
1790423681.5730686,5.028284998843446
1790423681.5755506,14.652083977125585
1790423681.579521,2.149642998119816
1790423681.5820959,37.14289198978804
1790423681.584981,42.690861999290064
1790423681.5858567,36.79797999211587
1790423681.5863838,33.89236400835216
1790423681.586579,13.166679011192173
1790423681.5866928,26.894809008808807
1790423681.5870576,8.951354015152901
1790423681.5900772,1.6712489887140691
1790423681.597336,21.772117004729807
1790423681.5985222,17.663548002019525
1790423681.598639,33.977392013184726
1790423681.5991962,8.57104899478145
1790423681.6067836,1.664594019530341
1790423681.6127093,29.302943003131077
1790423681.6135786,33.42045401223004
1790423681.6136663,18.296130991075188
1790423681.622159,2.3068709997460246
1790423681.6225939,18.05611001327634
1790423681.6248336,1.6511459834873676
1790423681.628723,1.7764829972293228
1790423681.629135,29.01030599605292
1790423681.630133,6.420458987122402
1790423681.6302154,9.682521020295098
1790423681.6311738,1.6265299927908927
1790423681.6357398,26.730237994343042
1790423681.6359982,14.756752992980182
1790423681.6365864,1.8410779885016382
1790423681.6367092,10.25218001450412
1790423681.6367736,3.6226510128472
1790423681.6388493,1.9318880222272128
1790423681.6389139,1.6176670033019036
1790423681.6418731,1.4799789933022112
1790423681.6426647,1.4514289796352386
1790423681.6432545,1.1957800015807152
1790423681.6453626,1.484009000705555
1790423681.6458483,1.5298920043278486
1790423681.6485014,2.521180984331295
1790423681.6489255,1.7269979871343821
1790423681.649176,1.2790320033673197
1790423681.6506028,1.244940998731181
1790423681.6514797,1.5640290221199393
1790423681.6518219,1.2107100046705455
1790423681.652941,1.111031015170738
1790423681.6573322,1.1019149969797581
1790423681.6589098,1.0381159954704344
1790423681.6708212,1.7798490007407963
1790423681.675171,22.860120981931686
1790423681.6752622,10.750985005870461
1790423681.6755815,3.302738012280315
1790423681.675737,21.82416501455009
1790423681.6776252,1.77477698889561
1790423681.6806085,1.2773619964718819
1790423681.6949403,17.1544199984055
1790423681.7067368,22.060240007704124
1790423681.7068577,30.357248993823305
1790423681.7074919,34.23855500295758
1790423681.707589,12.633626000024378
1790423681.7123249,23.750546999508515
1790423681.712468,7.170136988861486
1790423681.7125442,34.312217991100624
1790423681.7133203,24.024526006542146
1790423681.7134068,31.777424999745563
1790423681.7160366,2.4861499841790646
1790423681.7164102,1.783753017662093
1790423681.7194755,1.9660679972730577
1790423681.7329807,18.931500002508983
1790423681.733497,25.256111985072494
1790423681.733574,14.668003015685827
1790423681.7381647,1.9506649987306446
1790423681.7389054,1.477230980526656
1790423681.742634,1.2198039912618697
1790423681.752844,1.6836349968798459
1790423681.7635443,22.58987899404019
1790423681.7698274,22.134489001473412
1790423681.7801945,17.40571000846103
1790423681.7869084,30.226053000660613
1790423681.7876341,33.84457001811825
1790423681.7881823,23.85111100738868
1790423681.7884123,41.89727798802778
1790423681.7888112,29.55649100476876
1790423681.7897484,17.185507982503623
1790423681.7898092,11.788292991695926
1790423681.7924063,45.387744990875944
1790423681.7975054,44.265620002988726
1790423681.80166,33.175384014612064
1790423681.8017788,37.02374701970257
1790423681.8097777,40.64340301556513
1790423681.81077,35.296286980155855
1790423681.810977,13.40955900377594
1790423681.8127232,38.241592003032565
1790423681.8210533,22.86658901721239
1790423681.828434,17.056526994565502
1790423681.8286164,9.323514997959137
1790423681.828721,34.95626398944296
1790423681.8299983,3.108184988377616
1790423681.8313081,35.34903100808151
1790423681.8323648,24.804518005112186
1790423681.83312,38.45073698903434
1790423681.8332334,63.1424919993151
1790423681.833412,28.747417993145064
1790423681.8343127,20.559149998007342
1790423681.8344674,11.593401985010132
1790423681.8345318,5.234910000581294
1790423681.8352938,1.871525018941611
1790423681.837778,1.308052975218743
1790423681.839783,1.292839995585382
1790423681.8403432,1.177608995931223
1790423681.8409045,23.31159100867808
1790423681.8414836,15.093272988451645
1790423681.842437,33.34108999115415
1790423681.8425038,11.091975989984348
1790423681.842568,5.54974700207822
1790423681.8442576,1.1620110017247498
1790423681.8483722,1.96718200459145
1790423681.8484254,1.5806670126039535
1790423681.8535318,1.3208680029492825
1790423681.8539898,1.1836560152005404
1790423681.859816,2.0853620080742985
1790423681.8598738,1.632787985727191
1790423681.865173,1.689588010776788
1790423681.8659337,1.2804299767594784
1790423681.8751926,1.7353800067212433
1790423681.8848543,24.019924021558836
1790423681.8867664,25.475487986113876
1790423681.8869226,20.68825301830657
1790423681.8871045,7.921224983874708
1790423681.8871903,6.039881001925096
1790423681.8923903,4.022709996206686
1790423681.8965547,26.085265999427065
1790423681.8981595,18.247008993057534
1790423681.8990822,4.605206981068477
1790423681.8999312,16.68504302506335
1790423681.9001317,32.676615024684
1790423681.90032,11.127514997497201
1790423681.9027226,2.390011999523267
1790423681.906972,26.389416016172618
1790423681.9082513,23.382562008919194
1790423681.908396,31.51815599994734
1790423681.9091866,17.3504920094274
1790423681.9093583,7.135607011150569
1790423681.9099236,2.816816995618865
1790423681.9199836,1.564559992402792
1790423681.9223065,24.135996005497873
1790423681.9264593,28.974593005841598
1790423681.9272056,16.138882987434044
1790423681.9272907,1.9675199873745441
1790423681.9305854,13.871325005311519
1790423681.9308362,26.95618598954752
1790423681.9321723,2.1426929743029177
1790423681.936511,2.416035014903173
1790423681.942649,3.4212489845231175
1790423681.943227,3.541412006597966
1790423681.944096,1.8815880175679922
1790423681.9527383,2.24188799620606
1790423681.957786,22.882084012962878
1790423681.9592457,30.434660002356395
1790423681.959803,7.891447021393105
1790423681.9598875,19.701604003785178
1790423681.9604108,24.611394008388743
1790423681.9605207,29.49323199572973
1790423681.960661,6.06447400059551
1790423681.960801,19.62739901500754
1790423681.9657779,1.4029720041435212
1790423681.971185,2.2489750117529184
1790423681.9715068,26.882885984377936
1790423681.9718087,14.66890302253887
1790423681.9720864,2.7555410051718354
1790423681.9827867,1.5468969941139221
1790423681.9841225,28.06578899617307
1790423681.9844222,23.6113200080581
1790423681.9847102,6.095635995734483
1790423681.9881768,1.408639014698565
1790423681.989333,1.148203999036923
1790423681.9939535,1.6351579979527742
1790423681.9944837,1.5503650065511465
1790423682.0160568,29.94460001355037
1790423682.0174131,25.66324797226116
1790423682.018068,16.69609299278818
1790423682.0187037,33.179445017594844
1790423682.0205247,5.711287987651303
1790423682.0238194,13.298955978825688
1790423682.024575,29.98114997171797
1790423682.024687,8.614947000751272
1790423682.0324326,41.91772601916455
1790423682.038579,42.195235000690445
1790423682.038794,25.2871920238249
1790423682.0472755,33.02341801463626
1790423682.0483422,30.914553004549816
1790423682.0485106,38.563799986150116
1790423682.0486012,6.384703010553494
1790423682.0488024,18.45564498216845
1790423682.049117,64.02788800187409
1790423682.0499053,30.751065001823008
1790423682.0500777,22.453868994489312
1790423682.0509608,39.65142497327179
1790423682.0510716,7.368937018327415
1790423682.054817,28.894614981254563
1790423682.055586,9.549973998218775
1790423682.0556693,34.97957900981419
1790423682.0559509,10.714686010032892
1790423682.0597181,6.970472022658214
1790423682.0606022,1.5338730008807033
1790423682.0736525,1.521742990007624
1790423682.076331,1.9973849994130433
1790423682.079859,27.719705016352236
1790423682.0799286,4.09750800463371
1790423682.0931363,1.4941619883757085
1790423682.096679,1.6069679986685514
1790423682.101974,1.971727004274726
1790423682.113973,28.055219998350367
1790423682.119048,18.477876990800723
1790423682.1200426,17.129334999481216
1790423682.1222227,11.3514730182942
1790423682.1246088,36.09678297652863
1790423682.1254485,22.034603025531396
1790423682.1266396,15.016126999398693
1790423682.1267405,31.053746002726257
1790423682.130511,21.798380999825895
1790423682.1357381,23.682430008193478
1790423682.1358862,29.169042012654245
1790423682.1361728,6.213874003151432
1790423682.1415403,13.720418006414548
1790423682.1424816,25.28258299571462
1790423682.1429477,33.42695499304682
1790423682.1443117,34.12726099486463
1790423682.1447403,12.787649990059435
1790423682.145059,4.426180006703362
1790423682.1479347,54.7326130035799
1790423682.1515005,34.8358079791069
1790423682.1518435,33.98965101223439
1790423682.1522436,15.869555994868279
1790423682.1526382,4.236139997374266
1790423682.1557734,16.087535012047738
1790423682.1561775,27.839093992952257
1790423682.158274,2.009660005569458
1790423682.165807,1.4926190197002143
1790423682.1663065,1.485310000134632
1790423682.170231,29.803571000229567
1790423682.1705582,3.272492001997307
1790423682.1721864,28.65575600299053
1790423682.172388,15.570832008961588
1790423682.17266,4.419199016410857
1790423682.1728344,3.0646400118712336
1790423682.1729636,4.264824005076662
1790423682.173559,1.887620979687199
1790423682.1775076,1.4512309862766415
1790423682.1787133,1.1970259947702289
1790423682.1819403,1.1520740226842463
1790423682.1874938,1.5188569959718734
1790423682.1897073,2.2039150062482804
1790423682.1905372,1.4130370109342039
1790423682.1911893,1.2902759772259742
1790423682.199209,3.7873740075156093
1790423682.200684,2.254398015793413
1790423682.2028275,3.361152979778126
1790423682.2063568,17.99250699696131
1790423682.207294,10.54012100212276
1790423682.207491,27.31081101228483
1790423682.2075615,6.864488997962326
1790423682.2234545,26.210508978692815
1790423682.229445,27.717474004020914
1790423682.2304206,27.006863005226478
1790423682.235569,27.16751699335873
1790423682.2362933,16.139132989337668
1790423682.2364526,30.97857302054763
1790423682.2384868,36.1556280113291
1790423682.2398503,2.4449839838780463
1790423682.2399893,24.00868700351566
1790423682.2400768,48.84805899928324
1790423682.2429109,24.175628990633413
1790423682.2433972,27.857045002747327
1790423682.2442193,33.99567402084358
1790423682.2443087,15.854893979849294
1790423682.2449296,3.5106909926980734
1790423682.250383,1.5201909991446882
1790423682.2543721,1.9102889928035438
1790423682.2576032,27.899202978005633
1790423682.2584593,41.643642995040864
1790423682.2586334,4.248509008903056
1790423682.258706,13.648604013724253
1790423682.260808,24.234873009845614
1790423682.2617736,13.88407900230959
1790423682.261892,36.96896898327395
1790423682.2623968,5.695835017831996
1790423682.262454,2.398532989900559
1790423682.270522,1.323113014223054
1790423682.2723277,1.5848490002099425
1790423682.2748468,1.34291299036704
1790423682.2861755,1.4765119994990528
1790423682.2878478,2.4824469874147326
1790423682.2945914,2.6035789924208075
1790423682.2954803,2.360497019253671
1790423682.2970214,20.399861998157576
1790423682.2975702,25.925661000655964
1790423682.297786,11.147457989864051
1790423682.2978845,3.835672978311777
1790423682.3004544,17.041662998963147
1790423682.303864,1.7993630026467144
1790423682.3044572,17.018172977259383
1790423682.3051426,29.15001302608289
1790423682.3052282,9.570016991347075
1790423682.3114033,1.5406380116473883
1790423682.316228,2.5555269967298955
1790423682.3166876,2.5538929912727326
1790423682.317002,2.271628996822983
1790423682.3173113,1.8922810268122703
1790423682.32084,1.2681390217039734
1790423682.3254433,1.747532980516553
1790423682.3381433,1.901412004372105
1790423682.3403282,3.0626250081695616
1790423682.3411806,1.4597690023947507
1790423682.3447366,1.526904001366347
1790423682.3479612,25.268241995945573
1790423682.3480947,8.723735983949155
1790423682.3481557,15.038038982311264
1790423682.3492672,24.629158986499533
1790423682.3503032,11.925655999220908
1790423682.351296,29.327669995836914
1790423682.3514476,5.482893990119919
1790423682.352211,1.4533269859384745
1790423682.3554537,2.771272003883496
1790423682.3556552,2.4617990129627287
1790423682.3566504,1.6113260062411427
1790423682.362324,1.2856170069426298
1790423682.3756323,1.6617309884168208
1790423682.3789573,8.706472988706082
1790423682.3790443,22.348171012708917
1790423682.3812695,27.50723500503227
1790423682.3813968,12.393796001560986
1790423682.3874905,1.6433420241810381
1790423682.3906884,1.4512260095216334
1790423682.393028,1.4229480002541095
1790423682.40493,24.663255986524746
1790423682.4050071,8.953170996392146
1790423682.414059,2.754324988927692
1790423682.4141407,2.26293399464339
1790423682.41795,2.387992979492992
1790423682.4184947,2.520045993151143
1790423682.423604,26.135809981497005
1790423682.4257698,10.991037008352578
1790423682.4267159,29.929878015536815
1790423682.4268465,16.191545990295708
1790423682.4270642,23.46847701119259
1790423682.4278712,15.35478001460433
1790423682.4295452,4.562850022921339
1790423682.4301004,3.023909986950457
1790423682.4301708,6.1873710073996335
1790423682.4375737,1.630994986044243
1790423682.4394195,2.705473976675421
1790423682.4450905,1.6967580013442785
1790423682.4461777,20.395083003677428
1790423682.4470587,30.276816978584975
1790423682.4471877,9.263209998607635
1790423682.447356,2.15639200177975
1790423682.448657,1.2939739972352982
1790423682.4566793,27.91891200467944
1790423682.456799,17.926056985743344
1790423682.4573486,1.8506080086808652
1790423682.4641387,1.319478004006669
1790423682.470068,1.279765012441203
1790423682.4732242,1.235794014064595
1790423682.4760737,1.211911003338173
1790423682.4798536,1.2065339833498
1790423682.4812293,1.156978978542611
1790423682.4898884,1.4618350251112133
1790423682.4905708,1.4291660045273602
1790423682.5040436,3.177513019181788
1790423682.5123029,16.878691007150337
1790423682.5136256,28.138306981418282
1790423682.5137987,11.494427017169073
1790423682.5166354,5.0384979986120015
1790423682.5170157,22.243866987992078
1790423682.517247,19.458819006104022
1790423682.5201085,6.299104017671198
1790423682.5202932,4.341679014032707
1790423682.5220103,3.3988569921348244
1790423682.5263402,12.009958998532966
1790423682.526496,23.059758997987956
1790423682.5266066,7.597357005579397
1790423682.5267,34.26414501154795
1790423682.5272868,22.714327002177015
1790423682.5278256,3.3648069947957993
1790423682.5305848,37.54146400024183
1790423682.53074,15.438467991771176
1790423682.5312707,11.825539986602962
1790423682.53272,1.569268002640456
1790423682.5351133,1.4704549976158887
1790423682.5395293,1.503804000094533
1790423682.5444534,1.6302790027111769
1790423682.545041,1.4984130102675408
1790423682.5482311,1.390885008731857
1790423682.5491385,26.145151001401246
1790423682.5500772,29.493050009477884
1790423682.5501907,1.9501440110616386
1790423682.550446,16.058264998719096
1790423682.550501,4.924178007058799
1790423682.5518005,1.205223990837112
1790423682.5632892,1.7847599810920656
1790423682.5676744,1.2997939775232226
1790423682.5742083,1.3254040095489472
1790423682.5763106,1.3983890239614993
1790423682.5821893,1.4104370202403516
1790423682.5836813,21.586988994386047
1790423682.5841124,1.2027969933114946
1790423682.5859427,8.802461990853772
1790423682.5861413,25.05382802337408
1790423682.5867167,1.314963010372594
1790423682.597876,1.7886020068544894
1790423682.600421,1.4758830075152218
1790423682.6025717,22.7687289880123
1790423682.6057434,11.084451019996777
1790423682.605838,25.69663099711761
1790423682.605934,6.3555469969287515
1790423682.6114063,1.4219770091585815
1790423682.615055,1.5335299831349403
1790423682.615215,19.843157002469525
1790423682.6158235,9.079124982235953
1790423682.6159067,25.480215990683064
1790423682.625371,1.5194530133157969
1790423682.6310213,2.7294399915263057
1790423682.6385195,2.82495902501978
1790423682.639076,8.040201006224379
1790423682.6397965,2.3013649915810674
1790423682.6469648,17.92685699183494
1790423682.6514723,30.264065018855035
1790423682.6515672,10.944916983135045
1790423682.6554723,1.8860489944927394
1790423682.6582582,1.7690940003376454
1790423682.663532,15.85729600628838
1790423682.6639483,1.9895790028385818
1790423682.6659052,34.22918898286298
1790423682.666148,21.076099015772343
1790423682.6662703,5.981792986858636
1790423682.667443,3.27919700066559
1790423682.67085,3.2121780095621943
1790423682.6722846,1.9585569971241057
1790423682.6749394,13.771439000265673
1790423682.6764123,2.1865449962206185
1790423682.6773326,7.691114005865529
1790423682.677401,31.671028991695493
1790423682.6861129,2.0494999771472067
1790423682.7018776,26.65249301935546
1790423682.70964,2.1766629943158478
1790423682.7120457,12.10560099571012
1790423682.7130754,33.8869979896117
1790423682.7180085,1.851415989222005
1790423682.7283058,31.21373799513094
1790423682.729036,34.27942900452763
1790423682.7291267,5.822193023050204
1790423682.729211,7.6294140017125756
1790423682.7354774,1.5914799878373742
1790423682.747777,1.8615970038808882
1790423682.7618372,11.921652010641992
1790423682.7629278,30.852719995891675
1790423682.7637453,32.60507501545362
1790423682.7650332,29.145619017072022
1790423682.7651281,7.367490004980937
1790423682.7658448,2.890699979616329
1790423682.7681565,1.9313690136186779
1790423682.7729526,2.1391769987531006
1790423682.774017,2.1101369929965585
1790423682.774153,29.1310100001283
1790423682.775124,15.326277003623545
1790423682.775225,6.4154140127357095
1790423682.7753,34.2302430071868
1790423682.779317,2.109927008859813
1790423682.7841527,22.9252039862331
1790423682.7843986,2.377761004026979
1790423682.7845082,33.04661100264639
1790423682.7851064,15.020324004581198
1790423682.7851841,5.546133004827425
1790423682.7912133,1.8231060239486396
1790423682.7998936,2.14478702400811
1790423682.801761,1.8508700013626367
1790423682.8086128,22.78356801252812
1790423682.8115387,1.903844007756561
1790423682.8167179,1.9308080081827939
1790423682.8266094,1.965903997188434
1790423682.8292222,1.95272100972943
1790423682.8358533,3.344288998050615
1790423682.837217,2.1896419930271804
1790423682.8389149,28.705351985991
1790423682.8390195,25.38941300008446
1790423682.8400774,2.5568470009602606
1790423682.84018,10.57844900060445
1790423682.8453498,27.826604986330494
1790423682.8454363,13.70818298892118
1790423682.8455737,3.083576011704281
1790423682.8625538,6.7869740014430135
1790423682.8705263,29.13156000431627
1790423682.870889,4.259774985257536
1790423682.8710046,27.06834700074978
1790423682.8711615,11.748607998015359
1790423682.8754435,1.7288240196648985
1790423682.8812165,22.643574979156256
1790423682.8820767,19.406248989980668
1790423682.8823624,30.341303994646296
1790423682.8824713,14.964845002396032
1790423682.8825738,31.877670000540093
1790423682.883998,18.633010011399165
1790423682.884085,26.64632600499317
1790423682.884185,10.972719988785684
1790423682.8842473,4.338767001172528
1790423682.8863544,18.12262600287795
1790423682.8864944,22.466462018201128
1790423682.8866293,31.400774023495615
1790423682.8878174,3.188187023624778
1790423682.8883724,2.75735801551491
1790423682.895672,1.248189975740388
1790423682.8972006,1.4048399752937257
1790423682.8984332,1.2232849840074778
1790423682.902448,1.1502429842948914
1790423682.9063134,1.648564008064568
1790423682.906918,1.7209940124303102
1790423682.9091456,17.114526010118425
1790423682.9096823,22.859650023747236
1790423682.9097545,9.581790975062177
1790423682.911091,1.2204819940961897
1790423682.9125507,1.3484969967976213
1790423682.9133446,1.3820880267303437
1790423682.9171448,1.2323959963396192
1790423682.922091,1.3839419989380985
1790423682.925861,1.3700540002901107
1790423682.9294982,1.2326489959377795
1790423682.9319394,1.2418070109561086
1790423682.9410176,1.7771560233086348
1790423682.9477172,1.6029560065362602
1790423682.9508283,24.770810996415094
1790423682.951047,10.899059008806944
1790423682.9514735,2.1225490199867636
1790423682.9560313,14.014105021487921
1790423682.9561105,24.061469011940062
1790423682.9695966,4.102089995285496
1790423682.971792,2.995830000145361
1790423682.9801557,30.12383298482746
1790423682.9820035,15.749826998217031
1790423682.9821975,12.58728900575079
1790423682.9847903,4.8513649962842464
1790423682.9861693,23.897407023468986
1790423682.986609,11.35976001387462
1790423682.9873033,20.149999007117003
1790423682.987605,35.074058978352696
1790423682.9877381,7.513459015171975
1790423682.9879155,19.813712016912177
1790423682.9892695,2.6503150002099574
1790423682.99104,1.7586929898243397
1790423682.9947848,17.828240990638733
1790423682.99856,22.734300000593066
1790423682.998731,37.09200900630094
1790423682.9988167,16.60579998861067
1790423682.9993234,2.0436299964785576
1790423683.0078409,24.7690940159373
1790423683.0082374,6.5909120021387935
1790423683.008328,36.48149099899456
1790423683.0098531,1.427886018063873
1790423683.0122106,1.6038430039770901
1790423683.0186872,12.46604899642989
1790423683.019421,16.006756020942703
1790423683.0196636,26.823986001545563
1790423683.0198286,3.321817988762632
1790423683.0199168,31.679513020208105
1790423683.0212717,2.573406003648415
1790423683.0227644,1.905368990264833
1790423683.022832,2.818165987264365
1790423683.027336,1.6040329937823117
1790423683.0288677,1.3338120188564062
1790423683.0477998,26.33789202081971
1790423683.0487254,10.501259996090084
1790423683.0490432,23.819624009774998
1790423683.0514843,1.5088790096342564
1790423683.0539658,1.3991440064273775
1790423683.0581908,1.3392590044531971
1790423683.0613277,1.4089489995967597
1790423683.0700948,18.60167901031673
1790423683.0720363,6.84547598939389
1790423683.0721273,24.313516973052174
1790423683.0783877,1.403545989887789
1790423683.081865,1.2806449958588928
1790423683.08344,1.2467429914977401
1790423683.0867004,18.54377900599502
1790423683.0869892,22.46234699850902
1790423683.087486,1.7900370003189892
1790423683.0891964,1.396940991980955
1790423683.09346,1.2052110105287284
1790423683.097875,1.2312479957472533
1790423683.1013212,1.4015609922353178
1790423683.1103776,1.4718479942530394
1790423683.1136467,1.4801420038565993
1790423683.1162584,1.7799939960241318
1790423683.1271007,24.263144994620234
1790423683.1274602,2.195153007050976
1790423683.1275668,24.191898992285132
1790423683.1276398,5.470700009027496
1790423683.141132,1.6348189965356141
1790423683.1433544,24.638538976432756
1790423683.143471,19.999842013930902
1790423683.1458435,1.768087997334078
1790423683.148959,2.841862995410338
1790423683.1490202,1.868899998953566
1790423683.1531062,1.5193730068858713
1790423683.1535797,1.4242850011214614
1790423683.1626165,26.90690098097548
1790423683.1637678,7.054114015772939
1790423683.1651855,18.50928898784332
1790423683.1662686,3.276742994785309
1790423683.166387,2.608661015983671
1790423683.1664565,4.384867992484942
1790423683.1682625,1.5202029899228364
1790423683.1685517,1.3465800147969276
1790423683.1722636,12.240894982824102
1790423683.1743367,1.213393989019096
1790423683.182861,22.237009019590914
1790423683.1829286,18.4036550053861
1790423683.187159,1.5592249983455986
1790423683.1895802,1.8099509761668742
1790423683.190848,1.6992579912766814
1790423683.1914897,1.4454430202022195
1790423683.1981885,1.6831870016176254
1790423683.1992314,1.4399709762074053
1790423683.200438,1.1983189906459302
1790423683.2071757,20.004552992759272
1790423683.2093573,3.889427985996008
1790423683.2094479,27.0012850232888
1790423683.2097979,3.5643739975057542
1790423683.209949,6.049073999747634
1790423683.2100646,15.041567996377125
1790423683.2114954,2.978695003548637
1790423683.2138739,2.204552001785487
1790423683.213935,1.679418986896053
1790423683.2212818,2.4384369899053127
1790423683.22195,1.4853659959044307
1790423683.2235894,1.311896980041638
1790423683.237907,1.6790990193840116
1790423683.2411804,1.7514220089651644
1790423683.2424092,11.958285991568118
1790423683.2494588,30.03659500973299
1790423683.24956,5.968929996015504
1790423683.2508812,2.514734980650246
1790423683.2509816,3.725181013578549
1790423683.2559528,11.814305005827919
1790423683.2560954,26.446555013535544
1790423683.2561822,22.290388005785644
1790423683.2601166,2.2154469916131347
1790423683.2602015,2.373700001044199
1790423683.2653475,1.4833010209258646
1790423683.2673204,2.091981004923582
1790423683.2683442,1.4814870082773268
1790423683.2743845,1.4575200038962066
1790423683.274954,1.2705760018434376
1790423683.2770708,1.504851010395214
1790423683.2794943,1.5170519764069468
1790423683.2817903,20.176549995085225
1790423683.2823606,3.8385619991458952
1790423683.2831845,3.1968170078471303
1790423683.2858691,14.368545002071187
1790423683.286321,10.237863985821605
1790423683.2869806,25.919308012817055
1790423683.287054,6.687457993393764
1790423683.2908437,1.4568869955837727
1790423683.2913892,1.3117220078129321
1790423683.2945104,1.6180810052901506
1790423683.2988741,17.073704017093405
1790423683.3033428,1.348585996311158
1790423683.3073454,9.818307007662952
1790423683.3077326,26.726277981651947
1790423683.3078077,4.16419401881285
1790423683.3143816,1.7832189914770424
1790423683.315097,1.6002329939510673
1790423683.3214152,22.41366298403591
1790423683.322801,18.342522002058104
1790423683.3228986,29.526859987527132
1790423683.3238413,4.264897987013683
1790423683.324693,1.458490005461499
1790423683.3261635,1.4612489903811365
1790423683.331476,9.374579007271677
1790423683.3321004,3.420149994781241
1790423683.332239,32.70647700992413
1790423683.33236,31.502383993938565
1790423683.3324907,23.737715993775055
1790423683.3329322,3.7086299853399396
1790423683.3332803,3.0152609979268163
1790423683.3393328,1.2290150043554604
1790423683.349688,1.3898640172556043
1790423683.364819,1.6105020185932517
1790423683.3720946,2.37458199262619
1790423683.3721714,2.0058859954588115
1790423683.377161,1.473314972827211
1790423683.3841393,15.679950010962784
1790423683.3858888,1.4021600072737783
1790423683.387971,9.871637012111023
1790423683.388051,25.385205022757873
1790423683.390912,1.5408619947265834
1790423683.3918698,1.5968930092640221
1790423683.3941412,1.1885080020874739
1790423683.398587,1.293806009925902
1790423683.3999162,1.114042999688536
1790423683.405061,1.2507580104283988
1790423683.4066367,1.3738730049226433
1790423683.4112537,2.1095620177220553
1790423683.411339,2.7111349918413907
1790423683.4190328,1.4405899855773896
1790423683.421347,1.384119997965172
1790423683.4253533,18.456635007169098
1790423683.4259932,17.941067984793335
1790423683.4273853,25.7785209978465
1790423683.4286432,4.181058000540361
1790423683.428776,13.609448011266068
1790423683.433616,1.9348969799466431
1790423683.434406,1.7767010140232742
1790423683.4389696,22.709525015670806
1790423683.4392588,11.500772990984842
1790423683.439711,32.09268397768028
1790423683.4398606,3.0702819931320846
1790423683.4441738,1.6765449836384505
1790423683.4451401,1.8153089913539588
1790423683.448077,1.6521220095455647
1790423683.450549,22.332032007398084
1790423683.4556694,4.722691985080019
1790423683.45598,4.51839598827064
1790423683.4560869,3.1399319996125996
1790423683.4563289,18.430046999128535
1790423683.458487,32.21104099065997
1790423683.4586043,4.454488982446492
1790423683.4586754,10.477481002453715
1790423683.478588,8.193524001399055
1790423683.478948,21.925974026089534
1790423683.4869435,27.81450201291591
1790423683.4874988,22.354020009515807
1790423683.4945369,25.13471999554895
1790423683.4956474,33.32785901147872
1790423683.495784,9.903261990984902
1790423683.4964776,30.033510003704578
1790423683.497192,3.2743089832365513
1790423683.5003562,47.955843998352066
1790423683.5007174,29.687091009691358
1790423683.5053384,1.5085750201251358
1790423683.5200746,37.14240499539301
1790423683.5227244,23.054841993143782
1790423683.5230603,51.463548006722704
1790423683.5233207,39.61896800319664
1790423683.5236044,30.805698013864458
1790423683.524092,11.167069023940712
1790423683.524312,22.184391011251137
1790423683.5249522,26.2420559884049
1790423683.526996,8.53029900463298
1790423683.5273364,9.619327000109479
1790423683.5276897,7.119991001673043
1790423683.527831,4.17450797976926
1790423683.5282247,3.2622760045342147
1790423683.5417817,22.38092600600794
1790423683.542887,28.024870000081137
1790423683.5432642,17.41927702096291
1790423683.5530005,14.537490991642699
1790423683.568981,32.01318098581396
1790423683.5695846,26.104854012373835
1790423683.5697217,32.19313200679608
1790423683.5698519,7.954268978210166
1790423683.5699606,15.835994010558352
1790423683.5701957,39.38588098390028
1790423683.5711224,12.977013975614682
1790423683.571294,37.31768799480051
1790423683.574424,19.352325005456805
1790423683.5745375,11.991887993644923
1790423683.574996,35.101031011436135
1790423683.5774548,11.016248987289146
1790423683.5775867,7.166574010625482
1790423683.5780385,9.035115013830364
1790423683.5798106,50.92547499225475
1790423683.5798872,4.779952025273815
1790423683.5800261,6.65123897488229
1790423683.5801275,6.246279983315617
1790423683.5809026,2.2058209870010614
1790423683.583327,1.2922189780510962
1790423683.5877643,48.535639012698084
1790423683.5882316,59.95576499844901
1790423683.5886395,32.59271601564251
1790423683.5889812,47.883741004625335
1790423683.5903625,13.934446993516758
1790423683.5905154,25.659022998297587
1790423683.5906096,18.83636601269245
1790423683.591476,2.1975510171614587
1790423683.595297,2.4110040103551
1790423683.595376,1.9581269880291075
1790423683.601784,1.4454910124186426
1790423683.6068525,1.447202987037599
1790423683.6105156,1.6298679984174669
1790423683.6112742,1.5696639893576503
1790423683.6297035,2.561795001383871
1790423683.6297874,2.2064079821575433
1790423683.6300368,1.8410609918646514
1790423683.6422653,23.741904995404184
1790423683.6423504,8.411390997935086
1790423683.6468868,2.106667001498863
1790423683.6475675,1.7626319895498455
1790423683.6507492,1.5537709987256676
1790423683.6550996,1.8487359920982271
1790423683.6557417,1.5198320033960044
1790423683.6578288,1.4241949829738587
1790423683.660678,20.156849990598857
1790423683.6612148,25.897419021930546
1790423683.661293,8.725199004402384
1790423683.6649373,1.5510290104430169
1790423683.6653414,1.4285659999586642
1790423683.6755276,2.9811160056851804
1790423683.67577,4.133365990128368
1790423683.6764648,4.32256399653852
1790423683.6768327,2.9102730040904135
1790423683.6774976,2.3609710042364895
1790423683.6786926,1.1868370056618005
1790423683.6899312,16.543634003028274
1790423683.6904855,22.261531004915014
1790423683.6905613,8.367705013370141
1790423683.6931984,1.7190580256283283
1790423683.6938298,1.3477989996317774
1790423683.6952863,1.2786729785148054
1790423683.7010214,1.5314829943235964
1790423683.7071047,1.4030530001036823
1790423683.7100632,1.259059994481504
1790423683.7160316,1.4881360111758113
1790423683.7208674,18.896417022915557
1790423683.7209544,23.392879986204207
1790423683.7249892,1.657410990446806
1790423683.7284877,1.5746089920867234
1790423683.7290828,1.4949729957152158
1790423683.735578,1.699969987384975
1790423683.7368152,24.872103007510304
1790423683.7369893,11.013575014658272
1790423683.73754,2.908345981268212
1790423683.7447534,1.8342440016567707
1790423683.7448661,2.412866975646466
1790423683.745307,1.8483599997125566
1790423683.7496486,2.918827027315274
1790423683.7509217,3.3328400168102235
1790423683.7510185,2.175675006583333
1790423683.751072,2.5896920124068856
1790423683.7534838,1.226814987603575
1790423683.7539153,1.1890959867741913
1790423683.7576149,1.0934079764410853
1790423683.7607195,1.170319999800995
1790423683.7640822,1.1850659793708473
1790423683.7663593,1.2000159767922014
1790423683.7695565,1.2756380019709468
1790423683.770728,1.1642920144367963
1790423683.771792,1.0560159862507135
1790423683.7744975,1.0968510177917778
1790423683.7782838,1.5679530042689294
1790423683.7786229,1.4154280070215464
1790423683.7815511,1.1326909880153835
1790423683.7829986,1.141102984547615
1790423683.7850935,1.5213479928206652
1790423683.7854743,1.4224140031728894
1790423683.7901902,1.706505980109796
1790423683.7922752,1.5788009914103895
1790423683.7959714,2.9642879962921143
1790423683.7973847,3.7048560043331236
1790423683.7979436,2.549473982071504
1790423683.7991567,2.313525998033583
1790423683.8016112,1.6895750013645738
1790423683.8159924,26.963645999785513
1790423683.816371,33.288512990111485
1790423683.8172338,22.653594001894817
1790423683.8257627,18.243252008687705
1790423683.8278022,22.996767016593367
1790423683.830684,12.713091011391953
1790423683.8340747,21.725836995756254
1790423683.8400493,20.320201001595706
1790423683.840845,36.57325301901437
1790423683.8415833,33.443159016314894
1790423683.8416612,8.328024996444583
1790423683.8429308,32.006356021156535
1790423683.8447762,39.127996016759425
1790423683.845116,8.569147990783677
1790423683.8453417,24.055902002146468
1790423683.8464909,2.73541099159047
1790423683.8472128,48.57325501507148
1790423683.8472877,16.368002980016172
1790423683.8500972,27.054050005972385
1790423683.8532243,15.558765007881448
1790423683.8666244,54.762446001404896
1790423683.868198,27.23074800451286
1790423683.8718672,29.947584989713505
1790423683.875249,23.242774012032896
1790423683.887848,38.31795701989904
1790423683.887941,65.92555399402045
1790423683.8930993,22.487795999040827
1790423683.8931715,38.79038101877086
1790423683.8932428,28.649788990151137
1790423683.8933337,19.55587198608555
1790423683.8933961,8.147006999934092
1790423683.8971026,15.701235010055825
1790423683.8980331,2.583391993539408
1790423683.9029205,36.10208199825138
1790423683.9076588,64.31553297443315
1790423683.9123878,66.53176600229926
1790423683.9127214,32.08391499356367
1790423683.9153254,24.47494800435379
1790423683.9154844,45.567270019091666
1790423683.9155953,16.63231197744608
1790423683.9158156,50.107229995774105
1790423683.9158838,4.601797001669183
1790423683.9187515,23.972309019882232
1790423683.920677,36.08212500694208
1790423683.9210045,8.271781989606097
1790423683.921103,19.156127993483096
1790423683.9280581,23.590707016410306
1790423683.9284756,9.219227998983115
1790423683.9285712,27.417553996201605
1790423683.930027,66.39719000668265
1790423683.937578,41.4749110059347
1790423683.9376903,48.013973981142044
1790423683.938627,30.564515007426962
1790423683.9387314,17.304958018939942
1790423683.9388058,60.63225699472241
1790423683.9388793,32.714491011574864
1790423683.9463575,1.8388899916317314
1790423683.9471173,1.8067570053972304
1790423683.9515262,2.172420994611457
1790423683.951618,1.8632110150065273
1790423683.9559083,20.206382003379986
1790423683.9563558,9.127366007305682
1790423683.9572074,5.475710990140215
1790423683.9583542,31.6672729968559
1790423683.9588525,3.879238007357344
1790423683.9598145,3.1962920038495213
1790423683.96119,3.2786279916763306
1790423683.9616668,21.118449018104002
1790423683.9622598,14.406886009965092
1790423683.9623477,28.994512016652152
1790423683.962409,2.5754550006240606
1790423683.9639106,10.366139991674572
1790423683.9644444,5.080748989712447
1790423683.9647596,2.1743040124420077
1790423683.9665012,1.349717000266537
1790423683.9679222,1.185184984933585
1790423683.980138,1.3814190169796348
1790423683.9831004,2.0757959864567965
1790423683.9831626,1.6451470146421343
1790423683.9869304,22.94121601153165
1790423683.9872782,10.508520994335413
1790423683.9873369,2.7751159796025604
1790423683.998488,1.1343910009600222
1790423684.0018322,1.554292015498504
1790423684.0028281,1.9832300022244453
1790423684.00422,1.304270001128316
1790423684.0074615,1.4180880098138005
1790423684.0109923,1.3471510028466582
1790423684.0134676,1.228867011377588
1790423684.0147676,1.1964889999944717
1790423684.017717,21.118655015015975
1790423684.0183,15.865905996179208
1790423684.0185986,23.528624005848542
1790423684.0186582,8.444025996141136
1790423684.0238867,1.3768160133622587
1790423684.0298562,3.448010014835745
1790423684.0310597,1.8411219934932888
1790423684.0398314,1.496031996794045
1790423684.046244,17.679614014923573
1790423684.048782,26.717986998846754
1790423684.0489137,20.714151003630832
1790423684.0489829,3.3706520043779165
1790423684.0537214,2.5316079845651984
1790423684.0552988,4.9559200124349445
1790423684.055456,28.10754399979487
1790423684.0562778,2.5453909765928984
1790423684.056435,1.8689020071178675
1790423684.0605273,1.917446992592886
1790423684.065939,1.6460730112157762
1790423684.0745099,11.882857012096792
1790423684.0769305,1.9736239919438958
1790423684.0806534,20.906519988784567
1790423684.0828395,23.765706981066614
1790423684.0857759,18.45250601763837
1790423684.0891812,23.092909017577767
1790423684.089934,12.181560014141724
1790423684.0911264,3.455444995779544
1790423684.0914814,38.80076200584881
1790423684.0917938,3.4865299821831286
1790423684.0933669,14.712015981785953
1790423684.0935879,35.727393988054246
1790423684.0960484,11.755954008549452
1790423684.0967984,34.6733049955219
1790423684.0969079,3.2747979857958853
1790423684.0969782,2.9125760192982852
1790423684.0970342,29.301709990249947
1790423684.1104524,1.834723021602258
1790423684.1105263,2.471776999300346
1790423684.1107664,1.5075079863891006
1790423684.112118,1.1560959974303842
1790423684.1198537,1.2248540006112307
1790423684.1241715,1.3102819793857634
1790423684.1302683,2.085362997604534
1790423684.135991,1.8886610050685704
1790423684.136432,22.226937988307327
1790423684.1365254,21.754704997874796
1790423684.1369574,7.20815101522021
1790423684.1386156,1.648450008360669
1790423684.1389,1.4228950021788478
1790423684.1407013,1.1827940179500729
1790423684.1466815,2.189613995142281
1790423684.146746,2.6106710138265043
1790423684.152818,1.5580850013066083
1790423684.1531112,1.3504890084732324
1790423684.161909,3.0358899966813624
1790423684.162231,2.3117070086300373
1790423684.162437,3.0496789840981364
1790423684.1679363,22.97206100774929
1790423684.1680093,14.202524995198473
1790423684.1684418,8.12406200566329
1790423684.1696844,1.6655010113026947
1790423684.1699703,1.387741998769343
1790423684.1737459,1.344075019005686
1790423684.1746457,1.5665270038880408
1790423684.175238,1.2052219826728106
1790423684.1866713,2.0033879845868796
1790423684.1867454,2.6645729958545417
1790423684.1896763,2.6463340036571026
1790423684.1902392,2.1490810031536967
1790423684.191052,1.9303919980302453
1790423684.1920393,1.7883940017782152
1790423684.2037036,24.35825899010524
1790423684.2041965,7.352179003646597
1790423684.2043042,16.814219998195767
1790423684.2136812,2.4213010037783533
1790423684.2137809,3.1826750200707465
1790423684.2148633,2.57026101462543
1790423684.2317054,22.598975017899647
1790423684.232078,25.66594400559552
1790423684.2325,1.624308992177248
1790423684.2522292,29.817037982866168
1790423684.2523808,18.743834021734074
1790423684.252507,6.833915016613901
1790423684.2535157,3.8025020039640367
1790423684.2547605,15.641842997865751
1790423684.2549112,31.882120994850993
1790423684.2550106,8.849655016092584
1790423684.2582006,1.975841005332768
1790423684.264912,30.700909002916887
1790423684.2658207,18.5397409950383
1790423684.266132,22.015986003680155
1790423684.266208,5.7486970035824925
1790423684.2711482,26.399199006846175
1790423684.2717698,24.25862301606685
1790423684.272176,11.147106997668743
1790423684.2722542,30.521614011377096
1790423684.278296,3.2945169950835407
1790423684.2783957,2.8430790116544813
1790423684.2787173,2.4701310030650347
1790423684.2826035,1.283543009776622
1790423684.2913284,21.729257015977055
1790423684.2918267,1.940457004820928
1790423684.293636,24.69756902428344
1790423684.2937157,16.419064020738006
1790423684.2956123,1.4947080053389072
1790423684.2979753,1.5566540241707116
1790423684.31082,1.5112390101421624
1790423684.3206139,2.021954976953566
1790423684.321031,1.299540017498657
1790423684.3331964,1.7525430012028664
1790423684.3375936,1.5405539888888597
1790423684.3422992,8.256760978838429
1790423684.3425338,23.29128998098895
1790423684.3436234,22.3277369805146
1790423684.3438973,8.432469010585919
1790423684.343981,2.593511017039418
1790423684.3485944,1.4174309908412397
1790423684.351403,1.287908002268523
1790423684.3586078,2.2332979715429246
1790423684.3594503,2.2545350075233728
1790423684.3598166,1.6402219771407545
1790423684.3639631,1.4969070034567267
1790423684.3653238,1.2707630230579525
1790423684.367739,25.950299022952095
1790423684.3681319,6.304612004896626
1790423684.3685696,2.7099919971078634
1790423684.3686414,14.380840992089361
1790423684.3692455,1.834867987781763
1790423684.3790855,2.488429978257045
1790423684.3793995,1.9482790085021406
1790423684.379471,2.432569017400965
1790423684.383854,1.5665149840060622
1790423684.3858943,1.3611990143544972
1790423684.3875017,1.4918939850758761
1790423684.392149,1.5707359998486936
1790423684.3961387,3.3010320039466023
1790423684.3973503,1.9727390026673675
1790423684.3989868,1.480526989325881
1790423684.4001296,26.53179899789393
1790423684.400365,19.67195700854063
1790423684.4007173,28.415427019353956
1790423684.4012978,7.8271070087794214
1790423684.4013836,13.871966977603734
1790423684.4035695,2.058726007817313
1790423684.4043856,1.4022649847902358
1790423684.407824,2.4453790101688355
1790423684.4168258,14.647850999608636
1790423684.417024,22.61115299188532
1790423684.4171674,28.325057006441057
1790423684.4172478,27.858163986820728
1790423684.4234464,1.6276919923257083
1790423684.4391558,13.379201001953334
1790423684.4400663,32.69517602166161
1790423684.4402761,24.847919994499534
1790423684.4465969,2.1996289724484086
1790423684.4552314,41.142208996461704
1790423684.4554207,27.65307799563743
1790423684.4558458,10.468419000972062
1790423684.4564908,2.8586859989445657
1790423684.4576292,34.17007499956526
1790423684.4596477,1.5653130249120295
1790423684.4631906,27.899515989702195
1790423684.464087,31.26295399852097
1790423684.4642613,14.160924998577684
1790423684.4646142,4.7203330032061785
1790423684.468125,62.244506989372894
1790423684.4685845,29.417167010251433
1790423684.4686928,32.48865398927592
1790423684.4694843,17.494136991444975
1790423684.4695628,4.630493000149727
1790423684.4754326,1.370371988741681
1790423684.482737,1.5727390127722174
1790423684.4861524,1.4264140045270324
1790423684.48999,18.86178200948052
1790423684.4909966,24.289663997478783
1790423684.491622,2.977959025884047
1790423684.492515,1.419620995875448
1790423684.4941216,1.303003984503448
1790423684.4955356,1.4033530023880303
1790423684.4984462,1.8680180073715746
1790423684.498616,2.490429993486032
1790423684.4992757,1.9663269922602922
1790423684.4999316,1.3052279828116298
1790423684.5045395,1.5648129920009524
1790423684.5054612,1.630585000384599
1790423684.5061042,1.4137609978206456
1790423684.5076108,1.2000139977317303
1790423684.5142717,1.2371350021567196
1790423684.5179415,1.1696889996528625
1790423684.5193603,1.2604540097527206
1790423684.524138,1.3072419969830662
1790423684.5328608,20.536748983431607
1790423684.5329554,17.10984398960136
1790423684.5349507,1.2684020039159805
1790423684.541469,1.7680960008874536
1790423684.5419233,1.6004179778974503
1790423684.5444121,1.1522599961608648
1790423684.5467122,1.4819640200585127
1790423684.547046,1.3860790058970451
1790423684.5487032,1.2369340111035854
1790423684.549672,1.7376900068484247
1790423684.5501266,1.1267059890087694
1790423684.5547256,1.3703500153496861
1790423684.5577395,1.2816539965569973
1790423684.563491,1.4473680057562888
1790423684.5764387,2.1825970034115016
1790423684.581517,25.742039986653253
1790423684.5816069,6.122026010416448
1790423684.5880702,1.5703029930591583
1790423684.5924008,26.220844010822475
1790423684.5924788,15.403891011374071
1790423684.5939643,1.3845780049450696
1790423684.595907,1.597146998392418
1790423684.6122656,1.501496008131653
1790423684.61452,1.3187639997340739
1790423684.6173837,2.7098669961560518
1790423684.6182413,1.797384989913553
1790423684.6284857,10.902666981564835
1790423684.6285963,22.981088986853138
1790423684.6286833,15.951197012327611
1790423684.6419513,18.442483007675037
1790423684.6420183,26.03401298983954
1790423684.6436331,1.3523040106520057
1790423684.6483195,12.989031005417928
1790423684.6484349,24.120058020344004
1790423684.6499913,3.270674991654232
1790423684.6525676,3.6005760193802416
1790423684.6649268,27.237962989602238
1790423684.6661131,29.244670004118234
1790423684.6664512,16.448630020022392
1790423684.66693,4.662120976718143
1790423684.669121,18.117063998943195
1790423684.6738033,1.790403010090813
1790423684.6753175,17.3050930025056
1790423684.679785,12.843484990298748
1790423684.680473,34.466269018594176
1790423684.6805532,6.610292010009289
1790423684.6827166,33.26227099751122
1790423684.6828032,15.325617016060278
1790423684.68684,25.31756297685206
1790423684.6869648,18.86946300510317
1790423684.6870472,31.93341099540703
1790423684.701362,2.4743940157350153
1790423684.7014306,2.6260159793309867
1790423684.7137375,3.632398002082482
1790423684.7138157,3.207446017768234
1790423684.7138782,2.7507439954206347
1790423684.7160037,27.949898998485878
1790423684.716088,16.20332698803395
1790423684.7170873,2.086212974973023
1790423684.7197642,1.2610519770532846
1790423684.7223885,1.5067440108396113
1790423684.7229595,1.3330410001799464
1790423684.7378306,21.449127001687884
1790423684.7390587,8.37090698769316
1790423684.739166,27.647159004118294
1790423684.7452295,2.220093010691926
1790423684.749417,10.84333099424839
1790423684.7495193,23.74132099794224
1790423684.75211,18.96988699445501
1790423684.752806,28.650684980675578
1790423684.7528896,8.7646099855192
1790423684.7534106,3.3463859872426838
1790423684.7552102,1.3939529890194535
1790423684.7571068,1.4297610032372177
1790423684.7623672,1.4001659874338657
1790423684.7666414,26.563024992356077
1790423684.7670724,3.7136759783606976
1790423684.7671726,15.679732983699068
1790423684.7675014,2.95742999878712
1790423684.7675855,28.125926008215174
1790423684.775522,1.452197990147397
1790423684.7828887,1.7109189939219505
1790423684.7833657,1.6639129898976535
1790423684.7905655,1.3313170056790113
1790423684.7928922,1.3213559868745506
1790423684.7956274,1.6133089957293123
1790423684.8043666,2.696988987736404
1790423684.8053339,2.600874984636903
1790423684.8089495,20.197795995045453
1790423684.8091934,14.423340006032959
1790423684.8093243,31.165445980150253
1790423684.8094451,6.102747021941468
1790423684.8098,2.893115975894034
1790423684.8116698,1.6626779979560524
1790423684.8152633,1.3275899982545525
1790423684.8248487,26.431403995957226
1790423684.8249428,33.831931999884546
1790423684.8251524,3.513509000185877
1790423684.825221,19.149060011841357
1790423684.82561,8.964770997408777
1790423684.8256938,3.353292995598167
1790423684.8259747,2.643968997290358
1790423684.8276129,1.1596439871937037
1790423684.8353379,1.2929650256410241
1790423684.8381271,2.5469179963693023
1790423684.8384566,2.4604059872217476
1790423684.8385193,1.4472750190179795
1790423684.8439498,1.305888989008963
1790423684.852084,1.7854709876701236
1790423684.8523695,1.565047015901655
1790423684.8590806,1.486688997829333
1790423684.8655667,1.4827889972366393
1790423684.8694336,1.6376769926864654
1790423684.8727603,2.191278006648645
1790423684.8732572,26.65113497641869
1790423684.8736193,12.511431996244937
1790423684.873686,2.5863049959298223
1790423684.8755674,1.5494909894187003
1790423684.8869035,2.1489850187208503
1790423684.8876083,1.5124290075618774
1790423684.8911488,1.585119985975325
1790423684.8917227,1.2726380082312971
1790423684.893412,1.4622409944422543
1790423684.893718,1.3601639948319644
1790423684.8950336,1.1081149859819561
1790423684.8976138,1.1981300194747746
1790423684.9021,1.7057179939001799
1790423684.9023206,1.3900699850637466
1790423684.9039097,1.1759540066123009
1790423684.9104207,1.9375959818717092
1790423684.9113555,1.4136729878373444
1790423684.9134758,1.2579539907164872
1790423684.9174979,1.8325159908272326
1790423684.91788,1.5652870060876012
1790423684.9217303,1.4650110097136348
1790423684.939447,21.03342200280167
1790423684.94149,1.4574349916074425
1790423684.9445407,1.9963019876740873
1790423684.9448147,1.5053660026751459
1790423684.9490192,1.8853350193239748
1790423684.9496355,1.360030990326777
1790423684.9549887,1.2792109919246286
1790423684.9612055,2.477536996593699
1790423684.9612792,2.9883849783800542
1790423684.9615347,1.8772029725369066
1790423684.9664333,1.4836730260867625
1790423684.9696057,1.2623340007849038
1790423684.9729793,1.1756780149880797
1790423684.9743686,1.1737839959096164
1790423684.9759023,1.5132469998206943
1790423684.9763582,1.4955189835745841
1790423684.9938872,1.9208960002288222
1790423685.003925,3.354501008288935
1790423685.0047457,17.262063978705555
1790423685.0097547,32.375328009948134
1790423685.0104861,14.240431017242372
1790423685.0125034,25.58704899274744
1790423685.0125797,35.984256013762206
1790423685.0126812,19.735104986466467
1790423685.013862,2.1068790229037404
1790423685.0145729,23.20813201367855
1790423685.0227573,25.17084399005398
1790423685.023441,9.566025983076543
1790423685.0235374,34.22540801693685
1790423685.0269318,25.621695996960625
1790423685.0334396,13.176350999856368
1790423685.0336213,31.002105009974912
1790423685.0436292,18.28570300131105
1790423685.0454042,18.032407999271527
1790423685.0518377,23.43267301330343
1790423685.0544555,33.48555599222891
1790423685.0545661,15.943608013913035
1790423685.054706,44.936748017789796
1790423685.0552316,20.207539986586198
1790423685.0558646,12.21867700223811
1790423685.0559745,38.718093011993915
1790423685.056124,10.38897701073438
1790423685.0562053,23.73755699954927
1790423685.056324,5.676569999195635
1790423685.0614066,36.925653024809435
1790423685.0622303,2.637272991705686
1790423685.0626152,21.13405699492432
1790423685.0627408,15.719507995527238
1790423685.0642333,1.324261975241825
1790423685.0696666,35.20357300294563
1790423685.075497,49.570859991945326
1790423685.0758927,11.547473986865953
1790423685.0760295,33.73251500306651
1790423685.0761175,26.456599996890873
1790423685.080624,1.5502079913858324
1790423685.086974,22.074164997320622
1790423685.090164,11.992954008746892
1790423685.093791,8.770626009209082
1790423685.0938723,32.45470899855718
1790423685.094877,21.797852008603513
1790423685.095715,28.70775799965486
1790423685.0958123,6.691957998555154
1790423685.102969,1.6635089996270835
1790423685.1054232,13.802971021505073
1790423685.1054914,27.84448501188308
1790423685.109433,1.8469970091246068
1790423685.109802,1.5972279943525791
1790423685.1170406,1.7929199966602027
1790423685.117179,20.6453800201416
1790423685.117939,29.69324798323214
1790423685.118069,5.89365599444136
1790423685.1220713,2.975752984639257
1790423685.122944,1.8567510123830289
1790423685.1335583,18.88675201917067
1790423685.134188,2.101877995301038
1790423685.1364,1.5731700113974512
1790423685.137227,1.7869409930426627
1790423685.1378157,26.986499986378476
1790423685.1386607,18.453914992278442
1790423685.1393104,5.110818019602448
1790423685.1393938,25.223049015039578
1790423685.1397622,20.050785009516403
1790423685.1401997,7.570314017357305
1790423685.140563,2.6842610095627606
1790423685.1406379,30.788334988756105
1790423685.144394,1.315742003498599
1790423685.148164,1.3308199995663017
1790423685.1573331,2.914723998401314
1790423685.1585677,1.804778992664069
1790423685.1586268,3.000713011715561
1790423685.1647453,1.5023949963506311
1790423685.1733036,13.38572200620547
1790423685.174236,26.791986980242655
1790423685.1744223,8.037395018618554
1790423685.1826577,22.185618989169598
1790423685.191258,29.63495798758231
1790423685.1933572,38.352503994246945
1790423685.1935441,15.059830009704456
1790423685.198256,39.39280202030204
1790423685.1983507,11.018605990102515
1790423685.2048979,5.087060999358073
1790423685.2050064,34.23960201325826
1790423685.2111,38.67499201442115
1790423685.2112186,10.478765005245805
1790423685.2118564,2.505072014173493
1790423685.2147174,1.9608110014814883
1790423685.2252862,40.14990499126725
1790423685.2253847,23.239567002747208
1790423685.2260418,4.929722985252738
1790423685.2313719,28.554919990710914
1790423685.2334957,45.263563020853326
1790423685.2340999,6.677158002275974
1790423685.2352626,9.199513006024063
1790423685.235344,7.34300899785012
1790423685.2357113,6.869765988085419
1790423685.2366903,5.30445299227722
1790423685.2368262,2.716486982535571
1790423685.2378254,1.6726150061003864
1790423685.240936,1.4130559866316617
1790423685.2500927,1.5648080152459443
1790423685.2545989,22.19038998009637
1790423685.2552414,25.303440022980794
1790423685.2553053,8.93709299270995
1790423685.2645524,2.745847014011815
1790423685.2646198,2.242268994450569
1790423685.2688947,1.4875729975756258
1790423685.2693908,1.432135992217809
1790423685.275894,12.927776988362893
1790423685.27597,24.944145989138633
1790423685.2785387,1.5433260123245418
1790423685.2800333,23.92045099986717
1790423685.2803805,27.958702004980296
1790423685.2804756,15.168229991104454
1790423685.282502,1.874356996268034
1790423685.2831476,1.504663989180699
1790423685.2938735,1.8493800016585737
1790423685.29422,1.632083993172273
1790423685.317391,25.883141992380843
1790423685.3175235,17.740234994562343
1790423685.3189788,7.938353985082358
1790423685.319446,33.97264299564995
1790423685.3214636,17.611984978429973
1790423685.324839,37.373853992903605
1790423685.3253725,23.894126992672682
1790423685.3256476,18.291429994860664
1790423685.3259125,11.412054009269923
1790423685.3279312,23.09967699693516
1790423685.3285282,26.370801992015913
1790423685.3292718,34.36352399876341
1790423685.3304157,19.843855989165604
1790423685.3305812,14.79452700004913
1790423685.3313224,35.969604999991134
1790423685.332917,4.972135997377336
1790423685.333045,5.704334995243698
1790423685.3331072,16.516930976649746
1790423685.346153,22.557359014172107
1790423685.3472013,33.37543801171705
1790423685.347365,13.131599989719689
1790423685.3475146,34.44373799720779
1790423685.3479838,1.8194050062447786
1790423685.3483658,3.666775010060519
1790423685.3559792,30.056624993449077
1790423685.3561263,20.646265998948365
1790423685.3571174,35.05734499776736
1790423685.357188,8.810230006929487
1790423685.360763,4.317891027312726
1790423685.360958,5.957396002486348
1790423685.3632803,24.129433993948624
1790423685.3641648,2.529765013605356
1790423685.364802,27.909766999073327
1790423685.3651204,7.6914709934499115
1790423685.3652496,15.547766000963748
1790423685.3653338,3.251459012972191
1790423685.3784528,17.48357299948111
1790423685.378606,28.22051601833664
1790423685.380752,21.599212021101266
1790423685.381209,32.09116798825562
1790423685.3812978,15.844166016904637
1790423685.3888595,2.168396982597187
1790423685.3894515,23.40427800663747
1790423685.3895583,31.663635978475213
1790423685.3904665,2.1350689930841327
1790423685.3997622,26.482800021767616
1790423685.399853,27.774426998803392
1790423685.4000056,20.593360997736454
1790423685.4001582,10.46734899864532
1790423685.4002695,29.69475300051272
1790423685.4003549,8.675294986460358
1790423685.4156547,1.4401740045286715
1790423685.4171424,19.448564999038354
1790423685.4172337,23.574908002046868
1790423685.417688,1.2809099862352014
1790423685.4220438,1.267176994588226
1790423685.4235892,1.3057829928584397
1790423685.4241817,1.2766470026690513
1790423685.426515,1.6647290030959994
1790423685.4274306,1.7413519963156432
1790423685.4291584,1.2043469760101289
1790423685.449743,23.056778009049594
1790423685.4501367,2.3983340070117265
1790423685.4502084,14.903547009453177
1790423685.4519594,1.3916059979237616
1790423685.457437,19.01934199850075
1790423685.4575393,25.68562899250537
1790423685.4586375,1.6875150031410158
1790423685.458896,24.045072990702465
1790423685.4589546,11.797934013884515
1790423685.4720063,2.7227230020798743
1790423685.4720974,2.2506429813802242
1790423685.472373,1.6465910011902452
1790423685.4804623,1.3115010224282742
1790423685.4812467,1.400298991939053
1790423685.4825075,1.1602710001170635
1790423685.4830463,1.2396849924698472
1790423685.4843059,1.0498100018594414
1790423685.4893062,1.4572649961337447
1790423685.4895375,1.2192110007163137
1790423685.4933586,1.6057470056694
1790423685.4939878,1.3193500053603202
1790423685.4959865,1.2894269893877208
1790423685.5006535,1.5461599978152663
1790423685.5038114,2.2980270150583237
1790423685.5038738,1.8319390073884279
1790423685.5060267,2.0134340156801045
1790423685.5066285,1.6067200049292296
1790423685.5158942,2.1872459910809994
1790423685.515986,2.6665899786166847
1790423685.5168622,2.2016130096744746
1790423685.5188873,1.4094520010985434
1790423685.5198357,1.6200770041905344
1790423685.5204797,1.3998250069562346
1790423685.528356,3.082856012042612
1790423685.534527,1.757697988068685
1790423685.5523608,1.6294119996018708
1790423685.5544293,28.035464987624437
1790423685.5555756,34.29711901117116
1790423685.5560198,15.131554013350978
1790423685.5560853,3.2657820265740156
1790423685.55771,30.558353988453746
1790423685.5594847,33.78184902248904
1790423685.5596848,12.004101008642465
1790423685.5597868,6.071934010833502
1790423685.562547,30.527241004165262
1790423685.562971,12.857741006882861
1790423685.5630805,35.41220098850317
1790423685.5677984,1.5059929864946753
1790423685.574867,1.522448001196608
1790423685.5792627,1.7132160137407482
1790423685.5819368,1.7657889984548092
1790423685.5820215,11.97335499455221
1790423685.586505,28.38301597512327
1790423685.5867155,3.6650999973062426
1790423685.5875254,2.3628660128451884
1790423685.5894787,2.752291999058798
1790423685.591912,3.396732994588092
1790423685.592354,2.8671939799096435
1790423685.593309,4.40526899183169
1790423685.5946128,2.6902400131803006
1790423685.5951188,2.3617270053364336
1790423685.5954285,1.7753909924067557
1790423685.6005812,1.589227991644293
1790423685.6009846,1.5378570242319256
1790423685.6086037,1.9050810078624636
1790423685.6212165,24.731968995183706
1790423685.6225939,31.649721990106627
1790423685.6228096,5.043103010393679
1790423685.624653,4.013522004242986
1790423685.624755,3.5244699975010008
1790423685.6248195,2.8581119840964675
1790423685.6280603,1.5740969975013286
1790423685.6308868,1.826824009185657
1790423685.6311617,1.543890975881368
1790423685.634929,1.3302610022947192
1790423685.6431396,17.261397995753214
1790423685.6432211,24.854012008290738
1790423685.6439834,12.388955015921965
1790423685.6440792,28.458101995056495
1790423685.6456835,1.3166989956516773
1790423685.6495602,1.7532059864606708
1790423685.6567633,21.412575006252155
1790423685.659769,1.6591559979133308
1790423685.6615808,1.7903810075949878
1790423685.6709242,1.6314370150212198
1790423685.6747177,26.308019005227834
1790423685.6748192,14.422220003325492
1790423685.6756248,1.7186260083690286
1790423685.6772418,1.6067970136646181
1790423685.6788654,1.3616829819511622
1790423685.6816819,1.7852399905677885
1790423685.682892,1.9272529752925038
1790423685.6831212,25.543497991748154
1790423685.6834714,15.816877014003694
1790423685.6835306,7.3684100061655045
1790423685.6860187,1.162705011665821
1790423685.7049747,1.7167269834317267
1790423685.708131,1.6026269877329469
1790423685.7096803,14.64474102249369
1790423685.7100935,22.791301016695797
1790423685.7151895,5.028979008784518
1790423685.7167144,5.743685993365943
1790423685.716833,30.666603008285165
1790423685.7169008,5.236366996541619
1790423685.7169588,30.081018980126828
1790423685.7172627,3.5327460209373385
1790423685.717327,5.082695017335936
1790423685.7189546,1.5297970094252378
1790423685.7348793,1.7655770061537623
1790423685.7367854,1.8008729966823012
1790423685.7425337,29.833116015652195
1790423685.7428968,2.672023023478687
1790423685.7429886,18.040978000499308
1790423685.7510324,19.919190992368385
1790423685.7514532,29.16510499198921
1790423685.7515407,6.266518001211807
1790423685.752551,2.700808021472767
1790423685.7531612,1.3717399851884693
1790423685.7559223,2.2899979958310723
1790423685.7566037,2.0988539909012616
1790423685.7572827,1.9731279753614217
1790423685.7578716,1.258840988157317
1790423685.7605374,2.3330170079134405
1790423685.760658,1.8015670066233724
1790423685.7727604,1.7559360130690038
1790423685.7732363,1.7485609860159457
1790423685.7762334,2.063533989712596
1790423685.7852678,23.745585000142455
1790423685.7857022,6.275421008467674
1790423685.7858322,26.118612004211172
1790423685.7926486,1.5914159885141999
1790423685.7962801,1.5567499794997275
1790423685.7987728,11.355206981534138
1790423685.798857,23.42446899274364
1790423685.806107,1.4119740226306021
1790423685.8078046,1.3491430145222694
1790423685.810925,1.4136969984974712
1790423685.8116841,1.3376860006246716
1790423685.8148825,1.6272909997496754
1790423685.8178158,1.6228970198426396
1790423685.8183591,2.661238017026335
1790423685.818648,1.9102869846392423
1790423685.8226497,1.2882350129075348
1790423685.8248532,17.038837977452204
1790423685.82535,22.656774992356077
1790423685.8258061,12.129082984756678
1790423685.825879,5.031684006098658
1790423685.8275366,1.454328012187034
1790423685.8301997,1.5304279804695398
1790423685.8306649,1.5087699866853654
1790423685.8347414,1.3705140154343098
1790423685.847723,1.9430069951340556
1790423685.8486507,1.8336480134166777
1790423685.8508842,1.5214170271065086
1790423685.861818,11.606371001107618
1790423685.8619127,22.19984299154021
1790423685.87743,26.322029996663332
1790423685.877684,20.353269996121526
1790423685.8872108,11.35401101782918
1790423685.8873014,28.47495998139493
1790423685.890105,2.0889599982183427
1790423685.89096,1.688577001914382
1790423685.893337,13.717653986532241
1790423685.8939593,30.648367013782263
1790423685.8940217,2.4087399942800403
1790423685.898278,1.5112200053408742
1790423685.8988616,14.463027007877827
1790423685.902308,1.642657007323578
1790423685.9085872,12.435643991921097
1790423685.9086876,26.88960899831727
1790423685.9110756,1.4259539893828332
1790423685.9131646,1.4301479968708009
1790423685.9140894,1.5732569736428559
1790423685.9168234,1.5252419980242848
1790423685.918393,1.2662619992624968
1790423685.9246056,1.5108659863471985
1790423685.9378417,2.1918860147707164
1790423685.9379604,21.986052015563473
1790423685.9380176,14.1330560145434
1790423685.9409935,1.564114005304873
1790423685.9441466,2.629949012771249
1790423685.9684017,37.18387600383721
1790423685.9685123,29.58731699618511
1790423685.9776855,34.97238300042227
1790423685.977915,21.93850898765959
1790423685.979774,35.24103100062348
1790423685.9799294,24.538070982089266
1790423685.9805903,22.326495993183926
1790423685.9807324,3.8344160129781812
1790423685.9817822,3.173514996888116
1790423685.983934,41.915176989277825
1790423685.9886396,57.878755003912374
1790423685.9912636,37.482066021766514
1790423685.992276,9.09947999753058
1790423685.9923766,32.99124201294035
1790423685.9938042,5.758899002103135
1790423686.0001092,26.058403018396348
1790423686.0059001,43.380759976571426
1790423686.017645,26.295049989130348
1790423686.0186121,32.59918498224579
1790423686.0247858,28.764012997271493
1790423686.0251896,33.3811659947969
1790423686.0252976,11.053638998419046
1790423686.0254765,21.650501003023237
1790423686.0263288,39.604563993634656
1790423686.0268345,9.179451008094475
1790423686.0273757,39.96527098934166
1790423686.028002,20.61124099418521
1790423686.0284607,37.60198602685705
1790423686.0288858,27.972790994681418
1790423686.0301902,40.99489300278947
1790423686.0304651,14.877901994623244
1790423686.0314932,34.726966987363994
1790423686.0317264,16.75298498594202
1790423686.0318377,26.878770993789658
1790423686.0319078,12.885314994491637
1790423686.0319874,9.657524002250284
1790423686.0353818,33.53016800247133
1790423686.0356083,40.33120701205917
1790423686.035859,23.75613700132817
1790423686.037626,12.137360026827082
1790423686.039018,21.967323002172634
1790423686.0402973,2.049905975582078
1790423686.0507133,18.28951801871881
1790423686.0512593,3.5586319863796234
1790423686.0622022,26.330879976740107
1790423686.062908,19.77574999909848
1790423686.0635362,27.06151900929399
1790423686.0636916,10.126122971996665
1790423686.0641904,24.971906008431688
1790423686.0642662,35.0090489955619
1790423686.065551,21.115373994689435
1790423686.0663745,9.367420978378505
1790423686.0664499,32.43583400035277
1790423686.0680125,18.836058996384963
1790423686.0683265,48.27527899760753
1790423686.08337,24.847463006153703
1790423686.087864,36.23009999864735
1790423686.0880237,24.321492994204164
1790423686.0892465,2.129686006810516
1790423686.0937872,21.833110018633306
1790423686.09393,29.454397998051718
1790423686.098847,48.30969500471838
1790423686.0997436,1.6100030043162405
1790423686.102358,25.57441100361757
1790423686.102504,27.672212017932907
1790423686.1041234,2.8551570139825344
1790423686.1052303,1.5670199936721474
1790423686.108274,1.4490559988189489
1790423686.1116085,3.324704011902213
1790423686.111761,32.0680050062947
1790423686.111825,35.845908016199246
1790423686.1119485,9.29962401278317
1790423686.1127942,2.564471011282876
1790423686.121878,1.6318599809892476
1790423686.1225708,1.431948010576889
1790423686.1271708,1.7622000013943762
1790423686.129042,1.734760997351259
1790423686.1437771,13.300643011461943
1790423686.1439445,21.364682004787028
1790423686.1444268,31.476746982662007
1790423686.1445148,35.68119500414468
1790423686.1451235,2.429492014925927
1790423686.1503737,25.473416986642405
1790423686.1504772,8.979392994660884
1790423686.1505387,33.454210992204025
1790423686.1506827,36.47054097382352
1790423686.1507504,3.998252999735996
1790423686.1518505,2.5774009991437197
1790423686.1521602,4.224261996569112
1790423686.1524782,1.4695080171804875
1790423686.1597536,1.439543004380539
1790423686.1609406,1.856227987445891
1790423686.1616342,1.4993590011727065
1790423686.1701949,1.3365779886953533
1790423686.1736152,11.152438004501164
1790423686.1736698,20.44006501091644
1790423686.1757941,1.541058998554945
1790423686.1821015,1.9699450058396906
1790423686.1831768,1.8917949928436428
1790423686.203445,16.11451798817143
1790423686.215183,22.416257008444518
1790423686.2155528,38.14436198445037
1790423686.2182314,20.419875014340505
1790423686.2186024,10.140310012502596
1790423686.218754,31.87975299078971
1790423686.2202055,45.51624599844217
1790423686.2203186,3.7308479950297624
1790423686.220419,25.396684010047466
1790423686.2216132,35.40639401762746
1790423686.2219646,14.495579001959413
1790423686.2221007,8.175156021025032
1790423686.2271888,1.695373997790739
1790423686.229869,1.5815049991942942
1790423686.2300217,27.793725981609896
1790423686.2335584,23.926912021124735
1790423686.2338526,29.764587990939617
1790423686.2345626,46.06249899370596
1790423686.2346513,12.271641026018187
1790423686.2356222,39.18787601287477
1790423686.235921,22.584261983865872
1790423686.2362094,12.761521007632837
1790423686.2411978,1.3427349913399667
1790423686.243058,1.3149119913578033
1790423686.249943,1.4082109846640378
1790423686.2505445,1.4227600186131895
1790423686.272933,29.86467198934406
1790423686.27338,34.3651500006672
1790423686.2734687,26.02687501348555
1790423686.2836318,31.969350995495915
1790423686.285041,27.349317009793594
1790423686.292061,12.348765012575313
1790423686.2921593,24.24940897617489
1790423686.2922602,37.67432301538065
1790423686.2943966,38.19751797709614
1790423686.2954247,38.30117400502786
1790423686.29953,36.575504986103624
1790423686.3000312,54.50948100769892
1790423686.3014169,32.10796302300878
1790423686.3019176,41.21776999090798
1790423686.3024848,15.469189995201305
1790423686.3031976,39.30533700622618
1790423686.3034363,42.134765011724085
1790423686.3043501,3.2785009825602174
1790423686.304448,34.45819500484504
1790423686.3057032,17.613839998375624
1790423686.3057973,4.369894973933697
1790423686.312117,60.97656997735612
1790423686.3139627,22.451218974310905
1790423686.318579,53.04563499521464
1790423686.3189878,54.30186499143019
1790423686.3193414,47.53853700822219
1790423686.3202791,11.797483020927757
1790423686.320373,31.545982987154275
1790423686.3213646,4.438877018401399
1790423686.329425,18.302162003237754
1790423686.3307793,40.479193994542584
1790423686.3309708,10.490466986084357
1790423686.3320565,1.9082019862253219
1790423686.3378124,1.7428759892936796
1790423686.339679,27.301682013785467
1790423686.339808,14.077271014684811
1790423686.340361,7.980106980539858
1790423686.3405209,35.39425600320101
1790423686.341693,3.867532010190189
1790423686.341768,26.23383398167789
1790423686.3422422,14.852956985123456
1790423686.342354,9.389894985361025
1790423686.34244,34.51111298636533
1790423686.346329,1.4341259957291186
1790423686.3514924,1.521149999462068
1790423686.3541644,26.080181007273495
1790423686.3544114,20.188023016089574
1790423686.3546667,30.478061002213508
1790423686.3549523,5.926480982452631
1790423686.362896,1.5376000083051622
1790423686.3635032,1.3950709835626185
1790423686.3776307,21.61355799762532
1790423686.3800492,1.5866680187173188
1790423686.3850415,1.9303769804537296
1790423686.3898253,23.19822201388888
1790423686.3899467,6.376227975124493
1790423686.3931005,1.3925110106356442
1790423686.3947408,1.4434659969992936
1790423686.4006944,1.544607017422095
1790423686.4079337,17.468190984800458
1790423686.4086986,5.155200022272766
1790423686.4088275,27.351332013495266
1790423686.4099717,2.0269399974495173
1790423686.4134028,2.171622996684164
1790423686.4146328,2.093999006319791
1790423686.4187891,1.7792400030884892
1790423686.4194825,1.545996987260878
1790423686.4249938,19.127731007756665
1790423686.4251177,27.51201798673719
1790423686.4251983,10.556324996287003
1790423686.4273179,1.398208987666294
1790423686.4299297,1.243781007360667
1790423686.4335487,18.29768600873649
1790423686.43421,25.17581998836249
1790423686.4343276,1.572551002027467
1790423686.434381,6.181476986967027
1790423686.443733,1.264966995222494
1790423686.4453712,1.502497005276382
1790423686.446108,1.7748299869708717
1790423686.448028,1.1992619838565588
1790423686.4498243,1.5109030064195395
1790423686.4501822,1.4106479939073324
1790423686.4584885,1.2888599885627627
1790423686.4602664,1.3932230067439377
1790423686.4625237,1.458598009776324
1790423686.4703386,24.63271500892006
1790423686.470429,19.921609986340627
1790423686.4709425,6.981868005823344
1790423686.480058,1.7659830045886338
1790423686.4846845,19.48403098504059
1790423686.4860482,5.975721986033022
1790423686.486118,26.53157399618067
1790423686.4895334,1.442560023861006
1790423686.4913404,20.253941998817027
1790423686.49173,6.6574969969224185
1790423686.4918015,27.257177978754044
1790423686.4930599,21.117433992912993
1790423686.4937966,28.03641400532797
1790423686.4938593,6.2719220004510134
1790423686.4971356,1.3961439835838974
1790423686.498731,1.2407379981596023
1790423686.5038788,1.9653530034702271
1790423686.5046666,2.316171012353152
1790423686.5052557,2.379457000643015
1790423686.5081477,3.3252660068683326
1790423686.5087788,3.1410120136570185
1790423686.5090406,2.8809460054617375
1790423686.5091686,1.8588789971545339
1790423686.5104904,1.3152039900887758
1790423686.5215015,1.55698400340043
1790423686.5241804,1.286262006033212
1790423686.5394707,17.334183998173103
1790423686.5400167,3.228588990168646
1790423686.541124,26.424222014611587
1790423686.5413554,3.47207099548541
1790423686.5480409,1.641759998165071
1790423686.5526268,13.147304009180516
1790423686.5531795,2.6472820027265698
1790423686.553842,25.331435026600957
1790423686.5543888,2.722664998145774
1790423686.5584912,27.28433199808933
1790423686.5586455,28.1440679973457
1790423686.5587237,18.44392900238745
1790423686.5616887,2.1396800002548844
1790423686.5641146,2.2757149999961257
1790423686.5650446,2.175272995373234
1790423686.5650988,1.3931449793744832
1790423686.5730965,1.8840210104826838
1790423686.5735402,1.741070009302348
1790423686.5792763,1.4157149998936802
1790423686.5856054,25.49706699210219
1790423686.5858011,15.03400702495128
1790423686.5862484,25.602131994673982
1790423686.587456,2.6091279869433492
1790423686.5884311,1.438986015273258
1790423686.589897,1.3372800021898001
1790423686.5913892,1.350563979940489
1790423686.6010213,2.2895809961482882
1790423686.6021614,2.5455430150032043
1790423686.6033404,2.8272960043977946
1790423686.6105015,1.7859239887911826
1790423686.6109667,25.15346699510701
1790423686.6127226,30.77993798069656
1790423686.6130176,10.17775500076823
1790423686.613229,22.661642025923356
1790423686.6137743,2.5517950125504285
1790423686.6217923,2.8086530219297856
1790423686.6221642,2.696850016945973
1790423686.629074,24.69969101366587
1790423686.6338801,28.58087801723741
1790423686.6342661,17.653973016422242
1790423686.6343617,30.867823981679976
1790423686.63555,21.243322000373155
1790423686.638434,1.846216997364536
1790423686.6471078,27.034716011257842
1790423686.6646814,38.54999601026066
1790423686.6673236,23.194437992060557
1790423686.668356,67.19381400034763
1790423686.6691058,40.74082200531848
1790423686.6691768,30.684821016620845
1790423686.6694565,13.467340992065147
1790423686.6703143,19.788581994362175
1790423686.6704645,16.02228099363856
1790423686.6705422,4.304212983697653
1790423686.6706274,33.34235498914495
1790423686.6706903,5.496550002135336
1790423686.6872437,66.11707201227546
1790423686.6916928,36.61305800778791
1790423686.6971302,21.559662010986358
1790423686.6984384,11.735534004401416
1790423686.6992474,36.49222498643212
1790423686.7009993,28.17110897740349
1790423686.7011368,55.02213799627498
1790423686.7076309,26.630068983649835
1790423686.7099643,27.994261996354908
1790423686.7109396,33.930531004443765
1790423686.7110817,15.703803015640005
1790423686.711426,7.427995005855337
1790423686.7174768,32.99567601061426
1790423686.7176967,20.44527098769322
1790423686.7188551,45.26434000581503
1790423686.7219887,2.228129014838487
1790423686.727991,25.657883990788832
1790423686.728616,36.7807770089712
1790423686.728741,29.94603500701487
1790423686.7291021,15.0287079741247
1790423686.729195,34.7589360026177
1790423686.729264,11.053980008000508
1790423686.7294652,39.90663497825153
1790423686.73022,7.369769009528682
1790423686.7303176,11.247604008531198
1790423686.7310307,9.637651994125918
1790423686.7320297,38.86712700477801
1790423686.7326686,9.69300902215764
1790423686.732806,6.165161990793422
1790423686.7335231,2.4819990212563425
1790423686.7380388,1.8834570073522627
1790423686.7530847,28.520947991637513
1790423686.7542186,32.11387401097454
1790423686.7543647,3.0974539986345917
1790423686.7617505,24.872670008335263
1790423686.7618396,7.181442022556439
1790423686.7654014,12.30641797883436
1790423686.7655585,29.949854011647403
1790423686.7687964,4.8264820070471615
1790423686.7698534,5.001810000976548
1790423686.7700772,4.369625996332616
1790423686.7748306,2.137756993761286
1790423686.7751737,1.7820660141296685
1790423686.7777715,28.49970100214705
1790423686.7779467,21.354101016186178
1790423686.7788675,12.104711990104988
1790423686.778998,3.377077984623611
1790423686.7864285,1.636787987081334
1790423686.7925775,1.6197030199691653
1790423686.7944126,25.00036099809222
1790423686.794563,28.359554999042302
1790423686.7946475,14.713115990161896
1790423686.7978709,1.4259759918786585
1790423686.8033535,1.3858950114808977
1790423686.8041396,23.373614996671677
1790423686.8053982,6.362775980960578
1790423686.805753,27.745183993829414
1790423686.8074017,2.444226003717631
1790423686.8075452,3.535602008923888
1790423686.8079872,1.6695300000719726
1790423686.8170993,1.7393740126863122
1790423686.8208342,1.5815449878573418
1790423686.8303268,1.4651249803137034
1790423686.834054,20.330914994701743
1790423686.8352106,26.60858497256413
1790423686.835311,4.838425986235961
1790423686.838442,1.426236005499959
1790423686.8416855,1.354606996756047
1790423686.84365,1.2304910051170737
1790423686.8535829,17.42557398392819
1790423686.8541594,26.34314398164861
1790423686.8542392,7.585637999000028
1790423686.8568451,1.662194001255557
1790423686.8607876,1.591653999639675
1790423686.8640006,1.3629499881062657
1790423686.873248,24.060719995759428
1790423686.8735695,2.9229409992694855
1790423686.873659,23.81470601540059
1790423686.876923,1.5161000192165375
1790423686.8784394,1.4284209755714983
1790423686.8844926,1.661485992372036
1790423686.8935404,1.3189509918447584
1790423686.895474,1.3919420016463846
1790423686.89948,1.9097460026387125
1790423686.9028,1.8545410130172968
1790423686.9075701,1.682044006884098
1790423686.927632,11.83610301814042
1790423686.9348416,17.393980990163982
1790423686.935047,33.181445993250236
1790423686.9388185,4.904783010715619
1790423686.939556,38.109667977551
1790423686.9410462,15.538329986156896
1790423686.9418533,30.814283003564924
1790423686.9422264,2.4670840066391975
1790423686.946981,48.373137979069725
1790423686.953551,39.91232698899694
1790423686.9681194,30.075268005020916
1790423686.9687376,20.698378997622058
1790423686.9694886,31.32016898598522
1790423686.9695988,10.179325996432453
1790423686.9697797,27.10865598055534
1790423686.9743054,17.62494698050432
1790423686.9749765,4.9796809908002615
1790423686.9755087,28.461064997827634
1790423686.9757519,4.49390200083144
1790423686.9763515,61.991972994292155
1790423686.9764493,39.88802499952726
1790423686.9812155,51.14586898707785
1790423686.9839995,33.241338009247556
1790423686.9857152,13.833466975484043
1790423686.9859526,3.4577449841890484
1790423686.9860978,21.996029012370855
1790423686.9862382,36.218232999090105
1790423686.9903374,1.7456460045650601
1790423686.9916275,39.34077298617922
1790423687.0003943,34.17084802640602
1790423687.0004945,23.201013973448426
1790423687.0006628,11.183875001734123
1790423687.001068,49.52563199913129
1790423687.0016522,2.9376809834502637
1790423687.003729,22.050621977541596
1790423687.0076144,33.11557599226944
1790423687.0078669,17.02545300940983
1790423687.008203,3.6100189900025725
1790423687.0129318,2.812863007420674
1790423687.013545,8.72562502627261
1790423687.0136516,21.329159993911162
1790423687.0137339,29.548855003667995
1790423687.0164092,1.7638819990679622
1790423687.0227494,13.170402002288029
1790423687.0253382,27.87872398039326
1790423687.0256898,20.3920129861217
1790423687.0270667,5.354435998015106
1790423687.0272038,34.22417602268979
1790423687.0279052,1.4373419980984181
1790423687.031483,1.3902059872634709
1790423687.0348477,1.2838199909310788
1790423687.037633,26.722974987933412
1790423687.0395088,4.004988993983716
1790423687.039589,15.84131401614286
1790423687.0400565,2.266506024170667
1790423687.040756,1.847634994192049
1790423687.040808,2.5721800047904253
1790423687.0443108,1.688689982984215
1790423687.053834,1.4863279939163476
1790423687.0651307,2.54627299727872
1790423687.0654795,20.20861499477178
1790423687.066236,21.403110993560404
1790423687.06661,23.522056988440454
1790423687.0666857,3.4424299956299365
1790423687.0682287,24.613997986307368
1790423687.0683086,4.283370013581589
1790423687.072619,1.270084991119802
1790423687.0743425,1.152907992945984
1790423687.0790968,1.4288399834185839
1790423687.0887656,1.377776003209874
1790423687.100416,2.279582986375317
1790423687.1011894,1.7204740142915398
1790423687.1035326,1.5579000173602253
1790423687.1118665,2.4827589804772288
1790423687.1134915,16.038027999456972
1790423687.1147926,8.652389020426199
1790423687.114865,2.987601008499041
1790423687.115003,26.98600900475867
1790423687.1166754,2.433524001389742
1790423687.1192052,1.3981520023662597
1790423687.1217966,13.067797000985593
1790423687.1324332,1.8021800206042826
1790423687.1350102,2.247157011879608
1790423687.139963,29.929277021437883
1790423687.1400402,23.922368010971695
1790423687.1447194,2.49127100687474
1790423687.158495,2.9072570032440126
1790423687.1599123,14.880586008075625
1790423687.1601722,28.965768025955185
1790423687.1607258,3.0239619954954833
1790423687.1639807,12.115326011553407
1790423687.1684012,2.159469004254788
1790423687.1749668,30.704211996635422
1790423687.1755064,11.689328995998949
1790423687.1756217,3.406140021979809
1790423687.178033,27.388815011363477
1790423687.1782904,18.878222006605938
1790423687.1786664,35.01660699839704
1790423687.1789894,11.963116005063057
1790423687.1879287,23.468489001970738
1790423687.1891534,2.0763929933309555
1790423687.1892183,2.6657400012481958
1790423687.2013283,19.894614000804722
1790423687.2016141,3.155678015900776
1790423687.2018585,10.537884023506194
1790423687.2020285,36.93590700277127
1790423687.2027383,2.829328994266689
1790423687.2054956,13.1534629908856
1790423687.205583,29.804563004290685
1790423687.2057152,23.38355901883915
1790423687.2091868,1.5833849902264774
1790423687.2114792,1.4384129899553955
1790423687.2151077,1.5735259803477675
1790423687.2162247,20.528097986243665
1790423687.2164285,26.03162798914127
1790423687.216721,7.525394990807399
1790423687.2183223,3.205224988050759
1790423687.219014,2.154117013560608
1790423687.2222261,2.427697996608913
1790423687.222855,1.7361280042678118
1790423687.232824,2.4388780002482235
1790423687.240169,26.01390701602213
1790423687.241646,24.653621017932892
1790423687.243373,7.05053101410158
1790423687.2434688,12.067172006936744
1790423687.2452478,8.336238999618217
1790423687.2454135,2.9188210028223693
1790423687.2526367,20.37073898827657
1790423687.2535076,15.777098014950752
1790423687.2536812,8.855792024405673
1790423687.2537603,30.28736897977069
1790423687.257873,12.136813020333648
1790423687.2580547,24.69663499505259
1790423687.2583377,19.058131001656875
1790423687.2584412,29.253501998027787
1790423687.2654047,1.9799259898718446
1790423687.2654934,24.354847002541646
1790423687.2689655,28.781211003661156
1790423687.2696843,5.40191400796175
1790423687.269763,12.92875298531726
1790423687.274619,26.82783899945207
1790423687.2747166,13.441638002404943
1790423687.2750413,3.2452039886265993
1790423687.2773411,1.8035490065813065
1790423687.2774055,2.3549600155092776
1790423687.2813876,19.38424797845073
1790423687.2815099,3.081637987634167
1790423687.2854083,1.4546320016961545
1790423687.2882628,1.6195829957723618
1790423687.2912786,30.592091992730275
1790423687.2920225,18.362497998168692
1790423687.292112,13.06690601631999
1790423687.3049984,24.143090995494276
1790423687.3053029,25.128740002401173
1790423687.3171086,27.41727401735261
1790423687.3182392,2.214583975728601
1790423687.3205016,3.1825559854041785
1790423687.3205843,29.15690199006349
1790423687.3250098,1.6146409907378256
1790423687.3273346,30.23053499055095
1790423687.3281362,9.778748004464433
1790423687.3285007,20.52043701405637
1790423687.3288686,3.845872008241713
1790423687.3295503,3.8684419996570796
1790423687.3340535,20.226110005751252
1790423687.336644,3.518632991472259
1790423687.3374236,4.98678901931271
1790423687.338438,1.7839919892139733
1790423687.3401623,1.361115020699799
1790423687.344094,23.42990000033751
1790423687.34623,35.791648988379166
1790423687.346365,11.123610980575904
1790423687.3466096,19.215207983506843
1790423687.3472683,4.936101991916075
1790423687.347841,2.7953420067206025
1790423687.3484907,16.99683500919491
1790423687.3503375,1.8333650077693164
1790423687.3537276,1.900555973406881
1790423687.3575456,1.9077179895248264
1790423687.3652847,29.17772700311616
1790423687.3658037,4.940668004564941
1790423687.367314,5.6646279990673065
1790423687.3674505,35.41193201090209
1790423687.367642,23.533289990155026
1790423687.3679018,12.92487102909945
1790423687.3684752,4.323334986111149
1790423687.3740995,1.6926300013437867
1790423687.3770518,2.161157986847684
1790423687.3888743,23.574780992930755
1790423687.393808,2.0066159777343273
1790423687.3983097,35.56930102058686
1790423687.399183,4.414620983880013
1790423687.3992796,8.997319993795827
1790423687.4001021,4.563490016153082
1790423687.401367,30.06998199271038
1790423687.4017634,33.209025976248085
1790423687.4019578,10.782998986542225
1790423687.4026365,3.1394809775520116
1790423687.4097862,1.6927110264077783
1790423687.4172552,1.7524810100439936
1790423687.4178762,1.6054839943535626
1790423687.4250255,1.8298659997526556
1790423687.4257503,19.014110992429778
1790423687.4279294,30.49702098360285
1790423687.428076,5.7476169895380735
1790423687.4291992,2.9731399845331907
1790423687.4292572,2.317912003491074
1790423687.4315107,1.4109090261626989
1790423687.4346604,1.7474610067438334
1790423687.439794,3.7323000142350793
1790423687.4409978,4.106759006390348
1790423687.4427652,2.3556280066259205
1790423687.4441423,2.386708016274497
1790423687.4652574,30.489198019495234
1790423687.4655101,31.630885001504794
1790423687.467776,8.539100992493331
1790423687.4692945,25.13684899895452
1790423687.4695082,31.813556008273736
1790423687.4700563,34.58756601321511
1790423687.4702866,23.026037000818178
1790423687.4707463,10.19610499497503
1790423687.4722064,32.93521999148652
1790423687.473161,5.370176018914208
1790423687.4763374,31.588785990606993
1790423687.4767404,25.148014014121145
1790423687.477179,8.708773006219417
1790423687.4772713,15.802750014699996
1790423687.4845905,1.9001250038854778
1790423687.4856892,33.04416997707449
1790423687.487196,36.67391900671646
1790423687.4889908,17.881732987007126
1790423687.4894736,23.267128999577835
1790423687.4919786,1.8659229972399771
1790423687.4936793,26.528407994192094
1790423687.5022495,21.57936099683866
1790423687.5033674,40.45013600261882
1790423687.503475,9.67477899393998
1790423687.5046928,2.4268609995488077
1790423687.508179,2.049403003184125
1790423687.5115013,29.587902972707525
1790423687.511689,37.30083498521708
1790423687.5118036,17.16963399667293
1790423687.515224,1.8210300186183304
1790423687.5177495,30.114611028693616
1790423687.5178201,17.24106099572964
1790423687.5221167,2.1573059784714133
1790423687.5221894,1.6718950064387172
1790423687.5283184,1.694601000053808
1790423687.533037,1.6572870081290603
1790423687.5411446,2.5318429979961365
1790423687.557094,2.054564014542848
1790423687.5641422,19.760277005843818
1790423687.5644908,7.385659991996363
1790423687.5645728,27.410023991251364
1790423687.5667374,9.228376002283767
1790423687.5668328,19.884740002453327
1790423687.566968,27.642846980597824
1790423687.5761623,17.355218005832285
1790423687.5763264,25.40794698870741
1790423687.5763922,24.13120199344121
1790423687.5793319,1.3916520110797137
1790423687.5876865,1.767418987583369
1790423687.5912304,25.79755798797123
1790423687.5913603,20.00115200644359
1790423687.5945938,11.94369001314044
1790423687.5953705,1.5345349966082722
1790423687.6099184,28.661157004535198
1790423687.6101048,12.475669995183125
1790423687.6102095,5.033958004787564
1790423687.6120965,11.102301999926567
1790423687.6127434,30.624106992036104
1790423687.6128476,6.051709991879761
1790423687.6194594,1.9750889914575964
1790423687.620664,2.1109349909238517
1790423687.6300328,27.508405997650698
1790423687.6306367,19.635114003904164
1790423687.6312227,31.671776989242062
1790423687.6312895,5.530743976123631
1790423687.6322188,27.73102599894628
1790423687.6325588,30.876831006025895
1790423687.6330435,18.535192008130252
1790423687.6338024,6.687385000986978
1790423687.63467,1.6165220004040748
1790423687.6376135,1.5400529955513775
1790423687.641122,1.5524800110142678
1790423687.646386,1.5071900270413607
1790423687.6528594,2.255105006042868
1790423687.6533637,2.238717017462477
1790423687.653449,2.203300013206899
1790423687.6626089,1.5078670112416148
1790423687.66542,1.5574429999105632
1790423687.6669574,20.238430006429553
1790423687.667035,26.73584400326945
1790423687.6675591,9.79894699412398
1790423687.669819,1.5385060105472803
1790423687.671948,1.453876990126446
1790423687.6800854,2.1276259794831276
1790423687.6807463,1.6053350118454546
1790423687.6811156,22.26034499472007
1790423687.6816573,12.714543991023675
1790423687.6817424,24.590755987446755
1790423687.6847177,1.368658005958423
1790423687.688561,1.9281560089439154
1790423687.6892278,1.4723250060342252
1790423687.690973,1.7356750031467527
1790423687.6912405,1.571956992847845
1790423687.6954618,2.802864008117467
1790423687.6956952,3.1374729878734797
1790423687.6972518,2.4550870002713054
1790423687.6976058,1.7178790003526956
1790423687.7007542,2.2620570089202374
1790423687.7011092,1.7426490085199475
1790423687.7013848,1.2991900148335844
1790423687.7126918,1.6062149952631444
1790423687.7164087,1.8061820010188967
1790423687.718658,22.071938001317903
1790423687.7199442,25.974044983740896
1790423687.7201428,4.645031003747135
1790423687.7203915,17.259965010453016
1790423687.7208798,3.302019991679117
1790423687.7211595,2.0426260016392916
1790423687.7269874,4.841082991333678
1790423687.7276442,2.9879449866712093
1790423687.7279422,2.429007989121601
1790423687.7298393,19.368472014321014
1790423687.7304082,26.492027012864128
1790423687.73097,14.321355003630742
1790423687.7317457,2.8138289926573634
1790423687.7318406,9.15333497687243
1790423687.7360985,12.18675498967059
1790423687.7396636,1.4166519977152348
1790423687.7417498,1.4357049949467182
1790423687.7464275,1.4722089981660247
1790423687.74924,1.7925210122484714
1790423687.7504797,14.184532017679885
1790423687.7526016,5.671974999131635
1790423687.7532742,29.973419004818425
1790423687.7551377,5.885805003345013
1790423687.7560394,5.5462130112573504
1790423687.7569935,5.416061991127208
1790423687.7575734,3.1959869957063347
1790423687.7594395,4.289898002753034
1790423687.759646,2.6422189839649945
1790423687.7604775,2.439347008476034
1790423687.7610462,1.2161339982412755
1790423687.763646,1.6866140067577362
1790423687.7736437,1.8524609913583845
1790423687.7759821,1.648741017561406
1790423687.7817311,29.62658499018289
1790423687.784031,21.506652992684394
1790423687.784316,33.437449019402266
1790423687.7844868,26.902782992692664
1790423687.7851174,2.523428003769368
1790423687.7912383,23.15791102591902
1790423687.7916985,30.45480602304451
1790423687.7917857,8.690396003657952
1790423687.8006322,1.6087779949884862
1790423687.8027823,30.153758998494595
1790423687.8028872,17.53420801833272
1790423687.8049676,1.4235540002118796
1790423687.8101532,17.903292988194153
1790423687.810239,29.333438986213878
1790423687.814393,1.827691012294963
1790423687.8152325,1.590575004229322
1790423687.828842,23.817742010578513
1790423687.8289244,14.363402995513752
1790423687.832024,7.943389005959034
1790423687.8321466,2.083411003695801
1790423687.8328614,1.7084010178223252
1790423687.8351963,2.0004079851787537
1790423687.835522,1.3862820051144809
1790423687.8369749,1.3444159994833171
1790423687.8417816,1.6898930189199746
1790423687.8490515,15.41564500075765
1790423687.8494911,8.634091005660594
1790423687.8498187,25.175632996251807
1790423687.8539045,1.3378589937929064
1790423687.857274,1.5190489939413965
1790423687.8621984,1.756245008436963
1790423687.864029,1.735922007355839
1790423687.866142,19.19676599209197
1790423687.8662283,29.967039998155087
1790423687.8670685,8.200476004276425
1790423687.867174,18.111123994458467
1790423687.8679469,30.5287649971433
1790423687.8685858,3.437628998653963
1790423687.8686733,2.6970670151058584
1790423687.868753,9.254768025130033
1790423687.8731174,2.1752110042143613
1790423687.8731747,1.7726260120980442
1790423687.8751876,1.2678309867624193
1790423687.8774326,1.2213489972054958
1790423687.879178,1.1731020058505237
1790423687.8861804,1.4526599843520671
1790423687.8880723,1.2993029959034175
1790423687.8911085,2.562460023909807
1790423687.8917139,1.6091589932329953
1790423687.899205,1.4950579789001495
1790423687.9035335,13.991546002216637
1790423687.904625,26.077413000166416
1790423687.9047885,2.86614999640733
1790423687.9061663,3.1141910003498197
1790423687.9072945,1.6566090052947402
1790423687.9107091,1.3864150096196681
1790423687.9136548,1.3634809874929488
1790423687.9186456,15.101866010809317
1790423687.9194038,3.9381659880746156
1790423687.919551,27.786588005255908
1790423687.9208314,2.004921989282593
1790423687.9211795,1.5019130078144372
1790423687.922998,1.2224210076965392
1790423687.9247255,1.163775013992563
1790423687.929926,1.2459970021154732
1790423687.9318767,1.491061004344374
1790423687.933927,1.4788949920330197
1790423687.9418085,1.4242620090954006
1790423687.9434774,1.5519089938607067
1790423687.9442701,1.6115450125653297
1790423687.948182,21.969925990561023
1790423687.9483051,2.632708987221122
1790423687.9502964,1.6041100025177002
1790423687.9547045,19.978631986305118
1790423687.9549625,10.681338026188314
1790423687.955117,29.882543021813035
1790423687.9635143,1.6807870124466717
1790423687.9765909,7.6588200172409415
1790423687.9791741,31.625155999790877
1790423687.9811435,30.795310012763366
1790423687.9818013,12.37132798996754
1790423687.9822454,22.951257997192442
1790423687.9823906,8.395167998969555
1790423687.9824474,29.181364021496847
1790423687.9877906,1.4382920053321868
1790423687.990792,2.1946549823042005
1790423687.9911032,1.9561229855753481
1790423687.9981215,19.46348400088027
1790423687.9985538,30.31136901699938
1790423687.998633,2.1697140182368457
1790423687.9987118,4.837221000343561
1790423688.00117,1.2702299864031374
1790423688.0143478,1.5965519996825606
1790423688.0180836,1.396646985085681
1790423688.0191255,20.28509700903669
1790423688.0205421,2.119992015650496
1790423688.0444858,19.384752988116816
1790423688.0445898,24.4445750140585
1790423688.051514,27.816295012598857
1790423688.0516143,17.096744006266817
1790423688.0516825,1.9222550035919994
1790423688.054678,1.5156340086832643
1790423688.0550864,1.4474669878836721
1790423688.0628045,22.20863997354172
1790423688.0629284,27.123362000565976
1790423688.063426,3.1764669984113425
1790423688.0692294,1.313582994043827
1790423688.0758362,1.280548021895811
1790423688.0774415,1.2493990070652217
1790423688.079062,1.1408629943616688
1790423688.0978022,2.2533849987667054
1790423688.0995843,1.7686020000837743
1790423688.1054547,15.241304994560778
1790423688.105536,26.317526993807405
1790423688.1070704,1.4340300112962723
1790423688.119673,33.69828299037181
1790423688.1202714,27.213666995521635
1790423688.1211805,4.368599998997524
1790423688.122285,2.0025019766762853
1790423688.1242108,1.6490880225319415
1790423688.131466,34.20189500320703
1790423688.1322868,6.599985994398594
1790423688.1323564,14.877708978019655
1790423688.137185,2.966406987980008
1790423688.13801,2.3355769808404148
1790423688.1460614,27.359116007573903
1790423688.1467469,20.30179402208887
1790423688.1477995,36.949394998373464
1790423688.1479337,9.172883001156151
1790423688.157903,15.30610298505053
1790423688.1580594,29.93622701615095
1790423688.1581683,33.46055300789885
1790423688.1621664,1.4894420164637268
1790423688.1668653,22.207691974472255
1790423688.1685243,3.2758449960965663
1790423688.1687088,33.63793599419296
1790423688.1743948,7.3813820199575275
1790423688.1744556,2.960414974950254
1790423688.1745265,25.1334730128292
1790423688.1747072,35.410538024734706
1790423688.175596,1.6368009964935482
1790423688.1796365,23.459869989892468
1790423688.180086,33.27493299730122
1790423688.1802025,3.2340999750886112
1790423688.1802738,10.961407009745017
1790423688.1832497,1.631402992643416
1790423688.1840856,1.958385983016342
1790423688.185058,1.429408002877608
1790423688.192641,3.0960559961386025
1790423688.1933167,3.06078398716636
1790423688.1937692,23.782395001035184
1790423688.1939228,30.8049570012372
1790423688.194623,16.779911995399743
1790423688.194738,10.515314002986997
1790423688.1948292,3.990665980381891
1790423688.2002547,1.5899460122454911
1790423688.2009652,1.6536230104975402
1790423688.2051198,1.688916003331542
1790423688.2066307,1.4851799933239818
1790423688.2074854,1.555254013510421
1790423688.2123244,23.888853000244126
1790423688.2124598,23.413659015204757
1790423688.2128773,21.051732008345425
1790423688.212963,9.028530010255054
1790423688.2182972,1.4304470096249133
1790423688.2210052,1.4853379980195314
1790423688.2291813,21.55298402067274
1790423688.2295542,9.547556983307004
1790423688.2463343,2.409331005765125
1790423688.2493763,17.016661004163325
1790423688.2503872,17.068221990484744
1790423688.2537482,2.1687170083168894
1790423688.2538228,25.5612549954094
1790423688.264121,27.312603022437543
1790423688.2650955,30.64353999798186
1790423688.2660825,10.734641022281721
1790423688.2673173,1.7139590054284781
1790423688.2703297,1.4232599933166057
1790423688.2735054,11.682084004860371
1790423688.2773378,52.45164598454721
1790423688.2784424,4.215960012516007
1790423688.2785096,27.530763996765018
1790423688.281892,1.8385109724476933
1790423688.2828457,1.6851869877427816
1790423688.2831903,38.709295011358336
1790423688.2871695,22.615848982241005
1790423688.287406,10.741737991338596
1790423688.2874951,32.70165098365396
1790423688.2927608,1.4747230161447078
1790423688.2974048,1.783293002517894
1790423688.2989652,1.371421996736899
1790423688.305038,1.3467850221786648
1790423688.309592,23.70079097454436
1790423688.3096511,13.117845985107124
1790423688.3167481,1.8304180121049285
1790423688.3174326,1.4446690038312227
1790423688.3322139,1.601633004611358
1790423688.3324876,1.4229060034267604
1790423688.3366153,2.205153985414654
1790423688.3371534,1.5798970125615597
1790423688.3416612,1.8152370175812393
1790423688.3418095,21.388945024227723
1790423688.3431513,8.249228994827718
1790423688.3433518,15.788380987942219
1790423688.3444467,2.1230790007393807
1790423688.3445013,1.7265840142499655
1790423688.3465843,1.3431950064841658
1790423688.351714,1.708268013317138
1790423688.352307,1.2459699937608093
1790423688.3539078,1.4450740127358586
1790423688.3542204,1.3338230201043189
1790423688.3575914,1.5134259883780032
1790423688.3647308,1.6864599892869592
1790423688.3811157,26.340984011767432
1790423688.3868608,24.490270006936044
1790423688.391986,18.341962015256286
1790423688.3928816,10.266352008329704
1790423688.393408,35.5706789996475
1790423688.3936028,27.195444010430947
1790423688.3972838,28.520724998088554
1790423688.3979092,20.48339499742724
1790423688.39927,24.7566340258345
1790423688.401246,1.4481529942713678
1790423688.4023182,20.525352010736242
1790423688.4024115,45.555032993434
1790423688.4043713,13.459595007589087
1790423688.4048767,1.9655569922178984
1790423688.4053721,33.65935297915712
1790423688.4105272,38.06485500535928
1790423688.4108932,16.797688993392512
1790423688.41104,2.622655010782182
1790423688.4135902,15.022656007204205
1790423688.4137065,32.57301400299184
1790423688.4148347,4.82907600235194
1790423688.4183438,2.2156769991852343
1790423688.4192436,2.253804006613791
1790423688.4193897,1.6142360109370202
1790423688.422205,1.2297339853830636
1790423688.4280124,1.3654229987878352
1790423688.42928,24.333529028808698
1790423688.4295945,15.620671008946374
1790423688.4296498,10.25264200870879
1790423688.432333,1.7883730179164559
1790423688.4326937,1.533656002720818
1790423688.4330585,1.247440988663584
1790423688.4348516,1.0967929847538471
1790423688.4425573,2.624769986141473
1790423688.4431248,2.3704509949311614
1790423688.443179,1.8023349985014647
1790423688.445551,1.212439005030319
1790423688.4554482,2.8378470160532743
1790423688.457726,3.8699859869666398
1790423688.4580004,2.049728005658835
1790423688.4580543,2.596300997538492
1790423688.460963,1.7259429732803255
1790423688.4622374,1.2657770130317658
1790423688.464673,1.5504909970331937
1790423688.4652636,1.3059769989922643
1790423688.4713967,16.481403989018872
1790423688.4719622,21.773982007289305
1790423688.4720373,11.558414989849553
1790423688.4767225,1.8506929918657988
1790423688.487692,1.5113379922695458
1790423688.4903982,1.2663989909924567
1790423688.4929228,1.1582720035221428
1790423688.4988682,13.228591007646173
1790423688.4993465,21.373199997469783
1790423688.4994278,6.37713901232928
1790423688.518007,1.7179730057250708
1790423688.5227132,1.8480689905118197
1790423688.5312247,2.7182380144950002
1790423688.5335236,1.9943650113418698
1790423688.535365,1.6878479800652713
1790423688.5444126,4.922955005895346
1790423688.5445514,6.378997000865638
1790423688.5448391,3.723550005815923
1790423688.545616,2.073078998364508
1790423688.5496237,2.9382859938777983
1790423688.549832,3.6244539951439947
1790423688.550529,1.982609974220395
1790423688.5698755,1.607267011422664
1790423688.5709436,22.06776398816146
1790423688.5710154,23.46596500137821
1790423688.5748198,1.4664310147054493
1790423688.581499,2.0115879888180643
1790423688.5926108,24.965234013507143
1790423688.5937545,13.612735987408087
1790423688.5953135,28.981148003367707
1790423688.6118727,39.37513800337911
1790423688.6130803,21.828041004482657
1790423688.6174507,13.268984999740496
1790423688.617935,24.320127005921677
1790423688.6199665,43.54659799719229
1790423688.6276252,33.6701599881053
1790423688.6294954,10.45317598618567
1790423688.6300566,15.444677002960816
1790423688.6309233,8.23645299533382
1790423688.631988,14.041375980013981
1790423688.632575,19.3619089841377
1790423688.6327114,24.28626499022357
1790423688.6328123,11.34245001594536
1790423688.6331286,46.12218399415724
1790423688.6334713,2.5369810173287988
1790423688.6336205,4.114734008908272
1790423688.636031,19.36536602443084
1790423688.637163,51.9804049981758
1790423688.640808,45.48032800084911
1790423688.6409998,20.82697898731567
1790423688.6411886,5.783509986940771
1790423688.6425636,18.790024012560025
1790423688.644354,36.74612601753324
1790423688.6451037,24.11696600029245
1790423688.6466656,22.79446501052007
1790423688.6468306,31.49435098748654
1790423688.647779,11.133649997645989
1790423688.6482236,47.320472018327564
1790423688.6487782,11.319993005599827
1790423688.649569,9.828932001255453
1790423688.6496973,7.123638002667576
1790423688.6507466,7.745120994513854
1790423688.6510801,6.715461990097538
1790423688.6514711,3.6834579950664192
1790423688.677931,31.783167010871693
1790423688.6788564,34.99858800205402
1790423688.6789598,39.69137798412703
1790423688.6791677,31.894287996692583
1790423688.6794558,20.622957992600277
1790423688.6797209,21.458925009937957
1790423688.6799052,34.3807440076489
1790423688.6803257,27.22402199287899
1790423688.680442,3.578364005079493
1790423688.6848264,27.933745994232595
1790423688.6849136,15.330229012761265
1790423688.6882136,1.5680079814046621
1790423688.688851,1.4722869964316487
1790423688.6926072,1.3909830013290048
1790423688.6981518,24.803459004033357
1790423688.6982572,9.09198701265268
1790423688.6983304,38.68513001361862
1790423688.704186,1.4942380075808614
1790423688.7071133,2.312084019649774
1790423688.7077477,2.134564012521878
1790423688.7119114,1.7837789782788604
1790423688.7156677,1.8821459962055087
1790423688.7236884,2.245049021439627
1790423688.7254987,18.958443019073457
1790423688.7261765,10.246302001178265
1790423688.7262871,29.570226004580036
1790423688.7324896,2.372940012719482
1790423688.7338214,1.9544949755072594
1790423688.7385652,29.12929598824121
1790423688.738684,30.04760801559314
1790423688.738763,20.175594021566212
1790423688.743143,1.8460150167811662
1790423688.755699,4.004123999038711
1790423688.7558625,28.36568802013062
1790423688.7600927,3.7365460011642426
1790423688.7601755,27.306584001053125
1790423688.767031,3.2466030097566545
1790423688.7677722,3.4745610028039664
1790423688.768348,2.0994649967178702
1790423688.7686381,1.5968920197337866
1790423688.7723353,1.4093249919824302
1790423688.784485,1.6416569997090846
1790423688.7868736,2.2769799979869276
1790423688.7902305,2.409726002952084
1790423688.7903109,1.9940280180890113
1790423688.8028917,7.797882019076496
1790423688.803052,17.14522499241866
1790423688.8037694,2.740501979133114
1790423688.8038666,29.301731992745772
1790423688.8052468,28.444473980925977
1790423688.806098,5.271306989016011
1790423688.8063233,24.112327984767035
1790423688.8065352,10.086041991598904
1790423688.806661,19.61623999522999
1790423688.8295326,29.38786899903789
1790423688.839992,45.9532160020899
1790423688.845032,28.015172021696344
1790423688.851302,28.827853995608166
1790423688.8518186,26.1161949892994
1790423688.8519454,16.93541998974979
1790423688.8525205,44.90197999984957
1790423688.8526223,29.370376985752955
1790423688.852805,41.92524400423281
1790423688.8529122,14.950781012885273
1790423688.8541772,49.87576502026059
1790423688.858472,1.9129849970340729
1790423688.8592217,26.89739898778498
1790423688.8617892,15.152362000662833
1790423688.8624227,31.533386994851753
1790423688.8638012,3.8544799899682403
1790423688.8652575,44.61996199097484
1790423688.86701,2.5495160080026835
1790423688.8679357,1.9198039954062551
1790423688.8715773,10.84945400361903
1790423688.8717575,47.26590099744499
1790423688.873308,4.666621010983363
1790423688.8752642,1.7397949995938689
1790423688.8760078,1.7365419771522284
1790423688.8774405,1.4232510002329946
1790423688.8818727,34.20779900625348
1790423688.8821754,39.11893899203278
1790423688.882557,20.755884994287044
1790423688.8833518,10.763436002889648
1790423688.883435,3.2278810103889555
1790423688.890832,2.8460049943532795
1790423688.8933191,2.4656000023242086
1790423688.8994524,5.154934013262391
1790423688.900832,4.970948997652158
1790423688.9010916,6.027582014212385
1790423688.9023697,4.6328569878824055
1790423688.902504,3.0357530049514025
1790423688.9026036,6.909695017384365
1790423688.9330616,22.610948013607413
1790423688.9466422,42.24900098051876
1790423688.952451,23.704738006927073
1790423688.9548118,29.92020401870832
1790423688.9560013,8.577756001614034
1790423688.9569857,18.15510098822415
1790423688.957937,3.074494015891105
1790423688.9581566,37.4143419903703
1790423688.960468,38.69967098580673
1790423688.9633167,25.317249994259328
1790423688.966143,41.96252999827266
1790423688.9687307,20.37068799836561
1790423688.9707518,14.740382001036778
1790423688.9748685,48.19522798061371
1790423688.9802332,63.47568001365289
1790423688.9809167,28.45205899211578
1790423688.981492,24.495468009263277
1790423688.981656,34.81094300514087
1790423688.984509,30.487395997624844
1790423688.9846814,45.25047697825357
1790423688.9858541,25.265164993470535
1790423688.9862285,8.2542969903443
1790423688.9864411,16.356009000446647
1790423688.9865348,19.240500027080998
1790423688.9944868,1.5425559831783175
1790423688.9967353,34.51138798845932
1790423688.9971051,14.392993005458266
1790423688.9976368,26.872890011873096
1790423688.9988418,30.098491988610476
1790423688.9996603,34.308664995478466
1790423688.9999063,16.34269001078792
1790423689.000153,28.192597994348034
1790423689.0007658,2.7610799879767
1790423689.0008264,2.991466986713931
1790423689.0048387,2.3441410157829523
1790423689.0053666,36.49021600722335
1790423689.006627,2.1666779939550906
1790423689.0082245,34.03491899371147
1790423689.008436,80.57314000325277
1790423689.009372,34.37782599939965
1790423689.0099041,20.833229005802423
1790423689.0099947,3.9622799959033728
1790423689.0100691,9.140652022324502
1790423689.0133371,1.3343830069061369
1790423689.014888,13.139521004632115
1790423689.0216615,1.3893010036554188
1790423689.0251226,18.97189099690877
1790423689.02643,24.11623898660764
1790423689.0265114,3.010966000147164
1790423689.030458,18.941414018627256
1790423689.0305429,23.555585008580238
1790423689.033296,1.5685370017308742
1790423689.0341406,1.4663129986729473
1790423689.0399115,1.2065120099578053
1790423689.0419908,2.071683993563056
1790423689.0425553,1.2592540006153286
1790423689.0437555,1.121634995797649
1790423689.0479782,1.340789021924138
1790423689.0487401,1.4481949910987169
1790423689.049313,1.1926190054509789
1790423689.0522015,1.0890660050790757
1790423689.0588017,1.1872829927597195
1790423689.0684884,1.7568339826539159
1790423689.071332,1.6761680017225444
1790423689.0787866,1.6539689968340099
1790423689.0829155,27.756916009820998
1790423689.0830755,11.385669000446796
1790423689.083159,4.095605021575466
1790423689.092621,1.79420699714683
1790423689.096326,22.596167982555926
1790423689.1007028,27.506037993589416
1790423689.102407,34.680499986279756
1790423689.1025307,20.349970000097528
1790423689.1030602,34.20718800043687
1790423689.1031299,9.469456999795511
1790423689.1031983,19.520137982908636
1790423689.1033466,8.863781986292452
1790423689.1042383,4.710998997325078
1790423689.1045358,1.9954849849455059
1790423689.112253,26.666358986403793
1790423689.1143646,19.248073978815228
1790423689.1145945,30.10287298820913
1790423689.1171138,2.2173420002218336
1790423689.119668,26.68988599907607
1790423689.1197426,21.483807009644806
1790423689.1201653,3.992126992670819
1790423689.1231623,1.3784750190097839
1790423689.1270888,1.3145710108801723
1790423689.132104,1.8970269884448498
1790423689.1349769,25.107180001214147
1790423689.1353295,17.17596800881438
1790423689.135392,3.2777590095065534
1790423689.1403916,2.1176190057303756
1790423689.141667,2.1881819993723184
1790423689.1440594,2.3701339960098267
1790423689.1441774,7.685231976211071
1790423689.1495075,1.6241500270552933
1790423689.155999,3.4280630061402917
1790423689.156554,2.795674983644858
1790423689.1566627,4.626300011295825
1790423689.1567209,2.579785999841988
1790423689.1586988,1.28159299492836
1790423689.1621494,19.082765007624403
1790423689.1624255,9.348895982839167
1790423689.1624823,25.437673000851646
1790423689.1637356,2.0354339794721454
1790423689.1650226,1.2788559834007174
1790423689.172979,1.6435659781564027
1790423689.178723,1.8014399975072592
1790423689.183262,20.28354597860016
1790423689.1833885,23.07949200621806
1790423689.1877694,1.366407988825813
1790423689.2020843,13.788198004476726
1790423689.2022147,24.266212014481425
1790423689.2025845,1.8203940126113594
1790423689.2056985,16.51081701857038
1790423689.2077763,25.736417999723926
1790423689.208206,1.6891669947654009
1790423689.2176244,27.004012983525172
1790423689.2177463,27.6308270113077
1790423689.2196608,26.95482299895957
1790423689.219738,22.688858007313684
1790423689.2236164,1.8640299967955798
1790423689.223673,1.9820739980787039
1790423689.2253368,1.4579580165445805
1790423689.2268322,1.4859320071991533
1790423689.2325823,1.2459249992389232
1790423689.234553,1.3169609883334488
1790423689.2438707,1.7709000094328076
1790423689.254014,25.308729003882036
1790423689.254434,18.188949004979804
1790423689.2565863,2.1396309894043952
1790423689.2581503,12.359871005173773
1790423689.2697618,6.69177999952808
1790423689.2698572,14.673789992230013
1790423689.2699952,32.46679200674407
1790423689.2701197,33.309614984318614
1790423689.2702043,27.318049018504098
1790423689.280508,33.96667100605555
1790423689.2817426,3.3332709863316268
1790423689.28192,5.207897018408403
1790423689.2820797,16.31249999627471
1790423689.2829275,5.162316025234759
1790423689.284389,1.4519279939122498
1790423689.2885084,17.494428000645712
1790423689.288668,28.58625800581649
1790423689.2889388,9.653694985900074
1790423689.2914836,1.3018389872740954
1790423689.2949347,1.25510900397785
1790423689.306054,8.81351699354127
1790423689.306154,22.616925998590887
1790423689.3078616,20.528240012936294
1790423689.3083947,23.824111005524173
1790423689.3084652,5.011569999624044
1790423689.3133307,1.2713539763353765
1790423689.3154135,1.2050260265823454
1790423689.3193018,1.2154480209574103
1790423689.3226964,12.683873996138573
1790423689.3235476,1.3805199996568263
1790423689.326623,17.838503001257777
1790423689.3278308,26.169388002017513
1790423689.3279572,4.307272000005469
1790423689.3280284,12.376035010674968
1790423689.3342116,18.076011998346075
1790423689.3354836,25.02783900126815
1790423689.335613,2.407972002401948
1790423689.336129,10.313181992387399
1790423689.3379178,3.061073977733031
1790423689.3385966,1.482216001022607
1790423689.3386729,1.938322006026283
1790423689.346926,1.6137580096255988
1790423689.354756,1.494052994530648
1790423689.3610837,17.66098599182442
1790423689.3631687,27.47931200428866
1790423689.363522,8.284037990961224
1790423689.363593,16.655952989822254
1790423689.3637073,19.832696998491883
1790423689.3664114,26.062051998451352
1790423689.367015,19.000339991180226
1790423689.3673258,7.312636007554829
1790423689.3674173,2.214895997894928
1790423689.3705966,1.4653610123787075
1790423689.3714666,26.925512007437646
1790423689.3746011,31.716390018118545
1790423689.37467,24.604859005194157
1790423689.374798,13.362108991714194
1790423689.3782334,1.3098529889248312
1790423689.380089,1.210902992170304
1790423689.3883023,1.2518430012278259
1790423689.3897152,1.2030439975205809
1790423689.3966272,12.67233700491488
1790423689.3967187,23.440175980795175
1790423689.3967733,1.832287001889199
1790423689.4052324,1.2535840214695781
1790423689.4064543,1.2132840056438
1790423689.4127142,1.1193270038347691
1790423689.4193506,1.3806690112687647
1790423689.4201386,1.5090160013642162
1790423689.4311192,21.213717001955956
1790423689.4311936,8.91699898056686
1790423689.4332113,1.4695709978695959
1790423689.4346569,1.2810190091840923
1790423689.443467,1.3526979892048985
1790423689.4453852,21.91757198306732
1790423689.4461894,25.22870199754834
1790423689.4462786,10.099189006723464
1790423689.4521604,1.4040579844731838
1790423689.4526277,24.533304997021332
1790423689.4533095,26.6161129984539
1790423689.45338,12.480371980927885
1790423689.4552376,1.3369460066314787
1790423689.4556797,1.1465470015536994
1790423689.4671886,1.4048980083316565
1790423689.477296,1.5606039960402995
1790423689.4773898,16.933628008700907
1790423689.4800904,1.4973979850765318
1790423689.4827566,22.78404199751094
1790423689.4891584,3.1110630079638213
1790423689.4930983,1.6239859978668392
1790423689.495103,24.71894701011479
1790423689.495887,9.246459987480193
1790423689.4970222,1.8533419934101403
1790423689.5086582,17.847903014626354
1790423689.516376,29.1744580026716
1790423689.5170999,34.14031199645251
1790423689.5188675,19.053928001085296
1790423689.5230272,25.381050014402717
1790423689.5272565,25.306205003289506
1790423689.532911,16.523324011359364
1790423689.533475,34.36479499214329
1790423689.5359216,47.88091100635938
1790423689.5443203,43.00586599856615
1790423689.5448153,38.87931600911543
1790423689.5490878,43.663527991157025
1790423689.5494695,26.428807992488146
1790423689.551653,33.77003999776207
1790423689.552959,50.20106100710109
1790423689.5534422,29.17765302117914
1790423689.5538852,20.963935006875545
1790423689.5576522,37.078887020470574
1790423689.5577414,27.795582020189613
1790423689.560866,67.00648501282558
1790423689.561809,53.80022301687859
1790423689.5623052,47.99127299338579
1790423689.5625095,40.50012998050079
1790423689.5631676,52.16223900788464
1790423689.568602,34.53601899673231
1790423689.5726829,40.05513101583347
1790423689.584517,17.7188319794368
1790423689.5857031,54.72762099816464
1790423689.5862522,31.57320700120181
1790423689.587007,48.16605700762011
1790423689.5890393,67.74037799914367
1790423689.5908947,48.24999297852628
1790423689.5912156,47.59305200423114
1790423689.5916498,30.39427599287592
1790423689.5920308,20.368811005027965
1790423689.5926726,3.5786969820037484
1790423689.5949962,27.487415994983166
1790423689.5951083,55.39973400300369
1790423689.5989227,47.25713701918721
1790423689.5990982,63.8567789865192
1790423689.6003315,58.44492500182241
1790423689.6053128,49.32590899989009
1790423689.6072485,41.181227017659694
1790423689.6077054,54.732012999011204
1790423689.6123064,27.777456998592243
1790423689.612798,37.208544003078714
1790423689.6158051,30.091007007285953
1790423689.6165185,32.53337397472933
1790423689.6176453,21.528487995965406
1790423689.6177459,11.57583700842224
1790423689.6180115,24.568442022427917
1790423689.6185982,17.177703004563227
1790423689.6231236,32.834537007147446
1790423689.6232088,12.057983985869214
1790423689.6255744,39.11013400647789
1790423689.6262417,28.418408997822553
1790423689.6263397,16.554291010834277
1790423689.6311295,1.5595910081174225
1790423689.6329324,29.52161800931208
1790423689.6332493,33.77650698530488
1790423689.633323,16.156821977347136
1790423689.6353843,1.5840770211070776
1790423689.647569,11.671607004245743
1790423689.648053,28.322547004790977
1790423689.648163,21.017174003645778
1790423689.6487296,1.7700660100672394
1790423689.6503203,1.431658980436623
1790423689.6557806,27.364765002857894
1790423689.6565452,20.039773982716724
1790423689.6566594,7.132030004868284
1790423689.6567523,29.031985002802685
1790423689.6579533,15.661751007428393
1790423689.6633484,1.404450013069436
1790423689.663767,1.2196259922347963
1790423689.6668544,14.117937011178583
1790423689.6670182,25.9151550126262
1790423689.6681206,2.696034003747627
1790423689.6689484,2.94752701302059
1790423689.6696017,2.738103998126462
1790423689.6696517,2.08276099874638
1790423689.6705725,1.3347759959287941
1790423689.674627,1.229386980412528
1790423689.6804268,1.2536870199255645
1790423689.6827261,1.3139389920979738
1790423689.6891026,1.5113420085981488
1790423689.6931713,22.55368701298721
1790423689.693727,15.678672993090004
1790423689.6938415,2.3671139788348228
1790423689.696492,1.7633710231166333
1790423689.697286,1.2623799848370254
1790423689.6988728,1.481050014263019
1790423689.6991243,1.2751479807775468
1790423689.7026777,1.1498650128487498
1790423689.7062523,1.130232005380094
1790423689.70964,1.1475880164653063
1790423689.7113562,1.708949013845995
1790423689.7252479,1.5629429835826159
1790423689.7299774,1.4645449991803616
1790423689.7317977,21.199461014475673
1790423689.7335818,23.510889004683122
1790423689.7374616,25.15384301659651
1790423689.737545,22.48655099538155
1790423689.7399387,1.4265920035541058
1790423689.7486432,1.6926829994190484
1790423689.7508397,1.4530569897033274
1790423689.7556198,2.307799004483968
1790423689.7557251,1.7505849828012288
1790423689.7562587,1.8041599832940847
1790423689.761691,1.9741129945032299
1790423689.7628076,2.12801800807938
1790423689.7635968,1.737076003337279
1790423689.7805731,21.955378993880004
1790423689.7807965,15.644712024368346
1790423689.7809014,23.972939990926534
1790423689.7999458,7.20074400305748
1790423689.8002555,30.322641017846763
1790423689.8004131,24.45866700145416
1790423689.8008525,3.0035650124773383
1790423689.8053546,34.79406802216545
1790423689.809262,27.601012989180163
1790423689.8099022,15.404347010189667
1790423689.8099918,36.37014501146041
1790423689.8102713,5.86569998995401
1790423689.8107834,45.16869701910764
1790423689.8114662,24.446608003927395
1790423689.8127067,27.712098002666607
1790423689.813181,7.582350983284414
1790423689.813257,18.125782982679084
1790423689.8158422,24.59264299250208
1790423689.8275323,30.416718014748767
1790423689.8276072,20.82303399220109
1790423689.8279772,38.61645798315294
1790423689.835059,32.81395699013956
1790423689.8351579,10.438171011628583
1790423689.8391623,8.332847006386146
1790423689.8392713,27.685869979904965
1790423689.8436801,1.2517959985416383
1790423689.8468404,1.2776920048054308
1790423689.8494792,9.69312500092201
1790423689.8495393,23.79418900818564
1790423689.8631182,1.5329440066125244
1790423689.8639698,1.5478769782930613
1790423689.8651695,20.90756400139071
1790423689.8672614,1.2337369844317436
1790423689.8801706,1.3439749891404063
1790423689.883991,1.2438320263754576
1790423689.888708,1.1931399931199849
1790423689.8930109,20.229871006449685
1790423689.893079,18.979960004799068
1790423689.8994896,1.2069140211679041
1790423689.9014232,1.3601240061689168
1790423689.9020643,1.3327550259418786
1790423689.9065354,1.2562769989017397
1790423689.908668,1.185379980597645
1790423689.9179707,1.299120980547741
1790423689.9225667,19.913883006665856
1790423689.9226606,11.626396997598931
1790423689.922968,1.4378199994098395
1790423689.9314153,1.5864500019233674
1790423689.9373293,1.5895679825916886
1790423689.9388654,20.774672011611983
1790423689.9404473,1.5162990021053702
1790423689.9503314,1.4869039878249168
1790423689.9628296,19.012718985322863
1790423689.9633365,29.35185399837792
1790423689.9634135,10.984299005940557
1790423689.96602,19.94014097726904
1790423689.9661987,11.24025700846687
1790423689.9662826,29.925245995400473
1790423689.9709063,2.662686019903049
1790423689.9713,2.4801289837341756
1790423689.9734764,25.398765021236613
1790423689.9738684,32.21705599571578
1790423689.9743404,15.17289099865593
1790423689.9747376,4.8498319811187685
1790423689.9791632,1.5270239964593202
1790423689.979224,2.1461540018208325
1790423689.9887495,26.115566986845806
1790423689.989132,2.464388991938904
1790423689.9895809,28.06045298348181
1790423689.9902914,18.887178011937067
1790423689.9906101,9.388528997078538
1790423689.9906971,3.333820990519598
1790423689.9907913,1.6508869885001332
1790423689.9946256,1.6159969964064658
1790423689.9958034,21.454429981531575
1790423689.9958885,3.3129870134871453
1790423689.9963722,24.44314499734901
1790423689.9965906,4.3766059970948845
1790423689.9966524,12.28982798056677
1790423689.9969869,2.205792989116162
1790423690.0008042,1.3177260116208345
1790423690.0027494,1.3927080144640058
1790423690.0035083,1.3842280022799969
1790423690.0039926,1.107025978853926
1790423690.0122142,1.22957699932158
1790423690.0125403,1.1610289802774787
1790423690.0147653,1.1408989957999438
1790423690.0220664,1.2246500118635595
1790423690.0228288,1.3665900041814893
1790423690.0496616,17.36188799259253
1790423690.0554771,30.272213014541194
1790423690.059924,10.10583300376311
1790423690.060455,32.82701701391488
1790423690.061387,27.116418001241982
1790423690.0627117,12.245050020283088
1790423690.0628536,32.44165697833523
1790423690.064623,5.469907016959041
1790423690.0651042,7.214286975795403
1790423690.0678127,2.546889998484403
1790423690.0679097,3.276950999861583
1790423690.072874,53.84374700952321
1790423690.0737271,40.55391700239852
1790423690.0742629,36.36681297211908
1790423690.074516,21.581531007541344
1790423690.0748844,43.88001901679672
1790423690.0756972,8.636606013169512
1790423690.0758305,13.786730996798724
1790423690.0805364,54.54588701832108
1790423690.0839372,37.91145599097945
1790423690.0842974,39.42874100175686
1790423690.0846722,29.980473016621545
1790423690.0850992,21.553396014496684
1790423690.0855525,14.218081021681428
1790423690.087921,1.4400199870578945
1790423690.101763,2.575543010607362
1790423690.1022599,23.080446000676602
1790423690.10419,23.84591699228622
1790423690.10455,27.541911986190826
1790423690.1046576,3.486444998998195
1790423690.1047275,16.113351011881605
1790423690.105071,29.201263998402283
1790423690.105213,16.101781016914174
1790423690.1053076,5.083711992483586
1790423690.1065485,23.719666991382837
1790423690.1098793,11.349392996635288
1790423690.1099794,30.44660299201496
1790423690.1100605,3.0622399935964495
1790423690.125792,18.246991996420547
1790423690.1295657,1.4398829953279346
1790423690.1310582,22.585193015402183
1790423690.1325924,1.4872089959681034
1790423690.1330152,1.3687119935639203
1790423690.13668,1.834558992413804
1790423690.158712,12.579764996189624
1790423690.1591961,25.464915990596637
1790423690.1596227,24.11824101000093
1790423690.1604662,30.681592994369566
1790423690.170279,21.973994007566944
1790423690.1751242,14.38175400835462
1790423690.1778703,25.15055998810567
1790423690.178895,17.425605008611456
1790423690.1793356,32.30309998616576
1790423690.18114,25.497061986243352
1790423690.1813564,2.449313993565738
1790423690.1884737,34.94028700515628
1790423690.1896718,24.253965995740145
1790423690.1902943,41.39768099412322
1790423690.1905231,47.47614898951724
1790423690.1910834,25.092602998483926
1790423690.1919274,35.331565013621
1790423690.192319,3.8355349970515817
1790423690.1924684,12.310136982705444
1790423690.192699,7.685965014388785
1790423690.1935773,5.703531991457567
1790423690.1955333,1.4849190192762762
1790423690.201807,23.542401002487168
1790423690.2024772,30.692681000800803
1790423690.2034652,16.98061899514869
1790423690.2042363,3.691414021886885
1790423690.2085938,2.529874996980652
1790423690.2091835,1.92412399337627
1790423690.2204273,18.610183004057035
1790423690.221139,10.558990004938096
1790423690.2214313,13.633215974550694
1790423690.2215004,28.427184995962307
1790423690.221582,18.87828897451982
1790423690.2216406,31.845023011555895
1790423690.2384682,16.407310002250597
1790423690.243181,31.51563397841528
1790423690.24518,22.668991005048156
1790423690.2456117,35.66244401736185
1790423690.2465448,20.86881297873333
1790423690.2470381,17.626857006689534
1790423690.2489994,20.078371977433562
1790423690.2539349,14.09061302547343
1790423690.254123,27.621833025477827
1790423690.2562108,19.224101008148864
1790423690.257093,13.853170996299013
1790423690.2572534,34.05050397850573
1790423690.2580824,7.212958007585257
1790423690.259777,15.86050001787953
1790423690.2601757,7.924589997855946
1790423690.261523,36.86566901160404
1790423690.2629216,4.827554017538205
1790423690.2630732,3.286240011220798
1790423690.267984,34.2310450214427
1790423690.268095,22.902286989847198
1790423690.2690716,27.308969001751393
1790423690.2697265,16.904318996239454
1790423690.2699852,9.053410001797602
1790423690.27255,30.63769801519811
1790423690.273081,2.0691069948952645
1790423690.2742262,2.5509659899398685
1790423690.2754488,27.68057500361465
1790423690.2763288,7.7338090050034225
1790423690.2764144,21.06521400855854
1790423690.2766216,40.8741959836334
1790423690.277452,1.8771420000120997
1790423690.2905521,20.434745005331933
1790423690.291245,32.24822599440813
1790423690.2913415,8.903897018171847
1790423690.296348,1.7508080054540187
1790423690.3064573,21.722511010011658
1790423690.3067076,33.195979020092636
1790423690.307137,8.676724013639614
1790423690.3096435,29.8131879826542
1790423690.3101234,11.198467982467264
1790423690.310271,24.350621999474242
1790423690.3128731,1.4671529934275895
1790423690.3159072,22.741369990399107
1790423690.3167398,30.19239500281401
1790423690.3171062,2.5691789924167097
1790423690.317508,10.225803009234369
1790423690.3314455,22.370904014678672
1790423690.3321095,25.391578004928306
1790423690.332178,15.063847997225821
1790423690.3334818,22.88283599773422
1790423690.3340333,24.379352980758995
1790423690.3341165,10.415791999548674
1790423690.34369,23.387343011563644
1790423690.343751,13.221611006883904
1790423690.3460875,1.4119750121608377
1790423690.3609483,1.7333349969703704
1790423690.3632286,1.4572009968105704
1790423690.3661883,22.258571989368647
1790423690.3685656,5.141309986356646
1790423690.3686655,26.632391003658995
1790423690.3702023,24.057587987044826
1790423690.3751862,3.0253959994297475
1790423690.3810513,1.77269201958552
1790423690.3968577,23.94589499454014
1790423690.3994236,23.9433920069132
1790423690.3995092,35.176046018023044
1790423690.400481,33.45026500755921
1790423690.4006736,27.314931998262182
1790423690.4012327,7.523135980591178
1790423690.4018776,11.088735976954922
1790423690.4020176,35.66259698709473
1790423690.4021647,20.856322022154927
1790423690.402315,17.354045994579792
1790423690.4025354,7.1951499849092215
1790423690.4031224,2.439509000396356
1790423690.415215,22.524999018060043
1790423690.4169972,15.751617989735678
1790423690.4170609,29.871981008909643
1790423690.4272637,14.763285988010466
1790423690.4279783,3.249205998145044
1790423690.4280643,24.881679011741653
1790423690.4434824,22.805949003668502
1790423690.444723,23.49523300654255
1790423690.4452646,30.780194996623322
1790423690.4453368,5.586428014794365
1790423690.4458601,16.96826799889095
1790423690.4465115,32.48748299665749
1790423690.4557345,32.3767320078332
1790423690.4561017,33.21852898807265
1790423690.4562283,1.9338069832883775
1790423690.456339,10.468958993442357
1790423690.458373,1.2469389766920358
1790423690.4679966,1.2831530184485018
1790423690.469175,21.76523202797398
1790423690.4705389,10.461007012054324
1790423690.4707654,26.92718800972216
1790423690.471148,3.077744011534378
1790423690.4720118,2.228267985628918
1790423690.4727826,1.3700670097023249
1790423690.4740436,1.173758995719254
1790423690.4753928,21.81655800086446
1790423690.4757407,11.498047999339178
1790423690.475817,23.12387799611315
1790423690.476594,6.451268011005595
1790423690.4783418,1.738417980959639
1790423690.4790592,1.4265089994296432
1790423690.4820716,1.1924590216949582
1790423690.4841294,1.126304006902501
1790423690.4910107,1.387675991281867
1790423690.5001557,1.8410759803373367
1790423690.5016696,1.3349769869819283
1790423690.5036423,1.8261299992445856
1790423690.504641,1.7205559997819364
1790423690.508334,22.82766898861155
1790423690.5084152,9.042572986800224
1790423690.5121937,2.393558999756351
1790423690.5131545,2.6864080282393843
1790423690.5136669,2.460355986841023
1790423690.5223408,1.5863809967413545
1790423690.530337,1.6481200000271201
1790423690.5371714,7.845412997994572
1790423690.5372765,24.74691200768575
1790423690.5470116,1.555785012897104
1790423690.5481875,1.1671940155792981
1790423690.5496256,1.3509630225598812
1790423690.5512836,1.3430910184979439
1790423690.5515242,1.1833689932245761
1790423690.5533125,13.966241996968165
1790423690.55383,5.12326299212873
1790423690.55388,21.752934000687674
1790423690.56087,1.6023520147427917
1790423690.5614307,1.2910299992654473
1790423690.56323,1.3614199997391552
1790423690.563808,1.2539440067484975
1790423690.5721543,1.1628649954218417
1790423690.5766094,3.136121988063678
1790423690.583209,8.436647010967135
1790423690.5847523,3.413619997445494
1790423690.584855,4.043842985993251
1790423690.5849252,3.017315990291536
1790423690.6034536,17.172482010209933
1790423690.6145825,31.952477002050728
1790423690.6150284,29.160409001633525
1790423690.6159053,40.028925985097885
1790423690.6160204,22.083532996475697
1790423690.616129,9.521769010461867
1790423690.6162431,13.875544012989849
1790423690.6163678,19.20146300108172
1790423690.6218212,1.3667019957210869
1790423690.6268992,26.674863998778164
1790423690.6276948,31.229181011440232
1790423690.6277614,16.63405800354667
1790423690.630925,33.04999400279485
1790423690.631285,30.035425996175036
1790423690.631535,2.815043000737205
1790423690.6317904,19.971688016084954
1790423690.6318579,2.52765798359178
1790423690.6422098,24.127365002641454
1790423690.642456,25.938991020666435
1790423690.6425707,4.821615992113948
1790423690.6489172,2.592782984720543
1790423690.6491432,3.335916990181431
1790423690.6497116,1.5756050124764442
1790423690.6497788,2.3230410006362945
1790423690.6544564,1.1820709914900362
1790423690.6549957,1.121890003560111
1790423690.6598732,1.1728179815690964
1790423690.6614459,1.207162014907226
1790423690.6641648,1.3128220161888748
1790423690.6644874,1.197933015646413
1790423690.6662226,1.0769559885375202
1790423690.6734781,1.7708000086713582
1790423690.678062,3.693609993206337
1790423690.6791027,6.97752000996843
1790423690.6791677,5.667814984917641
1790423690.6793017,4.59902299917303
1790423690.6814837,4.594763013301417
1790423690.6815786,2.2692019992973655
1790423690.6824064,1.6593199979979545
1790423690.6834624,1.0484560043551028
1790423690.7027237,24.024049984291196
1790423690.702812,11.793937999755144
1790423690.7041779,12.528303021099418
1790423690.7170272,24.847963999491185
1790423690.7179425,24.585747974924743
1790423690.7181048,2.0124750153627247
1790423690.7181783,15.104937978321686
1790423690.7212608,1.8645790114533156
1790423690.7244377,20.79576998949051
1790423690.7283394,26.070682011777535
1790423690.728415,8.056753984419629
1790423690.7323182,23.48730998346582
1790423690.7329707,28.233921999344602
1790423690.7330444,2.6875269832089543
1790423690.737322,1.5000929997768253
1790423690.7439115,1.4910479949321598
1790423690.7475593,1.477796002291143
1790423690.7488434,14.516650000587106
1790423690.748916,23.427426000125706
1790423690.7508712,1.2346980220172554
1790423690.7594643,1.5454289969056845
1790423690.760166,1.6548239800613374
1790423690.760792,1.3192769838497043
1790423690.7655325,2.1222929935902357
1790423690.7655995,1.704680995317176
1790423690.7686176,1.4588169869966805
1790423690.775084,1.4882080140523612
1790423690.7768815,1.3211309851612896
1790423690.7785451,1.1328130203764886
1790423690.7824843,1.842183992266655
1790423690.7825427,1.4709889946971089
1790423690.7865438,1.226820022566244
1790423690.7869968,1.1798570048995316
1790423690.7908509,1.2948689982295036
1790423690.7912073,1.2404030130710453
1790423690.7922528,1.0374480043537915
1790423690.7937605,1.2544009950943291
1790423690.7942808,1.0749209905043244
1790423690.798955,1.640675007365644
1790423690.7997103,1.4387429982889444
1790423690.8130698,3.1356489926110953
1790423690.8131943,4.0386010077781975
1790423690.8146539,2.976534015033394
1790423690.8187246,2.1195939916651696
1790423690.819288,15.841362997889519
1790423690.8204155,25.41063100215979
1790423690.8208125,10.135666001588106
1790423690.820919,2.864022011635825
1790423690.824682,24.91954600554891
1790423690.8252053,16.79083297494799
1790423690.8268592,15.2817849884741
1790423690.8269868,7.408245000988245
1790423690.8283775,2.212519000750035
1790423690.828481,3.2668090134393424
1790423690.8287811,1.6274280205834657
1790423690.8299494,1.1598279816098511
1790423690.841916,1.6126450209412724
1790423690.8469813,7.3858949763234705
1790423690.848364,1.0923500231001526
1790423690.8496175,1.1274850112386048
1790423690.8594024,2.262188005261123
1790423690.8600783,2.4919699935708195
1790423690.8632352,22.46780297718942
1790423690.8633277,8.290828001918271
1790423690.8634386,3.953153995098546
1790423690.8666272,10.373432014603168
1790423690.8666973,22.685224015731364
1790423690.8677688,7.482614979380742
1790423690.8795497,12.27574297809042
1790423690.882183,23.772504006046802
1790423690.882309,15.426008991198614
1790423690.8849683,1.6420439933426678
1790423690.8929262,27.30543998768553
1790423690.8930626,2.5177859934046865
1790423690.8936305,1.6437559970654547
1790423690.899911,25.43261699611321
1790423690.9000678,22.556707001058385
1790423690.9015336,6.861009023850784
1790423690.90264,2.3269259836524725
1790423690.917885,20.691858982900158
1790423690.9190223,17.97879597870633
1790423690.9205654,22.9284759843722
1790423690.9228082,31.77211098955013
1790423690.9236228,29.947588016511872
1790423690.9244227,22.879233001731336
1790423690.924741,25.44863900402561
1790423690.9248936,30.70524599752389
1790423690.9274304,7.56688101682812
1790423690.9278758,11.17179001448676
1790423690.9279585,7.384171010926366
1790423690.928578,12.57169499876909
1790423690.9286556,9.621993987821043
1790423690.9297047,12.216292001539841
1790423690.9327686,2.24956899182871
1790423690.9352474,1.3855010038241744
1790423690.937659,13.982072996441275
1790423690.9541163,22.480123006971553
1790423690.956704,14.636698993854225
1790423690.9577746,9.534957993309945
1790423690.958797,35.976128972833976
1790423690.9606166,17.799169989302754
1790423690.9609263,29.90065998164937
1790423690.9610431,8.615227998234332
1790423690.961412,32.48203799012117
1790423690.9622285,35.51612899173051
1790423690.9625015,26.355723006417975
1790423690.9626215,29.603561997646466
1790423690.96295,5.962413997622207
1790423690.96333,5.693918006727472
1790423690.967093,22.264319006353617
1790423690.9681811,32.584336993750185
1790423690.9688778,14.747166977031156
1790423690.9689407,7.992287020897493
1790423690.9720285,1.2634760059881955
1790423690.9818323,1.3801250024698675
1790423690.9844306,62.403830990660936
1790423690.984856,39.24702398944646
1790423690.9859538,32.46667800704017
1790423690.9860396,30.01781101920642
1790423690.9868143,22.440475993789732
1790423690.98693,4.962402977980673
1790423690.9869983,14.25961300265044
1790423690.990805,15.083764999872074
1790423690.991588,23.310705000767484
1790423690.9920397,27.780072996392846
1790423690.9932022,27.75457498501055
1790423690.9941459,5.135626008268446
1790423690.9942405,30.476979009108618
1790423690.9943635,19.532256003003567
1790423690.9945452,3.727130009792745
1790423690.9949362,2.6702950126491487
1790423690.9962168,1.1975700035691261
1790423691.004886,1.185272994916886
1790423691.0194929,26.207307004369795
1790423691.0195842,12.43370698648505
1790423691.0217876,14.287545986007899
1790423691.0223124,4.063378990394995
1790423691.0225205,25.31956898747012
1790423691.0237277,2.259669010527432
1790423691.0240777,21.22717400197871
1790423691.0242121,25.39417499792762
1790423691.0242743,6.617000006372109
1790423691.0269816,1.3135590124875307
1790423691.0302374,1.4922030095476657
1790423691.0310838,1.1968780017923564
1790423691.0344365,1.7358629847876728
1790423691.0366006,3.4379120043013245
1790423691.036798,3.211380011634901
1790423691.0373843,2.8567150002345443
1790423691.0377395,2.3977670061867684
1790423691.0427113,1.3832399854436517
1790423691.0429564,1.1822610103990883
1790423691.047588,1.0850600083358586
1790423691.048832,1.1340189957991242
1790423691.0495384,1.2854439846705645
1790423691.0510345,1.3390730018727481
1790423691.0709195,2.379963989369571
1790423691.0712068,2.2020830074325204
1790423691.0758169,2.150333020836115
1790423691.0764542,3.288823994807899
1790423691.0766587,14.256846014177427
1790423691.0767186,23.5898680111859
1790423691.0772905,7.782890985254198
1790423691.077362,3.2112329790834337
1790423691.0818808,14.048745011677966
1790423691.0822053,26.48439901531674
1790423691.082333,2.0165449823252857
1790423691.0824041,10.804096003994346
1790423691.084633,1.6497320029884577
1790423691.0854595,1.482810010202229
1790423691.101386,2.8702760173473507
1790423691.1027842,1.9690630142576993
1790423691.1090088,1.6033129941206425
1790423691.1147528,1.7227560165338218
1790423691.1210384,21.95429100538604
1790423691.1216393,17.88082200801
1790423691.1217072,2.4807139998301864
1790423691.1222765,19.026102003408596
1790423691.122821,24.88930302206427
1790423691.122896,6.0270360263530165
1790423691.1243064,1.3121009978931397
1790423691.1282203,1.4302900235634297
1790423691.1331873,1.8974459962919354
1790423691.1343915,1.6142719832714647
1790423691.135362,1.7556879902258515
1790423691.1374264,1.8063840107060969
1790423691.1387541,1.7332760035060346
1790423691.13966,1.5794990176800638
1790423691.140461,1.4995620003901422
1790423691.1455028,1.3661560078617185
1790423691.1485167,1.439535990357399
1790423691.150709,1.272731984499842
1790423691.1653483,2.0970850018784404
1790423691.1677926,1.208700006827712
1790423691.1720781,3.3957329869735986
1790423691.1833544,1.4269509993027896
1790423691.1837373,22.980604000622407
1790423691.1870732,16.643458016915247
1790423691.1871655,25.912056007655337
1790423691.1882448,2.217750996351242
1790423691.1941407,18.089054996380582
1790423691.1946793,2.0226519845891744
1790423691.195485,2.0302929915487766
1790423691.1956356,8.233141008531675
1790423691.1959257,26.79700098815374
1790423691.1962442,26.397976995212957
1790423691.1974444,16.32247999077663
1790423691.1976116,8.477901021251455
1790423691.198035,1.681513007497415
1790423691.2079935,1.1962249991483986
1790423691.238647,5.624096025712788
1790423691.2479987,9.338039992144331
1790423691.2482138,10.984777007251978
1790423691.2483177,8.293383987620473
1790423691.248454,9.112084982916713
1790423691.2495022,6.598861014936119
1790423691.2503273,1.171970012364909
1790423691.254793,1.3627300213556737
1790423691.257435,1.321577001363039
1790423691.2649512,1.5619250189047307
1790423691.2663884,1.4274080167524517
1790423691.2698638,22.315558016998693
1790423691.27019,2.760361006949097
1790423691.2702472,15.445980010554194
1790423691.2771642,1.5765249845571816
1790423691.280336,1.1671689862851053
1790423691.28345,1.7119240073952824
1790423691.2834997,2.1647240209858865
1790423691.286055,1.0496779868844897
1790423691.2891428,1.7463279946241528
1790423691.2896922,2.782613009912893
1790423691.2901046,1.7827099945861846
1790423691.2960663,1.1793440207839012
1790423691.2990453,1.0949930001515895
1790423691.3153925,1.3860909966751933
1790423691.3201413,1.5066899941302836
1790423691.3276536,7.501599990064278
1790423691.3277137,20.974290993763134
1790423691.332473,1.2738060031551868
1790423691.3351698,1.4180320140440017
1790423691.3439138,16.757609002524987
1790423691.3445387,22.50432100845501
1790423691.3446422,6.808306003222242
1790423691.3463757,1.2708809808827937
1790423691.346797,18.646040989551693
1790423691.3473222,22.90090499445796
1790423691.347376,4.57147101406008
1790423691.3546786,1.2512319954112172
1790423691.3569617,1.2093510013073683
1790423691.36116,1.212614995893091
1790423691.363806,1.2360000109765679
1790423691.3656838,1.3796160055790097
1790423691.3704484,1.1203819885849953
1790423691.3726146,1.5450750070158392
1790423691.3785079,1.7155389941763133
1790423691.3788733,1.6253800131380558
1790423691.3843715,1.3807329814881086
1790423691.3855586,12.625558010768145
1790423691.385784,21.93840401014313
1790423691.3872375,1.4022320101503283
1790423691.391093,1.158367987954989
1790423691.3935513,1.1156460095662624
1790423691.397058,1.2680749932769686
1790423691.3985202,1.112516998546198
1790423691.4036384,1.9281129934825003
1790423691.4123979,1.423352980054915
1790423691.41892,2.691758010769263
1790423691.4193268,1.8548399966675788
1790423691.4207928,21.16421502432786
1790423691.4209027,21.723275014664978
1790423691.4209538,3.952049999497831
1790423691.4232538,1.2497390271164477
1790423691.4311943,1.5325070125982165
1790423691.4325309,1.326583995250985
1790423691.4375136,1.2998449965380132
1790423691.4402938,1.5174529980868101
1790423691.441126,1.4888409932609648
1790423691.4412875,23.080890998244286
1790423691.4415536,5.804485990665853
1790423691.4429908,1.191432005725801
1790423691.4471712,1.2815969821531326
1790423691.4476388,1.2005019816569984
1790423691.4529128,1.08654799987562
1790423691.4557445,2.0262349862605333
1790423691.4560313,1.770333998138085
1790423691.4566474,1.841106015490368
1790423691.4601672,1.412714016623795
1790423691.4611607,1.607978018000722
1790423691.4618866,1.1094300134573132
1790423691.4656775,1.056397013599053
1790423691.4709792,1.3568740105256438
1790423691.4744375,1.5994329878594726
1790423691.477011,2.0577059767674655
1790423691.478268,2.473230008035898
1790423691.4783597,1.8220010097138584
1790423691.4812055,2.691714995307848
1790423691.4812777,2.3945360153447837
1790423691.481572,2.1170779946260154
1790423691.4889133,1.4126519963610917
1790423691.4907358,1.4638889988418669
1790423691.4925473,1.2314900232013315
1790423691.4928787,19.631764997029677
1790423691.49335,23.049454001011327
1790423691.4944801,17.206792981596664
1790423691.494585,13.9826990198344
1790423691.4958634,1.8767820147331804
1790423691.5067692,1.7136480018962175
1790423691.5119553,1.5133669949136674
1790423691.5194588,24.1328320116736
1790423691.5197806,25.033556012203917
1790423691.5198767,7.444015005603433
1790423691.522213,17.697447998216376
1790423691.5223682,25.546846009092405
1790423691.5225456,8.284750016173348
1790423691.523363,2.4605729850009084
1790423691.523961,1.3232610072009265
1790423691.5261512,1.208439003676176
1790423691.5443318,4.070164985023439
1790423691.5457227,27.538612979697064
1790423691.5462701,29.2337860155385
1790423691.5473213,6.0897659859620035
1790423691.5474854,17.011326999636367
1790423691.547933,4.2392890027258545
1790423691.5564823,1.7466739809606224
1790423691.5579484,1.4558489783667028
1790423691.561316,22.886129998369142
1790423691.561464,27.451956004370004
1790423691.561561,16.55511697754264
1790423691.5618763,2.0549329929053783
1790423691.568867,22.001192992320284
1790423691.5696423,27.1775689907372
1790423691.5697198,6.709930021315813
1790423691.5727174,1.9754429813474417
1790423691.5745897,2.659655991010368
1790423691.58206,17.27577397832647
1790423691.587543,23.404253006447107
1790423691.5899694,26.597465010127053
1790423691.5907927,17.110115994000807
1790423691.5924597,4.905714013148099
1790423691.5926907,27.47926299343817
1790423691.5927653,12.613797007361427
1790423691.592825,5.1682649936992675
1790423691.5944936,1.2396149977575988
1790423691.6000192,26.839894999284297
1790423691.6001499,11.27197197638452
1790423691.6002498,16.02074599941261
1790423691.600774,2.3148710024543107
1790423691.6033695,1.1904049897566438
1790423691.6073275,1.3406819780357182
1790423691.6092427,2.58953298907727
1790423691.6097426,23.411508998833597
1790423691.6098177,19.72972901421599
1790423691.609893,24.938866001321003
1790423691.609954,4.80766998953186
1790423691.610597,2.231800986919552
1790423691.612564,1.2109539820812643
1790423691.6142092,2.3836310137994587
1790423691.6149678,1.9069869886152446
1790423691.6233413,2.861317014321685
1790423691.6235468,2.999743999680504
1790423691.6348937,21.19960600975901
1790423691.634988,13.5180999932345
1790423691.6365263,1.4197630225680768
1790423691.638018,1.4824499958194792
1790423691.6399698,1.2360280088614672
1790423691.645829,23.642068990739062
1790423691.646183,15.201107977190986
1790423691.646284,6.9961019908078015
1790423691.6469977,2.1439380070660263
1790423691.6490996,1.7596260004211217
1790423691.649366,1.4244639896787703
1790423691.6527305,1.153803983470425
1790423691.658589,21.565903996815905
1790423691.6589203,16.438580001704395
1790423691.6589801,10.228255996480584
1790423691.6610339,1.1702819901984185
1790423691.6653528,2.2520679922308773
1790423691.6666298,16.930618992773816
1790423691.6680386,1.2183439976070076
1790423691.6712584,21.006869996199384
1790423691.6713228,7.74500600527972
1790423691.674234,1.2538610026240349
1790423691.6780267,1.251397014129907
1790423691.6809483,16.852136002853513
1790423691.6817074,22.54312700824812
1790423691.6824298,1.470136019634083
1790423691.6913707,1.4655459963250905
1790423691.7029364,18.304683995665982
1790423691.704198,26.910663989838213
1790423691.7045083,9.810165996896103
1790423691.7055511,3.6805830022785813
1790423691.7060223,2.5093280128203332
1790423691.7083075,28.24248600518331
1790423691.708389,23.245227988809347
1790423691.7085018,13.313044008100405
1790423691.708776,3.8864399830345064
1790423691.70984,24.0662690193858
1790423691.710592,26.376947993412614
1790423691.710815,13.510282995412126
1790423691.711737,1.7350740090478212
1790423691.7249033,1.435655984096229
1790423691.7280233,1.3020249898545444
1790423691.7311103,1.2202709913253784
1790423691.7326927,9.672988002421334
1790423691.7327838,21.80560599663295
1790423691.7337444,1.931750011863187
1790423691.7342942,1.189603004604578
1790423691.7374456,1.0560069931671023
1790423691.7385569,1.040408998960629
1790423691.7472773,1.3384269841481
1790423691.747769,1.1511349875945598
1790423691.7516353,1.0708429908845574
1790423691.7573457,1.2366800219751894
1790423691.7629542,1.3311220100149512
1790423691.774573,11.608803004492074
1790423691.7780929,22.91502000298351
1790423691.7841399,16.464324988191947
1790423691.7842178,26.019639015430585
1790423691.792352,26.822498999536037
1790423691.7925022,22.261415026150644
1790423691.7948668,1.9931900023948401
1790423691.7956326,2.1299109794199467
1790423691.7992706,1.8756850040517747
1790423691.8022442,21.261513989884406
1790423691.8058643,26.136240019695833
1790423691.8072944,1.376017986331135
1790423691.8088539,1.289702981011942
1790423691.814277,1.15112098865211
1790423691.8169272,1.2619339977391064
1790423691.8186076,1.1270590184722096
1790423691.8212216,2.606713998829946
1790423691.822099,2.667961991392076
1790423691.822201,2.150351007003337
1790423691.822251,1.6196220240090042
1790423691.826109,1.1204900220036507
1790423691.827942,1.1376700131222606
1790423691.8284173,1.1172730010002851
1790423691.8311837,1.1805179819930345
1790423691.8424678,1.8814840004779398
1790423691.8432977,1.6646400035824627
1790423691.8538563,19.250602985266596
1790423691.854534,22.505915025249124
1790423691.8546274,10.203259997069836
1790423691.8575852,1.3761629816144705
1790423691.8594596,1.2379180116113275
1790423691.8666062,11.8582799914293
1790423691.866957,26.787799986777827
1790423691.8672755,27.543179981876165
1790423691.8699625,25.09308297885582
1790423691.8705375,4.787934012711048
1790423691.8707178,15.482306975172833
1790423691.8710623,3.9250999980140477
1790423691.8744586,1.2359640095382929
1790423691.8875878,2.3634390090592206
1790423691.8880706,2.033530006883666
1790423691.8915925,22.188934992300346
1790423691.8932064,25.116272008745
1790423691.8933709,6.379542988725007
1790423691.894729,1.6839579911902547
1790423691.8977287,1.2435070239007473
1790423691.9023116,13.903059996664524
1790423691.9028223,24.58822898915969
1790423691.9029863,5.038817005697638
1790423691.907515,1.9466289959382266
1790423691.908501,1.9315929966978729
1790423691.9167042,24.576572002843022
1790423691.9167876,14.994647994171828
1790423691.9172125,26.387218007585034
1790423691.9178061,3.023427998414263
1790423691.9287286,11.431403981987387
1790423691.9288487,23.836813983507454
1790423691.9289231,28.13064999645576
1790423691.9337704,26.032826979644597
1790423691.9338505,8.273521001683548
1790423691.934364,1.4568030019290745
1790423691.93919,1.9298940023873001
1790423691.9405808,13.806625996949151
1790423691.9407172,27.38707701792009
1790423691.9411151,1.65110599482432
1790423691.9422052,1.0821250034496188
1790423691.9525347,1.8131849938072264
1790423691.95342,1.3307070184964687
1790423691.9534705,2.0336729940027
1790423691.9582787,20.50853197579272
1790423691.9583411,10.106628993526101
1790423691.9640214,1.2426250032149255
1790423691.9681692,1.226149994181469
1790423691.96917,1.600129995495081
1790423691.9697313,1.257388008525595
1790423691.975181,1.0418579913675785
1790423691.977022,1.0770859953481704
1790423691.9800167,1.5354820061475039
1790423691.9800937,1.995124010136351
1790423691.9838784,1.8741100211627781
1790423691.9846537,2.2469069808721542
1790423691.9847813,1.7892889736685902
1790423691.9858658,1.0770990047603846
1790423691.9922004,1.817109005060047
1790423691.9924705,1.5398109972011298
1790423691.9949327,1.4909550081938505
1790423691.9964774,2.336015022592619
1790423691.9977498,2.6833779993467033
1790423691.9978585,2.2494389850180596
1790423691.998346,1.5049210051074624
1790423692.0058122,1.4981419953983277
1790423692.0109127,1.3154939806554466
1790423692.0144794,1.3898939942009747
1790423692.0150697,1.2012400256935507
1790423692.0235698,1.3244290021248162
1790423692.025784,1.3538709899876267
1790423692.029825,1.2320969835855067
1790423692.0309067,1.0732689988799393
1790423692.0368166,1.2897349952254444
1790423692.038968,1.598450995516032
1790423692.055022,16.732011979911476
1790423692.0581489,2.1571370016317815
1790423692.059613,26.816239987965673
1790423692.06337,2.0157959952484816
1790423692.0662692,1.6636319924145937
1790423692.0756626,23.181777010904625
1790423692.07591,34.1014540172182
1790423692.0767453,5.378778005251661
1790423692.0769963,6.251504993997514
1790423692.0770624,5.059748014900833
1790423692.077322,10.757649986771867
1790423692.0780413,3.020069998456165
1790423692.0790374,1.7061980033759028
1790423692.087584,17.447061982238665
1790423692.088956,2.718888979870826
1790423692.0934622,21.056157012935728
1790423692.0947042,5.373377993237227
1790423692.0947971,31.286034994991496
1790423692.0961032,4.587189992889762
1790423692.0967064,4.2670160182751715
1790423692.0987387,4.677229007938877
1790423692.1007566,3.3771309826988727
1790423692.1018696,5.149092001374811
1790423692.1029742,2.116643008776009
1790423692.1030622,4.079496982740238
1790423692.1072044,1.9823579932563007
1790423692.1079235,1.656037988141179
1790423692.1106305,1.554289017803967
1790423692.111296,1.491092989454046
1790423692.114381,1.4053900085855275
1790423692.1160202,26.07178798643872
1790423692.1166797,16.371481004171073
1790423692.117842,29.499546013539657
1790423692.1181235,22.009456995874643
1790423692.1182654,10.22202501189895
1790423692.1195645,4.077917983522639
1790423692.1196997,2.3073240008670837
1790423692.1203418,1.6505160019733012
1790423692.1217542,1.4024330012034625
1790423692.1240983,1.8393970094621181
1790423692.1254776,2.078510995488614
1790423692.1269655,1.8853580113500357
1790423692.1277845,1.5738749934826046
1790423692.1284194,1.2941189925186336
1790423692.1472466,2.0463300170376897
1790423692.161707,25.188611005432904
1790423692.1639278,29.015178995905444
1790423692.1643639,16.50059100938961
1790423692.1646783,29.23824600293301
1790423692.1649406,11.15994801511988
1790423692.1650164,24.6369710075669
1790423692.1680608,27.01836798223667
1790423692.1686053,28.953717002877966
1790423692.1691284,3.9419379900209606
1790423692.1692793,15.226849995087832
1790423692.1694288,3.6524270253721625
1790423692.170319,3.2346679945476353
1790423692.1779096,7.714817009400576
1790423692.1785116,16.20416800142266
1790423692.1786366,30.129377992125228
1790423692.1796222,1.6970650176517665
1790423692.1830142,1.659619010752067
1790423692.1879964,2.0268030057195574
1790423692.196169,1.4770670095458627
1790423692.1978676,22.0164839993231
1790423692.1983864,23.226738994708285
1790423692.198549,6.520230992464349
1790423692.199952,1.3820919848512858
1790423692.2030473,2.418401010800153
1790423692.2034357,22.68195600481704
1790423692.2035716,10.822345997439697
1790423692.2040408,2.8677720110863447
1790423692.2068596,2.413245994830504
1790423692.2069418,1.8804630090016872
1790423692.2104769,1.237173011759296
1790423692.2169569,1.7177800182253122
1790423692.217838,1.5826539893168956
1790423692.2240531,1.3480340130627155
1790423692.2323604,1.8492680101189762
1790423692.2381392,1.9065479864366353
1790423692.2442446,1.5749979938846081
1790423692.2474678,27.77603000868112
1790423692.2483642,3.752191987587139
1790423692.248597,4.343617998529226
1790423692.248709,8.564130985178053
1790423692.2493913,2.4683130031917244
1790423692.2494469,1.4814480091445148
1790423692.2563543,15.697092982009053
1790423692.2568316,26.94390300894156
1790423692.2577124,12.53835900570266
1790423692.258171,2.7387840091250837
1790423692.258831,1.7108600004576147
1790423692.263547,1.3375229900702834
1790423692.2640681,1.1172509985044599
1790423692.2664537,1.1738570174202323
1790423692.2711222,1.3532059965655208
1790423692.27541,1.405874005286023
1790423692.2766545,1.236340991454199
1790423692.2780702,17.768477991921827
1790423692.278867,21.075008990010247
1790423692.278998,2.3320059990510345
1790423692.2790475,9.704143012640998
1790423692.281437,1.333902997430414
1790423692.283535,1.1442590039223433
1790423692.2854445,1.1495999933686107
1790423692.2912252,1.2819499825127423
1790423692.293209,1.4925379946362227
1790423692.2932684,1.882085984107107
1790423692.2959726,1.508070999989286
1790423692.2965937,1.3187870208639652
1790423692.3004951,1.7705169739201665
1790423692.3015637,3.277390991570428
1790423692.3027453,3.6011690099257976
1790423692.3033495,2.8339449781924486
1790423692.3102884,1.518524019047618
1790423692.312055,1.1903410195372999
1790423692.3244708,1.2807160092052072
1790423692.3288274,1.5469540085177869
1790423692.33723,1.3168499863240868
1790423692.3391383,20.756513986270875
1790423692.3391926,9.77803798741661
1790423692.3412485,1.6783539904281497
1790423692.347298,1.1767339892685413
1790423692.3540943,3.3235290029551834
1790423692.3705814,18.168757000239566
1790423692.3709707,26.819975988473743
1790423692.3760853,14.468050008872524
1790423692.376144,23.268618999281898
1790423692.3779545,1.674452010774985
1790423692.3782275,1.402741007041186
1790423692.3796914,25.430555018829182
1790423692.3797672,28.001030994346365
1790423692.3874962,2.5921009946614504
1790423692.3876193,2.1760420058853924
1790423692.3892372,1.0947309783659875
1790423692.390571,1.1691290128510445
1790423692.3919694,1.0798959992825985
1790423692.3971646,1.247545995283872
1790423692.3983035,1.1306199885439128
1790423692.4024832,20.57540201349184
1790423692.4025724,15.50211399444379
1790423692.4027057,7.485248002922162
1790423692.403041,1.882810000097379
1790423692.40438,1.089091005269438
1790423692.406777,1.161655003670603
1790423692.4106514,1.047010999172926
1790423692.4167464,2.054006006801501
1790423692.4184847,2.342093997867778
1790423692.4185646,3.101301990682259
1790423692.4192164,2.2310740023385733
1790423692.425904,1.3908619876019657
1790423692.4265132,1.3607110013253987
1790423692.4339318,1.6215610085055232
1790423692.4343636,1.5806259762030095
1790423692.4378057,1.8949660006910563
1790423692.4380496,1.4350640121847391
1790423692.4408286,10.550157021498308
1790423692.443873,23.678684985497966
1790423692.444489,14.803274010773748
1790423692.4458847,11.408604012103751
1790423692.4459887,3.3803940168581903
1790423692.4576807,26.873836002778262
1790423692.45816,23.240978975081816
1790423692.4586077,11.245113011682406
1790423692.4748175,18.99681900977157
1790423692.477279,26.59074799157679
1790423692.479822,34.579995000967756
1790423692.4823556,21.417192998342216
1790423692.4825027,27.25362600176595
1790423692.4829526,7.523929001763463
1790423692.4897692,23.978389013791457
1790423692.491541,13.562814012402669
1790423692.493948,33.84723199997097
1790423692.4941423,21.358202007832006
1790423692.496206,25.188378989696503
1790423692.5006642,42.97254901030101
1790423692.5020022,23.01954201539047
1790423692.504151,14.36860000831075
1790423692.505271,20.781063998583704
1790423692.5094137,39.63787099928595
1790423692.5113304,24.052180000580847
1790423692.5148032,31.544168014079332
1790423692.515148,20.323889999417588
1790423692.5163734,17.12860001134686
1790423692.5165586,18.122829002095386
1790423692.51693,43.632240005536005
1790423692.517193,1.8926129851024598
1790423692.5175867,29.754985007457435
1790423692.5184474,21.548173011979088
1790423692.5185559,17.46398999239318
1790423692.518632,34.756281005684286
1790423692.5201118,1.369662000797689
1790423692.5285356,21.238416025880724
1790423692.5292451,38.917241006856784
1790423692.5298505,37.40510001080111
1790423692.5299463,4.111061018193141
1790423692.5300703,38.34728800575249
1790423692.5311987,32.126768986927345
1790423692.5313263,20.521939994068816
1790423692.5318737,1.2324199778959155
1790423692.5410123,2.965263993246481
1790423692.5415556,3.013399982592091
1790423692.541801,2.5743599981069565
1790423692.5466921,13.734528998611495
1790423692.5470667,6.773152999812737
1790423692.547887,26.14838699810207
1790423692.5479898,3.274874994531274
1790423692.5480967,2.1614940196741372
1790423692.5562117,1.9554439932107925
1790423692.556594,1.6723269945941865
1790423692.5673406,2.825925999786705
1790423692.5697622,1.476163015468046
1790423692.5715487,11.376543989172205
1790423692.573008,7.95899800141342
1790423692.573184,27.801178017398342
1790423692.5742583,2.3254870029632
1790423692.5797515,1.5789209865033627
1790423692.5807235,18.63343399600126
1790423692.5812602,27.573223022045568
1790423692.581891,8.30760199460201
1790423692.581974,16.25252701342106
1790423692.5867484,28.09559300658293
1790423692.5871043,19.42712298478
1790423692.5884097,25.66721200128086
1790423692.5888216,13.46762100001797
1790423692.5889103,3.986216994235292
1790423692.5889874,4.654894990380853
1790423692.598727,1.2660700012929738
1790423692.600277,23.84097100002691
1790423692.6019297,1.4426049892790616
1790423692.6027164,26.982323004631326
1790423692.6034288,14.253094996092841
1790423692.6048887,3.0668399995192885
1790423692.608938,1.9286290043964982
1790423692.6098397,1.3642159756273031
1790423692.613197,9.058866009581834
1790423692.6136482,21.5961649955716
1790423692.6141405,26.895713002886623
1790423692.6142251,3.14480799715966
1790423692.620688,1.8490350048523396
1790423692.6324906,19.284464011434466
1790423692.6328464,26.400297007057816
1790423692.6331728,29.84203098458238
1790423692.6334727,4.269936995115131
1790423692.638478,21.939871017821133
1790423692.6407313,9.036453004227951
1790423692.640793,29.09413498127833
1790423692.6506658,30.476844985969365
1790423692.6510115,8.14674299908802
1790423692.652005,25.149967026663944
1790423692.6520731,31.231243978254497
1790423692.6528964,5.917567003052682
1790423692.6530228,7.6802250114269555
1790423692.6539433,6.162081001093611
1790423692.6548245,5.537072021979839
1790423692.6580493,1.664099982008338
1790423692.662043,15.484837000258267
1790423692.6683006,18.24272601515986
1790423692.66864,26.392861997010186
1790423692.672342,1.767349982401356
1790423692.6728413,17.631824011914432
1790423692.6790707,25.963105988921598
1790423692.67919,7.67252899822779
1790423692.6793308,25.236025016056374
1790423692.6795068,2.9850279970560223
1790423692.6799014,2.6884039980359375
1790423692.680891,4.917635000310838
1790423692.6809654,25.218019989551976
1790423692.682995,1.951585989445448
1790423692.6830509,1.5368919994216412
1790423692.6852534,1.2833710061386228
1790423692.691599,1.1603599996306002
1790423692.69295,1.1027080181520432
1790423692.6972303,1.1585330066736788
1790423692.7004132,1.2416399840731174
1790423692.7018282,1.1009660083800554
1790423692.7056775,2.7827300073113292
1790423692.7064726,2.294042002176866
1790423692.707058,2.13276399881579
1790423692.714933,1.5096970018930733
1790423692.7166345,1.5205029922071844
1790423692.7353473,27.170580986421555
1790423692.7363148,19.190352002624422
1790423692.7378316,28.5877879941836
1790423692.7390018,17.865305999293923
1790423692.7394278,4.73354899440892
1790423692.7396822,30.018763995030895
1790423692.7489667,15.590174996759742
1790423692.75083,21.775664994493127
1790423692.751301,12.730796006508172
1790423692.7514255,29.509896005038172
1790423692.7625527,30.83713399246335
1790423692.762636,17.384917999152094
1790423692.76362,29.167019994929433
1790423692.7639055,16.526327992323786
1790423692.7639618,31.090228992979974
1790423692.767186,1.3633600028697401
1790423692.7681224,15.954973001498729
1790423692.7681785,24.070785992080346
1790423692.771706,1.1244190100114793
1790423692.776112,1.4601389993913472
1790423692.7777967,1.1456740030553192
1790423692.7899437,1.8663969822227955
1790423692.790344,1.8007079779636115
1790423692.7936707,2.326737972907722
1790423692.7944903,1.446832000510767
1790423692.7955472,17.019667982822284
1790423692.796436,4.1334670095238835
1790423692.796551,22.4431469978299
1790423692.79699,1.43236099393107
1790423692.8003566,1.1259430029895157
1790423692.8015084,1.1441019887570292
1790423692.806248,1.2420460116118193
1790423692.8078592,1.1511759948916733
1790423692.8113763,1.1662209872156382
1790423692.8144083,1.146327005699277
1790423692.8170025,1.2455920223146677
1790423692.8209674,1.9415470014791936
1790423692.8223255,1.3479650078807026
1790423692.8240771,1.3793850084766746
1790423692.8335185,1.5303929976653308
1790423692.833966,1.3458850153256208
1790423692.839031,1.211199996760115
1790423692.8459177,2.4974190164357424
1790423692.8468628,2.4290029832627624
1790423692.8472593,2.0567000028677285
1790423692.851715,1.3764449977315962
1790423692.866498,2.070918009849265
1790423692.869475,25.645938992965966
1790423692.8705008,15.132727014133707
1790423692.8711233,5.517404992133379
1790423692.8712802,28.842524014180526
1790423692.8765988,1.8568300001788884
1790423692.8778455,20.03469900228083
1790423692.8779728,28.228715993463993
1790423692.8781273,8.640783984446898
1790423692.87873,1.6820700257085264
1790423692.882825,1.3101999938953668
1790423692.8847728,21.270667988574132
1790423692.8848662,12.605883996002376
1790423692.8849347,25.61444599996321
1790423692.8887599,1.1420100054237992
1790423692.8912818,1.0604530107229948
1790423692.8937936,1.1506620212458074
1790423692.9002063,1.2375919905025512
1790423692.9091308,19.82764998683706
1790423692.9092665,22.099469002569094
1790423692.9093404,8.78009499865584
1790423692.9147444,1.3725890021305531
1790423692.9166193,22.786757996072993
1790423692.9167385,6.736743001965806
1790423692.9172847,1.7884810222312808
1790423692.9216065,1.1113939981441945
1790423692.9299147,1.5865909808780998
1790423692.9314215,1.208211004268378
1790423692.9386964,9.81088899425231
1790423692.9387915,20.209730020724237
1790423692.9397054,1.5568840026389807
1790423692.9410262,1.310654974076897
1790423692.9416742,1.3353709946386516
1790423692.9518664,5.070312006864697
1790423692.9519484,21.252500999253243
1790423692.960992,1.4279129973147064
1790423692.9646683,3.029308980330825
1790423692.9670274,14.20089098974131
1790423692.9675856,24.047030980000272
1790423692.9678075,12.237383023602888
1790423692.967951,4.8536889953538775
1790423692.9680166,24.979219975648448
1790423692.9737375,1.4608799829147756
1790423692.980014,1.847981009632349
1790423692.9814305,2.2585149854421616
1790423692.9849734,11.958054004935548
1790423692.9860203,5.084850999992341
1790423692.9868798,24.64218600653112
1790423692.994685,2.404497005045414
1790423692.9968307,2.131315995939076
1790423692.9972644,1.8441529828123748
1790423692.997675,22.80785099719651
1790423692.9986312,28.72060501249507
1790423692.998788,8.463233010843396
1790423693.0007467,1.947141980053857
1790423693.003554,1.8728910072240978
1790423693.0048082,2.107945008901879
1790423693.008392,1.6705830057617277
1790423693.0115244,1.4462140097748488
1790423693.0165744,2.1960290032438934
1790423693.0209901,1.802727987524122
1790423693.0289276,1.6218069940805435
1790423693.0350406,2.2950959973968565
1790423693.035144,3.2365269726142287
1790423693.0354767,2.0085400028619915
1790423693.0356693,22.364718024618924
1790423693.0370424,24.353262997465208
1790423693.0371673,5.849675013450906
1790423693.0415921,2.3466919956263155
1790423693.0586257,3.0602579936385155
1790423693.0587301,2.4637769965920597
1790423693.059018,1.7055690113920718
1790423693.0710392,31.085948983673006
1790423693.0711274,26.58219001023099
1790423693.0777779,2.05207901308313
1790423693.0876403,28.514699020888656
1790423693.087751,9.029020002344623
1790423693.0896454,1.788050984032452
1790423693.099698,6.232312007341534
1790423693.1002352,5.979708977974951
1790423693.1054556,25.68066501407884
1790423693.1063945,10.071985016111284
1790423693.1064913,33.68369900272228
1790423693.1079702,4.569085984257981
1790423693.10858,4.405016981763765
1790423693.113761,2.3577859974466264
1790423693.1181731,1.6288229962810874
1790423693.1237233,22.529620007844642
1790423693.1271703,19.33390600606799
1790423693.1273856,35.491296992404386
1790423693.1274786,27.228218998061493
1790423693.127608,4.679358011344448
1790423693.128878,20.89708298444748
1790423693.1289754,33.71994200279005
1790423693.1290517,3.42132497462444
1790423693.1335258,1.3384000048972666
1790423693.1357634,1.4837569906376302
1790423693.1435575,24.013010988710448
1790423693.1438303,14.192253001965582
1790423693.1438916,1.799399993615225
1790423693.1464324,1.5192900027614087
1790423693.161111,27.31937399948947
1790423693.161248,10.17481999588199
1790423693.1621256,1.4660769957117736
1790423693.1647274,1.4621159934904426
1790423693.1653664,1.439084007870406
1790423693.1683614,1.3758209825027734
1790423693.174759,1.7105570004787296
1790423693.176698,1.3974499888718128
1790423693.1902087,12.328978977166116
1790423693.1959078,25.25090699782595
1790423693.2134426,26.635310001438484
1790423693.213555,23.99550098925829
1790423693.2181294,12.741665996145457
1790423693.2199821,41.59629298374057
1790423693.2205126,54.44770399481058
1790423693.2257144,38.03195498767309
1790423693.2272608,53.17343500792049
1790423693.2306361,44.37597299693152
1790423693.2311857,34.746759018162265
1790423693.231282,51.95165399345569
1790423693.232995,16.911615995923057
1790423693.2331867,25.9414559986908
1790423693.236497,59.43420497351326
1790423693.2385106,38.99256099248305
1790423693.239505,27.70747698377818
1790423693.241219,36.599243991076946
1790423693.24357,34.52389998710714
1790423693.2461042,24.34386999811977
1790423693.2477322,59.27286500809714
1790423693.2479315,12.661791988648474
1790423693.2480435,23.538523993920535
1790423693.2481885,30.61792001244612
1790423693.2507641,40.14116697362624
1790423693.251183,32.56462802528404
1790423693.2526028,61.765393998939544
1790423693.2528298,11.21218700427562
1790423693.2531261,3.667584009235725
1790423693.2532053,21.561569010373205
1790423693.2537093,9.173389000352472
1790423693.2538,20.59983799699694
1790423693.2538702,47.4948359769769
1790423693.257007,1.8634990265127271
1790423693.2570922,2.5756200193427503
1790423693.2630484,39.57271500257775
1790423693.264831,44.834050990175456
1790423693.265149,19.55840698792599
1790423693.2654479,31.21391197782941
1790423693.265508,4.566871008137241
1790423693.2675924,1.7257369763683528
1790423693.2714598,2.9524829878937453
1790423693.2721329,3.143957001157105
1790423693.2796052,2.174811001168564
1790423693.2857459,23.234603024320677
1790423693.2860537,3.1072539859451354
1790423693.288519,28.697357018245384
1790423693.2886279,17.920726008014753
1790423693.2904644,6.346412003040314
1790423693.2908564,12.709789996733889
1790423693.2929862,2.9522200056817383
1790423693.2935123,2.461071009747684
1790423693.2957563,23.410996014717966
1790423693.2965374,16.921871021622792
1790423693.296883,30.047747015487403
1790423693.2969756,11.794106976594776
1790423693.298736,23.16655998583883
1790423693.2994068,27.847793011460453
1790423693.29991,17.45569900958799
1790423693.2999923,11.01352900150232
1790423693.3002796,2.1653709991369396
1790423693.317625,25.403055013157427
1790423693.3252645,1.4503569982480258
1790423693.3273644,1.3566380075644702
1790423693.3309178,2.3218150017783046
1790423693.3313975,3.714035003213212
1790423693.3314657,3.883872996084392
1790423693.3366303,1.3433870044536889
1790423693.3451743,1.6440080071333796
1790423693.3511057,1.5777549997437745
1790423693.3521085,22.470381984021515
1790423693.3521838,15.023163985460997
1790423693.3539321,1.310667983489111
1790423696.941527,1.5154480061028153
1790423696.953727,2.4211250129155815
1790423696.9604616,9.661079006036744
1790423696.9676218,22.585004015127197
1790423696.967726,8.866583986673504
1790423696.9724936,8.746726001845673
1790423696.9726524,28.136614011600614
1790423696.9745538,1.7165300087071955
1790423696.9773138,27.202533005038276
1790423696.978248,18.404417001875117
1790423696.9787824,12.408340990077704
1790423696.9788508,5.425593990366906
1790423696.9789338,32.43715499411337
1790423696.980043,17.498499975772575
1790423696.9835908,23.11748100328259
1790423696.9867089,17.236241983482614
1790423696.9875581,11.194231017725542
1790423696.988262,36.303287983173504
1790423696.9901075,4.060584004037082
1790423696.9906187,18.85290301288478
1790423696.9909968,4.451839020475745
1790423696.9968076,12.511551001807675
1790423696.9969082,38.61776599660516
1790423697.0002768,1.570573018398136
1790423697.0052397,1.5338560042437166
1790423697.0057628,20.36856400081888
1790423697.014763,14.343346003443003
1790423697.0148985,27.24835800472647
1790423697.0162165,2.6405020034871995
1790423697.0163279,13.140483992174268
1790423697.016406,27.74253999814391
1790423697.0183587,1.341754017630592
1790423697.0289745,1.3148169964551926
1790423697.0305598,1.4552210050169379
1790423697.034305,1.3075770111754537
1790423697.0394855,1.300353993428871
1790423697.0412588,1.3181130052544177
1790423697.0430555,1.7872530152089894
1790423697.0449138,1.3239519903436303
1790423697.0502608,1.663017988903448
1790423697.054579,1.8211710266768932
1790423697.059581,1.8028139893431216
1790423697.0668192,2.166545978980139
1790423697.072848,2.7976499986834824
1790423697.0747118,18.71195001876913
1790423697.0763638,4.7958759823814034
1790423697.0790038,35.900743008824065
1790423697.0795665,24.976002983748913
1790423697.0798612,6.730001012329012
1790423697.080066,14.481199003057554
1790423697.0819573,5.363173026125878
1790423697.0831153,3.994024998974055
1790423697.0866122,38.6229989817366
1790423697.0878575,18.827718013199046
1790423697.0879934,14.041966991499066
1790423697.0881095,7.893825008068234
1790423697.0947661,8.706252003321424
1790423697.1064513,31.181319005554542
1790423697.107224,26.16953698452562
1790423697.1078768,36.96614599903114
1790423697.1085854,11.852602998260409
1790423697.1086998,15.408567996928468
1790423697.1117592,25.080213992623612
1790423697.1151023,21.006688999477774
1790423697.1155133,32.16040399274789
1790423697.1181722,27.928061987040564
1790423697.119448,34.94272200623527
1790423697.121047,3.860703989630565
1790423697.121358,25.40908000082709
1790423697.1215951,37.85336800501682
1790423697.1222126,27.188015985302627
1790423697.12241,5.930170009378344
1790423697.1242092,3.71288598398678
1790423697.1318119,1.5011390205472708
1790423697.1341736,1.3334929826669395
1790423697.1380792,1.5263239911291748
1790423697.1405237,1.4847629936411977
1790423697.1468832,18.437299004290253
1790423697.1500564,8.898565982235596
1790423697.1506665,29.040274996077642
1790423697.1508086,28.386117977788672
1790423697.150956,15.163459000177681
1790423697.151034,31.57562599517405
1790423697.1511552,15.895590011496097
1790423697.1521268,5.230376002145931
1790423697.1540413,5.823157989652827
1790423697.154496,3.3318799978587776
1790423697.1547093,5.7751869899220765
1790423697.1554143,3.2787419913802296
1790423697.1554832,2.5021320034284145
1790423697.157654,1.3831290125381202
1790423697.1626847,2.035255020018667
1790423697.1627839,2.634528005728498
1790423697.1637683,1.4960230037104338
1790423697.164397,1.2271210143808275
1790423697.169762,1.238915981957689
1790423697.1712654,1.2320289970375597
1790423697.17433,1.3772959937341511
1790423697.17841,1.2535470013972372
1790423697.1886532,1.9574050093069673
1790423697.1894193,1.583916979143396
1790423697.194006,1.1985919845756143
1790423697.1983702,1.9913779979106039
1790423697.2091165,19.68794601270929
1790423697.209329,12.378657993394881
1790423697.2094948,2.909277012804523
1790423697.210512,30.01187401241623
1790423697.2109687,3.3804769918788224
1790423697.2113433,1.837251998949796
1790423697.2217774,30.80233102082275
1790423697.2221208,20.630968996556476
1790423697.222719,10.392689000582322
1790423697.2228067,32.667958992533386
1790423697.2232568,3.1725929875392467
1790423697.2247596,1.4931029872968793
1790423697.2349539,2.1465379977598786
1790423697.2383733,22.384560987120494
1790423697.2392342,26.35117099271156
1790423697.2393024,2.2629979939665645
1790423697.2426968,1.4577580150216818
1790423697.254852,3.463205008301884
1790423697.2554486,3.3400350075680763
1790423697.2602818,1.7098219832405448
1790423697.2734406,19.132610002998263
1790423697.2748132,31.123822001973167
1790423697.276133,27.36651399754919
1790423697.276743,20.641434006392956
1790423697.2769165,31.526296981610358
1790423697.2835245,23.07776699308306
1790423697.2877982,18.732503027422354
1790423697.2884843,31.593916995916516
1790423697.289313,15.859117993386462
1790423697.2897065,36.50771398679353
1790423697.2897727,8.117639983538538
1790423697.291948,16.973368998151273
1790423697.29304,2.204038988566026
1790423697.2997901,16.057800996350124
1790423697.2998667,33.80550199653953
1790423697.300467,8.309291995828971
1790423697.3032064,1.553171023260802
1790423697.3069556,29.591067985165864
1790423697.3070474,20.486636989517137
1790423697.3071852,36.52076199068688
1790423697.3072724,13.763958995696157
1790423697.3093312,29.754079005215317
1790423697.3102307,19.933572999434546
1790423697.3106732,38.28929099836387
1790423697.3107402,16.67484498466365
1790423697.3143735,1.507798006059602
1790423697.3200238,2.894325996749103
1790423697.3206456,2.866247989004478
1790423697.324624,2.159379015211016
1790423697.324981,1.9110209832433611
1790423697.3255432,1.8975889834109694
1790423697.3256946,7.414715975755826
1790423697.3307588,1.9844530033878982
1790423697.3310528,1.5803269925527275
1790423697.334577,1.324453012784943
1790423697.3376203,1.628230995265767
1790423697.3398044,1.8108889926224947
1790423697.3408089,1.4135460078250617
1790423697.3463166,1.5693030145484954
1790423697.3464563,18.07760397787206
1790423697.348706,13.306150009157136
1790423697.349194,7.3024659941438586
1790423697.3500767,31.408331007696688
1790423697.3523278,3.1239769887179136
1790423697.3524623,3.7455540150403976
1790423697.3525465,4.824493982596323
1790423697.356087,2.08009997732006
1790423697.356152,1.6666300070937723
1790423697.3586245,1.4362160000018775
1790423697.3630264,1.411406003171578
1790423697.3657694,2.092278009513393
1790423697.3667715,1.5664300008211285
1790423697.3736172,2.5861119793262333
1790423697.373762,2.3341469932347536
1790423697.3746986,2.2651600011158735
1790423697.377927,24.95970798190683
1790423697.378489,8.113219984807074
1790423697.3791306,21.348726004362106
1790423697.3792682,5.349568004021421
1790423697.3793583,29.270661994814873
1790423697.392284,1.583350996952504
1790423697.396063,1.7117979878094047
1790423697.400229,23.786653007846326
1790423697.4003372,18.68960101273842
1790423697.4062026,1.779034995706752
1790423697.4099298,23.500534996856004
1790423697.4107933,24.86514102201909
1790423697.4108615,5.435847997432575
1790423697.4144197,2.3240220034494996
1790423697.4153457,2.6562020066194236
1790423697.4159372,1.5056930133141577
1790423697.4204035,1.587682985700667
1790423697.4243217,2.198379021137953
1790423697.425121,1.826687017455697
1790423697.4267607,1.628082973184064
1790423697.4495072,10.297133994754404
1790423697.449608,26.87649699510075
1790423697.4530585,25.954840006306767
1790423697.4531443,9.526604000711814
1790423697.456513,1.8702119996305555
1790423697.4600863,15.930392022710294
1790423697.460282,30.747707991395146
1790423697.4612162,2.434854017337784
1790423697.468444,3.8087260036263615
1790423697.471829,6.447672989452258
1790423697.4737058,35.27271602069959
1790423697.4815216,67.731070012087
1790423697.4910183,27.876779000507668
1790423697.4911187,37.463285989360884
1790423697.4928102,46.954856981756166
1790423697.4970555,27.627385017694905
1790423697.498474,76.92561799194664
1790423697.500652,30.437035980867222
1790423697.5009902,14.381225017132238
1790423697.5016227,24.431872996501625
1790423697.5037217,22.845551022328436
1790423697.5039363,8.743654994759709
1790423697.5044968,37.89704601513222
1790423697.5048172,30.635364004410803
1790423697.5048797,3.033537999726832
1790423697.5072796,11.487531010061502
1790423697.5078177,40.73151299962774
1790423697.5093653,57.949190988438204
1790423697.5096,20.13830599025823
1790423697.5097578,9.75543400272727
1790423697.5107837,76.10142300836742
1790423697.510884,37.836456001969054
1790423697.5121355,2.0241189922671765
1790423697.5133545,52.975361002609134
1790423697.5152225,16.73576098983176
1790423697.5160122,27.03325101174414
1790423697.51634,41.15089899278246
1790423697.5166528,5.34057998447679
1790423697.516873,44.78193502291106
1790423697.5186043,50.14785099774599
1790423697.51909,3.8567799783777446
1790423697.528606,1.834791008150205
1790423697.5321019,2.423981000902131
1790423697.534572,1.4395170146599412
1790423697.5377355,3.1528209801763296
1790423697.5379722,6.763583980500698
1790423697.5389614,22.03323697904125
1790423697.539067,31.424821994733065
1790423697.5392005,3.1888660159893334
1790423697.541187,28.489565011113882
1790423697.5413766,23.338881990639493
1790423697.5422664,10.64848099485971
1790423697.542645,3.4244190028402954
1790423697.5430748,1.6891749983187765
1790423697.5477197,1.6472029965370893
1790423697.5515356,1.7251330136787146
1790423697.562923,1.5155140135902911
1790423697.5633707,23.615790996700525
1790423697.563758,28.563227999256924
1790423697.5641537,11.41654999810271
1790423697.56997,2.440381998894736
1790423697.5720587,16.937595995841548
1790423697.57442,30.15064899227582
1790423697.5749907,4.062615014845505
1790423697.5757196,6.811886007199064
1790423697.577558,7.227299007354304
1790423697.5776737,27.068916999269277
1790423697.5777426,19.878835999406874
1790423697.584939,1.8068189965561032
1790423697.5875,2.449610998155549
1790423697.6102579,15.207970980554819
1790423697.6106231,36.6951999894809
1790423697.6107643,3.4147260012105107
1790423697.6108377,30.301956983748823
1790423697.6172538,8.664669003337622
1790423697.6178493,30.294750002212822
1790423697.6186619,22.9199800232891
1790423697.6208737,5.42468301136978
1790423697.6212182,34.4825999927707
1790423697.622868,5.599409982096404
1790423697.6233492,10.488077998161316
1790423697.6234677,26.996295986464247
1790423697.6240916,29.958516010083258
1790423697.6247308,6.6820109786931425
1790423697.624844,4.540497000562027
1790423697.625182,27.95442199567333
1790423697.6268072,1.506197004346177
1790423697.6331153,1.6873419808689505
1790423697.6372724,64.18264299281873
1790423697.6376057,23.66761601297185
1790423697.6386662,19.6036989800632
1790423697.6389997,35.17853797529824
1790423697.6393142,4.844606010010466
1790423697.64446,1.9596319762058556
1790423697.6626575,27.750843000831082
1790423697.66307,17.608788009965792
1790423697.6633446,35.72672698646784
1790423697.6634674,8.371228002943099
1790423697.664366,28.590019006514922
1790423697.6654131,5.765651003457606
1790423697.6655512,19.266825023805723
1790423697.665625,37.14006001246162
1790423697.6685214,1.4418390055652708
1790423697.670464,36.62050198181532
1790423697.6706426,29.09507101867348
1790423697.672301,24.97449901420623
1790423697.6732092,11.484028014820069
1790423697.6754522,26.21705798082985
1790423697.675727,9.314277005614713
1790423697.6758292,32.3620910057798
1790423697.6767545,4.4438629993237555
1790423697.677561,5.499154009157792
1790423697.6776562,3.677533008158207
1790423697.6777248,6.086718000005931
1790423697.6815834,1.4534259971696883
1790423697.6822395,1.4850570005364716
1790423697.6859283,1.4070690085645765
1790423697.6988254,2.3995329975150526
1790423697.7005281,3.3226100204046816
1790423697.708747,2.1198500180616975
1790423697.7094803,1.9621020182967186
1790423697.7099247,27.642121975077316
1790423697.710284,25.244641001336277
1790423697.710361,12.654819001909345
1790423697.712314,17.238481988897547
1790423697.713098,26.6602230258286
1790423697.7131639,13.144680997356772
1790423697.7205467,1.7269229865632951
1790423697.725179,1.5883829910308123
1790423697.7293777,1.5000700077507645
1790423697.7309215,1.3396459980867803
1790423697.7322893,1.3567350106313825
1790423697.7453854,10.520968004129827
1790423697.7454593,18.24981698882766
1790423697.7455266,27.62714901473373
1790423697.7464337,2.6572160131763667
1790423697.74673,3.7076720036566257
1790423697.7468462,4.320946987718344
1790423697.7474194,2.468693011905998
1790423697.7501547,1.3327720225788653
1790423697.7551835,1.2429070193320513
1790423697.7612798,2.755291003268212
1790423697.7613328,3.3177569857798517
1790423697.7693005,1.384493982186541
1790423697.774656,1.5963449841365218
1790423697.7850993,25.50661700661294
1790423697.7852879,6.238469999516383
1790423697.7853749,27.82405199832283
1790423697.794879,15.299567981855944
1790423697.7952304,36.01559199159965
1790423697.7953086,30.939076998038217
1790423697.7978604,2.102956990711391
1790423697.799611,29.342863999772817
1790423697.7997057,14.112511009443551
1790423697.8031616,2.019103994825855
1790423697.803493,1.7657580028753728
1790423697.8122022,24.006368010304868
1790423697.8123722,28.856770019046962
1790423697.8126557,7.2439530049450696
1790423697.8178499,2.2822679893579334
1790423697.8183963,2.2640769893769175
1790423697.8191357,2.3827329860068858
1790423697.8207269,1.5801209956407547
1790423697.821269,1.388379983836785
1790423697.8232207,1.472603005822748
1790423697.8251753,1.3427999801933765
1790423697.8257594,1.3126709964126348
1790423697.8297765,1.6890779952518642
1790423697.82983,2.1272610174492
1790423697.8408606,1.5231129946187139
1790423697.8459384,3.5439429921098053
1790423697.8473425,1.379380002617836
1790423697.8479478,1.3248769973870367
1790423697.8596716,1.6084109956864268
1790423697.8624983,19.545446994015947
1790423697.87127,27.949565992457792
1790423697.8740647,29.67814399744384
1790423697.8741872,23.759210016578436
1790423697.8750558,23.93178700003773
1790423697.8757012,5.968918005237356
1790423697.8762622,32.486053998582065
1790423697.8785963,6.993536982918158
1790423697.8787923,4.595934995450079
1790423697.8804896,3.3358030195813626
1790423697.880778,2.6813069998752326
1790423697.8813164,2.41222299518995
1790423697.898769,2.1886260074097663
1790423697.903278,28.21042700088583
1790423697.9074886,34.728917002212256
1790423697.9079163,8.262768998974934
1790423697.908114,17.09810900501907
1790423697.9127946,9.378997987369075
1790423697.9131627,31.377555016661063
1790423697.9133384,13.027520995819941
1790423697.9134696,17.534392012748867
1790423697.9135828,37.77379999519326
1790423697.9137146,21.869910007808357
1790423697.918485,1.6089670243673027
1790423697.9204044,1.9092060101684183
1790423697.9263055,1.8287780112586915
1790423697.932591,23.03199699963443
1790423697.9326813,2.079558005789295
1790423697.935918,1.4137469988781959
1790423697.9365256,16.986526985419914
1790423697.9380789,6.710268004098907
1790423697.9381917,34.12849601591006
1790423697.9406772,2.317313017556444
1790423697.941084,3.672563994769007
1790423697.9418962,1.6512730217073113
1790423697.9437723,27.57303000544198
1790423697.9460008,6.7312580067664385
1790423697.9463434,32.13639001478441
1790423697.9464896,25.656901008915156
1790423697.948087,15.0013139937073
1790423697.9482117,3.7875419948250055
1790423697.9505105,3.0159580055624247
1790423697.9506476,3.8177329988684505
1790423697.9542546,1.3237149978522211
1790423697.966285,16.9123419909738
1790423697.9725254,1.5755829808767885
1790423697.974026,25.52596598980017
1790423697.974697,1.60888402024284
1790423697.9822083,23.568019998492673
1790423697.982279,3.0757069762330502
1790423697.984927,1.6110590077005327
1790423697.988935,25.94327600672841
1790423697.989506,19.453995017101988
1790423697.9895723,9.586422995198518
1790423697.991277,1.3839929888490587
1790423697.9939852,1.4067990123294294
1790423697.9997265,1.3004810025449842
1790423698.0018392,1.183551998110488
1790423698.0043297,1.9059769983869046
1790423698.0046086,1.651330996537581
1790423698.0051584,1.3556909980252385
1790423698.012277,1.5566350193694234
1790423698.0179653,1.8685090180952102
1790423698.0236042,1.3932029833085835
1790423698.0258844,1.4164969907142222
1790423698.0292118,1.619444985408336
1790423698.0308375,1.5003029839135706
1790423698.035043,1.6673729987815022
1790423698.0406735,1.451597985578701
1790423698.0528016,1.6921089845709503
1790423698.0544524,1.3803789915982634
1790423698.0609462,2.2788439819123596
1790423698.0617516,2.48090602690354
1790423698.070678,1.881787000456825
1790423698.0728354,1.898456015624106
1790423698.075211,1.8109660013578832
1790423698.0793345,18.377702974248677
1790423698.0799806,2.585661015473306
1790423698.0803423,4.4686760229524225
1790423698.0804527,28.381016018101946
1790423698.0844533,1.5479190042242408
1790423698.0942783,1.6529089771211147
1790423698.1013396,1.8994029960595071
1790423698.1183848,14.043862989638
1790423698.120791,2.1329039882402867
1790423698.1334994,27.04936600639485
1790423698.1342852,31.012902996735647
1790423698.1345634,9.103210002649575
1790423698.1365805,19.671590998768806
1790423698.1371493,13.27052598935552
1790423698.1376424,37.735885998699814
1790423698.1383183,3.7421849847305566
1790423698.139833,3.225532011128962
1790423698.150828,18.173999997088686
1790423698.1513593,25.041152024641633
1790423698.1548884,16.557325987378135
1790423698.155002,38.77007498522289
1790423698.155224,6.185133999679238
1790423698.1583173,14.32727900100872
1790423698.160467,35.67946099792607
1790423698.1618843,22.037599002942443
1790423698.1721032,28.71452399995178
1790423698.1781738,17.179271002532914
1790423698.1798263,23.561815003631637
1790423698.1858957,18.205066997325048
1790423698.1903305,37.5032729934901
1790423698.1959584,53.37683402467519
1790423698.1966956,51.87961898627691
1790423698.2043653,55.80035998718813
1790423698.2073348,26.911847991868854
1790423698.2074876,52.203521016053855
1790423698.2156441,56.39006500132382
1790423698.219317,16.886575001990423
1790423698.2205415,5.798645986942574
1790423698.2214413,63.609534001443535
1790423698.221555,12.167803011834621
1790423698.2216668,45.394040003884584
1790423698.222801,33.91368000302464
1790423698.2239184,55.490297003416345
1790423698.224545,27.443970000604168
1790423698.224847,47.959493997041136
1790423698.2249267,14.790051995078102
1790423698.2254078,9.037834010086954
1790423698.2263548,23.07848198688589
1790423698.2279632,36.44486001576297
1790423698.228477,22.045684017939493
1790423698.228552,17.594638018636033
1790423698.2287636,6.344314984744415
1790423698.2292147,59.95839898241684
1790423698.2294343,12.289306003367528
1790423698.2313406,5.922969983657822
1790423698.2328541,4.080359009094536
1790423698.2335806,58.06739500258118
1790423698.2337506,2.3991620109882206
1790423698.2347145,1.8506129854358733
1790423698.2371194,1.4996750105638057
1790423698.2419076,60.71648400393315
1790423698.2424934,85.15999501105398
1790423698.2428856,2.3091290204320103
1790423698.243001,68.43673399998806
1790423698.2432997,41.71835901797749
1790423698.2435355,35.08306498406455
1790423698.245607,26.27927000867203
1790423698.2461505,33.12571800779551
1790423698.246256,16.61486501689069
1790423698.246395,9.157566993962973
1790423698.2468803,2.7332750032655895
1790423698.2491071,1.395893021253869
1790423698.2589033,1.6619460075162351
1790423698.2639368,1.432821009075269
1790423698.2673135,2.4480739957652986
1790423698.267783,1.7748149984981865
1790423698.270245,1.5475749969482422
1790423698.270528,1.327445002971217
1790423698.2758865,17.714542016619816
1790423698.2765114,23.89120199950412
1790423698.276658,9.818088990869
1790423698.2782266,2.8523979999590665
1790423698.278806,2.740316995186731
1790423698.2837307,1.9325299945194274
1790423698.2843626,1.425667986040935
1790423698.2950861,2.0538829849101603
1790423698.296716,1.762366999173537
1790423698.3021982,1.7598030099179596
1790423698.302281,2.2489169787149876
1790423698.3040404,27.10027899593115
1790423698.304228,25.991626986069605
1790423698.3048804,10.993306990712881
1790423698.3051684,2.381498023169115
1790423698.3076513,1.4541300188284367
1790423698.310759,1.9182509859092534
1790423698.3108265,2.486147015588358
1790423698.317715,1.5757859800942242
1790423698.3229907,1.6121859953273088
1790423698.3306477,26.273656985722482
1790423698.330754,25.052598997717723
1790423698.330992,19.11734399618581
1790423698.3320067,3.9446409791707993
1790423698.335001,21.25232099206187
1790423698.335643,6.918045983184129
1790423698.335732,28.031541005475447
1790423698.3424273,3.4830189833883196
1790423698.349322,18.320153991226107
1790423698.3499274,5.515325989108533
1790423698.3504298,32.575568999163806
1790423698.3512912,13.904699007980525
1790423698.3664618,19.6875509864185
1790423698.3669147,6.238386005861685
1790423698.367007,33.04139000829309
1790423698.3701036,20.16548498068005
1790423698.3707166,31.010125996544957
1790423698.3707814,2.869914984330535
1790423698.3747203,2.036924008280039
1790423698.3748443,23.54114901390858
1790423698.3763702,35.00536901992746
1790423698.3765004,5.591594002908096
1790423698.3765962,35.83452198654413
1790423698.3771095,17.22918701125309
1790423698.3825583,29.94527801638469
1790423698.382694,11.179445020388812
1790423698.3923879,2.600993000669405
1790423698.392494,2.634307980770245
1790423698.3996592,1.8480260041542351
1790423698.4057016,30.48292698804289
1790423698.4058356,12.350934994174168
1790423698.4069347,10.97803597804159
1790423698.407328,28.810622985474765
1790423698.4074485,22.093609004514292
1790423698.4075346,2.754491986706853
1790423698.4139273,2.3535999935120344
1790423698.413991,1.9737809780053794
1790423698.4162147,1.8843009893316776
1790423698.4181948,2.776688983431086
1790423698.418754,2.0882250100839883
1790423698.4191132,1.5354299976024777
1790423698.4231694,1.4710259856656194
1790423698.4247046,1.408973999787122
1790423698.4502103,12.715876015136018
1790423698.4647186,23.853961989516392
1790423698.465841,40.20050397957675
1790423698.4739797,11.037151998607442
1790423698.4741583,40.074629010632634
1790423698.4753585,32.85244802827947
1790423698.4754515,38.84240597835742
1790423698.4783435,30.949006002629176
1790423698.4798195,47.284687985666096
1790423698.479908,38.0337709793821
1790423698.4858384,33.57438000966795
1790423698.4875467,56.52466602623463
1790423698.491574,64.52775100478902
1790423698.494679,23.63789698574692
1790423698.4956548,46.56298100599088
1790423698.4978511,44.827335979789495
1790423698.4980667,21.00223899469711
1790423698.4981668,24.832440016325563
1790423698.498374,8.701930986717343
1790423698.4996257,24.407693999819458
1790423698.5006773,24.383531999774277
1790423698.504152,45.88923099800013
1790423698.5052948,31.01701501873322
1790423698.5068724,49.6888019843027
1790423698.5069697,25.305499002570286
1790423698.50713,11.331668007187545
1790423698.5083778,23.305679991608486
1790423698.5087948,4.104088002350181
1790423698.5089035,38.81790200830437
1790423698.508992,9.10082898917608
1790423698.5217283,1.9046110101044178
1790423698.5240953,45.697620982537046
1790423698.5241702,20.8825430017896
1790423698.5243056,35.66259698709473
1790423698.5252604,2.684948005480692
1790423698.5346627,1.7619389982428402
1790423698.5357027,1.7713080160319805
1790423698.5362751,1.2685019755735993
1790423698.542095,1.4150550123304129
1790423698.5430403,1.5655310126021504
1790423698.5474982,1.6499340126756579
1790423698.5498426,1.60064798546955
1790423698.550247,2.4493319797329605
1790423698.5529175,1.7663489852566272
1790423698.5535386,1.8115249986294657
1790423698.5590482,1.789355999790132
1790423698.5644817,22.08425401477143
1790423698.565044,25.699189980514348
1790423698.565121,14.477919990895316
1790423698.5726428,2.075457014143467
1790423698.5829816,1.374262006720528
1790423698.5903208,24.76460501202382
1790423698.5904005,15.292764990590513
1790423698.5932777,1.7344559892080724
1790423698.5979505,1.7585820169188082
1790423698.6001408,28.36447299341671
1790423698.6004226,23.184482997749
1790423698.6020303,5.12179100769572
1790423698.6023133,3.0421359988395125
1790423698.6029003,2.0712199911940843
1790423698.604511,1.4211800007615238
1790423698.6166444,2.068751025944948
1790423698.6174834,1.7533939972054213
1790423698.6229172,24.831538001308218
1790423698.6247883,13.530878000892699
1790423698.6250262,32.73532001185231
1790423698.6257184,2.23184100468643
1790423698.63866,25.372508011059836
1790423698.6389887,13.260203006211668
1790423698.639057,27.067769988207147
1790423698.645928,1.4836360060144216
1790423698.648296,1.8699599895626307
1790423698.648705,1.5195799933280796
1790423698.6547039,1.7868980066850781
1790423698.6556425,1.3606039865408093
1790423698.6579115,1.4454490155912936
1790423698.659903,1.269829022930935
1790423698.6622307,1.3753189996350557
1790423698.6650171,1.2689119903370738
1790423698.6656358,1.2591650011017919
1790423698.685502,1.7656609998084605
1790423698.6879616,3.3019669936038554
1790423698.6963966,1.699932006886229
1790423698.7073915,21.254905994283035
1790423698.70815,31.320437003159896
1790423698.708305,10.089831979712471
1790423698.714358,2.011421020142734
1790423698.7182403,1.8087610078509897
1790423698.7202897,26.845228974707425
1790423698.720783,13.378144009038806
1790423698.721418,34.3746000144165
1790423698.7218113,2.4671819992363453
1790423698.7257063,31.639018998248503
1790423698.726176,35.697432002052665
1790423698.7275164,19.03011600370519
1790423698.727621,5.137883999850601
1790423698.731523,2.3177170078270137
1790423698.7334368,3.1561999931000173
1790423698.7338688,1.707033021375537
1790423698.7448611,21.551548008574173
1790423698.746034,30.140473012579605
1790423698.7462127,9.835514996666461
1790423698.7654903,15.174045984167606
1790423698.7656033,34.297550009796396
1790423698.7729726,31.13157700863667
1790423698.7731824,17.910788010340184
1790423698.7732687,16.993944998830557
1790423698.7735744,28.514035016996786
1790423698.7828393,1.8902540032286197
1790423698.7840247,2.08576800650917
1790423698.7847056,1.5235570026561618
1790423698.789639,3.5111360193695873
1790423698.7901201,3.4383249876555055
1790423698.7905972,2.824248018441722
1790423698.790728,3.538618009770289
1790423698.7949357,1.5872000076342374
1790423698.8096204,1.4255319838412106
1790423698.8112779,1.5296009951271117
1790423698.815479,25.62594600021839
1790423698.8155496,21.6778919857461
1790423698.8160937,1.8676109903026372
1790423698.8276534,22.609222010942176
1790423698.8309464,25.269511999795213
1790423698.8310614,7.889079017331824
1790423698.8524377,28.740740002831444
1790423698.8528817,24.276449985336512
1790423698.854294,7.735464023426175
1790423698.861213,31.39290798571892
1790423698.8693902,22.14578099665232
1790423698.8709629,26.060574979055673
1790423698.8727093,32.500758999958634
1790423698.8816063,28.019757999572903
1790423698.8841097,31.42589799244888
1790423698.8898997,50.813415000448
1790423698.8956933,37.741665000794455
1790423698.8959062,31.694573001004755
1790423698.8969,27.492394001455978
1790423698.8976035,45.74856098042801
1790423698.9035265,19.400813995162025
1790423698.904827,54.02119900099933
1790423698.9050956,38.77721700700931
1790423698.905667,61.631131975445896
1790423698.9058187,69.76624400704168
1790423698.9101014,60.69339701207355
1790423698.9116004,31.38992897584103
1790423698.914486,27.110743016237393
1790423698.9199014,51.700926007470116
1790423698.9245458,42.53201399114914
1790423698.9251306,29.213633009931073
1790423698.925629,55.77487900154665
1790423698.9261453,25.44471900910139
1790423698.9262419,33.794889983255416
1790423698.9267309,17.532703990582377
1790423698.927244,33.73044400359504
1790423698.9274073,38.708745007170364
1790423698.927775,25.749218999408185
1790423698.9278665,54.05380099546164
1790423698.9281287,12.661056010983884
1790423698.9352179,72.51076499233022
1790423698.9360054,77.307229017606
1790423698.9367754,50.91000199900009
1790423698.938525,48.082896013511345
1790423698.9386876,35.147189017152414
1790423698.9388885,9.673947002738714
1790423698.9389875,44.29019399685785
1790423698.9394457,2.661055012140423
1790423698.9398181,3.679474990349263
1790423698.9447393,13.098127004923299
1790423698.9453342,43.92683901824057
1790423698.9454532,3.868379018967971
1790423698.9455247,38.22373299044557
1790423698.9456208,3.4408360079396516
1790423698.9461412,3.298747993540019
1790423698.9515736,1.2325969873927534
1790423698.9541728,1.2229830026626587
1790423698.9565437,1.2487639905884862
1790423698.9651835,1.2533519766293466
1790423698.9706838,1.3880879851058125
1790423698.9744759,1.7224389885086566
1790423698.9808717,23.258887988049537
1790423698.9810097,21.917503006989136
1790423698.9814377,1.6310199862346053
1790423698.9859865,2.286052011186257
1790423698.9860566,1.8937019922304899
1790423698.9909961,1.6279499977827072
1790423698.992592,24.177040992071852
1790423698.992926,2.872313983971253
1790423698.9930394,10.353435995057225
1790423698.99443,1.381285022944212
1790423698.9966846,1.6972569865174592
1790423698.9995558,1.7242559988517314
1790423699.002822,1.814316987292841
1790423699.0126998,2.719659998547286
1790423699.0128505,2.1428590116556734
1790423699.012929,3.405466995900497
1790423699.0152514,1.5719409857410938
1790423699.017962,1.5931279922369868
1790423699.024064,28.566562017658725
1790423699.0245264,3.4526730014476925
1790423699.0249395,11.787328985519707
1790423699.02528,2.994100999785587
1790423699.0253673,17.10991800064221
1790423699.046447,18.69700098177418
1790423699.0521698,23.087089008186013
1790423699.0577292,14.22212299075909
1790423699.0607715,18.01432599313557
1790423699.0613558,6.545840005856007
1790423699.062454,36.36767901480198
1790423699.0654378,4.071711999131367
1790423699.0657902,40.359554026508704
1790423699.0660825,44.35392300365493
1790423699.066342,39.6132429887075
1790423699.066591,7.184287998825312
1790423699.0672894,26.69003899791278
1790423699.0673857,23.221538023790345
1790423699.0677142,39.506364992121235
1790423699.067962,4.202876007184386
1790423699.0680919,22.324755002046004
1790423699.0689135,2.3101090046111494
1790423699.0711336,1.4081480039749295
1790423699.0770874,1.607531012268737
1790423699.0811644,1.7121019773185253
1790423699.1022573,22.3106799821835
1790423699.1045208,18.556123977759853
1790423699.104964,28.699480986688286
1790423699.1075306,2.121234021615237
1790423699.1079636,4.4058290077373385
1790423699.108033,33.059881010558456
1790423699.1112301,29.16834899224341
1790423699.1115649,10.497998999198899
1790423699.1116588,3.849701985018328
1790423699.1121213,2.1630090195685625
1790423699.1138122,1.4411409792955965
1790423699.1160622,1.472934993216768
1790423699.1232789,5.614465015241876
1790423699.1242893,5.88166099623777
1790423699.124715,5.717294989153743
1790423699.1247895,35.15581201645546
1790423699.1248918,21.986784995533526
1790423699.1254556,16.739179991418496
1790423699.1255803,8.552473009331152
1790423699.1257124,5.997391999699175
1790423699.1271439,1.6772480157669634
1790423699.1296558,1.4509729808196425
1790423699.132803,1.9427189836278558
1790423699.1451137,1.721905020531267
1790423699.1488078,1.990156015381217
1790423699.1527808,15.66142198862508
1790423699.1533926,29.092757002217695
1790423699.153528,32.78006799519062
1790423699.1544702,1.6773410025052726
1790423699.1582248,1.6835989954415709
1790423699.1643794,1.9454139983281493
1790423699.1648188,22.764297027606517
1790423699.1649003,8.977933990536258
1790423699.1649659,33.46650500316173
1790423699.1692815,1.6532800218556076
1790423699.1700783,1.7473750049248338
1790423699.1707888,1.4978739782236516
1790423699.1724002,1.3397099974099547
1790423699.1796513,1.4715539873577654
1790423699.1802125,1.3991290179546922
1790423699.1976802,11.733511986676604
1790423699.2130847,3.050544997677207
1790423699.2131882,27.68003600067459
1790423699.2235098,27.698148012859747
1790423699.225168,34.45166800520383
1790423699.2252772,10.010035999584943
1790423699.2280662,1.6768430068623275
1790423699.2312331,2.569304022472352
1790423699.2313306,32.04433698556386
1790423699.2329016,28.45721901394427
1790423699.2342007,31.635606981581077
1790423699.2343366,9.992183011490852
1790423699.2351553,17.16853299876675
1790423699.2359416,2.5676579971332103
1790423699.2360249,37.70868500578217
1790423699.2360976,6.1981309845577925
1790423699.265868,27.420061000157148
1790423699.2745922,2.519786008633673
1790423699.2746804,27.669555973261595
1790423699.2804809,13.457476015901193
1790423699.290213,17.30769799905829
1790423699.2908442,39.10498699406162
1790423699.2913334,62.14626200380735
1790423699.2927022,2.5940400082618
1790423699.2981339,43.020492972573265
1790423699.2999258,1.4335600135382265
1790423699.3021104,60.53118500858545
1790423699.3025782,61.551961000077426
1790423699.3026948,45.97758699674159
1790423699.3039696,20.987084018997848
1790423699.3040502,46.06108702137135
1790423699.304415,19.823291018838063
1790423699.3046482,12.988273985683918
1790423699.3049393,14.703391992952675
1790423699.3049953,4.460065014427528
1790423699.3076904,1.563581987284124
1790423699.3118308,1.4620170113630593
1790423699.312986,27.441784011898562
1790423699.314549,32.48844700283371
1790423699.3158092,6.544180010678247
1790423699.3158996,22.16747700003907
1790423699.3167574,1.5550690004602075
1790423699.3203495,3.582833014661446
1790423699.320784,3.4688279847614467
1790423699.3223417,1.9814340048469603
1790423699.3224983,3.100753005128354
1790423699.3234963,2.263429982122034
1790423699.331749,6.858550012111664
1790423699.334412,1.5443549782503396
1790423699.3403146,17.54750599502586
1790423699.341783,29.413806012598798
1790423699.3419378,23.92631399561651
1790423699.3423214,4.206388985039666
1790423699.3535316,14.982876979047433
1790423699.3588817,33.46284999861382
1790423699.3629117,33.22735699475743
1790423699.3632317,17.541540990350768
1790423699.363431,31.27660698373802
1790423699.363523,18.51561598596163
1790423699.3700173,28.89595497981645
1790423699.3751552,15.49657600116916
1790423699.375247,30.63395799836144
1790423699.3772676,1.632761996006593
1790423699.3794532,1.464834000216797
1790423699.3810716,33.47436198964715
1790423699.3811538,19.76172300055623
1790423699.3847792,1.5013980155345052
1790423699.3890758,1.9570010190363973
1790423699.3963292,1.4192620001267642
1790423699.4012997,4.4806330115534365
1790423699.4025314,2.5888239906635135
1790423699.4025962,3.1692830089014024
1790423699.40597,17.61935098329559
1790423699.4078357,10.032153979409486
1790423699.4079664,27.962124004261568
1790423699.4088283,1.537403994007036
1790423699.4130685,23.625099973287433
1790423699.4138808,27.72268300759606
1790423699.4154322,16.96159300627187
1790423699.4156954,4.3381509894970804
1790423699.4159107,3.846006002277136
1790423699.4164948,1.8304999975953251
1790423699.4191117,1.4171490038279444
1790423699.4222474,1.3245520240161568
1790423699.423643,1.2837350077461451
1790423699.4285269,1.3019439938943833
1790423699.4355614,1.5701809898018837
1790423699.4448566,1.5265709953382611
1790423699.4504194,5.550094996578991
1790423699.45051,21.558309003012255
1790423699.45878,3.133805003017187
1790423699.4605477,4.0146830142475665
1790423699.46096,2.6627379993442446
1790423699.469998,33.174731011968106
1790423699.470159,10.821422009030357
1790423699.4702458,17.16659902012907
1790423699.4801016,2.2935100132599473
1790423699.494673,37.15254398412071
1790423699.494877,15.949252003338188
1790423699.495685,3.104979987256229
1790423699.4960215,29.331541998544708
1790423699.4985635,2.531923004426062
1790423699.5039942,33.27815298689529
1790423699.5040889,37.94085999834351
1790423699.5041704,20.755995996296406
1790423699.5093083,32.23877400159836
1790423699.5104458,33.942505979212
1790423699.510517,22.97584799816832
1790423699.5125523,1.6669920005369931
1790423699.517299,1.748782000504434
1790423699.521697,1.4468209992628545
1790423699.5242097,28.292924020206556
1790423699.524321,1.7452400061301887
1790423699.5243988,8.3614359900821
1790423699.5259662,1.46394400508143
1790423699.53697,18.375991989159957
1790423699.5375717,25.82215500297025
1790423699.537645,9.258300007786602
1790423699.5481033,1.778518984792754
1790423699.5489511,1.5422629949171096
1790423699.5543535,2.440194017253816
1790423699.5548046,2.2148950083646923
1790423699.5581365,28.206546005094424
1790423699.5601714,10.32189599936828
1790423699.560257,3.944927011616528
1790423699.560332,32.483012008015066
1790423699.562312,16.811399022117257
1790423699.565191,14.723742991918698
1790423699.5653667,31.544597004540265
1790423699.5660408,9.18692201958038
1790423699.567186,2.9079999949317425
1790423699.5672688,1.7695300048217177
1790423699.5758138,1.4620950096286833
1790423699.5828362,24.6879420010373
1790423699.5832825,10.502374003408477
1790423699.5836165,5.201456981012598
1790423699.5838003,30.515602993546054
1790423699.58389,6.170366978039965
1790423699.5912352,28.215893980814144
1790423699.5924237,19.050720002269372
1790423699.5937066,12.628680997295305
1790423699.595192,39.60185602772981
1790423699.5977914,6.357640988426283
1790423699.6003954,6.678200006717816
1790423699.6044238,1.9689350156113505
1790423699.6076853,19.650504022138193
1790423699.6077578,11.560456012375653
1790423699.6078334,30.623735015979037
1790423699.6111367,2.5570529978722334
1790423699.6114872,20.237765013007447
1790423699.6115944,32.66830698703416
1790423699.611803,13.999882998177782
1790423699.614922,2.469369996106252
1790423699.628093,13.892621995182708
1790423699.643604,45.179943001130596
1790423699.6459656,24.44590802770108
1790423699.6460433,7.004923012573272
1790423699.6461284,29.547978017944843
1790423699.647382,32.31808199780062
1790423699.6494498,36.28669399768114
1790423699.6543157,59.85993999638595
1790423699.662781,37.63253698707558
1790423699.6701813,32.060408004326746
1790423699.6711886,60.5820230266545
1790423699.671799,35.23212601430714
1790423699.6749074,26.28289899439551
1790423699.6756523,63.731747010024264
1790423699.676075,46.68706998927519
1790423699.6761749,17.02357898466289
1790423699.684551,22.889959975145757
1790423699.6863787,29.90374999353662
1790423699.6866803,46.133933996316046
1790423699.6902547,66.62307897931896
1790423699.6950278,47.25051700370386
1790423699.6953006,38.21714699734002
1790423699.702946,60.715044994140044
1790423699.7083082,40.25322201778181
1790423699.7167637,50.61390800983645
1790423699.7169836,46.49097900255583
1790423699.7196085,66.01862001116388
1790423699.724139,99.55853200517595
1790423699.7249675,66.35923800058663
1790423699.725259,48.952343000564724
1790423699.7253556,51.740471011726186
1790423699.7258618,60.67097300547175
1790423699.7302678,58.063740987563506
1790423699.7320964,43.35452200029977
1790423699.7336693,64.2012330063153
1790423699.7367253,54.72554999869317
1790423699.7370143,59.13832699297927
1790423699.7375095,39.33247600798495
1790423699.7390232,31.73938099644147
1790423699.7454937,41.815503005636856
1790423699.745653,54.340556991519406
1790423699.7472534,35.64556999481283
1790423699.7481356,8.928105002269149
1790423699.7488697,21.548649005126208
1790423699.7491288,63.248430989915505
1790423699.7508764,2.726284001255408
1790423699.751039,36.74289400805719
1790423699.754629,48.28522901516408
1790423699.7576115,80.26220800820738
1790423699.758197,44.913299003383145
1790423699.758701,70.58402101392858
1790423699.7595336,27.151903021149337
1790423699.7602437,17.010186973493546
1790423699.7603323,10.55925601394847
1790423699.7610521,94.36295001069084
1790423699.7644515,103.97989800549112
1790423699.7650383,80.09582897648215
1790423699.7652042,82.36835600109771
1790423699.7682273,7.0098489813972265
1790423699.768872,35.82935698796064
1790423699.7700903,61.44961400423199
1790423699.7702591,54.93550101527944
1790423699.7704885,5.9174759953748435
1790423699.7716267,27.583918999880552
1790423699.7725654,1.9199399976059794
1790423699.7727265,51.433993998216465
1790423699.7740138,8.25789402006194
1790423699.7741003,23.05154097848572
1790423699.7748208,1.568070991197601
1790423699.77495,39.58594601135701
1790423699.7864437,1.6885939985513687
1790423699.788771,1.5086960047483444
1790423699.7947214,27.534821012523025
1790423699.796011,11.760620982386172
1790423699.7967255,30.419307004194707
1790423699.7975175,41.43778298748657
1790423699.797696,7.612704008352011
1790423699.7977881,51.31711298599839
1790423699.798403,56.03827800950967
1790423699.7986155,99.27431799587794
1790423699.7986808,16.53239398729056
1790423699.798769,35.79951002029702
1790423699.7990763,9.550785995088518
1790423699.7999794,7.075050001731142
1790423699.80105,4.313440003897995
1790423699.8014536,2.3441230005118996
1790423699.8039746,1.336782006546855
1790423699.8070893,1.4476430078502744
1790423699.8086538,1.4766929962206632
1790423699.808953,1.3196840009186417
1790423699.8260264,21.212275023572147
1790423699.8283699,10.113820986589417
1790423699.828582,28.529200004413724
1790423699.8293614,6.4940250013023615
1790423699.8296592,4.218618996674195
1790423699.8303757,3.033504995983094
1790423699.8304381,2.6101320108864456
1790423699.8388999,1.7251129902433604
1790423699.8389702,2.426524006295949
1790423699.8440273,4.912566015264019
1790423699.845836,6.0454930062405765
1790423699.8460739,6.515258020954207
1790423699.8468294,2.791866019833833
1790423699.8469033,3.7611330044455826
1790423699.861733,13.26150499517098
1790423699.8759274,28.740784007823095
1790423699.8770926,36.89643699908629
1790423699.8780103,22.348543017869815
1790423699.8787892,36.600251973140985
1790423699.8788774,6.424656981835142
1790423699.8793278,16.28027798142284
1790423699.8811033,39.6893399883993
1790423699.8818483,8.179850992746651
1790423699.88219,18.292572000063956
1790423699.8826642,34.906108980067074
1790423699.882999,7.793950993800536
1790423699.8830938,33.66862901020795
1790423699.8840768,1.8760560196824372
1790423699.8858714,31.581665010889992
1790423699.886327,33.94137998111546
1790423699.8871157,7.418210007017478
1790423699.8871908,17.844946996774524
1790423699.8889654,1.661299989791587
1790423699.8924189,2.644836000399664
1790423699.8934033,1.882880984339863
1790423699.9110014,1.5841469867154956
1790423699.913294,17.255237005883828
1790423699.913424,28.364507015794516
1790423699.9157288,2.1766120044048876
1790423699.9173388,10.135060991160572
1790423699.91795,27.690317016094923
1790423699.918673,3.5161639971192926
1790423699.919211,1.8622440111357719
1790423699.9266262,1.575103000504896
1790423699.9277184,1.9674229843076319
1790423699.9310164,2.4624729994684458
1790423699.931497,2.2145650000311434
1790423699.9318666,1.536052004666999
1790423699.9338639,24.973246996523812
1790423699.9343014,26.47056497517042
1790423699.934401,17.927227017935365
1790423699.934678,7.749376993160695
1790423699.9375892,1.5197060129139572
1790423699.9441636,2.2594479960389435
1790423699.9448056,2.370759000768885
1790423699.945449,2.291723998496309
1790423699.9458396,1.4837149938102812
1790423699.9471292,1.2804099824279547
1790423699.9477458,1.4182440063450485
1790423699.9528942,1.331620995188132
1790423699.954998,1.2266879784874618
1790423699.9649272,1.4137359976302832
1790423699.9693263,1.7009480216074735
1790423699.9695928,1.409934979164973
1790423699.973009,1.2588529789354652
1790423699.9790173,1.455493998946622
1790423699.9825556,1.566615013871342
1790423699.9904115,2.579060004791245
1790423699.9946105,2.1373390045482665
1790423699.9954133,2.2182520187925547
1790423700.0054967,3.170025011058897
1790423700.007634,6.043364992365241
1790423700.0077846,31.45994700025767
1790423700.0093637,3.5975440114270896
1790423700.0105598,34.97297901776619
1790423700.011176,6.821378017775714
1790423700.011293,15.3601530182641
1790423700.0118554,22.31516601750627
1790423700.0124485,3.568056010408327
1790423700.0131056,2.9991540068294853
1790423700.017088,25.588310993043706
1790423700.0174735,17.561535991262645
1790423700.018483,35.275241010822356
1790423700.0188313,13.930396002251655
1790423700.0189,2.9548020102083683
1790423700.0485466,18.400412023765966
1790423700.0488713,22.38633800880052
1790423700.052295,17.326767003396526
1790423700.0540216,30.036615004064515
1790423700.0562837,36.05710598640144
1790423700.0574207,8.388596004806459
1790423700.0575805,20.988472999306396
1790423700.0578177,25.64220898784697
1790423700.0587068,49.100653995992616
1790423700.0630748,37.28404501453042
1790423700.0646937,11.333054979331791
1790423700.0648177,26.384532015072182
1790423700.0685372,26.738749002106488
1790423700.06911,12.662299996009097
1790423700.069802,6.006084004184231
1790423700.0698955,41.36235101032071
1790423700.0763702,17.404998012352735
1790423700.0785446,1.5973809931892902
1790423700.0816727,23.844053997891024
1790423700.086507,23.1570290052332
1790423700.0923886,17.05628799390979
1790423700.0948503,33.69750900310464
1790423700.0955331,40.29697697842494
1790423700.0956862,6.236873014131561
1790423700.0961564,15.614567993907258
1790423700.0963545,43.108387995744124
1790423700.0964253,45.040172000881284
1790423700.0965037,30.15223197871819
1790423700.09662,14.720980019774288
1790423700.0968049,6.469883024692535
1790423700.097415,30.2620230067987
1790423700.097656,6.054546014638618
1790423700.0981643,4.2176489951089025
1790423700.1003911,1.617474015802145
1790423700.1012719,1.685999013716355
1790423700.1021526,1.5657609910704195
1790423700.104219,1.2593079882208258
1790423700.1074853,2.175875997636467
1790423700.1079895,1.5468570054508746
1790423700.1082656,2.3377059842459857
1790423700.110308,1.4911239850334823
1790423700.1144168,1.4076429943088442
1790423700.1158626,1.3560979859903455
1790423700.1188798,1.2774700007867068
1790423700.1217277,2.1671730210073292
1790423700.1224813,2.1389400062616915
1790423700.122999,1.9372719980310649
1790423700.1238654,1.3759249995928258
1790423700.1287405,2.190169005189091
1790423700.128808,1.7904839769471437
1790423700.129083,1.3806370261590928
1790423700.133893,1.2670119758695364
1790423700.1478992,1.8897770205512643
1790423700.148203,1.6086709802038968
1790423700.1500392,1.5923799946904182
1790423700.1503456,1.414425001712516
1790423700.1526067,1.1942939891014248
1790423700.1546695,1.2204380182083696
1790423700.1578496,2.089323999825865
1790423700.1594532,2.4034350062720478
1790423700.160309,2.292543009389192
1790423700.168978,1.6496469906996936
1790423700.1740706,2.0480579987633973
1790423700.1741512,2.577121980721131
1790423700.1842127,1.5240689972415566
1790423700.185684,16.09684299910441
1790423700.1868763,2.4264609965030104
1790423700.1871283,28.35688999039121
1790423700.1872213,12.73614400997758
1790423700.1893406,18.57576399925165
1790423700.1899846,11.118672002339736
1790423700.1900616,29.380021995166317
1790423700.2011707,1.4728739915881306
1790423700.208531,1.7285600188188255
1790423700.215255,1.582831988343969
1790423700.217299,24.282739002956077
1790423700.2173977,6.856222986243665
1790423700.2228575,1.7960440018214285
1790423700.2272365,2.9351389966905117
1790423700.2273252,1.843912003096193
1790423700.2322307,20.129420998273417
1790423700.232842,27.86727002239786
1790423700.2329137,8.051103999605402
1790423700.2366216,2.3193420202005655
1790423700.2369576,2.0868059946224093
1790423700.2379014,1.8062710005324334
1790423700.2430263,1.9408150110393763
1790423700.2431262,1.608086982741952
1790423700.2432055,2.586404007161036
1790423700.2452438,1.2223119847476482
1790423700.2465808,1.3284810120239854
1790423700.2509837,1.271248998818919
1790423700.2551134,2.5781699805520475
1790423700.2570035,2.4794110213406384
1790423700.2802634,22.176575992489234
1790423700.2805817,25.165058992570266
1790423700.2810361,3.436379018239677
1790423700.2819693,11.084811994805932
1790423700.2820969,30.22633699583821
1790423700.2821977,24.863414000719786
1790423700.2851703,20.196228986606002
1790423700.2852964,28.882332000648603
1790423700.286335,32.74077898822725
1790423700.2891965,3.46156902378425
1790423700.28949,2.3334380239248276
1790423700.2899008,1.9098009797744453
1790423700.2916772,44.368252012645826
1790423700.3010688,2.8657680086325854
1790423700.3016224,1.9793060200754553
1790423700.3030162,37.33788197860122
1790423700.3039048,40.74505201424472
1790423700.3044405,5.589493026491255
1790423700.3045125,17.85404302063398
1790423700.3068,1.5621280181221664
1790423700.3116014,1.3577929930761456
1790423700.317987,2.2286220046225935
1790423700.3249974,1.6849719977471977
1790423700.3279324,1.8026799953076988
1790423700.3332,1.6786449996288866
1790423700.3349204,1.7075380019377917
1790423700.3379943,17.738374008331448
1790423700.3383434,29.076403996441513
1790423700.3389423,9.570082009304315
1790423700.3390174,3.2586479792371392
1790423700.3443456,23.449427011655644
1790423700.3448164,13.96764800301753
1790423700.3449337,28.59362500021234
1790423700.3456342,1.733530982164666
1790423700.3531253,1.871070999186486
1790423700.353804,1.4581959985662252
1790423700.3552148,1.4014529879204929
1790423700.3554714,1.2041929876431823
1790423700.361813,1.6541180084459484
1790423700.3624568,1.4234029804356396
1790423700.3664005,2.100954996421933
1790423700.3676355,3.953038016334176
1790423700.3677123,2.398176002316177
1790423700.3677652,2.8153780149295926
1790423700.380261,1.4450970047619194
1790423700.3835857,1.3687160098925233
1790423700.3904314,1.340450020506978
1790423700.3912628,1.6692450153641403
1790423700.391892,1.3208150048740208
1790423700.395205,2.395521994912997
1790423700.3953226,3.0246700043790042
1790423700.3958747,2.4034340167418122
1790423700.404628,2.58893400314264
1790423700.4056995,3.020232019480318
1790423700.415264,1.9122639787383378
1790423700.4328346,28.70723800151609
1790423700.432952,12.020635011140257
1790423700.4330585,35.00418699695729
1790423700.436827,1.4893330226186663
1790423700.4397163,29.81668501161039
1790423700.440901,41.43872301210649
1790423700.440966,16.877484013093635
1790423700.4420726,29.443921986967325
1790423700.4421957,14.795262017287314
1790423700.442508,37.45160601101816
1790423700.4425693,2.8397849819157273
1790423700.4458516,2.181082993047312
1790423700.4556603,29.19976200792007
1790423700.4559677,10.707144974730909
1790423700.4561448,22.018975985702127
1790423700.4563074,2.7803549892269075
1790423700.4566736,1.6002989723347127
1790423700.4708354,19.540510984370485
1790423700.47156,11.675882997224107
1790423700.4716718,27.238588983891532
1790423700.4787,11.197696003364399
1790423700.4787846,26.117026020074263
1790423700.4796178,29.60813499521464
1790423700.479798,3.9881579868961126
1790423700.480596,2.846007002517581
1790423700.4953475,22.415643994463608
1790423700.496015,17.05606799805537
1790423700.4961114,30.933280009776354
1790423700.4993083,33.60358200734481
1790423700.499688,18.50992999970913
1790423700.500104,26.183529989793897
1790423700.5004199,3.8161439879331738
1790423700.5004873,3.1324960000347346
1790423700.5106199,22.83763000741601
1790423700.516011,2.193191001424566
1790423700.5172696,33.14678100286983
1790423700.517383,15.441578987520188
1790423700.5177362,34.41127299447544
1790423700.5256903,19.87282998743467
1790423700.5258412,37.327742989873514
1790423700.5333936,32.800729997688904
1790423700.5335758,4.349240014562383
1790423700.5337324,6.053171004168689
1790423700.53388,22.981023008469492
1790423700.5464363,3.250668989494443
1790423700.55349,2.5506220117677003
1790423700.559577,2.054877986665815
1790423700.567324,7.238801976200193
1790423700.5686102,39.970027981325984
1790423700.5697002,17.12721399962902
1790423700.5710306,6.907873001182452
1790423700.5716977,15.443503012647852
1790423700.572167,24.855508003383875
1790423700.5723422,28.073951019905508
1790423700.5727305,27.597457985393703
1790423700.573232,40.58499398524873
1790423700.5738947,18.816343013895676
1790423700.5745566,11.80353100062348
1790423700.5751476,40.540182002587244
1790423700.5760913,7.111391983926296
1790423700.5772288,6.185488018672913
1790423700.5783403,4.4316450075712055
1790423700.578904,3.6794019979424775
1790423700.5789998,6.258351990254596
1790423700.579649,2.406372019322589
1790423700.58271,2.936188015155494
1790423700.5837386,2.331447001779452
1790423700.5844178,2.228853991255164
1790423700.5845025,4.1122819820884615
1790423700.5875459,2.100416022585705
1790423700.5928526,2.2843159968033433
1790423700.5954702,1.4104960137046874
1790423700.599391,2.27488498785533
1790423700.6007342,2.3663020110689104
1790423700.6023085,1.4382250083144754
1790423700.6052299,1.540903002023697
1790423700.6062415,1.6935489838942885
1790423700.6127713,1.612493972061202
1790423700.616266,22.69371901638806
1790423700.6216495,3.5107500152662396
1790423700.622048,3.146025992464274
1790423700.6225631,30.275608005467802
1790423700.6235662,13.250621006591246
1790423700.6239047,24.31614400120452
1790423700.6239703,3.530546004185453
1790423700.6245317,1.9142089877277613
1790423700.6261861,1.643958006752655
1790423700.6288948,1.6252830100711435
1790423700.634985,2.424281003186479
1790423700.636177,2.1895279933232814
1790423700.6404345,2.723218989558518
1790423700.6405077,2.201416005846113
1790423700.65668,2.462737000314519
1790423700.657812,2.1331559983082116
1790423700.6648676,2.498503978131339
1790423700.666133,1.8234309973195195
1790423700.669267,1.844653976149857
1790423700.6787632,2.1152950066607445
1790423700.6806607,1.642577990423888
1790423700.6877415,4.615168989403173
1790423700.6895866,4.14350998471491
1790423700.689781,28.14708900405094
1790423700.6901498,6.398984987754375
1790423700.6903703,5.827738990774378
1790423700.6904616,15.335844014771283
1790423700.690531,3.6129080108366907
1790423700.6968646,1.8188729882240295
1790423700.7052205,3.400503017473966
1790423700.7062137,2.9809520056005567
1790423700.706585,2.0983909780625254
1790423700.7162118,1.9642090192064643
1790423700.7188158,21.25013998011127
1790423700.7191136,26.98731899727136
1790423700.71934,6.020739994710311
1790423700.7194893,3.266393003286794
1790423700.7201507,2.5469819956924766
1790423700.7224963,1.7560309788677841
1790423700.72503,1.9836510182358325
1790423700.7270544,1.7716319998726249
1790423700.7304013,2.037783997366205
1790423700.7361145,2.5814269902184606
1790423700.7396715,2.666050015250221
1790423700.7398245,2.1838879911229014
1790423700.7409022,2.6075989881064743
1790423700.7482073,1.7151819774881005
1790423700.7529492,1.4990199997555465
1790423700.7589295,1.6028449754230678
1790423700.7652466,30.546272988431156
1790423700.7658653,6.12676699529402
1790423700.7659454,21.905232017161325
1790423700.7660437,30.515161022776738
1790423700.7697942,1.5290860028471798
1790423700.7723782,1.5975470014382154
1790423700.7772512,13.859322993084788
1790423700.7819197,19.42017799592577
1790423700.7821136,3.3338759967591614
1790423700.7821937,27.816951012937352
1790423700.7890842,1.9317569967824966
1790423700.7924767,27.066595008363947
1790423700.7930658,7.667135010706261
1790423700.7955961,2.3699390003457665
1790423700.7957447,3.1524650112260133
1790423700.7976444,1.8869880004785955
1790423700.798015,1.687834010226652
1790423700.8028655,1.8120059976354241
1790423700.8035135,1.449283998226747
1790423700.8155563,1.7814140010159463
1790423700.8176715,1.74294802127406
1790423700.8221307,2.005306974751875
1790423700.8249695,1.5480259899049997
1790423700.8275466,1.5324539854191244
1790423700.8294675,1.4185910113155842
1790423700.8394542,1.7047080036718398
1790423700.8411787,1.4717320154886693
1790423700.8446796,1.2950300006195903
1790423700.859246,3.3886640158016235
1790423700.8593438,23.30675401026383
1790423700.8663375,1.3939859927631915
1790423700.874975,2.1110129891894758
1790423700.885468,23.219111986691132
1790423700.8862138,29.73811700940132
1790423700.8863306,12.231126020196825
1790423700.8876045,30.38245000061579
1790423700.8880253,3.939620015444234
1790423700.8880987,24.8584579967428
1790423700.8882363,11.560622020624578
1790423700.888858,3.3768769935704768
1790423700.893351,1.3868050009477884
1790423700.8963022,27.29075899696909
1790423700.8963802,17.54822101793252
1790423700.9001958,1.5821059932932258
1790423700.9078388,1.6218340024352074
1790423700.91035,1.5063059981912374
1790423700.9316719,28.533391014207155
1790423700.9322915,32.04334698966704
1790423700.9323795,19.678592012496665
1790423700.9387019,36.103078979067504
1790423700.9388137,26.724187016952783
1790423700.9415212,22.676181019051
1790423700.9446769,23.157843010267243
1790423700.9474418,22.77681601117365
1790423700.9509351,28.525276022264734
1790423700.9511936,23.50458299042657
1790423700.9517372,25.578194006811827
1790423700.9529135,37.90058201411739
1790423700.9533436,23.326896014623344
1790423700.9534323,4.328606009948999
1790423700.9554014,41.984943993156776
1790423700.9561381,7.872204994782805
1790423700.956249,27.21675400971435
1790423700.9580295,1.6543270030524582
1790423700.9584892,36.21699401992373
1790423700.9589932,16.813883994473144
1790423700.9590743,32.019829988712445
1790423700.9596324,43.88566399575211
1790423700.9603796,10.682938009267673
1790423700.9604719,69.7555530059617
1790423700.9658208,2.826381998602301
1790423700.9659023,2.333137992536649
1790423700.9682398,1.4185119944158942
1790423700.968675,22.53085299162194
1790423700.96965,15.840578998904675
1790423700.969837,5.442210996989161
1790423700.969929,46.11236500204541
1790423700.9729385,1.3437879970297217
1790423700.9826694,1.3733160158153623
1790423700.9850757,1.2517640134319663
1790423700.9905653,1.5169240068644285
1790423700.9920256,1.166058995295316
1790423701.003153,1.9686849846038967
1790423701.013622,16.92913199076429
1790423701.022446,17.568112001754344
1790423701.0231822,33.27510200324468
1790423701.0235891,18.181813997216523
1790423701.0240324,12.451952992705628
1790423701.0256927,11.658032977720723
1790423701.0267024,33.031889994163066
1790423701.0276446,35.28179999557324
1790423701.0289605,19.46814398979768
1790423701.0316012,29.216894996352494
1790423701.0328374,22.5048289867118
1790423701.0330172,15.743762982310727
1790423701.0400772,20.658522000303492
1790423701.0409126,16.352851991541684
1790423701.0417972,22.910119994776323
1790423701.0424829,25.953222007956356
1790423701.0468094,11.566332977963611
1790423701.0471263,25.463784026214853
1790423701.0476224,36.731250991579145
1790423701.047902,18.929385987576097
1790423701.048114,42.10909499670379
1790423701.0482693,27.39804598968476
1790423701.048733,2.6862130034714937
1790423701.0558944,30.796234990702942
1790423701.0567443,39.021885982947424
1790423701.0570738,25.075154000660405
1790423701.057672,14.791064983000979
1790423701.0579243,35.46800700132735
1790423701.058715,8.25832097325474
1790423701.0592122,28.855914977611974
1790423701.0592763,18.887327023549005
1790423701.0593505,8.047816983889788
1790423701.0658119,1.638471003388986
1790423701.0661106,1.442264998331666
1790423701.0689359,40.875395003240556
1790423701.069833,43.11711198533885
1790423701.0701933,1.9286700116936117
1790423701.0705986,25.80636099446565
1790423701.0706682,37.81536497990601
1790423701.0712187,15.534566016867757
1790423701.071618,4.7100899973884225
1790423701.0740683,12.573780986713246
1790423701.07675,2.6679220027290285
1790423701.0781527,2.8340349963400513
1790423701.0797627,12.29044800857082
1790423701.0837524,1.5008060145191848
1790423701.0901277,1.9167790014762431
1790423701.0908213,28.790020005544648
1790423701.0909216,14.621973008615896
1790423701.0926397,1.3495789899025112
1790423701.099474,6.170726002892479
1790423701.100373,23.092813993571326
1790423701.101984,4.506366007262841
1790423701.1022234,30.537858983734623
1790423701.103659,5.418019980425015
1790423701.1055534,5.168553994735703
1790423701.1056263,6.902595981955528
1790423701.105747,6.2635250214952976
1790423701.1058106,3.436193015659228
1790423701.1171172,2.360976010095328
1790423701.1177478,2.4236509925685823
1790423701.1275413,26.07199299382046
1790423701.1281126,12.238082999829203
1790423701.1282048,2.8248479939065874
1790423701.128283,3.3112889796029776
1790423701.1347234,25.70496199768968
1790423701.1351686,2.137700008461252
1790423701.1352804,5.839616991579533
1790423701.1353672,17.607879999559373
1790423701.1422184,1.552526984596625
1790423701.1468258,26.31397801451385
1790423701.1471713,27.35619101440534
1790423701.1476707,16.416697995737195
1790423701.1482444,2.4383309937547892
1790423701.1491292,1.4485290157608688
1790423701.151269,1.3104509853292257
1790423701.1539052,1.5870189818087965
1790423701.1541893,2.259238011902198
1790423701.1565337,1.3105660036671907
1790423701.1600788,1.3281510036904365
1790423701.1634004,1.4075619983486831
1790423701.1721392,1.3325489999260753
1790423701.1747444,2.17615399742499
1790423701.1800718,1.5738949878141284
1790423701.1821432,1.3490950223058462
1790423701.1951506,10.98185800947249
1790423701.1953778,21.736327005783096
1790423701.1954556,3.2940350065473467
1790423701.195752,25.54846301791258
1790423701.19583,2.9600320267491043
1790423701.1979814,1.4664260088466108
1790423701.200098,23.97754500270821
1790423701.2002192,11.967358994297683
1790423701.2002935,27.141241007484496
1790423701.2084668,1.589112012879923
1790423701.2099133,1.4371539873536676
1790423701.2112262,1.3037309981882572
1790423701.2169201,1.66028700186871
1790423701.2188318,1.4051249891053885
1790423701.223441,1.647731987759471
1790423701.224077,1.3602460094261914
1790423701.2258463,1.2545940116979182
1790423701.2386782,19.8352079896722
1790423701.239325,8.864689996698871
1790423701.2394173,23.61366100376472
1790423701.2417839,1.4597670233342797
1790423701.2455273,1.474073011195287
1790423701.2561922,2.177949994802475
1790423701.2616978,25.35901399096474
1790423701.261994,28.20977699593641
1790423701.2621047,7.268763001775369
1790423701.270228,1.7887080030050129
1790423701.278614,2.3862200032453984
1790423701.2796776,1.7340029880870134
1790423701.2820115,28.595754993148148
1790423701.282099,22.87448800052516
1790423701.287645,1.4257689763326198
1790423701.2905762,1.5217030013445765
1790423701.2919374,1.3515740283764899
1790423701.2975626,1.6534730093553662
1790423701.305716,1.9688080064952374
1790423701.3345215,29.65743700042367
1790423701.3385403,12.5796289939899
1790423701.3395333,42.85626899218187
1790423701.3467536,22.27609499823302
1790423701.353372,22.006551997037604
1790423701.3573103,44.83653197530657
1790423701.3579698,49.42530099651776
1790423701.3584757,42.26310199010186
1790423701.36764,59.57252098596655
1790423701.367837,38.302083004964516
1790423701.374516,39.871710003353655
1790423701.376328,49.55359498853795
1790423701.3777785,35.63656401820481
1790423701.3782127,48.002529016230255
1790423701.3811102,37.80155300046317
1790423701.3815777,30.890089023159817
1790423701.3874424,15.66430099774152
1790423701.3884194,64.62296299287118
1790423701.3907695,70.88620401918888
1790423701.3913193,40.05508898990229
1790423701.3914073,56.154719000915065
1790423701.3916972,19.084027997450903
1790423701.3925476,13.050765002844855
1790423701.3928967,64.0902390005067
1790423701.3929899,60.84241101052612
1790423701.3975098,43.07526702177711
1790423701.4043164,50.543268996989354
1790423701.4068952,57.50613400596194
1790423701.4071705,23.66215200163424
1790423701.4076364,31.810029002372175
1790423701.4097352,4.255925014149398
1790423701.4098065,3.517136996379122
1790423701.4141555,40.90677099884488
1790423701.4146829,38.3416950062383
1790423701.4149327,37.92237999732606
1790423701.414998,56.25807598698884
1790423701.4157114,8.530741994036362
1790423701.4159617,18.043115007458255
1790423701.4164283,12.827377999201417
1790423701.4165494,8.198934985557571
1790423701.4183528,6.521309987874702
1790423701.4184673,2.4958860012702644
1790423701.4243398,1.520477992016822
1790423701.4279757,3.1002619944047183
1790423701.4289331,1.4858490030746907
1790423701.4338548,1.9499319896567613
1790423701.4460356,20.576664013788104
1790423701.4465744,10.189370979787782
1790423701.4466665,31.65745100704953
1790423701.4482338,22.156635008286685
1790423701.448439,31.390277988975868
1790423701.4487817,4.85763099277392
1790423701.4581368,1.5584510110784322
1790423701.4604726,1.8795320065692067
1790423701.4623725,12.58179300930351
1790423701.462632,30.00276500824839
1790423701.462714,3.064857010031119
1790423701.473407,1.7109719919972122
1790423701.4802911,18.974658014485613
1790423701.4805198,3.4010590170510113
1790423701.480716,29.03051199973561
1790423701.481032,25.54572600638494
1790423701.4815977,2.0624629978556186
1790423701.4816809,2.84291899879463
1790423701.4850273,1.6518850170541555
1790423701.4860275,1.7059709934983402
1790423701.4881032,1.381056004902348
1790423701.493219,1.642619987251237
1790423701.511395,2.7015760133508593
1790423701.5122006,17.039570986526087
1790423701.5124526,3.282582008978352
1790423701.512567,26.49521199055016
1790423701.522732,31.732555013149977
1790423701.523242,13.276071986183524
1790423701.52342,16.27885299967602
1790423701.5237696,7.213584991404787
1790423701.52408,18.06634000968188
1790423701.5259252,6.017995998263359
1790423701.5396607,19.353684998350218
1790423701.5411305,23.845326009904966
1790423701.5412457,37.925038021057844
1790423701.543727,25.57265298673883
1790423701.544511,23.58963299775496
1790423701.5521398,22.77656298247166
1790423701.5566497,26.535874989349395
1790423701.5571063,14.115155005129054
1790423701.5601847,35.40353101561777
1790423701.5607705,20.98088400089182
1790423701.5609393,9.463875001529232
1790423701.5658703,33.030858990969136
1790423701.5677862,12.422061001416296
1790423701.5709057,36.99932899326086
1790423701.5720828,25.271624006563798
1790423701.573153,2.0304530044086277
1790423701.5766149,63.763491983991116
1790423701.5786366,20.950533013092354
1790423701.5787258,36.590696981875226
1790423701.580238,2.2864539932925254
1790423701.5809245,1.5102800098247826
1790423701.5891786,2.9024439863860607
1790423701.5920773,71.05952000711113
1790423701.5921953,42.11551899788901
1790423701.592341,47.01567700249143
1790423701.5926569,4.703208978753537
1790423701.5927153,66.29625198547728
1790423701.5928476,57.93045600876212
1790423701.5930228,5.853420996572822
1790423701.5931292,10.778050986118615
1790423701.5931933,24.05540898325853
1790423701.6046352,1.6674819926265627
1790423701.6152391,2.2820500016678125
1790423701.6153233,26.7728740000166
1790423701.6189387,5.15560299390927
1790423701.6201715,26.711712998803705
1790423701.620506,3.1680540123488754
1790423701.6206415,2.6282350008841604
1790423701.621721,2.070296002784744
1790423701.6228743,1.952116028405726
1790423701.623703,1.302640011999756
1790423701.629136,1.56146299559623
1790423701.6297867,1.3032050046604127
1790423701.6317737,1.2607980170287192
1790423701.6323202,1.289774983888492
1790423701.6346614,1.121007022447884
1790423701.6362824,1.153502002125606
1790423701.6414983,1.5054600080475211
1790423701.6647856,24.363756005186588
1790423701.6712976,27.138803008710966
1790423701.6714792,17.016878991853446
1790423701.6760886,27.034368977183476
1790423701.6772172,31.361761008156464
1790423701.677306,16.07890398008749
1790423701.6777225,13.61240801634267
1790423701.6777976,27.958639024291188
1790423701.6820142,3.488242015009746
1790423701.6821835,43.454377009766176
1790423701.6895745,39.610034989891574
1790423701.6896913,10.078357008751482
1790423701.6913855,38.74531001201831
1790423701.6981318,2.8339129930827767
1790423701.6982825,30.229362979298458
1790423701.700452,39.88563999882899
1790423701.7007546,20.111535995965824
1790423701.7008972,57.672675990033895
1790423701.701038,5.035143985878676
1790423701.705282,33.2415779994335
1790423701.7057388,36.32302497862838
1790423701.7065341,7.854277006117627
1790423701.7066164,20.52170201204717
1790423701.711265,2.7324289840180427
1790423701.7122529,2.9697049758397043
1790423701.7123804,17.97094600624405
1790423701.720919,1.5096929855644703
1790423701.721916,18.505337997339666
1790423701.7228868,29.617396998219192
1790423701.7229648,12.430539005436003
1790423701.7281353,26.80994401453063
1790423701.7291272,11.761291010770947
1790423701.7292125,21.22876199427992
1790423701.7301004,1.5852020005695522
1790423701.7486053,2.879101986763999
1790423701.7488298,3.739412990398705
1790423701.7494128,1.6000840114429593
1790423701.7572546,2.7409209869802
1790423701.757361,2.735811984166503
1790423701.7655644,19.00125600514002
1790423701.765902,3.683800023281947
1790423701.7660031,29.418163001537323
1790423701.776086,1.6439149912912399
1790423701.7795005,1.487335015553981
1790423701.781893,15.348364016972482
1790423701.7828667,29.083622997859493
1790423701.7830243,4.435553011717275
1790423701.7852564,1.416896004229784
1790423701.7876577,2.2420359891839325
1790423701.7944071,2.9753439885098487
1790423701.7985938,28.53047297685407
1790423701.799637,1.9722990109585226
1790423701.8065135,13.380784017499536
1790423701.808589,27.439595985924825
1790423701.8093872,9.024422994116321
1790423701.8094769,23.428068991051987
1790423701.810281,39.640645001782104
1790423701.8121314,29.7463949827943
1790423701.8130267,37.75900701293722
1790423701.8161495,22.188088012626395
1790423701.81684,28.228029987076297
1790423701.8175626,28.239480016054586
1790423701.8191862,17.369080014759675
1790423701.8223352,27.37085899570957
1790423701.829125,24.79567498085089
1790423701.8335636,45.652736007468775
1790423701.8472111,33.215103001566604
1790423701.8473089,27.382016007322818
1790423701.8496213,46.65121901780367
1790423701.849915,34.44529901025817
1790423701.8519955,31.34814099757932
1790423701.8523798,40.97305299364962
1790423701.853271,4.758013994432986
1790423701.8533504,44.8998789943289
1790423701.8534844,25.38426101091318
1790423701.8535688,34.22826700261794
1790423701.862811,61.5703189978376
1790423701.8629193,36.00649500731379
1790423701.8635523,45.10413997923024
1790423701.8637533,49.626588996034116
1790423701.8641586,58.22705299942754
1790423701.8659306,40.461294003762305
1790423701.8665638,31.78599601960741
1790423701.8666952,12.344081973424181
1790423701.8668787,35.96828199806623
1790423701.8691568,42.95031999936327
1790423701.8741255,64.5919089729432
1790423701.878116,41.255769989220425
1790423701.8788528,42.980282014468685
1790423701.8789563,13.011568982619792
1790423701.880321,51.07429300551303
1790423701.8804364,16.17178399465047
1790423701.8839006,1.4758350152987987
1790423701.8872576,1.7825299873948097
1790423701.889747,22.656916989944875
1790423701.89023,4.173655004706234
1790423701.8903115,31.389513984322548
1790423701.893832,19.453824002994224
1790423701.8942697,6.60580099793151
1790423701.8943357,26.6059200221207
1790423701.898558,1.4395150064956397
1790423701.8993878,1.5068420034367591
1790423701.901797,1.854997011832893
1790423701.9018528,1.3669850013684481
1790423701.913825,1.6175510245375335
1790423701.9255507,21.524434007005766
1790423701.925763,26.179256004979834
1790423701.9316318,29.175240983022377
1790423701.9317267,22.4945500085596
1790423701.9365351,4.312170000048354
1790423701.940041,29.233835986815393
1790423701.9404836,31.75045899115503
1790423701.9408329,7.63458400615491
1790423701.9462154,2.450040017720312
1790423701.956484,31.981708016246557
1790423701.9565754,12.131192983360961
1790423701.956657,22.44615799281746
1790423701.959934,1.7146339814644307
1790423701.961498,32.88603702094406
1790423701.9630892,2.45956500293687
1790423701.9643202,23.109696980100125
1790423701.9645972,17.96682400163263
1790423701.964819,37.02613999485038
1790423701.9657488,2.6489419979043305
1790423701.9674811,25.42129799257964
1790423701.9696991,6.067912996513769
1790423701.969789,34.362575999693945
1790423701.9698653,16.006905992981046
1790423701.9704819,2.3072479816619307
1790423701.9719322,1.440502004697919
1790423701.976696,1.735539990477264
1790423701.9805079,2.1238999906927347
1790423701.9842122,1.6135350160766393
1790423701.9880912,2.454200992360711
1790423701.988214,2.088951994664967
1790423701.993213,1.9631299946922809
1790423702.006467,4.5172869868110865
1790423702.0091538,3.3733379968907684
1790423702.0132332,12.78401497984305
1790423702.0158873,21.896963997278363
1790423702.0216136,15.131132997339591
1790423702.0217168,33.18551700795069
1790423702.021846,18.07893702061847
1790423702.0233157,24.510146002285182
1790423702.0236564,3.4274770005140454
1790423702.023734,4.429433000041172
1790423702.0258584,21.937638986855745
1790423702.027713,3.642417985247448
1790423702.027784,19.64141198550351
1790423702.0279322,32.8296720108483
1790423702.0299125,1.8618649919517338
1790423702.0302355,1.63461800548248
1790423702.0330415,27.930725016631186
1790423702.0343874,21.005474991397932
1790423702.0344968,33.35794000304304
1790423702.0345776,2.660625003045425
1790423702.0346475,8.775949012488127
1790423702.0363367,1.3733409869018942
1790423702.0400817,1.8203420040663332
1790423702.0407794,1.9562559900805354
1790423702.0418692,1.7754349973984063
1790423702.04272,1.5039359859656543
1790423702.0592313,1.5682319935876876
1790423702.0620763,2.15632701292634
1790423702.0626035,1.53755399514921
1790423702.07189,24.661213014042005
1790423702.072348,5.134435021318495
1790423702.0724316,15.359023993369192
1790423702.0775154,1.578795985551551
1790423702.0966983,36.23262300970964
1790423702.0970554,28.203422989463434
1790423702.0971527,10.520618001464754
1790423702.100732,34.1106720152311
1790423702.1014123,33.30623300280422
1790423702.1021085,28.860233986051753
1790423702.1027596,12.278954003704712
1790423702.1032841,33.64570499979891
1790423702.10639,13.273807999212295
1790423702.106738,5.905386002268642
1790423702.107924,2.7058049745392054
1790423702.1166818,22.852872003568336
1790423702.1167736,27.857745997607708
1790423702.1216142,5.0928939890582114
1790423702.124064,16.127924027387053
1790423702.1252964,23.400459991535172
1790423702.1253908,23.17376501741819
1790423702.1255424,37.315288005629554
1790423702.1256168,13.256386999273673
1790423702.1256897,7.05004800693132
1790423702.1257904,43.43522299313918
1790423702.1258957,8.284048992209136
1790423702.126063,5.9233429783489555
1790423702.126873,27.563918993109837
1790423702.1315994,3.6555379920173436
1790423702.1363378,7.771634991513565
1790423702.137123,41.3384790008422
1790423702.1373765,23.57039100024849
1790423702.1375277,18.369586003245786
1790423702.1380622,34.612810995895416
1790423702.1402907,7.572789007099345
1790423702.1435723,13.304285006597638
1790423702.144206,7.857365999370813
1790423702.1444736,11.13307400373742
1790423702.1448293,7.291565008927137
1790423702.144983,13.536551006836817
1790423702.1455364,7.212575001176447
1790423702.1458437,2.8050259861629456
1790423702.1536243,22.857746022054926
1790423702.1566062,21.108204004121944
1790423702.156695,16.393463010899723
1790423702.1567676,36.729743995238096
1790423702.159375,1.4921760011930019
1790423702.1734343,2.2468130046036094
1790423702.1749096,32.61868000845425
1790423702.1781285,36.70355200301856
1790423702.1782799,30.545571993570775
1790423702.1785765,18.88634799979627
1790423702.1803124,16.370377998100594
1790423702.1814115,4.821093985810876
1790423702.1821125,6.69455699971877
1790423702.186735,5.312149995006621
1790423702.1886003,10.012067999923602
1790423702.1886907,7.779761013807729
1790423702.1895607,33.44518700032495
1790423702.1903963,21.020779997343197
1790423702.191075,13.10127298347652
1790423702.1922588,37.71192699787207
1790423702.1924515,9.22796200029552
1790423702.1931283,2.7218119939789176
1790423702.19346,2.1631669951602817
1790423702.208523,1.7071760084945709
1790423702.209621,2.0568350155372173
1790423702.2136433,1.4498200034722686
1790423702.2159796,13.213563011959195
1790423702.21615,33.75158298877068
1790423702.2162752,5.433254991658032
1790423702.2164042,28.852903022198007
1790423702.2165582,29.80957500403747
1790423702.2171059,3.3214709837920964
1790423702.220311,35.962299996754155
1790423702.220802,17.353726987494156
1790423702.2209158,9.58880499820225
1790423702.2227972,3.4831399971153587
1790423702.2233968,2.093292016070336
1790423702.225627,1.3381140015553683
1790423702.2359931,1.7230930097866803
1790423702.2362783,1.4580950082745403
1790423702.2387948,1.4037729997653514
1790423702.2429218,20.706893992610276
1790423702.2435853,7.191115990281105
1790423702.2438383,26.005182997323573
1790423702.2439523,3.1947660027071834
1790423702.2452564,2.1073299867566675
1790423702.2461379,1.565764017868787
1790423702.248716,1.3251089840196073
1790423702.2604265,2.2227919835131615
1790423702.2742693,2.155278023565188
1790423702.276305,25.055727019207552
1790423702.2806385,2.3530629987362772
1790423702.2816257,27.114388009067625
1790423702.2825413,2.6076000067405403
1790423702.2826545,29.72535099252127
1790423702.2887802,1.9550159922800958
1790423702.2895842,2.032823016634211
1790423702.2899714,6.293654994806275
1790423702.290073,29.786526021780446
1790423702.2923603,1.5015199896879494
1790423702.3112125,25.106030981987715
1790423702.3117642,17.21504598390311
1790423702.312226,3.2932589820120484
1790423702.3123627,29.59146400098689
1790423702.3130836,1.857363007729873
1790423702.3144653,1.369625999359414
1790423702.3172228,26.92370899603702
1790423702.317792,10.655819001840428
1790423702.31812,2.106218977132812
1790423702.3182068,3.537515993230045
1790423702.3221593,1.619834016310051
1790423702.326691,2.0058699883520603
1790423702.3277488,1.5774639905430377
1790423702.3396604,1.6924359952099621
1790423702.344548,2.263148984638974
1790423702.3452098,11.777601001085714
1790423702.3455486,2.3037070059217513
1790423702.345616,26.455220009665936
1790423702.3493905,1.5789240133017302
1790423702.3531356,1.7759449838194996
1790423702.35408,2.1236550237517804
1790423702.3568218,1.458898012060672
1790423702.359964,22.565314982784912
1790423702.36168,3.037291986402124
1790423702.362027,32.0504039991647
1790423702.3620994,15.363648009952158
1790423702.3628852,9.617689996957779
1790423702.363277,2.5658090016804636
1790423702.3638375,1.496153010521084
1790423702.377769,1.7970690096262842
1790423702.3788502,1.9237859814893454
1790423702.3799682,12.601302994880825
1790423702.3803682,2.4094610125757754
1790423702.380451,24.388327990891412
1790423702.387648,2.7352009783498943
1790423702.3880022,2.567957009887323
1790423702.3880587,1.9107369880657643
1790423702.3911915,1.6454230062663555
1790423702.3912516,2.1347199799492955
1790423702.3922162,22.191530995769426
1790423702.3937144,1.3651970075443387
1790423702.3995059,29.960750020109117
1790423702.400098,18.97232700139284
1790423702.400898,12.248615006683394
1790423702.4016826,1.5746229910291731
1790423702.4050405,1.844093989348039
1790423702.4074626,1.3758940040133893
1790423702.4107006,1.445286994567141
1790423702.4137108,1.712790020974353
1790423702.4215868,1.6425220237579197
1790423702.426061,1.7567180038895458
1790423702.4307792,26.21718600858003
1790423702.430927,16.679086023941636
1790423702.4349597,5.647111014695838
1790423702.4359303,3.2906460110098124
1790423702.4359899,1.8588269886095077
1790423702.4417086,2.0626259793061763
1790423702.4418387,9.687667014077306
1790423702.4426556,27.40794001147151
1790423702.4436324,32.171433995245025
1790423702.4437168,12.407991016516462
1790423702.4438572,7.480186002794653
1790423702.4448962,1.699379994533956
1790423702.4501019,1.9348259957041591
1790423702.4601533,1.8112669931724668
1790423702.463027,26.278087025275454
1790423702.4636743,15.032975992653519
1790423702.463768,31.68478299630806
1790423702.4691968,2.983095997478813
1790423702.4755077,2.407233987469226
1790423702.484615,33.22183899581432
1790423702.4871564,19.941788021242246
1790423702.4872227,13.516448001610115
1790423702.4874794,35.61221499694511
1790423702.487718,30.126814992399886
1790423702.4878812,19.875121011864394
1790423702.4885356,8.58011600212194
1790423702.4886246,35.96970401122235
1790423702.4913778,21.144706988707185
1790423702.492433,2.736663998803124
1790423702.4927883,32.45201500249095
1790423702.4928632,6.928643007995561
1790423702.4939656,2.323383989278227
1790423702.49595,3.076437016716227
1790423702.4977734,3.97600801079534
1790423702.4986699,2.0126720191910863
1790423702.5070498,1.5466590120922774
1790423702.507291,11.94754897733219
1790423702.5091517,1.4030110032763332
1790423702.5164495,1.5111909888219088
1790423702.5183175,1.5297089994419366
1790423702.520742,25.78815000015311
1790423702.5208306,8.57462699059397
1790423702.5262458,1.4786219981033355
1790423702.5360746,1.449211995350197
1790423702.5415952,1.4131170173641294
1790423702.546575,7.608107000123709
1790423702.5466456,24.391685001319274
1790423702.5536983,1.5866659814491868
1790423702.5586894,2.1298039937391877
1790423702.5593884,1.594125002156943
1790423702.5646853,1.3808819931000471
1790423702.5759923,1.767385983839631
1790423702.5800102,1.8269300053361803
1790423702.581183,1.928532001329586
1790423702.5896776,2.030571980867535
1790423702.5922506,2.313538978341967
1790423702.5939507,2.5812480016611516
1790423702.5948792,1.8958309956360608
1790423702.6011765,2.2790239891037345
1790423702.6104808,28.370972984703258
1790423702.6108027,18.34495598450303
1790423702.610877,25.72561800479889
1790423702.6110737,2.584517002105713
1790423702.6123552,1.2725320120807737
1790423702.6183028,1.3595200143754482
1790423702.6216552,1.7023620021063834
1790423702.6277394,3.5228630003985018
1790423702.6324816,9.036870003910735
1790423702.6392279,26.19006999884732
1790423702.6402411,23.954887001309544
1790423702.6405747,27.039139007683843
1790423702.6418488,8.876600011717528
1790423702.6424448,19.678602984640747
1790423702.6451225,22.858838026877493
1790423702.6477697,40.08794401306659
1790423702.64868,22.85199100151658
1790423702.6491284,2.7823009877465665
1790423702.6538384,1.8670160206966102
1790423702.6552567,20.920097013004124
1790423702.6553574,30.29290901031345
1790423702.655941,1.8223749939352274
1790423702.6698105,9.320217999629676
1790423702.6698985,28.037618001690134
1790423702.6699915,33.69448098237626
1790423702.6726835,2.1952230017632246
1790423702.690174,27.294867992168292
1790423702.6956885,34.24784500384703
1790423702.6959238,3.35954999900423
1790423702.6972017,30.149579019052908
1790423702.697377,32.93127700453624
1790423702.697958,2.020113985054195
1790423702.701645,39.43434500251897
1790423702.703938,1.7681000172160566
1790423702.7070796,35.204790998250246
1790423702.7078185,1.8727449933066964
1790423702.7114747,33.85254798922688
1790423702.7116444,12.322138994932175
1790423702.7123637,1.5774710045661777
1790423702.7216961,21.55679202405736
1790423702.7218344,73.71941299061291
1790423702.7220151,39.25097099272534
1790423702.7221315,7.531146984547377
1790423702.7228713,2.096818992868066
1790423702.7247088,1.4537560055032372
1790423702.7294862,2.097813005093485
1790423702.7342942,31.416180019732565
1790423702.7366877,7.786672009387985
1790423702.7379024,19.772542000282556
1790423702.7413714,5.754286015871912
1790423702.7414794,6.627331022173166
1790423702.7416313,3.5394279984757304
1790423702.7422142,5.51569601520896
1790423702.7497616,3.0061709985602647
1790423702.7513204,3.7555879971478134
1790423702.7514474,18.438479979522526
1790423702.7524443,1.8863579898606986
1790423702.758749,2.595429978100583
1790423702.7638814,4.451210988918319
1790423702.7646043,4.404676001286134
1790423702.7652419,2.3933819902595133
1790423702.7680004,27.67774200765416
1790423702.7683187,18.546156003139913
1790423702.769098,10.761530982563272
1790423702.7691853,7.47061098809354
1790423702.7697132,32.40164299495518
1790423702.7699027,35.594606975791976
1790423702.7713418,22.898774011991918
1790423702.7714133,10.407079011201859
1790423702.771489,14.154199976474047
1790423702.781982,3.654351021395996
1790423702.786204,1.832356007071212
1790423702.805644,22.658295987639576
1790423702.8085082,31.653334997827187
1790423702.8092449,9.055272006662562
1790423702.8093426,13.748981000389904
1790423702.8137016,16.00729100755416
1790423702.8142269,40.31298198970035
1790423702.8154454,22.505881992401555
1790423702.8167815,8.066422014962882
1790423702.817688,23.20061801583506
1790423702.8178377,6.724959006533027
1790423702.8181102,19.565152993891388
1790423702.818318,8.806161000393331
1790423702.818413,43.32519500167109
1790423702.8187802,2.596895006718114
1790423702.8233237,1.8753329932224005
1790423702.827164,30.782006011577323
1790423702.8278723,26.221131993224844
1790423702.828219,37.21768799005076
1790423702.8282886,15.433672000654042
1790423702.8314476,2.35920402337797
1790423702.8324745,1.9865839858539402
1790423702.8442507,1.7909019952639937
1790423702.8467286,2.2357779962476343
1790423702.849028,2.758065005764365
1790423702.8567364,2.4199220060836524
1790423702.8618605,2.1537050197366625
1790423702.8642418,2.067663997877389
1790423702.8663785,36.639205005485564
1790423702.8672416,25.67863801959902
1790423702.8673894,19.11448998725973
1790423702.868981,2.8270549955777824
1790423702.8707943,1.7990389897022396
1790423702.8771014,2.0201070001348853
1790423702.879665,1.7860170046333224
1790423702.8954632,1.858812989667058
1790423702.8992298,31.673466990469024
1790423702.9000554,39.17003399692476
1790423702.900901,16.415128979133442
1790423702.9010046,4.769488994497806
1790423702.9044104,18.045817996608093
1790423702.9045463,30.301663995487615
1790423702.9056609,2.215413987869397
1790423702.9164433,3.7123929942026734
1790423702.9169927,3.6594940174836665
1790423702.9208996,28.178670007037
1790423702.9215987,15.18194901291281
1790423702.921983,7.905339007265866
1790423702.9220803,36.71975102042779
1790423702.9258106,1.6268789768218994
1790423702.9298873,2.7009980112779886
1790423702.9300363,2.2746729955542833
1790423702.9374576,1.7114760121330619
1790423702.9393191,23.64981998107396
1790423702.93966,28.860693011665717
1790423702.9402437,8.167630003299564
1790423702.9403365,33.04121599649079
1790423702.9408152,2.8069239924661815
1790423702.94552,1.6080190252978355
1790423702.950512,1.4512430061586201
1790423702.9535134,1.6069260018412024
1790423702.9551156,20.228075998602435
1790423702.9554484,26.98840299854055
1790423702.955538,10.007086995756254
1790423702.960586,1.94280399591662
1790423702.9606893,2.92157000512816
1790423702.9607465,2.5236149958800524
1790423702.9638922,1.5854029916226864
1790423702.9644935,1.2641639914363623
1790423702.9670243,1.3004350184928626
1790423702.971399,2.3699660087004304
1790423702.9721358,1.690635981503874
1790423702.972197,2.249498007586226
1790423702.9752693,1.3149389997124672
1790423702.9790058,2.3889750009402633
1790423702.9793863,1.8409710028208792
1790423702.9800246,1.630370010389015
1790423702.9828098,2.773678017547354
1790423702.9832494,1.3795159757137299
1790423702.9867702,1.367693010251969
1790423702.991518,1.9197439833078533
1790423703.0027046,2.05629100673832
1790423703.004252,23.058991006109864
1790423703.0100331,2.2763650049455464
1790423703.0111718,13.091565982904285
1790423703.0137987,22.762191976653412
1790423703.0141413,33.6143120075576
1790423703.014304,11.341309000272304
1790423703.0215402,29.907436022767797
1790423703.023047,34.452499996405095
1790423703.0234597,17.525163013488054
1790423703.0235546,2.7860440022777766
1790423703.0275233,20.943850016919896
1790423703.0276012,33.788924978580326
1790423703.0312185,1.5141939802560955
1790423703.0375526,1.6148389840964228
1790423703.0416799,1.3146779965609312
1790423703.0450466,1.429972006008029
1790423703.0523143,1.3521589862648398
1790423703.056183,1.4942240086384118
1790423703.0602732,1.4710790128447115
1790423703.0608337,1.479248981922865
1790423703.0703633,15.235055994708091
1790423703.0704412,21.33236001827754
1790423703.0707023,1.6229830216616392
1790423703.077503,1.4472960028797388
1790423703.0794423,1.4327410026453435
1790423703.083856,1.2921960151288658
1790423703.0904336,1.3999880175106227
1790423703.0930943,2.1997019939590245
1790423703.0942123,2.521982998587191
1790423703.0942974,1.807916007237509
1790423703.0963113,1.8963920010719448
1790423703.0972733,1.385137002216652
1790423703.111963,1.669409015448764
1790423703.1189682,2.8853889962192625
1790423703.131143,4.746755992528051
1790423703.1382291,22.70688902353868
1790423703.1414294,28.123599011451006
1790423703.1480374,29.74185300990939
1790423703.1483781,35.67929100245237
1790423703.1502714,32.90800499962643
1790423703.1511676,23.321887012571096
1790423703.151277,39.07060797791928
1790423703.1515234,24.46390999830328
1790423703.1520605,9.525016008410603
1790423703.1526315,12.11403901106678
1790423703.1539013,28.30554501269944
1790423703.1539872,23.63612299086526
1790423703.1548765,11.436617991421372
1790423703.1549742,7.414849009364843
1790423703.1551447,40.287048992468044
1790423703.1558256,2.505957003450021
1790423703.1568031,17.728812992572784
1790423703.1682136,22.51134198741056
1790423703.1709988,22.40974101005122
1790423703.171594,42.46897401753813
1790423703.1965444,49.61266298778355
1790423703.2014735,27.854346990352497
1790423703.208971,47.90497099747881
1790423703.2142367,37.90926802321337
1790423703.2164845,48.86131300008856
1790423703.2169168,32.91694200015627
1790423703.2190502,17.354511976009235
1790423703.2198174,54.29124500369653
1790423703.2209826,60.99103201995604
1790423703.2220783,49.2815250181593
1790423703.2228875,73.8100060261786
1790423703.2230124,16.74627000465989
1790423703.2231333,53.75150899635628
1790423703.2232807,38.36330000194721
1790423703.224971,29.200968972872943
1790423703.2281773,33.72294898144901
1790423703.22839,16.22939101071097
1790423703.2285807,54.11525702220388
1790423703.229691,67.32761798775755
1790423703.2300508,12.483742000767961
1790423703.2301617,3.698358981637284
1790423703.23023,54.783273983048275
1790423703.242569,2.7243660006206483
1790423703.2426336,2.0638580026570708
1790423703.245046,19.25408499664627
1790423703.2456143,26.345888996729627
1790423703.2456877,4.627029993571341
1790423703.2515738,1.2679939973168075
1790423703.253658,1.4777079923078418
1790423703.256022,1.3553189928643405
1790423703.2625651,1.846623985329643
1790423703.2636416,1.5479409776162356
1790423703.2692773,20.005669008241966
1790423703.2707667,7.921443990198895
1790423703.2709286,14.55327498842962
1790423703.2710009,26.853590010432526
1790423703.2890713,31.679829000495374
1790423703.289195,18.415716011077166
1790423703.28929,31.20540498639457
1790423703.2901843,1.9167870050296187
1790423703.2967837,29.67031198204495
1790423703.298095,15.0291119934991
1790423703.298275,7.582035002997145
1790423703.2984314,30.09791500517167
1790423703.2986548,7.440955989295617
1790423703.298735,18.111540004611015
1790423703.306339,20.96625999547541
1790423703.3070815,7.731415011221543
1790423703.3082657,30.368706007720903
1790423703.3090732,3.4379390126559883
1790423703.3098488,4.624996014172211
1790423703.309971,3.046058991458267
1790423703.313124,1.4334479928947985
1790423703.3153012,2.1640509949065745
1790423703.323284,27.88494699052535
1790423703.3238928,19.45496999542229
1790423703.3239505,14.86720601678826
1790423703.3285518,1.627193996682763
1790423703.3316345,1.5447679907083511
1790423703.336623,22.079992981161922
1790423703.3367057,4.036897997139022
1790423703.3592598,6.410108006093651
1790423703.3593495,23.900183994555846
1790423703.3596127,2.142247016308829
1790423703.3649275,1.452949014492333
1790423703.3732216,1.5099299780558795
1790423703.3750985,1.4851749874651432
1790423703.382519,1.6329529753420502
1790423703.3902926,2.483911986928433
1790423703.3963127,18.43909700983204
1790423703.3970742,3.5544960119295865
1790423703.3980353,29.9157639965415
1790423703.3981972,9.75121499504894
1790423703.3984196,4.126081999856979
1790423703.4013896,1.4818909985478967
1790423703.4035752,1.716300001135096
1790423703.4142165,26.925045007374138
1790423703.4160976,24.98632000060752
1790423703.4189212,11.620895995292813
1790423703.4191065,33.136596000986174
1790423703.4193552,20.92614897992462
1790423703.4199743,3.079889982473105
1790423703.426729,36.42483300063759
1790423703.4332666,2.8121450159233063
1790423703.4344125,25.190501008182764
1790423703.438092,17.507596989162266
1790423703.4390182,35.051851999014616
1790423703.4390874,5.808040994452313
1790423703.4424515,28.09529798105359
1790423703.4428637,46.53599200537428
1790423703.443207,34.84740201383829
1790423703.4440877,9.513936005532742
1790423703.4441662,19.68642699648626
1790423703.4517071,46.1274640110787
1790423703.4518092,68.77308900584467
1790423703.4522865,40.01615499146283
1790423703.4530237,36.91546100890264
1790423703.4534392,28.229703981196508
1790423703.453584,7.237379992147908
1790423703.4536707,3.240507998270914
1790423703.456474,2.4729799770284444
1790423703.4573956,2.51606700476259
1790423703.4699957,36.24036198016256
1790423703.4703457,12.071387987816706
1790423703.4704356,22.129866993054748
1790423703.4803913,2.0530720066744834
1790423703.4807498,1.8255799950566143
1790423703.4833665,28.045960003510118
1790423703.483454,24.291839014040306
1790423703.487634,1.6332050145138055
1790423703.4956663,27.5859980029054
1790423703.496635,29.27419901243411
1790423703.4967425,3.8243320013862103
1790423703.4973903,2.9272759857121855
1790423703.497877,2.3563769937027246
1790423703.5028515,1.8805540166795254
1790423703.510271,1.6302480071317405
1790423703.511218,17.287713009864092
1790423703.511865,26.416978013003245
1790423703.5119755,7.292524998774752
1790423703.5152416,1.937810011440888
1790423703.520245,1.5272090095095336
1790423703.5230136,1.6141909873113036
1790423703.5280015,26.533865981036797
1790423703.5281556,13.453041028697044
1790423703.5283148,23.06437600054778
1790423703.5315287,4.413073998875916
1790423703.5316393,13.849471986759454
1790423703.532135,28.32596199004911
1790423703.5323126,25.739654985954985
1790423703.5324607,3.658269008155912
1790423703.5364685,1.8900780123658478
1790423703.5369906,1.809120993129909
1790423703.5471795,1.7096450028475374
1790423703.5502043,29.584167001303285
1790423703.550332,19.597861013608053
1790423703.5784943,17.119060998084024
1790423703.5797117,36.58811099012382
1790423703.5813334,12.425130989868194
1790423703.5836487,11.371613974915817
1790423703.584009,41.44890801399015
1790423703.584582,35.87988400249742
1790423703.5851696,29.392963013378903
1790423703.5894387,18.854057998396456
1790423703.5899823,34.99769599875435
1790423703.5902057,10.439736011903733
1790423703.5908499,38.177813985385
1790423703.5909293,12.421552994055673
1790423703.5910485,5.867578001925722
1790423703.5918937,10.745278996182606
1790423703.5921023,9.288205008488148
1790423703.5929077,5.0308339996263385
1790423703.5935671,2.51006698817946
1790423703.6048203,12.706462992355227
1790423703.615584,21.42694898066111
1790423703.6223876,24.134748004144058
1790423703.624919,24.287759006256238
1790423703.626305,42.28045599302277
1790423703.6275463,21.629422990372404
1790423703.6304846,22.73666299879551
1790423703.6306798,27.785354002844542
1790423703.6307714,44.268696976359934
1790423703.632639,28.47001000191085
1790423703.6329389,24.462300003506243
1790423703.6343918,40.7732329913415
1790423703.634603,19.34516499750316
1790423703.635125,13.684331002878025
1790423703.6352217,7.248646987136453
1790423703.6385024,39.290929009439424
1790423703.640114,35.090327000943944
1790423703.6411297,32.12533699115738
1790423703.6415775,45.09085099562071
1790423703.6422486,19.846717012114823
1790423703.642365,25.71918800822459
1790423703.6425102,28.42994302045554
1790423703.642606,13.817535014823079
1790423703.6444604,1.718170999083668
1790423703.6491416,2.487344987457618
1790423703.6524932,2.642314007971436
1790423703.6532214,2.0598970004357398
1790423703.6532953,41.69264898519032
1790423703.6553152,36.30455501843244
1790423703.655879,29.47584999492392
1790423703.6571016,43.49692599498667
1790423703.6575584,24.60600799531676
1790423703.6576374,8.485025988193229
1790423703.6588128,40.89444800047204
1790423703.6602433,47.35882399836555
1790423703.6620173,31.04181299568154
1790423703.6621742,13.604092004243284
1790423703.6623416,8.499785006279126
1790423703.6624236,37.4901200120803
1790423703.6637614,3.163636982208118
1790423703.6732345,1.6039530164562166
1790423703.6737893,1.51034101145342
1790423703.6827013,17.998214025283232
1790423703.6833014,26.18824297678657
1790423703.683839,8.870496996678412
1790423703.6858194,1.4107919996604323
1790423703.6882577,22.823846025858074
1790423703.6886716,5.31884899828583
1790423703.688741,26.029046974144876
1790423703.6910882,1.3577640056610107
1790423703.6917233,1.3879390025977045
1790423703.693096,1.2320249807089567
1790423703.7265658,25.56512798764743
1790423703.7272139,8.569537982111797
1790423703.7503107,30.767622985877097
1790423703.7622705,17.861222993815318
1790423703.7645295,47.054845985258
1790423703.7664306,27.997109020361677
1790423703.7713773,18.518721975851804
1790423703.7724388,32.66697999788448
1790423703.7730436,42.50119399512187
1790423703.7732105,21.10785699915141
1790423703.7737174,45.995167980436236
1790423703.7748907,4.154983995249495
1790423703.7796173,5.32515998929739
1790423703.780365,31.502061989158392
1790423703.7833412,32.0853809826076
1790423703.7860544,40.60187499271706
1790423703.7863526,32.17128699179739
1790423703.786424,10.712263989262283
1790423703.7937212,67.30532998335548
1790423703.7962713,12.832509994041175
1790423703.8021078,25.41485201800242
1790423703.8024938,37.175901990849525
1790423703.802618,33.00056798616424
1790423703.8036911,14.262727985624224
1790423703.8042035,4.216639994410798
1790423703.8069873,28.633329988224432
1790423703.8083498,18.221629987237975
1790423703.808455,30.833856988465413
1790423703.8085425,5.900467018363997
1790423703.8159316,17.9475570039358
1790423703.8188503,8.260993985459208
1790423703.8209488,10.947364004096016
1790423703.8212256,34.66982799000107
1790423703.8215234,37.3232850106433
1790423703.8219316,22.63962902361527
1790423703.8226624,33.92989598796703
1790423703.8233867,3.7979879998601973
1790423703.8235312,4.67036000918597
1790423703.8239908,5.817590019432828
1790423703.8265965,1.8634700099937618
1790423703.8270252,1.66305698803626
1790423703.8358347,1.4690429961774498
1790423703.840529,3.105989977484569
1790423703.8410094,1.9169959996361285
1790423703.841632,1.9862820045091212
1790423703.844115,27.671888004988432
1790423703.8455544,25.30928998021409
1790423703.8458576,37.10722998948768
1790423703.8459878,9.392706997459754
1790423703.8478985,4.782414995133877
1790423703.8583283,1.721909997286275
1790423703.863741,2.236552012618631
1790423703.8673337,2.0479459781199694
1790423703.8675573,22.519430000102147
1790423703.8678904,29.62840598775074
1790423703.8681648,5.422090005595237
1790423703.8692837,21.921019011642784
1790423703.871419,1.522446982562542
1790423703.8756087,2.268931013531983
1790423703.8772187,13.223455986008048
1790423703.8775926,31.144372012931854
1790423703.878161,3.4896050055976957
1790423703.8782263,2.1454500092659146
1790423703.8809657,1.3495350140146911
1790423703.8823647,1.2911439989693463
1790423703.8847795,1.5885620086919516
1790423703.8878958,1.4885579876136035
1790423703.890103,2.0503039995674044
1790423703.8935297,2.7058059931732714
1790423703.8943567,2.022023021709174
1790423703.902116,2.7008979814127088
1790423703.9034986,3.0017249810043722
1790423703.9130716,1.8108120129909366
1790423703.9170349,22.513358999276534
1790423703.9188845,17.329505004454404
1790423703.918991,28.833357006078586
1790423703.9195392,2.31089600129053
1790423703.9211688,23.79980299156159
1790423703.9222355,2.686239022295922
1790423703.9225247,30.95454300637357
1790423703.9231336,13.59481702093035
1790423703.9240777,1.4880029775667936
1790423703.9287822,1.416596001945436
1790423703.9308968,1.4068660093471408
1790423703.9369156,2.9830349958501756
1790423703.9370635,1.9036369922105223
1790423703.9371507,2.6371180138085037
1790423703.938156,28.12738998909481
1790423703.939602,30.912223999621347
1790423703.9397159,7.22180400043726
1790423703.939811,19.300910993479192
1790423703.9405417,2.236830012407154
1790423703.9418185,1.2680949876084924
1790423703.9532151,1.480748993344605
1790423703.9548335,1.6056460153777152
1790423703.968891,25.60840899241157
1790423703.968988,15.23683499544859
1790423703.9692967,1.7309749964624643
1790423703.9713585,1.4222919999156147
1790423703.9774356,1.9278339750599116
1790423703.9778488,1.7806320101954043
1790423703.9799244,16.291267005726695
1790423703.9806912,31.06434000073932
1790423703.9808023,9.326712985057384
1790423703.9808888,30.336045019794255
1790423703.982578,1.5824809961486608
1790423703.9859962,20.90713198413141
1790423703.986475,31.246433005435392
1790423703.9866586,14.658856991445646
1790423703.9872732,4.685575986513868
1790423703.9998271,2.7860279951710254
1790423704.000522,1.8418339896015823
1790423704.0005825,2.358610014198348
1790423704.0059083,1.2371230113785714
1790423704.0209048,1.6801110177766532
1790423704.0222256,2.177396003389731
1790423704.0231547,1.7264159978367388
1790423704.0318959,1.4838709903415293
1790423704.0339856,2.0788430119864643
1790423704.0346372,1.654755003983155
1790423704.0347362,20.184647000860423
1790423704.0356529,23.150750988861546
1790423704.0357668,6.939488986972719
1790423704.0370731,1.2975349964108318
1790423704.0424898,3.382938011782244
1790423704.0426424,2.163786004530266
1790423704.043163,3.18774301558733
1790423704.0435092,2.0433629979379475
1790423704.0470514,1.2912449892610312
1790423704.049809,1.1640129960142076
1790423704.0563185,1.2538609735202044
1790423704.0592437,1.919529982842505
1790423704.063282,1.3407160004135221
1790423704.0665507,1.8666500109247863
1790423704.067612,1.93185597890988
1790423704.0709283,1.3364680053200573
1790423704.0730662,1.3932310102973133
1790423704.0759094,1.9369949877727777
1790423704.0782948,19.887297006789595
1790423704.0786548,25.212102016666904
1790423704.079866,13.210291013820097
1790423704.08045,3.602801007218659
1790423704.0805137,5.7469800231046975
1790423704.0819385,2.976195013616234
1790423704.082029,2.150935004465282
1790423704.0914006,1.6807580250315368
1790423704.0949252,3.2111619948409498
1790423704.0965104,3.9403090195264667
1790423704.0995934,5.568680993746966
1790423704.0997195,3.1981950160115957
1790423704.100076,5.140128021594137
1790423704.1001608,24.061308009549975
1790423704.1006098,28.291527007240802
1790423704.1010199,12.999419996049255
1790423704.1012845,7.668111007660627
1790423704.1013408,3.3269120031036437
1790423704.1051188,1.4375600148923695
1790423704.1086886,1.5771650068927556
1790423704.1089737,1.3627799926325679
1790423704.110959,1.3305489846970886
1790423704.1178863,1.470632996642962
1790423704.1186528,1.4288660022430122
1790423704.119435,1.4002220123074949
1790423704.1210322,1.256340998224914
1790423704.1246238,1.2158100144006312
1790423704.1333013,1.6064750088844448
1790423704.1335747,1.3871369883418083
1790423704.1365724,1.8807190062943846
1790423704.1366835,2.5253560161218047
1790423704.1376095,2.4151369871106
1790423704.1410263,2.56273100967519
1790423704.1411452,2.260693989228457
1790423704.141932,1.3114309986121953
1790423704.1451595,1.2200909841340035
1790423704.1472208,1.218214980326593
1790423704.1488605,1.1111180065199733
1790423704.1503792,1.3715460081584752
1790423704.155152,2.204010001150891
1790423704.155229,2.898866980103776
1790423704.1556053,1.9679890247061849
1790423704.1647797,2.0613460219465196
1790423704.1648376,1.7322270141448826
1790423704.170077,1.789617002941668
1790423704.1732903,14.842030999716371
1790423704.1739082,24.208083021221682
1790423704.1739979,2.0388090051710606
1790423704.1740534,3.9555809926241636
1790423704.178354,1.4380610082298517
1790423704.1861875,1.5735859924461693
1790423704.187683,1.3938830234110355
1790423704.193109,1.302101998589933
1790423704.1982846,1.623407006263733
1790423704.2060592,15.46868501463905
1790423704.206159,23.462270008167252
1790423704.2090967,1.521396974567324
1790423704.2181273,1.8256889889016747
1790423704.223282,27.16615199460648
1790423704.2243366,1.8807339947670698
1790423704.2351835,2.701377001358196
1790423704.2363205,2.4179010069929063
1790423704.236664,3.563434991519898
1790423704.242252,12.843903008615598
1790423704.2425823,27.604467992205173
1790423704.2426488,6.143678008811548
1790423704.246592,1.7641739977989346
1790423704.248828,3.2757269800640643
1790423704.2498558,1.723372028209269
1790423704.2615309,25.968019996071234
1790423704.2616572,8.301202993607149
1790423704.2617385,24.3402479973156
1790423704.2658997,1.5842670109122992
1790423704.2676077,1.5958629956003278
1790423704.2695262,1.464526983909309
1790423704.2711687,16.815326001960784
1790423704.2737625,26.660125993657857
1790423704.2757044,1.805489999242127
1790423704.2757866,2.6028289867099375
1790423704.2797315,1.6498040058650076
1790423704.2906742,1.7068349989131093
1790423704.2949584,1.5582849737256765
1790423704.3006978,1.3724269811064005
1790423704.3096228,1.913256011903286
1790423704.3102744,3.2312599942088127
1790423704.310983,15.230521996272728
1790423704.3110642,24.318004987435415
1790423704.3115344,1.901868003187701
1790423704.3132422,1.3473409926518798
1790423704.316828,1.4186270127538592
1790423704.3259215,1.7998680123127997
1790423704.326011,2.4009640037547797
1790423704.3344624,1.7121430137194693
1790423704.3368912,1.8006169993896037
1790423704.3369987,2.412071014987305
1790423704.354217,27.723107021301985
1790423704.3550942,2.2475429868791252
1790423704.3551989,30.551308998838067
1790423704.3552856,15.161795978201553
1790423704.3590508,1.7660029989201576
1790423704.371589,22.635304980212823
1790423704.3891733,19.402737001655623
1790423704.3897707,33.5180799884256
1790423704.390174,10.28598501579836
1790423704.3933723,42.714074021205306
1790423704.3952897,23.68736098287627
1790423704.3980772,14.601676986785606
1790423704.398177,31.821456010220572
1790423704.3984294,54.3875029834453
1790423704.4023933,41.413689992623404
1790423704.4072025,32.5661440147087
1790423704.4096859,41.70713300118223
1790423704.4099934,12.961667001945898
1790423704.4163284,49.26699202042073
1790423704.4182875,39.29281700402498
1790423704.4186494,69.05439498950727
1790423704.4187596,19.000583997694775
1790423704.4188466,42.669743997976184
1790423704.4258718,18.106536008417606
1790423704.4400332,31.697077996795997
1790423704.4408095,7.156392995966598
1790423704.4434035,28.309863002505153
1790423704.4435396,3.902778000338003
1790423704.4436228,29.215714981546625
1790423704.4476304,17.61920499848202
1790423704.4477174,30.701612995471805
1790423704.4478738,7.051044987747446
1790423704.454357,1.8314859771635383
1790423704.4582336,27.691289986250922
1790423704.459152,29.715987999225035
1790423704.4592848,11.402208998333663
1790423704.4603407,2.0963989954907447
1790423704.4606943,1.397757005179301
1790423704.462873,1.1935749789699912
1790423704.4662251,1.393093989463523
1790423704.4703422,1.6524310049135238
1790423704.471978,1.3401559845078737
1790423704.4768112,1.2736759963445365
1790423704.4838269,2.132895024260506
1790423704.4839642,1.8046650220640004
1790423704.4850528,21.173696994083002
1790423704.485349,12.570355989737436
1790423704.485411,24.192334996769205
1790423704.489141,2.2233000199776143
1790423704.4892735,3.3956749830394983
1790423704.511239,12.680361978709698
1790423704.5188289,26.194537989795208
1790423704.5195234,31.94583297590725
1790423704.522116,24.628790997667238
1790423704.5254169,38.895909005077556
1790423704.5331688,26.16807699087076
1790423704.5357792,22.991466976236552
1790423704.5415921,35.74632998788729
1790423704.546194,22.685142001137137
1790423704.5483441,54.744419001508504
1790423704.549624,44.705026026349515
1790423704.5505202,35.27942599612288
1790423704.5509827,48.46593600814231
1790423704.5518248,53.88045098516159
1790423704.5527139,27.97438099514693
1790423704.5540864,31.184469000436366
1790423704.5572312,31.738903984660283
1790423704.5576942,35.72562200133689
1790423704.5578718,28.331660985713825
1790423704.5625148,34.52923201257363
1790423704.5654657,39.301726006669924
1790423704.5664306,56.217503995867446
1790423704.568531,59.79960600961931
1790423704.5698617,29.70871698926203
1790423704.57516,27.728843997465447
1790423704.5761003,30.771143996389583
1790423704.5826218,29.575800988823175
1790423704.5830686,52.81623100745492
1790423704.5899558,38.75205898657441
1790423704.5916834,28.371499996865168
1790423704.594563,37.32114299782552
1790423704.6018927,30.742500006454065
1790423704.602331,34.507272008340806
1790423704.6075773,53.26185098965652
1790423704.6084769,81.25004099565558
1790423704.6093116,76.96861200383864
1790423704.612121,42.85910099861212
1790423704.6127372,78.16251600161195
1790423704.613223,58.3009890106041
1790423704.6206079,50.43782098800875
1790423704.6224813,47.307770990300924
1790423704.6234705,32.317711011273786
1790423704.6237574,39.99317399575375
1790423704.6253476,32.55774700664915
1790423704.6258266,52.20382401603274
1790423704.626013,21.370444999774918
1790423704.6261182,22.704010014422238
1790423704.6261878,59.04166400432587
1790423704.6302035,57.41524597397074
1790423704.63245,3.9094270032364875
1790423704.635048,2.19059397932142
1790423704.6351366,28.52341902325861
1790423704.6356528,24.405783973634243
1790423704.6371803,59.42759697791189
1790423704.637334,7.7536890166811645
1790423704.6383781,72.67452200176194
1790423704.6425433,1.7592950025573373
1790423704.644611,49.46016098256223
1790423704.6451817,37.59067499777302
1790423704.6456025,14.668660005554557
1790423704.6457171,42.9624599928502
1790423704.6507823,1.609819009900093
1790423704.6530428,21.25705999787897
1790423704.653391,32.067749998532236
1790423704.6583283,1.805009989766404
1790423704.661067,1.5474009851459414
1790423704.666351,1.6495570016559213
1790423704.6724176,2.0694549893960357
1790423704.6741,1.6708390030544251
1790423704.6746914,1.5147399972192943
1790423704.6786163,1.9019159954041243
1790423704.6811445,22.80444500502199
1790423704.6814804,27.368273003958166
1790423704.6826756,4.7822110063862056
1790423704.6828074,11.577130004297942
1790423704.6832135,1.4686370268464088
1790423704.6876547,1.522186998045072
1790423704.6923394,1.3702550204470754
1790423704.6942017,1.2774210190400481
1790423704.6955552,1.3446689990814775
1790423704.6960034,1.3164250121917576
1790423704.700571,1.8173859862145036
1790423704.7006264,1.503250008681789
1790423704.707239,1.509595982497558
1790423704.715436,1.4607729972340167
1790423704.7233164,1.9227770098950714
1790423704.724134,1.7851929878816009
1790423704.743898,27.004142000805587
1790423704.744104,10.179765988141298
1790423704.7473798,5.792512005427852
1790423704.7475429,4.786920995684341
1790423704.7482696,2.614369004731998
1790423704.7488775,11.79701101500541
1790423704.7544188,1.8361679976806045
1790423704.7561007,31.543157005216926
1790423704.7561965,6.207775993971154
1790423704.7588167,2.2228939924389124
1790423704.7591436,1.8095489940606058
1790423704.7630794,1.6208970046136528
1790423704.7691648,1.9159630173817277
1790423704.7751343,1.788982015568763
1790423704.7771513,16.549935971852392
1790423704.7775848,26.536549994489178
1790423704.7792926,34.76179699646309
1790423704.7794154,3.6791999882552773
1790423704.7799754,1.8447870097588748
1790423704.7879088,2.1834149956703186
1790423704.790151,3.7098789762239903
1790423704.7902627,2.3447590065188706
1790423704.7910912,1.4722780033480376
1790423704.7958372,18.2403439830523
1790423704.7964344,9.106495010200888
1790423704.7965653,2.8699499962385744
1790423704.7966206,30.851060000713915
1790423704.797106,1.863743003923446
1790423704.8006883,1.807738997740671
1790423704.8018486,1.9176770001649857
1790423704.802955,1.7627380148041993
1790423704.8039255,1.376985019305721
1790423704.804754,1.5231640136335045
1790423704.8078752,2.1369350142776966
1790423704.808591,1.6076129977591336
1790423704.8103004,1.453322998713702
1790423704.8109958,1.6824259946588427
1790423704.8127933,2.147647988749668
1790423704.814413,2.5780569994822145
1790423704.814621,3.3063790178857744
1790423704.8171866,1.5849199844524264
1790423704.8217938,2.976421994389966
1790423704.8243086,5.9022360073868185
1790423704.82486,4.218575020786375
1790423704.827873,6.068009999580681
1790423704.8281224,4.373039002530277
1790423704.8313391,17.56292299251072
1790423704.8422809,22.846815001685172
1790423704.8552964,30.872495990479365
1790423704.8597133,33.75411199522205
1790423704.8634326,30.720887007191777
1790423704.8734753,46.72705999109894
1790423704.882441,32.66438900027424
1790423704.8825629,69.71798001904972
1790423704.8855364,62.30461300583556
1790423704.8894193,30.52493100403808
1790423704.8910758,37.15168597409502
1790423704.898507,51.454341009957716
1790423704.8987625,30.688305996591225
1790423704.8989403,63.36290601757355
1790423704.8990653,52.89444199297577
1790423704.90843,62.9842960042879
1790423704.90876,47.47529298765585
1790423704.909617,61.594611004693434
1790423704.914805,51.35771198547445
1790423704.9150054,49.01796398917213
1790423704.9190972,37.8748609800823
1790423704.9201636,40.38377999677323
1790423704.9308422,60.63111498951912
1790423704.9386597,26.62521300953813
1790423704.9444246,61.277058004634455
1790423704.9474614,57.223500014515594
1790423704.9480116,35.3300939896144
1790423704.9484248,22.559584002010524
1790423704.948595,12.054268998326734
1790423704.948747,57.60233401088044
1790423704.9489217,41.683616989757866
1790423704.954146,97.78653099783696
1790423704.956889,79.07875798991881
1790423704.9629595,69.77276998804882
1790423704.9657571,41.47919098613784
1790423704.9660864,34.575969009893015
1790423704.9673264,49.26056700060144
1790423704.9681635,23.107789980713278
1790423704.9704187,48.04505201173015
1790423704.9723008,28.03656001924537
1790423704.972457,44.792817992856726
1790423704.9750986,15.354992996435612
1790423704.9775746,23.014883016003296
1790423704.9788878,61.473726003896445
1790423704.9841993,25.671796989627182
1790423704.9852037,64.00186900282279
1790423704.9854643,11.90927901188843
1790423704.9855597,46.74310301197693
1790423704.9897685,136.890717985807
1790423704.9920769,65.39975598570891
1790423704.9926336,53.163370001129806
1790423704.9930894,87.76496798964217
1790423704.9934056,35.63731801114045
1790423704.9996107,19.72397801000625
1790423704.9999168,35.758255020482466
1790423705.003166,1.3825090136379004
1790423705.0108738,28.974645014386624
1790423705.0113316,33.124616980785504
1790423705.0114193,4.710708017228171
1790423705.0158696,42.129268986172974
1790423705.0181048,1.450740994187072
1790423705.020109,79.8108949966263
1790423705.0225797,1.9665889849420637
1790423705.0235758,37.45446301763877
1790423705.0249841,184.4539429876022
1790423705.0251052,10.972485993988812
1790423705.0251908,3.088744997512549
1790423705.0252533,41.72380201634951
1790423705.0308034,54.149222996784374
1790423705.0314016,37.64474397758022
1790423705.0324728,17.77472798130475
1790423705.0327382,73.43185201170854
1790423705.033608,10.699281992856413
1790423705.033684,42.844709008932114
1790423705.0506985,11.260130995651707
1790423705.05079,22.03215000918135
1790423705.0528977,1.7031360184773803
1790423705.053757,1.7060830141417682
1790423705.0559692,15.636394993634894
1790423705.056057,23.174395988462493
1790423705.0612953,1.382857997668907
1790423705.064309,15.844995999941602
1790423705.0644753,23.501368996221572
1790423705.0647907,1.684916001977399
1790423705.0690064,1.3591379974968731
1790423705.0704856,1.2732160103041679
1790423705.0784771,1.9433569977991283
1790423705.0820084,1.7396720068063587
1790423705.082982,1.7862799868453294
1790423705.0863667,1.2734310002997518
1790423705.0908973,1.5058649878483266
1790423705.0912738,1.4656049897894263
1790423705.1140594,20.472131989663467
1790423705.1149428,19.348467991221696
1790423705.1156685,9.541792998788878
1790423705.1166253,5.280643003061414
1790423705.117727,31.144091015448794
1790423705.1209376,28.35675500682555
1790423705.1228716,2.7094079996459186
1790423705.1231244,23.506698984419927
1790423705.123259,8.293416001833975
1790423705.125611,31.592775019817054
1790423705.1275604,36.24121900065802
1790423705.1278903,6.461637007305399
1790423705.1334295,2.8379989962559193
1790423705.134481,1.7638920107856393
1790423705.1381435,3.652995976153761
1790423705.1394997,4.391144990222529
1790423705.1406193,1.9772500090766698
1790423705.1435108,1.475785014918074
1790423705.1482697,63.62588997581042
1790423705.148641,43.380485993111506
1790423705.1495214,17.731492989696562
1790423705.1496162,49.32788299629465
1790423705.1526115,16.154123994056135
1790423705.1531653,37.29960400960408
1790423705.154264,6.768741994164884
1790423705.1659515,28.395695000654086
1790423705.1660655,30.337043979670852
1790423705.1661534,14.897423010552302
1790423705.1700757,11.04540898813866
1790423705.1761425,23.517719004303217
1790423705.1763911,4.503889009356499
1790423705.177124,30.365756014361978
1790423705.1786964,26.951609004754573
1790423705.178888,15.975829010130838
1790423705.1790366,34.92078999988735
1790423705.1868303,32.105702004628256
1790423705.1887887,38.43781098839827
1790423705.1888564,13.853120006388053
1790423705.1957242,32.229226984782144
1790423705.1958036,11.690315994201228
1790423705.1961007,1.4390590076800436
1790423705.1990354,1.2609580007847399
1790423705.2017145,1.336296001682058
1790423705.2047243,12.460896017728373
1790423705.2069972,2.1329850133042783
1790423705.207668,1.5121129981707782
1790423705.209317,1.2942090106662363
1790423705.217137,1.7635080148465931
1790423705.2176905,1.5682410157751292
1790423705.221025,6.864470982691273
1790423705.2210944,28.266743989661336
1790423705.221372,17.22219499060884
1790423705.2222292,2.0720130123663694
1790423705.2234733,1.235192990861833
1790423705.2276447,1.4747489767614752
1790423705.2311037,2.253688988275826
1790423705.233931,13.33823602180928
1790423705.2343059,28.652039996813983
1790423705.2343972,4.320462001487613
1790423705.2344794,19.850835000397637
1790423705.2377353,1.7308880051132292
1790423705.2479258,3.4726770245470107
1790423705.2487984,4.950959992129356
1790423705.2497852,3.520728991134092
1790423705.2509916,2.181508985813707
1790423705.2517712,1.7009330040309578
1790423705.2563891,24.305118015035987
1790423705.2567751,11.68402101029642
1790423705.2568974,27.562623989069834
1790423705.2608402,1.4129359915386885
1790423705.270548,1.4932689955458045
1790423705.2722013,1.3490279961843044
1790423705.2748172,26.81723001296632
1790423705.275142,11.54874000349082
1790423705.2755225,2.643092011567205
1790423705.2756042,1.8940849986393005
1790423705.277607,1.6439520113635808
1790423705.2830143,1.422618021024391
1790423705.2852442,1.2602840142790228
1790423705.2872527,1.3963230012450367
1790423705.2945433,1.5105099882930517
1790423705.2971292,1.524163002613932
1790423705.302509,1.43209399539046
1790423705.3062134,13.888123008655384
1790423705.3065746,2.0568849868141115
1790423705.3066785,25.653166987467557
1790423705.3107624,1.5390710032079369
1790423705.3120737,1.301743002841249
1790423705.3199983,1.403586007654667
1790423705.322606,1.295129011850804
1790423705.329913,2.434862981317565
1790423705.330188,1.7647360218688846
1790423705.3302486,2.219713991507888
1790423705.3404536,22.28987100534141
1790423705.3406446,13.603505009086803
1790423705.3409498,4.172936984105036
1790423705.353068,1.6050510166678578
1790423705.3593636,16.19581101112999
1790423705.3607461,28.398057009326294
1790423705.362208,2.830665005603805
1790423705.3648148,19.973546994151548
1790423705.3666766,33.87871797895059
1790423705.3675392,7.590555993374437
1790423705.3724196,1.4749380061402917
1790423705.3786716,29.2084579996299
1790423705.3813672,17.63321299222298
1790423705.3815246,6.643874978180975
1790423705.3816059,35.72171999257989
1790423705.386755,2.4725020048208535
1790423705.3878336,2.0873920002486557
1790423705.3919444,25.12363699497655
1790423705.3921177,16.048930992837995
1790423705.3922544,31.023282994283363
1790423705.3930013,2.756764995865524
1790423705.3982062,16.292438987875357
1790423705.3983746,32.360293000238016
1790423705.3984654,30.493220983771607
1790423705.400456,1.8683999951463193
1790423705.4087546,2.0605339959729463
1790423705.4097044,1.7742109776008874
1790423705.4118333,26.67883801041171
1790423705.4127111,13.49734899122268
1790423705.4128199,2.1618799946736544
1790423705.424448,2.4590880202595145
1790423705.4246671,2.142423007171601
1790423705.4257104,2.504706004401669
1790423705.428058,21.849211014341563
1790423705.4282088,16.256890987278894
1790423705.428288,25.05745700909756
1790423705.4316533,1.4268630184233189
1790423705.4321945,1.325193006778136
1790423705.4339852,1.3101219956297427
1790423705.4366465,1.209969981573522
1790423705.441871,1.5180780028458685
1790423705.449977,1.2875169923063368
1790423705.4598558,2.2307379986159503
1790423705.4599452,1.8092530081048608
1790423705.4634552,21.57308897585608
1790423705.4635186,22.447897994425148
1790423705.4655423,1.461926003685221
1790423705.4730215,1.839046977693215
1790423705.475542,2.0124290022067726
1790423705.4765427,1.886990008642897
1790423705.4800572,1.7042679828591645
1790423705.4840236,1.8583890050649643
1790423705.4860916,1.7349630070384592
1790423705.4894218,27.401544008171186
1790423705.4895365,23.18366599502042
1790423705.4896052,13.034527015406638
1790423705.4933722,1.7792260041460395
1790423705.504213,2.2543389932252467
1790423705.511908,18.52279101149179
1790423705.5121553,29.270696017192677
1790423705.51305,2.030995994573459
1790423705.5218406,4.630979994544759
1790423705.525172,2.012226002989337
1790423705.5269637,30.422573996474966
1790423705.5284038,15.34212299156934
1790423705.5288126,10.968281014356762
1790423705.528947,34.89846701268107
1790423705.529012,3.5494560142979026
1790423705.5392802,38.15893499995582
1790423705.539895,39.50977500062436
1790423705.5404677,22.03568900586106
1790423705.5405555,26.828325993847102
1790423705.541547,7.240628998260945
1790423705.5427678,26.662744989152998
1790423705.5443313,5.034864007029682
1790423705.5448153,39.1595909895841
1790423705.5451348,24.886290018912405
1790423705.5459142,10.464711987879127
1790423705.5460145,5.043618002673611
1790423705.5461352,4.222315998049453
1790423705.5505943,1.8511670059524477
1790423705.5529406,1.5811379998922348
1790423705.5555406,18.943968985695392
1790423705.556042,1.6355850093532354
1790423705.5632567,3.9476670208387077
1790423705.5634375,6.35191798210144
1790423705.5635254,17.256110004382208
1790423705.5644188,4.2936950048897415
1790423705.5647717,32.36430897959508
1790423705.5656998,4.963831015629694
1790423705.5665364,2.6831199938897043
1790423705.5675375,2.341490995604545
1790423705.569282,1.5704090183135122
1790423705.5729277,2.177657006541267
1790423705.5733728,1.968180004041642
1790423705.5907686,3.0087339982856065
1790423705.5909452,3.678253007819876
1790423705.5939934,18.811866000760347
1790423705.5944054,5.931769002927467
1790423705.5945249,27.921455999603495
1790423705.597149,1.9949649868067354
1790423705.5990937,28.831445990363136
1790423705.5998077,14.585394994355738
1790423705.5999084,10.373778000939637
1790423705.6036015,1.8334719934500754
1790423705.6077516,2.140675002010539
1790423705.610805,2.369196998188272
1790423705.612567,1.4888300211168826
1790423705.621591,2.1695499890483916
1790423705.626812,2.002815977903083
1790423705.637052,21.446635015308857
1790423705.6395187,30.48919900902547
1790423705.639903,18.09003300149925
1790423705.640033,10.456380026880652
1790423705.640119,32.23843898740597
1790423705.6417983,18.287348008016124
1790423705.6425648,7.159946020692587
1790423705.6432753,29.45946200634353
1790423705.6435707,20.912723994115368
1790423705.6436698,8.872172009432688
1790423705.6437917,32.16660101315938
1790423705.6445374,1.9620380189735442
1790423705.6480324,2.9408620030153543
1790423705.6481667,2.5741999852471054
1790423705.64898,1.581229007570073
1790423705.6535196,1.687373995082453
1790423705.654502,1.7625030013732612
1790423705.6605291,1.6530279826838523
1790423705.666859,2.209312980994582
1790423705.6788754,2.071209979476407
1790423705.6789684,2.781766001135111
1790423705.6827164,1.6548800049349666
1790423705.6886551,1.5631339920219034
1790423705.6895924,22.717120009474456
1790423705.6901698,26.114640990272164
1790423705.6902347,7.497009995859116
1790423705.6925128,1.6983450041152537
1790423705.698817,1.595802023075521
1790423705.701353,1.4265429927036166
1790423705.7086713,1.6634009953122586
1790423705.7093184,1.6756289987824857
1790423705.7168314,25.065274006919935
1790423705.7181273,13.340422010514885
1790423705.7182512,6.027656985679641
1790423705.7288156,23.272452992387116
1790423705.7289248,27.52428501844406
1790423705.7346616,1.7025709967128932
1790423705.7435164,1.665493007749319
1790423705.7461143,27.64572700834833
1790423705.7462537,5.445110000437126
1790423705.748066,12.52441099495627
1790423705.7481778,31.104393012356013
1790423705.7550843,1.604471995960921
1790423705.7593615,2.113771013682708
1790423705.762155,1.5117089787963778
1790423705.7651265,1.731436001136899
1790423705.7721488,13.33518698811531
1790423705.7722437,26.74261899664998
1790423705.7775009,17.43766400613822
1790423705.7775855,25.704491999931633
1790423705.777778,29.07806501025334
1790423705.7779994,3.2161310082301497
1790423705.779031,3.3405809954274446
1790423705.7914515,12.41041999310255
1790423705.7916546,26.92616599961184
1790423705.7929957,2.901247004047036
1790423705.8023875,3.2245000184047967
1790423705.8037028,22.002704004989937
1790423705.8046255,13.775939005427063
1790423705.806567,33.664978021988645
1790423705.8085575,8.432894013822079
1790423705.8098972,3.1971120042726398
1790423705.8111315,23.681029997533187
1790423705.8116684,27.538021007785574
1790423705.8143718,21.491772000445053
1790423705.8147664,14.449645997956395
1790423705.8159792,8.732838003197685
1790423705.81707,39.00895599508658
1790423705.818913,24.51627398841083
1790423705.8207119,7.047210005111992
1790423705.8207912,6.015917984768748
1790423705.8211973,33.289523009443656
1790423705.8213992,13.56509598554112
1790423705.821838,19.436026021139696
1790423705.822094,6.102560990257189
1790423705.8221817,17.541690001962706
1790423705.8282888,6.879608001327142
1790423705.8365178,30.71673700469546
1790423705.8388317,25.67842198186554
1790423705.8389642,20.58688798570074
1790423705.8411942,16.012234991649166
1790423705.8428981,10.548463993472978
1790423705.8555083,11.830709991045296
1790423705.857291,26.463421003427356
1790423705.866412,42.14560700347647
1790423705.867705,39.310866995947435
1790423705.8689656,18.38440800202079
1790423705.8773952,33.08367601130158
1790423705.8783872,28.923869016580284
1790423705.878833,59.09649500972591
1790423705.8790965,41.06206799042411
1790423705.879399,9.997393004596233
1790423705.884685,14.214296999853104
1790423705.8850965,51.052116992650554
1790423705.885191,2.510979014914483
1790423705.8852575,46.026935015106574
1790423705.8861625,13.725870987400413
1790423705.8862648,32.80955602531321
1790423705.8901236,1.3900839840061963
1790423705.8925838,1.6009029932320118
1790423705.8937678,33.99623598670587
1790423705.894261,17.894224991323426
1790423705.8943214,2.7821820112876594
1790423705.8979752,1.4923900016583502
1790423705.907645,1.5830649936106056
1790423705.9099884,1.3568699941970408
1790423705.9147773,1.3463580107782036
1790423705.9192262,2.279972977703437
1790423705.9193215,8.83778597926721
1790423705.9194167,22.323323995806277
1790423705.9235587,1.6431979893241078
1790423705.9261768,25.405402993783355
1790423705.9262726,14.89056198624894
1790423705.926338,28.318927012151107
1790423705.92814,1.4634659746661782
1790423705.9358563,1.4734540018253028
1790423705.940691,1.786743989214301
1790423705.9493525,22.023657016688958
1790423705.9497025,26.975793996825814
1790423705.9517105,1.4200050209183246
1790423705.9539254,1.5139080060180277
1790423705.9663305,2.541821013437584
1790423705.9688745,4.104505002032965
1790423705.9689887,3.0597280128858984
1790423705.9692569,3.681947011500597
1790423705.9709575,1.2262600066605955
1790423705.9810584,1.3654990179929882
1790423705.9866562,2.3949869791977108
1790423705.993877,4.538743989542127
1790423705.9947271,4.69037500442937
1790423705.9968348,3.7716679798904806
1790423705.9981217,3.5280569863971323
1790423706.0007665,33.73634899617173
1790423706.0008476,15.900993981631473
1790423706.0014567,10.79220901010558
1790423706.0017717,3.637437999714166
1790423706.0018578,33.582575008040294
1790423706.0019233,7.1838680014479905
1790423706.0050535,13.39256699429825
1790423706.007925,1.899586000945419
1790423706.0082533,1.6450700059067458
1790423706.0103333,22.703930997522548
1790423706.0133078,16.377518011722714
1790423706.0133817,32.02996600884944
1790423706.0181723,1.3868079986423254
1790423706.0198617,1.2669350253418088
1790423706.0213919,1.3244989968370646
1790423706.022254,1.4881460228934884
1790423706.0237331,1.1746130185201764
1790423706.0250993,1.356182008748874
1790423706.0254955,1.208216999657452
1790423706.029849,1.27886698464863
1790423706.0314658,1.1941470147576183
1790423706.0453038,3.354655986186117
1790423706.045414,3.8132970221340656
1790423706.0458891,3.2990939798764884
1790423706.046342,1.7179659917019308
1790423706.0490694,1.2645040114875883
1790423706.0500298,12.150981987360865
1790423706.0501363,22.036329988623038
1790423706.0503852,7.1367100172210485
1790423706.0526657,1.3230720069259405
1790423706.056388,1.147674018284306
1790423706.060268,1.3178779918234795
1790423706.0622766,1.4336039894260466
1790423706.0630748,1.5637949982192367
1790423706.068195,1.769172988133505
1790423706.0887513,1.8074660038109869
1790423706.0902772,1.5127490041777492
1790423706.0908365,11.600628000451252
1790423706.0941894,1.2834760127589107
1790423706.0980468,30.9411289927084
1790423706.0993774,4.708315973402932
1790423706.100827,3.7177100020926446
1790423706.1014328,6.062325002858415
1790423706.1018689,4.2532609950285405
1790423706.1019485,3.531923983246088
1790423706.1068974,1.478103979025036
1790423706.1091352,1.348881982266903
1790423706.1171892,1.558591000502929
1790423706.1200843,1.7648599750827998
1790423706.1228528,1.432179007679224
1790423706.1254065,1.5468620113097131
1790423706.125764,22.893356013810262
1790423706.1268153,30.76436000992544
1790423706.1268964,7.792443997459486
1790423706.1270032,14.267054008087143
1790423706.1289818,24.515091005014256
1790423706.1307173,17.42964598815888
1790423706.1308317,9.985354001400992
1790423706.1309135,30.673859000671655
1790423706.1313593,2.267157018650323
1790423706.1360233,2.9351059929467738
1790423706.141529,7.205797010101378
1790423706.1522806,1.8430579802952707
1790423706.162224,14.637332002166659
1790423706.1624403,7.673677988350391
1790423706.1626294,27.413262985646725
1790423706.1635656,2.935155003797263
1790423706.1687846,35.03852401627228
1790423706.1689365,16.341700014891103
1790423706.1707363,12.324946001172066
1790423706.1710086,22.49886898789555
1790423706.1710887,34.11969399894588
1790423706.1711726,3.7112389982212335
1790423706.1729836,1.4702600019518286
1790423706.1775703,1.4695549907628447
1790423706.1830943,1.4602629817090929
1790423706.186192,1.6084059898275882
1790423706.1872983,1.9249009783379734
1790423706.187679,1.4769660192541778
1790423706.1977758,1.5085890190675855
1790423706.200089,1.1886190040968359
1790423706.2029197,1.2048319913446903
1790423706.2036872,1.3648350141011178
1790423706.206657,1.131912984419614
1790423706.2088037,1.4644500042777508
1790423706.212209,1.4394519967027009
1790423706.2126107,1.4158420090097934
1790423706.2159069,1.7767130048014224
1790423706.2159698,1.4294600114226341
1790423706.2243361,1.6174880147445947
1790423706.2280817,1.3620909885503352
1790423706.2346678,1.2869350030086935
1790423706.2398515,2.2763549932278693
1790423706.2401745,2.0413940073922276
1790423706.2404382,1.5885189932305366
1790423706.2539227,2.1731479791924357
1790423706.2542105,1.5748860023450106
1790423706.2587585,12.264849006896839
1790423706.2614586,1.5286369889508933
1790423706.2647674,6.97845101240091
1790423706.2670188,1.8673110171221197
1790423706.270046,19.51888098847121
1790423706.272842,1.6771640221122652
1790423706.275876,1.8934560066554695
1790423706.2804816,25.3660730086267
1790423706.2825253,15.055625000968575
1790423706.2830942,37.07245198893361
1790423706.2861917,39.26821201457642
1790423706.2867174,17.53144498798065
1790423706.2872415,8.909047988709062
1790423706.287341,7.476690982002765
1790423706.2875957,5.879868986085057
1790423706.2880309,7.53684900701046
1790423706.288326,4.337045014835894
1790423706.2888665,3.218328987713903
1790423706.2935987,2.2049759863875806
1790423706.294841,1.7266639915760607
1790423706.307463,1.7321390041615814
1790423706.3158169,15.082651021657512
1790423706.3199272,27.780761010944843
1790423706.3215885,13.493974023731425
1790423706.322804,3.8182689750101417
1790423706.3230007,2.546725998399779
1790423706.3243725,15.620468999259174
1790423706.324838,2.9804540099576116
1790423706.3249254,30.87509499164298
1790423706.329559,6.323270994471386
1790423706.329771,30.95453599235043
1790423706.3298438,15.30555498902686
1790423706.3308,1.9835529965348542
1790423706.3326035,2.575171005446464
1790423706.3333638,1.8366030126344413
1790423706.333817,1.7558159888722003
1790423706.3642557,21.022886998252943
1790423706.3741186,31.454719981411472
1790423706.3743591,28.190753975650296
1790423706.3783295,31.614958978025243
1790423706.378532,23.625926987733692
1790423706.382612,38.73736000969075
1790423706.3829198,9.632031986257061
1790423706.385511,45.02659701392986
1790423706.3876195,39.13958399789408
1790423706.3920183,44.447509018937126
1790423706.394921,43.57128599076532
1790423706.4019742,42.913216981105506
1790423706.4031284,61.972422001417726
1790423706.4049635,65.80236801528372
1790423706.4051187,39.812414994230494
1790423706.4062529,31.88153202063404
1790423706.407185,29.13981900201179
1790423706.4085143,46.00870699505322
1790423706.4087114,28.263279993552715
1790423706.4091203,51.78287500166334
1790423706.410084,61.122112994780764
1790423706.4122071,30.31586200813763
1790423706.4128578,18.688017007661983
1790423706.413017,37.48734301188961
1790423706.4132175,19.587704999139532
1790423706.413854,50.40729101165198
1790423706.4145339,24.51358997495845
1790423706.4149063,8.6428550130222
1790423706.4170012,38.302551984088495
1790423706.41793,41.19910899316892
1790423706.418265,19.608599977800623
1790423706.418421,7.680738985072821
1790423706.419178,28.21297597256489
1790423706.4206984,19.856611994327977
1790423706.4250805,1.5289059956558049
1790423706.4276533,35.62369098654017
1790423706.4344594,30.962938006268814
1790423706.4345489,21.678810007870197
1790423706.43529,3.9409680175594985
1790423706.4355588,35.626505996333435
1790423706.4368098,24.5902210008353
1790423706.4368894,11.693852982716635
1790423706.4369922,52.471100992988795
1790423706.4431522,24.597821000497788
1790423706.4436758,32.2446110076271
1790423706.4437375,6.555358006153256
1790423706.460435,22.735365986591205
1790423706.46092,13.740915019297972
1790423706.4623208,1.8325110140722245
1790423706.4635491,2.1138160082045943
1790423706.4698162,2.365441992878914
1790423706.4731615,4.187851998722181
1790423706.4753456,24.59265399374999
1790423706.476128,13.219663000199944
1790423706.4762616,6.244963005883619
1790423706.4777532,22.9655199800618
1790423706.4778686,29.954040015581995
1790423706.4786284,3.2707920181564987
1790423706.478762,25.31185999396257
1790423706.4794364,14.08039900707081
1790423706.4806557,3.674292005598545
1790423706.480811,9.233311982825398
1790423706.4847014,1.394109014654532
1790423706.4858177,12.12089299224317
1790423706.4861734,1.330544997472316
1790423706.490222,1.3944910024292767
1790423706.4972062,17.138250987045467
1790423706.4972901,27.88032597163692
1790423706.4974127,2.5974570016842335
1790423706.4974854,24.31338600581512
1790423706.497561,10.514989990042523
1790423706.4989843,1.286941987928003
1790423706.5002987,18.430461001116782
1790423706.5009866,28.47038599429652
1790423706.5010808,13.532050012145191
1790423706.501394,1.7016940109897405
1790423706.512182,1.3344949984457344
1790423706.5195558,1.9343449966982007
1790423706.5206099,1.5517990104854107
1790423706.5257058,22.266713000135496
1790423706.5258558,21.902943990426138
1790423706.526361,1.5952920075505972
1790423706.5301504,1.3580550148617476
1790423706.5321467,1.558062998810783
1790423706.532576,1.5167539822869003
1790423706.5349348,1.5736659988760948
1790423706.5363257,1.265901984879747
1790423706.5409243,1.4644470065832138
1790423706.5424185,1.4850930019747466
1790423706.5438263,1.2984589848201722
1790423706.545186,1.2041689769830555
1790423706.5503266,1.7234810220543295
1790423706.5543566,19.837579020531848
1790423706.5572104,15.830151009140536
1790423706.5591483,26.463786023668945
1790423706.5601401,4.691759997513145
1790423706.560305,11.175591993378475
1790423706.561218,5.259581987047568
1790423706.5617585,5.299198004649952
1790423706.5620499,3.589505999116227
1790423706.5625832,1.3466480013448745
1790423706.565566,2.043173008132726
1790423706.566132,1.4881020179018378
1790423706.5696,2.018441999098286
1790423706.5705297,1.963290007552132
1790423706.5719588,17.28763701976277
1790423706.5723593,26.499909989070147
1790423706.5728436,15.623336978023872
1790423706.5731544,9.113034990150481
1790423706.5759869,1.1845629778690636
1790423706.5787187,1.3554379984270781
1790423706.5795968,1.5412760258186609
1790423706.5802085,1.3216799998190254
1790423706.5819914,1.1691480176523328
1790423706.591478,1.6784839972388
1790423706.5915399,2.2611809836234897
1790423706.5935585,1.238730998011306
1790423706.5948627,1.2960000021848828
1790423706.5956771,1.4019949885550886
1790423706.6015031,1.4278399758040905
1790423706.6027176,1.2059409928042442
1790423706.605237,1.0997290082741529
1790423706.6075692,1.3868779933545738
1790423706.6079998,1.398618012899533
1790423706.6101432,1.252037996891886
1790423706.6105843,1.2850339990109205
1790423706.6150908,1.7748080135788769
1790423706.6290424,1.5327570145018399
1790423706.631066,1.3261690037325025
1790423706.6457849,2.402734011411667
1790423706.6490905,5.069538980023935
1790423706.6492898,22.407810989534482
1790423706.6508603,1.4891450118739158
1790423706.652705,1.5483610040973872
1790423706.6598916,2.417693001916632
1790423706.6607914,2.748364000581205
1790423706.6714265,18.711765005718917
1790423706.6721942,27.523741009645164
1790423706.6723294,12.427095993189141
1790423706.672401,30.587104993173853
1790423706.6755536,28.488370997365564
1790423706.6760378,22.039956995286047
1790423706.6764274,28.098495007725433
1790423706.6765647,16.208771005040035
1790423706.6852117,14.455857017310336
1790423706.6878455,1.557904004584998
1790423706.6912694,1.5751949977129698
1790423706.6925132,23.417616001097485
1790423706.692938,29.25301098730415
1790423706.6967103,28.524371999083087
1790423706.6967866,3.799263999098912
1790423706.6979709,4.415612987941131
1790423706.698498,3.2280329905916005
1790423706.6987824,2.4999350134748966
1790423706.6988747,4.271381010767072
1790423706.7022128,2.231335995020345
1790423706.7038414,2.0304149948060513
1790423706.705278,2.925930981291458
1790423706.7053998,2.279250998981297
1790423706.7144127,2.1173360000830144
1790423706.7161913,2.8101929929107428
1790423706.7165105,2.0869690051767975
1790423706.7248085,25.39910699124448
1790423706.725157,24.63587501551956
1790423706.7255342,9.896928007947281
1790423706.7256067,20.798943005502224
1790423706.730782,1.7186400073114783
1790423706.7314048,1.552525005536154
1790423706.7372727,3.057578986044973
1790423706.7457154,22.280113014858216
1790423706.7469888,27.036270999815315
1790423706.7473524,4.530203004833311
1790423706.747448,12.675089994445443
1790423706.7597609,22.38743199268356
1790423706.7613733,25.433090020669624
1790423706.7615967,29.039432993158698
1790423706.764987,31.558362999930978
1790423706.7650795,11.831872980110347
1790423706.7678847,26.237048994516954
1790423706.7687244,30.350439017638564
1790423706.768799,6.549237994477153
1790423706.7726038,22.408718999940902
1790423706.773629,25.744413025677204
1790423706.7744598,2.4991639947984368
1790423706.7745209,8.092854986898601
1790423706.7753406,1.4042170078027993
1790423706.7769377,1.2784170103259385
1790423706.7854693,2.548290998674929
1790423706.7858953,33.31415099091828
1790423706.7859895,2.6364040095359087
1790423706.7861211,16.535091999685392
1790423706.786185,4.020317981485277
1790423706.7926142,2.0686049829237163
1790423706.79277,2.631526003824547
1790423706.7933662,1.8149949901271611
1790423706.7962685,1.3487050018738955
1790423706.7991903,1.4516479859594256
1790423706.8011343,1.3702589785680175
1790423706.8018434,1.4627939963247627
1790423706.8024898,1.2591230042744428
1790423706.8083985,1.5664419915992767
1790423706.8094654,1.6870039980858564
1790423706.8104246,1.6664880095049739
1790423706.8109517,1.3174430059734732
1790423706.8149657,1.211349997902289
1790423706.8212001,2.021078980760649
1790423706.8217757,1.4366210089065135
1790423706.8239245,1.2188199907541275
1790423706.828281,3.2342659833375365
1790423706.8332887,7.589608983835205
1790423706.8406334,20.797114004381
1790423706.8407335,15.126629004953429
1790423706.8408484,23.77749199513346
1790423706.8500319,1.6478270117659122
1790423706.8560421,5.997093016048893
1790423706.8561637,29.507200000807643
1790423706.8640347,25.00229500583373
1790423706.8649826,10.930251999525353
1790423706.8650901,29.915132006863132
1790423706.8662083,19.96562900603749
1790423706.8665204,30.880467005772516
1790423706.866577,5.730215983930975
1790423706.8713741,1.424699992639944
1790423706.8718548,1.2938159925397485
1790423706.88765,2.2774499957449734
1790423706.8883357,19.725203019334003
1790423706.8886912,24.308302003191784
1790423706.888963,3.0353199981618673
1790423706.8915718,1.3587050198111683
1790423706.8986905,2.962372003821656
1790423706.8996754,3.2905350090004504
1790423706.9021237,4.673285991884768
1790423706.9032562,3.5687200143001974
1790423706.9034085,2.5498260220047086
1790423706.910716,2.389166009379551
1790423706.9203186,2.179735020035878
1790423706.9254987,31.902746006380767
1790423706.9256113,26.742551010102034
1790423706.9274104,18.218712008092552
1790423706.9275117,8.267041004728526
1790423706.929408,27.8898160031531
1790423706.9295537,3.723842994077131
1790423706.9296865,13.046943000517786
1790423706.9366443,2.9125040164217353
1790423706.9380815,2.8292709903325886
1790423706.9385266,2.342515013879165
1790423706.9433253,25.986460008425638
1790423706.9452627,3.262376005295664
1790423706.9465415,18.77244800562039
1790423706.9469156,7.051449007121846
1790423706.947027,32.53808099543676
1790423706.9471114,3.1428250076714903
1790423706.9499483,2.7190939872525632
1790423706.9500108,2.66796798678115
1790423706.9691148,20.785174012416974
1790423706.969206,25.714080984471366
1790423706.9737923,2.490365004632622
1790423706.973944,3.2690559746697545
1790423706.9811144,4.592122015310451
1790423706.9819775,6.093182018958032
1790423706.9824955,17.87468302063644
1790423706.9834676,10.280670976499096
1790423706.9840653,6.632026983425021
1790423706.9845924,31.206028012093157
1790423706.9849703,3.8421800127252936
1790423706.9856112,3.1031889957375824
1790423706.987568,1.5185970114544034
1790423706.9926257,17.571723001310602
1790423706.9931645,23.0948910175357
1790423706.9933283,15.61556599335745
1790423706.993422,32.20522199990228
1790423706.998875,5.10878799832426
1790423707.0178506,17.463244003010914
1790423707.01855,19.042383995838463
1790423707.0191412,23.54763398761861
1790423707.0194461,35.31540100811981
1790423707.0221913,25.861936999717727
1790423707.0237045,24.81846301816404
1790423707.0270379,29.634475999046117
1790423707.027546,22.296559996902943
1790423707.034531,8.786621008766815
1790423707.0346174,37.07490800297819
1790423707.0355983,17.73295900784433
1790423707.0458262,16.40181802213192
1790423707.0459046,30.7850880199112
1790423707.0474591,43.67104699485935
1790423707.0497558,1.408898999216035
1790423707.0528197,58.18716899375431
1790423707.053447,36.61727099097334
1790423707.0538034,32.847236027009785
1790423707.0544431,17.55326200509444
1790423707.056622,2.804704010486603
1790423707.0569575,2.307410992216319
1790423707.0582287,63.0397479981184
1790423707.0601473,1.303263008594513
1790423707.0618541,1.362299983156845
1790423707.0638883,1.8463419983163476
1790423707.0659826,40.90027802158147
1790423707.0660777,42.99570299917832
1790423707.0661604,19.710772001417354
1790423707.0662282,10.810070001753047
1790423707.0668554,3.478575003100559
1790423707.0815248,1.8542690086178482
1790423707.0848966,2.092917013214901
1790423707.0893095,25.2343820175156
1790423707.089618,15.405571990413591
1790423707.0896947,4.787473997566849
1790423707.096713,1.6951799916569144
1790423707.0998032,14.322053000796586
1790423707.0998812,21.272700978443027
1790423707.0999599,27.552371990168467
1790423707.103782,3.408677992410958
1790423707.1089191,1.7321869963780046
1790423707.110483,9.560845996020362
1790423707.1153626,31.061298999702558
1790423707.1157107,2.590610005427152
1790423707.1159194,27.99645299091935
1790423707.1165497,23.112928989576176
1790423707.118739,1.7022000101860613
1790423707.1221864,3.437567997025326
1790423707.1227021,9.002994018374011
1790423707.1230683,36.49590801796876
1790423707.1232083,21.507782978005707
1790423707.1232936,3.416396997636184
1790423707.125387,20.012332999613136
1790423707.1287494,1.3929279812145978
1790423707.131185,15.252929995767772
1790423707.1316416,9.947566984919831
1790423707.131813,29.461931000696495
1790423707.1324244,2.579598978627473
1790423707.13274,1.545654988149181
1790423707.138517,1.654459978453815
1790423707.1387827,1.348210993455723
1790423707.1432426,2.092946000630036
1790423707.1435614,1.5618059842381626
1790423707.1443768,1.5647109830752015
1790423707.1464195,2.034176985034719
1790423707.1467085,1.8462290172465146
1790423707.147292,1.3215859944466501
1790423707.1532004,1.4631760132033378
1790423707.1535378,1.2950839882250875
1790423707.1546998,1.1537959799170494
1790423707.1570108,1.2670909927692264
1790423707.161702,1.1962020071223378
1790423707.1706285,1.589560997672379
1790423707.1716685,1.9202209950890392
1790423707.1735096,1.52596301632002
1790423707.1768248,3.0341630044858903
1790423707.1773925,2.0402180089149624
1790423707.1781857,2.3283030022867024
1790423707.1860437,1.6306000179611146
1790423707.195705,1.9239500106777996
1790423707.199613,24.903926998376846
1790423707.1997669,26.99754197965376
1790423707.1998768,13.04619899019599
1790423707.2040226,1.7876579950097948
1790423707.2067375,17.34199101338163
1790423707.2081199,28.719082998577505
1790423707.2083714,4.207969002891332
1790423707.209454,1.9461509946268052
1790423707.211491,1.9238590029999614
1790423707.2124104,1.3947679835837334
1790423707.219375,28.604488994460553
1790423707.219778,13.70640899403952
1790423707.2226257,1.9222460105083883
1790423707.222986,34.183768002549186
1790423707.22309,8.038701984332874
1790423707.2271345,1.5766489959787577
1790423707.235809,1.964447001228109
1790423707.2359989,17.77770699118264
1790423707.2379699,1.591234002262354
1790423707.243943,2.2443420020863414
1790423707.2461207,11.33380300598219
1790423707.2464757,28.95385498413816
1790423707.2474995,4.034354002214968
1790423707.2477975,3.845444996841252
1790423707.2760932,10.102165018906817
1790423707.2761579,29.67048401478678
1790423707.2786205,22.468597977422178
1790423707.283847,29.56170099787414
1790423707.285895,32.16208500089124
1790423707.2860389,16.340776986908168
1790423707.2881937,3.455935016972944
1790423707.2892098,44.5771629747469
1790423707.2919865,1.8485100008547306
1790423707.296322,1.6971260192804039
1790423707.3079326,21.708305983338505
1790423707.308637,9.864480991382152
1790423707.3087335,45.2995209780056
1790423707.3190997,32.245334004983306
1790423707.3192434,17.366590996971354
1790423707.319444,31.238638010108843
1790423707.3198423,2.7629489777609706
1790423707.325482,10.621016001095995
1790423707.3265693,4.8733810253906995
1790423707.3266473,29.980727995280176
1790423707.326719,23.25883202138357
1790423707.3268375,5.954178981482983
1790423707.3269012,35.804854007437825
1790423707.3285134,12.411842006258667
1790423707.3294752,1.5048770001158118
1790423707.3319693,1.2525389902293682
1790423707.3363366,1.4104419969953597
1790423707.3422446,27.309592987876385
1790423707.342305,18.352176994085312
1790423707.3449008,1.2202140060253441
1790423707.3488007,1.323486998444423
1790423707.3513749,1.9442939956206828
1790423707.353808,1.3172800245229155
1790423707.3576872,1.7696830036584288
1790423707.3620021,1.4602459850721061
1790423707.3660543,1.4828979910816997
1790423707.3770578,18.344066018471494
1790423707.3771534,26.177981024375185
1790423707.3811684,30.988799000624567
1790423707.3812811,24.835474992869422
1790423707.3901796,2.1921579900663346
1790423707.3982286,8.87299599708058
1790423707.3983912,28.335878014331684
1790423707.401806,25.851015001535416
1790423707.4024274,1.9456070149317384
1790423707.4078994,1.740064995829016
1790423707.4107885,1.6068529803305864
1790423707.411614,1.8697709892876446
1790423707.4143925,27.180414996109903
1790423707.4170089,30.590706010116264
1790423707.4170895,12.150121008744463
1790423707.4177587,2.0233819959685206
1790423707.422488,2.7664500230457634
1790423707.4227476,2.511426020646468
1790423707.423378,2.2926460078451782
1790423707.4262018,1.4299059985205531
1790423707.4267764,1.483444997575134
1790423707.4361813,2.0516689983196557
1790423707.4389486,1.4923659909982234
1790423707.441187,21.954085998004302
1790423707.4419267,19.168945000274107
1790423707.442049,2.1230580168776214
1790423707.4424157,28.648050996707752
1790423707.4425066,7.602365978527814
1790423707.4515762,1.2683770037256181
1790423707.4552023,18.246544001158327
1790423707.45554,27.428314002463594
1790423707.457033,4.682020982727408
1790423707.4597077,1.4834899920970201
1790423707.4613762,1.5017130062915385
1790423707.467205,1.5540460008196533
1790423707.4750621,2.7074639801867306
1790423707.479108,22.627881000516936
1790423707.479257,16.367029980756342
1790423707.4793375,31.027896009618416
1790423707.479956,22.379199013812467
1790423707.48257,1.604315999429673
1790423707.4864125,30.70836400729604
1790423707.4867954,22.732623998308554
1790423707.4868808,5.176145990844816
1790423707.488605,1.5173279971349984
1790423707.4902985,1.5947699721436948
1790423707.4934747,1.3740230060648173
1790423707.498606,1.3840129831805825
1790423707.5013397,7.755611004540697
1790423707.5017915,27.56590099306777
1790423707.5019045,17.59465000941418
1790423707.503164,3.3329630095977336
1790423707.5043113,2.9618620174005628
1790423707.5045457,2.457896014675498
1790423707.505698,2.3329280083999038
1790423707.5063992,1.4434790064115077
1790423707.5111835,1.2290090089663863
1790423707.513543,1.1994169908575714
1790423707.5191126,2.206838020356372
1790423707.5195453,2.0196809782646596
1790423707.5200624,1.7459510127082467
1790423707.5290525,1.8140949832741171
1790423707.5308442,16.052049992140383
1790423707.5314867,9.582188999047503
1790423707.5318425,24.640372983412817
1790423707.531917,4.077844001585618
1790423707.5376215,1.6710379859432578
1790423707.541174,1.5811630000825971
1790423707.5467372,1.537731004646048
1790423707.5471964,2.611208998132497
1790423707.5512993,25.40304500143975
1790423707.5520453,1.7440280062146485
1790423707.5523038,30.875581986038014
1790423707.5526676,19.712164998054504
1790423707.5532057,12.911521014757454
1790423707.5532842,4.589512973325327
1790423707.5593777,34.79008699650876
1790423707.559557,25.61772000626661
1790423707.5596483,33.0311460129451
1790423707.5597386,17.136815993580967
1790423707.5598426,10.577717999694869
1790423707.56036,3.106970980297774
1790423707.5618029,3.9262260252144188
1790423707.57791,8.18705398705788
1790423707.585445,17.35599199309945
1790423707.5865088,30.5275340215303
1790423707.587512,33.31158799119294
1790423707.5883398,17.12405600119382
1790423707.5884714,21.738218987593427
1790423707.5885577,9.410786995431408
1790423707.5933845,39.99029699480161
1790423707.5940218,23.57440398191102
1790423707.5942023,33.25976899941452
1790423707.5944777,16.010009974706918
1790423707.59817,36.19196798535995
1790423707.5982797,15.008740010671318
1790423707.5992477,7.7358240087050945
1790423707.6003575,24.875923001673073
1790423707.600909,24.57129198592156
1790423707.6010644,36.019085004227236
1790423707.601285,17.403009987901896
1790423707.601482,8.67916998686269
1790423707.602109,3.4658600052352995
1790423707.6097934,2.5626510032452643
1790423707.6144671,25.586597999790683
1790423707.6159282,2.2833280090708286
1790423707.6162055,1.5198090113699436
1790423707.6175137,26.681085990276188
1790423707.6199498,23.035274003632367
1790423707.6208777,31.038451998028904
1790423707.6234818,5.059485993115231
1790423707.6239712,28.62194599583745
1790423707.6240888,11.07907498953864
1790423707.6247685,44.018376007443294
1790423707.6249542,7.430068013491109
1790423707.6256108,2.8949539992026985
1790423707.625751,17.86095998249948
1790423707.6263106,4.638357990188524
1790423707.626366,2.0259130105841905
1790423707.6366534,1.4997870021034032
1790423707.6380181,1.3538710190914571
1790423707.6403224,1.2266790145076811
1790423707.6438208,1.2005259923171252
1790423707.6491623,1.229279994731769
1790423707.6551933,1.3070749992039055
1790423707.6567035,1.1958380055148154
1790423707.6586094,1.517858006991446
1790423707.6615217,1.7390660068485886
1790423707.666255,1.5533209952991456
1790423707.6730676,1.9214719941373914
1790423707.6802983,22.759049985324964
1790423707.6815534,13.988582999445498
1790423707.6820433,30.299987003672868
1790423707.682954,5.3611779876518995
1790423707.6849582,34.04425899498165
1790423707.685717,23.31722399685532
1790423707.686161,2.00956899789162
1790423707.6914456,20.82261399482377
1790423707.6937447,24.69797301455401
1790423707.6954463,14.561438001692295
1790423707.6956508,9.479491011006758
1790423707.695893,35.56253801798448
1790423707.6991389,37.43800401571207
1790423707.6995103,17.166400997666642
1790423707.6997066,12.23002900951542
1790423707.7112598,13.612620998173952
1790423707.7122967,35.387545998673886
1790423707.7126818,29.18597898678854
1790423707.71974,33.04493299219757
1790423707.7205968,10.312009981134906
1790423707.7216725,1.6442009946331382
1790423707.722096,2.8963329968973994
1790423707.7251546,13.873949996195734
1790423707.7252603,31.106520007597283
1790423707.7255547,3.4463359916117042
1790423707.731489,1.5898300043772906
1790423707.7392821,20.93008899828419
1790423707.739619,10.579128982499242
1790423707.739695,31.022631999803707
1790423707.744129,1.6438440070487559
1790423707.7474039,1.635971013456583
1790423707.749982,2.567967021605
1790423707.750185,2.269192977109924
1790423707.751755,3.0132200045045465
1790423707.7522078,2.0115330116823316
1790423707.752472,1.355136017082259
1790423707.762055,1.4603709860239178
1790423707.7639449,1.3509549899026752
1790423707.765238,1.2839790142606944
1790423707.7774842,17.406394006684422
1790423707.7778783,22.165022004628554
1790423707.778157,7.5625660247169435
1790423707.7850478,12.297809997107834
1790423707.7975547,24.288154992973432
1790423707.7998228,1.7156770045403391
1790423707.8014755,12.868257996160537
1790423707.8052123,20.724789006635547
1790423707.8053184,30.656827002530918
1790423707.805402,5.476571008330211
1790423707.8109317,1.621438015718013
1790423707.8255978,29.84545097569935
1790423707.8265696,18.16031598718837
1790423707.8270197,32.12603201973252
1790423707.827732,24.260194011731073
1790423707.8288982,39.84215998207219
1790423707.8348448,3.889054001774639
1790423707.84211,29.197009018389508
1790423707.8442442,10.508530016522855
1790423707.847919,26.385384000604972
1790423707.8485773,16.399039013776928
1790423707.8491647,34.21036698273383
1790423707.8495083,10.704012005589902
1790423707.873016,25.08270600810647
1790423707.8740726,14.451081020524725
1790423707.8743756,41.617627983214334
1790423707.8758812,6.783226999687031
1790423707.8761857,25.076417019590735
1790423707.8770146,2.0973530190531164
1790423707.8779728,35.62710201367736
1790423707.8815122,20.589924999512732
1790423707.8820245,41.043804987566546
1790423707.8827126,12.792154011549428
1790423707.8841615,5.818357021780685
1790423707.884432,30.142453993903473
1790423707.884507,39.14651001105085
1790423707.8862123,19.134328002110124
1790423707.8863053,6.929585011675954
1790423707.886451,15.217429987387732
1790423707.88656,4.356593999546021
1790423707.889046,4.872405988862738
1790423707.8892639,58.89984199893661
1790423707.890769,3.2605940068606287
1790423707.894142,1.5987649967428297
1790423707.8964698,1.3605059939436615
1790423707.89969,53.764045995194465
1790423707.9002037,43.52603299776092
1790423707.900744,27.2988390061073
1790423707.9012625,21.340730017982423
1790423707.9013832,32.92967099696398
1790423707.9014442,3.3405779977329075
1790423707.9015172,13.262696011224762
1790423707.910619,1.4703519991599023
1790423707.911789,21.53973199892789
1790423707.912418,25.80525100347586
1790423707.9124982,5.841164995217696
1790423707.915029,1.4429090078920126
1790423707.9194179,1.232017995789647
1790423707.9263506,1.4801910147070885
1790423707.9373586,1.973908016225323
1790423707.9392486,1.9866779912263155
1790423707.9412515,11.34767901385203
1790423707.9414113,30.737674998817965
1790423707.9423614,1.6719239938538522
1790423707.94842,1.4286140212789178
1790423707.9503803,1.4195859839674085
1790423707.9542425,27.289062010822818
1790423707.954961,20.113683975068852
1790423707.9570963,6.0363379889167845
1790423707.9575586,13.020545011386275
1790423707.9592085,3.413705009734258
1790423707.9593124,2.7220220072194934
1790423707.9663715,21.311310003511608
1790423707.9668174,28.272789990296587
1790423707.9669049,13.98591700126417
1790423707.9688933,10.14864700846374
1790423707.9696245,2.515627013053745
1790423707.9700577,1.7444679979234934
1790423707.973741,1.9554019963834435
1790423707.9778018,23.48318899748847
1790423707.9785206,13.745878997724503
1790423707.9786322,5.771265015937388
1790423707.9787095,26.98134398087859
1790423707.9809268,1.1990790080744773
1790423707.9846282,2.835474006133154
1790423707.985601,4.465803998755291
1790423707.9870262,3.712367994012311
1790423707.9882312,1.196705998154357
1790423707.992114,7.4759540148079395
1790423707.9923856,1.2848330079577863
1790423708.0053115,21.043398999609053
1790423708.005915,23.418116994434968
1790423708.0060022,9.307183005148545
1790423708.0085268,23.30470600281842
1790423708.0086787,8.863423019647598
1790423708.009187,1.8061480077449232
1790423708.0108073,1.2909469951409847
1790423708.021776,1.6290569910779595
1790423708.0224783,1.373172999592498
1790423708.0313945,1.4873509935569018
1790423708.0331376,1.3601150130853057
1790423708.0400386,1.6833329864311963
1790423708.0431452,23.49220699397847
1790423708.0434887,9.496634011156857
1790423708.0435643,20.10530899860896
1790423708.0456944,2.0270640088710934
1790423708.0464272,1.9959260243922472
1790423708.049984,21.68488100869581
1790423708.0503402,1.382190006552264
1790423708.050418,25.381721003213897
1790423708.0507436,12.792324007023126
1790423708.0509906,5.8685340045485646
1790423708.0530128,1.238810975337401
1790423708.0636308,1.4374679885804653
1790423708.0689397,2.372429007664323
1790423708.0690017,1.691189012490213
1790423708.0784624,1.4144979941193014
1790423708.0856724,1.8435750098433346
1790423708.092891,1.565129990922287
1790423708.095253,11.048829008359462
1790423708.095332,23.445794999133795
1790423708.096432,2.1560350141953677
1790423708.097811,1.8944889889098704
1790423708.0980377,21.95410500280559
1790423708.0990677,24.700284004211426
1790423708.0991726,10.743535996880382
1790423708.0999663,1.3653110072482377
1790423708.1036854,1.9752719963435084
1790423708.104671,1.5070670051500201
1790423708.1062467,1.5664769744034857
1790423708.1146698,1.824142993427813
1790423708.1211927,1.526224019471556
1790423708.128834,1.7110769986175
1790423708.1452703,31.343871989520267
1790423708.1495934,14.63623798917979
1790423708.1497772,44.63392301113345
1790423708.153645,30.96125801675953
1790423708.1537247,13.72834699577652
1790423708.1594625,34.39947997685522
1790423708.1682918,23.130775982281193
1790423708.16838,36.71496201422997
1790423708.1698487,3.479676990536973
1790423708.1702256,28.876952012069523
1790423708.1703987,26.724202005425468
1790423708.1751826,27.969773014774546
1790423708.1754823,46.228371997131035
1790423708.1856604,42.700846010120586
1790423708.1866045,9.475950995692983
1790423708.1873047,63.767829997232184
1790423708.1874523,16.620099981082603
1790423708.1918054,41.63181898184121
1790423708.1925452,1.6072249854914844
1790423708.1945894,39.88126100739464
1790423708.1965194,9.903509024297819
1790423708.197532,51.04116699658334
1790423708.1983268,24.005929997656494
1790423708.1985877,27.170523011591285
1790423708.1990592,42.04525999375619
1790423708.1991653,15.391432010801509
1790423708.1993558,5.465905996970832
1790423708.1997197,3.9735629979986697
1790423708.2010858,25.544335978338495
1790423708.2026336,13.598261022707447
1790423708.202763,6.818163994466886
1790423708.2028644,34.338500990998
1790423708.2041955,2.5343990128021687
1790423708.20623,1.2501059973146766
1790423708.2151325,2.001251996261999
1790423708.2157967,1.465012988774106
1790423708.221305,1.4828569837845862
1790423708.2238648,1.7888700240291655
1790423708.2257993,2.819243003614247
1790423708.2268708,1.8656460160855204
1790423708.230319,13.984090008307248
1790423708.2304232,26.69485702062957
1790423708.2305665,5.6569640000816435
1790423708.2379482,1.857216004282236
1790423708.2389128,1.6696870152372867
1790423708.2531648,2.9023529787082225
1790423708.2555518,19.96430501458235
1790423708.2556214,15.775713982293382
1790423708.261217,20.531105023110285
1790423708.261954,29.95364897651598
1790423708.2638123,6.420056015485898
1790423708.265991,37.06341198994778
1790423708.270416,24.401077011134475
1790423708.2752476,16.128419985761866
1790423708.2762218,33.1908630032558
1790423708.276294,9.882265992928296
1790423708.2857068,32.14297798695043
1790423708.2862942,25.97997902194038
1790423708.2875848,35.92044999822974
1790423708.2877438,20.178514008875936
1790423708.2885792,36.041775019839406
1790423708.2887642,12.270350998733193
1790423708.2891433,26.621733995852992
1790423708.2894533,2.6487199938856065
1790423708.2906234,25.45581597951241
1790423708.2910898,13.799767009913921
1790423708.2914126,1.8697649938985705
1790423708.2914765,30.078941985266283
1790423708.2971923,1.5562539920210838
1790423708.304369,1.608135993592441
1790423708.3044314,2.1696100011467934
1790423708.3103578,1.5652280126232654
1790423708.3109918,1.2924740149173886
1790423708.312873,1.1539309925865382
1790423708.3228517,1.494648982770741
1790423708.3250859,1.3007489906158298
1790423708.327896,1.383196999086067
1790423708.3304029,1.851781998993829
1790423708.3312933,1.3085590035188943
1790423708.3332117,1.2114430137444288
1790423708.3337293,1.247854990651831
1790423708.3353045,1.2650179851334542
1790423708.3364239,1.1113520013168454
1790423708.3405938,1.1968670005444437
1790423708.3436334,1.2638980115298182
1790423708.3463023,1.3554820034187287
1790423708.3612719,23.21202101302333
1790423708.3613658,12.266017001820728
1790423708.3683765,23.938359023304656
1790423708.368595,8.5495570092462
1790423708.3707557,2.1486089972313493
1790423708.3711994,1.8407439929433167
1790423708.38657,31.253107998054475
1790423708.3867455,14.960833999793977
1790423708.3875723,23.186859005363658
1790423708.3878474,20.217468991177157
1790423708.3885212,3.959020978072658
1790423708.3892796,2.348498994251713
1790423708.3927078,1.536164985736832
1790423708.3939369,2.213914005551487
1790423708.3956556,34.095246985089034
1790423708.395959,21.794386993860826
1790423708.3969367,7.470452022971585
1790423708.3975198,4.140995995840058
1790423708.3982275,1.7598550184629858
1790423708.3986268,2.6578840042930096
1790423708.4001462,1.507838984252885
1790423708.4047484,23.050377989420667
1790423708.405881,15.598558995407075
1790423708.4061697,33.545704995049164
1790423708.4062746,11.492188001284376
1790423708.4063761,6.92501399316825
1790423708.4073806,2.806131000397727
1790423708.4164534,1.3203629932831973
1790423708.4206865,1.3657580129802227
1790423708.4226592,1.1774929880630225
1790423708.4299705,3.5854600137099624
1790423708.4304183,3.222105005988851
1790423708.4305096,2.7530640072654933
1790423708.4333587,1.5227780095301569
1790423708.4347343,2.0453979959711432
1790423708.435142,1.6542290104553103
1790423708.443366,23.488219012506306
1790423708.443454,17.520913999760523
1790423708.4435337,15.076452982611954
1790423708.4471767,1.9571360026020557
1790423708.4475133,1.7914309864863753
1790423708.4503496,1.607187994522974
1790423708.4523876,1.3570170267485082
1790423708.4562087,2.913156000431627
1790423708.4563272,2.615456993225962
1790423708.4579337,3.5314399865455925
1790423708.4593217,2.795377979055047
1790423708.4594789,2.1296829800121486
1790423708.4660866,1.6407899965997785
1790423708.4688568,1.8354420026298612
1790423708.473121,1.7744280048646033
1790423708.4736795,1.4092150086071342
1790423708.4814887,1.6927840188145638
1790423708.48224,1.7653579998295754
1790423708.483301,25.025451002875343
1790423708.4846218,17.05117797246203
1790423708.4847317,8.247744000982493
1790423708.484815,29.22144701005891
1790423708.4907374,27.678774000378326
1790423708.4916508,14.602041977923363
1790423708.4920166,31.156149983871728
1790423708.4920957,3.1003069889266044
1790423708.4929268,3.460660984274
1790423708.4930072,23.22703300160356
1790423708.496085,1.870170992333442
1790423708.4968038,1.5100630116648972
1790423708.5013146,1.3308910129126161
1790423708.513976,1.6329700010828674
1790423708.5148528,22.416867985157296
1790423708.515188,27.40633799112402
1790423708.515254,11.912952992133796
1790423708.5237794,1.6493450093548745
1790423708.524059,1.4421849919017404
1790423708.529238,1.4092919882386923
1790423708.538514,1.3611309987027198
1790423708.5465908,1.409204996889457
1790423708.5486126,1.5591190021950752
1790423708.5528066,18.56546101043932
1790423708.554855,2.6085750141646713
1790423708.5549371,1.9803759932983667
1790423708.5562062,25.792238011490554
1790423708.5565166,8.965829998487607
1790423708.5596848,1.8249170097988099
1790423708.5638492,1.3970510044600815
1790423708.5667362,1.8664710223674774
1790423708.5668902,16.25520599191077
1790423708.567278,25.107275985646993
1790423708.5678246,8.799998002359644
1790423708.570091,2.6417649933137
1790423708.570234,2.4002290156204253
1790423708.5709176,1.282935991184786
1790423708.5739179,1.41103399801068
1790423708.581286,2.270538010634482
1790423708.581636,1.6905390075407922
1790423708.5818691,1.4111220079939812
1790423708.5938528,1.857202994870022
1790423708.5946848,1.5452879888471216
1790423708.5975583,1.9162980024702847
1790423708.5976086,1.5468769997823983
1790423708.6054332,2.033756987657398
1790423708.6059127,2.0867729908786714
1790423708.6064606,2.1212889987509698
1790423708.6074648,1.4375809987541288
1790423708.6090202,1.0714620002545416
1790423708.6134999,1.071110018528998
1790423708.6167777,1.4719610044267029
1790423708.6182735,1.1717189918272197
1790423708.6229446,2.0337330061011016
1790423708.6234527,1.797129021724686
1790423708.6237552,1.373395003611222
1790423708.6318364,2.897900005336851
1790423708.6319408,2.449888997944072
1790423708.6321907,1.7347390239592642
1790423708.6349459,1.295531983487308
1790423708.6428232,2.125931001501158
1790423708.64297,1.7876559868454933
1790423708.6438468,2.1005269954912364
1790423708.645157,1.7470080056227744
1790423708.6460524,1.7378250195179135
1790423708.647917,1.4100089902058244
1790423708.6493628,1.2776450021192431
1790423708.6643353,1.6328829806298018
1790423708.6680708,1.5526989882346243
1790423708.6699467,1.4551829954143614
1790423708.6726205,1.6957650077529252
1790423708.6757164,24.92557800724171
1790423708.676022,4.650519986171275
1790423708.6771538,13.624714978504926
1790423708.6772265,3.8668980123475194
1790423708.67767,2.3862129892222583
1790423708.6777267,3.8332759868353605
1790423708.6818845,1.3965230027679354
1790423708.686073,1.2506970087997615
1790423708.6886146,1.5132540138438344
1790423708.689106,1.4059009845368564
1790423708.6935873,1.3785429764539003
1790423708.698562,3.590652981074527
1790423708.6997936,2.0113770151510835
1790423708.700075,4.198880022158846
1790423708.7001371,3.190110990544781
1790423708.7044883,2.3187629994936287
1790423708.7062805,26.41553699504584
1790423708.707659,25.765547004994005
1790423708.708155,16.691165015799925
1790423708.7086284,5.854824994457886
1790423708.7087102,12.228993000462651
1790423708.712259,1.4030479942448437
1790423708.7153368,1.5255420003086329
1790423708.7190917,1.3272220094222575
1790423708.729149,2.012084994930774
1790423708.7298007,23.07364798616618
1790423708.731716,27.975274017080665
1790423708.7318285,7.908167986897752
1790423708.7323465,4.823875002330169
1790423708.7354746,1.4670520031359047
1790423708.7403631,1.4776649768464267
1790423708.7429178,1.3663609861396253
1790423708.7453783,19.74648900795728
1790423708.746144,1.5243410016410053
1790423708.7487845,23.75358997960575
1790423708.7534711,23.177516006398946
1790423708.7536168,6.974873977014795
1790423708.7540321,13.55232100468129
1790423708.7543087,22.471327014500275
1790423708.7544174,13.451077975332737
1790423708.7549994,5.820794001920149
1790423708.7551496,32.260036998195574
1790423708.755235,32.83628702047281
1790423708.756003,5.863354977918789
1790423708.756116,5.288518004817888
1790423708.7563713,4.115938005270436
1790423708.7627761,4.613593977410346
1790423708.7643034,2.9180450073909014
1790423708.7728214,13.884621992474422
1790423708.7733755,14.806727005634457
1790423708.7743502,3.192151983967051
1790423708.783211,23.243317991727963
1790423708.7864287,23.184660996776074
1790423708.7885177,18.006205995334312
1790423708.7894628,27.21585301333107
1790423708.7904894,23.267032025614753
1790423708.7908163,9.709322999697179
1790423708.7909734,31.64684199145995
1790423708.7912765,17.446401994675398
1790423708.7929738,35.436464997474104
1790423708.793229,20.5741900135763
1790423708.7938578,2.1083940227981657
1790423708.811548,23.019682994345203
1790423708.8146882,19.749594997847453
1790423708.814798,32.21995601779781
1790423708.8149147,5.847329011885449
1790423708.8172634,16.116140002850443
1790423708.8173664,26.079336006660014
1790423708.818077,30.60940801515244
1790423708.8181589,6.3031240133568645
1790423708.820843,21.2235169892665
1790423708.8223758,12.777261988958344
1790423708.8224487,32.745078002335504
1790423708.8231862,3.2972879998851568
1790423708.8232584,39.651859988225624
1790423708.824207,1.5470979851670563
1790423708.8317628,1.9144459802191705
1790423708.8323865,3.0342529935296625
1790423708.8340287,26.804698019986972
1790423708.8342445,19.0935579885263
1790423708.8358052,12.393345998134464
1790423708.8360164,4.243746981956065
1790423708.83609,31.551863998174667
1790423708.8414767,22.319624986266717
1790423708.8419435,13.091014989186078
1790423708.8424294,7.7490890107583255
1790423708.8432004,27.615236991550773
1790423708.8443553,2.4019690172281116
1790423708.844423,1.9820590096060187
1790423708.8464534,1.2695810000877827
1790423708.8514023,1.660926005570218
1790423708.8594668,2.0469549926929176
1790423708.8600633,1.8145079957321286
1790423708.874155,23.9632049924694
1790423708.875153,13.14124499913305
1790423708.8763747,20.048725011292845
1790423708.8764522,4.518025001743808
1790423708.87733,20.78857200103812
1790423708.8782742,10.590552992653102
1790423708.8783598,27.532798005267978
1790423708.9031248,16.474244999699295
1790423708.909495,30.310863017803058
1790423708.9097135,28.861605998827145
1790423708.9132805,18.454461998771876
1790423708.9148648,24.737817991990596
1790423708.9153264,13.588397996500134
1790423708.9166481,24.352551001356915
1790423708.9173698,13.499794993549585
1790423708.917457,38.951286987867206
1790423708.9178948,33.42773800250143
1790423708.919265,14.726163994055241
1790423708.9204893,2.5239989918190986
1790423708.9223123,11.813391000032425
1790423708.922496,2.8569200076162815
1790423708.9290137,39.936167013365775
1790423708.930029,1.7638920107856393
1790423708.9326413,1.5513630060013384
1790423708.9393141,1.5330269816331565
1790423708.9403992,65.18955097999424
1790423708.9419165,42.79823397519067
1790423708.9434416,42.63528200681321
1790423708.9436355,9.369537001475692
1790423708.9437633,69.07431699801236
1790423708.9438558,36.00165102398023
1790423708.9439495,22.770000010496005
1790423708.9445343,3.187466994859278
1790423708.9451,21.699456992791966
1790423708.9468896,11.407149984734133
1790423708.9470875,35.01333901658654
1790423708.9483316,2.848883013939485
1790423708.949337,3.0309839930851012
1790423708.9496791,1.767487992765382
1790423708.95029,1.448800991056487
1790423708.971541,1.341672003036365
1790423708.991673,22.483584994915873
1790423708.9986966,14.892937993863598
1790423709.0000424,11.656076996587217
1790423709.0002484,32.132705993717536
1790423709.0003452,5.810517002828419
1790423709.0036633,39.454420999391004
1790423709.0100048,23.982010985491797
1790423709.010763,20.83324798149988
1790423709.0108724,38.230948004638776
1790423709.0109532,14.995131990872324
1790423709.019214,42.63934900518507
1790423709.0249336,38.03637798409909
1790423709.0265853,35.73854098794982
1790423709.027595,54.489887988893315
1790423709.027804,30.14538300340064
1790423709.0323713,65.93001299188472
1790423709.0337288,53.75266898772679
1790423709.0343254,46.8158480070997
1790423709.044053,63.466794992564246
1790423709.0454974,33.33878598641604
1790423709.0638924,62.14845800423063
1790423709.0649123,30.573819996789098
1790423709.068766,20.686422009021044
1790423709.0693138,74.11995300208218
1790423709.070925,10.30490201083012
1790423709.0715523,77.72839997778647
1790423709.074767,48.169277026318014
1790423709.0762289,11.976523004705086
1790423709.0764349,58.82433900842443
1790423709.0765376,40.84346201852895
1790423709.0766425,26.936623005894944
1790423709.08034,63.287717988714576
1790423709.0804324,77.8873700182885
1790423709.08176,77.88968601380475
1790423709.088245,55.76525101787411
1790423709.093742,48.92637298326008
1790423709.0938826,25.085442001000047
1790423709.0947664,35.565597005188465
1790423709.09529,86.83020700118504
1790423709.0954578,53.415955015225336
1790423709.0955806,5.804272019304335
1790423709.095705,18.955466977786273
1790423709.0962424,56.86939798761159
1790423709.0963256,65.47357499948703
1790423709.0969126,77.56178101408295
1790423709.0997968,1.4171579969115555
1790423709.1015685,31.336158979684114
1790423709.1022913,22.919160983292386
1790423709.1026204,40.36125200218521
1790423709.1026876,11.931985995033756
1790423709.1048126,32.35784699791111
1790423709.1056957,39.3988529976923
1790423709.1072443,24.287272011861205
1790423709.1075423,53.550170006928965
1790423709.1076539,10.564155003521591
1790423709.108562,2.6888139836955816
1790423709.1106524,1.4825719990767539
1790423709.1212592,48.11886200332083
1790423709.121625,56.30078900139779
1790423709.1249187,44.19560398673639
1790423709.1250067,27.350149990525097
1790423709.125507,8.397836005315185
1790423709.1259127,39.852904999861494
1790423709.1260622,4.209652979625389
1790423709.1265275,3.448923001997173
1790423709.1283274,24.90376800415106
1790423709.1286433,3.6265579983592033
1790423709.1287293,11.092639993876219
1790423709.132989,1.317504997132346
1790423709.1371727,1.4225459890440106
1790423709.1380177,19.31442998466082
1790423709.1383817,24.612798006273806
1790423709.1385021,9.011101006763056
1790423709.141637,1.5911220107227564
1790423709.1450086,1.3186369906179607
1790423709.1499052,1.217926008393988
1790423709.1536636,1.2050560035277158
1790423709.1553574,1.1661140015348792
1790423709.158071,1.928868005052209
1790423709.1581507,2.3679209989495575
1790423709.1582088,2.8328070184215903
1790423709.1601746,1.1338620097376406
1790423709.16187,1.1064170103054494
1790423709.1707573,1.3485880044754595
1790423709.1759222,1.3444390206132084
1790423709.1767886,1.4640619920101017
1790423709.1785378,1.3008980022277683
1790423709.1821847,1.5516359999310225
1790423709.182809,1.3547960261348635
1790423709.1902714,1.5463389863725752
1790423709.1909702,1.4043700066395104
1790423709.201595,1.6419719904661179
1790423709.2039032,1.7019690130837262
1790423709.2051933,2.4711660225875676
1790423709.2057004,1.7877049976959825
1790423709.2059894,1.352287014015019
1790423709.2077773,1.3837619917467237
1790423709.2104607,2.6748389936983585
1790423709.2107844,2.544201008277014
1790423709.2148352,2.6813700096681714
1790423709.2149708,2.3727160005364567
1790423709.215809,1.925820019096136
1790423709.2161968,6.883402995299548
1790423709.2195199,1.9908070098608732
1790423709.2323272,17.34625201788731
1790423709.239767,30.832907010335475
1790423709.2497094,27.750256995204836
1790423709.25028,19.837939005810767
1790423709.2512066,33.05603298940696
1790423709.2513351,31.500186014454812
1790423709.2516809,13.652485999045894
1790423709.2517602,8.365713991224766
1790423709.2519238,3.9949159836396575
1790423709.2520092,27.577183005632833
1790423709.2526329,31.782096019014716
1790423709.2535472,21.07405598508194
1790423709.2543552,7.840734004275873
1790423709.25448,35.5055270192679
1790423709.266258,25.823126983596012
1790423709.2677174,2.1103170001879334
1790423709.2678468,32.508911011973396
1790423709.2681565,14.438837999477983
1790423709.2696588,1.392454985762015
1790423709.2770224,1.969534991076216
1790423709.277591,1.5122729819267988
1790423709.2832391,1.450367009965703
1790423709.284993,1.3184999988880008
1790423709.288855,1.4390760043170303
1790423709.29359,2.1222349896561354
1790423709.2952614,14.154051983496174
1790423709.2962186,8.335136983077973
1790423709.2964888,25.773964007385075
1790423709.2986498,5.449349991977215
1790423709.2988193,5.22034298046492
1790423709.2996633,3.8960490201134235
1790423709.3003771,3.706277988385409
1790423709.3008916,2.0637740090023726
1790423709.3090432,19.805933989118785
1790423709.30971,24.675132997799665
1790423709.3103988,15.947369014611468
1790423709.310463,10.790112020913512
1790423709.3144863,1.2968670052941889
1790423709.3276236,2.162374003091827
1790423709.3284109,2.257238986203447
1790423709.3284664,1.8558969895821065
1790423709.3404393,6.573927996214479
1790423709.3409452,4.168512008618563
1790423709.3411205,3.682778013171628
1790423709.3413427,23.760259995469823
1790423709.3419905,1.5412909851875156
1790423709.3558972,20.799844001885504
1790423709.3559997,13.358274009078741
1790423709.3561106,24.64558501378633
1790423709.35843,1.8582149932626635
1790423709.3588214,1.6772930102888495
1790423709.3673573,1.8257400079164654
1790423709.3689766,30.253428005380556
1790423709.3700902,25.413363007828593
1790423709.3701785,11.256939003942534
1790423709.3717394,2.0879629882983863
1790423709.3718019,2.2756789985578507
1790423709.372392,18.231872003525496
1790423709.3765771,1.5919629950076342
1790423709.3767626,14.289840997662395
1790423709.377211,27.536175010027364
1790423709.37732,4.04763501137495
1790423709.380428,1.6511970025021583
1790423709.381018,1.2745040003210306
1790423709.3833697,1.5260189829859883
1790423709.383853,1.520617981441319
1790423709.3857114,1.2826739985030144
1790423709.3919868,1.3229719770606607
1790423709.3948505,1.448958006221801
1790423709.4098396,1.5016509860288352
1790423709.4154692,19.096467993222177
1790423709.4155743,21.72211097786203
1790423709.4166274,1.636678003706038
1790423709.4170747,1.3372490066103637
1790423709.4187312,1.3010019902139902
1790423709.421158,1.6344829928129911
1790423709.421427,1.3847069931216538
1790423709.4234152,1.2096069986000657
1790423709.4249802,1.4704689965583384
1790423709.4257305,1.4384059759322554
1790423709.4263077,1.2085679918527603
1790423709.4348702,1.4613450039178133
1790423709.4368207,1.524911989690736
1790423709.439364,1.8474149983376265
1790423709.4407256,1.7853769822977483
1790423709.4570718,2.1896300022490323
1790423709.4571674,2.937209006631747
1790423709.465423,4.374056006781757
1790423709.4655457,25.253194995457307
1790423709.4695175,1.363685994874686
1790423709.4725401,27.573261002544314
1790423709.4730582,6.663318985374644
1790423709.4794598,1.6975649923551828
1790423709.4811852,1.458257989725098
1790423709.492001,1.5564209898002446
1790423709.4939964,21.443700010422617
1790423709.5030124,1.735095982439816
1790423709.5061963,1.394179998897016
1790423709.5114949,2.2555400209967047
1790423709.5131884,1.685331983026117
1790423709.513247,2.4725980183575302
1790423709.5403385,19.030075025511906
1790423709.5405056,30.065171013120562
1790423709.5449953,25.24587302468717
1790423709.5468447,37.19087500940077
1790423709.5482485,3.123369999229908
1790423709.5483158,2.292709017638117
1790423709.5499446,31.00417199311778
1790423709.5500343,10.475020011654124
1790423709.552325,34.05601199483499
1790423709.552459,14.737313002115116
1790423709.5537426,1.2755380012094975
1790423709.556687,1.377325999783352
1790423709.5571063,1.3297130062710494
1790423709.5638547,2.8020299796480685
1790423709.564557,3.0505989852827042
1790423709.5648935,2.117186988471076
1790423709.572267,1.1352240107953548
1790423709.5743325,1.2349180178716779
1790423709.5862699,24.110175989335403
1790423709.586467,22.36576599534601
1790423709.5880523,9.235117002390325
1790423709.5896015,5.73712500045076
1790423709.590635,4.792180989170447
1790423709.5918045,22.721442015608773
1790423709.5928137,12.589936988661066
1790423709.5933115,2.6671170198824257
1790423709.5934236,25.867965014185756
1790423709.5951395,1.3867029920220375
1790423709.5996308,1.3789950171485543
1790423709.6014125,1.3249680050648749
1790423709.6031272,1.3979040086269379
1790423709.6117415,1.41423600143753
1790423709.6159317,2.361900988034904
1790423709.6172187,1.6913890140131116
1790423709.617295,2.1482700249180198
1790423709.6293843,1.880526018794626
1790423709.636557,22.201637999387458
1790423709.6403751,3.763728018384427
1790423709.6415048,3.0633439891971648
1790423709.6421478,4.621612984919921
1790423709.6422384,23.79608800401911
1790423709.6432307,2.522155991755426
1790423709.6481814,1.68106600176543
1790423709.6531184,1.5572110132779926
1790423709.6582808,3.4028250083792955
1790423709.6584387,3.0462289869319648
1790423709.6596746,3.636684996308759
1790423709.6601832,1.574007997987792
1790423709.6613622,1.1707160156220198
1790423709.6671,1.6427179798483849
1790423709.6680958,11.176843981957063
1790423709.66847,16.15423199837096
1790423709.6685457,29.290840990142897
1790423709.6757102,2.5320170097984374
1790423709.6893313,15.174558007856831
1790423709.6894338,26.109475002158433
1790423709.6927004,27.95392498956062
1790423709.6927927,2.215741988038644
1790423709.6928709,17.704822006635368
1790423709.7051673,1.3867689995095134
1790423709.7069845,1.2846030003856868
1790423709.7101655,22.25991801242344
1790423709.7106977,23.570314020616934
1790423709.7107594,3.765971981920302
1790423709.712826,1.4959980035200715
1790423709.7152832,1.3882170023862273
1790423709.7216458,1.3352439855225384
1790423709.7243357,2.3249659861903638
1790423709.724769,2.0662290044128895
1790423709.7254918,1.1460540117695928
1790423709.727595,24.350273015443236
1790423709.7277005,16.837124014273286
1790423709.7281284,6.47458599996753
1790423709.732986,1.8090450030285865
1790423709.7344582,1.9572090241126716
1790423709.7345471,2.694392023840919
1790423709.735301,1.2533919943962246
1790423709.738485,1.153839024482295
1790423709.7445722,3.814474999671802
1790423709.7448406,3.046486002858728
1790423709.7448957,4.733796027721837
1790423709.7452426,2.0146619935985655
1790423709.747709,1.3461079797707498
1790423709.7606118,1.7846569826360792
1790423709.763523,2.239158988231793
1790423709.7695928,2.1704079990740865
1790423709.7699032,28.56269699987024
1790423709.7699723,7.271368987858295
1790423709.7700634,24.444579001283273
1790423709.7773492,1.5609590045642108
1790423709.77945,12.927748990477994
1790423709.7798831,27.161646023159847
1790423709.7809377,1.4764440129511058
1790423709.7830951,1.4023810217622668
1790423709.7847939,1.520992984296754
1790423709.7853398,1.481382001657039
1790423709.7892041,1.3430760009214282
1790423709.792484,1.216100004967302
1790423709.7985106,1.436849997844547
1790423709.7999692,1.4493539929389954
1790423709.8014183,1.4394419849850237
1790423709.8028038,2.0631230145227164
1790423709.8031104,1.590683008544147
1790423709.8230422,3.4573330194689333
1790423709.8308718,25.706776999868453
1790423709.8356624,14.141351013677195
1790423709.8367352,23.089677997631952
1790423709.837082,30.237583006964996
1790423709.8374295,7.95118699898012
1790423709.8454735,26.61360998172313
1790423709.8456466,29.81103799538687
1790423709.8475342,3.2041000085882843
1790423709.8511987,30.251624004449695
1790423709.851358,4.271193000022322
1790423709.854246,1.4023910043761134
1790423709.8572054,31.848479993641376
1790423709.8575337,2.902342996094376
1790423709.8575988,8.51633501588367
1790423709.8717778,1.4496109797619283
1790423709.877489,25.7611499982886
1790423709.8779197,29.35052799875848
1790423709.8781528,4.741807002574205
1790423709.8782496,23.123974009649828
1790423709.88066,28.41980499215424
1790423709.8809884,15.552037017187104
1790423709.881049,31.062326015671715
1790423709.883507,1.9577000057324767
1790423709.8901079,1.4568750048056245
1790423709.8968775,27.27990399580449
1790423709.8973224,14.69705899944529
1790423709.8979669,30.65977300866507
1790423709.8980527,7.187701994553208
1790423709.8998795,1.6363670001737773
1790423709.9008164,1.641164009924978
1790423709.9029307,18.39359401492402
1790423709.9031317,30.644364014733583
1790423709.903192,8.267418015748262
1790423709.9036164,1.9572599849198014
1790423709.9070723,1.3487129763234407
1790423709.9092643,21.98400502675213
1790423709.9122083,28.272372990613803
1790423709.9130356,3.2832839933689684
1790423709.9131362,17.56899498286657
1790423709.9131973,8.939154009567574
1790423709.9146955,3.2291479874402285
1790423709.9150207,4.00419399375096
1790423709.919336,2.3086799774318933
1790423709.9212904,6.973962998017669
1790423709.928006,1.8755689961835742
1790423709.9352598,18.652681988896802
1790423709.9459298,28.12430399353616
1790423709.9465296,30.80015699379146
1790423709.9472349,25.750428991159424
1790423709.9479349,27.20465700258501
1790423709.9491541,18.934586987597868
1790423709.9497943,29.602475988212973
1790423709.9502213,13.462661998346448
1790423709.9508574,37.088763987412676
1790423709.9511745,7.61090699234046
1790423709.9512584,10.066906019346789
1790423709.9514372,10.779781005112454
1790423709.9517465,36.453175998758525
1790423709.9519007,19.81470300233923
1790423709.9544525,1.8020920106209815
1790423709.956356,1.5008629998192191
1790423709.9641607,1.5204979863483459
1790423709.9655182,27.976232988294214
1790423709.9672582,2.371627022512257
1790423709.9716415,15.069969987962395
1790423709.9731188,29.00459399097599
1790423709.9734085,7.154688006266952
1790423709.974343,38.29483498702757
1790423709.9749365,5.42464799946174
1790423709.9753213,26.156222011195496
1790423709.975738,4.956719989422709
1790423709.9758723,3.2598929828964174
1790423709.97862,1.4894310152158141
1790423709.979914,19.764991011470556
1790423709.9807928,2.162522985599935
1790423709.9812446,1.8404930015094578
1790423709.982669,32.29803699650802
1790423709.983287,9.867429995210841
1790423709.9833696,15.3656349866651
1790423709.9844108,3.156671009492129
1790423709.9860585,2.5662800180725753
1790423709.9870327,2.6121740229427814
1790423709.9894888,2.254961000289768
1790423709.9895568,3.9527199987787753
1790423709.9896848,3.2765200012363493
1790423709.9902253,2.15992599260062
1790423709.9996834,1.7283560009673238
1790423710.0001285,1.7594349919818342
1790423710.0205905,23.130991001380607
1790423710.0206592,2.472541993483901
1790423710.0207677,20.630734012229368
1790423710.0231893,1.4517079980578274
1790423710.0254524,1.265897008124739
1790423710.02765,1.2714670156128705
1790423710.0380569,1.4418069913517684
1790423710.0414145,1.5297810023184866
1790423710.045108,25.77267002197914
1790423710.0457785,14.273876004153863
1790423710.0464976,3.423532994929701
1790423710.0590332,1.912695006467402
1790423710.0624053,1.5885489992797375
1790423710.065327,32.311349001247436
1790423710.0658586,31.50906300288625
1790423710.0660284,21.54667698778212
1790423710.066128,3.210583992768079
1790423710.0685523,1.5897379780653864
1790423710.0708036,1.5111170068848878
1790423710.0736678,1.591472013387829
1790423710.0752769,27.376934012863785
1790423710.0754855,11.890099005540833
1790423710.0755665,30.44671699171886
1790423710.076554,2.2210890019778162
1790423710.078465,2.7446910098660737
1790423710.0811853,4.151725006522611
1790423710.0822415,3.5186639870516956
1790423710.082481,4.5506410242524
1790423710.0825496,2.8080329939257354
1790423710.0828204,3.470103023573756
1790423710.0902793,1.702178007690236
1790423710.090617,1.3995429908391088
1790423710.106585,2.257198008010164
1790423710.1072016,2.3041270032990724
1790423710.1161008,24.14417199906893
1790423710.1163657,6.850545993074775
1790423710.1165752,25.06774599896744
1790423710.1184158,5.478662991663441
1790423710.1185231,3.9230829861480743
1790423710.1187022,5.302284989738837
1790423710.1187787,19.036829005926847
1790423710.1237693,1.5021479921415448
1790423710.1263013,26.146623014938086
1790423710.1270697,14.863418997265399
1790423710.1274655,9.906444000080228
1790423710.127984,3.684872994199395
1790423710.1290462,1.9676319789141417
1790423710.1291087,3.524461993947625
1790423710.131457,1.3544340035878122
1790423710.133353,1.3313840026967227
1790423710.1384246,2.6490440068300813
1790423710.1393585,1.4523330028168857
1790423710.142324,1.3108009879942983
1790423710.1451879,1.3306770124472678
1790423710.1505775,20.894480985589325
1790423710.1514864,25.1747379952576
1790423710.1515546,14.493491995381191
1790423710.1578164,1.419064006768167
1790423710.1628568,1.6297450056299567
1790423710.1642919,1.7921160033438355
1790423710.1654994,1.1977299873251468
1790423710.1688418,1.143377972766757
1790423710.172474,1.3931560097262263
1790423710.1727638,1.3039239856880158
1790423710.1742272,1.1990060156676918
1790423710.1761472,1.091885002097115
1790423710.1849408,3.0537940037902445
1790423710.1860864,2.8465389914344996
1790423710.1861794,3.4670000022742897
1790423710.1902354,11.811434000264853
1790423710.197452,2.6441660011187196
1790423710.1994135,2.6652030064724386
1790423710.202264,28.736908017890528
1790423710.2027714,18.550491018686444
1790423710.2038407,5.628370010526851
1790423710.2058563,5.761340988101438
1790423710.2064497,4.4242039730306715
1790423710.2126439,3.394316998310387
1790423710.2162538,2.1264470124151558
1790423710.223233,29.413209995254874
1790423710.2262015,26.773145975312218
1790423710.2280004,46.623625996289775
1790423710.2282794,18.102988018654287
1790423710.2419019,29.09931301837787
1790423710.2424924,35.95896600745618
1790423710.2426488,17.714457004331052
1790423710.2432663,6.750365981133655
1790423710.244031,33.13981997780502
1790423710.244214,29.05747902696021
1790423710.2529027,23.234884021803737
1790423710.2536783,36.49868399952538
1790423710.2537856,8.906148985261098
1790423710.2546725,32.099165982799605
1790423710.2615807,29.406653018668294
1790423710.262159,41.74494999460876
1790423710.2623022,15.749808982945979
1790423710.264541,1.966320996871218
1790423710.2668357,2.045834989985451
1790423710.2739408,1.789953006664291
1790423710.2756531,71.74297500750981
1790423710.2764022,42.14823999791406
1790423710.2772145,50.94520500279032
1790423710.2779918,10.91167499544099
1790423710.2785456,3.9255699957720935
1790423710.2786539,29.289900994626805
1790423710.2798505,23.867743992013857
1790423710.2812138,11.11450302414596
1790423710.281293,33.79018299165182
1790423710.2818336,3.05598700651899
1790423710.2838101,12.740424979710951
1790423710.2863662,1.834222988691181
1790423710.288867,2.3624729947187006
1790423710.2894983,2.8728840115945786
1790423710.2955084,15.292540017981082
1790423710.2974832,31.649148993892595
1790423710.3004184,6.15950400242582
1790423710.3026466,2.910086011979729
1790423710.3027382,4.902715998468921
1790423710.3110974,2.0184169989079237
1790423710.3236308,28.106052021030337
1790423710.3257697,24.93253900320269
1790423710.3263347,29.435702977934852
1790423710.327995,19.584030989790335
1790423710.3282638,15.493507002247497
1790423710.3284063,38.15396598656662
1790423710.332949,17.354189010802656
1790423710.3336098,7.059932017000392
1790423710.3337033,38.765334989875555
1790423710.3339603,26.60470298724249
1790423710.3353665,19.289916002890095
1790423710.3354836,6.358232989441603
1790423710.3355699,36.901211977237836
1790423710.3419125,2.158495015464723
1790423710.3481276,30.370991997187957
1790423710.3503177,17.34178201877512
1790423710.3509042,7.750897988444194
1790423710.3521698,38.69024000596255
1790423710.3566267,8.483687997795641
1790423710.3567233,7.249081012560055
1790423710.3570921,38.054792006732896
1790423710.357254,19.168462982634082
1790423710.3584905,3.6685749946627766
1790423710.3624005,45.563232008134946
1790423710.3650935,19.266215997049585
1790423710.3673735,37.076104985317215
1790423710.367633,14.978488004999235
1790423710.3681612,22.17089300393127
1790423710.3684003,10.98079199437052
1790423710.3685193,5.976262007607147
1790423710.368644,29.674888006411493
1790423710.3687289,17.80995397712104
1790423710.370112,2.4668999831192195
1790423710.3708754,1.96833600057289
1790423710.3738673,2.7956980047747493
1790423710.3748584,2.4276899930555373
1790423710.376016,2.134273003321141
1790423710.3770487,23.212403000798076
1790423710.3791003,1.6230389883276075
1790423710.3822026,17.094660986913368
1790423710.382617,1.6118249914143234
1790423710.3860743,6.7373109923209995
1790423710.3861895,34.64847200666554
1790423710.3862762,14.58551999530755
1790423710.3907666,2.8470550023484975
1790423710.3914852,2.871489996323362
1790423710.3981535,1.852574001532048
1790423710.4075787,1.8212870054412633
1790423710.4096315,1.7175849934574217
1790423710.4181752,28.665102989180014
1790423710.4182684,5.6161259999498725
1790423710.4193568,15.97662499989383
1790423710.4216828,4.072779003763571
1790423710.4217727,6.643723987508565
1790423710.422554,8.33860199782066
1790423710.4239268,2.0010230073239654
1790423710.4271517,1.5823199937585741
1790423710.4509635,21.001000015530735
1790423710.4513116,32.81259597861208
1790423710.4526,7.885052997153252
1790423710.4530241,32.3655309912283
1790423710.455289,6.6583539883140475
1790423710.4559636,4.48513199808076
1790423710.456022,1.9820719899144024
1790423710.458877,2.1590469987131655
1790423710.4682834,20.837682008277625
1790423710.474575,22.55553798750043
1790423710.4761984,30.518989980919287
1790423710.4771235,19.89895399310626
1790423710.4808252,32.65905499574728
1790423710.4810011,27.838300011353567
1790423710.4813323,34.62415502872318
1790423710.4813998,20.288294996134937
1790423710.4854133,22.26776399766095
1790423710.4855428,27.46969400322996
1790423710.492835,2.595729019958526
1790423710.4991505,31.485629006056115
1790423710.4992476,22.872909990837798
1790423710.5103323,19.219548004912212
1790423710.5104945,21.774162974907085
1790423710.5115407,36.2950440030545
1790423710.5138888,22.13610999751836
1790423710.5145712,21.375608019297943
1790423710.5151658,25.998572004027665
1790423710.516467,11.986023018835112
1790423710.5170534,20.579300995450467
1790423710.5172086,16.766415996244177
1790423710.517911,35.10578899295069
1790423710.5181656,10.524460987653583
1790423710.518931,21.471093001309782
1790423710.5191596,18.160637991968542
1790423710.519839,2.434121008263901
1790423710.5199082,3.4313739743083715
1790423710.5298314,1.797828997951001
1790423710.53201,28.364565019728616
1790423710.532845,38.160928001161665
1790423710.5331912,4.237461980665103
1790423710.5334418,39.35928602004424
1790423710.5339139,11.0301100066863
1790423710.5341678,20.267437997972593
1790423710.5342252,22.10217699757777
1790423710.534611,10.76384898624383
1790423710.5347018,32.03303800546564
1790423710.5347936,4.54577399068512
1790423710.535595,2.1092200186103582
1790423710.5421374,1.3024359941482544
1790423710.5440118,1.380953995976597
1790423710.5471923,1.262980978935957
1790423710.549543,1.1618510179687291
1790423710.5534132,1.3880199985578656
1790423710.553742,1.279643998714164
1790423710.5581586,1.5203350048977882
1790423710.5605085,1.5422970172949135
1790423710.5635734,2.3048619914334267
1790423710.5641665,1.6347889904864132
1790423710.5660777,1.4831630105618387
1790423710.5794282,19.678351003676653
1790423710.5798693,13.298973994096741
1790423710.5799844,26.201496017165482
1790423710.5932417,24.46095901541412
1790423710.5939097,32.02298900578171
1790423710.5940173,9.6705439791549
1790423710.594125,8.931595017202199
1790423710.5994246,1.519918005215004
1790423710.6046903,31.73524100566283
1790423710.6047919,21.775922999950126
1790423710.6055813,18.804759019985795
1790423710.6067615,5.122357018990442
1790423710.6079032,24.272090988233685
1790423710.608796,30.77599999960512
1790423710.609716,21.992577996570617
1790423710.6099002,4.306293994886801
1790423710.616276,26.785023976117373
1790423710.6177652,2.656590979313478
1790423710.6181374,11.363011988578364
1790423710.618996,2.356836019316688
1790423710.6190875,33.32087301532738
1790423710.6247013,1.6893389984034002
1790423710.6250908,1.5713219763711095
1790423710.628859,1.4173210074659437
1790423710.6333244,20.127472991589457
1790423710.6344767,31.47877097944729
1790423710.6350365,9.522071020910516
1790423710.635333,15.165068994974717
1790423710.6353953,1.9428009982220829
1790423710.6368444,1.3322769955266267
1790423710.640695,26.46480599651113
1790423710.6407707,2.150493994122371
1790423710.6410453,1.9445890211500227
1790423710.6419053,20.34691398148425
1790423710.64304,16.994556004647166
1790423710.6431282,34.318354999413714
1790423710.6431966,6.3413530006073415
1790423710.648997,2.2131619916763157
1790423710.6507194,2.1601089974865317
1790423710.652036,2.512901002774015
1790423710.6521466,1.8257159972563386
1790423710.6533298,2.1633710130117834
1790423710.653887,1.2124849890824407
1790423710.6615152,1.3373999972827733
1790423710.6676674,1.3028639950789511
1790423710.6753285,20.02263200120069
1790423710.6754444,18.048111000098288
1790423710.6757486,1.6672810015734285
1790423710.6781223,1.3644849823322147
1790423710.686289,1.7762960051186383
1790423710.6870468,1.573749992530793
1790423710.690627,1.4503900019917637
1790423710.6947026,1.6134889738168567
1790423710.6950607,1.5151179977692664
1790423710.6982324,1.2841759889852256
1790423710.7133546,2.286334987729788
1790423710.726135,15.697719994932413
1790423710.7306066,32.14947899687104
1790423710.7327702,16.38985800673254
1790423710.7421153,29.019959009019658
1790423710.7429616,15.335236996179447
1790423710.7519062,17.510801990283653
1790423710.7528076,21.8349990027491
1790423710.7529104,30.06108698900789
1790423710.753236,41.48297500796616
1790423710.7538967,33.62136098439805
1790423710.7572746,13.368528976570815
1790423710.7573624,61.21717000496574
1790423710.7585468,18.335881002712995
1790423710.7598138,33.15489098895341
1790423710.760316,17.947374988580123
1790423710.7604415,38.35641499608755
1790423710.765985,21.292171004461125
1790423710.7772398,25.321560009615496
1790423710.7799275,71.10125900362618
1790423710.780652,50.862700009020045
1790423710.7813082,52.98761001904495
1790423710.7825046,49.86374199506827
1790423710.7836983,22.184895002283156
1790423710.7870166,65.5816340004094
1790423710.7922459,54.81889299699105
1790423710.7953708,40.33471998991445
1790423710.801252,54.658537002978846
1790423710.8016942,34.40685200621374
1790423710.8045654,63.534668006468564
1790423710.8065753,33.856849011499435
1790423710.8083787,65.01603897777386
1790423710.813385,63.195291004376486
1790423710.8136854,67.16255799983628
1790423710.8139563,57.372206007130444
1790423710.8170905,26.28276401082985
1790423710.8196714,14.488574001006782
1790423710.8198233,38.02924699266441
1790423710.8225913,50.64139500609599
1790423710.8236775,20.686657982878387
1790423710.8238153,70.56530201225542
1790423710.8243997,36.470910999923944
1790423710.8264756,6.027616997016594
1790423710.8271677,73.26064902008511
1790423710.827551,82.9404880059883
1790423710.8287792,7.414610998239368
1790423710.8288608,51.418464980088174
1790423710.8291836,16.5414749935735
1790423710.829714,82.41306498530321
1790423710.8297994,56.39074699138291
1790423710.8298624,32.562584994593635
1790423710.8299391,51.11701798159629
1790423710.8300164,66.29021299886517
1790423710.830307,28.47019099863246
1790423710.8313522,48.43083201558329
1790423710.831462,8.860770001774654
1790423710.83155,14.307662000646815
1790423710.8357677,1.6130620206240565
1790423710.836388,1.6008589882403612
1790423710.8451183,1.7055429925676435
1790423710.8499699,32.08789200289175
1790423710.8505075,40.18677299609408
1790423710.8505735,21.379549987614155
1790423710.8573728,1.6777649871073663
1790423710.8733182,2.247774013085291
1790423710.8737216,2.050289011094719
1790423710.8824944,15.093342983163893
1790423710.883095,8.056582999415696
1790423710.883761,30.000050988746807
1790423710.8849099,1.9973349990323186
1790423710.887077,1.8053120002150536
1790423710.8917398,21.876416984014213
1790423710.8918188,27.15322599397041
1790423710.89232,15.106539998669177
1790423710.9014413,22.453376004705206
1790423710.9018116,28.04284601006657
1790423710.9056697,2.5387330097146332
1790423710.9057887,2.222366980277002
1790423710.905875,3.2958670053631067
1790423710.9146216,2.444787009153515
1790423710.9155076,1.9476159941405058
1790423710.9200015,1.5823100111447275
1790423710.9234357,1.3397919829003513
1790423710.925412,1.5913110109977424
1790423710.9285583,1.5441119903698564
1790423710.932704,1.8531520036049187
1790423710.9335399,1.9204189884476364
1790423710.93466,1.943559997016564
1790423710.9422274,1.5380660188384354
1790423710.9486494,27.32532497611828
1790423710.9497416,19.68740500160493
1790423710.9498932,16.01840800140053
1790423710.950047,29.135817982023582
1790423710.950491,3.1558829941786826
1790423710.9524326,1.4886980061419308
1790423710.955269,1.4057770022191107
1790423710.9612846,1.487995992647484
1790423710.9699373,1.6157709760591388
1790423710.974989,1.5086889907252043
1790423710.9784327,22.862450015963987
1790423710.9785876,4.464127006940544
1790423710.978693,3.245070023695007
1790423710.9787786,25.38838199689053
1790423710.9792826,2.8417280118446797
1790423710.9814942,1.9307539914734662
1790423710.9815693,1.4755820157006383
1790423710.989099,1.1962720018345863
1790423710.9952216,1.4754139992874116
1790423710.9977648,1.6169290174730122
1790423710.9980156,1.4310829865280539
1790423710.9993382,1.1666179925668985
1790423711.003664,1.142748020356521
1790423711.0072632,1.9961469806730747
1790423711.0077388,1.861541997641325
1790423711.0228515,21.594417019514367
1790423711.0237546,12.486516003264114
1790423711.0250793,1.986906980164349
1790423711.025155,2.761051000561565
1790423711.026866,1.3432769919745624
1790423711.0328345,22.155737009597942
1790423711.0329072,3.287928004283458
1790423711.032976,12.094178993720561
1790423711.0380683,1.4694400015287101
1790423711.0412111,1.3553720200434327
1790423711.0428696,1.2453609961085021
1790423711.0473902,23.834339022869244
1790423711.047544,3.853219997836277
1790423711.0476277,17.5117340113502
1790423711.0525737,1.7615789838600904
1790423711.053907,1.324415992712602
1790423711.0546868,1.48636000812985
1790423711.0645804,1.426306989742443
1790423711.0666928,1.9658370001707226
1790423711.0671365,16.7377790203318
1790423711.0679007,23.059163009747863
1790423711.0690155,14.236792019801214
1790423711.0700648,1.969826000276953
1790423711.076415,1.271913992241025
1790423711.0781925,1.5107310027815402
1790423711.0807352,24.605689017334953
1790423711.080817,20.758972998009995
1790423711.0818624,13.140683004166931
1790423711.0819232,3.5570799955166876
1790423711.0857646,1.3345609768293798
1790423711.0912642,1.4563730219379067
1790423711.0918758,1.490352995460853
1790423711.0924113,19.682042999193072
1790423711.0927143,25.38037102203816
1790423711.0928,10.5457839963492
1790423711.0973043,1.6029490216169506
1790423711.1003046,1.6466079978272319
1790423711.101166,1.2322060065343976
1790423711.103653,1.478393009165302
1790423711.1040676,1.4751440030522645
1790423711.1069942,1.5299060032702982
1790423711.1085498,1.3223889982327819
1790423711.1097896,1.231381989782676
1790423711.1132715,1.603492011781782
1790423711.1178057,1.4738250174559653
1790423711.1271327,1.839466014644131
1790423711.131289,1.913260988658294
1790423711.132603,26.33803998469375
1790423711.1327124,18.63400699221529
1790423711.1338027,2.501829992979765
1790423711.1418474,2.742680022493005
1790423711.1431623,2.2150109871290624
1790423711.15082,31.91229299409315
1790423711.1577342,23.78907400998287
1790423711.1665444,16.908439982216805
1790423711.173317,12.312086997553706
1790423711.173407,38.59077300876379
1790423711.1738458,40.49457600922324
1790423711.1759846,45.770636992529035
1790423711.1766117,20.4136389947962
1790423711.1780167,35.85806698538363
1790423711.1785324,32.15127100702375
1790423711.178693,15.27343099587597
1790423711.1844277,27.608049975242466
1790423711.184507,40.76125897699967
1790423711.1898842,40.85245300666429
1790423711.1904573,18.32811100757681
1790423711.1906354,45.18280999036506
1790423711.1907282,30.384119978407398
1790423711.1956263,32.96619298635051
1790423711.1961606,19.20356199843809
1790423711.2038314,1.8006190075539052
1790423711.2041786,38.67340300348587
1790423711.2048113,22.005437989719212
1790423711.2048793,34.21799300122075
1790423711.2060404,27.228971011936665
1790423711.2062461,38.33579199272208
1790423711.2068098,1.7381499928887933
1790423711.2088807,1.5153989952523261
1790423711.2166111,1.5242160006891936
1790423711.218173,1.5506590134464204
1790423711.220034,1.3078119955025613
1790423711.2207003,12.551101972348988
1790423711.2208242,25.771351996809244
1790423711.2208855,22.543155995663255
1790423711.2247355,1.2194390001241118
1790423711.2333179,1.995203987462446
1790423711.2339473,1.4503120037261397
1790423711.2350996,1.1444170086178929
1790423711.2381184,1.3716620160266757
1790423711.2392306,1.1045350111089647
1790423711.2473695,1.50100898463279
1790423711.249316,1.3903710059821606
1790423711.2496617,1.2521300232037902
1790423711.2556314,1.2832980137318373
1790423711.280316,1.3615269854199141
1790423711.298932,24.77910998277366
1790423711.3247006,18.06712499819696
1790423711.3314939,27.09688598406501
1790423711.3357518,32.24347799550742
1790423711.3366497,17.334305011900142
1790423711.342298,55.470773979322985
1790423711.347017,48.73730000690557
1790423711.35218,51.72300199046731
1790423711.3594468,31.700500985607505
1790423711.36084,23.971394984982908
1790423711.3610802,47.84419000498019
1790423711.3612924,13.932707981439307
1790423711.3617642,3.001125995069742
1790423711.3630738,55.69439401733689
1790423711.3632143,47.428976016817614
1790423711.3633208,63.39231997844763
1790423711.3652084,32.05614400212653
1790423711.3667357,37.06587798660621
1790423711.3668766,37.9241380142048
1790423711.368265,27.4586720042862
1790423711.3683443,14.721276995260268
1790423711.3684857,71.24305499019101
1790423711.3686962,4.535130981821567
1790423711.3688495,46.90369899617508
1790423711.3689246,23.374993004836142
1790423711.3695626,21.664169995347038
1790423711.3714507,18.612718995427713
1790423711.3716047,28.007085988065228
1790423711.3717823,44.9793660081923
1790423711.3718426,42.09069098578766
1790423711.374283,4.549665027298033
1790423711.3747241,6.01687200833112
1790423711.3753223,3.4713069908320904
1790423711.3757138,2.5971989962272346
1790423711.379987,3.3467080211266875
1790423711.3801174,2.832664002198726
1790423711.388496,2.0162629953119904
1790423711.3893743,2.141250006388873
1790423711.4018629,10.247750004054978
1790423711.4024587,29.89965898450464
1790423711.403012,24.2204709793441
1790423711.4064496,28.656631999183446
1790423711.4068394,6.601245026104152
1790423711.4076111,24.241090985015035
1790423711.408173,5.661447998136282
1790423711.4082732,6.397457997081801
1790423711.4083643,13.443777977954596
1790423711.4106987,12.073013989720494
1790423711.417502,1.7172179941553622
1790423711.4205847,10.453762981342152
1790423711.4214811,32.59318199707195
1790423711.4224186,1.5535790007561445
1790423711.4361567,32.37223799806088
1790423711.4365184,22.665695985779166
1790423711.4365885,12.971124000614509
1790423711.438568,9.78152797324583
1790423711.4386673,23.607276991242543
1790423711.438743,31.85594198293984
1790423711.4447386,1.628160011023283
1790423711.4478035,28.658536000875756
1790423711.4478967,16.97363899438642
1790423711.4486792,1.5080909943208098
1790423711.4538832,1.3689300103578717
1790423711.4577649,18.374067003605887
1790423711.458007,3.3098979911301285
1790423711.4586651,9.65560000622645
1790423711.4596834,32.15659499983303
1790423711.4609601,27.156512020155787
1790423711.4618292,6.594140984816477
1790423711.4629335,3.088277007918805
1790423711.4630392,2.068420988507569
1790423711.4707582,20.805136999115348
1790423711.471595,31.607482000254095
1790423711.4722023,4.044643021188676
1790423711.4726558,16.496588999871165
1790423711.4727366,2.7928150084335357
1790423711.478078,1.7247569921892136
1790423711.4823098,2.266261988552287
1790423711.488649,30.868943984387442
1790423711.490274,9.535695979138836
1790423711.4904277,21.331165014998987
1790423711.4905128,30.21101700142026
1790423711.4914713,2.0950280013494194
1790423711.4960496,1.8967390060424805
1790423711.504216,19.836797000607476
1790423711.5043752,28.6374099960085
1790423711.5044823,22.93706900672987
1790423711.5045679,9.031791996676475
1790423711.512359,15.448167017893866
1790423711.5125108,29.91099000792019
1790423711.5136974,2.623022999614477
1790423711.5153246,1.6140110092237592
1790423711.5205352,22.292154986644164
1790423711.5211399,29.618786997161806
1790423711.524105,1.5195290034171194
1790423711.5262303,1.5885249886196107
1790423711.563221,13.949090003734455
1790423711.5639207,35.494779993314296
1790423711.5643275,39.055328990798444
1790423711.568859,48.17305598407984
1790423711.578822,41.44296201411635
1790423711.5795176,24.171141994884238
1790423711.5806353,61.451410001609474
1790423711.5807316,14.995678997365758
1790423711.5808213,20.985757000744343
1790423711.5842264,51.076540985377505
1790423711.5845997,38.2059839903377
1790423711.5852866,54.46205899352208
1790423711.58817,31.873798987362534
1790423711.5893497,2.14444100856781
1790423711.589443,24.834184005158022
1790423711.5895565,26.18853800231591
1790423711.5931504,32.03719700104557
1790423711.5953062,1.4682569890283048
1790423711.6002321,45.92579399468377
1790423711.6059709,75.8549369929824
1790423711.6255667,29.533351014833897
1790423711.6257653,15.06619798601605
1790423711.6258633,54.87961700418964
1790423711.6259613,22.45767301064916
1790423711.6302698,15.824700007215142
1790423711.632113,10.529547987971455
1790423711.635406,15.131668013054878
1790423711.6358132,19.520767003996298
1790423711.6359677,36.45663699717261
1790423711.6370256,32.76081901276484
1790423711.6371188,9.834950004005805
1790423711.642084,1.658264984143898
1790423711.6481676,43.38278202340007
1790423711.6482785,30.647075007436797
1790423711.6487455,5.7766130194067955
1790423711.6488268,18.047950987238437
1790423711.6537414,22.248445980949327
1790423711.6541045,30.38824599934742
1790423711.6550903,4.710500012151897
1790423711.6606336,23.409157001879066
1790423711.6610394,34.45706600905396
1790423711.6611772,4.969768022419885
1790423711.6643503,1.3063790102023631
1790423711.679768,1.6596950008533895
1790423711.681831,19.594370009144768
1790423711.681941,27.654158999212086
1790423711.6837142,1.598036993527785
1790423711.6897044,4.018196021206677
1790423711.6897783,24.815245997160673
1790423711.6911273,23.830869991797954
1790423711.6916819,17.435416986700147
1790423711.6917398,5.355411005439237
1790423711.701007,1.4753590221516788
1790423711.7142959,22.442992019932717
1790423711.7144213,1.926225988427177
1790423711.7145147,18.01136098220013
1790423711.7221422,1.4070159813854843
1790423711.724171,1.3519799977075309
1790423711.7283392,1.60331602091901
1790423711.736539,1.363984978524968
1790423711.7510989,1.4099180116318166
1790423711.7538831,1.4296710141934454
1790423711.7575626,1.8868579936679453
1790423711.758565,1.6636310028843582
1790423711.7605708,1.4072390040382743
1790423711.769768,23.970834008650854
1790423711.7700386,14.87943300162442
1790423711.770106,7.562875020084903
1790423711.7712717,3.8635359960608184
1790423711.7714446,4.1153090132866055
1790423711.7726839,1.8902879965025932
1790423711.773545,1.6449189861305058
1790423711.7797613,1.6982779779937118
1790423711.7803931,1.3552499876823276
1790423711.7885013,1.7771190032362938
1790423711.7891288,1.5536190185230225
1790423711.7904081,1.1936310038436204
1790423711.791761,1.1727219971362501
1790423711.7990875,1.1209590011276305
1790423711.8020356,1.4727130183018744
1790423711.8037827,1.4260000025387853
1790423711.8082888,1.3303069863468409
1790423711.8195953,3.2978129747789353
1790423711.822071,1.487635017838329
1790423711.826742,25.27123599429615
1790423711.8272235,27.81428798334673
1790423711.8273115,9.604213002603501
1790423711.8283176,2.944110019598156
1790423711.8295774,2.095627976814285
1790423711.8361616,2.080133999697864
1790423711.8362365,2.7639640029519796
1790423711.8415928,1.5613409923389554
1790423711.845287,26.512974000070244
1790423711.8456304,16.942565998760983
1790423711.8459694,30.28377701411955
1790423711.846045,3.1693110067863017
1790423711.8521419,3.6909959744662046
1790423711.8533266,2.8350669890642166
1790423711.854449,1.9484100048430264
1790423711.8680406,21.89403199008666
1790423711.8715835,27.82789000775665
1790423711.871667,4.990793997421861
1790423711.8725824,1.5877439873293042
1790423711.8746445,1.400493987603113
1790423711.8804343,1.9726869941223413
1790423711.8811266,1.633381994906813
1790423711.8830223,1.339690003078431
1790423711.8853905,1.364399999147281
1790423711.887619,1.6432379779871553
1790423711.8882296,1.4071280020289123
1790423711.8970737,1.5220999775920063
1790423711.9041903,2.613040996948257
1790423711.9052932,3.1576920009683818
1790423711.9057744,1.9727949984371662
1790423711.905912,2.629252994665876
1790423711.9070942,21.65544399758801
1790423711.9073048,15.83788899006322
1790423711.9079688,5.209403985645622
1790423711.9091878,3.267313994001597
1790423711.9098213,1.842266006860882
1790423711.9189436,2.0229340007063
1790423711.920115,2.3478080111090094
1790423711.9201677,1.901233015814796
1790423711.9246233,1.3387519866228104
1790423711.9289145,15.322416002163664
1790423711.9294565,22.100440983194858
1790423711.9295225,7.451462995959446
1790423711.9332647,1.2061010056640953
1790423711.9338179,1.2269759899936616
1790423711.9356322,1.1293849966023117
1790423711.9373617,1.7214210238307714
1790423711.9377115,1.6440380131825805
1790423711.9396899,1.4074289938434958
1790423711.9414394,1.237755990587175
1790423711.9522827,1.5464210009668022
1790423711.9559643,1.7756489978637546
1790423711.9642773,22.46149501297623
1790423711.9648364,17.734961991664022
1790423711.9649332,6.959168007597327
1790423711.970572,21.522135997656733
1790423711.976588,17.922052007634193
1790423711.9773524,27.758721000282094
1790423711.9794464,2.8477019804995507
1790423711.9868846,2.1307499846443534
1790423711.9869983,16.068119992269203
1790423711.98862,22.276605013757944
1790423711.9887657,31.666567985666916
1790423711.9890764,11.602518992731348
1790423711.9928977,24.212871998315677
1790423711.9933808,14.874476008117199
1790423711.9934607,32.24636099184863
1790423711.9990008,29.59955099504441
1790423711.9992785,15.745559998322278
1790423712.000733,4.845234012464061
1790423712.0009928,4.357495985459536
1790423712.0028603,1.6486920067109168
1790423712.0044053,1.356737018795684
1790423712.017162,31.816956005059183
1790423712.017407,20.189631002722308
1790423712.018286,12.567252008011565
1790423712.0184696,4.508418001933023
1790423712.0185597,23.939815000630915
1790423712.0298526,30.560384009731933
1790423712.0463536,31.842781987506896
1790423712.0464916,39.264484017621726
1790423712.0499969,37.262522004311904
1790423712.0511677,22.52055099233985
1790423712.057209,49.42120800842531
1790423712.0614784,37.52133500529453
1790423712.0637424,69.6989549905993
1790423712.0646718,38.95557700889185
1790423712.064872,33.27527901274152
1790423712.065546,17.726154997944832
1790423712.065742,10.524315002840012
1790423712.06748,57.31690998072736
1790423712.0675633,1.8097500142175704
1790423712.0694444,46.4548830059357
1790423712.070425,55.375216994434595
1790423712.0712562,69.30557801388204
1790423712.0717793,35.75369200552814
1790423712.0723803,23.87198098585941
1790423712.0735292,13.815913000144064
1790423712.0736334,4.1329840023536235
1790423712.0737128,47.051661007571965
1790423712.0747266,29.338799009565264
1790423712.0776315,33.3066199964378
1790423712.0784633,46.182863996364176
1790423712.0785706,16.726414003642276
1790423712.07863,24.799284001346678
1790423712.0815873,1.2039580033160746
1790423712.0843885,29.673459997866303
1790423712.0848074,22.06500800093636
1790423712.0848753,31.685556983575225
1790423712.0891566,1.7423739773221314
1790423712.0897248,1.770188013324514
1790423712.0911186,2.3918169899843633
1790423712.0914092,1.5733329928480089
1790423712.1106038,19.88886098843068
1790423712.1120808,1.4269879902713
1790423712.1154687,1.691597979515791
1790423712.1197255,1.7379360215272754
1790423712.1219294,23.94252599333413
1790423712.1220145,7.725839997874573
1790423712.1248121,1.3618489902000874
1790423712.126322,10.707843001000583
1790423712.126518,24.806482018902898
1790423712.12718,1.424189016688615
1790423712.131551,1.482549007050693
1790423712.132048,1.5676800103392452
1790423712.1334138,1.2736339995171875
1790423712.1352446,1.4582150033675134
1790423712.139976,1.2194449955131859
1790423712.1444836,1.3993500033393502
1790423712.1500435,1.8043599848169833
1790423712.1600761,2.5704349973239005
1790423712.1606553,2.4742849927861243
1790423712.171919,2.0861960074398667
1790423712.1727347,1.797842007363215
1790423712.1768503,2.1908580092713237
1790423712.180181,1.8410570046398789
1790423712.1824718,23.52669701213017
1790423712.1829796,29.660956002771854
1790423712.183425,6.563490984262899
1790423712.1838078,2.9356669983826578
1790423712.184351,1.8670870049390942
1790423712.1900017,1.9575119949877262
1790423712.1938114,1.705617003608495
1790423712.194197,1.6053580038715154
1790423712.2007139,1.3960590003989637
1790423712.2037094,1.3431550178211182
1790423712.2053921,1.502380007877946
1790423712.2081475,1.7500929825473577
1790423712.211885,23.29158000065945
1790423712.2127838,25.63213900430128
1790423712.2131164,2.952352981083095
1790423712.2135813,12.41148600820452
1790423712.2136574,2.6302390033379197
1790423712.213727,4.0582530200481415
1790423712.217997,1.6162490064743906
1790423712.220533,2.4050560023169965
1790423712.2222917,2.8575489996001124
1790423712.2225301,2.5768440100364387
1790423712.2237666,3.0250130221247673
1790423712.2238822,2.5502460193820298
1790423712.2248945,1.5570139803458005
1790423712.2255228,1.3789040094707161
1790423712.2358956,1.288802013732493
1790423712.2379587,1.3992209860589355
1790423712.239467,1.3699209957849234
1790423712.2444453,1.8111889949068427
1790423712.2554967,26.45188898895867
1790423712.256887,19.61359300184995
1790423712.257008,11.036476993467659
1790423712.2637181,1.7281460168305784
1790423712.2689426,20.894857007078826
1790423712.2708907,31.30344901001081
1790423712.270979,6.8133510067127645
1790423712.2739375,8.41601099818945
1790423712.2741773,32.13004398276098
1790423712.2751544,33.57018201495521
1790423712.2759383,21.986185980495065
1790423712.2772179,2.5413760158699006
1790423712.277965,20.824399980483577
1790423712.2873836,1.681666006334126
1790423712.2927969,26.769140997203067
1790423712.2938395,38.32787400460802
1790423712.29396,7.590165012516081
1790423712.2940373,12.591669015819207
1790423712.2961679,24.616626993520185
1790423712.2962558,13.480816996889189
1790423712.2963333,28.38697997503914
1790423712.3011217,1.566324004670605
1790423712.3026695,28.217945975484326
1790423712.3027546,18.29908599029295
1790423712.3028283,32.70117499050684
1790423712.3058984,1.3203500129748136
1790423712.31046,1.2750509777106345
1790423712.3175757,1.541467005154118
1790423712.3233972,1.409908989444375
1790423712.3242106,17.017227015458047
1790423712.324317,20.81667899619788
1790423712.3346,1.559590979013592
1790423712.3422225,1.581977994646877
1790423712.3496811,14.063259004615247
1790423712.350041,23.685293010203168
1790423712.3501146,1.8017069960478693
1790423712.355543,3.138853993732482
1790423712.3559055,2.3269319790415466
1790423712.3559868,1.8461789877619594
1790423712.3616135,1.6445080109406263
1790423712.363848,23.813067993614823
1790423712.364416,27.631874021608382
1790423712.3644824,11.558603990124539
1790423712.3664236,1.4788009866606444
1790423712.3799646,2.421465003862977
1790423712.3865225,27.781864977441728
1790423712.386638,20.203883992508054
1790423712.3958058,4.664369014790282
1790423712.3989093,5.341262003639713
1790423712.3999627,5.536330980248749
1790423712.4006667,3.122516005532816
1790423712.4010577,1.8999750027433038
1790423712.4041963,2.2915410227142274
1790423712.4184608,2.4140659952536225
1790423712.421333,2.5027170195244253
1790423712.4223769,26.073301007272676
1790423712.4224653,18.25500000268221
1790423712.4296,36.68703098082915
1790423712.4297512,9.568857989506796
1790423712.4347205,1.521999016404152
1790423712.440491,15.314755000872537
1790423712.440606,31.430603994522244
1790423712.44095,30.883312021614984
1790423712.444515,2.405223000096157
1790423712.449711,3.6603309854399413
1790423712.4513009,22.712063015205786
1790423712.4570575,2.4914349778555334
1790423712.4572892,10.24601500830613
1790423712.4584298,35.333148000063375
1790423712.4620824,2.561475004767999
1790423712.4635837,2.6307850203011185
1790423712.4726355,2.6481779932510108
1790423712.4744473,39.30485699675046
1790423712.4751759,9.942119009792805
1790423712.476497,22.934458014788106
1790423712.4783096,5.2531980036292225
1790423712.478632,3.443492023507133
1790423712.4787064,2.002791006816551
1790423712.4818847,3.0713790038134903
1790423712.4831676,3.7078539899084717
1790423712.4936547,1.5106889768503606
1790423712.4995208,32.192067010328174
1790423712.5005865,24.556265998398885
1790423712.501107,34.89465801976621
1790423712.5012283,4.125089006265625
1790423712.501292,19.39272301387973
1790423712.5035992,1.4848260034341365
1790423712.508574,22.581238008569926
1790423712.5094073,28.257904021302238
1790423712.5095372,11.75790501292795
1790423712.5117056,2.7570890088099986
1790423712.5124917,1.6961439978331327
1790423712.5151567,25.787304010009393
1790423712.5154026,16.60644801449962
1790423712.5159395,27.92894301819615
1790423712.516001,3.2525679853279144
1790423712.5181487,1.3073180161882192
1790423712.5195775,1.2832960055675358
1790423712.5222003,1.2960949970874935
1790423712.5272028,1.5004299930296838
1790423712.528872,1.659017987549305
1790423712.5333424,19.60063198930584
1790423712.5334415,23.293870995985344
1790423712.5340445,5.993058002786711
1790423712.5341415,9.577046992490068
1790423712.536542,11.432459985371679
1790423712.544749,2.3862000089138746
1790423712.5451117,23.70758101460524
1790423712.5451837,14.558922994183376
1790423712.5460415,2.6821500214282423
1790423712.5469615,1.3048549881204963
1790423712.5494847,1.2087089999113232
1790423712.5499675,1.2208420084789395
1790423712.5517662,1.0980580118484795
1790423712.554539,1.0074129968415946
1790423712.5596163,1.8577789887785912
1790423712.5598674,1.5542659966740757
1790423712.5669158,1.7518840031698346
1790423712.5670156,1.465726993046701
1790423712.5727608,1.2703269894700497
1790423712.5782485,19.4199500256218
1790423712.5783048,2.9415519966278225
1790423712.5898871,1.1406250123400241
1790423712.591253,1.1243360058870167
1790423712.5916622,6.540796020999551
1790423712.6027114,1.4622870075982064
1790423712.6061046,20.50682101980783
1790423712.6062067,2.5587109848856926
1790423712.6062717,1.7344479856546968
1790423712.6096509,1.2172140122856945
1790423712.6213033,1.2750439927913249
1790423712.627295,1.4029669982846826
1790423712.6329134,2.717356022913009
1790423712.633037,1.8258670170325786
1790423712.6350348,2.8908310050610453
1790423712.635828,1.6056369931902736
1790423712.637962,1.5510730154346675
1790423712.6404102,12.89816599455662
1790423712.6447346,1.5866479952819645
1790423712.651344,3.125001006992534
1790423712.6518729,18.525383988162503
1790423712.6525943,3.1269490136764944
1790423712.6527138,29.012463986873627
1790423712.653106,9.364302997710183
1790423712.6531756,2.5445399805903435
1790423712.662972,16.925965988775715
1790423712.6641743,27.311452984577045
1790423712.664267,7.52951399772428
1790423712.6791763,1.8614480213727802
1790423712.684612,17.817599000409245
1790423712.685088,29.82939299545251
1790423712.6853821,6.19298400124535
1790423712.6966622,1.5160820039454848
1790423712.699492,23.93728299648501
1790423712.699792,34.050835005473346
1790423712.699869,11.723677016561851
1790423712.6999438,3.1356939871329814
1790423712.7014985,25.188781990436837
1790423712.7029245,28.753866004990414
1790423712.7032845,13.452122977469116
1790423712.7050903,1.3595079944934696
1790423712.7106164,2.879497013054788
1790423712.7115688,2.34736199490726
1790423712.7116537,2.968591987155378
1790423712.7169514,22.876466973684728
1790423712.7172139,1.8051999795716256
1790423712.7175405,26.927494996925816
1790423712.7176201,11.881543992785737
1790423712.717952,5.658332986058667
1790423712.719193,1.2323059781920165
1790423712.720511,1.1561629944480956
1790423712.725636,1.4798819902352989
1790423712.7271562,1.416324987076223
1790423712.7350216,20.053424988873303
1790423712.7356038,25.591733981855214
1790423712.7362995,9.03137298882939
1790423712.7363892,14.798922988120466
1790423712.741956,1.7324769869446754
1790423712.7432067,19.46688600583002
1790423712.7460508,25.351107004098594
1790423712.7461543,18.528970977058634
1790423712.7486873,2.424673002678901
1790423712.748772,1.965981995454058
1790423712.7533526,1.6580179799348116
1790423712.7548735,1.5106550126802176
1790423712.7568395,25.31603502575308
1790423712.7569938,7.98434900934808
1790423712.7570674,28.110259998356923
1790423712.7588503,1.625501026865095
1790423712.759123,1.4109319890849292
1790423712.7608433,1.2264990073163062
1790423712.7646437,1.182428008178249
1790423712.7650907,1.1675269925035536
1790423712.7738822,1.2567199883051217
1790423712.788116,1.8710590084083378
1790423712.789069,1.7505110008642077
1790423712.7894611,4.2367730056867
1790423712.789544,20.383822004077956
1790423712.7972786,1.3453559949994087
1790423712.801645,1.086175994714722
1790423712.8041756,1.2466030020732433
1790423712.8046498,1.2408669863361865
1790423712.807561,1.6552449960727245
1790423712.8087995,1.152766024461016
1790423712.8190084,1.6849819803610444
1790423712.8314872,2.4838210083544254
1790423712.8354657,22.765382018405944
1790423712.8360562,14.646636991528794
1790423712.8362012,29.44012900115922
1790423712.8362763,5.317060014931485
1790423712.8385396,22.778231999836862
1790423712.8422873,25.90478098136373
1790423712.8424203,29.1153319994919
1790423712.84248,16.68434200109914
1790423712.845616,21.212472987826914
1790423712.8463469,34.22936599235982
1790423712.8464766,6.348641007207334
1790423712.8465593,2.1209989790804684
1790423712.8506656,1.89520200365223
1790423712.8521478,1.4706410001963377
1790423712.856574,1.9343479943927377
1790423712.8568606,1.7917939985636622
1790423712.8647707,1.67889500153251
1790423712.8750927,2.2026950027793646
1790423712.8761854,1.545210019685328
1790423712.8777978,24.35328997671604
1790423712.8778756,16.864450997672975
1790423712.8808527,1.5815250226296484
1790423712.8824909,1.5165350050665438
1790423712.8861375,3.090197016717866
1790423712.8863199,2.744411991443485
1790423712.8881814,2.825966017553583
1790423712.8905032,3.866017999825999
1790423712.8907719,3.2444980170112103
1790423712.8964953,2.9744360072072595
1790423712.897151,28.620950994081795
1790423712.8977733,17.79635198181495
1790423712.897888,8.738247997825965
1790423712.898071,13.947997998911887
1790423712.8997555,4.09289900562726
1790423712.9010496,2.3751750122755766
1790423712.9084787,1.5207820106297731
1790423712.9108436,1.698889012914151
1790423712.9118648,1.76166498567909
1790423712.9141552,1.3888530083931983
1790423712.9147427,1.2788930034730583
1790423712.9156,22.67558401217684
1790423712.9162333,17.092550988309085
1790423712.9174917,6.278824002947658
1790423712.9178352,29.24207699834369
1790423712.918476,2.9687370115425438
1790423712.9193778,2.3733559937682003
1790423712.9194453,1.5628559922333807
1790423712.9439256,2.02545800129883
1790423712.9487796,2.297006023582071
1790423712.9599504,2.362692990573123
1790423712.9695091,1.5911889786366373
1790423712.9699178,1.5133030246943235
1790423712.9752057,2.620059996843338
1790423712.9827876,24.235087010310963
1790423712.9831884,26.813385979039595
1790423712.9835193,6.304263981292024
1790423712.9868624,1.5903059975244105
1790423712.9942594,10.628571006236598
1790423712.994509,2.1861230197828263
1790423712.9946237,24.607225001091138
1790423712.995148,2.305814006831497
1790423712.9966862,12.591831997269765
1790423713.0074315,5.970780999632552
1790423713.007502,22.899639006936923
1790423713.0137837,23.924039996927604
1790423713.0138905,11.201164015801623
1790423713.014544,1.6399000014644116
1790423713.0158393,1.204397005494684
1790423713.017836,1.989106007385999
1790423713.0183134,1.8943670147564262
1790423713.0186543,1.312226988375187
1790423713.0219145,1.2588310055434704
1790423713.0222886,1.1431659804657102
1790423713.025325,1.1109600018244237
1790423713.0295365,1.0972460149787366
1790423713.0304923,1.6359660075977445
1790423713.0396557,1.2441900034900755
1790423713.0435462,15.585582994390279
1790423713.0447178,3.12752797617577
1790423713.044842,21.037758007878438
1790423713.0449102,2.573753008618951
1790423713.0456994,1.6043259820435196
1790423713.047775,1.194790005683899
1790423713.0624115,2.406065003015101
1790423713.0633533,2.460609015543014
1790423713.0634155,1.8737530044745654
1790423713.0690734,1.2066219933331013
1790423713.0707424,1.10130402026698
1790423713.0816097,1.9187669968232512
1790423713.0818877,1.6437299782410264
1790423713.0837545,1.5026750043034554
1790423713.0845146,1.3422289921436459
1790423713.0859568,1.109826989704743
1790423713.0884848,1.1478529777377844
1790423713.10209,1.933690014993772
1790423713.1048162,2.13399701169692
1790423713.105327,2.1020919957663864
1790423713.106269,2.397723001195118
1790423713.1069903,1.3889909896533936
1790423713.10815,1.057699992088601
1790423713.1217506,1.5313249896280468
1790423713.123535,1.6711170028429478
1790423713.128434,15.33249401836656
1790423713.1356344,1.3950459833722562
1790423713.1382103,26.633222005330026
1790423713.1383088,14.762909995624796
1790423713.1408303,24.277019023429602
1790423713.1410105,28.839209000580013
1790423713.141106,14.224701997591183
1790423713.1462731,1.3257009850349277
1790423713.1477015,26.922435994492844
1790423713.1477892,14.564103999873623
1790423713.1522577,1.2818830145988613
1790423713.1536112,2.146624989109114
1790423713.15389,1.5427820035256445
1790423713.1543298,1.2163039937149733
1790423713.1587093,1.2445930042304099
1790423713.1626096,1.0811210086103529
1790423713.1706934,5.039558018324897
1790423713.1774728,1.940646005095914
1790423713.18185,1.5672360023017973
1790423713.1890771,12.862256000516936
1790423713.1893177,25.3437029896304
1790423713.190302,2.4473759985994548
1790423713.1944935,27.797511022072285
1790423713.1954722,17.879574006656185
1790423713.1955872,28.068890009308234
1790423713.1960003,30.75434098718688
1790423713.1976404,17.973381996853277
1790423713.1979682,28.197854000609368
1790423713.1981993,6.288559990935028
1790423713.1984313,5.7497110101394355
1790423713.2151444,19.03307400061749
1790423713.216735,17.40675701876171
1790423713.2223327,10.510734980925918
1790423713.222672,33.14290297566913
1790423713.2233317,4.822502989554778
1790423713.2260733,31.096474995138124
1790423713.2272742,2.160605014069006
1790423713.2303646,17.86652297596447
1790423713.2318423,31.94177898694761
1790423713.2319803,48.66459799814038
1790423713.23206,10.786711995024234
1790423713.2335932,27.417737001087517
1790423713.2345526,1.99347801390104
1790423713.235515,30.803177010966465
1790423713.2356236,22.403879993362352
1790423713.2357535,12.997607991565019
1790423713.2365708,1.6976339975371957
1790423713.2407618,1.3332589878700674
1790423713.2425103,1.2401329877320677
1790423713.2430446,37.75600797962397
1790423713.2433996,36.29067799192853
1790423713.24387,26.347692008130252
1790423713.2440526,19.51414399081841
1790423713.244291,6.960423983400688
1790423713.2474704,2.246444986667484
1790423713.2475955,1.9698429969139397
1790423713.248075,1.5831839991733432
1790423713.2552812,1.4248289808165282
1790423713.2563057,1.0170790192205459
1790423713.2596495,1.056987006450072
1790423713.26859,1.274794980417937
1790423713.2774615,1.8385980220045894
1790423713.2801192,17.35092798480764
1790423713.2806764,23.1349469977431
1790423713.2807465,4.4904769747518
1790423713.284201,23.632331984117627
1790423713.2847,19.572563003748655
1790423713.2847588,6.020405009621754
1790423713.2880564,1.35800099815242
1790423713.288323,2.07930599572137
1790423713.2896721,1.138340012403205
1790423713.295394,1.109865988837555
1790423713.299734,1.1813350138254464
1790423713.3097272,2.347012981772423
1790423713.3098004,1.835346018197015
1790423713.315105,2.476138004567474
1790423713.3156912,2.085328014800325
1790423713.3209293,23.528785997768864
1790423713.3210685,9.647142986068502
1790423713.3211367,22.996621002675965
1790423713.321512,7.306974002858624
1790423713.3267188,1.9684240105561912
1790423713.336077,23.959824990015477
1790423713.3365579,19.69848500448279
1790423713.3371584,30.985355988377705
1790423713.3372526,10.325252980692312
1790423713.343209,15.663772006519139
1790423713.3432739,25.223928998457268
1790423713.343432,27.373463002732024
1790423713.3471165,24.545096996007487
1790423713.347421,25.851949001662433
1790423713.3474798,15.580499020870775
1790423713.3538036,2.775305008981377
1790423713.353952,2.1879510022699833
1790423713.3546965,2.2875980066601187
1790423713.3596814,3.7231509923003614
1790423713.3600044,2.8065140068065375
1790423713.3611693,2.184752986067906
1790423713.3659835,8.048624004004523
1790423713.3662035,11.353929003234953
1790423713.366288,15.668423002352938
1790423713.3663743,27.116871991893277
1790423713.37663,21.20016101980582
1790423713.3770077,18.158098013373092
1790423713.384217,12.424187996657565
1790423713.391776,27.782315999502316
1790423713.392178,29.40379298524931
1790423713.392587,4.208635014947504
1790423713.3957236,41.71747199143283
1790423713.4018137,33.444241009419784
1790423713.4032729,10.08077900041826
1790423713.4034307,39.903076976770535
1790423713.4163706,55.932351999217644
1790423713.418696,36.39680001651868
1790423713.4187744,32.265902002109215
1790423713.4198103,23.422624974045902
1790423713.419884,14.088674972299486
1790423713.4205766,6.803809985285625
1790423713.4238183,24.006193998502567
1790423713.4243376,16.3310150092002
1790423713.4244165,31.765207997523248
1790423713.4280224,1.578501018229872
1790423713.4311764,27.52168700681068
1790423713.43209,32.963234989438206
1790423713.4323723,21.746265003457665
1790423713.4324398,4.260218003764749
1790423713.4340549,1.417936000507325
1790423713.4341748,40.186725003877655
1790423713.4360027,1.2052390084136277
1790423713.4381213,1.3641559926327318
1790423713.4418538,1.6934010200202465
1790423713.443546,2.3553220089524984
1790423713.4437191,65.43000999954529
1790423713.444225,43.304530991008505
1790423713.4443195,33.016072993632406
1790423713.444868,40.05035801674239
1790423713.4457364,6.0898810042999685
1790423713.4458866,17.208998993737623
1790423713.446664,2.241462003439665
1790423713.446718,1.5187819954007864
1790423713.454587,1.436773018212989
1790423713.4550452,1.41341399285011
1790423713.4566185,1.2958489824086428
1790423713.4635005,1.157209975644946
1790423713.475905,2.3226630000863224
1790423713.4771001,2.4987669894471765
1790423713.4790366,1.246024010470137
1790423713.4800503,20.895738998660818
1790423713.4808764,11.072225985117257
1790423713.4809594,5.485834990395233
1790423713.483509,1.377405016683042
1790423713.4847593,1.3302279985509813
1790423713.4870958,22.669967002002522
1790423713.4877527,17.37364099244587
1790423713.4883265,12.23451498663053
1790423713.4883885,3.60601901775226
1790423713.4891353,1.3738670095335692
1790423713.4937282,2.0331720006652176
1790423713.4938471,1.6845330246724188
1790423713.4942203,1.1284580104984343
1790423713.4982893,1.1790200078394264
1790423713.5045824,1.2439060083124787
1790423713.5058942,1.3037390017416328
1790423713.5060756,11.663026991300285
1790423713.5077593,1.2870400096289814
1790423713.512929,1.9885500078089535
1790423713.5136817,1.7067449807655066
1790423713.5151036,9.844437008723617
1790423713.5151756,20.291446999181062
1790423713.5214489,1.1628599895630032
1790423713.528759,1.6945329844020307
1790423713.529093,1.4284450153354555
1790423713.5342438,22.833739989437163
1790423713.5343056,8.017754007596523
1790423713.5377166,1.3850800169166178
1790423713.5420465,1.2228439736645669
1790423713.5425413,1.202074985485524
1790423713.5450542,1.3160599919501692
1790423713.545342,1.1909599998034537
1790423713.5483353,1.248231012141332
1790423713.5496054,1.2611690035555512
1790423713.5550797,2.353718999074772
1790423713.5558774,2.1219970076344907
1790423713.5565615,1.9063520012423396
1790423713.5684562,1.733071985654533
1790423713.5705295,1.8271379813086241
1790423713.5731122,23.576779989525676
1790423713.573191,17.303992004599422
1790423713.5733254,2.784796990454197
1790423713.5853648,24.94456199929118
1790423713.5861082,15.100062999408692
1790423713.5862746,26.3185570074711
1790423713.5924156,1.5460630238521844
1790423713.5940635,1.3294520031195134
1790423713.5957308,26.390303013613448
1790423713.5962625,9.931147011229768
1790423713.596339,2.058723010122776
1790423713.598252,8.11041600536555
1790423713.598527,26.84361400315538
1790423713.5989602,1.9440919859334826
1790423713.5992208,1.470475021051243
1790423713.6025329,1.0736309923231602
1790423713.604279,1.2203409860376269
1790423713.60481,1.1047210136894137
1790423713.6065378,1.6376150015275925
1790423713.6110666,1.2612479913514107
1790423713.6150305,1.213662006193772
1790423713.6180546,1.2582159833982587
1790423713.6250799,1.790065987734124
1790423713.631542,10.255955974571407
1790423713.6316328,22.295347007457167
1790423713.6430197,1.5689770225435495
1790423713.6460032,23.21434998884797
1790423713.6460876,24.231253017205745
1790423713.648706,24.58150000893511
1790423713.6494017,1.4720640028826892
1790423713.6531625,1.801524980692193
1790423713.6553192,19.03068201499991
1790423713.6584482,2.658893004991114
1790423713.6592016,2.3081589897628874
1790423713.660249,27.6847799832467
1790423713.660704,8.80119699286297
1790423713.660788,3.349339996930212
1790423713.6642134,1.2884839961770922
1790423713.6673298,1.4806989929638803
1790423713.6710155,1.9028109963983297
1790423713.6727552,17.88623697939329
1790423713.6734028,11.735693988157436
1790423713.673637,3.469811985269189
1790423713.6736994,27.390583010856062
1790423713.6793783,1.1452239996287972
1790423713.6817808,1.551893976284191
1790423713.6826103,1.5766549913678318
1790423713.6988251,21.005307004088536
1790423713.6990142,2.9621720022987574
1790423713.6990914,22.879338008351624
1790423713.699386,1.8698569911066443
1790423713.7087967,1.1833170137833804
1790423713.7104294,1.1695550056174397
1790423713.7132685,1.9338830024935305
1790423713.7133806,2.5002280017361045
1790423713.713815,1.3583739928435534
1790423713.7156854,1.0707390028983355
1790423713.7193203,1.130755990743637
1790423713.722736,1.1897769873030484
1790423713.7265694,1.2217969924677163
1790423713.730397,1.1719859903678298
1790423713.7359078,1.2133390118833631
1790423713.745929,1.3782420137431473
1790423713.7632728,21.74042200203985
1790423713.7633998,22.76915800757706
1790423713.7677405,1.439646992366761
1790423713.770044,22.379789996193722
1790423713.7724435,1.3735760003328323
1790423713.7789583,22.06847700290382
1790423713.7795956,25.436084979446605
1790423713.779662,6.787438003811985
1790423713.7818003,1.6904679941944778
1790423713.7821202,1.521862024674192
1790423713.788539,26.49388398276642
1790423713.7886703,25.092337018577382
1790423713.7887576,15.31594997504726
1790423713.7894416,3.0105470214039087
1790423713.789505,2.6256359997205436
1790423713.7936575,1.2973599950782955
1790423713.7942736,1.2963369954377413
1790423713.797116,1.1683949851430953
1790423713.801606,1.2757970253005624
1790423713.8035195,1.151749020209536
1790423713.8102534,2.003958012210205
1790423713.8103745,1.7066290020011365
1790423713.8113096,1.4426549896597862
1790423713.8196044,1.3601270038634539
1790423713.820173,1.3868690002709627
1790423713.8261855,1.1233940022066236
1790423713.831979,19.755491986870766
1790423713.8323395,21.627350011840463
1790423713.8388898,1.380728994263336
1790423713.843381,3.6466430174186826
1790423713.843918,3.655457025161013
1790423713.8439813,3.005999024026096
1790423713.8489575,2.4301350058522075
1790423713.849962,1.8928009958472103
1790423713.8555825,16.45517599536106
1790423713.8557887,28.513322002254426
1790423713.8566506,6.164004997117445
1790423713.8575487,13.2515279983636
1790423713.8584988,1.8380289839114994
1790423713.8610542,1.4552869834005833
1790423713.8690844,23.626209003850818
1790423713.8693445,16.024984972318634
1790423713.869994,28.13375199912116
1790423713.8700697,4.969948000507429
1790423713.876441,21.395285992184654
1790423713.8769798,25.05622900207527
1790423713.8770936,10.99106899346225
1790423713.8814478,3.6230080004315823
1790423713.8815029,22.88489299826324
1790423713.8931928,1.1949889885727316
1790423713.8971748,1.198985002702102
1790423713.8984172,1.1601029837038368
1790423713.9050424,1.1008250003214926
1790423713.9077415,16.564225021284074
1790423713.9082625,23.430480010574684
1790423713.9083457,7.736730010947213
1790423713.913523,1.4599630085285753
1790423713.917617,15.289554983610287
1790423713.918198,22.929645027033985
1790423713.919811,2.1830170007888228
1790423713.9206696,1.490762020694092
1790423713.935049,1.3447550009004772
1790423713.9367049,1.4336339954752475
1790423713.9403112,17.931626993231475
1790423713.9403768,22.168771014548838
1790423713.9461133,18.286456004716456
1790423713.9461794,22.388696001144126
1790423713.9504101,1.6939430206548423
1790423713.9512281,1.5606969827786088
1790423713.9531708,1.161096995929256
1790423713.957235,1.3556979829445481
1790423713.96119,1.1857709905598313
1790423713.9634821,1.1147020268253982
1790423713.970374,2.603561006253585
1790423713.970758,1.9821370078716427
1790423713.9712882,1.414999016560614
1790423713.9740584,1.1656499991659075
1790423713.9823956,1.2420940038282424
1790423713.9881072,1.6028799873311073
1790423713.9881728,2.225149015430361
1790423713.9903457,1.7537169915158302
1790423713.9934664,1.0441550111863762
1790423713.9957042,1.5371140034403652
1790423713.9966938,1.8825570004992187
1790423713.9999545,1.3513329904526472
1790423714.0075119,1.4741490012966096
1790423714.0101287,1.3260269770398736
1790423714.012655,23.612151999259368
1790423714.0127575,14.665969007182866
1790423714.0128367,23.29248801106587
1790423714.0141816,1.1049839959014207
1790423714.0227413,1.592618995346129
1790423714.0233667,1.6808610234875232
1790423714.0237694,1.3607110013253987
1790423714.0322196,1.1909370077773929
1790423714.0384316,1.2855890090577304
1790423714.047816,1.6227570013143122
1790423714.0484586,1.378709013806656
1790423714.049853,20.838519994867966
1790423714.0501068,13.591050985269248
1790423714.0501595,1.3344440085347742
1790423714.0518668,1.1076999944634736
1790423714.064308,1.6126919945236295
1790423714.06501,1.4625290059484541
1790423714.066248,1.2283129908610135
1790423714.071106,1.355093001620844
1790423714.075881,1.3421809999272227
1790423714.0779788,1.5636789903510362
1790423714.0793586,21.23222901718691
1790423714.0800278,12.033270002575591
1790423714.0805311,2.230526995845139
1790423714.0828698,1.5563819906674325
1790423714.0955882,2.3470819869544357
1790423714.0971963,2.863617002731189
1790423714.0976772,18.163692991947755
1790423714.098535,3.149001015117392
1790423714.098626,22.69951198832132
1790423714.1021814,2.0180570136290044
1790423714.1036637,1.3382910110522062
1790423714.110615,1.6581149830017239
1790423714.119368,7.6392719929572195
1790423714.1201143,23.95530100329779
1790423714.1208591,5.242228013230488
1790423714.1210017,31.773634982528165
1790423714.1425714,31.897302978904918
1790423714.1426246,29.200427990872413
1790423714.1459267,24.555940995924175
1790423714.1528094,32.68241000478156
1790423714.1532228,28.574336000019684
1790423714.1546311,25.771674001589417
1790423714.1556005,38.210145983612165
1790423714.1567488,5.819748999783769
1790423714.1569817,12.551086983876303
1790423714.161608,48.66046900860965
1790423714.1617968,59.98404900310561
1790423714.163706,46.8437839881517
1790423714.1651998,20.074977015610784
1790423714.1653461,41.135897976346314
1790423714.1654265,26.936946000205353
1790423714.1763215,36.87056098715402
1790423714.177928,40.4495139955543
1790423714.1779919,30.189231998519972
1790423714.1791258,8.949754992499948
1790423714.179511,4.653437994420528
1790423714.1856368,13.653806003276259
1790423714.1865342,6.741060002241284
1790423714.186632,31.020171009004116
1790423714.1876843,2.0370149868540466
1790423714.1945896,58.48569900263101
1790423714.1950433,35.19279099418782
1790423714.1953194,4.374579002615064
1790423714.1958263,23.294250015169382
1790423714.1958995,15.413663990329951
1790423714.1959655,72.63794701430015
1790423714.1960971,33.940476016141474
1790423714.1964717,4.395950003527105
1790423714.1974905,2.1596169972326607
1790423714.1989706,1.4715050056111068
1790423714.1993248,1.3139289803802967
1790423714.2016344,55.697401985526085
1790423714.2016945,32.46289800154045
1790423714.2022789,28.060183016350493
1790423714.2036953,72.92564900126308
1790423714.2037618,30.585692002205178
1790423714.203968,3.2315000134985894
1790423714.2040358,10.308819997590035
1790423714.204111,20.205770997563377
1790423714.2092488,1.272207999136299
1790423714.2104957,1.1454909981694072
1790423714.2134957,1.101829984690994
1790423714.2149978,1.1040690005756915
1790423714.2247124,2.1390760084614158
1790423714.2253048,1.3106810220051557
1790423714.2310066,1.1736539890989661
1790423714.2368267,21.334121003746986
1790423714.236939,14.44727397756651
1790423714.2376013,2.016856014961377
1790423714.2413826,1.1011709866579622
1790423714.2454715,1.1351050052326173
1790423714.2481654,1.109346019802615
1790423714.2524755,1.4926069998182356
1790423714.2540798,1.5956300194375217
1790423714.25473,1.3691279746126384
1790423714.2585008,20.64811799209565
1790423714.2588115,22.461463988292962
1790423714.258871,8.547568024368957
1790423714.2677436,1.172981021227315
1790423714.2784116,1.8239819910377264
1790423714.2935872,3.740931017091498
1790423714.2937067,19.51565101626329
1790423714.2938995,30.648812011349946
1790423714.2939801,15.557197999441996
1790423714.298053,23.243718984303996
1790423714.2984116,22.602923010708764
1790423714.3005598,16.35319899651222
1790423714.3016105,10.881653986871243
1790423714.3016996,32.086441991850734
1790423714.3050027,18.801142985466868
1790423714.305099,8.431224996456876
1790423714.305175,33.31801400054246
1790423714.3088295,1.4948179887142032
1790423714.310201,1.357937988359481
1790423714.313154,25.241441995603964
1790423714.3134477,33.859994990052655
1790423714.3135076,14.64400501572527
1790423714.321197,1.4994610100984573
1790423714.325721,18.887030018959194
1790423714.3266573,26.938049995806068
1790423714.3267307,3.718830004800111
1790423714.3324528,1.55663798796013
1790423714.3433588,27.718687982996926
1790423714.343464,19.97644201037474
1790423714.343527,4.251512000337243
1790423714.3460608,21.63369397749193
1790423714.3464768,6.3873809995129704
1790423714.3465552,27.94292601174675
1790423714.3506021,2.211995015386492
1790423714.3508773,1.8893569940701127
1790423714.3568544,1.4142949949018657
1790423714.360359,23.917689017252997
1790423714.3608348,25.151303998427466
1790423714.3615232,10.18039698828943
1790423714.3616602,14.984784997068346
1790423714.361738,20.002242003101856
1790423714.3623085,28.834052005549893
1790423714.3623626,12.221523997141048
1790423714.3808532,1.3404309866018593
1790423714.385856,19.777640991378576
1790423714.386514,2.0803700026590377
1790423714.386578,1.7441230011172593
1790423714.3883297,21.324739995179698
1790423714.3888066,9.798487008083612
1790423714.3888726,2.000211999984458
1790423714.3946714,1.487851986894384
1790423714.3952987,1.289784995606169
1790423714.4031334,2.8471600089687854
1790423714.4047358,23.713383998256177
1790423714.405297,12.602520000655204
1790423714.4053543,4.356547025963664
1790423714.4247327,1.6753239906392992
1790423714.4263377,23.70891600730829
1790423714.42839,29.296469991095364
1790423714.4291427,3.3322809904348105
1790423714.4297676,20.346132980193943
1790423714.4307234,28.781834000255913
1790423714.430809,4.049987997859716
1790423714.4349566,1.5661139914300293
1790423714.4380574,29.45339001598768
1790423714.4383447,21.439777017803863
1790423714.4387243,11.095782014308497
1790423714.4436533,1.4338990149553865
1790423714.4495308,17.231442994670942
1790423714.4587774,6.124831998022273
1790423714.4588554,26.149625016842037
1790423714.459209,27.771007997216657
1790423714.4595654,7.454217993654311
1790423714.459647,34.840273001464084
1790423714.4617035,25.564627983840182
1790423714.4617782,7.357719005085528
1790423714.4677637,1.9767640042118728
1790423714.4684446,1.4085390139371157
1790423714.4707682,1.5378249809145927
1790423714.4715018,1.0966900154016912
1790423714.472076,1.1181419831700623
1790423714.4737384,1.1672329856082797
1790423714.4752655,1.0253250075038522
1790423714.4787025,1.1677240254357457
1790423714.4805858,1.1462859984021634
1790423714.4816859,1.0923389927484095
1790423714.4827433,1.0504640231374651
1790423714.484954,1.0487740219105035
1790423714.4871087,1.081697002518922
1790423714.4888523,1.0535329929552972
1790423714.4929814,1.1278600140940398
1790423714.4984074,1.1242699983995408
1790423714.507146,1.594674016814679
1790423714.511159,1.3079910131637007
1790423714.5129273,1.388203992974013
1790423714.5131912,1.2067650095559657
1790423714.5231304,2.2259890101850033
1790423714.523366,1.5377860108856112
1790423714.5241525,1.5571020194329321
1790423714.5270388,1.1214330152142793
1790423714.5305228,1.1856470082420856
1790423714.532105,1.0880609916057438
1790423714.5338342,1.2886429904028773
1790423714.534064,1.1094759975094348
1790423714.5355837,1.068640995072201
1790423714.5393262,1.0999850055668503
1790423714.549454,1.2940640153829008
1790423714.552202,1.257494994206354
1790423714.565348,1.7087379819713533
1790423714.5670357,1.6762670129537582
1790423714.573635,1.5169079997576773
1790423714.5742347,13.015142001677305
1790423714.574569,5.483337008627132
1790423714.5746331,24.727704003453255
1790423714.577287,24.984183022752404
1790423714.5777955,15.27247397461906
1790423714.5779092,7.001304009463638
1790423714.5779696,2.9474259936250746
1790423714.5782485,2.525301999412477
1790423714.5886986,2.4220139894168824
1790423714.5991335,6.447002990171313
1790423714.599631,1.4633059909101576
1790423714.6057549,1.6424760106019676
1790423714.6061618,1.5846790047362447
1790423714.6146843,22.411158977774903
1790423714.6150298,7.5145839946344495
1790423714.621273,1.7294360150117427
1790423714.6221278,1.6392989782616496
1790423714.6372724,1.6131270094774663
1790423714.6428533,3.3747139968909323
1790423714.6508212,9.175443992717192
1790423714.6512148,25.222292984835804
1790423714.6524024,2.344742009881884
1790423714.6663346,21.770224993815646
1790423714.6733093,25.854549021460116
1790423714.6743925,34.4470469863154
1790423714.676679,35.82113399170339
1790423714.6773753,11.710264981957152
1790423714.677514,20.15612999093719
1790423714.6776252,30.960218980908394
1790423714.6779945,2.520469977753237
1790423714.682729,24.76764898165129
1790423714.6849718,36.75325901713222
1790423714.6863098,6.333337019896135
1790423714.686385,24.766445014392957
1790423714.6867166,35.35173198906705
1790423714.6867986,13.158314017346129
1790423714.6869152,5.254239018540829
1790423714.6870227,33.30681400257163
1790423714.6870868,15.260236017638817
1790423714.688149,2.8533220174722373
1790423714.6902134,26.890376990195364
1790423714.690506,1.8027180049102753
1790423714.6936138,1.481718005379662
1790423714.6967816,41.58026902587153
1790423714.6968668,22.144377988297492
1790423714.6975703,3.034452995052561
1790423714.6976368,14.660108980024233
1790423714.7095652,1.502791012171656
1790423714.7150733,25.74576297774911
1790423714.7171078,4.765869991388172
1790423714.7171896,14.656978019047529
1790423714.7173243,29.12472398020327
1790423714.717676,18.922682997072116
1790423714.717776,4.110270994715393
1790423714.7228158,1.1933149944525212
1790423714.7255447,10.67286601755768
1790423714.7256749,25.371780997375026
1790423714.7257633,18.22890801122412
1790423714.7263803,1.3456309970933944
1790423714.7310588,1.2940869783051312
1790423714.7356617,17.197531007695943
1790423714.7357202,22.681478003505617
1790423714.739011,1.1734329746104777
1790423714.7468684,1.5305179986171424
1790423714.7535052,1.351550017716363
1790423714.756487,16.282998985843733
1790423714.7567663,23.600893007824197
1790423714.7575436,1.7324580112472177
1790423714.7676198,2.340485982131213
1790423714.774687,24.919500021496788
1790423714.7748487,8.979439007816836
1790423714.7803285,25.485652004135773
1790423714.781048,5.785609013400972
1790423714.7892284,1.7969640030059963
1790423714.7947466,30.062770005315542
1790423714.7964802,14.847388985799626
1790423714.7993011,6.647557980613783
1790423714.7995188,6.168883002828807
1790423714.799663,4.845353978453204
1790423714.8005698,3.4955079900100827
1790423714.8021886,3.6239339970052242
1790423714.8044555,19.937789998948574
1790423714.8054578,32.194479019381106
1790423714.8067582,12.51188199967146
1790423714.8068697,5.272130016237497
1790423714.8084416,1.85593098285608
1790423714.8102775,1.3979779905639589
1790423714.8124866,1.3933840091340244
1790423714.8181999,1.7485040007159114
1790423714.8188868,1.766678993590176
1790423714.8251023,19.104495993815362
1790423714.8254642,12.054036022163928
1790423714.8262615,2.2774749959353358
1790423714.826829,25.787538004806265
1790423714.8276458,4.261587018845603
1790423714.8287466,1.573596993694082
1790423714.8317719,2.772854990325868
1790423714.8319943,2.481314993929118
1790423714.8326247,1.4542589779011905
1790423714.836192,1.4372309960890561
1790423714.837675,1.2954919948242605
1790423714.8417406,1.5588640235364437
1790423714.8420608,1.3962110097054392
1790423714.8441586,17.887308989884332
1790423714.8472166,25.35985500435345
1790423714.8474526,8.53581100818701
1790423714.8478434,17.6489669829607
1790423714.8481283,3.4398339921608567
1790423714.8482397,2.6184989837929606
1790423714.849053,1.5908280038274825
1790423714.8506951,1.128692994825542
1790423714.857291,1.5826669987291098
1790423714.8586829,1.3801719760522246
1790423714.858973,1.2012500083073974
1790423714.8662822,2.028898015851155
1790423714.8676333,2.4417009844910353
1790423714.8712566,1.5092100074980408
1790423714.8768682,1.301474985666573
1790423714.878687,1.602150994585827
1790423714.8856194,11.639528995146975
1790423714.8868344,8.94099401193671
1790423714.886933,23.142054997151718
1790423714.8877845,1.5031200018711388
1790423714.8920848,1.376503991195932
1790423714.8941371,23.62941700266674
1790423714.8942182,10.407349007437006
1790423714.8942907,19.805357995210215
1790423714.8949118,2.2715909872204065
1790423714.8967314,1.5706789854448289
1790423714.9037902,2.480039023794234
1790423714.9045687,2.111570007400587
1790423714.9048297,1.497523015132174
1790423714.9103787,12.432154006091878
1790423714.910565,21.206471021287143
1790423714.9131544,1.312268024776131
1790423714.9241714,22.29434801847674
1790423714.9245293,3.7258000229485333
1790423714.9412117,3.9521589933428913
1790423714.9437954,16.30805598688312
1790423714.945671,7.151634024921805
1790423714.9459329,36.75276998546906
1790423714.947129,3.316835005534813
1790423714.9476867,3.2867119880393147
1790423714.9488657,18.042456009425223
1790423714.9495,9.996573004173115
1790423714.9528654,36.659646983025596
1790423714.959601,4.1668000048957765
1790423714.9636214,36.99540998786688
1790423714.9642608,32.651482993969694
1790423714.9644868,5.749323987402022
1790423714.9646213,8.447658008662984
1790423714.964693,23.465808015316725
1790423714.9654853,5.078362999483943
1790423714.9660735,5.799236998427659
1790423714.966216,3.737705003004521
1790423714.9717555,2.814356004819274
1790423714.9719057,3.6541309964377433
1790423714.9778092,16.192028997465968
1790423714.9779136,20.50484501523897
1790423714.978129,33.188469999004155
1790423714.9782093,7.118091976735741
1790423714.982843,1.7782509967219085
1790423714.9845822,1.7280200263485312
1790423714.990722,3.1877369910944253
1790423714.9933038,4.935199016472325
1790423714.9933813,4.052450996823609
1790423714.9936981,3.6045830056536943
1790423714.993941,17.724714998621494
1790423714.9940646,27.062237000791356
1790423714.994147,2.7007559838239104
1790423715.0001495,2.1187599922996014
1790423715.0009856,1.7359210178256035
1790423715.0025246,2.3658580030314624
1790423715.0042582,3.0873609939590096
1790423715.004916,2.917102014180273
1790423715.0090318,2.134525013389066
1790423715.0093057,1.7885470006149262
1790423715.0114272,1.97106201085262
1790423715.012341,1.489935995778069
1790423715.015494,12.556586996652186
1790423715.0178285,1.809902023524046
1790423715.0192826,1.8654760206118226
1790423715.0273407,17.413223977200687
1790423715.027443,23.936916986713186
1790423715.0279248,2.0116659870836884
1790423715.0279858,2.6981850096490234
1790423715.0373185,2.0872939785476774
1790423715.0376594,1.7928270099218935
1790423715.0407457,1.878982991911471
1790423715.0455754,2.3936720099300146
1790423715.047693,3.297749994089827
1790423715.0481527,1.7779959889594465
1790423715.0770922,21.515093016205356
1790423715.0772243,9.858694014837965
1790423715.0773883,33.521885983645916
1790423715.0774806,3.9108899945858866
1790423715.0781484,21.923836990026757
1790423715.0786917,32.928736007306725
1790423715.0795135,10.477264993824065
1790423715.0808008,38.73447299702093
1790423715.0845218,2.6885070255957544
1790423715.0963278,41.514526994433254
1790423715.0967097,25.93894599704072
1790423715.0983875,13.527830014936626
1790423715.0987823,5.532455019420013
1790423715.0998316,40.621799998916686
1790423715.1029193,51.223053014837205
1790423715.1052012,65.41641298099421
1790423715.1052973,40.34924801089801
1790423715.1111856,38.79718700773083
1790423715.1138642,17.14087399886921
1790423715.1140149,26.56159599428065
1790423715.1146777,35.97073900164105
1790423715.114757,13.26518101268448
1790423715.1196487,1.8759169906843454
1790423715.121905,33.149552007671446
1790423715.1220808,32.62209199601784
1790423715.1225255,23.73013799660839
1790423715.123132,12.809712992748246
1790423715.1266592,3.5158969985786825
1790423715.1287367,28.636931005166844
1790423715.1289313,17.010787007166073
1790423715.1342893,10.646720009390265
1790423715.1345117,38.1673589872662
1790423715.1356316,77.79369101626799
1790423715.1359704,49.285995977697894
1790423715.1366162,42.607119015883654
1790423715.137516,36.58488401561044
1790423715.1376555,4.286842013243586
1790423715.1377788,34.79288998642005
1790423715.137935,25.272036000387743
1790423715.1447065,3.1288500176742673
1790423715.1467009,3.9032289932947606
1790423715.151033,26.589641987811774
1790423715.1511443,7.858311990275979
1790423715.1512136,13.268938026158139
1790423715.1667714,23.043568013235927
1790423715.1675062,26.47644601529464
1790423715.1679518,9.845988999586552
1790423715.168135,14.369582990184426
1790423715.168236,29.289009980857372
1790423715.169099,2.317200996913016
1790423715.1723433,27.628052019281313
1790423715.17393,31.819216994335875
1790423715.1741123,9.948934020940214
1790423715.1743646,4.335598001489416
1790423715.1744297,28.6549850134179
1790423715.174493,26.447640993865207
1790423715.1751587,12.647736992221326
1790423715.175659,4.6503679768648
1790423715.1765203,1.7927049775607884
1790423715.1796145,1.2581229966599494
1790423715.1806364,14.427282003453001
1790423715.1809454,8.592224010499194
1790423715.1810045,27.712033013813198
1790423715.1855485,2.7307810087222606
1790423715.1858394,2.5646289868745953
1790423715.1860182,2.1662910003215075
1790423715.1871383,1.1121730203740299
1790423715.189322,1.1827800190076232
1790423715.195271,1.2679259816650301
1790423715.2014236,1.2579939793795347
1790423715.2048378,19.87853698665276
1790423715.204908,8.240175026003271
1790423715.2070322,1.2742589751724154
1790423715.2147865,15.904361993307248
1790423715.2162569,3.718810999998823
1790423715.2163384,24.006568011827767
1790423715.2205162,20.768129004864022
1790423715.2211707,5.554067000048235
1790423715.2212706,23.660569975618273
1790423715.2228508,2.1840239933226258
1790423715.2233512,1.870431995484978
1790423715.2313578,1.5973550034686923
1790423715.232097,14.327994984341785
1790423715.232666,25.18003201112151
1790423715.2327466,10.468391003087163
1790423715.233832,14.633787010097876
1790423715.2342088,9.233930002665147
1790423715.2342746,25.0868950097356
1790423715.2364328,1.4422340027522296
1790423715.238383,1.9408879743423313
1790423715.2392128,2.1265910181682557
1790423715.2394698,1.6443259955849499
1790423715.2412431,1.423014997271821
1790423715.244624,1.141069020377472
1790423715.2462406,1.1904459970537573
1790423715.256707,1.7384430102538317
1790423715.2578702,1.7980489938054234
1790423715.258457,1.2911670200992376
1790423715.2662454,1.2796329974662513
1790423715.2787697,1.2315339990891516
1790423715.2821357,2.267565985675901
1790423715.28259,2.3076450161170214
1790423715.2897143,1.425483002094552
1790423715.2916317,1.6234699869528413
1790423715.2920058,1.5385989972855896
1790423715.2933507,16.30495101562701
1790423715.293465,22.96551500330679
1790423715.2935345,12.752998009091243
1790423715.3053415,1.8024099990725517
1790423715.3087351,1.4260229945648462
1790423715.310689,1.4044900017324835
1790423715.3209417,1.7743589996825904
1790423715.3260949,22.21952800755389
1790423715.3270292,7.044287020107731
1790423715.3276541,16.452618991024792
1790423715.331454,32.945778977591544
1790423715.3319926,26.31061800639145
1790423715.3326416,20.83233799203299
1790423715.333177,31.61034799995832
1790423715.3338442,10.460874007549137
1790423715.3347883,8.513381995726377
1790423715.336685,24.300628021592274
1790423715.34555,19.44341999478638
1790423715.34709,22.393864986952394
1790423715.3529785,18.68942700093612
1790423715.3573606,46.56281502684578
1790423715.3627734,22.394664003513753
1790423715.3638153,32.81461601727642
1790423715.3639042,4.0627020061947405
1790423715.3689213,33.41283099143766
1790423715.3693037,25.348246010253206
1790423715.3694282,36.24261199729517
1790423715.3695006,5.464373010909185
1790423715.371272,35.22011000313796
1790423715.3729398,1.3366340135689825
1790423715.3803313,40.54867001832463
1790423715.3830316,1.2957990111317486
1790423715.3842995,35.146708018146455
1790423715.3846457,55.61613300233148
1790423715.3851502,14.4597009930294
1790423715.385219,40.5132090090774
1790423715.3869715,41.22392399585806
1790423715.387375,59.502835996681824
1790423715.387733,20.6573519972153
1790423715.3878136,44.59763900376856
1790423715.3915298,1.253346010344103
1790423715.393492,1.1588749766815454
1790423715.395583,1.2986639922019094
1790423715.3960855,1.3975150068290532
1790423715.3978631,1.7675409908406436
1790423715.3987017,1.574396010255441
1790423715.399048,1.1757960019167513
1790423715.4012933,1.1495600047055632
1790423715.403023,1.0447299864608794
1790423715.4043164,1.1990980128757656
1790423715.4047718,1.213816984090954
1790423715.4083781,1.9249440229032189
1790423715.4084916,2.475112007232383
1790423715.4089346,1.779000012902543
1790423715.4144008,1.7505279975011945
1790423715.417051,1.2655709870159626
1790423715.418953,1.1652969988062978
1790423715.4206727,1.3317959965206683
1790423715.4264789,1.5861369902268052
1790423715.4268212,1.460842991946265
1790423715.4309344,2.0255440031178296
1790423715.4368176,22.300153999822214
1790423715.4369924,7.555805001175031
1790423715.4370704,15.82880798378028
1790423715.4387553,1.2001919967588037
1790423715.4414997,2.1367360022850335
1790423715.442605,2.3969670000951737
1790423715.442671,1.6502189973834902
1790423715.4462674,1.3554379984270781
1790423715.4521096,2.4107849749270827
1790423715.4526353,2.365441992878914
1790423715.4526906,1.7508399905636907
1790423715.4547582,1.685957977315411
1790423715.468381,1.33498600916937
1790423715.47504,1.1974319932051003
1790423715.4781034,1.2506539933383465
1790423715.483893,2.3870019940659404
1790423715.4847028,2.051552990451455
1790423715.4850936,1.6733369848225266
1790423715.490535,1.1142540024593472
1790423715.5011182,2.5411800015717745
1790423715.505981,2.318294020369649
1790423715.5096834,25.485609978204593
1790423715.5109434,4.65631001861766
1790423715.5110817,3.605231991969049
1790423715.5139198,5.490387004101649
1790423715.5140982,19.33173800352961
1790423715.514901,3.6503660085145384
1790423715.5306816,33.746874978533015
1790423715.5314655,25.071570998989046
1790423715.5322325,19.375650997972116
1790423715.5325613,36.96165498695336
1790423715.53264,14.25930901314132
1790423715.5374367,1.7301600018981844
1790423715.5376587,24.4069570035208
1790423715.537765,20.260508987121284
1790423715.5399325,29.461491998517886
1790423715.540275,21.329859999241307
1790423715.5415318,3.2765229989308864
1790423715.5440826,29.647527000634
1790423715.5443246,9.411119011929259
1790423715.5468068,31.637384003261104
1790423715.547346,35.4757460008841
1790423715.547803,4.650491988286376
1790423715.5481412,23.696290998486802
1790423715.5489686,3.040864015929401
1790423715.5492785,2.4594049900770187
1790423715.549349,5.0146910070907325
1790423715.5548534,1.3445020013023168
1790423715.5611458,1.1936849914491177
1790423715.5640883,19.202776020392776
1790423715.5645492,23.98916002130136
1790423715.5646124,7.305553997866809
1790423715.5870066,14.770319976378232
1790423715.5887496,6.441356992581859
1790423715.5888317,21.67468800325878
1790423715.5948484,11.817096994491294
1790423715.5949137,24.959658010629937
1790423715.5969248,20.51376801682636
1790423715.5987687,1.5536760038230568
1790423715.5998373,15.946394007187337
1790423715.6022127,4.535328014753759
1790423715.6023347,21.38228199328296
1790423715.602523,12.45077300700359
1790423715.6028547,27.107695990707725
1790423715.6029243,28.14237799611874
1790423715.603421,4.054619988892227
1790423715.60348,2.163372002542019
1790423715.6060593,1.153352000983432
1790423715.6094258,1.2727930152323097
1790423715.6124783,1.155104982899502
1790423715.6241317,20.37425900925882
1790423715.6242504,8.458836004137993
1790423715.6243732,24.10309700644575
1790423715.6277862,1.4054500206839293
1790423715.631245,2.0235039992257953
1790423715.6344693,3.8089870067778975
1790423715.6353734,2.112002985086292
1790423715.6387484,15.780561981955543
1790423715.6388707,26.2206640036311
1790423715.63946,3.3291190047748387
1790423715.639577,2.248136996058747
1790423715.639664,7.71850798628293
1790423715.6529083,1.3471109850797802
1790423715.6557894,1.4892210019752383
1790423715.6569405,24.2626839899458
1790423715.6573694,14.937264000764117
1790423715.6574368,26.060019998112693
1790423715.6596942,1.2697810016106814
1790423715.6683865,21.97146599064581
1790423715.6688418,24.843653984135017
1790423715.66892,3.213014017092064
1790423715.6831408,1.5812500205356628
1790423715.684328,22.461112996097654
1790423715.6844156,11.628788022790104
1790423715.6874778,1.4042879920452833
1790423715.6908247,17.422674980480224
1790423715.6910179,24.708812998142093
1790423715.6911554,3.4437169961165637
1790423715.693353,4.110003006644547
1790423715.6947348,4.926672001602128
1790423715.6949086,4.482896998524666
1790423715.69506,3.5812380083370954
1790423715.6953557,3.478515980532393
1790423715.695628,2.2663340205326676
1790423715.705013,1.0310059878975153
1790423715.706721,1.5054229879751801
1790423715.707835,1.741418003803119
1790423715.7106152,1.1132749787066132
1790423715.7184184,1.0650519980117679
1790423715.7215276,1.5949599910527468
1790423715.7266014,1.947368000401184
1790423715.7326338,1.1206229974050075
1790423715.7423742,1.9642839906737208
1790423715.7491083,21.720160002587363
1790423715.7493203,24.2375019879546
1790423715.7494094,8.300985005917028
1790423715.7541132,24.806731002172455
1790423715.75428,6.51285401545465
1790423715.754384,26.00883401464671
1790423715.754675,2.0492830080911517
1790423715.7571788,1.4490369940176606
1790423715.7581453,1.9552129961084574
1790423715.759352,25.122140999883413
1790423715.7599466,10.291111015249044
1790423715.7600048,2.6181449939031154
1790423715.7702248,1.9044229993596673
1790423715.7712204,2.2503900108858943
1790423715.7712758,1.957941014552489
1790423715.773752,1.0567429999355227
1790423715.7831469,11.17134201922454
1790423715.7832308,22.01241097645834
1790423715.78332,15.744556993013248
1790423715.7841666,2.493359992513433
1790423715.7848153,1.3172689941711724
1790423715.785886,1.062558003468439
1790423715.7919497,2.243405004264787
1790423715.7921307,2.013991994317621
1790423715.7925248,1.7633849929552525
1790423715.796138,1.1885830026585609
1790423715.7994676,1.1509500036481768
1790423715.8005095,1.0343640169594437
1790423715.8078291,1.2038740096613765
1790423715.8083389,1.1880510137416422
1790423715.8093975,1.049857004545629
1790423715.8107429,1.1147159966640174
1790423715.8129046,1.1269369861111045
1790423715.8212016,1.5331149916164577
1790423715.8252366,1.3879589969292283
1790423715.8336515,20.61038900865242
1790423715.8342025,11.388298007659614
1790423715.837564,1.5406640013679862
1790423715.8424542,23.3224059920758
1790423715.8425198,19.10346298245713
1790423715.8427987,1.6081710055004805
1790423715.8608947,25.347657996462658
1790423715.861332,4.2436239891685545
1790423715.862793,4.281207016902044
1790423715.862861,24.958801019238308
1790423715.8646984,1.3405790086835623
1790423715.8721862,1.4389680000022054
1790423715.877832,13.125138997565955
1790423715.877918,22.897863993421197
1790423715.8826497,1.3704370066989213
1790423715.88421,24.916549009503797
1790423715.8842778,2.4913650122471154
1790423715.8843348,16.41387800918892
1790423715.888271,1.3898629986215383
1790423715.891061,1.1402269883546978
1790423715.892394,1.1394570174161345
1790423715.9008973,1.4202260063029826
1790423715.9034896,20.736101985676214
1790423715.9038,16.43574598710984
1790423715.9038906,1.936379005201161
1790423715.92287,25.44895900064148
1790423715.922935,16.110058000776917
1790423715.9275417,12.284005992114544
1790423715.9293408,21.96078101405874
1790423715.9302883,1.59243299276568
1790423715.9316266,30.14094301033765
1790423715.934418,30.414947017561644
1790423715.934495,20.2944359916728
1790423715.9376543,1.3355970149859786
1790423715.9403915,24.456998013192788
1790423715.9489105,1.2308570148888975
1790423715.9516473,1.3378950243350118
1790423715.9522204,1.1665789934340864
1790423715.9544961,1.1217290011700243
1790423715.957633,1.4644740149378777
1790423715.9579182,1.3167419820092618
1790423715.9591556,1.227934000780806
1790423715.9610531,1.4248299994505942
1790423715.9639175,1.16770199383609
1790423715.9748945,2.7108789945486933
1790423715.9772499,1.674305007327348
1790423715.9792554,1.2755600037053227
1790423715.9871504,1.8382269772700965
1790423715.9967773,23.850500001572073
1790423715.997113,23.73426698613912
1790423715.997365,5.792918993392959
1790423716.0031579,1.4099949912633747
1790423716.0047667,22.045063000405207
1790423716.0048373,7.172034005634487
1790423716.0068498,1.698742009466514
1790423716.0074792,1.5573450073134154
1790423716.0093393,1.193456002511084
1790423716.0116332,1.4604809985030442
1790423716.0162864,1.2265370169188827
1790423716.0218372,1.3427980011329055
1790423716.0237744,1.2151800037827343
1790423716.0307128,19.717507995665073
1790423716.0312793,1.340371003607288
1790423716.0379357,2.089874993544072
1790423716.0384393,2.0817140175495297
1790423716.0384924,1.6279910050798208
1790423716.0452356,1.3388870283961296
1790423716.0458028,1.1741619964595884
1790423716.0471368,1.1470489844214171
1790423716.0518205,1.5601770137436688
1790423716.0523653,1.2305389973334968
1790423716.068179,1.4897410001140088
1790423716.0684955,11.353607987985015
1790423716.0732532,1.3179680099710822
1790423716.0758424,1.2136549921706319
1790423716.0776193,21.029523020843044
1790423716.0776794,1.565907004987821
1790423716.0814753,1.8022439908236265
1790423716.0817373,1.6316899855155498
1790423716.0867467,4.390147980302572
1790423716.0871575,3.8661010039504617
1790423716.0873368,4.542666021734476
1790423716.0878808,5.934887012699619
1790423716.0879838,2.4436610110569745
1790423716.088258,4.252270999131724
1790423716.094215,1.0924919915851206
1790423716.1076176,14.964022993808612
1790423716.1135035,1.467531023081392
1790423716.1168296,26.101013994775712
1790423716.1169317,3.1016250140964985
1790423716.1195848,25.21678598714061
1790423716.1200697,5.627267004456371
1790423716.1206279,2.240881003672257
1790423716.1240382,1.2546220095828176
1790423716.1276906,1.6559729992877692
1790423716.1324165,21.92071999888867
1790423716.132873,14.856926980428398
1790423716.1340866,4.528285993728787
1790423716.1342113,30.990833009127527
1790423716.1344867,1.6008309903554618
1790423716.1401842,1.31283700466156
1790423716.143791,1.5066509949974716
1790423716.146125,1.6576200141571462
1790423716.1525626,1.3344479957595468
1790423716.1588895,21.49856399046257
1790423716.1589534,13.547465001465753
1790423716.1611593,1.1870369780808687
1790423716.169118,1.7381070065312088
1790423716.1693885,1.2522050237748772
1790423716.172926,1.4588680060114712
1790423716.175072,1.253491995157674
1790423716.1785114,1.3986590201966465
1790423716.1821554,12.235566013259813
1790423716.191351,1.4690300158690661
1790423716.1940837,14.945525006623939
1790423716.1941557,23.526967997895554
1790423716.1994812,1.678792992606759
1790423716.20082,11.767408985178918
1790423716.2136722,26.88851999118924
1790423716.2143073,11.244547989917919
1790423716.2143962,28.120451024733484
1790423716.218784,3.06953999097459
1790423716.2188807,30.289839021861553
1790423716.2199194,25.40787900215946
1790423716.2204826,1.5096979914233088
1790423716.2235763,1.3131879968568683
1790423716.2322853,1.4532619970850646
1790423716.2375896,2.074879012070596
1790423716.2499301,23.446373001206666
1790423716.2563605,12.850277998950332
1790423716.2646616,27.963881992036477
1790423716.2665796,40.62292299931869
1790423716.268118,23.774077999405563
1790423716.268723,34.6490990195889
1790423716.2693808,11.825673980638385
1790423716.2695947,44.48483098531142
1790423716.2696524,6.00430800113827
1790423716.2751517,26.935764006339014
1790423716.2761216,35.559356008889154
1790423716.2765024,30.308126006275415
1790423716.2769556,18.720693013165146
1790423716.2857192,24.10208000219427
1790423716.2880945,18.43411402660422
1790423716.2883704,43.322814017301425
1790423716.2891257,11.624279984971508
1790423716.2898526,27.547160018002614
1790423716.2902954,38.50316698662937
1790423716.2906454,20.27789899148047
1790423716.2913032,9.745893010403961
1790423716.2913942,43.86122900177725
1790423716.3007007,27.5782730022911
1790423716.303666,38.020483014406636
1790423716.306823,34.988208004506305
1790423716.3069532,22.64307701261714
1790423716.3079083,2.024631015956402
1790423716.3087692,34.758255002088845
1790423716.3100216,24.29264399688691
1790423716.3107162,38.272236997727305
1790423716.3107824,2.739318006206304
1790423716.314763,27.555848006159067
1790423716.314965,26.327635016059503
1790423716.3157172,1.8448220216669142
1790423716.3223877,22.464326000772417
1790423716.324683,27.3426310159266
1790423716.324769,9.042290999786928
1790423716.327041,1.6492629947606474
1790423716.3278592,1.857916999142617
1790423716.3346376,1.6107270203065127
1790423716.3353388,15.040746016893536
1790423716.3367949,3.2385719823651016
1790423716.3369396,24.84072800143622
1790423716.34423,1.7866019916255027
1790423716.3471084,1.3295670214574784
1790423716.3500094,11.260669998591766
1790423716.3501453,23.047669004881755
1790423716.350676,3.0871919880155474
1790423716.3601162,1.417614024830982
1790423716.3635805,27.290907019050792
1790423716.363712,23.60933300224133
1790423716.3638973,14.61231498979032
1790423716.3655744,3.7400829896796495
1790423716.3698723,5.72355798794888
1790423716.3699481,26.384456985397264
1790423716.3700147,3.389124001841992
1790423716.3702457,17.375705006998032
1790423716.371111,1.6467160021420568
1790423716.3713884,2.529418998165056
1790423716.3786087,21.85730598284863
1790423716.379388,30.475147999823093
1790423716.37995,15.142602002015337
1790423716.380008,3.2540439860895276
1790423716.3830137,2.395490009803325
1790423716.3833156,2.212862978922203
1790423716.3836646,1.7686389910522848
1790423716.3876517,1.2759200180880725
1790423716.398259,18.110717996023595
1790423716.398948,21.6601180145517
1790423716.39985,14.298231020802632
1790423716.3999915,2.3144320002757013
1790423716.4007702,1.4367270050570369
1790423716.4023745,1.595045003341511
1790423716.4093568,1.6984009998850524
1790423716.409646,1.448020979296416
1790423716.415913,2.4818899983074516
1790423716.4164178,2.278939005918801
1790423716.4176533,14.535698981489986
1790423716.4180148,25.315239996416494
1790423716.4186313,8.4248409839347
1790423716.4187043,3.9139349828474224
1790423716.4233127,1.3378119911067188
1790423716.4239712,1.3955849863123149
1790423716.4281256,7.781929016346112
1790423716.4285784,23.387413006275892
1790423716.4286454,16.514823015313596
1790423716.4291317,27.46889801346697
1790423716.4296343,3.519264020724222
1790423716.4315395,2.363476000027731
1790423716.431712,4.886050010100007
1790423716.4323256,2.475200017215684
1790423716.4323757,1.9741030118893832
1790423716.4346547,1.182797976071015
1790423716.437743,1.1306669912301004
1790423716.4445362,1.158372004283592
1790423716.4502606,2.0923989941366017
1790423716.4510682,1.9760699942708015
1790423716.4528065,1.202237996039912
1790423716.4558158,1.38005698681809
1790423716.4592774,1.303893979638815
1790423716.4637647,22.534415998961776
1790423716.4638877,14.084494992857799
1790423716.4671285,2.007542992942035
1790423716.477108,1.8492579984012991
1790423716.4808593,23.484342003939673
1790423716.4809709,15.168983984040096
1790423716.4826188,1.5541999891865999
1790423716.4871998,2.3098349920473993
1790423716.4891937,18.492130999220535
1790423716.49027,27.345513022737578
1790423716.4903407,4.573516023810953
1790423716.4961748,1.706846000161022
1790423716.500472,2.286684000864625
1790423716.5060833,18.249746004585177
1790423716.5068603,27.553442982025445
1790423716.5069575,7.686107011977583
1790423716.5095005,27.825758996186778
1790423716.5095823,20.37600800395012
1790423716.5151658,1.9567599811125547
1790423716.5212307,1.3843609776813537
1790423716.5255928,25.038735009729862
1790423716.525656,11.91953499801457
1790423716.528694,9.714282990898937
1790423716.5287898,25.670517003163695
1790423716.5292947,1.4076159859541804
1790423716.5347106,1.2719279911834747
1790423716.5418468,1.110237993998453
1790423716.5527248,1.3160989910829812
1790423716.5570862,1.5726029814686626
1790423716.557777,1.4963450084906071
1790423716.559756,1.1436810018494725
1790423716.563763,2.5805089971981943
1790423716.5640047,2.4178829917218536
1790423716.5671132,2.7324529946781695
1790423716.5673957,3.3810420136433095
1790423716.575168,6.601697998121381
1790423716.5869846,13.0998800159432
1790423716.591371,24.88074399298057
1790423716.592629,13.627539010485634
1790423716.596996,16.132878983626142
1790423716.6016984,10.312998987501487
1790423716.601799,33.79683999810368
1790423716.6025856,14.606827986426651
1790423716.6035142,10.361767985159531
1790423716.6036105,34.16493200347759
1790423716.6037006,20.0905260280706
1790423716.6110804,43.6695099924691
1790423716.6154556,50.39132901583798
1790423716.6198134,56.76833400502801
1790423716.6200178,44.56351598491892
1790423716.626017,41.36813498917036
1790423716.636861,19.17354398756288
1790423716.6378148,33.79280000808649
1790423716.6380045,26.907128019956872
1790423716.638964,7.496560021536425
1790423716.6391294,49.43340900354087
1790423716.6397026,4.382591985631734
1790423716.6405625,30.236733000492677
1790423716.6427336,22.100087982835248
1790423716.6433978,34.62477898574434
1790423716.6437027,5.683302006218582
1790423716.6489837,1.962874026503414
1790423716.651128,2.0075079810339957
1790423716.651479,79.7610729932785
1790423716.6550012,2.1783150150440633
1790423716.6569521,35.45848801149987
1790423716.6597507,2.0485459826886654
1790423716.660196,20.480569975916296
1790423716.6610425,4.770871018990874
1790423716.6611187,48.12309698900208
1790423716.6649609,1.5296750061679631
1790423716.6767797,1.973632985027507
1790423716.6822555,2.019288978772238
1790423716.684397,23.00640899920836
1790423716.6844993,3.515849995892495
1790423716.693503,2.146219019778073
1790423716.6990306,2.2232310147956014
1790423716.7003036,2.315574005478993
1790423716.7018363,16.480751015478745
1790423716.7020066,24.684925010660663
1790423716.7020855,2.6879450015258044
1790423716.7057345,1.5740740054752678
1790423716.7070088,2.148915984435007
1790423716.7078648,1.766563014825806
1790423716.7149835,2.045065979473293
1790423716.7158697,2.014381025219336
1790423716.715922,1.3758109998889267
1790423716.7206502,18.44660600181669
1790423716.7212903,12.904973002150655
1790423716.72141,26.68242101208307
1790423716.7214644,4.953193012624979
1790423716.722753,1.1488599993754178
1790423716.7289455,2.055955003015697
1790423716.7294586,2.062821004074067
1790423716.7299747,2.0369480189401656
1790423716.7302318,1.2780620018020272
1790423716.731833,1.4425809786189348
1790423716.7323,1.1369459971319884
1790423716.7358918,1.1012620234396309
1790423716.7392125,1.1658589937724173
1790423716.7425027,1.721125008771196
1790423716.7434192,1.5800029796082526
1790423716.7440586,1.327884994680062
1790423716.74536,1.193037023767829
1790423716.7534344,4.062827996676788
1790423716.7538755,3.7849989894311875
1790423716.7539778,3.092038008617237
1790423716.7589037,1.611939980648458
1790423716.7610836,1.8411199853289872
1790423716.7618144,1.4885819982737303
1790423716.7701876,2.0166420144960284
1790423716.7703142,2.6533289928920567
1790423716.773302,1.470846007578075
1790423716.7800605,28.37494798586704
1790423716.7801313,1.9692700006999075
1790423716.7827258,29.803311015712097
1790423716.7828093,9.042021003551781
1790423716.782883,19.926041015423834
1790423716.7845988,1.46606401540339
1790423716.788432,1.7932500049937516
1790423716.789054,1.329157006694004
1790423716.8116958,27.891608973732218
1790423716.8121936,12.7630970091559
1790423716.8126006,5.164484988199547
1790423716.8137503,5.765977984992787
1790423716.8164558,2.2843499900773168
1790423716.8196046,14.394518017070368
1790423716.8205113,27.71523001138121
1790423716.820818,12.229318992467597
1790423716.8209028,5.5223749950528145
1790423716.8246856,26.238785008899868
1790423716.826254,19.555153005057946
1790423716.826399,16.64338499540463
1790423716.8264956,4.590052005369216
1790423716.834287,23.804466996807605
1790423716.842255,9.901846991851926
1790423716.8423536,30.645480001112446
1790423716.8476768,1.5830699994694442
1790423716.8580225,33.010004000971094
1790423716.860348,30.278455989900976
1790423716.8608801,25.36140099982731
1790423716.86146,13.213969010394067
1790423716.8628447,26.72506801900454
1790423716.8633857,17.956487979972735
1790423716.8635664,35.36887501832098
1790423716.8649035,10.945895017357543
1790423716.8651395,3.6591490206774324
1790423716.8663802,2.9855210159439594
1790423716.8666892,2.5941939966287464
1790423716.8673468,1.4798509946558625
1790423716.874455,1.3369040098041296
1790423716.881145,1.58358397311531
1790423716.8833413,21.102653990965337
1790423716.8838437,14.608703000703827
1790423716.883926,25.88806999847293
1790423716.8903012,1.7109639884438366
1790423716.8984947,1.6265989979729056
1790423716.9086614,27.197520015761256
1790423716.9089818,10.333696991438046
1790423716.9090407,1.9988330022897571
1790423716.9175098,12.160879006842151
1790423716.917629,2.112037007464096
1790423716.9189453,23.86485697934404
1790423716.9196875,1.6519440105184913
1790423716.9210877,21.87727901036851
1790423716.9212556,27.131185022881255
1790423716.9218247,5.187317001400515
1790423716.92446,1.4055919891688973
1790423716.9266582,1.8226179818157107
1790423716.9277396,1.5491869999095798
1790423716.9404402,25.53268798510544
1790423716.9406047,8.425564999924973
1790423716.9411237,2.7707339904736727
1790423716.9412963,22.293132991762832
1790423716.9418423,1.8606609955895692
1790423716.9423983,1.6410980024375021
1790423716.943117,1.2663250090554357
1790423716.9445288,1.0658279934432358
1790423716.9466743,1.0444320214446634
1790423716.951942,2.1046079928055406
1790423716.9520109,1.7198550049215555
1790423716.9696302,16.18909099488519
1790423716.97915,26.200396998319775
1790423716.9831002,25.540253991493955
1790423716.9832885,15.585102984914556
1790423716.9853985,2.095345000270754
1790423716.9858277,25.120820995653048
1790423716.9863973,11.888098990311846
1790423716.9885874,1.6820110031403601
1790423716.9920611,1.7311989795416594
1790423716.995748,1.9554340105969459
1790423717.001649,1.6635539941489697
1790423717.0116322,12.259089999133721
1790423717.0245156,38.67504801019095
1790423717.0246038,31.429020018549636
1790423717.0251966,3.323157987324521
1790423717.025914,29.68053601216525
1790423717.0272653,2.0552119822241366
1790423717.0290785,1.5670089924242347
1790423717.0344687,31.978816987248138
1790423717.0369823,2.088803012156859
1790423717.037751,1.5855289821047336
1790423717.0464592,1.4951129851397127
1790423717.0470662,1.4633210084866732
1790423717.049574,1.2290930026210845
1790423717.0592003,1.4836799819022417
1790423717.0600157,1.5209669945761561
1790423717.062504,2.2937629837542772
1790423717.069952,1.4830839936621487
1790423717.072514,11.637254996458068
1790423717.0729911,21.331464988179505
1790423717.0731106,23.49718101322651
1790423717.0854394,17.50888701644726
1790423717.085547,23.682717990595847
1790423717.0902276,2.030157978879288
1790423717.1049078,32.33999299118295
1790423717.113611,17.558886000188068
1790423717.1422558,34.05099399969913
1790423717.1433837,51.943652011686936
1790423717.144244,48.87457599397749
1790423717.1495855,44.13485401892103
1790423717.1516006,51.81974600418471
1790423717.1516838,36.51212199474685
1790423717.15488,66.27219199435785
1790423717.1555536,39.185044006444514
1790423717.15648,59.535437991144136
1790423717.1576738,31.699640006991103
1790423717.1593106,54.38842499279417
1790423717.1608303,43.76873798901215
1790423717.1608787,31.932426994899288
1790423717.1609867,55.00988001585938
1790423717.1610868,35.67284299060702
1790423717.1614048,72.01133199851029
1790423717.1617951,27.19575900118798
1790423717.1620507,23.04634201573208
1790423717.1628695,32.698193012038246
1790423717.1632726,17.48819899512455
1790423717.1650593,46.11951898550615
1790423717.1655807,30.069505010033026
1790423717.1662805,25.930584990419447
1790423717.1664515,18.641952017787844
1790423717.1691043,75.22985199466348
1790423717.170404,37.377653003204614
1790423717.1707087,33.22249901248142
1790423717.1715324,28.960455994820222
1790423717.1716332,51.0756500007119
1790423717.1717598,13.115110981743783
1790423717.1730497,44.73174997838214
1790423717.1791072,1.654462976148352
1790423717.1846943,50.573719025123864
1790423717.184803,46.55804799403995
1790423717.1853569,48.86220602202229
1790423717.185707,41.45208600675687
1790423717.186077,16.809193999506533
1790423717.1861384,7.007770007476211
1790423717.192769,3.942378010833636
1790423717.1937559,4.389653011457995
1790423717.1951022,31.159807986114174
1790423717.1952245,20.00511801452376
1790423717.1957953,5.378010013373569
1790423717.1960828,16.43721599248238
1790423717.197591,4.49641197337769
1790423717.1985567,34.056336007779464
1790423717.1986258,15.329442016081885
1790423717.1991806,6.9523540150839835
1790423717.1992912,7.818529003998265
1790423717.2001028,24.114856991218403
1790423717.200399,1.7639540019445121
1790423717.201001,1.4305749791674316
1790423717.2153761,1.6471399867441505
1790423717.217703,1.5082059835549444
1790423717.2204719,18.234938994282857
1790423717.2205374,23.85717598372139
1790423717.2237065,1.2316269858274609
1790423717.2306254,22.604967991355807
1790423717.2310858,5.794635013444349
1790423717.2311678,25.839873997028917
1790423717.2371142,10.285700991516933
1790423717.2373211,22.5520970125217
1790423717.2378554,1.5092790126800537
1790423717.2412295,1.3478579930961132
1790423717.2492087,1.494621013989672
1790423717.2520797,27.171886002179235
1790423717.2524257,20.342004019767046
1790423717.2525656,6.611927994526923
1790423717.2530413,2.443436998873949
1790423717.255918,1.7000379739329219
1790423717.2572963,24.737677013035864
1790423717.257834,10.631233017193154
1790423717.2579458,28.66573497885838
1790423717.2588215,3.7535539886448532
1790423717.2703695,1.5308110159821808
1790423717.2742543,1.4948069874662906
1790423717.27623,26.393407984869555
1790423717.2763188,14.276977977715433
1790423717.2778258,13.820894004311413
1790423717.2787285,25.34073800779879
1790423717.2793677,2.890210977056995
1790423717.2803965,2.560844994150102
1790423717.2810638,2.27068699314259
1790423717.2813332,1.9573290192056447
1790423717.2840564,1.3712740037590265
1790423717.288409,1.5610739937983453
1790423717.298775,1.7311999981757253
1790423717.308008,17.285667010582983
1790423717.3096528,7.907495979452506
1790423717.3097448,26.35933901183307
1790423717.31276,2.0037450012750924
1790423717.3139236,20.70525399176404
1790423717.3140771,28.944666002644226
1790423717.3142257,8.592931990278885
1790423717.3160832,1.4627159980591387
1790423717.3191564,23.623588000191376
1790423717.3194218,29.99145901412703
1790423717.319719,13.270081981318071
1790423717.3267314,27.90398700744845
1790423717.3268209,19.554470985895023
1790423717.329549,1.6642500122543424
1790423717.3300767,1.4785760140512139
1790423717.3316746,1.3803800102323294
1790423717.338787,1.6362770111300051
1790423717.3400106,2.0113399950787425
1790423717.3429937,3.6766699922736734
1790423717.3431566,4.360358987469226
1790423717.3444512,3.4664810227695853
1790423717.344796,4.420543002197519
1790423717.3448553,2.5611519813537598
1790423717.347768,1.5599840262439102
1790423717.3528583,1.2995650176890194
1790423717.3581033,4.477701993891969
1790423717.3581865,4.012757999589667
1790423717.3724606,17.24221502081491
1790423717.3729334,1.7072400078177452
1790423717.382797,27.14831501361914
1790423717.3830435,25.537092005833983
1790423717.3833797,1.5087290084920824
1790423717.3844957,10.043574002338573
1790423717.384591,29.919752007117495
1790423717.3866553,20.03641301416792
1790423717.3867831,27.449170011095703
1790423717.3878741,3.01320300786756
1790423717.3880503,2.0064050040673465
1790423717.3894086,1.348855992546305
1790423717.391294,1.2713290052488446
1790423717.3947752,1.2410900089889765
1790423717.4088478,1.5585600049234927
1790423717.40931,1.4514810172840953
1790423717.413117,1.8393209902569652
1790423717.4208784,17.570015013916418
1790423717.4219847,23.237977002281696
1790423717.4226372,10.804495977936313
1790423717.422716,2.4223020009230822
1790423717.423493,1.345595985185355
1790423717.425439,1.2263350072316825
1790423717.4346986,18.84139102185145
1790423717.4350111,24.259660014649853
1790423717.435124,7.675088010728359
1790423717.4529743,5.009223998058587
1790423717.45309,20.424670015927404
1790423717.4531767,29.44351200130768
1790423717.453936,7.337549002841115
1790423717.462412,28.812612988986075
1790423717.4632368,27.520867995917797
1790423717.4642506,32.23716898355633
1790423717.4646683,29.313373001059517
1790423717.4654102,5.688814009772614
1790423717.4656694,8.712069015018642
1790423717.4809678,19.466255005681887
1790423717.4873095,22.484503977466375
1790423717.5051851,57.97173400060274
1790423717.5071573,6.296348001342267
1790423717.507239,16.87525599845685
1790423717.507425,40.97289199125953
1790423717.510159,42.8522790025454
1790423717.5107694,53.00618399633095
1790423717.5115392,2.0303500059526414
1790423717.5166304,25.07094800239429
1790423717.524344,63.63715202314779
1790423717.5253,27.71829898119904
1790423717.5261192,20.396792999235913
1790423717.526353,53.268880990799516
1790423717.5268383,25.23852398735471
1790423717.5274334,12.485596002079546
1790423717.528443,58.40661100228317
1790423717.5292258,59.68417500844225
1790423717.5321944,58.288116997573525
1790423717.532318,9.053843008587137
1790423717.5327704,33.21432598750107
1790423717.5330305,70.31792297493666
1790423717.5346074,27.06233400385827
1790423717.5361936,4.5480239787139
1790423717.53684,10.708871006499976
1790423717.5375307,13.68684897897765
1790423717.538681,7.609141001012176
1790423717.5388227,9.587242995621637
1790423717.5391123,10.617988999001682
1790423717.5400722,6.308400013949722
1790423717.540764,8.435035997536033
1790423717.5509973,1.4800930221099406
1790423717.5602303,1.4173559902701527
1790423717.5646749,27.132627001265064
1790423717.5650148,13.792599987937137
1790423717.5651982,34.83657701872289
1790423717.5655086,38.066158012952656
1790423717.5656588,25.578196975402534
1790423717.5657306,4.916847014101222
1790423717.5665565,4.7330429952126
1790423717.5671208,15.38042799802497
1790423717.5674508,34.410300984745845
1790423717.5686233,29.312942002434283
1790423717.56887,14.31867602514103
1790423717.569003,23.238054011017084
1790423717.5690782,6.480511976405978
1790423717.5700572,2.3397250042762607
1790423717.5714748,1.308534003328532
1790423717.5776381,1.5650709974579513
1790423717.5779877,1.454824989195913
1790423717.5852942,1.9206779834348708
1790423717.5853662,2.584515023045242
1790423717.5885906,1.3861250190529972
1790423717.591914,22.664305986836553
1790423717.5919971,9.642001008614898
1790423717.5934455,1.3430830149445683
1790423717.5994117,2.068136993329972
1790423717.600349,2.5277330132666975
1790423717.6070285,3.774023993173614
1790423717.6095226,5.734112986829132
1790423717.6117394,3.159301995765418
1790423717.612552,17.046581022441387
1790423717.6151059,20.050957013154402
1790423717.6152043,16.768893983680755
1790423717.615718,29.34568698401563
1790423717.6162784,12.095522979507223
1790423717.6163535,6.505845987703651
1790423717.6220686,19.56416599568911
1790423717.622622,33.168738009408116
1790423717.6228912,12.606652016984299
1790423717.6235988,18.645162985194474
1790423717.6246347,1.732967997668311
1790423717.629937,2.0658490248024464
1790423717.6347637,26.72610999434255
1790423717.6360545,30.08936799596995
1790423717.6362855,22.20960200065747
1790423717.637262,2.09763299790211
1790423717.6385195,18.566304992418736
1790423717.643546,1.6742669977247715
1790423717.6491876,27.871420024894178
1790423717.6492736,8.893132006051019
1790423717.6539326,25.154524017125368
1790423717.653996,12.820364005165175
1790423717.657436,2.4576389987487346
1790423717.6577294,2.0732810080517083
1790423717.663628,1.3468489923980087
1790423717.6661782,1.6098159831017256
1790423717.6665125,1.4343509974423796
1790423717.6757896,2.0706240029539913
1790423717.68016,17.131825006799772
1790423717.680738,24.38697498291731
1790423717.6810334,2.0030080049764365
1790423717.6810958,6.838847999460995
1790423717.6831539,1.3273019867483526
1790423717.6867044,1.436324993846938
1790423717.6964386,1.5199769986793399
1790423717.6989267,22.591548011405393
1790423717.6995149,12.800370022887364
1790423717.6995778,23.740105010801926
1790423717.70811,2.330627990886569
1790423717.711556,21.66838600533083
1790423717.712257,24.95008599362336
1790423717.713308,1.5935710107441992
1790423717.7244134,2.5198770163115114
1790423717.7269657,1.9176799978595227
1790423717.7280488,1.9502770155668259
1790423717.73203,9.172249003313482
1790423717.7338662,6.667117006145418
1790423717.7339668,27.3828890058212
1790423717.7370028,29.861732997233048
1790423717.7371995,13.437801972031593
1790423717.737765,2.726852981140837
1790423717.7444725,2.178593975258991
1790423717.7456365,1.645014010136947
1790423717.7579072,17.936349991941825
1790423717.758053,26.898420008365065
1790423717.7584512,4.972814000211656
1790423717.7603185,24.336991016753018
1790423717.7604575,10.51570801064372
1790423717.7606099,30.319700977997854
1790423717.7650003,1.440280000679195
1790423717.7712462,1.4545400044880807
1790423717.7864847,31.64286899846047
1790423717.7870438,12.827290018321946
1790423717.7872097,34.38745901803486
1790423717.792365,33.83707598550245
1790423717.7924743,16.081336012575775
1790423717.7925537,31.786389008630067
1790423717.7978861,29.476077004801482
1790423717.7979743,12.58346700342372
1790423717.8022962,1.6425329959020019
1790423717.802585,1.4348370023071766
1790423717.8067951,1.6905340016819537
1790423717.8218696,22.503580985357985
1790423717.8234963,28.868149005575106
1790423717.8236396,16.834526002639905
1790423717.8263721,1.5889479836914688
1790423717.8297112,1.557946001412347
1790423717.8349454,21.27564200782217
1790423717.8352966,27.93256100267172
1790423717.8381543,15.191863989457488
1790423717.8382246,27.281076996587217
1790423717.839766,1.4414019824471325
1790423717.8420475,1.4071050100028515
1790423717.845273,1.3867989764548838
1790423717.8489535,2.1279229840729386
1790423717.8500354,1.8488040077500045
1790423717.8539732,2.5142660015262663
1790423717.8549898,2.5324610178358853
1790423717.855564,2.1385920117609203
1790423717.8670988,25.03945800708607
1790423717.8674214,16.495266987476498
1790423717.8675838,5.434950988274068
1790423717.867706,11.991333012701944
1790423717.867827,31.697764003183693
1790423717.8703065,1.696607010671869
1790423717.8829427,1.8035300017800182
1790423717.8843977,27.84684198559262
1790423717.8853385,25.520115974359214
1790423717.8854613,9.125262004090473
1790423717.8855317,27.155668998602778
1790423717.8863575,31.50392699171789
1790423717.8865294,15.761065005790442
1790423717.8868346,3.587910992791876
1790423717.8878958,2.07598099950701
1790423717.8981545,1.5429780178237706
1790423717.898849,1.5864360029809177
1790423717.899497,1.3244430010672659
1790423717.906191,1.220767997438088
1790423717.9083202,1.276135997613892
1790423717.9096441,1.1824149987660348
1790423717.9105866,1.6576480120420456
1790423717.911586,1.6707720060367137
1790423717.9216125,1.460794999729842
1790423717.9332638,22.515302000101656
1790423717.9333508,10.252039995975792
1790423717.9351602,1.6264540026895702
1790423717.9355004,1.4173139934428036
1790423717.938192,1.3803960173390806
1790423717.9404266,1.3444499927572906
1790423717.9456382,1.589633000548929
1790423717.9459727,1.4442149840760976
1790423717.96194,1.5799420070834458
1790423717.9636962,25.095026998315006
1790423717.9640782,21.150608983589336
1790423717.9641948,2.1195999870542437
1790423717.979199,1.4998199767433107
1790423717.9814522,1.5117180009838194
1790423717.9819865,19.316561985760927
1790423717.982106,26.568820991087705
1790423717.9875998,1.7168509948533028
1790423717.9932423,1.4222489844541997
1790423717.996411,19.54889699118212
1790423717.9965444,25.737148011103272
1790423717.9966688,9.059125994099304
1790423717.9988132,1.3558139908127487
1790423718.0034711,1.5175330045167357
1790423718.013972,1.5844439913053066
1790423718.0223324,2.2423100017476827
1790423718.0236697,2.26925199967809
1790423718.0243387,25.05459700478241
1790423718.024989,2.197658992372453
1790423718.025065,6.388550013070926
1790423718.0433154,2.0344280055724084
1790423718.0677955,17.671055014943704
1790423718.0691836,16.945495997788385
1790423718.0752318,18.3228790119756
1790423718.0761886,3.674241015687585
1790423718.0762732,29.350733006140217
1790423718.078707,33.142172993393615
1790423718.0789423,13.343367987545207
1790423718.0834682,6.354782002745196
1790423718.0835736,30.74836399173364
1790423718.086131,1.5474169922526926
1790423718.0881712,38.64644799614325
1790423718.091604,2.5029540120158345
1790423718.0947955,1.3916940079070628
1790423718.0980709,2.288477000547573
1790423718.1004896,1.33782098419033
1790423718.1019204,36.97704800288193
1790423718.102195,20.115472987527028
1790423718.103696,49.44325299584307
1790423718.103762,60.31393801094964
1790423718.1040487,14.091144985286519
1790423718.1045017,7.277107011759654
1790423718.1056678,1.6092199948616326
1790423718.1071098,1.43202900653705
1790423718.1077652,23.933160002343357
1790423718.108282,27.464539976790547
1790423718.1085217,17.892079980811104
1790423718.108572,10.329076991183683
1790423718.1176143,2.12028602254577
1790423718.1176696,1.6797699790913612
1790423718.1189716,1.1764439987018704
1790423718.1244102,1.766476983902976
1790423718.1271172,1.4075390063226223
1790423718.1427922,1.8212480063084513
1790423718.1452012,1.4296970039140433
1790423718.1505651,10.415774013381451
1790423718.1518433,28.188603988382965
1790423718.1527698,4.74822599790059
1790423718.1528895,4.089793976163492
1790423718.154234,2.9889360012020916
1790423718.1543145,4.632594995200634
1790423718.1559045,2.491549006663263
1790423718.1568475,1.9750719948206097
1790423718.1584857,26.69757799594663
1790423718.1586096,13.078240008326247
1790423718.158683,8.105757995508611
1790423718.1587467,35.6282020220533
1790423718.1619372,1.2372930068522692
1790423718.1657941,1.5381580160465091
1790423718.16997,1.4824119862169027
1790423718.1830764,1.6746599867474288
1790423718.1849947,18.531354988226667
1790423718.1850634,21.569409989751875
1790423718.1896343,1.4233549882192165
1790423718.1944928,1.358611014438793
1790423718.1978712,22.146172006614506
1790423718.1990004,2.1694139868486673
1790423718.2009666,1.944793009897694
1790423718.2017026,1.5261289954651147
1790423718.205215,1.56403798609972
1790423718.205885,1.4814980095252395
1790423718.2087498,1.2466860061977059
1790423718.2120354,1.3498859771061689
1790423718.217133,1.8148279923480004
1790423718.2172,2.3081910039763898
1790423718.2212496,1.7395590257365257
1790423718.2230036,1.3284749875310808
1790423718.2268732,1.662003982346505
1790423718.2314854,1.6307939949911088
1790423718.2468972,26.368984021246433
1790423718.2476058,11.515774007420987
1790423718.2500343,1.7739460163284093
1790423718.252849,2.791572012938559
1790423718.256776,17.2059629985597
1790423718.2577503,1.7561810091137886
1790423718.2598124,1.5785629802849144
1790423718.2677512,17.155790992546827
1790423718.2747915,35.7765459921211
1790423718.2756977,14.17520799441263
1790423718.2760499,29.26126797683537
1790423718.2761905,23.939572012750432
1790423718.276386,12.183035985799506
1790423718.2765014,31.658161024097353
1790423718.2768612,3.230032976716757
1790423718.2809472,4.076788987731561
1790423718.2813714,3.990066994447261
1790423718.2815073,3.0505640024784952
1790423718.282756,2.358397003263235
1790423718.2833817,1.4890349993947893
1790423718.2920969,1.3683860015589744
1790423718.293776,1.5596990124322474
1790423718.2944522,22.564697021152824
1790423718.2972744,9.999317990150303
1790423718.2973957,31.75651901983656
1790423718.2975676,19.661560014355928
1790423718.2982924,2.33044900232926
1790423718.3002021,2.6253270043525845
1790423718.3044188,1.514828996732831
1790423718.3054905,2.0109479955863208
1790423718.3231447,29.1652700107079
1790423718.3232243,24.668411002494395
1790423718.3234487,17.784980009309947
1790423718.3240306,2.608985989354551
1790423718.3283272,28.11552499770187
1790423718.3311818,17.919138015713543
1790423718.3360882,29.880248999688774
1790423718.3465436,47.23185999318957
1790423718.346955,41.94308299338445
1790423718.3490837,35.055674001341686
1790423718.3501034,23.56632601004094
1790423718.3511746,39.058888010913506
1790423718.3577468,33.09753001667559
1790423718.3582096,16.645764000713825
1790423718.358306,11.255543999141082
1790423718.3590214,13.738195993937552
1790423718.3590968,23.834382998757064
1790423718.359173,7.481170003302395
1790423718.3639379,38.011647993698716
1790423718.3646657,31.829918996663764
1790423718.3653557,20.922997005982324
1790423718.3657587,16.471907001687214
1790423718.3658483,11.523638007929549
1790423718.3699772,21.496017987374216
1790423718.370715,20.19754098728299
1790423718.3711758,45.67930899793282
1790423718.3712935,2.4680500209797174
1790423718.3719862,18.41411998611875
1790423718.372604,29.413542011752725
1790423718.373248,1.7839470237959176
1790423718.373594,1.4696400030516088
1790423718.376991,33.142944012070075
1790423718.3770854,17.54305901704356
1790423718.3818252,1.329865015577525
1790423718.3852198,1.6198309895116836
1790423718.3855426,1.3927120016887784
1790423718.3900192,1.1869420122820884
1790423718.4012847,1.289587002247572
1790423718.4030173,19.951488997321576
1790423718.4031022,20.546399988234043
1790423718.4035387,11.357151990523562
1790423718.4071271,2.922650979598984
1790423718.4081955,2.5626519927755
1790423718.4132848,18.970974982948974
1790423718.414553,8.15648099523969
1790423718.4147236,24.268450011732057
1790423718.429255,24.582219979492947
1790423718.4294305,4.358912003226578
1790423718.4295099,22.02341001247987
1790423718.4362257,18.63993500592187
1790423718.441392,17.11333100683987
1790423718.44413,6.095846998505294
1790423718.444485,14.277222013333812
1790423718.4445753,28.360537020489573
1790423718.4455624,29.94224999565631
1790423718.4460697,15.192808001302183
1790423718.446198,32.26782800629735
1790423718.4463172,26.561570004560053
1790423718.4473646,1.752359006786719
1790423718.4621854,1.4626490010414273
1790423718.463802,1.6053459839895368
1790423718.4663632,1.5485910116694868
1790423718.4724536,1.3342129823286086
1790423718.478783,11.499035987071693
1790423718.478864,24.843829014571384
1790423718.4867134,1.5046399785205722
1790423718.4883308,1.4597340195905417
1790423718.492277,22.58802397409454
1790423718.4923556,23.805868986528367
1790423718.492855,2.3312720004469156
1790423718.494737,1.3919899938628078
1790423718.5021336,1.2227160041220486
1790423718.50468,1.2397220125421882
1790423718.505736,1.8452749936841428
1790423718.5103173,1.5222989895846695
1790423718.5107396,1.3739610149059445
1790423718.5122674,1.3210769975557923
1790423718.5185454,13.572696974733844
1790423718.5191138,21.621067018713802
1790423718.5191875,3.9308940176852047
1790423718.5335932,1.751239993609488
1790423718.5354705,14.820625016000122
1790423718.5355742,23.956841992912814
1790423718.539886,1.475566008593887
1790423718.5424953,1.3577159843407571
1790423718.5440955,20.314099005190656
1790423718.544152,24.09595501376316
1790423718.5494072,1.8961360037792474
1790423718.5502903,2.077463985187933
1790423718.550363,1.7123050056397915
1790423718.5524561,1.2766069849021733
1790423718.5530562,1.440210995497182
1790423718.554027,1.5626690001226962
1790423718.5545433,1.1643589823506773
1790423718.5615158,1.2770930188708007
1790423718.563881,1.4406880072783679
1790423718.5642807,1.4028209843672812
1790423718.5672932,1.5400639967992902
1790423718.567729,1.1892709881067276
1790423718.5725987,1.272323017474264
1790423718.572807,1.895647990750149
1790423718.5743744,1.1292690178379416
1790423718.5805447,1.2191339919809252
1790423718.5918348,1.3551719894167036
1790423718.599234,1.5195279847830534
1790423718.608943,1.8280369986314327
1790423718.6113403,1.8094689876306802
1790423718.612509,15.415628004120663
1790423718.6132445,25.184362020809203
1790423718.6133869,3.325753001263365
1790423718.6138542,2.3830390127841383
1790423718.6159546,1.9767019839491695
1790423718.6168253,1.7384489765390754
1790423718.619616,1.6215429932344705
1790423718.6229103,1.3590119779109955
1790423718.6313305,1.6458040045108646
1790423718.655519,5.184628011193126
1790423718.6571913,2.4613349814899266
1790423718.6592846,20.75099799549207
1790423718.6602378,31.707150978036225
1790423718.6609664,9.93685401044786
1790423718.662426,6.892884004628286
1790423718.665715,6.999719014856964
1790423718.665847,12.363468995317817
1790423718.6662128,33.81891699973494
1790423718.6663291,9.125514014158398
1790423718.6665628,31.703703018138185
1790423718.668178,15.677410003263503
1790423718.669296,2.6835890021175146
1790423718.67049,2.990998007589951
1790423718.6724958,1.5227560070343316
1790423718.6747313,1.3413309934549034
1790423718.6808822,1.5237379993777722
1790423718.6853027,1.4591029903385788
1790423718.6875713,26.176473998930305
1790423718.6898263,25.469853018876165
1790423718.6907275,14.482762984698638
1790423718.6907928,20.78663799329661
1790423718.6910408,6.673699012026191
1790423718.6912935,31.041946000186726
1790423718.6913626,22.63923001009971
1790423718.6914406,13.662868004757911
1790423718.6916888,29.196993011282757
1790423718.6917415,3.4984989906661212
1790423718.6941607,1.2876289838459343
1790423718.6996238,1.3017079909332097
1790423718.7038786,1.446370006306097
1790423718.7085955,1.6775169933680445
1790423718.7283216,27.661360014462844
1790423718.7284422,12.191900983452797
1790423718.7395165,27.185988990822807
1790423718.7395973,10.88635899941437
1790423718.7402751,26.296895986888558
1790423718.7403448,6.6320140031166375
1790423718.740864,2.2358499991241843
1790423718.744443,1.6555979964323342
1790423718.7523158,1.526683015981689
1790423718.7580822,1.537321979412809
1790423718.7640858,2.7474470261950046
1790423718.7641995,2.2231639886740595
1790423718.7742574,2.0675229898188263
1790423718.776869,2.598827995825559
1790423718.7888749,12.661686021601781
1790423718.788974,25.760821998119354
1790423718.7922988,25.149639026494697
1790423718.7924025,15.285880013834685
1790423718.7968342,1.528365013655275
1790423718.799953,1.7188859928864986
1790423718.8002765,1.4412890013772994
1790423718.8035972,23.15943400026299
1790423718.8037214,13.235104997875169
1790423718.8122573,1.5090060187503695
1790423718.8209789,6.470850988989696
1790423718.8210793,23.375476012006402
1790423718.8254614,1.7274710116907954
1790423718.8291526,26.26134900492616
1790423718.8292785,6.069816998206079
1790423718.830158,2.2330349893309176
1790423718.8316631,1.3390009989961982
1790423718.8364692,1.298859977396205
1790423718.8410847,1.44791099592112
1790423718.8459575,1.2558060116134584
1790423718.8485134,1.2275119952391833
1790423718.8538835,1.740745996357873
1790423718.854753,1.6938640037551522
1790423718.8573117,2.5489160034339875
1790423718.8598375,3.2839379855431616
1790423718.8599198,2.592952980194241
1790423718.8613777,1.9781470182351768
1790423718.8617043,1.6729340131860226
1790423718.870323,2.3811380087863654
1790423718.8724635,3.5119460080750287
1790423718.8725276,1.9549690186977386
1790423718.8727672,1.7789360135793686
1790423718.8744907,1.0718250123318285
1790423718.8855755,1.7556390084791929
1790423718.8868296,17.14948398876004
1790423718.887653,5.422468995675445
1790423718.8877757,26.836345001356676
1790423718.887858,2.2691749909427017
1790423718.8926265,1.5535580168943852
1790423718.9050114,26.037163013825193
1790423718.9051282,8.679988008225337
1790423718.905202,22.325041005387902
1790423718.9088738,11.69416299671866
1790423718.913587,24.927656981162727
1790423718.9143186,1.5812359924893826
1790423718.9169657,1.6506130050402135
1790423718.9173453,1.4995609817560762
1790423718.9185674,1.2147200177423656
1790423718.921569,1.2237420014571398
1790423718.9226341,1.058182999258861
1790423718.926379,1.0982690146192908
1790423718.935553,1.477276993682608
1790423718.943123,2.5704709987621754
1790423718.9494905,3.606025013141334
1790423718.9500973,1.6944959934335202
1790423718.9530013,13.180202018702403
1790423718.9598145,20.60078299837187
1790423718.960288,13.231430988525972
1790423718.960371,27.379124017897993
1790423718.9631174,1.6828460211399943
1790423718.9651856,1.5132309927139431
1790423718.971195,23.62691197777167
1790423718.971567,5.494998011272401
1790423718.9716358,30.571999988751486
1790423718.9806619,26.659215975087136
1790423718.9828436,10.019674024078995
1790423718.9837828,2.1092740062158555
1790423718.9885058,12.313017999986187
1790423718.9974804,24.17228600825183
1790423718.9984143,14.539071009494364
1790423718.9985573,29.041168018011376
1790423718.999348,1.8563719931989908
1790423719.0088892,18.6191700049676
1790423719.0103815,2.2491029812954366
1790423719.0117521,10.83602398284711
1790423719.0118341,35.08073999546468
1790423719.014665,4.4274950050748885
1790423719.0164602,23.435542010702193
1790423719.016548,36.369383975397795
1790423719.017793,12.54569401498884
1790423719.0181243,37.29577298508957
1790423719.0181966,5.06165498518385
1790423719.021858,25.77952601131983
1790423719.0227814,33.81059301318601
1790423719.0229807,16.91475199186243
1790423719.0237136,8.05604801280424
1790423719.025643,1.6307650075759739
1790423719.0329812,14.623405004385859
1790423719.0444212,18.4797820111271
1790423719.045283,12.844134005717933
1790423719.0453851,34.95415599900298
1790423719.0461094,22.95158099150285
1790423719.0510452,19.578995008487254
1790423719.0540578,24.247131979791448
1790423719.0545564,24.185379006667063
1790423719.0548291,21.248509001452476
1790423719.0549364,35.42875699349679
1790423719.0551178,12.426572997355834
1790423719.0552905,41.26561799785122
1790423719.0585349,37.26412999094464
1790423719.065301,3.4881609899457544
1790423719.0656626,36.9174070074223
1790423719.065775,3.4491590049583465
1790423719.0665329,13.198753003962338
1790423719.067211,3.965576004702598
1790423719.0793934,1.4347670075949281
1790423719.0834575,22.6899360131938
1790423719.0838482,18.533127004047856
1790423719.0841362,23.946469998918474
1790423719.0877905,1.3424869976006448
1790423719.0892718,1.2033820094075054
1790423719.0905797,1.0904929949901998
1790423719.1019819,1.3354409893509
1790423719.1071768,1.4752260176464915
1790423719.1172516,23.17127099377103
1790423719.1173637,19.713216985110193
1790423719.1203158,1.7499499954283237
1790423719.1245732,1.7142939905170351
1790423719.1332426,30.920748016797006
1790423719.133683,6.003913003951311
1790423719.135269,26.28044900484383
1790423719.135545,3.29881499055773
1790423719.1377585,1.3406630023382604
1790423719.1394987,1.292572997044772
1790423719.1416755,1.4255139976739883
1790423719.1433861,1.2555790017358959
1790423719.1462722,1.2883110030088574
1790423719.1497169,1.4704149798490107
1790423719.1507342,1.6881279880180955
1790423719.151323,1.2370760086923838
1790423719.1564906,1.4250050007831305
1790423719.1600633,1.2123840278945863
1790423719.169878,1.3050540001131594
1790423719.1732962,1.2942359899170697
1790423719.1749425,1.127386000007391
1790423719.1848032,1.4404510147869587
1790423719.1964917,1.8066269985865802
1790423719.1996646,1.7694080015644431
1790423719.2034256,1.4272160187829286
1790423719.2082374,1.3696610112674534
1790423719.2100227,22.325971978716552
1790423719.2101007,11.668045015539974
1790423719.2116477,1.2347649899311364
1790423719.2179096,1.2970899988431484
1790423719.2320662,1.5909269859548658
1790423719.2337072,1.5067300118971616
1790423719.2378056,1.738680002745241
1790423719.2458453,21.588289993815124
1790423719.2468402,23.931743984576315
1790423719.2496142,3.506491979351267
1790423719.2500923,1.901701994938776
1790423719.250635,4.774543980602175
1790423719.2506955,3.083866002270952
1790423719.2524483,1.6574710025452077
1790423719.252816,1.507349981693551
1790423719.2542167,1.238814991666004
1790423719.260056,1.4428629947360605
1790423719.2731445,2.272997022373602
1790423719.2864485,12.314341991441324
1790423719.2866108,29.30114700575359
1790423719.2903073,2.4855720112100244
1790423719.3009856,22.243298997636884
1790423719.3013275,32.27508801501244
1790423719.3022933,3.705195995280519
1790423719.3024378,18.4703060076572
1790423719.3027287,9.87606798298657
1790423719.30284,13.561418018070981
1790423719.3039453,31.655116996262223
1790423719.3064215,1.4602680166717619
1790423719.3171003,19.293240999104455
1790423719.3171968,28.51562001160346
1790423719.3173802,32.37528202589601
1790423719.317731,5.521843006135896
1790423719.329884,33.6180720187258
1790423719.3340616,53.33595600677654
1790423719.3399076,11.831094016088173
1790423719.3400385,27.25094699417241
1790423719.3405273,31.18704500957392
1790423719.3406403,21.744043013313785
1790423719.3407779,30.766138981562108
1790423719.3423462,13.187001022743061
1790423719.3460572,4.2266930104233325
1790423719.3509796,9.738601977005601
1790423719.35509,46.77202200400643
1790423719.3553338,44.581780006410554
1790423719.3559167,36.506411008303985
1790423719.3561413,12.712274998193607
1790423719.356292,25.559585978044197
1790423719.3570402,2.6085989957209677
1790423719.3585823,31.170251982985064
1790423719.359977,34.66619297978468
1790423719.360094,14.48688399977982
1790423719.36019,28.244445013115183
1790423719.3614643,2.1370000031311065
1790423719.3691933,1.909668993903324
1790423719.369482,1.6601899988017976
1790423719.3709393,19.5051210175734
1790423719.3764384,33.82007300388068
1790423719.3771658,27.065347996540368
1790423719.3774438,15.47053101239726
1790423719.3780608,29.29921998293139
1790423719.378126,14.589003985747695
1790423719.3791988,2.6063629775308073
1790423719.3796406,1.5052790113259107
1790423719.3847904,1.3362859899643809
1790423719.3926864,1.2530800013337284
1790423719.3951757,1.4710400137118995
1790423719.4066715,16.907514014746994
1790423719.4107728,24.004967999644578
1790423719.411172,14.839586016023532
1790423719.4121053,3.5736710124183446
1790423719.4168162,26.58993998193182
1790423719.4174,10.403067979495972
1790423719.4174783,7.323369005462155
1790423719.4255612,17.906516994116828
1790423719.4256449,21.940067992545664
1790423719.4280877,1.2904430041089654
1790423719.4317548,23.651388997677714
1790423719.4324481,21.664083003997803
1790423719.4335215,2.4227810208685696
1790423719.4341881,4.795315995579585
1790423719.4348426,1.8055989930871874
1790423719.4351664,1.4710180112160742
1790423719.4413967,1.5865879831835628
1790423719.4428587,1.2392079806886613
1790423719.446824,1.7326909874100238
1790423719.4468997,2.218766021542251
1790423719.4473917,1.2651360011659563
1790423719.4547808,1.255587994819507
1790423719.4629686,1.3537750055547804
1790423719.4646173,1.6407479997724295
1790423719.479602,1.4855990011710674
1790423719.4803424,1.5861619904171675
1790423719.4809632,1.242540980456397
1790423719.488277,1.4125049929134548
1790423719.4897249,1.1640179727692157
1790423719.4953408,1.8961570167448372
1790423719.499651,1.7267160001210868
1790423719.5034325,3.342461015563458
1790423719.5035467,2.5423170009162277
1790423719.503668,3.0918369884602726
1790423719.5047114,1.6437699960079044
1790423719.508399,3.044373996090144
1790423719.5094256,2.9436430195346475
1790423719.513937,1.3461839989759028
1790423719.5144525,6.655144999967888
1790423719.5217073,1.8060620059259236
1790423719.5219905,1.5030050126370043
1790423719.5285077,1.4176710101310164
1790423719.530912,7.343157980358228
1790423719.5309794,23.552301980089396
1790423719.5372677,1.4300209877546877
1790423719.5435874,1.3246489979792386
1790423719.5444715,1.6167800058610737
1790423719.5462074,1.4805230021011084
1790423719.5495465,1.395405997755006
1790423719.5632472,2.0005890110041946
1790423719.5650408,2.6857889897655696
1790423719.5652301,3.311217005830258
1790423719.5661051,1.4707070076838136
1790423719.5680544,1.7089319881051779
1790423719.569185,1.574505993630737
1790423719.5743964,1.1521390115376562
1790423719.5802608,1.7569010087754577
1790423719.59142,27.762707002693787
1790423719.5915859,23.39983099955134
1790423719.5972292,8.852539001964033
1790423719.5985184,10.646859998814762
1790423719.5987203,6.489458988653496
1790423719.5987952,7.196760008810088
1790423719.5996192,4.330789990490302
1790423719.6023595,2.4409159959759563
1790423719.6035526,2.2781350126024336
1790423719.6038914,1.521324011264369
1790423719.6051319,26.102017000084743
1790423719.6057005,16.332828003214672
1790423719.6057684,9.083926997845992
1790423719.6081553,1.6139739891514182
1790423719.6085534,1.4167659974191338
1790423719.6174111,1.4204510080162436
1790423719.6472507,32.95219299616292
1790423719.6474195,25.780708994716406
1790423719.6574163,30.010221002157778
1790423719.6709754,34.43638901808299
1790423719.671453,35.72293199249543
1790423719.6758523,50.47099498915486
1790423719.6847064,41.191917000105605
1790423719.6850722,67.3894850187935
1790423719.6863456,40.93465500045568
1790423719.686515,34.66055198805407
1790423719.6901395,27.332675002980977
1790423719.6902342,42.80365401064046
1790423719.691748,72.75536999804899
1790423719.6939094,37.68356397631578
1790423719.6953428,53.95090699312277
1790423719.7019565,77.34644401352853
1790423719.705371,54.37950900522992
1790423719.7082486,43.876761017600074
1790423719.7086887,38.699110999004915
1790423719.7091737,25.20646998891607
1790423719.7093897,54.3799479783047
1790423719.711607,79.55884502734989
1790423719.7133026,36.914792988682166
1790423719.713401,24.8664430109784
1790423719.7139018,30.890702997567132
1790423719.714089,14.660326996818185
1790423719.7181718,68.99282900849357
1790423719.7219718,39.95459899306297
1790423719.7270384,21.236400003544986
1790423719.7297206,35.37928898003884
1790423719.7298148,60.92586999875493
1790423719.730235,32.71922798012383
1790423719.7321599,71.20278899674304
1790423719.7330842,29.354967991821468
1790423719.73776,41.48612398421392
1790423719.7387254,53.638470999430865
1790423719.739862,23.46898999530822
1790423719.7447166,57.90290399454534
1790423719.7449062,26.407028984976932
1790423719.7461514,41.445987997576594
1790423719.7472997,45.2693649858702
1790423719.7475226,30.288930982351303
1790423719.748402,12.076523998985067
1790423719.7485225,6.4685019897297025
1790423719.7498174,42.524257994955406
1790423719.750009,6.755411013728008
1790423719.7501078,12.335454986896366
1790423719.7516198,36.70762598630972
1790423719.7528198,2.1169859974179417
1790423719.7583725,22.84510899335146
1790423719.7613683,37.66060899943113
1790423719.7615678,51.967486971989274
1790423719.7620108,22.71855398430489
1790423719.7621882,17.26820200565271
1790423719.7638245,1.622734998818487
1790423719.7641425,23.144140985095873
1790423719.7706194,51.54270998900756
1790423719.7709012,24.360893992707133
1790423719.7731783,4.116936004720628
1790423719.7734156,5.081659997813404
1790423719.8015587,29.685387999052182
1790423719.8018458,17.536354018375278
1790423719.802649,35.963442001957446
1790423719.8143992,19.5809580036439
1790423719.815596,37.33030098374002
1790423719.8160913,3.637751011410728
1790423719.8234916,51.38610801077448
1790423719.8246727,2.2060199989937246
1790423719.8249285,31.66146602598019
1790423719.8254864,23.626205016626045
1790423719.826404,42.840837995754555
1790423719.8264935,10.820827999850735
1790423719.8283513,1.6063980001490563
1790423719.829917,19.58610801375471
1790423719.838524,21.610210998915136
1790423719.8393042,32.97602999373339
1790423719.8394666,4.6190349967218935
1790423719.8406718,63.706030981848016
1790423719.841319,30.059070995775983
1790423719.8416235,32.932803995208815
1790423719.8422377,4.256376007106155
1790423719.842328,24.42217300995253
1790423719.846424,2.8831050149165094
1790423719.8465574,3.4872590040322393
1790423719.8543146,2.2028720122762024
1790423719.8630826,2.5214729830622673
1790423719.8727465,6.49571800022386
1790423719.8730407,26.339536998420954
1790423719.873115,1.692239980911836
1790423719.8736105,12.319598987232894
1790423719.8736775,28.55836000526324
1790423719.8766263,2.6224650209769607
1790423719.878536,3.440460015553981
1790423719.8840573,1.6203330014832318
1790423719.8844724,6.713707000017166
1790423719.8853824,18.538948002969846
1790423719.89503,18.984558002557606
1790423719.9034324,4.570157005218789
1790423719.9035864,26.722268987214193
1790423719.9134023,25.40468398365192
1790423719.91611,30.147400975693017
1790423719.9171472,4.944724001688883
1790423719.9177737,34.537997998995706
1790423719.9184558,50.79976099659689
1790423719.919102,17.618099984247237
1790423719.9191945,15.554648998659104
1790423719.9230804,9.580163983628154
1790423719.9242501,35.77651400701143
1790423719.924411,35.17705199192278
1790423719.924505,9.90271900082007
1790423719.9245942,16.031107981689274
1790423719.9291599,1.7824909882619977
1790423719.9398515,30.650605011032894
1790423719.9515312,35.91497000888921
1790423719.9522915,47.49563898076303
1790423719.9538138,33.5840169864241
1790423719.9539013,8.985934022348374
1790423719.9540172,20.837727992329746
1790423719.9541216,33.3038039971143
1790423719.9556916,26.30460698856041
1790423719.9574041,38.86921500088647
1790423719.9614632,26.09239099547267
1790423719.9664097,4.790505976416171
1790423719.9666903,32.73700599675067
1790423719.967047,16.162437008460984
1790423719.9731584,10.926076007308438
1790423719.9737327,37.32794799725525
1790423719.9751825,18.978726002387702
1790423719.975267,40.34285599482246
1790423719.9756265,12.001572002191097
1790423719.9764204,8.382794010685757
1790423719.9778786,8.361712010810152
1790423719.9781544,7.934356020996347
1790423719.9824383,3.6226619849912822
1790423719.984163,54.07137199654244
1790423719.9848714,46.86331099946983
1790423719.9852245,44.06671097967774
1790423719.9863656,28.778126987162977
1790423719.9871798,21.34249301161617
1790423719.9872668,69.48041100986302
1790423719.9887512,17.139101983048022
1790423719.9889839,9.167841984890401
1790423719.9911118,2.8475740109570324
1790423719.998948,24.38679098850116
1790423720.000486,24.846590997185558
1790423720.004927,35.977772990008816
1790423720.0050726,24.28808799595572
1790423720.007684,18.1844639882911
1790423720.0082018,17.711147986119613
1790423720.0087495,6.661888997768983
1790423720.0094087,36.18527398793958
1790423720.0094886,6.589635013369843
1790423720.0096872,23.309812997467816
1790423720.0118325,24.361880001379177
1790423720.0119567,12.45387300150469
1790423720.013443,1.35923401103355
1790423720.0154681,7.7733820071443915
1790423720.0155609,34.22686300473288
1790423720.017168,1.3493630103766918
1790423720.0280218,26.501405984163284
1790423720.0281847,19.424436992267147
1790423720.0285513,33.25690800556913
1790423720.0292904,6.819228990934789
1790423720.0293944,3.8409380067605525
1790423720.0300727,1.4780540077481419
1790423720.0325286,22.06969101098366
1790423720.0343094,28.425021999282762
1790423720.034403,9.603954007616267
1790423720.035198,1.4878660149406642
1790423720.0401738,1.4352989965118468
1790423720.043618,1.5284740075003356
1790423720.047175,1.4789380074944347
1790423720.0505054,23.71035801479593
1790423720.0505784,10.164896986680105
1790423720.0521097,1.4241730095818639
1790423720.0537982,1.4743680076207966
1790423720.068459,24.432620004517958
1790423720.0685372,11.288012989098206
1790423720.0740974,1.6681640117894858
1790423720.0749683,1.988327974686399
1790423720.080524,26.48287999909371
1790423720.0808842,11.229743016883731
1790423720.0917947,17.68450197414495
1790423720.1002464,22.279607015661895
1790423720.1004088,29.05887199449353
1790423720.1016924,20.292058994527906
1790423720.1022685,16.073301987489685
1790423720.102465,7.685054995818064
1790423720.1031523,34.11445699748583
1790423720.1138718,29.41882301820442
1790423720.1148036,29.474142007529736
1790423720.119513,21.645619999617338
1790423720.1196313,27.246283018030226
1790423720.119693,41.076533001614735
1790423720.1233292,34.23206100706011
1790423720.1294665,33.49421999882907
1790423720.1333563,19.174080982338637
1790423720.1347735,41.628102015238255
1790423720.135069,55.53959199460223
1790423720.13955,34.911561000626534
1790423720.1465514,30.105281010037288
1790423720.1471138,48.66503900848329
1790423720.1486518,42.92446098406799
1790423720.1513906,52.19605698948726
1790423720.1539235,76.8348740239162
1790423720.1561272,33.53003898519091
1790423720.1562428,27.627582021523267
1790423720.1569352,41.026393009815365
1790423720.157276,21.305186994140968
1790423720.1573617,9.657417016569525
1790423720.1600504,57.48216001666151
1790423720.1681938,42.17315401183441
1790423720.175041,51.441640011034906
1790423720.1763067,63.105075008934364
1790423720.1790786,58.158144005574286
1790423720.1796827,64.37922999612056
1790423720.1918192,36.847796000074595
1790423720.193478,34.1204300057143
1790423720.1938765,26.320745004341006
1790423720.1941931,47.0684609899763
1790423720.1950135,67.50365000334568
1790423720.1976507,21.244920004392043
1790423720.1980858,35.4094130161684
1790423720.1981583,53.957662981702015
1790423720.1983275,62.876176001736894
1790423720.1986117,66.69959399732761
1790423720.1987884,68.79184802528471
1790423720.1990983,74.15594000485726
1790423720.1993651,68.3611580170691
1790423720.201205,37.39558201050386
1790423720.2051494,65.23156398907304
1790423720.206232,42.98793597263284
1790423720.2063715,57.344506989466026
1790423720.2064567,44.939538987819105
1790423720.2143629,63.774465990718454
1790423720.2159493,35.68701999029145
1790423720.217416,45.57728799409233
1790423720.2193673,17.560451989993453
1790423720.2194366,7.220345985842869
1790423720.2196279,22.567031992366537
1790423720.2199676,3.431921999435872
1790423720.2200627,28.997305984376
1790423720.2274265,29.764070990495384
1790423720.2278764,33.671909011900425
1790423720.2279737,25.440737983444706
1790423720.2281623,15.28064999729395
1790423720.2283869,6.3492040208075196
1790423720.2284906,53.29319697921164
1790423720.2298484,29.580331989564
1790423720.2300074,37.17164398403838
1790423720.230749,24.15548701537773
1790423720.2322183,18.887045996962115
1790423720.2323859,8.807939011603594
1790423720.2325113,54.67172199860215
1790423720.2380812,2.390164998359978
1790423720.2401798,44.988848007051274
1790423720.2405481,39.3322340096347
1790423720.2416658,37.79053600737825
1790423720.2426598,17.70918400143273
1790423720.2432086,32.85606298595667
1790423720.2433188,6.28378801047802
1790423720.243415,29.60791898658499
1790423720.2463312,2.0841720106545836
1790423720.2466938,1.7426940030418336
1790423720.2573023,25.790259998757392
1790423720.257648,34.93440500460565
1790423720.2579238,10.555423999903724
1790423720.2590764,20.581579999998212
1790423720.2593656,24.71425599651411
1790423720.260216,16.678298998158425
1790423720.2603688,36.0961239784956
1790423720.2605696,9.466845978749916
1790423720.2606337,4.851068981224671
1790423720.2609131,2.9769540124107152
1790423720.2636812,1.2547099904622883
1790423720.2671936,1.3777679996564984
1790423720.2723627,1.128664007410407
1790423720.2738762,1.1584390013013035
1790423720.2793212,1.330205996055156
1790423720.2908266,1.6798199794720858
1790423720.2936132,1.7320100159849972
1790423720.2940414,23.75807799398899
1790423720.294907,25.227011006791145
1790423720.2950265,8.102246996713802
1790423720.2985775,2.2738150146324188
1790423720.2995021,1.646313990931958
1790423720.3048685,1.325356017332524
1790423720.3075957,1.4711459807585925
1790423720.3104126,1.391299010720104
1790423720.311001,1.4686210197396576
1790423720.3137298,25.80262700212188
1790423720.3140671,17.216036008903757
1790423720.315084,29.273123014718294
1790423720.315166,8.278430002974346
1790423720.3153913,1.3151169987395406
1790423720.3175128,1.6087580006569624
1790423720.3255663,1.6114269965328276
1790423720.3262649,1.6218789969570935
1790423720.3276837,1.408109994372353
1790423720.330625,1.179886021418497
1790423720.3351066,1.2793380010407418
1790423720.3382556,2.126350998878479
1790423720.3395796,16.200306999962777
1790423720.339777,22.683874994982034
1790423720.3402932,11.94061798742041
1790423720.3403535,2.7113260002806783
1790423720.346766,2.634678006870672
1790423720.346845,2.1907910122536123
1790423720.3472395,1.8825180013664067
1790423720.3545227,1.3656759983859956
1790423720.3628306,24.562525999499485
1790423720.3632758,12.78123099473305
1790423720.3633766,26.628112012986094
1790423720.3679671,1.8533789843786508
1790423720.3727841,1.5872030053287745
1790423720.3748257,22.811972012277693
1790423720.374909,23.564075003378093
1790423720.3808558,1.3114920002408326
1790423720.3923063,10.970182018354535
1790423720.3923886,31.843798991758376
1790423720.3958557,1.4886959979776293
1790423720.4128082,16.664288996253163
1790423720.4134483,29.180491983424872
1790423720.413689,35.014489985769615
1790423720.41488,3.5198509867768735
1790423720.417333,30.919372977223247
1790423720.4177902,35.85345600731671
1790423720.4185312,13.810848991852254
1790423720.4190822,28.245530993444845
1790423720.4205713,35.089476994471624
1790423720.4211645,8.341468987055123
1790423720.421752,12.599072011653334
1790423720.421883,3.3391750184819102
1790423720.424642,2.0651039958465844
1790423720.4247084,1.608174992725253
1790423720.4316084,2.25975300418213
1790423720.4317095,21.667712018825114
1790423720.431816,34.00662200874649
1790423720.431877,11.22390798991546
1790423720.4355745,1.35161800426431
1790423720.4370444,1.3599339872598648
1790423720.4384427,1.2438700068742037
1790423720.4412265,1.2064430047757924
1790423720.4428866,1.1549119953997433
1790423720.4467635,1.7710459942463785
1790423720.4473438,1.4947730232961476
1790423720.4493413,1.2636549945455045
1790423720.4503224,1.675834006164223
1790423720.4518304,2.0998570253141224
1790423720.4538927,2.5162050151266158
1790423720.45404,3.3234470174647868
1790423720.4545782,2.2738279949408025
1790423720.4548233,2.12317900150083
1790423720.477186,2.4173389829229563
1790423720.4827108,27.72957901470363
1790423720.4827964,2.0403309899847955
1790423720.4865267,26.54160701786168
1790423720.486607,24.84136601560749
1790423720.4887223,27.5751450099051
1790423720.4888115,31.08783400966786
1790423720.4892356,1.6159400111064315
1790423720.4944224,1.4411229931283742
1790423720.4959333,1.2789900065399706
1790423720.497802,1.5292150201275945
1790423720.4980664,1.3202150003053248
1790423720.5054748,2.100743993651122
1790423720.5083072,1.5852159995120019
1790423720.5105252,1.7997440008912235
1790423720.5170224,1.85044200043194
1790423720.5185235,2.0003739919047803
1790423720.5226545,17.036589997587726
1790423720.5325465,7.299650984350592
1790423720.534113,21.881708002183586
1790423720.5356026,12.386176997097209
1790423720.5366142,10.448144981637597
1790423720.5370913,23.21704602218233
1790423720.5374746,19.776647008256987
1790423720.5378532,32.969809020869434
1790423720.5382633,39.360806986223906
1790423720.5393448,12.715793011011556
1790423720.5397937,40.26552298455499
1790423720.540219,9.444424998946488
1790423720.5420787,7.953029009513557
1790423720.5424237,9.859886020421982
1790423720.5449781,4.746939986944199
1790423720.545544,3.958509012591094
1790423720.545975,1.9175070046912879
1790423720.5479467,1.7045479908119887
1790423720.5519876,27.58881202316843
1790423720.5580432,1.6258899995591491
1790423720.5613017,37.56470402004197
1790423720.5616817,26.060169009724632
1790423720.5625339,32.36304200254381
1790423720.562605,20.16941600595601
1790423720.5627441,9.296079981140792
1790423720.5629811,4.638802987756208
1790423720.5631208,24.791263014776632
1790423720.5653145,36.09360399423167
1790423720.5660493,23.038268991513178
1790423720.5661938,7.029038009932265
1790423720.5664644,12.061881978297606
1790423720.56711,2.7181070181541145
1790423720.567172,3.3818089868873358
1790423720.569369,1.9463409844320267
1790423720.5756958,14.002145995618775
1790423720.575764,20.225781976478174
1790423720.5759013,28.621726989513263
1790423720.5761623,4.581416986184195
1790423720.5816362,1.578647003043443
1790423720.582203,1.3705719902645797
1790423720.5952625,21.778063994133845
1790423720.5955477,11.72271600808017
1790423720.5957015,27.850546000991017
1790423720.5965507,3.4787440090440214
1790423720.5966308,2.91346397716552
1790423720.5993922,2.1938860008958727
1790423720.6000776,1.564366975799203
1790423720.60059,25.783157005207613
1790423720.6013007,3.5525310086086392
1790423720.6015954,15.374492009868845
1790423720.6016586,29.54397798748687
1790423720.6046138,1.3920440105721354
1790423720.6052244,1.333224994596094
1790423720.6119175,1.2118239828851074
1790423720.6248882,1.4257179864216596
1790423720.6274145,1.8725749978329986
1790423720.6280415,1.9483219948597252
1790423720.632739,14.875000022584572
1790423720.6328557,22.92532499996014
1790423720.6401901,1.9686949963215739
1790423720.6545613,1.9838059961330146
1790423720.6562893,7.3035839886870235
1790423720.6582167,12.071809003828093
1790423720.6702967,22.37137299380265
1790423720.671381,32.206653006142005
1790423720.674985,34.61570598301478
1790423720.6774056,23.811685998225585
1790423720.685289,27.89618101087399
1790423720.688808,25.072477001231164
1790423720.7143161,46.428625006228685
1790423720.719741,57.37985100131482
1790423720.7206779,46.55663401354104
1790423720.7207973,55.39383299765177
1790423720.7214346,61.235874018166214
1790423720.7253351,45.179734006524086
1790423720.7261744,34.54550000606105
1790423720.7282057,67.52976498682983
1790423720.728713,34.63972298777662
1790423720.729947,57.33465001685545
1790423720.730525,80.91578702442348
1790423720.7306402,55.228761018952355
1790423720.7310505,20.639708993257955
1790423720.7314768,8.080025989329442
1790423720.733719,44.771165994461626
1790423720.7346585,58.32194598042406
1790423720.735047,38.94971901900135
1790423720.7351663,10.746213025413454
1790423720.7352552,23.012261983240023
1790423720.7386005,3.2306390057783574
1790423720.7388089,2.8812040109187365
1790423720.7395203,38.42975301085971
1790423720.7404058,50.60439699445851
1790423720.7409754,26.50159498443827
1790423720.7414763,9.986385004594922
1790423720.7415617,3.890395979396999
1790423720.7490613,1.5133120177779347
1790423720.750677,1.5160699840635061
1790423720.752601,81.03309699799865
1790423720.754339,44.76201001671143
1790423720.7544246,62.11788300424814
1790423720.754948,61.55612799921073
1790423720.7552295,23.048805014695972
1790423720.7568548,13.545133988372982
1790423720.7579098,35.05859899451025
1790423720.759675,6.339044019114226
1790423720.7623932,4.25966500188224
1790423720.7626061,5.7412629830650985
1790423720.7629468,6.786104990169406
1790423720.766392,1.367605000268668
1790423720.7714841,26.17126001860015
1790423720.7718651,16.62231600494124
1790423720.7723055,4.187288985121995
1790423720.7725787,3.402461006771773
1790423720.7728786,13.745177013333887
1790423720.7729537,29.064625996397808
1790423720.773558,13.872665003873408
1790423720.777913,1.604138989932835
1790423720.7815523,1.9211870094295591
1790423720.791305,21.29921701271087
1790423720.7914653,11.233141995035112
1790423720.7915561,30.262943997513503
1790423720.794528,12.216144998092204
1790423720.7951543,20.719394990010187
1790423720.796131,14.566714002285153
1790423720.796251,29.397217003861442
1790423720.8049736,1.6165270062629133
1790423720.8067346,1.5623120125383139
1790423720.8128004,29.890770005295053
1790423720.8134966,1.8441560096107423
1790423720.8231769,26.70041300007142
1790423720.8242104,4.708688997197896
1790423720.824838,29.21210599015467
1790423720.827644,2.208249003160745
1790423720.828382,1.7347050015814602
1790423720.833473,1.8046689801849425
1790423720.8393967,19.094991992460564
1790423720.839523,10.0202230096329
1790423720.8400934,32.40339699550532
1790423720.8401732,9.760588000062853
1790423720.8407755,16.550088999792933
1790423720.8409262,32.68722401116975
1790423720.8448594,2.0601419964805245
1790423720.8470802,2.6631579967215657
1790423720.850948,1.519693003501743
1790423720.8568265,25.838021014351398
1790423720.8569088,28.311066998867318
1790423720.8571317,12.138638005126268
1790423720.857208,2.486777026206255
1790423720.8647616,19.110813998850062
1790423720.8648462,24.53031501499936
1790423720.8662155,1.2679079954978079
1790423720.871475,1.433155994163826
1790423720.8780742,3.14855101169087
1790423720.8794644,2.5251360202673823
1790423720.879539,3.5148090100847185
1790423720.8816965,1.7158330010715872
1790423720.8839345,1.6075180028565228
1790423720.8852592,2.1967059874441475
1790423720.8909507,20.454520999919623
1790423720.8915522,24.390687991399318
1790423720.8916593,14.113286975771189
1790423720.8917274,6.955832010135055
1790423720.8947134,1.2820300180464983
1790423720.8966851,1.5463909949176013
1790423720.9009783,1.3286080211400986
1790423720.9041266,1.3673960056621581
1790423720.905019,1.6089370183181018
1790423720.9142833,1.5247529954649508
1790423720.9184067,1.3254540099296719
1790423720.9206696,1.7007610003929585
1790423720.9209428,1.4495729992631823
1790423720.924194,1.5808450116310269
1790423720.9274905,1.5290200244635344
1790423720.929179,1.3096009788569063
1790423720.931803,1.4028970035724342
1790423720.9349737,1.423811976565048
1790423720.9376423,1.4255240093916655
1790423720.9394157,1.2807020102627575
1790423720.9422636,1.3207330193836242
1790423720.9469569,1.4890200109221041
1790423720.9476042,1.3592870091088116
1790423720.9495773,1.223380008013919
1790423720.9619226,1.5028149937279522
1790423720.9642522,1.277753006434068
1790423720.9672434,1.6431180119980127
1790423720.9716344,1.471345021855086
1790423720.9794765,3.0111840169411153
1790423720.9811528,4.03677299618721
1790423720.981211,5.270102003123611
1790423720.9824111,3.4715190122369677
1790423720.9825394,1.8833689973689616
1790423720.9826324,4.943814012221992
1790423720.987148,1.5451999788638204
1790423720.9894357,2.2777109988965094
1790423720.9902637,1.7410750151611865
1790423720.9903352,2.6466670096851885
1790423720.9928563,1.7400439828634262
1790423720.994397,2.2947019897401333
1790423720.9974158,1.7629679932724684
1790423721.003448,5.298162024701014
1790423721.0048397,6.142797006759793
1790423721.005342,2.5982960069086403
1790423721.0058541,4.452964989468455
1790423721.0115943,17.067748005501926
1790423721.0122726,1.8333029875066131
1790423721.0261865,21.95565201691352
1790423721.0264266,32.575327990343794
1790423721.0268075,27.706162014510483
1790423721.0270157,13.172881008358672
1790423721.0323849,22.56473299348727
1790423721.0410283,41.17372300243005
1790423721.0418222,35.573305998696014
1790423721.0419405,41.03506699902937
1790423721.0420434,5.536953016417101
1790423721.043352,28.20853900630027
1790423721.043429,36.6207119950559
1790423721.0435648,22.586025996133685
1790423721.0436316,5.607604020042345
1790423721.0468512,23.77636599703692
1790423721.0472767,31.49708200362511
1790423721.0473523,8.590853016357869
1790423721.0524237,22.468799987109378
1790423721.0553007,1.4259839954320341
1790423721.0584059,9.590342990122736
1790423721.0584924,33.937065018108115
1790423721.0718904,1.7773729923646897
1790423721.0782661,26.69807299389504
1790423721.078797,6.896439997944981
1790423721.0789428,26.34833098272793
1790423721.0881672,13.170826015993953
1790423721.0882366,27.948567003477365
1790423721.0887113,3.292310982942581
1790423721.0890222,2.8794939862564206
1790423721.08993,28.75051199225709
1790423721.090056,20.581176999257877
1790423721.0901384,11.811014002887532
1790423721.095982,2.0476240024436265
1790423721.1045852,1.466668996727094
1790423721.107767,23.139923985581845
1790423721.109098,2.506390999769792
1790423721.1141343,3.6230889963917434
1790423721.1192272,12.53668699064292
1790423721.1206322,18.33115200861357
1790423721.120833,37.010298983659595
1790423721.1210334,21.265274001052603
1790423721.1337478,38.71538900421001
1790423721.138923,30.566040019039065
1790423721.1424499,23.20892398711294
1790423721.1496768,27.692447998560965
1790423721.1513813,25.48303597723134
1790423721.1529284,41.16796999005601
1790423721.1530168,29.59696398465894
1790423721.1539037,40.50060699228197
1790423721.153987,29.09895099583082
1790423721.1612747,43.00509300082922
1790423721.1674132,34.91723400657065
1790423721.1676524,40.2077820035629
1790423721.168219,32.81586599769071
1790423721.1694937,39.801548002287745
1790423721.1698475,57.15131899341941
1790423721.174808,38.32598199369386
1790423721.179197,30.859761027386412
1790423721.1834357,51.61777601460926
1790423721.1899302,56.17037299089134
1790423721.1982546,75.56108900462277
1790423721.1984289,47.79988099471666
1790423721.204496,73.98837598157115
1790423721.2068224,40.077884012134746
1790423721.2070925,69.08948498312384
1790423721.2075167,49.8572800133843
1790423721.2080004,81.47726699826308
1790423721.2149537,39.103475981391966
1790423721.2168405,57.454463007161394
1790423721.2169473,61.38841999927536
1790423721.2222323,35.808352986350656
1790423721.22249,41.07651999220252
1790423721.2252975,77.62571799685247
1790423721.2264085,56.505249987822026
1790423721.23178,50.920880981720984
1790423721.2321756,39.718150976113975
1790423721.2322733,40.58269297820516
1790423721.2329419,42.660998995415866
1790423721.2351508,38.232057995628566
1790423721.2360053,27.864953997777775
1790423721.2373476,30.244134017266333
1790423721.243794,31.228077015839517
1790423721.2440717,40.58868400170468
1790423721.2442174,78.365264023887
1790423721.2461064,57.03632501536049
1790423721.2479324,26.32586599793285
1790423721.2481587,70.61432601767592
1790423721.2544565,53.37528500240296
1790423721.2627144,49.305688007734716
1790423721.2658272,27.022079011658207
1790423721.2723968,63.602055015508085
1790423721.2727425,26.04097902076319
1790423721.2734048,58.441086002858356
1790423721.274369,33.426416979637
1790423721.2746153,46.04017600649968
1790423721.2747402,47.342673991806805
1790423721.2748208,26.03494399227202
1790423721.2760444,61.68188402079977
1790423721.2813919,48.584336997009814
1790423721.2828925,82.75998497265391
1790423721.2837985,40.580069995485246
1790423721.2999933,69.45221999194473
1790423721.3001883,88.07660901220515
1790423721.30177,63.54291399475187
1790423721.3036036,58.766680012922734
1790423721.3057659,101.25521299778484
1790423721.3069458,70.87828798103146
1790423721.3085222,30.031543981749564
1790423721.3094175,46.68922699056566
1790423721.3100553,87.36857899930328
1790423721.3106594,54.4427520071622
1790423721.31088,44.312587997410446
1790423721.3116572,40.08417500881478
1790423721.3119788,22.925415978534147
1790423721.3120728,41.68824802036397
1790423721.3132665,31.413688004249707
1790423721.314116,21.019281004555523
1790423721.3142085,56.02381398784928
1790423721.3147166,20.778983016498387
1790423721.3151681,14.584132004529238
1790423721.3154354,56.04390599182807
1790423721.3160825,51.59904100582935
1790423721.3162146,31.365569011541083
1790423721.3163056,50.35230700741522
1790423721.3164825,54.74503099685535
1790423721.3182979,11.867597990203649
1790423721.3191285,42.378646990982816
1790423721.3195815,11.04616597876884
1790423721.3206093,51.61595399840735
1790423721.3218856,35.58607297600247
1790423721.3219573,26.3751539750956
1790423721.3230052,13.573103002272546
1790423721.3236585,2.4833120114635676
1790423721.3413877,23.830338002881035
1790423721.3450797,19.59428799455054
1790423721.347914,20.81645600264892
1790423721.3491032,36.292564996983856
1790423721.3491764,11.220843996852636
1790423721.3500881,39.19613701873459
1790423721.3506463,15.317884011892602
1790423721.350927,24.779707979178056
1790423721.3512003,48.75796299893409
1790423721.3530173,6.692360999295488
1790423721.353434,3.336050023790449
1790423721.3551095,23.935775010613725
1790423721.3558223,10.435552016133443
1790423721.3562424,4.677786986576393
1790423721.3563206,33.94860998378135
1790423721.356541,15.138949995161965
1790423721.3566804,7.4926910165231675
1790423721.357158,27.842990995850414
1790423721.3576276,18.258763971971348
1790423721.3579953,37.92604699265212
1790423721.3581748,9.704764990601689
1790423721.3586485,3.5286429920233786
1790423721.362134,1.3622529804706573
1790423721.3708053,1.283981982851401
1790423721.3733273,1.350089005427435
1790423721.3772693,11.696687986841425
1790423721.380737,1.2730489834211767
1790423721.384715,1.221404003445059
1790423721.3881204,22.1036960138008
1790423721.388457,6.735915987519547
1790423721.3891845,1.6804909973870963
1790423721.3896546,2.8694350039586425
1790423721.3897254,1.2590170081239194
1790423721.391514,1.3169849989935756
1790423721.392778,1.2552340049296618
1790423721.3933322,1.265376980882138
1790423721.394638,1.169755996670574
1790423721.3974652,1.3200549874454737
1790423721.3980398,1.3140680093783885
1790423721.400386,2.2349100036080927
1790423721.4010699,1.2606179807335138
1790423721.4067392,1.56404500012286
1790423721.4272776,22.802927007433027
1790423721.4274805,26.30388000397943
1790423721.4336362,20.70869301678613
1790423721.4359136,1.9238059758208692
1790423721.4409578,13.406279991613701
1790423721.4441838,33.53890500147827
1790423721.4442937,5.95812700339593
1790423721.448246,36.96024199598469
1790423721.448334,9.115839988226071
1790423721.4582293,55.31950300792232
1790423721.4583316,59.27210100344382
1790423721.458961,46.993461990496144
1790423721.4593916,10.548491001827642
1790423721.464665,2.006661001360044
1790423721.465541,1.7299340106546879
1790423721.4732883,20.105375995626673
1790423721.4743655,7.750545017188415
1790423721.475442,32.9451989964582
1790423721.4768016,15.771929000038654
1790423721.4768908,31.683446984970942
1790423721.4780185,7.377542002359405
1790423721.4808834,1.8416189996059984
1790423721.4909222,2.0835930190514773
1790423721.4970977,24.913857982028276
1790423721.5013201,26.503096014494076
1790423721.5015485,17.244994989596307
1790423721.5016725,30.344650003826246
1790423721.5020752,4.864117014221847
1790423721.5024323,18.834883987437934
1790423721.5075378,19.645135005703196
1790423721.507682,30.31498900963925
1790423721.5080988,35.02560200286098
1790423721.5081782,9.481270011747256
1790423721.5135076,44.45155701250769
1790423721.525131,35.83051500027068
1790423721.5270684,15.331756003433838
1790423721.5271964,27.587598015088588
1790423721.5274575,7.134480983950198
1790423721.5299642,19.64984997175634
1790423721.5317945,33.91029601334594
1790423721.5323613,13.586383982328698
1790423721.5326862,4.124494997086003
1790423721.5344071,1.486462977482006
1790423721.5347927,25.798290997045115
1790423721.5402877,27.640882995910943
1790423721.5404987,19.54498901613988
1790423721.5411315,30.300873011583462
1790423721.5412095,4.773020016727969
1790423721.544254,1.4215889968909323
1790423721.5452487,51.7242600035388
1790423721.5510325,27.79104601358995
1790423721.551335,34.80220100027509
1790423721.5523365,13.251113996375352
1790423721.5524323,29.858527006581426
1790423721.5532396,1.4837899943813682
1790423721.559879,1.7376660252921283
1790423721.5604312,1.3033259892836213
1790423721.5700917,1.5046439948491752
1790423721.572232,1.721422013361007
1790423721.5730128,1.5908529749140143
1790423721.5756593,1.4158829872030765
1790423721.5850515,1.598825998371467
1790423721.585919,1.8669829878490418
1790423721.6068552,33.776972006307915
1790423721.607326,19.653004012070596
1790423721.607648,31.889378995401785
1790423721.617298,35.03130402532406
1790423721.6180322,7.068405975587666
1790423721.6181397,28.001577011309564
1790423721.6182754,37.121210974873975
1790423721.6221066,15.784949995577335
1790423721.624766,25.845797994406894
1790423721.6251574,9.485462011070922
1790423721.6254258,34.69263997976668
1790423721.6258016,38.85136600001715
1790423721.6263094,4.190681007457897
1790423721.6320033,2.5705620064400136
1790423721.6387386,31.07643299154006
1790423721.6401305,16.631034028250724
1790423721.6406589,11.082723009167239
1790423721.640733,36.388179985806346
1790423721.6428728,2.7307990239933133
1790423721.6446192,1.7184299940709025
1790423721.644698,3.7943130009807646
1790423721.6482778,1.4778629993088543
1790423721.6495805,21.800741989864036
1790423721.6502638,16.79135800804943
1790423721.65068,9.238882979843765
1790423721.650748,31.673055986175314
1790423721.6511245,26.854298979742453
1790423721.6517584,22.931804007384926
1790423721.6526136,10.366155998781323
1790423721.6527305,18.27020398923196
1790423721.653652,1.7224870098289102
1790423721.6544988,1.512705988716334
1790423721.6588385,1.5786779986228794
1790423721.6592157,1.440699998056516
1790423721.6616006,1.3236569939181209
1790423721.6681442,2.2803799947723746
1790423721.6682084,1.8612020066939294
1790423721.668521,1.4594390231650323
1790423721.671997,1.1848700232803822
1790423721.6743004,1.205289998324588
1790423721.6788623,1.3606300053652376
1790423721.6833582,1.281331991776824
1790423721.6871376,1.4553540095221251
1790423721.6886246,1.4778389886487275
1790423721.6932533,1.720222004223615
1790423721.7073724,11.29702798789367
1790423721.707518,26.021943020168692
1790423721.7076252,20.03969601355493
1790423721.7165985,25.67000998533331
1790423721.717078,28.14441898954101
1790423721.718022,27.479098993353546
1790423721.7180903,21.506924997083843
1790423721.7181547,28.291795984841883
1790423721.7183144,13.488040975062177
1790423721.7188518,4.812344996025786
1790423721.719731,6.472032982856035
1790423721.7199197,5.1699120085686445
1790423721.7228622,2.716282004257664
1790423721.7239406,1.6177430225070566
1790423721.7269285,17.023309017531574
1790423721.728557,28.4838349907659
1790423721.7287335,9.858791017904878
1790423721.7293758,1.6138069913722575
1790423721.7298625,2.9220120050013065
1790423721.7355537,1.7346740060020238
1790423721.7372475,1.5595330041833222
1790423721.7397237,1.7682460020296276
1790423721.743646,1.3504620001185685
1790423721.7470543,25.736651004990563
1790423721.7476754,15.588662994559854
1790423721.7477622,8.785815007286146
1790423721.7641487,1.7033259791787714
1790423721.7663329,1.6421510081272572
1790423721.768849,24.98240998829715
1790423721.7693915,25.0465490098577
1790423721.7694514,9.745916991960257
1790423721.7757895,1.6288930200971663
1790423721.7771437,1.737077021971345
1790423721.778053,1.343089999863878
1790423721.783244,1.2697729980573058
1790423721.7837942,1.3054769951850176
1790423721.7856421,1.2558690214063972
1790423721.7902107,3.7590779829770327
1790423721.7905102,4.571360012050718
1790423721.7911665,3.5040210059378296
1790423721.7947946,1.965192990610376
1790423721.7996247,1.4266200014390051
1790423721.8100855,2.714608999667689
1790423721.8104012,26.467389019671828
1790423721.8107395,22.741405991837382
1790423721.8108227,25.794522982323542
1790423721.8122892,6.444014987209812
1790423721.8140397,24.85425100894645
1790423721.814532,27.477441006340086
1790423721.8151665,4.122418002225459
1790423721.8152466,8.851893013343215
1790423721.8153548,7.026775012491271
1790423721.8160558,4.238455003360286
1790423721.8164308,1.8514750117901713
1790423721.8174586,1.8349959864281118
1790423721.8181355,1.3955599861219525
1790423721.819578,1.3242799905128777
1790423721.82153,1.2676390178967267
1790423721.829702,2.956858021207154
1790423721.8298395,2.0186110050417483
1790423721.8363008,1.5071190136950463
1790423721.8385334,1.3364339829422534
1790423721.84599,17.558494000695646
1790423721.846075,24.269301997264847
1790423721.8500786,3.8843859802000225
1790423721.850162,24.41177098080516
1790423721.8502293,26.402663002954796
1790423721.850729,17.400254000676796
1790423721.8512387,2.7502659941092134
1790423721.867669,2.3526620061602443
1790423721.874059,29.725828004302457
1790423721.8752618,9.420460992259905
1790423721.8755903,17.30253201094456
1790423721.8764467,17.577354999957606
1790423721.877253,3.1426970090251416
1790423721.8773177,30.60832599294372
1790423721.8809571,2.672845992492512
1790423721.8816907,1.8639850022736937
1790423721.8830478,23.409143002936617
1790423721.8835008,33.89008902013302
1790423721.8837845,9.27510397741571
1790423721.8841205,3.7415620172396302
1790423721.8910758,1.5716830093879253
1790423721.894661,1.9709620100911707
1790423721.895385,1.609544997336343
1790423721.90109,1.520627993158996
1790423721.9032435,25.591100013116375
1790423721.9038618,17.73669698741287
1790423721.9041896,31.985862005967647
1790423721.904984,7.571582013042644
1790423721.906044,2.6188259944319725
1790423721.908609,1.4000730006955564
1790423721.918617,26.448671997059137
1790423721.9187446,19.993359979707748
1790423721.918822,6.35660401894711
1790423721.9315383,18.532631976995617
1790423721.931693,27.303026989102364
1790423721.9322603,2.5079069891944528
1790423721.9343593,2.089149988023564
1790423721.9374328,1.7500350077170879
1790423721.9414475,25.795633991947398
1790423721.9428294,28.455338993808255
1790423721.943831,6.283927010372281
1790423721.9486651,3.371659986441955
1790423721.959206,19.92097098263912
1790423721.9593327,26.5644519822672
1790423721.9652143,19.23542600707151
1790423721.9655447,21.575402992311865
1790423721.9656363,29.4067999930121
1790423721.9660313,17.961993988137692
1790423721.966118,3.156691003823653
1790423721.967578,22.951735998503864
1790423721.9729004,19.534602004569024
1790423721.9784474,35.11899200384505
1790423721.9796488,11.766873998567462
1790423721.9810846,1.9760369905270636
1790423721.9811535,2.5889129901770502
1790423721.9829836,25.892620004015043
1790423721.9839587,33.36775201023556
1790423721.984063,15.390720014693215
1790423721.9861236,23.852140991948545
1790423721.9867065,2.53235999844037
1790423721.9894063,1.8810869951266795
1790423721.9903874,1.9783629977609962
1790423721.9920826,35.82156400079839
1790423721.9925869,14.868504978949204
1790423721.9927814,7.818761980161071
1790423721.993997,3.3582840114831924
1790423721.9948938,1.7073880007956177
1790423722.001709,1.3659110118169338
1790423722.004594,1.4906649885233492
1790423722.0064328,1.4657910214737058
1790423722.0069163,1.407700008712709
1790423722.0076723,21.725397993577644
1790423722.0081975,15.406814985908568
1790423722.0085025,27.218474016990513
1790423722.0085628,4.714959999546409
1790423722.0107772,1.2871299986727536
1790423722.0113041,1.3362190220505
1790423722.0125737,1.2597510067280382
1790423722.0138202,1.1601299920585006
1790423722.0171912,1.5102559991646558
1790423722.0186427,1.4419220096897334
1790423722.0315905,1.632125989999622
1790423722.0321672,1.2867629993706942
1790423722.037105,7.685318007133901
1790423722.0371978,19.524962990544736
1790423722.0419507,1.2740250094793737
1790423722.043682,1.1846019770018756
1790423722.0448387,1.1486519942991436
1790423722.0494313,1.2198659824207425
1790423722.053869,1.21870799921453
1790423722.059629,1.2024090101476759
1790423722.0630388,1.1706840014085174
1790423722.0679345,1.334686006885022
1790423722.0710247,1.4865210105199367
1790423722.0716784,1.338658999884501
1790423722.091026,25.3766120004002
1790423722.0911105,8.26751600834541
1790423722.0995705,2.997154020704329
1790423722.1030962,17.577466001966968
1790423722.1116617,19.534494989784434
1790423722.1297233,40.52996801328845
1790423722.1325085,34.834980993764475
1790423722.1326547,44.88981800386682
1790423722.135125,31.628182012354955
1790423722.137361,31.362036999780685
1790423722.1379662,16.33701502578333
1790423722.1418862,43.279778998112306
1790423722.1432748,40.78532100538723
1790423722.1458554,32.83596099936403
1790423722.1482506,39.90091200103052
1790423722.1484358,66.22570299077779
1790423722.1608734,32.605186017462984
1790423722.1662047,82.46157798566855
1790423722.1687727,58.76379300025292
1790423722.172906,65.39537297794595
1790423722.1730952,46.34253302356228
1790423722.1734848,31.466425018152222
1790423722.1774669,28.30479299882427
1790423722.1893942,48.64449001615867
1790423722.18996,32.46250399388373
1790423722.1905618,81.39593800297007
1790423722.1907084,36.10776099958457
1790423722.1911278,26.036328985355794
1790423722.1917405,15.07007100735791
1790423722.1925488,12.429721013177186
1790423722.192809,40.597694023745134
1790423722.1934183,81.12037100363523
1790423722.1939964,42.444285994861275
1790423722.194145,29.9159100104589
1790423722.196912,60.68328901892528
1790423722.197956,29.906163981650025
1790423722.1988208,19.59141599945724
1790423722.1991062,45.807174989022315
1790423722.199278,18.0591490061488
1790423722.199527,25.742351019289345
1790423722.1996598,21.756833011750132
1790423722.2007682,2.801049005938694
1790423722.201408,39.6506650140509
1790423722.2015862,29.96790799079463
1790423722.202281,23.535073007224128
1790423722.2025864,15.858455008128658
1790423722.2026596,46.83719700551592
1790423722.2209494,28.388009988702834
1790423722.2215347,33.50790898548439
1790423722.222511,1.5493539976887405
1790423722.22414,29.644688009284437
1790423722.224214,28.132129984442145
1790423722.2262723,1.3992369931656867
1790423722.238559,29.467098007444292
1790423722.2386405,8.701145008672029
1790423722.2396307,19.9209550046362
1790423722.2406535,28.26514298794791
1790423722.2407942,9.281734004616737
1790423722.2462177,1.5766499855089933
1790423722.2555456,27.294781990349293
1790423722.255614,21.512607025215402
1790423722.2574046,1.4266450016293675
1790423722.2596173,24.995343992486596
1790423722.260003,29.042359004961327
1790423722.2631426,3.0818690138403326
1790423722.265134,22.50820497283712
1790423722.265486,25.376262987265363
1790423722.2659347,4.305525013478473
1790423722.2712283,1.393500017002225
1790423722.2727025,1.462932996219024
1790423722.2884183,19.44094299688004
1790423722.290005,6.904729001689702
1790423722.2903144,29.28236502339132
1790423722.2908285,23.27389401034452
1790423722.2908988,3.3579589799046516
1790423722.2910156,28.24776599300094
1790423722.2910771,9.062241006176919
1790423722.297198,1.6544240061193705
1790423722.3017778,1.9661460246425122
1790423722.3025656,1.7406239931005985
1790423722.3119879,1.5828929899726063
1790423722.3166857,25.408824993064627
1790423722.3167558,14.178887009620667
1790423722.3244874,1.6022089985199273
1790423722.3252347,1.5721660165581852
1790423722.32716,1.3627360167447478
1790423722.3377852,1.7786550160963088
1790423722.3383548,1.7272729892283678
1790423722.3409202,1.6185959975700825
1790423722.350301,1.5395980153698474
1790423722.350692,17.62261800467968
1790423722.3511877,10.9612179803662
1790423722.3517458,23.348514980170876
1790423722.3529968,1.6584769764449447
1790423722.3533633,1.5069920045789331
1790423722.354826,1.2758249940816313
1790423722.3660173,1.941841997904703
1790423722.3663785,1.695153012406081
1790423722.371118,1.3396400026977062
1790423722.3740973,1.8614919972606003
1790423722.3836672,17.04141401569359
1790423722.3838105,26.626052014762536
1790423722.3838937,10.609872988425195
1790423722.3844688,29.587155004264787
1790423722.3856165,3.6877200182061642
1790423722.3876212,25.628250994486734
1790423722.3877292,20.239353005308658
1790423722.387924,29.29221701924689
1790423722.3880305,12.055308005074039
1790423722.3886309,2.177364018280059
1790423722.390725,1.891774998512119
1790423722.3989036,2.5319090054836124
1790423722.4017396,4.079427977558225
1790423722.4046173,27.150332025485113
1790423722.4051173,28.3123160188552
1790423722.4058611,16.558579984121025
1790423722.4063022,7.387941004708409
1790423722.4072752,1.405237999279052
1790423722.4100127,17.41425000363961
1790423722.4109607,1.5986620273906738
1790423722.416005,16.112242999952286
1790423722.4166365,32.156650006072596
1790423722.416718,5.630731000564992
1790423722.4263337,25.770765991182998
1790423722.427257,28.48313801223412
1790423722.427493,6.573963008122519
1790423722.4332418,2.2394449915736914
1790423722.4340146,2.167169004678726
1790423722.437975,24.4602230086457
1790423722.438258,11.424719996284693
1790423722.444889,25.54914800566621
1790423722.4449697,17.46711999294348
1790423722.4468691,4.556227999273688
1790423722.4470675,3.78937300411053
1790423722.4480386,2.772746986011043
1790423722.4487207,1.4825199905317277
1790423722.452778,1.7004620167426765
1790423722.4554026,1.5438779955729842
1790423722.457409,1.6512729926034808
1790423722.4576669,13.260734995128587
1790423722.4582376,25.561162998201326
1790423722.458319,6.740179000189528
1790423722.4632583,1.3149739825166762
1790423722.4654093,1.3273800141178071
1790423722.4662378,1.5193680010270327
1790423722.4673827,1.83034100336954
1790423722.4723246,1.7025499837473035
1790423722.473164,2.0690739911515266
1790423722.4783545,1.3989730214234442
1790423722.4888957,2.505268988898024
1790423722.4917316,1.6606140125077218
1790423722.4933782,17.859745013993233
1790423722.4944983,27.54979897872545
1790423722.4953053,7.007863983744755
1790423722.4965882,1.7604680033400655
1790423722.4966714,2.9867980047129095
1790423722.4988704,26.48917498299852
1790423722.4989636,22.69750999403186
1790423722.49989,10.85394702386111
1790423722.5000234,2.910012990469113
1790423722.510078,1.6343279858119786
1790423722.5127218,1.830267021432519
1790423722.5136538,1.7225350020453334
1790423722.5236115,19.956951000494882
1790423722.5236928,24.28619100828655
1790423722.5254235,1.2263399839866906
1790423722.5562103,10.588648001430556
1790423722.5563838,28.760133020114154
1790423722.5584953,27.866685995832086
1790423722.5594096,4.516391985816881
1790423722.5602083,1.662202994339168
1790423722.5659094,30.89502200600691
1790423722.5659866,8.566130010876805
1790423722.5668497,1.7043410043697804
1790423722.568822,1.288997009396553
1790423722.5833676,1.327782985754311
1790423722.586766,1.2378270039334893
1790423722.590109,1.3235399965196848
1790423722.59477,1.3018680037930608
1790423722.6005423,2.3376790049951524
1790423722.6021776,2.129707980202511
1790423722.60314,2.2426089853979647
1790423722.6031938,1.506344007793814
1790423722.6134703,2.9008790152147412
1790423722.613883,2.7575019921641797
1790423722.6142864,23.9956819859799
1790423722.6145558,7.774772995617241
1790423722.6146336,16.011379018891603
1790423722.6154437,2.7868819888681173
1790423722.6162672,1.285300008021295
1790423722.6383421,2.131167013430968
1790423722.6420176,22.767660004319623
1790423722.642593,5.719170992961153
1790423722.6426914,26.28914700471796
1790423722.6520417,21.16226399084553
1790423722.652576,9.096252004383132
1790423722.653139,34.52319899224676
1790423722.662546,28.584263985976577
1790423722.6627622,33.21838297415525
1790423722.6629264,18.973410013131797
1790423722.6798158,16.42425899626687
1790423722.6803408,31.33336899918504
1790423722.6804469,8.488054008921608
1790423722.683835,31.24564199242741
1790423722.6842318,16.421111999079585
1790423722.6843345,35.996727005112916
1790423722.6870923,23.013667989289388
1790423722.6877642,34.37298000790179
1790423722.6886513,7.057237991830334
1790423722.6902385,1.7494930070824921
1790423722.6919436,1.49192800745368
1790423722.6924393,1.4001819945406169
1790423722.696351,1.8301749951206148
1790423722.6964252,29.869668011087924
1790423722.6968246,31.692479009507224
1790423722.6974206,9.414551983354613
1790423722.6974812,4.919744998915121
1790423722.6997156,1.9347770139575005
1790423722.7014875,1.6400689783040434
1790423722.7015953,2.333120006369427
1790423722.703614,1.5914879913907498
1790423722.7077587,1.3167480065021664
1790423722.7090232,1.1622110032476485
1790423722.714824,1.4672180113848299
1790423722.7222471,1.3156530039850622
1790423722.7280412,1.5139899915084243
1790423722.7300034,24.09190099569969
1790423722.7300963,10.910684010013938
1790423722.7337153,1.3795729901175946
1790423722.7427537,22.446439979830757
1790423722.7436266,9.344101999886334
1790423722.743798,24.08920502057299
1790423722.7444232,3.0384460114873946
1790423722.7447324,1.5822189743630588
1790423722.7461662,2.1966489730402827
1790423722.7470515,1.3411619875114411
1790423722.7531374,1.8892050138674676
1790423722.7547936,3.039164002984762
1790423722.7556634,3.105549985775724
1790423722.7557366,2.096540993079543
1790423722.7557929,2.7727530105039477
1790423722.7677007,1.5968100051395595
1790423722.7681088,1.538662996608764
1790423722.7730548,1.5225379902403802
1790423722.783128,23.966182983713225
1790423722.7833529,7.727661984972656
1790423722.784216,1.9053250143770128
1790423722.788425,2.4445340095553547
1790423722.7936513,8.1229780043941
1790423722.7962914,14.749427005881444
1790423722.797025,5.531962990062311
1790423722.7971008,24.942146003013477
1790423722.8164399,29.848837002646178
1790423722.8165202,3.3414249774068594
1790423722.816626,13.443646021187305
1790423722.8167768,31.86124301282689
1790423722.8169267,14.393309014849365
1790423722.8185234,4.222085990477353
1790423722.8191454,2.2101450012996793
1790423722.820908,1.3643649872392416
1790423722.8257177,2.8332720103207976
1790423722.826656,2.5879680179059505
1790423722.827467,1.3627549924422055
1790423722.8352342,1.6375270206481218
1790423722.836926,19.00504800141789
1790423722.8370972,25.441687990678474
1790423722.8371854,12.160483980551362
1790423722.8372538,30.705295008374378
1790423722.8404534,1.4091040065977722
1790423722.8422647,1.2706900015473366
1790423722.848484,1.5886070032138377
1790423722.8499417,1.4481049729511142
1790423722.8513272,1.3753010134678334
1790423722.8536737,24.95446798275225
1790423722.854011,8.142665988998488
1790423722.8541067,2.2097080072853714
1790423722.855964,1.226226013386622
1790423722.859133,1.8529179797042161
1790423722.859793,1.95734400767833
1790423722.8746657,2.0503039995674044
1790423722.8882353,2.007236995268613
1790423722.8888838,1.4537849929183722
1790423722.8925145,22.673466010019183
1790423722.8934345,12.995861005038023
1790423722.8939922,2.2387710050679743
1790423722.8942502,3.036241017980501
1790423722.8943088,1.5771079924888909
1790423722.8962896,1.1901709949597716
1790423722.8992836,1.0955689940601587
1790423722.9029624,1.6163979889824986
1790423722.9044628,2.618445985717699
1790423722.9059567,2.0569819898810238
1790423722.906207,3.0854609794914722
1790423722.9062636,1.7910469905473292
1790423722.9154394,1.2647200201172382
1790423722.9177544,1.7826530092861503
1790423722.918299,1.2632590078283101
1790423722.9213362,2.8143260278739035
1790423722.9221094,3.2013180025387555
1790423722.9225976,2.5358179991599172
1790423722.922696,3.1313690124079585
1790423722.933832,1.9809910154435784
1790423722.941137,1.534259004984051
1790423722.9440625,2.191250998293981
1790423722.944853,1.9635299977380782
1790423722.9460704,13.687845988897607
1790423722.9465063,24.987239012261853
1790423722.947619,1.539160992251709
1790423722.9620564,1.568145991768688
1790423722.963624,1.3203560083638877
1790423722.9685233,1.4915580104570836
1790423722.9737012,1.7373219889122993
1790423722.977198,1.6403399931732565
1790423722.9811196,2.1144520142115653
1790423722.9836214,2.4920610012486577
1790423722.9857764,1.4028459845576435
1790423722.9901662,1.700983993941918
1790423722.992341,19.86918700276874
1790423722.9928606,26.457714004209265
1790423722.993291,11.625326005741954
1790423722.996645,3.3428960014134645
1790423722.9978838,2.4682120129000396
1790423722.9979756,2.1387900051195174
1790423723.0006678,1.4240430027712137
1790423723.005963,27.462772995932028
1790423723.0062077,3.2551400072406977
1790423723.0062735,24.015094008063897
1790423723.0063312,11.952379980357364
1790423723.0179396,1.5206040116026998
1790423723.0288146,24.38549097860232
1790423723.02899,3.8744720222894102
1790423723.0290754,26.959369017276913
1790423723.0398078,15.756723994854838
1790423723.0404007,24.541783990571275
1790423723.0411117,3.456226986600086
1790423723.0419915,29.737944016233087
1790423723.0420969,12.682567990850657
1790423723.0421765,3.3526470069773495
1790423723.0473988,11.779958003899083
1790423723.048639,30.646158993477002
1790423723.0488353,2.9326980002224445
1790423723.0509732,2.0354249863885343
1790423723.0524604,15.51959800417535
1790423723.052706,30.716235982254148
1790423723.053296,5.733251018682495
1790423723.0543184,1.5630330017302185
1790423723.0627196,1.8563319754321128
1790423723.064683,1.7216179985553026
1790423723.0773537,27.28262700838968
1790423723.0782177,2.9789420077577233
1790423723.078315,14.377387997228652
1790423723.0784228,2.684934006538242
1790423723.083249,16.765837994171306
1790423723.0857563,27.35702702193521
1790423723.0893042,15.06995499948971
1790423723.089389,27.513294015079737
1790423723.0939295,1.8578619929030538
1790423723.0948734,1.8362569971941411
1790423723.106601,25.825913005974144
1790423723.1069965,2.8408119978848845
1790423723.1107554,5.989071010844782
1790423723.1108704,29.122270992957056
1790423723.1137538,1.5796319930814207
1790423723.1147046,1.5836289967410266
1790423723.1211333,24.87198301241733
1790423723.1216729,14.088703988818452
1790423723.1217344,7.021122000878677
1790423723.1254964,2.3091670009307563
1790423723.1259422,1.9774729735217988
1790423723.1344552,24.95556799112819
1790423723.1350517,29.057904990622774
1790423723.1351347,12.477601994760334
1790423723.1377645,1.5181489870883524
1790423723.142762,2.3440579825546592
1790423723.1488087,24.241587991127744
1790423723.1488748,7.441705995006487
1790423723.173846,27.388479007640854
1790423723.175602,5.2015749970451
1790423723.176357,5.495160003192723
1790423723.1766465,34.44506900268607
1790423723.176733,21.691611007554457
1790423723.1768808,33.43173299799673
1790423723.1808121,9.336741000879556
1790423723.1809223,14.703033986734226
1790423723.1810572,31.645668001146987
1790423723.1833973,1.903956988826394
1790423723.1847694,16.232230991590768
1790423723.1852999,8.556381013477221
1790423723.185376,32.967714010737836
1790423723.1874688,1.5540249878540635
1790423723.1892395,1.6224919818341732
1790423723.1896813,1.5294180193450302
1790423723.1912687,1.575027999933809
1790423723.1917028,1.4022940013092011
1790423723.2009666,1.6096220060717314
1790423723.201533,1.2840699928347021
1790423723.218259,1.6636389773339033
1790423723.221449,24.010047025512904
1790423723.2215185,12.194331007776782
1790423723.2246919,1.7841309891082346
1790423723.2287478,1.526342995930463
1790423723.2340503,1.660960988374427
1790423723.2355776,21.113874012371525
1790423723.235754,3.9257440075743943
1790423723.235837,29.14670400787145
1790423723.2361465,1.9373300019651651
1790423723.2402108,1.8401489942334592
1790423723.240487,1.711340999463573
1790423723.245224,1.6778339922893792
1790423723.2458506,2.7329580043442547
1790423723.2477925,2.5595430051907897
1790423723.24828,2.420005010208115
1790423723.2488601,2.556885010562837
1790423723.2489128,2.092912996886298
1790423723.2585497,1.4388979761861265
1790423723.2590015,1.307330996496603
1790423723.2655027,1.2965309724677354
1790423723.2710779,1.506984990555793
1790423723.274883,1.3575489865615964
1790423723.2820754,1.361286995233968
1790423723.298534,2.754608984105289
1790423723.2990153,2.792022016365081
1790423723.2991476,1.906933990539983
1790423723.3003578,1.2017349945381284
1790423723.3032982,1.102954993257299
1790423723.3126543,1.3117500056978315
1790423723.3152385,1.1895860079675913
1790423723.31716,1.853465015301481
1790423723.3193893,1.4735230070073158
1790423723.3200417,1.3918360054958612
1790423723.3270812,1.7018250073306262
1790423723.3329155,15.507803997024894
1790423723.3374898,2.7325350092723966
1790423723.3490498,17.811291007092223
1790423723.351833,17.821632995037362
1790423723.354351,24.614667025161907
1790423723.360325,32.49180200509727
1790423723.3604367,11.029220011550933
1790423723.3698235,2.2396740096155554
1790423723.3699546,54.23629700089805
1790423723.3710525,17.582008993485942
1790423723.3716378,31.453769013751298
1790423723.3733253,25.016131985466927
1790423723.373796,49.08147998503409
1790423723.3797755,43.38777999510057
1790423723.3886204,33.57235001749359
1790423723.389513,33.81408701534383
1790423723.3903964,39.588097017258406
1790423723.3909082,12.631827004952356
1790423723.3915083,11.616711999522522
1790423723.3923125,45.137353998143226
1790423723.3926003,6.814592983573675
1790423723.395712,19.848291005473584
1790423723.396033,5.113025021273643
1790423723.3965027,2.149956999346614
1790423723.4019682,20.51626399043016
1790423723.4021838,5.319532996509224
1790423723.402314,32.19919800176285
1790423723.4023774,10.591251018922776
1790423723.4053314,23.04199102218263
1790423723.407811,14.81116798822768
1790423723.408528,33.39944200706668
1790423723.4086072,8.244660013588145
1790423723.4096587,15.995174995623529
1790423723.4156888,4.498010006500408
1790423723.4172883,2.2418750158976763
1790423723.4227047,16.68089401209727
1790423723.424824,21.821151982294396
1790423723.4252965,35.65905400319025
1790423723.4254174,13.627228996483609
1790423723.4263363,2.0116909872740507
1790423723.4310656,32.645103987306356
1790423723.4327986,20.15828399453312
1790423723.4334805,5.163960013305768
1790423723.435742,26.687807985581458
1790423723.435813,28.96028899704106
1790423723.4360201,4.146823979681358
1790423723.4361265,6.190660991705954
1790423723.4361932,23.393771989503875
1790423723.4362657,3.9798259967938066
1790423723.4395251,2.2097609762568027
1790423723.440335,1.5918630233500153
1790423723.4439409,1.242801983607933
1790423723.4452846,25.37078599561937
1790423723.4457302,14.447441004449502
1790423723.4457924,7.620879012392834
1790423723.4490983,1.3610599853564054
1790423723.450448,1.3422050105873495
1790423723.4547455,1.3487469987012446
1790423723.4550116,1.1833450116682798
1790423723.4577549,1.1249140079598874
1790423723.464572,1.357478991849348
1790423723.465218,15.696787013439462
1790423723.4659312,21.26725998823531
1790423723.4659894,4.1313050023745745
1790423723.4676044,1.3599320081993937
1790423723.4691205,1.196728990180418
1790423723.470343,1.1029739980585873
1790423723.4736197,1.0719989950302988
1790423723.4811537,1.3383730256464332
1790423723.4832423,1.738343999022618
1790423723.485186,1.1414769978728145
1790423723.4928498,2.6603769802022725
1790423723.494466,3.5735529963858426
1790423723.494837,3.498709003906697
1790423723.4949107,1.7146820027846843
1790423723.5055122,2.5733679940458387
1790423723.5056295,2.1952089737169445
1790423723.5101218,23.239717003889382
1790423723.5106308,18.470562994480133
1790423723.5107794,28.309646993875504
1790423723.510855,4.857830994296819
1790423723.5140536,1.4442999963648617
1790423723.5155804,1.4024889969732612
1790423723.5173233,1.4866029960103333
1790423723.5217187,1.4824259851593524
1790423723.5284517,1.4040560054127127
1790423723.5311215,1.3627909938804805
1790423723.5338821,2.4714820028748363
1790423723.5533764,21.421025012386963
1790423723.5535307,30.455533997155726
1790423723.5610151,26.094133994774893
1790423723.5639448,26.76603099098429
1790423723.5717907,38.380706013413146
1790423723.5723815,27.063456014730036
1790423723.5765512,7.404064002912492
1790423723.5774121,11.64846497704275
1790423723.577716,41.336397000122815
1790423723.5783203,38.92156598158181
1790423723.5790992,41.22936900239438
1790423723.580511,12.840822979342192
1790423723.5815759,9.184538008412346
1790423723.582975,9.193969977786765
1790423723.5836434,2.679539000382647
1790423723.5839329,64.3549179949332
1790423723.5865574,44.80882899952121
1790423723.586735,18.27587198931724
1790423723.5868192,44.30765699362382
1790423723.5868924,11.277988989604637
1790423723.5870602,4.79344799532555
1790423723.5926876,1.779180980520323
1790423723.5927534,2.3634530080016702
1790423723.6016212,25.059253996005282
1790423723.6017103,17.324504005955532
1790423723.6018596,23.52695300942287
1790423723.6034474,9.568995999870822
1790423723.603574,31.77014400716871
1790423723.607429,17.98011499340646
1790423723.6075084,10.458122007548809
1790423723.6076064,34.02943900437094
1790423723.6086173,2.4006419989746064
1790423723.6095884,1.7118020041380078
1790423723.6194901,2.1794660133309662
1790423723.6212893,1.7903560074046254
1790423723.6307206,1.6173980257008225
1790423723.6329815,6.875586987007409
1790423723.64094,7.18318298459053
1790423723.6411822,21.33753299131058
1790423723.6416633,27.33536300365813
1790423723.64251,2.589042007457465
1790423723.6503482,27.158315002452582
1790423723.6518488,33.03897302248515
1790423723.6581752,20.15294600278139
1790423723.6594377,8.484496007440612
1790423723.6595426,25.148128013825044
1790423723.6597838,33.173328993143514
1790423723.6600213,15.506397001445293
1790423723.660988,2.1810809848830104
1790423723.6678417,28.550585004268214
1790423723.668236,32.8844619798474
1790423723.669166,16.011718980735168
1790423723.669257,22.820868995040655
1790423723.6696613,4.525853990344331
1790423723.6727207,24.338287999853492
1790423723.6738648,26.158803986618295
1790423723.674531,31.459838995942846
1790423723.6748583,19.20204100315459
1790423723.6750147,4.201306990580633
1790423723.6779177,1.9019720202777535
1790423723.6790245,3.999748994829133
1790423723.6792312,22.749679017579183
1790423723.6804554,37.93356500682421
1790423723.6815796,9.730357996886596
1790423723.6820936,38.14108201186173
1790423723.6829085,3.874148998875171
1790423723.6830802,5.153391015483066
1790423723.6835546,2.605763991596177
1790423723.6882706,1.5492370002903044
1790423723.6935208,1.4697499864269048
1790423723.6988823,18.867867009248585
1790423723.70276,27.15836197603494
1790423723.702854,8.619355998234823
1790423723.7032022,1.6584090190008283
1790423723.7048087,1.4398290077224374
1790423723.7127194,1.3890190166421235
1790423723.7176757,18.008457001997158
1790423723.718272,26.74802701221779
1790423723.718335,2.92050201096572
1790423723.7201974,1.7075780197046697
1790423723.7210119,1.2173409922979772
1790423723.7285087,1.2815060035791248
1790423723.7317853,1.3502789952326566
1790423723.7400212,1.5451259969267994
1790423723.7408915,1.5605240187142044
1790423723.7463913,1.8086369964294136
1790423723.7480502,21.412225003587082
1790423723.7481194,11.64145499933511
1790423723.748599,2.9809059924446046
1790423723.7505877,1.2562549964059144
1790423723.7535872,1.5116669819690287
1790423723.754143,1.2876690016128123
1790423723.7667968,1.5519479929935187
1790423723.772983,1.6773380048107356
1790423723.7735064,1.2852530053351074
1790423723.7752254,1.2985409994143993
1790423723.77941,1.2340440007392317
1790423723.780653,1.1429180158302188
1790423723.783508,1.146747003076598
1790423723.7950664,1.9148080027662218
1790423723.7987711,2.617154998006299
1790423723.8031049,1.5799289976712316
1790423723.8061922,1.5705499972682446
1790423723.8142211,17.47295499080792
1790423723.814677,26.07178399921395
1790423723.8147633,3.396996995434165
1790423723.8152664,1.9366589840501547
1790423723.8209379,1.5474229876417667
1790423723.823216,11.228382994886488
1790423723.8233469,23.87820099829696
1790423723.823452,1.9771379884332418
1790423723.8235602,29.735516000073403
1790423723.8299096,1.3442380004562438
1790423723.837566,1.4037920045666397
1790423723.8381908,1.4892779872752726
1790423723.8423162,1.2639689957723022
1790423723.8549309,1.7503490089438856
1790423723.8553243,19.933597999624908
1790423723.8558574,22.622697986662388
1790423723.8559308,12.989868002478033
1790423723.8625426,1.3510170101653785
1790423723.8637784,1.2278680223971605
1790423723.8694422,1.404274022206664
1790423723.8730946,1.2808699975721538
1790423723.8745806,1.2580529728438705
1790423723.8802795,10.738468001363799
1790423723.8804622,23.398464982165024
1790423723.8808467,2.6114289939869195
1790423723.8833148,2.0650660153478384
1790423723.8966815,11.83152399607934
1790423723.9046686,26.87943499768153
1790423723.9111764,24.004652979783714
1790423723.9114974,28.991567000048235
1790423723.9142368,15.585557994199917
1790423723.914407,30.449860991211608
1790423723.9220774,35.65887501463294
1790423723.9276204,18.443779001245275
1790423723.9324894,16.18023301125504
1790423723.9334896,15.372383990325034
1790423723.9364617,21.21343999169767
1790423723.939694,27.884786017239094
1790423723.9398658,25.6170489883516
1790423723.9439542,23.394929012283683
1790423723.9447973,34.80110497912392
1790423723.9448936,16.124610003316775
1790423723.9452076,3.5898170026484877
1790423723.9493592,32.118114992044866
1790423723.9505694,31.884885975159705
1790423723.9508429,31.239444011589512
1790423723.9516919,14.249343978008255
1790423723.9530468,20.440543012227863
1790423723.9531422,10.17515198327601
1790423723.9533677,40.12012801831588
1790423723.9537668,3.1845159828662872
1790423723.966776,38.75059602432884
1790423723.967099,61.36667000828311
1790423723.9675612,29.08454797579907
1790423723.9686947,37.17543400125578
1790423723.9688148,3.3556679845787585
1790423723.9694047,1.827026018872857
1790423723.9753,1.4710139948874712
1790423723.9761968,25.342840992379934
1790423723.9766958,10.704790998715907
1790423723.977713,1.452803990105167
1790423723.981051,1.2470479996409267
1790423723.983163,1.3213390193413943
1790423723.9868217,1.3438310124911368
1790423723.9888306,1.561653014505282
1790423723.9928472,1.5735960041638464
1790423723.9989936,2.1709199936594814
1790423724.0005808,1.5767030126880854
1790423724.0185623,22.400771005777642
1790423724.0193708,22.667495999485254
1790423724.0225108,30.356080998899415
1790423724.0248992,4.411369998706505
1790423724.025165,20.290436019422486
1790423724.0258367,13.900496996939182
1790423724.0269268,8.987907000118867
1790423724.0270631,39.30464299628511
1790423724.0312266,5.046549020335078
1790423724.0357914,21.28869600710459
1790423724.03622,14.06844099983573
1790423724.0363762,32.89947201847099
1790423724.0364516,6.445286999223754
1790423724.0454164,28.562231978867203
1790423724.045692,20.51327400840819
1790423724.0463345,35.86724799242802
1790423724.047501,17.016483994666487
1790423724.0479817,6.894603982800618
1790423724.0537455,26.099878014065325
1790423724.0541065,1.6458269965369254
1790423724.0579126,24.40555699286051
1790423724.0585306,14.106024987995625
1790423724.0589058,31.83066999190487
1790423724.0589898,4.087571986019611
1790423724.06071,26.428573997691274
1790423724.0614126,14.908440003637224
1790423724.0619113,6.345024012262002
1790423724.0619698,32.98334899591282
1790423724.0648873,24.312987981829792
1790423724.0651636,15.570960007607937
1790423724.065632,28.45350099960342
1790423724.0657172,9.588518994860351
1790423724.067281,1.4627110213041306
1790423724.0714133,3.4655050258152187
1790423724.0721505,3.6074429808650166
1790423724.072293,2.5909340183716267
1790423724.0726907,3.606580983614549
1790423724.073611,1.308763981796801
1790423724.0910358,1.4560029958374798
1790423724.0935714,1.720489002764225
1790423724.0967715,2.5550190184731036
1790423724.0968323,3.1279849936254323
1790423724.0970128,2.4202429922297597
1790423724.0970936,3.9297860057558864
1790423724.1020648,1.145476009696722
1790423724.1161346,1.4360380009748042
1790423724.1233711,1.3648250023834407
1790423724.130581,2.4795990029815584
1790423724.1306734,2.0855480106547475
1790423724.130922,1.7015360062941909
1790423724.1325629,1.3653089990839362
1790423724.133278,1.3847380178049207
1790423724.14085,2.65468200086616
1790423724.1420963,1.2365450093057007
1790423724.1450744,1.5936609997879714
1790423724.1453817,1.4827539853285998
1790423724.1466184,1.229012996191159
1790423724.147235,1.2708589783869684
1790423724.1485465,1.1485270224511623
1790423724.1562412,1.539753982797265
1790423724.1615734,1.40015798388049
1790423724.1642823,1.3518679770641029
1790423724.1739974,1.3231129851192236
1790423724.1761842,1.2490320077631623
1790423724.1780367,1.5236960025504231
1790423724.178822,1.3661769917234778
1790423724.1807816,1.3394889829214662
1790423724.1835694,1.4095809892751276
1790423724.2040148,4.217160982079804
1790423724.205781,1.7547989846207201
1790423724.2078853,26.638352981535718
1790423724.2080312,18.77724300720729
1790423724.208126,6.9385209935717285
1790423724.2130373,2.5797910057008266
1790423724.2142107,22.686461015837267
1790423724.2149887,32.089175016153604
1790423724.2151058,13.172796985600144
1790423724.2163775,1.9957679905928671
1790423724.2169046,14.017909998074174
1790423724.2199452,21.82884601643309
1790423724.2203984,29.833590000635013
1790423724.2214189,5.0298259884584695
1790423724.2221003,1.4531489869114012
1790423724.233734,2.068464003968984
1790423724.2354465,1.6997739730868489
1790423724.2419891,23.874307982623577
1790423724.2423375,3.0103949829936028
1790423724.242835,31.726774002891034
1790423724.2521617,9.813245007535443
1790423724.25246,29.33833099086769
1790423724.2543774,1.6790369991213083
1790423724.2584262,8.625849994132295
1790423724.2744436,33.89602500828914
1790423724.275451,31.027615012135357
1790423724.2756124,4.732691013487056
1790423724.275713,13.262243010103703
1790423724.28286,25.19490901613608
1790423724.283836,20.54957000655122
1790423724.284295,32.96705198590644
1790423724.2844446,2.4734819889999926
1790423724.2861905,22.19178102677688
1790423724.2891188,34.57859199261293
1790423724.2892022,2.706907980609685
1790423724.2910013,22.132711979793385
1790423724.2911396,35.95644098822959
1790423724.3056965,28.81242401781492
1790423724.310755,2.7319020009599626
1790423724.3119955,1.8398149986751378
1790423724.315459,23.751322994939983
1790423724.316495,1.947183976881206
1790423724.318969,1.6583490069024265
1790423724.3190346,23.944023996591568
1790423724.3218079,1.3494149898178875
1790423724.3235497,1.3634729839395732
1790423724.3260288,1.2593510036822408
1790423724.3318088,1.3331399823073298
1790423724.3606534,2.6995239895768464
1790423724.365949,15.65668301191181
1790423724.3667254,8.266844000900164
1790423724.3668063,27.634027996100485
1790423724.382361,28.306792984949425
1790423724.383013,38.40945998672396
1790423724.3835902,22.78877899516374
1790423724.3849823,9.79515298968181
1790423724.3874886,11.28103001974523
1790423724.387959,4.355112003395334
1790423724.390732,33.44253299292177
1790423724.3934145,17.003539018332958
1790423724.3935866,38.29007700551301
1790423724.3947458,9.23110599978827
1790423724.3978786,5.015386006562039
1790423724.3981135,25.00253898324445
1790423724.4053264,31.506100989645347
1790423724.4080684,20.094246981898323
1790423724.4081457,27.899476001039147
1790423724.4082453,7.791061012540013
1790423724.4085042,46.38011800125241
1790423724.4086874,13.927596010034904
1790423724.408773,19.890403986210003
1790423724.4184775,23.414668015902862
1790423724.418567,36.562489985954016
1790423724.4279127,34.22652301378548
1790423724.4286997,29.758536984445527
1790423724.4345474,36.42335199401714
1790423724.435933,20.285361009882763
1790423724.4382515,46.220930002164096
1790423724.4384477,21.842964022653177
1790423724.4385455,5.0773539987858385
1790423724.439132,43.371865991503
1790423724.4392219,3.2734230044297874
1790423724.4405205,59.30642399471253
1790423724.4406295,38.184695004019886
1790423724.442954,39.1900880204048
1790423724.4430406,24.287831009132788
1790423724.443751,2.0820359932258725
1790423724.453272,32.767128985142335
1790423724.453726,8.139953017234802
1790423724.4538162,48.30394699820317
1790423724.4661217,2.7932189987041056
1790423724.4662623,2.337963000172749
1790423724.4678102,1.5382050187326968
1790423724.4788895,2.8303349972702563
1790423724.4795635,1.8107030191458762
1790423724.4852154,2.558564010541886
1790423724.4866045,2.017527003772557
1790423724.497218,20.446876995265484
1790423724.4982257,10.46718200086616
1790423724.4983885,29.251947009470314
1790423724.4996316,3.3467630273662508
1790423724.4997265,4.7519780055154115
1790423724.504689,2.5633570039644837
1790423724.5117173,30.113233980955556
1790423724.511865,18.344596988754347
1790423724.5128767,2.567135001299903
1790423724.5159342,2.00364098418504
1790423724.5167153,1.5998900053091347
1790423724.5277429,2.180707990191877
1790423724.5278208,2.9622169968206435
1790423724.5383303,2.1093219984322786
1790423724.542935,10.390307987108827
1790423724.5430644,5.936164990998805
1790423724.5431495,24.683310999535024
1790423724.5509212,1.9180329982191324
1790423724.5548997,3.3267429971601814
1790423724.5592432,23.620482999831438
1790423724.5619733,27.10679199662991
1790423724.5660646,18.533343012677506
1790423724.566936,32.53397298976779
1790423724.5670679,13.082649995340034
1790423724.57467,2.918837999459356
1790423724.5841331,22.14552302029915
1790423724.584448,44.85009901691228
1790423724.5895352,36.75080600078218
1790423724.5914028,33.03757999674417
1790423724.5916462,35.00107102445327
1790423724.5924304,19.725723017472774
1790423724.5980282,1.847495004767552
1790423724.5983765,38.116274983622134
1790423724.5984457,18.979700020281598
1790423724.5997381,66.29793101456016
1790423724.6007292,17.61207199888304
1790423724.6008365,39.69818400219083
1790423724.6009154,32.794825005112216
1790423724.6049166,3.24626499786973
1790423724.6052258,2.815107989590615
1790423724.6100721,15.93716797651723
1790423724.610626,7.522405998315662
1790423724.6107466,34.36872499878518
1790423724.6139593,2.5794160028453916
1790423724.6153526,2.0711320103146136
1790423724.615701,1.7297040030825883
1790423724.621583,3.2257290149573237
1790423724.6221204,2.3030299926176667
1790423724.6230354,2.2817329736426473
1790423724.6300077,20.946445991285145
1790423724.6344285,17.20031598233618
1790423724.6346686,30.674873007228598
1790423724.6349094,8.923416986363009
1790423724.6480744,21.3924539857544
1790423724.6484604,26.27115198993124
1790423724.6488636,4.351798997959122
1790423724.6515646,19.274114980362356
1790423724.6516511,21.33073500590399
1790423724.6630573,22.649310005363077
1790423724.6635282,10.028989025158808
1790423724.6636372,29.884298011893407
1790423724.6646214,31.44701401470229
1790423724.6647096,14.255793998017907
1790423724.666431,36.21795302024111
1790423724.6665936,21.15525398403406
1790423724.6713097,2.0730849937535822
1790423724.6777873,22.889660991495475
1790423724.6781068,12.185225001303479
1790423724.6818876,11.473632010165602
1790423724.6819994,32.24800300085917
1790423724.6847985,1.5132369881030172
1790423724.690398,3.6134800175204873
1790423724.6907248,15.780412999447435
1790423724.6917603,33.107223018305376
1790423724.6918347,32.51855500275269
1790423724.6920917,4.503911011852324
1790423724.6949453,4.209311009617522
1790423724.695711,30.746016011107713
1790423724.6957881,16.4858789939899
1790423724.6967936,1.839117001509294
1790423724.6973798,1.4336949971038848
1790423724.7130523,20.766144996741787
1790423724.7138352,28.01086998078972
1790423724.714204,16.64513800642453
1790423724.7190948,25.863995018880814
1790423724.7192817,21.256679989164695
1790423724.7196314,14.798963005887344
1790423724.719802,30.860146012855694
1790423724.7199051,4.724473023088649
1790423724.720002,13.933587004430592
1790423724.726688,25.38953398470767
1790423724.7267902,22.88808801677078
1790423724.7287493,1.5850999916438013
1790423724.738656,33.242664008866996
1790423724.7387373,9.84097900800407
1790423724.7410688,32.153014006325975
1790423724.7411714,7.676653011003509
1790423724.747045,2.167945000110194
1790423724.748095,2.0150530035607517
1790423724.750844,33.94628400565125
1790423724.7509403,8.084077999228612
1790423724.7578063,1.8290169828105718
1790423724.7583835,1.6676379891578108
1790423724.7717187,1.7555880185682327
1790423724.7721007,1.438940002117306
1790423724.7759962,2.1403859718702734
1790423724.7776752,2.2856769792269915
1790423724.7924871,1.6447349917143583
1790423724.797657,17.498027998954058
1790423724.8050025,20.41508600814268
1790423724.8057716,29.280289018061012
1790423724.8060863,9.298930002842098
1790423724.8102007,1.6358649882022291
1790423724.8169212,42.343067994806916
1790423724.8204584,32.489925011759624
1790423724.8213522,23.16820400301367
1790423724.8214982,11.161715985508636
1790423724.8215823,36.419632990146056
1790423724.8231964,1.4863050018902868
1790423724.8264275,24.54590200795792
1790423724.827558,33.93373600556515
1790423724.82863,12.860709975939244
1790423724.8291595,3.66352399578318
1790423724.8337016,38.81494401139207
1790423724.8356006,5.045816011261195
1790423724.8357632,19.038768979953602
1790423724.8358474,41.577195981517434
1790423724.835931,29.444741987390444
1790423724.845938,27.74318598676473
1790423724.846804,5.942340998444706
1790423724.8468826,32.88609901210293
1790423724.8511324,1.4157879923004657
1790423724.8583474,16.42184899537824
1790423724.8601654,5.6429159885738045
1790423724.8603528,33.261783013585955
1790423724.8626094,19.2413910117466
1790423724.8627682,29.82336000422947
1790423724.8628564,6.52750299195759
1790423724.871529,23.832188977394253
1790423724.8721952,38.346879999153316
1790423724.8722959,15.040633006719872
1790423724.8803225,1.905305020045489
1790423724.8839867,30.397390015423298
1790423724.8840637,17.149402003269643
1790423724.886349,1.6488380206283182
1790423724.888204,19.421920995227993
1790423724.888295,28.930196014698595
1790423724.8914816,1.626775978365913
1790423724.8918645,1.4934779901523143
1790423724.8964057,1.4263209886848927
1790423724.904378,1.7904620035551488
1790423724.9049609,1.8532369867898524
1790423724.906989,1.5523670008406043
1790423724.9076178,1.4055999927222729
1790423724.9126108,2.6406620163470507
1790423724.9155486,2.2610779851675034
1790423724.9156094,2.756564994342625
1790423724.9174063,22.97625000937842
1790423724.917911,12.927539006341249
1790423724.9184086,7.341132004512474
1790423724.9191327,8.675796998431906
1790423724.9192314,26.303872000426054
1790423724.9193132,5.2461340092122555
1790423724.9333827,2.6091910258401185
1790423724.9334738,2.042418986093253
1790423724.9400187,4.013942991150543
1790423724.940974,28.895869996631518
1790423724.9413402,25.14657998108305
1790423724.9433784,5.959223984973505
1790423724.9435391,3.9681300113443285
1790423724.943626,3.5973310004919767
1790423724.9456356,3.531254013068974
1790423724.9461534,1.7503600101917982
1790423724.953956,1.3850350223947316
1790423724.9576805,1.7166649922728539
1790423724.9628873,29.259168979479
1790423724.9632277,24.802105996059254
1790423724.963316,19.92652501212433
1790423724.9681542,1.6721049905754626
1790423724.975529,2.1115530107636005
1790423724.977319,2.7143320185132325
1790423724.9842389,13.417675014352426
1790423724.9843678,8.682757004862651
1790423724.984468,28.05200099828653
1790423724.9862154,28.486285009421408
1790423724.986639,4.159834003075957
1790423724.9869287,10.558904003119096
1790423724.9871135,15.760041016619653
1790423724.990854,1.6303219890687615
1790423724.9959145,4.287160991225392
1790423724.9964647,4.178050992777571
1790423725.0003908,1.6808639920782298
1790423725.005389,1.7585729947313666
1790423725.0157704,19.84546799212694
1790423725.0197139,25.405202992260456
1790423725.0202165,27.18251198530197
1790423725.0223176,20.498934987699613
1790423725.0224223,14.123409986495972
1790423725.0230327,38.03424199577421
1790423725.0231664,5.708023003535345
1790423725.0327046,29.66666399152018
1790423725.0356276,33.19294098764658
1790423725.035939,22.8074399929028
1790423725.0367813,10.487779014511034
1790423725.0372498,25.93480600626208
1790423725.037374,17.144012002972886
1790423725.037666,42.66224498860538
1790423725.0378551,41.14089999347925
1790423725.040786,22.553108021384105
1790423725.0418074,25.426391017390415
1790423725.043091,14.677667990326881
1790423725.043246,19.621240004198626
1790423725.0433352,34.17443600483239
1790423725.0450332,20.67323398659937
1790423725.063612,29.01272801682353
1790423725.070291,31.28675400512293
1790423725.0707457,4.368699010228738
1790423725.0738592,16.083334980066866
1790423725.0746126,9.615379007300362
1790423725.0752425,39.05322597711347
1790423725.0760055,20.652275998145342
1790423725.0774148,5.751480988692492
1790423725.077579,4.464706988073885
1790423725.079147,57.39186200662516
1790423725.0813532,1.5313980111386627
1790423725.0825562,21.580504981102422
1790423725.0830028,13.269656017655507
1790423725.083392,1.4569680206477642
1790423725.0839307,44.247846002690494
1790423725.0840147,9.390117978909984
1790423725.0857792,1.482465013395995
1790423725.088882,1.3254710065666586
1790423725.0907338,65.87885197950527
1790423725.0931468,31.583403993863612
1790423725.0933745,41.55854901182465
1790423725.094136,53.3377259853296
1790423725.0948906,18.204747000709176
1790423725.095027,69.33016201946884
1790423725.0950968,24.339494993910193
1790423725.0957007,10.614505998091772
1790423725.096566,5.672497994964942
1790423725.0971477,3.6928199988324195
1790423725.0974476,3.3021730196196586
1790423725.099191,1.4498739910777658
1790423725.099735,1.4415270125027746
1790423725.1023543,1.3105999969411641
1790423725.1103358,1.584515004651621
1790423725.1131845,1.8342150142416358
1790423725.1137176,1.8299020011909306
1790423725.1174185,21.70828200178221
1790423725.117728,12.540080992039293
1790423725.118922,29.592727980343625
1790423725.1190007,5.274156981613487
1790423725.1198778,1.760835002642125
1790423725.1223805,1.4218550059013069
1790423725.132936,2.549577009631321
1790423725.1342657,3.410110977711156
1790423725.1352725,3.8880700012668967
1790423725.1357796,2.392830007011071
1790423725.135885,2.157395996619016
1790423725.1423314,1.3050870038568974
1790423725.147379,1.4930469915270805
1790423725.1492789,1.2894289975520223
1790423725.1573687,22.625803016126156
1790423725.1582618,13.746111013460904
1790423725.1583307,7.436488987877965
1790423725.1584136,2.158957999199629
1790423725.1618752,16.489505011122674
1790423725.1629865,10.198639007285237
1790423725.1631262,24.030820990446955
1790423725.1640675,1.6038330213632435
1790423725.1714926,1.6585960111115128
1790423725.1722772,1.5616660239174962
1790423725.1730494,1.5460029826499522
1790423725.1745238,1.141468994319439
1790423725.178602,1.6572060121688992
1790423725.1786642,1.2793420173693448
1790423725.1800106,1.1286950029898435
1790423725.1811686,1.150712021626532
1790423725.1826215,1.444926019757986
1790423725.1833744,1.0978970094583929
1790423725.1890607,1.4164250169415027
1790423725.1903381,1.2687800044659525
1790423725.1958427,1.6438959864899516
1790423725.2044103,1.9883919740095735
1790423725.2050757,1.5688260027673095
1790423725.2090783,22.173450008267537
1790423725.2120721,17.3343819915317
1790423725.2132554,7.574571995064616
1790423725.213352,26.92962301080115
1790423725.2202375,24.131890997523442
1790423725.220664,28.289465990383178
1790423725.2207341,12.353619007626548
1790423725.2337823,1.5134019777178764
1790423725.237883,25.798805989325047
1790423725.2391138,3.0001320119481534
1790423725.2391841,29.177788994275033
1790423725.2393064,2.0355460001155734
1790423725.2397974,1.4546989987138659
1790423725.2416103,1.4764050138182938
1790423725.2422032,1.2140870094299316
1790423725.2463949,1.9493660074658692
1790423725.2489624,1.3343319878913462
1790423725.2540853,1.3603679835796356
1790423725.2553859,1.2892069935332984
1790423725.2615871,1.8997399893123657
1790423725.26634,1.603751996299252
1790423725.2669477,17.30827402207069
1790423725.267468,7.271014008438215
1790423725.2675447,22.19061501091346
1790423725.269536,1.3632170157507062
1790423725.2720735,1.2304320116527379
1790423725.2738276,1.5553929843008518
1790423725.280303,1.7312569834757596
1790423725.2860427,1.878955983556807
1790423725.2878358,1.7815199971664697
1790423725.2950897,1.6617520013824105
1790423725.301903,1.9322099979035556
1790423725.302574,26.28547200583853
1790423725.303304,27.81007401063107
1790423725.304609,11.720219015842304
1790423725.3049269,2.774235006654635
1790423725.305505,2.9221390141174197
1790423725.307901,1.3956709881313145
1790423725.3168914,1.7438990180380642
1790423725.3210242,2.362454979447648
1790423725.322123,1.9327850022818893
1790423725.3227959,1.434420992154628
1790423725.324089,20.72051799041219
1790423725.3242157,4.936534009175375
1790423725.3242793,25.0490189937409
1790423725.3273873,1.3566889974754304
1790423725.3310697,1.6076359897851944
1790423725.3318098,1.425305992597714
1790423725.339372,1.4721350162290037
1790423725.3421178,1.3425789948087186
1790423725.3481793,1.4041480026207864
1790423725.3544774,2.3808889964129776
1790423725.3545709,22.70709801814519
1790423725.354953,1.809793000575155
1790423725.3570542,1.7522890120744705
1790423725.357927,1.6728960035834461
1790423725.3602672,1.2289790029171854
1790423725.3642762,1.263698999537155
1790423725.3678062,1.8650050042197108
1790423725.3699424,2.8065710212104023
1790423725.3707385,2.290837001055479
1790423725.372565,1.6835860151331872
1790423725.3771946,3.19918998866342
1790423725.3773365,2.855236001778394
1790423725.3890069,19.781441980740055
1790423725.3894038,24.679827998625115
1790423725.3894956,14.192160015227273
1790423725.4059105,29.71263599465601
1790423725.4060202,24.67086398974061
1790423725.4067042,2.0082819974049926
1790423725.4086633,28.21481501450762
1790423725.4087887,5.8954319974873215
1790423725.4103389,1.541963021736592
1790423725.4150195,1.5888760099187493
1790423725.4179273,2.421504002995789
1790423725.4255915,2.435397997032851
1790423725.426226,1.6113719902932644
1790423725.4313698,24.2829289927613
1790423725.4314482,14.949186996091157
1790423725.4337115,1.7684609920252115
1790423725.4380417,1.5320689999498427
1790423725.4453022,1.4609789941459894
1790423725.4479578,1.491772010922432
1790423725.4570432,1.8951650126837194
1790423725.4587,19.476904009934515
1790423725.4588277,30.279558995971456
1790423725.4589095,10.107043985044584
1790423725.461603,18.637281988048926
1790423725.4619381,12.562420015456155
1790423725.4620478,28.73212401755154
1790423725.4661002,1.9303799781482667
1790423725.4669104,2.201150025939569
1790423725.4688847,1.4605179894715548
1790423725.4723115,1.6546959814149886
1790423725.4726813,1.49118501576595
1790423725.4771035,25.0681710022036
1790423725.4772413,11.12904300680384
1790423725.4773073,27.25481500965543
1790423725.4800355,1.156762009486556
1790423725.4863336,2.5552500155754387
1790423725.4870098,1.6245839942712337
1790423725.4870708,2.2328589984681457
1790423725.498226,2.2306229802779853
1790423725.499205,1.9943919905927032
1790423725.5041504,3.139332984574139
1790423725.5058193,2.9218519921414554
1790423725.511963,1.6796959971543401
1790423725.517877,1.3893220166210085
1790423725.5200517,1.2351630139164627
1790423725.5246174,10.805330006405711
1790423725.5247734,23.172326997155324
1790423725.5254133,1.777466997737065
1790423725.5274794,1.2531069805845618
1790423725.5300846,1.9883190107066184
1790423725.5310497,2.2330489882733673
1790423725.5320773,2.494339016266167
1790423725.5321326,1.6171290189959109
1790423725.5443785,1.5889730129856616
1790423725.5451424,1.4936930092517287
1790423725.5479884,1.4556349779013544
1790423725.5638952,1.8258210038766265
1790423725.5713332,16.559304989641532
1790423725.5718708,29.596745007438585
1790423725.572184,30.5662130122073
1790423725.572522,4.263759998138994
1790423725.5731664,1.8219100020360202
1790423725.58813,30.86749798967503
1790423725.5882366,13.275833014631644
1790423725.588344,33.00507299718447
1790423725.5907433,27.732995979022235
1790423725.5908313,11.806874012108892
1790423725.6001127,29.42224300932139
1790423725.6002355,18.619563983520493
1790423725.601898,1.478480000514537
1790423725.6060345,19.752096995944157
1790423725.6063619,27.951907977694646
1790423725.6234398,24.693529994692653
1790423725.6235213,26.436702988576144
1790423725.6252608,1.4881130191497505
1790423725.6258216,1.4888150035403669
1790423725.6387134,24.362972006201744
1790423725.6387835,11.226264003198594
1790423725.6417522,1.610851992154494
1790423725.645033,15.525536990026012
1790423725.6451116,23.137506999773905
1790423725.645317,30.34226401359774
1790423725.645862,1.376388012431562
1790423725.646142,2.7355789788998663
1790423725.6521292,2.8144909883849323
1790423725.6530027,1.4808279811404645
1790423725.6625538,1.4040069945622236
1790423725.668645,1.912467007059604
1790423725.6722312,21.66218700585887
1790423725.6725645,1.966541021829471
1790423725.6726682,22.80038598109968
1790423725.6727536,4.821697017177939
1790423725.6785157,2.669922017958015
1790423725.680437,2.926104993093759
1790423725.6806064,3.717340005096048
1790423725.680807,4.519613983575255
1790423725.6808999,2.375002979533747
1790423725.6822655,1.1643040052149445
1790423725.6867511,2.085223008180037
1790423725.6868403,1.850365981226787
1790423725.6869144,2.7357990038581192
1790423725.688589,1.1780190106946975
1790423725.6897123,1.1157459812238812
1790423725.6911242,1.404681010171771
1790423725.6919308,1.402723981300369
1790423725.7014742,1.5039230056572706
1790423725.7035,1.8706700066104531
1790423725.710395,1.6150909941643476
1790423725.7127504,1.3490410055965185
1790423725.7179468,15.210701007163152
1790423725.7181308,26.76549000898376
1790423725.7188349,1.8839150143321604
1790423725.7220685,13.96292299614288
1790423725.722357,23.359871993307024
1790423725.7228098,1.390709017869085
1790423725.7273135,1.5657869807910174
1790423725.7322252,1.7188600031659007
1790423725.7330103,2.0903769764117897
1790423725.7361162,1.7195029940921813
1790423725.7362027,2.3181269934866577
1790423725.746019,20.75344100012444
1790423725.7472196,26.790001982590184
1790423725.7472973,15.060292993439361
1790423725.747434,2.567367017036304
1790423725.747523,10.564313008217141
1790423725.7523756,1.4418369974009693
1790423725.7527308,2.3888909781817347
1790423725.7552354,21.849748998647556
1790423725.7556581,2.1119029843248427
1790423725.7559261,18.432195007335395
1790423725.7559838,27.391648007323965
1790423725.761009,1.2579020112752914
1790423725.7626066,1.3277110119815916
1790423725.7643678,1.290262007387355
1790423725.772854,1.9000089960172772
1790423725.7731876,1.7158539849333465
1790423725.773774,24.30557500338182
1790423725.7743251,15.36625498556532
1790423725.774385,4.451430024346337
1790423725.7772188,1.4893599727656692
1790423725.7779896,1.4676149876322597
1790423725.7815194,1.223719009431079
1790423725.7821114,1.291492983000353
1790423725.7866888,1.3197719817981124
1790423725.7938952,2.3283580085262656
1790423725.7953925,2.147877006791532
1790423725.7956996,1.5491520171053708
1790423725.8040574,1.3877269811928272
1790423725.8054564,22.975220024818555
1790423725.8060503,13.790283992420882
1790423725.8068082,1.280815020436421
1790423725.810437,1.320642011705786
1790423725.812836,1.1849490110762417
1790423725.8151286,1.3705480087082833
1790423725.8158941,1.4549119805451483
1790423725.818237,1.077923021512106
1790423725.8233173,1.2458619894459844
1790423725.8282595,1.1613760143518448
1790423725.8298395,1.2832169886678457
1790423725.8329487,1.3227960153017193
1790423725.833532,1.4305570221040398
1790423725.8411717,1.2202869984321296
1790423725.8488119,1.3510829885490239
1790423725.8542337,20.12719798949547
1790423725.856635,1.4243490004446357
1790423725.8581154,1.471039984608069
1790423725.8593957,1.2716609926428646
1790423725.8704975,1.3457029999699444
1790423725.8719616,1.186761975986883
1790423725.8783798,1.4776300231460482
1790423725.882897,3.441168024437502
1790423725.8848,4.419506993144751
1790423725.8849325,3.929830010747537
1790423725.8851793,2.271615987410769
1790423725.887931,1.2235209869686514
1790423725.8897638,1.4671960088890046
1790423725.8902833,1.5717649948783219
1790423725.8979182,1.431766984751448
1790423725.899879,1.482516003306955
1790423725.900318,1.463560009142384
1790423725.9021037,1.2228760169818997
1790423725.902824,1.4695509744342417
1790423725.903342,1.1171410151291639
1790423725.9145193,1.4381060027517378
1790423725.9232225,2.0563959842547774
1790423725.9280274,1.4498640084639192
1790423725.9349155,1.895140012493357
1790423725.935879,1.9364729814697057
1790423725.939441,3.2595680095255375
1790423725.9395878,24.257361015770584
1790423725.9396791,17.926926986547187
1790423725.9441576,1.4220989833120257
1790423725.9483104,1.4900060195941478
1790423725.9501193,1.7988109902944416
1790423725.953616,1.815777999581769
1790423725.954138,1.5195980085991323
1790423725.9603908,22.980471985647455
1790423725.9610124,10.882525995839387
1790423725.9612112,26.16021002177149
1790423725.9668498,1.467677007894963
1790423725.9748669,1.3782420137431473
1790423725.978465,1.7586000030860305
1790423725.9792807,1.636002998566255
1790423725.9807982,1.5073649992700666
1790423725.984695,1.3031670241616666
1790423725.9902356,14.801543002249673
1790423725.990506,22.493450989713892
1790423725.9905732,10.555515997111797
1790423726.0003371,3.489367984002456
1790423726.000404,2.9971409821882844
1790423726.0012212,3.0512670055031776
1790423726.0041153,1.2363819987513125
1790423726.0056074,1.3860140170436352
1790423726.01763,17.088399996282533
1790423726.0197885,28.057344985427335
1790423726.020232,13.332939997781068
1790423726.02769,3.1660660170018673
1790423726.0306356,29.405267006950453
1790423726.0309842,4.740251024486497
1790423726.0318317,32.36686598393135
1790423726.0322685,23.948040005052462
1790423726.03394,16.103339003166184
1790423726.034151,18.115348007995635
1790423726.0415769,34.00151198729873
1790423726.0478246,15.545763017144054
1790423726.0481887,9.170150005957112
1790423726.052031,21.03407500544563
1790423726.0535226,39.772351999999955
1790423726.0572793,19.816747022559866
1790423726.057964,1.780050981324166
1790423726.0593128,15.438108996022493
1790423726.0594203,26.556332013569772
1790423726.0594864,34.128484985558316
1790423726.0611982,1.5126099751796573
1790423726.0638008,27.055254991864786
1790423726.0643804,34.38616800121963
1790423726.0644457,11.615069990511984
1790423726.0721695,17.805864015826955
1790423726.0722322,33.966132992645726
1790423726.0782034,1.7093050119001418
1790423726.0782695,2.3553429928142577
1790423726.0844493,1.222856022650376
1790423726.0883703,1.720781991025433
1790423726.088966,1.3667519961018115
1790423726.0913243,1.7848070128820837
1790423726.091668,1.6828409861773252
1790423726.0959587,1.1206060007680207
1790423726.1076148,1.5073659888003021
1790423726.109685,1.1929789907298982
1790423726.1123874,1.186770008644089
1790423726.1139536,1.2427360052242875
1790423726.1142533,1.1469869932625443
1790423726.1207876,1.2905640178360045
1790423726.1248162,1.348074001725763
1790423726.1277807,1.3071870198473334
1790423726.1285605,18.72781099518761
1790423726.129223,21.2396270071622
1790423726.1293,10.676313017029315
1790423726.1323352,1.949010998941958
1790423726.1340234,1.5210150158964097
1790423726.134695,1.5410629857797176
1790423726.1360471,1.2282309762667865
1790423726.1379483,1.4089499891269952
1790423726.1391246,1.876310008810833
1790423726.140317,1.7186969926115125
1790423726.1446972,13.176189007936046
1790423726.1500185,13.823984016198665
1790423726.1534977,28.36217498406768
1790423726.1536026,14.092864003032446
1790423726.1656086,1.8268029962200671
1790423726.1697176,21.326305984985083
1790423726.1697955,28.708592988550663
1790423726.171286,25.967201014282182
1790423726.171387,30.891042988514528
1790423726.1714609,4.669063986511901
1790423726.1754541,1.8868799961637706
1790423726.18569,29.865518998121843
1790423726.1859472,6.890143005875871
1790423726.1860406,28.178274020319805
1790423726.1865613,1.8966640054713935
1790423726.18928,1.3252089847810566
1790423726.1900394,23.802654002793133
1790423726.1904268,6.621854001423344
1790423726.1983862,1.7587890033610165
1790423726.1994855,2.328207017853856
1790423726.200504,1.398180000251159
1790423726.2040174,1.7007220012601465
1790423726.2068095,2.474202017765492
1790423726.2080517,2.4522019957657903
1790423726.2090561,1.842791010858491
1790423726.2105205,2.143140009138733
1790423726.2119007,1.3716670218855143
1790423726.2157884,1.603535987669602
1790423726.220458,22.0625439833384
1790423726.2212236,25.329169002361596
1790423726.2217119,11.593959003221244
1790423726.2217884,16.87167101772502
1790423726.2238445,1.353113999357447
1790423726.228666,1.5626800013706088
1790423726.2331898,1.5137949958443642
1790423726.240857,10.752717003924772
1790423726.2409453,24.483379995217547
1790423726.2454612,1.4819639909546822
1790423726.247194,1.5233779849950224
1790423726.2555692,1.4284189965110272
1790423726.2598014,1.325652003288269
1790423726.2618425,2.032018994214013
1790423726.2619147,1.6411370015703142
1790423726.2651834,1.7988730105571449
1790423726.2659209,1.7206130141858011
1790423726.2731338,15.936306997900829
1790423726.273824,1.8247929983772337
1790423726.2748568,25.157494004815817
1790423726.2749507,14.138853992335498
1790423726.2750208,9.826392022660002
1790423726.276508,2.316825994057581
1790423726.2780097,2.053192991297692
1790423726.278603,1.29068098613061
1790423726.2846825,21.925920998910442
1790423726.2874858,10.967634996632114
1790423726.2883534,21.646925015375018
1790423726.2887778,26.49009699234739
1790423726.2892203,3.511304996209219
1790423726.2900596,3.7905019999016076
1790423726.2905474,2.183917007641867
1790423726.29062,1.7649700166657567
1790423726.2922359,1.2298010115046054
1790423726.2957356,1.5026250039227307
1790423726.2965264,1.567478000652045
1790423726.303703,2.625864988658577
1790423726.3058972,3.913336026016623
1790423726.3068182,3.6334839824121445
1790423726.3176425,18.688528012717143
1790423726.3197293,1.5807579911779612
1790423726.3226397,17.737004993250594
1790423726.3227174,26.894237991655245
1790423726.3254986,1.7162069852929562
1790423726.32758,22.19295600662008
1790423726.3299222,1.706623996142298
1790423726.3299978,26.24338399618864
1790423726.3317022,1.2892360100522637
1790423726.3332202,1.3368370127864182
1790423726.3337784,1.3169670128263533
1790423726.3370829,1.2218359916005284
1790423726.337583,1.247446984052658
1790423726.3391764,1.0703820153139532
1790423726.3437884,2.6926230057142675
1790423726.354486,13.728443998843431
1790423726.3645303,24.772258009761572
1790423726.3663297,24.277886986965314
1790423726.3664663,16.955792991211638
1790423726.3679695,16.735156008508056
1790423726.371109,29.50978299486451
1790423726.3711963,23.644163011340424
1790423726.3715103,12.347582000074908
1790423726.3715808,22.645069024292752
1790423726.3760645,18.364046001806855
1790423726.376349,36.25571698648855
1790423726.3766057,30.47649801010266
1790423726.379263,1.4084540016483516
1790423726.3806539,1.3092159933876246
1790423726.3833768,1.3976290065329522
1790423726.3859882,1.2549539969768375
1790423726.3930168,1.258353004232049
1790423726.3976555,1.4659709995612502
1790423726.4067528,1.7795040039345622
1790423726.409464,1.950775011209771
1790423726.4100204,2.932649978902191
1790423726.4125206,2.029666007729247
1790423726.4125884,1.6439490136690438
1790423726.4135,22.235410986468196
1790423726.4140306,9.632540022721514
1790423726.4142454,4.7722680028527975
1790423726.4158053,1.4498879900202155
1790423726.420335,1.1556390090845525
1790423726.4235415,1.1784140078816563
1790423726.4253206,1.5126559883356094
1790423726.4258626,1.2811660126317292
1790423726.4290576,1.2385599839035422
1790423726.4308624,1.5055830008350313
1790423726.4321725,1.1471140023786575
1790423726.434161,1.1099139810539782
1790423726.4367478,1.1880869860760868
1790423726.441861,1.4681569882668555
1790423726.442123,1.2768739834427834
1790423726.4432905,1.086954987840727
1790423726.4495432,1.1861420061904937
1790423726.451386,1.1138600239064544
1790423726.4543786,1.5420799900311977
1790423726.4554877,1.8186179804615676
1790423726.4560738,1.2336369836702943
1790423726.4589972,2.0444809924811125
1790423726.4590483,1.5410030027851462
1790423726.4623573,1.1824060056824237
1790423726.470637,2.0228509965818375
1790423726.4706974,1.6612830222584307
1790423726.4742103,1.1832480086013675
1790423726.4755294,1.2208560074213892
1790423726.4794421,1.3496970059350133
1790423726.4806416,1.7685109924059361
1790423726.4814227,1.3548920105677098
1790423726.486533,1.2122280022595078
1790423726.4894426,1.1871589813381433
1790423726.4973943,1.5240619832184166
1790423726.4979398,1.4135079982224852
1790423726.5018778,1.4700480096507818
1790423726.5024126,1.1745700030587614
1790423726.516078,1.4450799790211022
1790423726.5189939,1.4882829855196178
1790423726.5213318,2.3270870151463896
1790423726.5265293,1.6600420058239251
1790423726.5304437,22.008296014973894
1790423726.5309114,25.931237993063405
1790423726.5309834,10.248464997857809
1790423726.532002,2.4970099912025034
1790423726.5334973,1.282037002965808
1790423726.5453866,1.5703449898865074
1790423726.5522988,2.034086995990947
1790423726.5523763,2.847302006557584
1790423726.5584776,9.482349996687844
1790423726.5704193,23.073422984452918
1790423726.5711927,14.835175999905914
1790423726.5722475,3.2776719890534878
1790423726.572333,33.34530399297364
1790423726.5739372,18.131541000911966
1790423726.5740356,35.78278800705448
1790423726.5797398,12.640800006920472
1790423726.5838623,3.639642003690824
1790423726.592175,28.76933600055054
1790423726.5934865,36.29906300920993
1790423726.5936902,6.505378987640142
1790423726.5944862,19.383259990718216
1790423726.5946445,6.699952995404601
1790423726.5954564,13.915146002545953
1790423726.5956745,18.62113201059401
1790423726.5957491,6.082117004552856
1790423726.5958874,42.64599599991925
1790423726.5959792,13.371142995310947
1790423726.5960526,43.37621500599198
1790423726.5982938,19.405941013246775
1790423726.6041317,2.414293005131185
1790423726.604965,19.558442989364266
1790423726.6058612,9.11568698938936
1790423726.6059597,38.00052299629897
1790423726.6118011,3.3786179847083986
1790423726.611891,2.8713149949908257
1790423726.6224253,33.880050003062934
1790423726.6225266,12.284494994673878
1790423726.6226556,24.912713997764513
1790423726.62323,2.9432339943014085
1790423726.6235027,1.9145680125802755
1790423726.6290839,14.085703005548567
1790423726.6291738,25.659203005488962
1790423726.6298842,1.8735670018941164
1790423726.6324325,1.399143977323547
1790423726.6331327,1.3853420095983893
1790423726.6381536,1.598150993231684
1790423726.6387508,1.2872290099039674
1790423726.6408343,1.1924080026801676
1790423726.6589265,2.4363189877476543
1790423726.6613598,3.804740001214668
1790423726.6617224,3.720255015650764
1790423726.6672354,2.5697500095702708
1790423726.667555,20.99773898953572
1790423726.6678357,8.71966700651683
1790423726.6678994,23.266464995685965
1790423726.6682675,1.8395140068605542
1790423726.6738687,1.55216600978747
1790423726.6775994,1.5099410084076226
1790423726.6819832,1.4280210016295314
1790423726.6824372,22.69152700318955
1790423726.683263,23.05169601459056
1790423726.6833339,8.753472997341305
1790423726.6879227,1.4873679901938885
1790423726.6936884,2.0562199933920056
1790423726.6947067,2.4058929993771017
1790423726.6957722,2.6728329830802977
1790423726.6958976,2.1987069922033697
1790423726.696751,1.3796910061500967
1790423726.69793,1.171169977169484
1790423726.7006624,1.4013090112712234
1790423726.7027328,1.2132030096836388
1790423726.704753,1.2346200237516314
1790423726.7073803,1.3821969914715737
1790423726.7087522,1.1881870159413666
1790423726.7139957,1.2783049896825105
1790423726.716317,1.3578720099758357
1790423726.7212145,2.1291860030032694
1790423726.7212698,1.727695984300226
1790423726.7241087,1.2652709847316146
1790423726.7274544,2.0528330060187727
1790423726.727848,1.8254790047649294
1790423726.7307646,1.426053000614047
1790423726.738978,1.3245469890534878
1790423726.7406483,1.4235239941626787
1790423726.7409487,1.2991059920750558
1790423726.7421794,1.1533719953149557
1790423726.7426245,1.1199740110896528
1790423726.7462413,1.6026390076149255
1790423726.7467391,1.3430709950625896
1790423726.7509542,1.1598810087889433
1790423726.7560062,1.253416994586587
1790423726.7868295,24.05361898127012
1790423726.788947,32.52535901265219
1790423726.7896464,7.579333003377542
1790423726.7903042,16.772644012235105
1790423726.790991,16.454812983283773
1790423726.7921016,25.84283601026982
1790423726.7922447,34.82104200520553
1790423726.792349,40.352359996177256
1790423726.7924962,8.649366005556658
1790423726.7926219,15.95781699870713
1790423726.7944076,35.8685250103008
1790423726.7944942,8.150686015142128
1790423726.8012025,20.840356999542564
1790423726.801872,1.7977480019908398
1790423726.8050601,1.772581017576158
1790423726.8108375,1.411967008607462
1790423726.8117263,22.066311008529738
1790423726.812383,1.4471850008703768
1790423726.8160145,37.13569199317135
1790423726.8163838,8.907813986297697
1790423726.8195615,24.910480016842484
1790423726.819641,33.81232899846509
1790423726.819745,11.67368798633106
1790423726.8275166,1.4300199982244521
1790423726.8289425,1.4178619894664735
1790423726.83176,2.0196929981466383
1790423726.8321044,1.8680230132304132
1790423726.8329222,2.0271280081942677
1790423726.8358064,2.3212940141092986
1790423726.8359263,2.015197998844087
1790423726.8362668,1.7610669892746955
1790423726.8399744,21.8519140034914
1790423726.840448,12.45642700814642
1790423726.8405118,8.397809986490756
1790423726.8439875,1.3630010071210563
1790423726.848073,2.063688007183373
1790423726.8484204,1.7121880082413554
1790423726.8656058,24.54301100806333
1790423726.8667932,8.068391005508602
1790423726.8670504,23.71609100373462
1790423726.8679245,22.346976009430364
1790423726.8680153,4.549464007141069
1790423726.868402,4.362855019280687
1790423726.8685255,9.284100000513718
1790423726.8686025,27.075207995949313
1790423726.8725445,1.5456120017915964
1790423726.8756351,1.4075899962335825
1790423726.8800938,1.949459023308009
1790423726.8905106,28.97502400446683
1790423726.8906658,18.887059995904565
1790423726.8940003,27.08514701225795
1790423726.8946135,21.177274000365287
1790423726.8946934,7.155030994908884
1790423726.9012918,40.252407983643934
1790423726.9028404,4.921599000226706
1790423726.9030108,27.318468026351184
1790423726.9067564,27.583357004914433
1790423726.9121723,1.985143986530602
1790423726.9147377,30.250893003540114
1790423726.9153106,13.829959003487602
1790423726.9153993,3.9671850099693984
1790423726.919208,30.93060798710212
1790423726.9193637,16.30170800490305
1790423726.9198916,2.5983369851019233
1790423726.9255335,7.693347986787558
1790423726.9257643,20.3611169999931
1790423726.9258428,27.161928010173142
1790423726.9329193,1.4156319957692176
1790423726.9344344,1.3903789804317057
1790423726.9420223,1.555516995722428
1790423726.9464023,26.465895993169397
1790423726.946486,7.559362013125792
1790423726.946562,25.79245899687521
1790423726.9491615,25.058640021597967
1790423726.949736,27.62822000659071
1790423726.9498222,10.361730004660785
1790423726.9536712,2.614405006170273
1790423726.954518,1.7211819940712303
1790423726.954807,2.555593993747607
1790423726.9666173,1.4673639961984009
1790423726.9686234,2.7192269917577505
1790423726.976316,24.729767988901585
1790423726.977032,2.1848439937457442
1790423726.977352,15.262753993738443
1790423726.9774218,10.154412011615932
1790423726.9852798,21.485482982825488
1790423726.9886198,25.53066299878992
1790423726.9887652,20.74219100177288
1790423726.9940917,1.4779940247535706
1790423726.9960742,1.6190749884117395
1790423727.0036762,3.1745120068080723
1790423727.0101724,3.751909011043608
1790423727.0103672,15.145088982535526
1790423727.0105448,31.252804008545354
1790423727.015043,1.6828970110509545
1790423727.0205855,28.783824003767222
1790423727.0218482,13.237088976893574
1790423727.0223236,23.829496989492327
1790423727.0224442,6.154169008368626
1790423727.022529,34.61763000814244
1790423727.0239642,1.3036540185566992
1790423727.0334754,22.141488996567205
1790423727.034087,17.13664797716774
1790423727.0342212,32.29708000435494
1790423727.0343277,6.308117997832596
1790423727.0347686,29.80051899794489
1790423727.0350468,22.75437000207603
1790423727.0355983,32.52660800353624
1790423727.0367577,18.469989008735865
1790423727.0379107,7.578799006296322
1790423727.0432463,23.998271994059905
1790423727.0443485,8.62383798812516
1790423727.0444927,13.254894001875073
1790423727.0445845,27.0362879964523
1790423727.0565794,24.672912986716256
1790423727.058968,5.199420003918931
1790423727.0592086,31.80777802481316
1790423727.0658965,12.996530975215137
1790423727.0684254,11.705600976711139
1790423727.0685034,31.47081600036472
1790423727.0705462,1.5278960054274648
1790423727.074991,33.18572498392314
1790423727.0750914,16.952007019426674
1790423727.075172,22.867160994792357
1790423727.07906,1.512252987595275
1790423727.0828903,22.454923018813133
1790423727.0829816,34.244097012560815
1790423727.086697,2.4334589834325016
1790423727.0896132,1.6380260058213025
1790423727.09224,2.2532870061695576
1790423727.0940962,31.6966499958653
1790423727.0943954,9.372077998705208
1790423727.0946612,3.59160199877806
1790423727.094828,35.433012002613395
1790423727.1098132,22.446577000664547
1790423727.1251755,32.32936700806022
1790423727.125344,20.7985469896812
1790423727.1254408,12.977065984159708
1790423727.1292686,2.046623994829133
1790423727.13372,26.59467200282961
1790423727.1338649,13.97195499157533
1790423727.1345499,32.53873498761095
1790423727.1354363,7.548385998234153
1790423727.1366076,1.7786069947760552
1790423727.1374853,40.129739994881675
1790423727.142952,13.66952300304547
1790423727.1436996,33.401120017515495
1790423727.1437747,22.958222980378196
1790423727.1444147,40.77631401014514
1790423727.145515,4.280901979655027
1790423727.1484778,61.72430299920961
1790423727.1497457,18.22913100477308
1790423727.1501358,44.70141799538396
1790423727.150298,24.251899973023683
1790423727.1504548,5.889782012673095
1790423727.1505926,38.77144999569282
1790423727.1570566,1.8928229983430356
1790423727.159953,27.800334995845333
1790423727.160393,14.093306002905592
1790423727.1609948,3.132477984763682
1790423727.1610665,30.626831983681768
1790423727.1614134,2.7624530193861574
1790423727.1748142,13.156041997717693
1790423727.1749659,31.773644004715607
1790423727.1750412,27.762245008489117
1790423727.1844788,8.389013994019479
1790423727.1872563,31.283085991162807
1790423727.1898324,3.8373649877030402
1790423727.2004073,15.319160011131316
1790423727.2073398,19.20566998887807
1790423727.2080028,29.13011799682863
1790423727.2081223,14.215603994671255
1790423727.208317,23.60417999443598
1790423727.2156668,32.34393202001229
1790423727.2161343,21.17892898968421
1790423727.2162206,2.8007900109514594
1790423727.2184384,31.168854009592906
1790423727.2185252,16.53826900292188
1790423727.220677,20.979338005417958
1790423727.2220356,35.50591500243172
1790423727.22303,8.567187003791332
1790423727.2246122,2.139401010936126
1790423727.2256105,8.165892999386415
1790423727.2261996,3.0172830156516284
1790423727.232602,2.5949540140572935
1790423727.2342815,27.709109999705106
1790423727.2343533,35.42615901096724
1790423727.2350297,14.341247006086633
1790423727.2350879,9.026721003465354
1790423727.2355216,3.4125260135624558
1790423727.235589,4.050121002364904
1790423727.2432184,21.678501012502238
1790423727.2433188,16.6036709852051
1790423727.2440307,26.16626300732605
1790423727.2441437,4.26089798565954
1790423727.2442245,2.2234439966268837
1790423727.248751,2.228637022199109
1790423727.2494588,1.4432580210268497
1790423727.2495093,2.006841008551419
1790423727.2561073,1.7826160183176398
1790423727.2563782,1.406999013852328
1790423727.2578716,1.285409991396591
1790423727.264189,1.5304959961213171
1790423727.2649097,1.5718569920863956
1790423727.2655175,1.320190989645198
1790423727.2764351,22.640114999376237
1790423727.276776,14.578436996089295
1790423727.2773438,24.018305994104594
1790423727.2774093,4.574608989059925
1790423727.2791853,1.3501609792001545
1790423727.2905755,15.548336989013478
1790423727.2906544,24.97066301293671
1790423727.2960317,2.047776011750102
1790423727.2963636,1.7702569894026965
1790423727.3050041,2.4265300016850233
1790423727.3210485,13.923124992288649
1790423727.3214154,26.12749201944098
1790423727.321588,17.092954978579655
1790423727.3245409,1.7627569905016571
1790423727.3322072,12.804325990146026
1790423727.3347228,7.438013999490067
1790423727.334858,31.36762700160034
1790423727.3374722,1.7208060016855597
1790423727.337885,1.6125300026033074
1790423727.3397884,33.3471059857402
1790423727.3399239,6.642869004281238
1790423727.3401372,21.709535998525098
1790423727.3407273,2.465626981575042
1790423727.3472173,1.639741996768862
1790423727.349171,2.68463502288796
1790423727.350251,1.9731830107048154
1790423727.3535423,1.8008319893851876
1790423727.3548322,10.2167539880611
1790423727.355158,20.177716010948643
1790423727.3555062,37.70601798896678
1790423727.3556216,6.977134995395318
1790423727.3556783,2.577443025074899
1790423727.3579452,1.3664290017914027
1790423727.3616369,1.3499530032277107
1790423727.3623104,1.371902006212622
1790423727.3696947,1.6469779948238283
1790423727.370581,1.5328990120906383
1790423727.376548,1.4010730083100498
1790423727.3794572,1.4374929887708277
1790423727.3839493,1.254123984836042
1790423727.3875186,1.634779997402802
1790423727.387824,1.5000929997768253
1790423727.4067254,1.8315810011699796
1790423727.4081411,2.3098859819583595
1790423727.4140358,22.772410011384636
1790423727.4141421,12.32979100313969
1790423727.4168699,1.536232972284779
1790423727.4245183,20.906816993374377
1790423727.425254,28.110388026107103
1790423727.4254322,6.499009003164247
1790423727.4362674,29.011166014242917
1790423727.4365025,14.046369004063308
1790423727.43721,2.097723016049713
1790423727.43765,3.341673989780247
1790423727.4523351,20.166995003819466
1790423727.459229,28.057149989763275
1790423727.4595356,18.541839002864435
1790423727.4670284,41.53680900344625
1790423727.4682658,22.646347992122173
1790423727.4791021,51.78797501139343
1790423727.4864748,33.09799698763527
1790423727.487112,36.98638902278617
1790423727.4965959,32.88627997972071
1790423727.4974127,42.45163997984491
1790423727.4987164,34.38239000388421
1790423727.4989989,54.10807297448628
1790423727.5007539,50.037376990076154
1790423727.500826,9.26475299638696
1790423727.501306,16.884634009329602
1790423727.5019896,28.867236978840083
1790423727.5022576,54.85243501607329
1790423727.5044105,57.8541950089857
1790423727.5052185,43.29986797529273
1790423727.5086887,36.298831983003765
1790423727.5093365,70.03254201845266
1790423727.509542,44.54829398309812
1790423727.5100667,57.67495799227618
1790423727.5104182,35.57331699994393
1790423727.51049,23.367353016510606
1790423727.5105867,16.904815012821928
1790423727.5106468,6.892439007060602
1790423727.515629,53.020138991996646
1790423727.5162268,46.52433400042355
1790423727.5163782,62.35678298980929
1790423727.517046,33.99187300237827
1790423727.5186536,30.335129995364696
1790423727.518751,18.5924629913643
1790423727.5188513,22.98009698279202
1790423727.5189483,12.709542992524803
1790423727.5308192,10.027788986917585
1790423727.5309136,29.548271995736286
1790423727.5339139,50.15160399489105
1790423727.53402,2.2269229812081903
1790423727.534114,58.55818299460225
1790423727.5355458,46.337184990989044
1790423727.5357535,38.32798602525145
1790423727.542227,29.78412198717706
1790423727.552023,22.691431979183108
1790423727.5550883,26.473375008208677
1790423727.555215,31.128250993788242
1790423727.5720239,21.669182984624058
1790423727.5733454,50.586867990205064
1790423727.573744,32.57969897822477
1790423727.5859094,24.610647989902645
1790423727.5880568,18.302613985724747
1790423727.5881631,66.7894090001937
1790423727.5901577,39.16767501505092
1790423727.590948,43.06273499969393
1790423727.591773,42.15824499260634
1790423727.5918646,43.24863597867079
1790423727.5919635,28.566666005644947
1790423727.5922506,21.06235100654885
1790423727.5928884,58.39626700617373
1790423727.594432,8.508661994710565
1790423727.5957181,8.182656019926071
1790423727.5971966,43.36799701559357
1790423727.5976443,2.4452950165141374
1790423727.603905,44.15433801477775
1790423727.6045728,13.890665984945372
1790423727.6047812,4.493710002861917
1790423727.604868,26.94669002084993
1790423727.604967,39.26740199676715
1790423727.6054034,9.67458900413476
1790423727.6069086,5.153582023922354
1790423727.6074693,38.60035099205561
1790423727.6081884,47.740250010974705
1790423727.6085956,23.632708995137364
1790423727.6105702,4.853965016081929
1790423727.6108158,12.208820990053937
1790423727.6108844,17.15483097359538
1790423727.616658,1.5337259974330664
1790423727.6182702,1.5204939991235733
1790423727.6209605,26.51754900580272
1790423727.6213799,21.973530994728208
1790423727.6216197,31.45033700275235
1790423727.621881,12.149185000453144
1790423727.6244626,1.511943992227316
1790423727.6264894,1.3312119990587234
1790423727.6291106,17.0830900024157
1790423727.6298137,28.760743007296696
1790423727.6298873,6.106610991992056
1790423727.6353817,1.2983919878024608
1790423727.640093,1.2185630039311945
1790423727.6414814,1.1625589977484196
1790423727.6483717,1.7401270160917193
1790423727.648464,2.289981988724321
1790423727.6524954,1.6410390089731663
1790423727.653119,1.285810983972624
1790423727.657819,1.213103998452425
1790423727.6596484,1.738691993523389
1790423727.6607316,1.5892280207481235
1790423727.6708603,1.6368880169466138
1790423727.673832,1.756647980073467
1790423727.6840239,30.02949000801891
1790423727.684932,19.144977995892987
1790423727.6850193,30.62219501589425
1790423727.685332,8.637704013381153
1790423727.6857004,2.523879986256361
1790423727.6908047,9.864754014415666
1790423727.6949286,26.293079979950562
1790423727.6964295,17.32194100623019
1790423727.6965475,32.10670800763182
1790423727.696649,6.536289991345257
1790423727.7065058,26.875523995840922
1790423727.7078257,31.912181002553552
1790423727.7079582,12.408192997099832
1790423727.7080784,3.202652995241806
1790423727.7086697,2.3734840215183794
1790423727.70917,27.143384999362752
1790423727.7092428,7.153720012865961
1790423727.7119257,1.2440659920684993
1790423727.7184243,1.3616799842566252
1790423727.7259347,1.3890510017517954
1790423727.7272956,1.3528580020647496
1790423727.7296212,1.3073790178168565
1790423727.7310517,1.193964999401942
1790423727.7352858,1.3161800161469728
1790423727.737533,1.301173004321754
1790423727.741741,1.4389909920282662
1790423727.7529948,19.55152998561971
1790423727.7557883,24.626216996693984
1790423727.7558632,3.56342300074175
1790423727.756389,2.1493509993888438
1790423727.7579763,1.5759959933348
1790423727.7608516,1.2152059935033321
1790423727.7705753,16.932689992245287
1790423727.771573,5.232463998254389
1790423727.7716498,24.36690899776295
1790423727.7775419,2.6551219925750047
1790423727.7791836,2.8648109873756766
1790423727.78661,19.7981940000318
1790423727.7872787,25.06207799888216
1790423727.7873595,9.062666998943314
1790423727.7915313,27.23300101934001
1790423727.7917364,17.89667797856964
1790423727.7918417,9.98015800723806
1790423727.7926967,1.7142650031019002
1790423727.7955513,1.5749380108900368
1790423727.800322,1.586165017215535
1790423727.8062334,3.497546014841646
1790423727.8070352,24.395256012212485
1790423727.8071375,30.11710601276718
1790423727.8072476,11.448695993749425
1790423727.8168187,19.723831996088848
1790423727.817348,6.49071199586615
1790423727.8174713,33.35273699485697
1790423727.817611,28.190731012728065
1790423727.8210793,1.3647240120917559
1790423727.8336792,29.704458022024482
1790423727.8338065,18.42519798083231
1790423727.8346806,26.66540798963979
1790423727.8362472,17.450923012802377
1790423727.8375273,23.30056097707711
1790423727.8376007,9.357420989545062
1790423727.837756,4.6892070095054805
1790423727.8378334,34.332873998209834
1790423727.8379312,32.428485981654376
1790423727.8387997,1.9829910015687346
1790423727.8427382,1.463633991079405
1790423727.8462396,1.3443520001601428
1790423727.8499115,1.8571950204204768
1790423727.8505242,1.3601669925265014
1790423727.8697271,2.4365239951293916
1790423727.8708756,26.466909010196105
1790423727.8710074,17.16502898489125
1790423727.8716645,2.6676249981392175
1790423727.8852277,1.9482210045680404
1790423727.889558,5.303869984345511
1790423727.890167,28.154636005638167
1790423727.8912692,34.16717701475136
1790423727.8929174,34.72646899172105
1790423727.8930476,36.58680300577544
1790423727.8933072,18.182994972448796
1790423727.893395,7.67027901019901
1790423727.8934908,13.172893988667056
1790423727.893975,4.407008003909141
1790423727.8959908,1.4402850065380335
1790423727.9036255,1.6589240112807602
1790423727.9063253,1.4775610179640353
1790423727.9122782,1.7287590017076582
1790423727.915118,1.933018007548526
1790423727.9162908,25.49688599538058
1790423727.916416,29.906993004260585
1790423727.9164898,10.15494400053285
1790423727.9186873,1.4037729997653514
1790423727.9259176,1.9836169958580285
1790423727.9259708,1.61096197552979
1790423727.9297943,1.9486680103000253
1790423727.9308996,23.468864004826173
1790423727.9312546,24.417811015155166
1790423727.9315672,12.868966994574293
1790423727.9316735,2.8462610207498074
1790423727.9524493,1.6703400178812444
1790423727.9604812,20.761538005899638
1790423727.966947,26.755226019304246
1790423727.967751,12.137318000895903
1790423727.9681232,4.288176976842806
1790423727.9682453,29.265271994518116
1790423727.9715896,29.11068600951694
1790423727.9735398,24.960748007288203
1790423727.976824,43.86752299615182
1790423727.9769368,23.23494100710377
1790423727.9820836,24.21268800389953
1790423727.9865046,24.832508992403746
1790423727.9959104,23.4466319961939
1790423727.9985151,27.984953019768
1790423728.0007775,34.891654999228194
1790423728.000897,27.345843001967296
1790423728.0017707,10.560836002696306
1790423728.0019176,45.375605986919254
1790423728.0019963,2.9144129948690534
1790423728.005573,36.015450983541086
1790423728.0062091,27.786558988736942
1790423728.0066316,10.396061989013106
1790423728.0068069,4.798854002729058
1790423728.0069337,38.15734898671508
1790423728.0070558,43.891280016396195
1790423728.018019,20.686475007096305
1790423728.0181377,38.13876700587571
1790423728.0182917,63.671345997136086
1790423728.0201333,23.824280011467636
1790423728.0202887,17.05612600198947
1790423728.0203652,39.006690989481285
1790423728.0229676,35.02226498676464
1790423728.0294425,7.767389994114637
1790423728.0295262,36.23261701432057
1790423728.0394466,2.198071015300229
1790423728.0401547,16.704367997590452
1790423728.0406153,31.389066978590563
1790423728.040687,2.9425519751384854
1790423728.0467677,2.0794029987882823
1790423728.0469108,2.7251489809714258
1790423728.0490718,19.139362004352733
1790423728.0504448,32.14003599714488
1790423728.0509446,10.247260972391814
1790423728.0519152,6.401275983080268
1790423728.052621,1.6654549981467426
1790423728.056214,1.6402869950979948
1790423728.0630298,27.08847398753278
1790423728.0646522,3.1851550156716257
1790423728.0648253,31.179657991742715
1790423728.064971,17.404915997758508
1790423728.0650322,23.746395017951727
1790423728.0650897,8.401088998652995
1790423728.0761693,18.725751986494288
1790423728.0762546,28.20992801571265
1790423728.0763175,29.18258201680146
1790423728.0779755,1.44738401286304
1790423728.0850909,22.948163998080418
1790423728.0875015,1.6397970030084252
1790423728.091288,12.107916991226375
1790423728.0935962,1.6761879960540682
1790423728.1061583,27.53031300380826
1790423728.106234,8.96368600660935
1790423728.1063285,26.60586399724707
1790423728.1170628,26.872321992414072
1790423728.1172547,18.745632987702265
1790423728.117926,1.6720900021027774
1790423728.1230955,16.203824983676895
1790423728.1232383,26.44237401545979
1790423728.1233215,4.54742499277927
1790423728.128878,15.849317016545683
1790423728.129219,2.7857580280397087
1790423728.1297145,18.309993000002578
1790423728.130194,36.21703601675108
1790423728.1309314,3.4421400050632656
1790423728.1324477,1.5058830031193793
1790423728.1346252,14.524518977850676
1790423728.1353505,1.5110620006453246
1790423728.1363735,32.19852800248191
1790423728.136479,7.590802997583523
1790423728.1418178,18.130704993382096
1790423728.141938,11.734346015146002
1790423728.1420953,3.6162030010018498
1790423728.1422746,31.96771297371015
1790423728.143112,3.399959998205304
1790423728.1475313,1.8400830158498138
1790423728.1487799,1.986488001421094
1790423728.1494014,1.3189679884817451
1790423728.1638057,1.5173770079854876
1790423728.166246,2.1521540184039623
1790423728.1681862,25.780325988307595
1790423728.1686618,27.67308897455223
1790423728.1689556,13.018530997214839
1790423728.1695867,4.9701879906933755
1790423728.1734366,1.472603005822748
1790423728.1791074,18.03583701257594
1790423728.183448,1.4318360190372914
1790423728.183866,27.44336798787117
1790423728.1840963,17.84005298395641
1790423728.1875057,1.5883689920883626
1790423728.1925673,1.298704999499023
1790423728.1980603,1.5792959893587977
1790423728.2025156,1.555775001179427
1790423728.2130573,24.775500991381705
1790423728.213193,20.049949001986533
1790423728.2132654,2.288649993715808
1790423728.2159145,1.8747510039247572
1790423728.2273116,1.8337279907427728
1790423728.2278025,1.8094920087605715
1790423728.2321,1.451199990697205
1790423728.236425,1.9592620083130896
1790423728.238361,17.245608003577217
1790423728.2384217,2.953399991383776
1790423728.2389205,4.945026012137532
1790423728.2390285,2.735658985329792
1790423728.239095,24.489720002748072
1790423728.241167,1.1561340070329607
1790423728.2448845,1.4717620215378702
1790423728.2512422,1.714244979666546
1790423728.2518492,1.277303003007546
1790423728.256559,1.1869230074808002
1790423728.2702143,2.3430910077877343
1790423728.2710407,1.5422809810843319
1790423728.2946093,11.956617003306746
1790423728.30058,34.829918993636966
1790423728.3007889,17.483168019680306
1790423728.3066096,34.0093609993346
1790423728.3082173,40.83277899189852
1790423728.3084004,28.55161199113354
1790423728.311147,18.203117011580616
1790423728.3113081,42.64018899993971
1790423728.316388,31.518628995399922
1790423728.317097,59.255579981254414
1790423728.3254044,48.55141800362617
1790423728.3276744,26.229985000099987
1790423728.328316,50.77320401323959
1790423728.3287647,38.611046998994425
1790423728.3312428,26.363769982708618
1790423728.3315408,18.509351008106023
1790423728.3316169,67.0960060087964
1790423728.3319268,52.61770900688134
1790423728.332022,37.27695098496042
1790423728.333371,44.72022000118159
1790423728.3351028,30.144313001073897
1790423728.34037,32.139187009306625
1790423728.3414223,41.82065001805313
1790423728.3419302,17.3872500017751
1790423728.3423076,21.979324985295534
1790423728.3423913,12.540418014395982
1790423728.3424523,3.076611988944933
1790423728.3434463,14.458477991865948
1790423728.343544,24.723568989429623
1790423728.348135,38.72596600558609
1790423728.3492396,16.710376017726958
1790423728.3508987,26.987821998773143
1790423728.351066,39.60625801119022
1790423728.3642728,12.621370027773082
1790423728.3643754,42.167417996097356
1790423728.3685305,1.8345209828112274
1790423728.3703337,36.59023900399916
1790423728.370713,22.18528397497721
1790423728.371139,2.5976329925470054
1790423728.37124,18.605307006509975
1790423728.3765993,27.346047980245203
1790423728.378269,34.327586996369064
1790423728.379275,5.004008999094367
1790423728.3795922,17.808536998927593
1790423728.3828804,32.64434798620641
1790423728.3831837,20.266622013878077
1790423728.3844965,38.1171369808726
1790423728.3846416,8.736200979910791
1790423728.3918946,4.1851109999697655
1790423728.3922825,3.9951569924596697
1790423728.3938503,2.4912529916036874
1790423728.4055452,27.89349900558591
1790423728.415086,31.12467800383456
1790423728.4170492,43.43545000301674
1790423728.4189756,28.094240988139063
1790423728.4215772,32.525087997782975
1790423728.4229712,28.49465300096199
1790423728.4233706,27.586868993239477
1790423728.4235587,11.538704013219103
1790423728.4240901,6.793006992666051
1790423728.429841,51.56035500112921
1790423728.430253,1.672320009674877
1790423728.4304101,24.73462000489235
1790423728.4312441,17.050152993761003
1790423728.4365528,12.450125010218471
1790423728.4376366,33.3425989956595
1790423728.4388278,38.42719498788938
1790423728.439337,26.552902010735124
1790423728.4394317,18.63892999244854
1790423728.4399996,2.2069890110287815
1790423728.4489381,8.928100985940546
1790423728.4490476,45.9089890064206
1790423728.451176,35.54725099820644
1790423728.452022,58.70407400652766
1790423728.4526694,26.759765984024853
1790423728.4532442,45.74559201137163
1790423728.4542933,44.647011993220076
1790423728.454416,9.252500982256606
1790423728.455242,5.889704014407471
1790423728.4559355,3.2570380135439336
1790423728.4560544,6.325419992208481
1790423728.456113,5.606607010122389
1790423728.4563806,3.127495991066098
1790423728.457767,1.2365919828880578
1790423728.4620547,1.943290000781417
1790423728.4642406,1.3077470066491514
1790423728.4801524,1.51657999958843
1790423728.4855094,24.281557998619974
1790423728.48558,19.26381600787863
1790423728.491442,1.9272479985374957
1790423728.492865,16.887225006939843
1790423728.492963,24.56983699812554
1790423728.49321,3.3392890181858093
1790423728.5002615,1.5631520072929561
1790423728.5037863,1.7215209954883903
1790423728.511892,1.945720985531807
1790423728.5119653,23.389504989609122
1790423728.515633,23.783550976077095
1790423728.5167708,28.69898302014917
1790423728.5187955,14.483803999610245
1790423728.5231,9.685369004728273
1790423728.5242207,33.54360398952849
1790423728.524585,13.922704005381092
1790423728.5252705,21.47387500735931
1790423728.5261822,8.701144019141793
1790423728.526381,38.8196770218201
1790423728.5282056,8.222884003771469
1790423728.5409539,34.291152987862006
1790423728.5433576,29.026187025010586
1790423728.5436172,20.502439001575112
1790423728.5458236,29.404587985482067
1790423728.5460656,21.466697013238445
1790423728.5503275,37.47629199642688
1790423728.5511417,3.2421099895145744
1790423728.5512443,8.976987010100856
1790423728.5579443,31.328690005466342
1790423728.5596766,15.85530600277707
1790423728.560079,40.90664099203423
1790423728.5611196,7.508588983910158
1790423728.561663,33.909780002431944
1790423728.56367,19.098231015959755
1790423728.5640414,36.888374015688896
1790423728.5643952,5.5552200064994395
1790423728.56447,59.52235698350705
1790423728.5699873,1.91949398140423
1790423728.5700474,38.87966100592166
1790423728.5728705,33.923673996469006
1790423728.5751083,28.472025995142758
1790423728.5753126,14.82032099738717
1790423728.5760686,1.788868015864864
1790423728.5784507,1.9869190000463277
1790423728.5831542,1.7315770091954619
1790423728.5850039,7.794381002895534
1790423728.5851831,23.093861003872007
1790423728.5852792,30.61598597560078
1790423728.585579,2.4111639941111207
1790423728.5888646,1.6116559854708612
1790423728.592439,1.5551589895039797
1790423728.5993433,2.0015960035379976
1790423728.599427,18.623302021296695
1790423728.5997207,26.575386989861727
1790423728.5997815,10.906168987276033
1790423728.6015413,1.379228982841596
1790423728.6019797,1.247451000381261
1790423728.605173,1.488421024987474
1790423728.6054554,1.308787992456928
1790423728.608448,1.1355669994372874
1790423728.6265543,1.6290020139422268
1790423728.6311643,2.3694369883742183
1790423728.6312263,20.04077102174051
1790423728.6467733,1.6848089871928096
1790423728.649788,19.75631300592795
1790423728.6511333,25.68564997636713
1790423728.652044,4.06409299466759
1790423728.6522415,13.913109985878691
1790423728.6528144,3.662878996692598
1790423728.653237,1.9590890151448548
1790423728.6631665,1.6310670180246234
1790423728.6651702,26.436607993673533
1790423728.6652532,14.582701987819746
1790423728.6692414,3.017429989995435
1790423728.6710498,2.426446008030325
1790423728.6938298,24.387943994952366
1790423728.694179,9.885492007015273
1790423728.6953814,37.13059198344126
1790423728.7026997,21.842718007974327
1790423728.7031438,40.75227398425341
1790423728.7032175,21.605907997582108
1790423728.7056255,38.19747400120832
1790423728.7060962,20.1626890047919
1790423728.7062285,7.387115998426452
1790423728.7068899,23.27304202481173
1790423728.707033,35.773479990893975
1790423728.7076328,17.231727979378775
1790423728.7104661,25.226100988220423
1790423728.711202,7.216852012788877
1790423728.7189152,24.571610993007198
1790423728.7224367,28.243011998711154
1790423728.7311232,6.064569985028356
1790423728.7332227,40.71046898025088
1790423728.7338648,17.016443016473204
1790423728.7345612,24.08487899811007
1790423728.7357109,28.66684101172723
1790423728.7372699,4.540719994110987
1790423728.737384,5.817183991894126
1790423728.737708,29.04164302162826
1790423728.7412102,1.8029860220849514
1790423728.741799,1.4330949925351888
1790423728.747944,52.219359000446275
1790423728.749269,43.030244996771216
1790423728.7499816,29.705056018428877
1790423728.750668,37.22450599889271
1790423728.7507713,15.810162003617734
1790423728.7508392,8.078145008767024
1790423728.7566676,48.61995100509375
1790423728.7573361,28.24698298354633
1790423728.7579243,22.57563199964352
1790423728.7579918,14.04426697990857
1790423728.7722986,3.411796991713345
1790423728.7753687,7.513711985666305
1790423728.78239,11.548735987162217
1790423728.7826636,19.52921599149704
1790423728.7930505,26.44773101201281
1790423728.7932434,22.000427008606493
1790423728.7977777,35.15727201011032
1790423728.8033187,27.222139004152268
1790423728.803406,19.690517015988007
1790423728.8037648,35.36686400184408
1790423728.8055325,28.887638996820897
1790423728.8072808,22.81799100455828
1790423728.807375,15.221153997117653
1790423728.8074472,12.051471014274284
1790423728.8076947,35.90174097917043
1790423728.808332,52.93001202517189
1790423728.8176434,31.287515012081712
1790423728.8178802,38.78369499580003
1790423728.818084,40.168623003410175
1790423728.8181632,20.328954997239634
1790423728.8182492,4.124044004129246
1790423728.8262107,39.35291600646451
1790423728.8266366,45.95280098146759
1790423728.8267856,26.61061901017092
1790423728.8271177,45.51267801434733
1790423728.8276894,12.753277987940237
1790423728.8291893,25.300131004769355
1790423728.834546,1.799629011657089
1790423728.834596,26.403547992231324
1790423728.8355045,3.6422130069695413
1790423728.8355758,28.934094996657223
1790423728.8380067,41.876575007336214
1790423728.8380957,15.131004009163007
1790423728.838373,1.3415529974736273
1790423728.8451948,1.4613019884563982
1790423728.8475504,2.0458160142879933
1790423728.8483539,1.9856379949487746
1790423728.8484175,1.26788901980035
1790423728.8549237,1.2229860003571957
1790423728.8623798,1.7521209956612438
1790423728.8728132,2.0415500039234757
1790423728.883808,2.2309189953375608
1790423728.885611,24.369842023588717
1790423728.885736,22.89830899098888
1790423728.8888605,2.222858020104468
1790423728.8939025,2.582323009846732
1790423728.8944137,28.206854010932148
1790423728.8948224,7.444670016411692
1790423728.8949249,29.286866018082947
1790423728.9021254,11.89837499987334
1790423728.92607,21.971206995658576
1790423728.9409025,35.610810009529814
1790423728.942407,27.16545999282971
1790423728.9432282,39.941115013789386
1790423728.9437814,12.060203007422388
1790423728.9439075,19.379781995667145
1790423728.943997,54.31286001112312
1790423728.9473581,55.11896501411684
1790423728.947538,33.78938397509046
1790423728.9539857,31.92780099925585
1790423728.954461,4.164129990385845
1790423728.9550366,26.986434997525066
1790423728.9552827,47.692835010821
1790423728.9564807,19.006524002179503
1790423728.9573946,37.67424001125619
1790423728.9584274,52.43467300897464
1790423728.9586918,52.084775001276284
1790423728.9588068,22.316210001008585
1790423728.959105,33.6713430006057
1790423728.959854,4.046435002237558
1790423728.9599323,6.621061009354889
1790423728.9631703,60.88417599676177
1790423728.9633088,52.829413005383685
1790423728.964064,41.120732988929376
1790423728.9648132,50.38856397732161
1790423728.9653366,35.76188298757188
1790423728.9661832,26.230165996821597
1790423728.9663403,7.069760991726071
1790423728.9674006,1.9000699976459146
1790423728.9705188,1.4432439929805696
1790423728.9730997,2.3616070102434605
1790423728.974181,1.5979020099621266
1790423728.9747639,1.266606996068731
1790423728.977249,1.383228984195739
1790423728.9836118,32.42854500422254
1790423728.9838202,12.059504020726308
1790423728.9839835,23.453991016140208
1790423728.9852967,3.0154410051181912
1790423728.986428,1.612766005564481
1790423728.9871116,1.6736219986341894
1790423728.9920807,1.2064879992976785
1790423728.9945185,2.3492159962188452
1790423728.995182,2.5757100083865225
1790423729.000505,1.2108449882362038
1790423729.0024753,1.3491950230672956
1790423729.0150914,13.556114019593224
1790423729.0160398,21.35830299812369
1790423729.016185,2.556244988227263
1790423729.0162468,20.68804801092483
1790423729.0163121,22.856961004436016
1790423729.0163674,9.179874003166333
1790423729.018801,1.2239560019224882
1790423729.0223172,1.2086729984730482
1790423729.0250723,1.4949869946576655
1790423729.0348866,2.1569989912677556
1790423729.0361989,2.2003189951647073
1790423729.0372124,1.8988090159837157
1790423729.040871,1.418277999619022
1790423729.0449562,6.748826010152698
1790423729.0475698,17.530628974782303
1790423729.0483508,25.26853300514631
1790423729.0484982,10.900969005888328
1790423729.0495331,2.4132679973263294
1790423729.0512462,2.175717003410682
1790423729.05644,1.5074779803398997
1790423729.0622978,1.6677310049999505
1790423729.0630267,12.341177993221208
1790423729.0631397,24.347503000171855
1790423729.073577,1.6230370092671365
1790423729.075431,22.459741012426093
1790423729.0755007,29.48484299122356
1790423729.0766919,2.5538529735058546
1790423729.0786939,1.8268050043843687
1790423729.0793772,1.5151209954638034
1790423729.096181,3.0653199937660247
1790423729.098374,22.278731019468978
1790423729.098713,31.189298984827474
1790423729.0991943,5.121944006532431
1790423729.1184464,36.30742701352574
1790423729.1195133,8.15882399911061
1790423729.1198282,36.25451499829069
1790423729.1200886,14.204505016095936
1790423729.120381,20.327842998085544
1790423729.1205552,7.893601985415444
1790423729.1349368,25.9937179798726
1790423729.1368847,28.785392991267145
1790423729.1377099,40.760506002698094
1790423729.1378295,12.417330028256401
1790423729.1423035,2.4029760097619146
1790423729.1424413,16.16002302034758
1790423729.1425996,35.7909009908326
1790423729.1505191,1.8314469780307263
1790423729.1589508,29.842406016541645
1790423729.1606665,8.252466999692842
1790423729.1614323,7.325418991968036
1790423729.1616082,22.405715979402885
1790423729.162365,41.922750999219716
1790423729.162981,42.29302899329923
1790423729.164307,2.861696993932128
1790423729.1643915,3.711878991452977
1790423729.1757622,30.693570006405935
1790423729.1762602,20.978046988602728
1790423729.176692,9.515599987935275
1790423729.1823092,2.272934012580663
1790423729.183576,27.58071999414824
1790423729.1837955,34.260969987371936
1790423729.1838894,10.21149501320906
1790423729.1848817,2.0567750034388155
1790423729.187497,1.738723018206656
1790423732.299292,1.7184430034831166
1790423732.305498,1.8508409848436713
1790423732.3108587,2.7190900000277907
1790423732.3116565,1.8990040116477758
1790423732.3234663,3.1428029760718346
1790423732.3235607,3.1168079876806587
1790423732.3253896,24.478853010805324
1790423732.326004,11.859490012284368
1790423732.3260996,25.80254597705789
1790423732.3270855,3.250565001508221
1790423732.3311021,16.10524600255303
1790423732.3312004,26.863805018365383
1790423732.3318825,6.478463998064399
1790423732.3336146,1.7201750015374273
1790423732.343816,1.759844017215073
1790423732.3483872,2.0089420140720904
1790423732.3503516,1.6016569861676544
1790423732.3579974,2.676464995602146
1790423732.3651397,12.647661002120003
1790423732.3664415,2.0698250154964626
1790423732.3714955,20.97659799619578
1790423732.3721066,32.38272701855749
1790423732.3733263,16.591977997450158
1790423732.3734155,4.648417001590133
1790423732.3744924,23.44725001603365
1790423732.377525,7.417783985147253
1790423732.3781626,32.40960798575543
1790423732.378685,20.446031994652003
1790423732.3803284,5.298164993291721
1790423732.3823595,4.823735012905672
1790423732.3824494,3.7540060002356768
1790423732.3863053,23.910782008897513
1790423732.3874576,14.784700004383922
1790423732.3879347,8.7803459900897
1790423732.3883502,36.48143299506046
1790423732.4001977,2.4063529854174703
1790423732.4075613,2.1086219931021333
1790423732.414324,21.46399501361884
1790423732.4156513,13.900538993766531
1790423732.4158664,19.172291009454057
1790423732.416293,40.24184899753891
1790423732.417003,21.310757991159335
1790423732.4173326,37.19993898994289
1790423732.4176185,6.080965016735718
1790423732.4177856,14.512052992358804
1790423732.4178545,9.82645500334911
1790423732.4181924,3.450124990195036
1790423732.4232395,18.731463991571218
1790423732.4233277,1.5671940054744482
1790423732.4238265,33.737396996002644
1790423732.4238868,11.780731001636013
1790423732.4269288,1.3064939994364977
1790423732.4319444,1.2264910037629306
1790423732.4325726,1.3549559807870537
1790423732.436235,1.3739519927185029
1790423732.4442835,1.259657001355663
1790423732.4466171,1.2727509893011302
1790423732.4531412,1.2811829801648855
1790423732.4572523,1.4223579782992601
1790423732.460742,3.2834239827934653
1790423732.4619105,2.9753890121355653
1790423732.4631944,2.4409579928033054
1790423732.463747,1.6219830140471458
1790423732.4647918,15.147433994570747
1790423732.465993,24.691992992302403
1790423732.4698722,11.842445994261652
1790423732.4716144,5.254570016404614
1790423732.475838,5.955722997896373
1790423732.4770322,1.7963729915209115
1790423732.49323,25.006745010614395
1790423732.4957635,26.631651999196038
1790423732.4966612,29.30343200569041
1790423732.5024695,30.841937026707456
1790423732.5031388,30.170270998496562
1790423732.5041108,38.796623004600406
1790423732.504197,16.000742005417123
1790423732.5074108,33.400606975192204
1790423732.5083187,19.31173200136982
1790423732.509526,39.2101010074839
1790423732.5101628,11.302733008051291
1790423732.5104067,31.68209397699684
1790423732.510639,3.9872560009825975
1790423732.512202,7.0623869833070785
1790423732.5129714,7.253808027599007
1790423732.5132847,33.80092899897136
1790423732.517453,2.677244017831981
1790423732.5187874,2.191594016039744
1790423732.5216837,1.8026330217253417
1790423732.5239558,64.43461400340311
1790423732.5247896,22.947709017898887
1790423732.5252278,41.376989014679566
1790423732.5268521,9.387922997120768
1790423732.526966,14.751793001778424
1790423732.5280683,1.8794700154103339
1790423732.531277,2.6775200094562024
1790423732.5353036,1.5618840116076171
1790423732.5360465,22.604442987358198
1790423732.5389998,2.8368580096866935
1790423732.543325,24.040251009864733
1790423732.5437465,32.23413400701247
1790423732.5438926,14.869723003357649
1790423732.5443573,6.733183021424338
1790423732.548505,2.3812839935999364
1790423732.5496857,26.750740013085306
1790423732.5513413,4.630473005818203
1790423732.5515394,13.046218024101108
1790423732.5519164,22.225163993425667
1790423732.5643563,24.580697994679213
1790423732.5646925,17.227587988600135
1790423732.5647707,28.096071007894352
1790423732.5744622,34.11483101081103
1790423732.57455,33.56859600171447
1790423732.5748298,3.1531029962934554
1790423732.5749424,22.29323101346381
1790423732.5760388,2.775981993181631
1790423732.5816903,29.662866989383474
1790423732.5817914,14.201525977114215
1790423732.5835536,24.084468983346596
1790423732.5842936,9.128575009526685
1790423732.5843954,34.352182992734015
1790423732.5892522,1.9043920037802309
1790423732.5927985,1.3738650013692677
1790423732.5988257,1.5420080162584782
1790423732.6074152,1.560122997034341
1790423732.6136913,1.7717419832479209
1790423732.614319,26.531640003668144
1790423732.6144552,27.759818971389905
1790423732.6145895,5.156286002602428
1790423732.6192367,1.5095009875949472
1790423732.623927,1.6016160079743713
1790423732.6305,20.06911498028785
1790423732.6305797,10.577765991911292
1790423732.6312413,30.704882985446602
1790423732.6337767,3.0340829980559647
1790423732.634539,2.954558003693819
1790423732.6349645,1.9249540055170655
1790423732.6380508,32.67551999306306
1790423732.638355,26.85095398919657
1790423732.6391478,7.134418992791325
1790423732.6392183,18.681864981772378
1790423732.640608,1.9521249923855066
1790423732.6408923,1.4813120069447905
1790423732.6430628,1.2809440086130053
1790423732.6449654,1.361147005809471
1790423732.6464093,1.307831989834085
1790423732.6494572,1.3166040007490665
1790423732.6606474,18.34188398788683
1790423732.6630735,26.42332698451355
1790423732.663169,8.734125003684312
1790423732.671498,1.6137289931066334
1790423732.6817482,20.152519980911165
1790423732.682729,2.3474490153603256
1790423732.6829035,10.460750025231391
1790423732.6829982,33.01114900386892
1790423732.684346,17.466566001530737
1790423732.6851127,29.095991980284452
1790423732.6854713,9.091890009585768
1790423732.68635,2.9047180141787976
1790423732.686416,2.0577380200847983
1790423732.697831,2.563273999840021
1790423732.7034638,37.01277801883407
1790423732.703622,34.82432899181731
1790423732.704283,11.536117002833635
1790423732.704556,26.306990010198206
1790423732.7059882,4.040611005621031
1790423732.709049,5.414674989879131
1790423732.71073,2.534106984967366
1790423732.71902,14.451130002271384
1790423732.7192855,25.99938999628648
1790423732.72013,29.004242998780683
1790423732.7202237,8.497587987221777
1790423732.723287,1.449891016818583
1790423732.732138,24.73697401001118
1790423732.733573,18.220092984847724
1790423732.7336688,27.668527996866032
1790423732.7338045,32.67638001125306
1790423732.7353027,2.1998340089339763
1790423732.7358627,15.188774996204302
1790423732.736154,26.924297999357805
1790423732.7362175,1.8188999965786934
1790423732.7460868,1.3573050091508776
1790423732.746719,1.2648260162677616
1790423732.7483618,1.1424570111557841
1790423732.7526503,1.3414550048764795
1790423732.7587192,1.2716279888991266
1790423732.7605696,1.1902340047527105
1790423732.7664294,1.3525040121749043
1790423732.7719755,1.2171230046078563
1790423732.7733376,1.1618669959716499
1790423732.7909443,23.306240007514134
1790423732.7912757,8.971144998213276
1790423732.7996612,26.20527902035974
1790423732.7997844,13.331770984223112
1790423732.8005095,11.923426995053887
1790423732.8006456,25.781876989640296
1790423732.8012733,2.3270219971891493
1790423732.8070467,1.8260850047226995
1790423732.8074727,1.7081130063161254
1790423732.8130772,15.238791995216161
1790423732.8133724,27.946183021413162
1790423732.8135285,2.419876982457936
1790423732.8155484,1.5805319999344647
1790423732.815935,1.4582180010620505
1790423732.8179364,1.5615670126862824
1790423732.8218806,1.316907990258187
1790423732.8256774,1.6135960177052766
1790423732.8287694,3.0824449786450714
1790423732.833682,4.3933319975622
1790423732.8439076,31.676192011218518
1790423732.8457177,18.39495898457244
1790423732.8466184,38.39774100924842
1790423732.8467085,28.762164001818746
1790423732.84761,17.934039002284408
1790423732.848084,11.611400987021625
1790423732.856589,28.697863017441705
1790423732.860899,30.739122012164444
1790423732.8625412,22.967502009123564
1790423732.864764,18.731513002421707
1790423732.8659718,39.559708995511755
1790423732.8667934,17.839539010310546
1790423732.867303,32.828000985318795
1790423732.867806,34.69060600036755
1790423732.8681006,26.924128003884107
1790423732.86967,21.57269901363179
1790423732.8706918,39.876021997770295
1790423732.8710287,39.244426996447146
1790423732.8711574,31.0217329824809
1790423732.871362,43.062545999418944
1790423732.8714962,7.80116900568828
1790423732.8723922,2.709137013880536
1790423732.8729424,29.567300982307643
1790423732.8789115,36.544825008604676
1790423732.878999,16.19205198949203
1790423732.8794968,4.336037993198261
1790423732.8937237,26.409616984892637
1790423732.8955355,15.168301993981004
1790423732.8956265,33.66734602604993
1790423732.8998735,8.570578997023404
1790423732.902016,31.827838014578447
1790423732.9021635,4.415437986608595
1790423732.912519,3.7151149881538004
1790423732.9135227,20.37129201926291
1790423732.9147408,35.15328298090026
1790423732.9159892,3.143406007438898
1790423732.9163272,6.885680020786822
1790423732.9164681,16.580037015955895
1790423732.916688,21.768886013887823
1790423732.9178772,2.4814020143821836
1790423732.9183564,16.91166197997518
1790423732.9184713,32.16788699501194
1790423732.9185455,7.800165010849014
1790423732.919844,23.18591601215303
1790423732.9216366,2.3776999732945114
1790423732.922542,1.4930949837435037
1790423732.9264128,22.94609500677325
1790423732.9272494,15.393312001833692
1790423732.9273841,7.1745610039215535
1790423732.9274833,31.64250700501725
1790423732.9342067,1.4149889757391065
1790423732.941599,1.829449989600107
1790423732.9417214,2.4328150029759854
1790423732.9423609,1.910717022838071
1790423732.944546,1.7537130042910576
1790423732.945175,1.9197659858036786
1790423732.9473813,1.4533209905494004
1790423732.9489202,1.5308180009014904
1790423732.9492555,1.4027070137672126
1790423732.9533596,1.1602290032897145
1790423732.9610615,1.5136440051719546
1790423732.9682753,2.0387529802974313
1790423732.9698193,2.756685978965834
1790423732.9703074,1.9436829898040742
1790423732.987799,2.1996150026097894
1790423732.9896255,26.858666009502485
1790423732.9899285,2.9145970183890313
1790423732.9900513,28.79192598629743
1790423732.9901507,15.626328997313976
1790423732.9927611,1.3552699820138514
1790423732.997017,1.3174090126994997
1790423732.9971824,19.800077978288755
1790423732.9980502,28.826203022617847
1790423732.9981089,4.626995010767132
1790423733.0000792,1.3882920029573143
1790423733.0032604,1.3381939788814634
1790423733.0078561,1.4170909998938441
1790423733.0095572,1.2024470197502524
1790423733.0115812,1.16687998524867
1790423733.0148735,1.478700985899195
1790423733.020718,1.5509799995925277
1790423733.022779,1.205895998282358
1790423733.0306628,1.4018040092196316
1790423733.0313063,1.3837229926139116
1790423733.0352004,1.814828981878236
1790423733.043024,1.6849400126375258
1790423733.0436375,1.691348006715998
1790423733.0549092,28.17274400149472
1790423733.0549757,17.252491001272574
1790423733.0632946,25.4929969960358
1790423733.0634158,2.1606700029224157
1790423733.0634973,28.022743994370103
1790423733.0700467,1.5260189829859883
1790423733.083725,1.450710988137871
1790423733.0871797,22.847740998258814
1790423733.0878356,6.481279997387901
1790423733.088766,2.6685339980758727
1790423733.0894687,2.093325980240479
1790423733.0897346,1.4513339847326279
1790423733.0927,1.3794889964628965
1790423733.0989637,2.6253420219291
1790423733.099872,2.385936997598037
1790423733.1008773,1.5233730082400143
1790423733.1197977,17.637913988437504
1790423733.1201751,24.449183023534715
1790423733.1229374,24.452201003441587
1790423733.1268857,1.6156850033439696
1790423733.1319191,1.3174029882065952
1790423733.1394436,2.91668699355796
1790423733.1398294,10.626299015711993
1790423733.1402106,25.52101100445725
1790423733.1405632,2.606902999104932
1790423733.1408603,3.5188919864594936
1790423733.1455503,1.5092259855009615
1790423733.1510458,1.6220189863815904
1790423733.1521342,1.8448070040903986
1790423733.160952,19.329177011968568
1790423733.1610837,28.585583000676706
1790423733.1611507,9.393893007654697
1790423733.1687212,1.8412810168229043
1790423733.1714127,1.9295270030852407
1790423733.1755016,1.7134159861598164
1790423733.1769426,17.83504302147776
1790423733.1770766,29.824693978298455
1790423733.1829538,1.567472005262971
1790423733.1862402,1.495739008532837
1790423733.1902916,1.337238005362451
1790423733.1939023,1.7075900104828179
1790423733.1948547,1.6455059812869877
1790423733.2328346,33.29546999884769
1790423733.232935,11.163380986545235
1790423733.2330506,26.509865012485534
1790423733.2331367,25.28734802035615
1790423733.2359476,6.424800987588242
1790423733.2373857,21.606959984637797
1790423733.238493,32.623464008793235
1790423733.2385852,18.996577011421323
1790423733.2389421,15.356157993664965
1790423733.2399235,7.576817995868623
1790423733.2411714,38.42104598879814
1790423733.2412436,43.87162800412625
1790423733.2421808,51.392823981586844
1790423733.2432344,3.522981016431004
1790423733.2553718,36.776430992176756
1790423733.2555928,29.78820097632706
1790423733.2558331,48.63506500259973
1790423733.2575176,4.54953100415878
1790423733.2576125,23.117525997804478
1790423733.2576725,15.99837199319154
1790423733.259514,31.576705019688234
1790423733.2599025,37.16534798149951
1790423733.2610936,25.135874981060624
1790423733.261519,3.5878449853044003
1790423733.2616272,19.003400986548513
1790423733.2645128,1.4078640087973326
1790423733.2659268,1.4032580074854195
1790423733.266149,27.195798989851028
1790423733.2711375,26.514680008403957
1790423733.2722757,20.162078988505527
1790423733.2724004,10.024765972048044
1790423733.2731638,12.520430027507246
1790423733.2733197,29.253440006868914
1790423733.2733827,39.90407398669049
1790423733.2746258,3.288253996288404
1790423733.275139,1.491919014370069
1790423733.286498,1.590159983607009
1790423733.3014946,18.189799011452124
1790423733.3073833,23.526203003712
1790423733.3080614,28.613197995582595
1790423733.3138955,22.42282501538284
1790423733.3176358,28.09576300205663
1790423733.3178942,15.87917801225558
1790423733.3181367,29.56837898818776
1790423733.3253312,38.364960986655205
1790423733.3254156,35.30830598901957
1790423733.325553,44.656276993919164
1790423733.3260236,20.78929901472293
1790423733.3271575,29.021783993812278
1790423733.3272738,59.22849802300334
1790423733.3277905,5.3645430016331375
1790423733.3283174,3.6249350232537836
1790423733.3298664,57.19202398904599
1790423733.3302357,20.7617630076129
1790423733.3310413,31.294952001189813
1790423733.3317115,39.80131400749087
1790423733.331902,5.380617018090561
1790423733.3402228,50.81517799408175
1790423733.34207,41.737010003998876
1790423733.3421988,26.05485002277419
1790423733.3435123,48.29824701300822
1790423733.3436437,6.141575984656811
1790423733.3565261,26.06441598618403
1790423733.3566208,17.321176012046635
1790423733.3591177,8.020259992918
1790423733.3592134,27.19549901667051
1790423733.3610318,1.3783430040348321
1790423733.3654027,1.858258998254314
1790423733.371951,2.160266012651846
1790423733.3771489,2.387273998465389
1790423733.3781965,26.234154007397592
1790423733.3799624,8.534362015780061
1790423733.3801692,37.13636100292206
1790423733.3802571,4.124261002289131
1790423733.3831565,1.4904559939168394
1790423733.3857193,1.8014009983744472
1790423733.3895984,1.8513009999878705
1790423733.3897357,26.68845100561157
1790423733.390115,16.846126993186772
1790423733.3910236,12.814136018278077
1790423733.3910937,6.648993992712349
1790423733.3955646,2.2861740144435316
1790423733.3985188,1.8062669842038304
1790423733.4050448,31.12495900131762
1790423733.4051187,24.06653400976211
1790423733.4061406,20.27672599069774
1790423733.4063163,33.554507012013346
1790423733.406365,6.182615004945546
1790423733.4064364,3.475049015833065
1790423733.4073036,3.215014992747456
1790423733.4189224,1.2878960114903748
1790423733.4293282,1.6959559870883822
1790423733.4441454,28.106054000090808
1790423733.4442284,14.493433001916856
1790423733.4480069,1.5867080073803663
1790423733.4563344,1.5774519997648895
1790423733.4607444,1.6585999983362854
1790423733.4619346,2.1328060247469693
1790423733.4719439,1.6866920050233603
1790423733.4750679,1.8502450257074088
1790423733.4788764,28.389792976668105
1790423733.479548,11.848567984998226
1790423733.4797184,4.640364000806585
1790423733.4858294,17.030855000484735
1790423733.4910598,29.91787900100462
1790423733.4934468,16.64811000227928
1790423733.4938786,3.9735019963700324
1790423733.4941907,3.0710950086358935
1790423733.494261,2.249837009003386
1790423733.499837,22.321463999105617
1790423733.4999013,27.71782799391076
1790423733.5043986,1.320270006544888
1790423733.5057352,1.3277459947858006
1790423733.5105374,2.637211000546813
1790423733.5107162,2.3818139743525535
1790423733.5114005,1.2941659952048212
1790423733.5164437,1.3222169945947826
1790423733.5189407,1.2275889748707414
1790423733.5220137,1.262492995010689
1790423733.5337887,1.7135399975813925
1790423733.5483773,12.165413005277514
1790423733.5484898,29.412198986392468
1790423733.5548093,1.7452060128562152
1790423733.5667222,29.097291990183294
1790423733.5679705,30.74643202126026
1790423733.5690773,11.36121098534204
1790423733.5696301,17.543716996442527
1790423733.5704768,30.90151201467961
1790423733.5713077,10.174507013289258
1790423733.5717485,4.37729200348258
1790423733.572658,25.90207100729458
1790423733.5734675,14.854392007691786
1790423733.5738194,5.419188993982971
1790423733.573928,35.14975399593823
1790423733.5833633,2.6532979973126203
1790423733.5882206,26.217633014312014
1790423733.5891235,7.46191298821941
1790423733.5893953,34.18462097761221
1790423733.5904891,1.9568199932109565
1790423733.5933611,1.886609010398388
1790423733.6050892,4.226816992741078
1790423733.607139,14.60908999433741
1790423733.6102607,27.948993985773996
1790423733.6107993,9.496882994426414
1790423733.6110184,41.13413899904117
1790423733.612064,2.6414800086058676
1790423733.6121461,25.699471007101238
1790423733.6126156,38.28059500665404
1790423733.6141522,14.914115017745644
1790423733.6143334,12.173038005130365
1790423733.6151004,1.8059290014207363
1790423733.6221368,22.08021597471088
1790423733.622295,31.739892991026863
1790423733.6224,15.245828981278464
1790423733.625533,2.112151007167995
1790423733.6365323,29.043331975117326
1790423733.639967,36.91327900742181
1790423733.6404598,9.9395010038279
1790423733.6466064,3.6897500103805214
1790423733.6531289,2.3008919961284846
1790423733.654179,18.519955017836764
1790423733.6565669,32.288334012264386
1790423733.6569598,22.094390995334834
1790423733.657408,13.121514028171077
1790423733.657502,5.467300012242049
1790423733.6620882,16.681588982464746
1790423733.662972,3.4903839987237006
1790423733.6630602,34.73257698351517
1790423733.6643133,23.278995999135077
1790423733.6668713,17.222182999830693
1790423733.6670644,35.280865005915985
1790423733.6692622,1.618259004317224
1790423733.676056,1.902186981169507
1790423733.68856,18.61719199223444
1790423733.7010021,29.81654298491776
1790423733.708949,30.910032015526667
1790423733.709061,18.446608999511227
1790423733.7097325,13.022200000705197
1790423733.709838,6.435579009121284
1790423733.7114763,21.99422600097023
1790423733.716066,35.06921499501914
1790423733.7168643,24.08209498389624
1790423733.7174191,18.82746198680252
1790423733.7176383,47.10180198890157
1790423733.7178538,7.338814000831917
1790423733.7192006,39.86972299753688
1790423733.7193453,53.564484987873584
1790423733.7206278,2.7644220099318773
1790423733.7328281,6.60737999714911
1790423733.733113,44.339834013953805
1790423733.7335696,37.45708300266415
1790423733.7371025,34.45015600300394
1790423733.738532,24.760956002864987
1790423733.7406282,47.0639539998956
1790423733.7424664,22.717836982337758
1790423733.7429445,45.3006669995375
1790423733.7430296,50.86901198956184
1790423733.7434657,43.066710990387946
1790423733.7437098,8.532765990821645
1790423733.7438872,25.268955010687932
1790423733.744912,32.17295798822306
1790423733.7454162,17.642831982811913
1790423733.7460866,13.821542990626767
1790423733.7464716,19.225391995860264
1790423733.7530408,37.69241599366069
1790423733.755391,23.621228989213705
1790423733.756054,30.656278016977012
1790423733.7567296,45.1282819849439
1790423733.762846,32.60192499146797
1790423733.7676566,30.540699022822082
1790423733.7704196,26.69656800571829
1790423733.774719,22.66780799254775
1790423733.7759757,37.43021099944599
1790423733.7803237,31.074591010110453
1790423733.7809825,51.60774401156232
1790423733.7848375,48.89883697615005
1790423733.7917619,41.03852200205438
1790423733.7944484,46.69126801309176
1790423733.7948775,36.270465003326535
1790423733.7967796,37.54878099425696
1790423733.7972183,48.56509400997311
1790423733.7977746,24.385144002735615
1790423733.7999032,43.102923984406516
1790423733.8006594,40.12923999107443
1790423733.8035243,24.389472004259005
1790423733.809113,43.62372902687639
1790423733.8095315,64.55023799207993
1790423733.8113453,43.677741021383554
1790423733.8132164,35.83557897945866
1790423733.8135443,27.16090201283805
1790423733.8136196,38.16582402214408
1790423733.8136883,52.02119899331592
1790423733.813772,12.429947004420683
1790423733.8141801,34.45349799585529
1790423733.8146715,22.46593000018038
1790423733.8158934,5.168567004147917
1790423733.8171778,26.594424998620525
1790423733.8174624,70.70104999002069
1790423733.8176918,48.573598003713414
1790423733.8193367,4.47122598416172
1790423733.820234,54.13890999625437
1790423733.82041,42.29337099241093
1790423733.8204787,32.10920398123562
1790423733.821351,5.019397009164095
1790423733.8214192,16.154365002876148
1790423733.828516,39.55552002298646
1790423733.8296835,4.0857210115063936
1790423733.829774,19.67451098607853
1790423733.831503,1.5632349823135883
1790423733.8410532,1.8529469962231815
1790423733.8469756,1.9957179902121425
1790423733.847133,20.244368992280215
1790423733.8476772,29.704979999223724
1790423733.8477411,7.961308001540601
1790423733.8512979,2.922128012869507
1790423733.8518255,2.853751997463405
1790423733.8535795,24.39473499543965
1790423733.8543582,11.992409999947995
1790423733.8545058,5.034511996200308
1790423733.8545687,28.394780005328357
1790423733.859042,1.5343459963332862
1790423733.8661315,2.077523007756099
1790423733.8666816,2.1446729952003807
1790423733.8686078,1.77911197533831
1790423733.8688927,1.2555169814731926
1790423733.8704805,1.154285011580214
1790423733.8708515,20.212645002175122
1790423733.871146,25.178743002470583
1790423733.8714132,5.273415998090059
1790423733.8801954,2.0656639826484025
1790423733.8802505,1.6313990054186434
1790423733.8856497,1.5586699882987887
1790423733.8943682,1.851160021033138
1790423733.8949823,1.7138429975602776
1790423733.9016645,1.3945279933977872
1790423733.9057686,1.5906689804978669
1790423733.9088273,12.757913005771115
1790423733.9090974,24.076181987766176
1790423733.9092274,2.6434719911776483
1790423733.9110801,1.4755179872736335
1790423733.9123182,4.50965398340486
1790423733.9124887,15.891995979472995
1790423733.9125695,26.299807999748737
1790423733.9140077,1.3351399975363165
1790423733.916862,1.3500810018740594
1790423733.918934,1.6400220047216862
1790423733.931628,3.618660004576668
1790423733.9437501,23.045833018841222
1790423733.9501064,28.656853013671935
1790423733.9540753,33.83596500498243
1790423733.9547281,8.313665981404483
1790423733.9554057,37.5705240003299
1790423733.9563355,40.313585981493816
1790423733.956767,26.110620994586498
1790423733.956881,12.677029008045793
1790423733.9583607,47.18960099853575
1790423733.963197,18.134549987735227
1790423733.9639885,34.35383801115677
1790423733.9640899,9.348943014629185
1790423733.9749413,46.196450013667345
1790423733.9755042,36.26568600884639
1790423733.9755816,10.608862998196855
1790423733.9756713,29.862966999644414
1790423733.978061,25.522552023176104
1790423733.9826102,16.99317098245956
1790423733.9832485,1.8721290107350796
1790423733.9838777,33.03270199103281
1790423733.9864912,8.238523005275056
1790423733.9877453,10.618061001878232
1790423733.98821,32.789810007670894
1790423733.9884236,3.27107502380386
1790423733.988507,4.577322019031271
1790423734.0089228,17.798892018618062
1790423734.0182912,33.61951600527391
1790423734.0184162,21.900958992773667
1790423734.0197885,17.638894001720473
1790423734.0205958,6.647216010605916
1790423734.0219588,43.25497898389585
1790423734.022565,19.826787000056356
1790423734.023132,24.90903000580147
1790423734.023304,32.82798800501041
1790423734.023465,24.4284069922287
1790423734.0235326,8.049029012909159
1790423734.024854,25.034953985596076
1790423734.0258358,1.647033990593627
1790423734.0283253,1.5849670162424445
1790423734.030147,21.0704060154967
1790423734.0305746,11.55770302284509
1790423734.030657,33.55047100922093
1790423734.032429,1.3970490253996104
1790423734.0384421,34.190234990091994
1790423734.0390391,18.55151099152863
1790423734.0392005,5.896938993828371
1790423734.0393035,27.804093988379464
1790423734.0424674,1.4568030019290745
1790423734.0487156,1.3342050078790635
1790423734.0535421,1.8845790182240307
1790423734.0635529,26.062239980092272
1790423734.064192,28.884515981189907
1790423734.064457,12.199444987345487
1790423734.065424,5.571317014982924
1790423734.065719,5.185618007089943
1790423734.0737596,16.780160018242896
1790423734.0739164,12.741176004055887
1790423734.0740154,28.031168010784313
1790423734.076372,1.7273529956582934
1790423734.0772955,1.8943320028483868
1790423734.0773795,18.200969003373757
1790423734.0827653,1.839193981140852
1790423734.0842214,29.37045702128671
1790423734.0846639,5.2583910000976175
1790423734.0847552,21.1881400027778
1790423734.086695,1.798913988750428
1790423734.0898154,1.3710490020457655
1790423734.092752,25.091695017181337
1790423734.0935268,13.083527010167018
1790423734.0937726,31.619060988305137
1790423734.0943894,2.851159981219098
1790423734.0944512,2.2467669914476573
1790423734.1015687,1.441523985704407
1790423734.1030524,1.2821450072806329
1790423734.1097622,1.49293799768202
1790423734.1107576,1.6344609903171659
1790423734.1116228,1.2258340138942003
1790423734.117467,2.042909007286653
1790423734.1175532,1.623154996195808
1790423734.1180716,1.5975900168996304
1790423734.120148,1.6523179947398603
1790423734.125466,2.421687007881701
1790423734.1255717,1.6795780102256685
1790423734.1297827,1.3300699938554317
1790423734.1363344,1.765291002811864
1790423734.14342,18.769955000607297
1790423734.1434968,24.502907996065915
1790423734.1474664,1.9146970007568598
1790423734.1492834,29.90234998287633
1790423734.149379,23.633916018297896
1790423734.154033,1.652328995987773
1790423734.1629567,27.41647101356648
1790423734.1630528,4.39282797742635
1790423734.1730795,2.5645220011938363
1790423734.173725,2.5995309988502413
1790423734.1884186,33.48413499770686
1790423734.188926,16.96031299070455
1790423734.1893594,21.279372012941167
1790423734.1906064,2.7083080203738064
1790423734.190694,2.9515919741243124
1790423734.1971617,27.681705018039793
1790423734.197936,30.522860994096845
1790423734.199752,8.659576007630676
1790423734.200262,22.96341399778612
1790423734.2093823,30.002674990100786
1790423734.2101738,36.381658021127805
1790423734.2102811,12.264566001249477
1790423734.2159941,1.6791689849924296
1790423734.2255151,1.9175670167896897
1790423734.226434,20.741651009302586
1790423734.2265067,27.3140289937146
1790423734.2295437,1.701024011708796
1790423734.2329817,20.333185006165877
1790423734.2330859,28.161052003270015
1790423734.2422273,2.0228650246281177
1790423734.2439644,3.2283529872074723
1790423734.2440717,2.573490986833349
1790423734.244183,27.927970979362726
1790423734.2447119,2.033369994023815
1790423734.2519877,1.544197992188856
1790423734.2525544,1.4303869975265115
1790423734.2684917,15.927544998703524
1790423734.2686262,22.102399001596496
1790423734.2754912,10.496231989236549
1790423734.2797601,2.250563004054129
1790423734.280925,2.073301002383232
1790423734.2859821,1.4335169980768114
1790423734.2887979,25.16740601276979
1790423734.2891114,8.175989001756534
1790423734.2897897,2.205152006354183
1790423734.2935913,25.572153012035415
1790423734.2939613,10.983773012412712
1790423734.2940454,29.82598601374775
1790423734.297835,1.4880880189593881
1790423734.299498,1.2833609944209456
1790423734.3030396,1.7440209921915084
1790423734.304579,2.2747009934391826
1790423734.3069818,2.9495980124920607
1790423734.3083935,2.9417599726002663
1790423734.3091788,1.820895995479077
1790423734.3106108,2.1332809992600232
1790423734.311378,1.6512729926034808
1790423734.3144524,1.3197690132074058
1790423734.3236115,2.5207620055880398
1790423734.3333483,28.66826599347405
1790423734.3390367,33.029610000085086
1790423734.3449435,34.312306001083925
1790423734.348236,22.50885299872607
1790423734.349983,15.17333698575385
1790423734.3503478,29.792576999170706
1790423734.3539255,18.41382699785754
1790423734.3547285,32.988153980113566
1790423734.3548265,11.972731008427218
1790423734.3602903,23.58353100134991
1790423734.3616822,38.858899992192164
1790423734.362566,18.815241986885667
1790423734.3642635,3.744785994058475
1790423734.36481,33.08381899842061
1790423734.3653738,25.236557994503528
1790423734.3655028,41.11809900496155
1790423734.3655953,21.156065980903804
1790423734.3661697,3.087113000219688
1790423734.3662703,25.1348220044747
1790423734.371379,2.1661949867848307
1790423734.3796763,24.224677006714046
1790423734.3797565,9.964136988855898
1790423734.379922,38.14597401651554
1790423734.3803601,2.9831950087100267
1790423734.3813155,3.3729879942256957
1790423734.3828108,2.231393998954445
1790423734.3888624,15.425363002577797
1790423734.3897803,27.88246001000516
1790423734.3901217,7.30220100376755
1790423734.3956156,2.465434983605519
1790423734.39639,3.8267470081336796
1790423734.4025521,1.7041359969880432
1790423734.4109128,25.3589789790567
1790423734.413615,31.729226000607014
1790423734.4137492,20.01838298747316
1790423734.4138517,6.90088898409158
1790423734.4173038,26.63709598709829
1790423734.417581,21.811217011418194
1790423734.418934,6.710790010401979
1790423734.419061,28.892365022329614
1790423734.4209118,22.02771999873221
1790423734.4215016,26.37816799688153
1790423734.4215748,3.630133986007422
1790423734.4244518,1.2743889819830656
1790423734.4268107,1.8543030018918216
1790423734.428325,2.0573550136759877
1790423734.4299858,1.6513839946128428
1790423734.4316964,1.2764960119966418
1790423734.4340734,1.8363389826845378
1790423734.43547,1.3865830260328948
1790423734.439037,3.55790599132888
1790423734.441243,26.149460987653583
1790423734.441344,20.421152003109455
1790423734.44169,8.821661991532892
1790423734.4423137,15.494229999603704
1790423734.443576,4.725639999378473
1790423734.4669657,25.378093996550888
1790423734.472107,33.744183980161324
1790423734.4732294,31.5273389860522
1790423734.4734488,17.44813402183354
1790423734.473924,37.172088981606066
1790423734.474034,9.043429978191853
1790423734.4757125,29.524995014071465
1790423734.4761517,38.92002601060085
1790423734.476548,19.813546008663252
1790423734.477514,7.241131999762729
1790423734.4844332,32.500666013220325
1790423734.4846354,35.42788798222318
1790423734.4848642,13.244622998172417
1790423734.4849482,24.972421990241855
1790423734.4937525,57.85998501232825
1790423734.4990895,1.6285029996652156
1790423734.5041673,40.166474995203316
1790423734.504323,51.65344901615754
1790423734.506353,43.21549998712726
1790423734.5067325,5.368929007090628
1790423734.5073118,33.154075004858896
1790423734.5073974,13.510796008631587
1790423734.5077088,8.147109998390079
1790423734.5078216,25.533291016472504
1790423734.509747,3.0033609946258366
1790423734.5102718,4.421154008014128
1790423734.5106194,2.445341000566259
1790423734.5153418,18.85755598777905
1790423734.5165799,31.1080549727194
1790423734.5166678,14.277993992436677
1790423734.5167515,6.9928189914207906
1790423734.522113,1.4287750236690044
1790423734.5261247,1.3593410258181393
1790423734.5399396,26.916458999039605
1790423734.5404494,28.411303996108472
1790423734.54054,13.160562986740842
1790423734.5438864,1.8723880057223141
1790423734.544437,25.50385901122354
1790423734.5465558,18.563613994047046
1790423734.5466442,29.782664991216734
1790423734.5488844,1.5063729952089489
1790423734.55344,1.5269620053004473
1790423734.557729,2.3641560110263526
1790423734.5660756,1.925094984471798
1790423734.5682375,27.568126999540254
1790423734.569173,27.91373399668373
1790423734.5692658,15.81647599232383
1790423734.5704417,4.352568998001516
1790423734.5748649,3.767066024011001
1790423734.575863,4.230299004120752
1790423734.5806801,1.8468759953975677
1790423734.5855782,25.237444991944358
1790423734.587467,15.220166009385139
1790423734.589062,15.91809099772945
1790423734.5894177,20.13888701912947
1790423734.5910301,35.0522130029276
1790423734.5912492,24.610341002698988
1790423734.5930274,7.560096011729911
1790423734.5939088,37.27620598510839
1790423734.6000478,13.03672298672609
1790423734.6004155,23.853785009123385
1790423734.6100848,18.107117008185014
1790423734.6125538,25.073017983231694
1790423734.6127558,37.68221000791527
1790423734.6128929,13.679458992555737
1790423734.6133823,2.151897002477199
1790423734.6172314,10.776620008982718
1790423734.6176023,33.77778499270789
1790423734.6180575,28.305469022598118
1790423734.6182253,3.194949997123331
1790423734.6236959,25.189291016431525
1790423734.6244261,32.277073012664914
1790423734.6248372,16.74420098424889
1790423734.6253216,5.969587014988065
1790423734.6292152,21.972153015667573
1790423734.6295512,39.10979302600026
1790423734.6305208,11.774872982641682
1790423734.6316535,1.628727011848241
1790423734.6341906,1.4325329975690693
1790423734.648411,32.364336017053574
1790423734.648542,14.341739006340504
1790423734.648634,21.730782988015562
1790423734.6541061,1.6253999783657491
1790423734.655954,27.266203018371016
1790423734.6560457,18.487891007680446
1790423734.6561177,28.525322006316856
1790423734.6607502,1.7507380107417703
1790423734.6651614,30.170821002684534
1790423734.665262,25.143827020656317
1790423734.6653376,3.9405609713867307
1790423734.6659045,19.58349798223935
1790423734.6660056,29.739038000116125
1790423734.6697016,1.5960210002958775
1790423734.6943483,23.22208700934425
1790423734.6955822,32.04880701377988
1790423734.6959603,16.953015991020948
1790423734.6962314,7.280524005182087
1790423734.696668,26.808974012965336
1790423734.697366,34.7995400079526
1790423734.6975048,9.777804982149974
1790423734.697583,19.682699989061803
1790423734.7007518,23.56489800149575
1790423734.7034898,26.916124974377453
1790423734.7038305,22.809999994933605
1790423734.7044551,14.889100013533607
1790423734.7045507,34.09628200461157
1790423734.7072856,21.72470197547227
1790423734.7074008,31.70246200170368
1790423734.7121813,2.272677986184135
1790423734.7122395,2.247347991215065
1790423734.7154253,1.342684990959242
1790423734.72476,1.9158819923177361
1790423734.7257779,2.0424510003067553
1790423734.7406168,24.268123001093045
1790423734.7407098,10.779036005260423
1790423734.7563586,14.089834003243595
1790423734.7564495,23.007757001323625
1790423734.7585196,1.6932819853536785
1790423734.7633014,20.528936001937836
1790423734.7633765,27.264771983027458
1790423734.7795799,29.308584984391928
1790423734.779927,25.195408990839496
1790423734.781766,3.868448984576389
1790423734.7823737,3.427902003750205
1790423734.7881918,1.5756050124764442
1790423734.7908034,13.543539011152461
1790423734.7925885,1.5042090089991689
1790423734.7961621,30.385317018954083
1790423734.796291,14.514317008433864
1790423734.807102,22.581197001272812
1790423734.813164,36.652665003202856
1790423734.8205056,18.328792008105665
1790423734.8242283,19.39519398729317
1790423734.8254297,11.088714003562927
1790423734.8258243,36.64205700624734
1790423734.827305,10.570437996648252
1790423734.8273807,33.605253003770486
1790423734.8278205,22.01347699156031
1790423734.8280258,24.07263100030832
1790423734.833163,23.456877999706194
1790423734.8345819,4.373402014607564
1790423734.8348734,10.048246011137962
1790423734.835032,37.439585983520374
1790423734.8356035,3.1029520032461733
1790423734.8366754,3.0233610013965517
1790423734.8402982,1.382583985105157
1790423734.8406768,28.158421016996726
1790423734.841464,30.61435100971721
1790423734.8420963,15.582808991894126
1790423734.8431132,7.2906879941001534
1790423734.844552,2.445899008307606
1790423734.8469973,2.434463007375598
1790423734.8480763,2.457026013871655
1790423734.8487825,1.6088749980553985
1790423734.8505304,1.319634000537917
1790423734.8589008,1.8011050124187022
1790423734.8677757,2.2257700038608164
1790423734.8683724,10.274593019858003
1790423734.8685193,25.837953988229856
1790423734.8685946,22.235414013266563
1790423734.8741717,23.1169430189766
1790423734.8743007,11.10661300481297
1790423734.8753355,2.2496300225611776
1790423734.882474,1.7443719843868166
1790423734.883142,1.525855012005195
1790423734.894064,26.24090199242346
1790423734.8957376,12.367557006655261
1790423734.9004154,25.519388989778236
1790423734.900848,6.709807988954708
1790423734.9009144,14.589216996682808
1790423734.9151607,27.28773999842815
1790423734.918195,30.895881005562842
1790423734.918294,23.535846994491294
1790423734.9231021,32.36367300269194
1790423734.924869,12.618493987247348
1790423734.925525,24.785401998087764
1790423734.9256058,37.108407996129245
1790423734.927819,2.936499018687755
1790423734.928141,35.02100901096128
1790423734.9286072,19.072342984145507
1790423734.9289243,22.721846005879343
1790423734.9299111,15.737735986476764
1790423734.930058,3.696717001730576
1790423734.9301386,38.156788010383025
1790423734.939071,32.104104990139604
1790423734.9397793,34.537965984782204
1790423734.9400048,23.613067984115332
1790423734.9411647,2.078335004625842
1790423734.9514232,6.808359990827739
1790423734.9515996,38.3087279915344
1790423734.9517279,3.9832030015531927
1790423734.9519637,29.829470004187897
1790423734.9532554,3.789080015849322
1790423734.9533706,5.101797985844314
1790423734.956998,2.3727579973638058
1790423734.9589438,3.5369500110391527
1790423734.9594913,3.4961740020662546
1790423734.9609795,2.0241560123395175
1790423734.9610415,3.2779079920146614
1790423734.9632294,1.2417479883879423
1790423734.96477,19.411829998716712
1790423734.9684157,26.214351993985474
1790423734.9684935,15.794668986927718
1790423734.969338,12.082186993211508
1790423734.9694765,3.97647701902315
1790423734.974855,1.4719219761900604
1790423734.9778588,1.5819889958947897
1790423734.9787853,1.6390419914387167
1790423734.9919698,25.887238996801898
1790423734.9922302,22.547523985849693
1790423734.9928193,2.1164279896765947
1790423735.0015244,2.0293419947847724
1790423735.0020587,1.6773350071161985
1790423735.0106966,17.369910987326875
1790423735.0116274,25.882252026349306
1790423735.0122373,8.7460599897895
1790423735.0139823,18.740464001893997
1790423735.014655,25.435647985432297
1790423735.0149498,1.8609270045999438
1790423735.0198748,1.5336869983002543
1790423735.0220478,1.4886730059515685
1790423735.0544813,23.02766402135603
1790423735.055864,40.321785985725
1790423735.0590804,13.957577000837773
1790423735.0597646,30.157082015648484
1790423735.060402,16.315234010107815
1790423735.0604942,38.008831994375214
1790423735.0605924,32.88640099344775
1790423735.0615828,6.506335979793221
1790423735.0616848,43.8267870049458
1790423735.0628295,1.7720049945637584
1790423735.0661752,50.121467997087166
1790423735.0717266,50.6818299763836
1790423735.0720599,60.844724997878075
1790423735.079547,39.93485702085309
1790423735.0796747,51.022289000684395
1790423735.079924,33.584457996767014
1790423735.0804935,15.162794996285811
1790423735.0824637,55.51279700011946
1790423735.0853758,42.24609298398718
1790423735.0862916,47.71262701251544
1790423735.0865033,32.657586998539045
1790423735.0960212,27.807023987406865
1790423735.0971065,29.8767649801448
1790423735.0989552,14.990636002039537
1790423735.1023998,31.47523498046212
1790423735.1028857,12.349441007245332
1790423735.103001,33.96503897965886
1790423735.1042655,39.50974301551469
1790423735.1109917,34.79601501021534
1790423735.112654,3.8242519949562848
1790423735.1136591,44.23222498735413
1790423735.114039,22.090526996180415
1790423735.1141613,4.241557995555922
1790423735.1145327,33.13172000343911
1790423735.1146195,19.932975992560387
1790423735.1154373,45.38500800845213
1790423735.1155005,4.496453999308869
1790423735.1182523,1.6040000191424042
1790423735.1245944,2.1074539981782436
1790423735.1260314,1.9200640090275556
1790423735.1274157,24.261496000690386
1790423735.128375,34.265562979271635
1790423735.1284375,12.333762977505103
1790423735.1296906,1.2439129932317883
1790423735.13561,3.983099973993376
1790423735.136435,5.3884959779679775
1790423735.1370778,4.60740301059559
1790423735.1372292,3.1043380149640143
1790423735.1378973,2.8109370032325387
1790423735.1446846,3.6550980003084987
1790423735.147858,4.589688993291929
1790423735.147999,5.15069198445417
1790423735.1480849,4.419007018441334
1790423735.1495032,3.4235320053994656
1790423735.149669,4.2363360116723925
1790423735.1516109,3.0046949977986515
1790423735.1522608,21.62047298043035
1790423735.152427,27.162470010807738
1790423735.1529334,19.024231005460024
1790423735.1536849,9.46784601546824
1790423735.1541612,12.617628002772108
1790423735.1542947,3.178719984134659
1790423735.1661465,12.44603400118649
1790423735.189568,35.22388500277884
1790423735.189705,15.617080993251875
1790423735.193446,24.366280005779117
1790423735.193737,30.890509020537138
1790423735.196311,16.992049000691622
1790423735.1973965,40.5783690221142
1790423735.2003021,33.43230200698599
1790423735.2011187,1.9979749922640622
1790423735.2014823,18.160618987167254
1790423735.2019382,43.21797197917476
1790423735.205454,40.03693498088978
1790423735.2071233,20.611779007595032
1790423735.2093809,5.500878993188962
1790423735.2096426,6.985209998674691
1790423735.21419,2.1128439984750003
1790423735.225494,4.761756979860365
1790423735.2277653,19.184064003638923
1790423735.2304454,34.11968401633203
1790423735.2327957,37.869675987167284
1790423735.23305,26.677710993681103
1790423735.2335188,19.17432399932295
1790423735.2341876,12.732779985526577
1790423735.2345693,23.34452501963824
1790423735.2365348,1.9562240049708635
1790423735.2412016,24.621170974569395
1790423735.2418227,17.456394009059295
1790423735.2419243,36.454807996051386
1790423735.243158,27.30881900060922
1790423735.243577,20.915753004373983
1790423735.2457888,10.00793999992311
1790423735.2458854,41.30593501031399
1790423735.2495148,2.6874470058828592
1790423735.2578058,34.1316039848607
1790423735.2579143,31.44047100795433
1790423735.2589147,5.516081000678241
1790423735.2596524,3.5271800006739795
1790423735.2658744,6.943201005924493
1790423735.2661302,6.065700988983735
1790423735.2705748,2.3221949813887477
1790423735.2737029,10.713763011153787
1790423735.2914386,36.19168099248782
1790423735.2928686,48.718562989961356
1790423735.294879,19.7796139982529
1790423735.2953737,33.33287697751075
1790423735.2955918,10.461063997354358
1790423735.295677,5.0797860021702945
1790423735.299165,32.79871100676246
1790423735.3018768,25.649239018093795
1790423735.3025067,41.63100599544123
1790423735.3032951,17.45182601734996
1790423735.3044672,40.8298010006547
1790423735.3049142,11.306008003884926
1790423735.3054752,22.382327006198466
1790423735.3056016,12.411484989570454
1790423735.3057764,18.80274701397866
1790423735.3072112,9.881633974146098
1790423735.308332,13.442438998026773
1790423735.3084247,37.08867501700297
1790423735.3090782,21.039576997281983
1790423735.310154,26.068579987622797
1790423735.3105412,4.753724002512172
1790423735.3126402,7.716099004028365
1790423735.3127863,3.6974689865019172
1790423735.3134136,2.4300829973071814
1790423735.3134928,2.9413239972200245
1790423735.3214421,1.5546319773420691
1790423735.3262444,29.52191000804305
1790423735.3263524,19.130599015625194
1790423735.3271356,31.295194989070296
1790423735.3276665,12.998580990824848
1790423735.3277333,3.6407330189831555
1790423735.3282053,2.4142189940903336
1790423735.3324594,1.586231985129416
1790423735.339038,1.639440015424043
1790423735.3421323,1.7326640081591904
1790423735.3430278,2.087613014737144
1790423735.3482168,1.8898749840445817
1790423735.3482928,1.5029479982331395
1790423735.3494685,18.107691983459517
1790423735.3521311,25.167434010654688
1790423735.352664,9.626904007745907
1790423735.3527246,4.151948989601806
1790423735.3567014,1.2978749873582274
1790423735.3620565,2.60149099631235
1790423735.3675315,17.93514401651919
1790423735.36764,7.588794978801161
1790423735.3677688,23.354093020316213
1790423735.367856,25.668254995252937
1790423735.3697386,1.2285459961276501
1790423735.372115,21.31622500019148
1790423735.374865,24.596417002612725
1790423735.3751538,14.51513500069268
1790423735.3771436,1.2546709913294762
1790423735.3807101,23.88470299774781
1790423735.3807678,14.601867005694658
1790423735.3880477,1.2021989969071
1790423735.3928385,1.2931780074723065
1790423735.397372,2.3868560092523694
1790423735.3974457,22.087877005105838
1790423735.3975153,3.741116001037881
1790423735.3980594,2.15135799953714
1790423735.4029853,1.3349270157050341
1790423735.4081721,1.4111160126049072
1790423735.4239542,21.871710021514446
1790423735.4240844,12.6434380072169
1790423735.4308634,2.113660011673346
1790423735.4356732,27.10031598689966
1790423735.436337,17.51166401663795
1790423735.4364314,6.84766101767309
1790423735.4394915,13.296103017637506
1790423735.4421103,20.99906699731946
1790423735.4426467,3.8252180092968047
1790423735.442749,29.66934398864396
1790423735.4567301,29.80264398502186
1790423735.4594522,1.6425469948444515
1790423735.4725559,5.419538996648043
1790423735.474309,4.87034599063918
1790423735.4749033,5.973580002319068
1790423735.4749713,7.17294099740684
1790423735.4769003,17.246197006898
1790423735.4773152,9.351216023787856
1790423735.4774566,26.245651009958237
1790423735.4779408,5.9070510033052415
1790423735.481239,18.679859000258148
1790423735.4821367,26.409671001601964
1790423735.482538,14.155277982354164
1790423735.4828463,10.28095799847506
1790423735.4836621,1.9592010066844523
1790423735.485642,1.134068996179849
1790423735.4902897,2.326054993318394
1790423735.4908807,2.4383710115216672
1790423735.493271,1.2127909867558628
1790423735.5079467,18.062765011563897
1790423735.50846,24.517837999155745
1790423735.5099888,2.031117008300498
1790423735.5124042,21.958307013846934
1790423735.5125046,24.98661499703303
1790423735.514362,1.4125009765848517
1790423735.5213087,1.7042670224327594
1790423735.5247338,4.600717016728595
1790423735.5248384,26.379143993835896
1790423735.5249162,2.1351479808799922
1790423735.5300596,1.2389369949232787
1790423735.5320883,1.4188919740263373
1790423735.5323443,23.144422011682764
1790423735.532397,10.211041022557765
1790423735.5520587,25.283351016696543
1790423735.5622175,17.098809010349214
1790423735.564333,16.73268698505126
1790423735.568568,27.038394007831812
1790423735.5697553,36.22427099617198
1790423735.570815,26.49771500728093
1790423735.57654,2.616574987769127
1790423735.576683,33.176697994349524
1790423735.5811303,33.017368987202644
1790423735.5815182,3.596038994146511
1790423735.5890565,2.3414010065607727
1790423735.5899653,5.048783001257107
1790423735.5900831,36.70234899618663
1790423735.594698,2.871842007152736
1790423735.5956476,3.0406900041271
1790423735.601158,28.164875984657556
1790423735.6031063,17.268777010031044
1790423735.6040573,2.212552004493773
1790423735.6041858,31.85662502073683
1790423735.6042662,7.919778989162296
1790423735.6132395,2.1252840233501047
1790423735.6136973,1.9641929829958826
1790423735.6193438,19.6222789818421
1790423735.6204631,25.354968005558476
1790423735.6205401,2.910321985837072
1790423735.6234202,1.4995319943409413
1790423735.6250005,2.3374760057777166
1790423735.6261835,2.4424009898211807
1790423735.6262355,1.7595899989828467
1790423735.628689,1.206271001137793
1790423735.640631,1.982684014365077
1790423735.6602993,20.424474001629278
1790423735.6623135,1.4957139792386442
1790423735.6636171,1.294679008424282
1790423735.665777,1.2504920014180243
1790423735.6703026,1.6951730067376047
1790423735.6705487,1.5018010162748396
1790423735.673894,1.4612960221711546
1790423735.6804757,2.348567999433726
1790423735.6812124,2.510043006623164
1790423735.6824124,17.340594989946112
1790423735.682503,2.851152006769553
1790423735.6828167,8.912436984246597
1790423735.6828961,23.773508000886068
1790423735.6832268,2.7418969839345664
1790423735.6870265,1.276284019695595
1790423735.6902301,1.4469579909928143
1790423735.692235,1.4073759957682341
1790423735.6966994,1.6582969983574003
1790423735.7081563,1.5112700057215989
1790423735.7102633,23.17337301792577
1790423735.710326,14.443362015299499
1790423735.7118573,1.3324310129974037
1790423735.7174792,1.5836230013519526
1790423735.7266116,21.818956010974944
1790423735.7275808,24.74291599355638
1790423735.7276912,5.781154002761468
1790423735.7320569,2.2939289920032024
1790423735.7327275,1.8455949903000146
1790423735.7441704,16.33009302895516
1790423735.7451067,19.809025980066508
1790423735.7452343,9.423326002433896
1790423735.7453265,30.52565999678336
1790423735.7456002,2.1695350005757064
1790423735.7487552,29.888878983911127
1790423735.7489712,12.60247197933495
1790423735.7513688,3.305891004856676
1790423735.751518,3.8723659818060696
1790423735.7524812,2.1869960182812065
1790423735.7537386,1.2485909974202514
1790423735.7565098,2.2301450080703944
1790423735.7568097,2.0711450197268277
1790423735.7730045,21.344989974750206
1790423735.7733252,23.926458990899846
1790423735.7733936,18.120767985237762
1790423735.7794263,1.418878004187718
1790423735.7882502,19.98445499339141
1790423735.7905633,24.311972985742614
1790423735.7910566,15.548405994195491
1790423735.7960668,22.298741998383775
1790423735.7971036,12.45776200084947
1790423735.7972562,25.74098200420849
1790423735.7973547,12.078283994924277
1790423735.8013332,14.802543009864166
1790423735.8015194,27.359439991414547
1790423735.8031316,1.5636500029359013
1790423735.8129895,2.4320780066773295
1790423735.8136773,19.495362997986376
1790423735.8140676,28.129626996815205
1790423735.814137,1.928359008161351
1790423735.8160424,27.7388829854317
1790423735.8164227,19.997188996057957
1790423735.8164864,1.990780991036445
1790423735.8205276,1.3024600048083812
1790423735.8220656,1.2038470013067126
1790423735.8297048,1.2401599960867316
1790423735.8363984,1.9453619897831231
1790423735.8368042,1.7441409872844815
1790423735.8371737,1.4379310014192015
1790423735.841847,2.235510997707024
1790423735.8428755,2.3653310199733824
1790423735.8441076,1.310775987803936
1790423735.8517222,1.3192869955673814
1790423735.8550894,1.610329985851422
1790423735.8572466,1.3463229988701642
1790423735.862118,1.3936000177636743
1790423735.8657613,2.235155989183113
1790423735.8670795,2.039034996414557
1790423735.8686938,23.000640998361632
1790423735.869208,11.614662013016641
1790423735.869307,3.5359720059204847
1790423735.8749065,1.5830420015845448
1790423735.8803449,2.0895990019198507
1790423735.882321,1.7751400009728968
1790423735.8832912,1.7168979975394905
1790423735.8905559,23.31870299531147
1790423735.891758,2.3314779973588884
1790423735.8924072,29.476684983819723
1790423735.8925972,13.836049009114504
1790423735.8927395,6.776966998586431
1790423735.8934174,20.672940998338163
1790423735.894021,2.7661980129778385
1790423735.8956592,1.332896004896611
1790423735.8982284,18.70882700313814
1790423735.8985703,27.878524007974193
1790423735.8988261,11.5740489854943
1790423735.8993332,2.178791008191183
1790423735.9081306,1.812150003388524
1790423735.9086978,1.3270160125102848
1790423735.9177995,24.32388998568058
1790423735.9179313,13.345307001145557
1790423735.9180787,6.87670600018464
1790423735.919933,1.844721002271399
1790423735.9203475,24.39059500466101
1790423735.9204652,15.43117398978211
1790423735.9205277,8.730025991098955
1790423735.92369,1.2011239887215197
1790423735.925542,1.351103011984378
1790423735.9261422,1.23324801097624
1790423735.9284017,1.100938010495156
1790423735.9324026,1.1223780165892094
1790423735.9344945,1.1185100011061877
1790423735.9380286,1.1609180073719472
1790423735.9414089,1.094132021535188
1790423735.9431207,1.135753991547972
1790423735.9436488,1.240160985616967
1790423735.9528432,1.4285750221461058
1790423735.9673917,13.504439004464075
1790423735.9674911,23.564157978398725
1790423735.969124,1.5214240120258182
1790423735.9777932,25.035711005330086
1790423735.97788,14.4474389962852
1790423735.9845302,1.4731120027136058
1790423735.9891627,23.912061995361
1790423735.9897997,26.832444011233747
1790423735.989884,4.373534000478685
1790423735.994098,5.863119993591681
1790423735.9941993,26.062001008540392
1790423735.9950898,1.6734680102672428
1790423736.0020041,1.4181440055835992
1790423736.0057878,23.250374011695385
1790423736.005892,15.894241019850597
1790423736.0059876,25.37415799451992
1790423736.006541,2.020579995587468
1790423736.0097053,1.334761007456109
1790423736.014227,1.2280860100872815
1790423736.016197,20.00685900566168
1790423736.0168426,6.843587994808331
1790423736.017786,1.3015879958402365
1790423736.0182528,1.2573860003612936
1790423736.0227282,1.1208119976799935
1790423736.025692,1.124881993746385
1790423736.0310278,1.1557919788174331
1790423736.033549,1.2735730269923806
1790423736.038365,1.8347309960518032
1790423736.042078,1.3628129963763058
1790423736.0432737,1.1881670216098428
1790423736.0470505,1.460946019506082
1790423736.0476546,9.078748989850283
1790423736.0477378,20.972831989638507
1790423736.054411,1.3912529975641519
1790423736.0725937,26.590886001940817
1790423736.0733383,17.215925006894395
1790423736.0734403,6.775104004191235
1790423736.0792599,20.73539499542676
1790423736.084537,17.14811401325278
1790423736.0856915,30.916082992916927
1790423736.089317,32.21869599656202
1790423736.0894403,24.464196001645178
1790423736.0895083,21.13158701104112
1790423736.0920265,26.40632799011655
1790423736.0922146,30.699054012075067
1790423736.092288,14.356784027768299
1790423736.101077,1.9119320204481483
1790423736.101331,1.5252069861162454
1790423736.1023874,25.827036006376147
1790423736.1024642,22.541729995282367
1790423736.1060417,2.16230601654388
1790423736.1092796,1.4905610005371273
1790423736.1114128,2.1218800102360547
1790423736.1127894,1.3502259971573949
1790423736.1148367,27.327914984198287
1790423736.1150138,16.56059399829246
1790423736.1153095,10.860399983357638
1790423736.1158009,5.974219995550811
1790423736.1197295,1.3895930023863912
1790423736.1206024,15.62954401015304
1790423736.1265278,16.0396890132688
1790423736.1265929,23.251411999808624
1790423736.1295357,1.744520995998755
1790423736.1296134,2.208774007158354
1790423736.145634,23.685658001340926
1790423736.1469789,2.618213009554893
1790423736.147094,12.408892012899742
1790423736.1495383,3.497180005069822
1790423736.1527255,17.006498004775494
1790423736.1528113,5.3605069988407195
1790423736.1533628,26.5427699778229
1790423736.156223,1.3856020232196897
1790423736.1620078,12.964705005288124
1790423736.1621683,28.296367003349587
1790423736.162245,5.540220998227596
1790423736.1623058,20.65934700658545
1790423736.171711,17.586979985935614
1790423736.1726382,18.98920099483803
1790423736.1727865,7.706350006628782
1790423736.1728592,24.646112986374646
1790423736.1749418,1.3652399939019233
1790423736.1777525,2.600811014417559
1790423736.1778529,2.3066950088832527
1790423736.177918,25.00794199295342
1790423736.177978,12.423159001627937
1790423736.1825492,1.7517039959784597
1790423736.1969264,1.3202890113461763
1790423736.2004728,1.5611889830324799
1790423736.2029288,10.478112002601847
1790423736.2030137,21.604579989798367
1790423736.2046359,22.438738989876583
1790423736.2047114,11.15023999591358
1790423736.209788,1.4865960110910237
1790423736.2121549,2.35619000159204
1790423736.2144766,2.8296200034674257
1790423736.214678,2.3233859974425286
1790423736.216731,1.5645289968233556
1790423736.2214923,1.4865509874653071
1790423736.2226918,11.972895008511841
1790423736.2227745,7.154708000598475
1790423736.222868,25.671743002021685
1790423736.2354927,17.33957399846986
1790423736.2355874,22.25205098511651
1790423736.242719,1.264149002963677
1790423736.2440248,21.721405995776877
1790423736.248113,1.4351399731822312
1790423736.2545853,16.824995022034273
1790423736.2610376,28.78575198701583
1790423736.261128,11.775704013416544
1790423736.2662804,1.8265609978698194
1790423736.2681487,28.57810101704672
1790423736.2688046,31.92648701951839
1790423736.269396,18.65607700892724
1790423736.2710838,2.218826994067058
1790423736.2740724,18.562895013019443
1790423736.2744808,30.443260009633377
1790423736.274585,5.007510015275329
1790423736.2822123,18.562598997959867
1790423736.2824476,4.806746990652755
1790423736.2832816,33.045015996322036
1790423736.2958539,28.89799399417825
1790423736.2960262,11.100195988547057
1790423736.2990136,1.372169004753232
1790423736.3050146,11.240330000873655
1790423736.3054764,6.358423997880891
1790423736.3055656,25.551511003868654
1790423736.3084078,12.27186800679192
1790423736.3088162,26.060761010739952
1790423736.3088832,9.225982008501887
1790423736.3108034,1.363755000056699
1790423736.312282,1.2538799783214927
1790423736.3154614,1.13307501305826
1790423736.3185818,21.363508014474064
1790423736.3192582,18.57051401748322
1790423736.319334,24.78695401805453
1790423736.3248217,1.0660260159056634
1790423736.3408403,1.7718540038913488
1790423736.3432622,21.649297996191308
1790423736.343709,4.065318003995344
1790423736.3438418,9.800783998798579
1790423736.349538,13.383157987846062
1790423736.350118,23.67934098583646
1790423736.3502045,5.559937009820715
1790423736.354212,15.596212993841618
1790423736.3543992,8.780424017459154
1790423736.3544605,24.22091699554585
1790423736.3579774,1.3860999897588044
1790423736.3609796,2.1907179907429963
1790423736.3721702,26.049265987239778
1790423736.3729498,12.86576097481884
1790423736.373145,28.98686399566941
1790423736.3761108,12.260157003765926
1790423736.3768094,30.085097008850425
1790423736.3771713,21.36434701969847
1790423736.3779266,3.5646420146804303
1790423736.3785443,3.5660649882629514
1790423736.3834524,15.204335999442264
1790423736.3851852,7.846741005778313
1790423736.385429,27.081587992142886
1790423736.3861902,1.6495919844601303
1790423736.388876,1.3724129821639508
1790423736.3963053,24.125666997861117
1790423736.3969705,16.979814012302086
1790423736.3978658,26.202379987807944
1790423736.3979776,6.639069004449993
1790423736.3998291,1.5804230060894042
1790423736.4001884,1.4041409885976464
1790423736.4104369,17.290062009124085
1790423736.4106114,27.582663024077192
1790423736.4107242,26.91003101062961
1790423736.4109056,6.804463977459818
1790423736.411534,3.550283989170566
1790423736.4115896,3.425381990382448
1790423736.4195817,12.27955601643771
1790423736.4200091,27.621408982668072
1790423736.420192,2.325253008166328
1790423736.4202816,22.87655699183233
1790423736.4211235,5.150170007254928
1790423736.4211888,4.164732003118843
1790423736.4214814,1.8909749924205244
1790423736.4228065,1.0835299908649176
1790423736.427003,2.3019619984552264
1790423736.4270873,1.60813401453197
1790423736.4300222,1.1446620046626776
1790423736.4354882,1.108818978536874
1790423736.4388266,14.049831981537864
1790423736.4397767,23.312902980251238
1790423736.4400508,4.201053001452237
1790423736.4412615,1.8849949992727488
1790423736.442473,1.582762983161956
1790423736.4431803,1.341529015917331
1790423736.4449925,1.0634990176185966
1790423736.4502997,1.1283779749646783
1790423736.4559884,2.928050991613418
1790423736.4561198,2.6637600094545633
1790423736.4677987,1.9445499929133803
1790423736.46847,19.991874985862523
1790423736.4686303,7.952373009175062
1790423736.4687982,22.70624099764973
1790423736.4732332,1.6832260007504374
1790423736.4797466,16.498552984558046
1790423736.4805968,25.867563002975658
1790423736.4806693,3.434079000726342
1790423736.4849217,19.64975000009872
1790423736.485543,25.7562669867184
1790423736.485821,3.508628986310214
1790423736.4906569,1.3896809832658619
1790423736.4919848,25.117956014582887
1790423736.4920635,8.988635992864147
1790423736.4941845,1.3261779968161136
1790423736.5087771,2.467993996106088
1790423736.5104024,23.607429990079254
1790423736.510527,28.647508996073157
1790423736.5106008,13.682453980436549
1790423736.510824,23.13859001151286
1790423736.5123718,9.966681012883782
1790423736.5126283,29.977436002809554
1790423736.5130808,2.112242014845833
1790423736.5148897,1.570097985677421
1790423736.519352,1.2753060145769268
1790423736.520853,15.145543002290651
1790423736.5211961,26.719369983766228
1790423736.5212657,7.3178169841412455
1790423736.5231235,1.5286600100807846
1790423736.5273037,1.4803050144109875
1790423736.531719,16.37336501153186
1790423736.531976,24.84284300589934
1790423736.532503,4.509527003392577
1790423736.5334158,1.3639869866892695
1790423736.5360463,1.8690800061449409
1790423736.554735,24.49777099536732
1790423736.5606651,18.699337990256026
1790423736.5662653,15.155409986618906
1790423736.567082,24.50268599204719
1790423736.5691566,30.421078990912065
1790423736.5695019,31.242538010701537
1790423736.5696893,23.425422987202182
1790423736.5700877,48.000133014284074
1790423736.5744476,19.226286007324234
1790423736.5791717,37.93000100995414
1790423736.5792644,39.680373010924086
1790423736.5810192,33.827798994025216
1790423736.582117,48.46655600704253
1790423736.5821998,11.959511990426108
1790423736.5858996,25.217105023330078
1790423736.5860589,22.63137901900336
1790423736.5903962,32.26425699540414
1790423736.5961587,15.12911298777908
1790423736.5976777,62.34652400598861
1790423736.597733,31.455758988158777
1790423736.5981288,25.96422701026313
1790423736.600085,16.711323987692595
1790423736.600555,24.056152993580326
1790423736.600624,13.497086009010673
1790423736.6008928,47.958887997083366
1790423736.6013393,37.144830013858154
1790423736.6014247,36.17132699582726
1790423736.6019602,29.02706598979421
1790423736.602032,34.605922002810985
1790423736.6025987,27.411679009674117
1790423736.6028006,6.627879018196836
1790423736.6028764,3.9892390195745975
1790423736.603144,3.047631005756557
1790423736.6089206,1.4342899958137423
1790423736.6109884,20.581869990564883
1790423736.6111207,33.398286992451176
1790423736.6112561,5.784398003015667
1790423736.6118805,1.8747950089164078
1790423736.6124709,1.2076229904778302
1790423736.6163878,1.1179430002812296
1790423736.6177151,1.1996270040981472
1790423736.6232836,1.4591699873562902
1790423736.6286943,1.3609040179289877
1790423736.6324925,1.3538100174628198
1790423736.6358562,2.1480940049514174
1790423736.6359136,1.7152079963125288
1790423736.648211,1.554357004351914
1790423736.652889,1.4817880000919104
1790423736.6552346,1.8028420163318515
1790423736.6561997,1.3550620060414076
1790423736.6619525,1.3284970191307366
1790423736.6665115,2.1749990119133145
1790423736.672689,1.1946710001211613
1790423736.6740348,1.1880520032718778
1790423736.6820085,1.618367008632049
1790423736.6836984,17.60551700135693
1790423736.6840687,22.01626999885775
1790423736.6841407,1.7703110061120242
1790423736.691657,1.194576994748786
1790423736.6944227,2.1957550197839737
1790423736.6955655,1.707332005025819
1790423736.7039201,1.5721510280855
1790423736.7098148,1.5941750025376678
1790423736.714113,24.065916979452595
1790423736.7144532,25.412175978999585
1790423736.7145119,16.68007200350985
1790423736.716644,16.929582983721048
1790423736.7171896,24.549637018935755
1790423736.717486,1.9952940056100488
1790423736.7180953,1.4432960015255958
1790423736.7216449,1.3990990119054914
1790423736.7272635,1.885791018139571
1790423736.7282765,1.4743540086783469
1790423736.7330432,1.2555660214275122
1790423736.7386045,1.3849939859937876
1790423736.7435572,1.3388819934334606
1790423736.7452397,23.077285004546866
1790423736.7453096,10.583447990939021
1790423736.746124,2.0551200141198933
1790423736.7480233,1.2871070066466928
1790423736.757645,1.865013997303322
1790423736.7587996,2.0540849945973605
1790423736.7604895,1.5275030164048076
1790423736.7662952,16.613372979918495
1790423736.767107,6.465996004408225
1790423736.7671928,27.385591994971037
1790423736.7681687,2.4307079729624093
1790423736.7733176,1.5076129930093884
1790423736.776659,1.8488169880583882
1790423736.7859485,27.568205987336114
1790423736.786032,21.80195099208504
1790423736.7900226,1.712874014629051
1790423736.7995331,7.857126009184867
1790423736.7996294,23.418663011398166
1790423736.802799,2.2145829861983657
1790423736.8028605,1.7624600150156766
1790423736.8063905,1.5540219901595265
1790423736.806969,1.3485070085152984
1790423736.8163745,1.8085100164171308
1790423736.8173373,1.5392019995488226
1790423736.8173888,2.2274070070125163
1790423736.8213053,1.145143003668636
1790423736.8236852,1.074138010153547
1790423736.8307664,1.400537003064528
1790423736.832884,1.4247499930206686
1790423736.8353906,1.4886879944242537
1790423736.8460295,1.7296849982813
1790423736.8521667,14.600155991502106
1790423736.8523028,26.68777699000202
1790423736.8524024,6.043999019311741
1790423736.8701012,29.964599991217256
1790423736.8705142,17.956217023311183
1790423736.8706036,30.93566099414602
1790423736.8707218,20.63044600072317
1790423736.8711467,7.825889013474807
1790423736.871809,35.01256598974578
1790423736.8719692,35.72446698672138
1790423736.8722322,8.233205007854849
1790423736.8737988,2.6432640152052045
1790423736.8739028,7.4079110054299235
1790423736.8775685,24.029225984122604
1790423736.8781264,30.0013090018183
1790423736.8782198,13.376726012211293
1790423736.8785195,5.92590298037976
1790423736.8837059,26.308414002414793
1790423736.8844545,18.706520000705495
1790423736.8850212,5.900602001929656
1790423736.8851278,30.09920398471877
1790423736.8940485,1.3736700057052076
1790423736.8954558,1.2776200019288808
1790423736.9036236,17.67799598746933
1790423736.9055414,25.869438977679238
1790423736.905613,6.281189009314403
1790423736.9058504,2.904149005189538
1790423736.9059162,5.966061988146976
1790423736.906122,25.398827012395486
1790423736.9062092,19.312212010845542
1790423736.9088502,2.338316000532359
1790423736.9091294,2.002530003665015
1790423736.91593,2.4678340123500675
1790423736.9218338,3.447605005931109
1790423736.921908,2.599292027298361
1790423736.9237335,1.352213992504403
1790423736.9256003,23.70785898528993
1790423736.9259305,18.06261300225742
1790423736.9262056,27.569140016566962
1790423736.9264734,6.409533991245553
1790423736.9310927,1.6460019978694618
1790423736.935997,1.6732749936636537
1790423736.940362,3.1160310027189553
1790423736.9410806,1.55175500549376
1790423736.943038,1.7648149805609137
1790423736.9434237,1.6833039990160614
1790423736.9484684,3.288010018877685
1790423736.94943,3.2361060148105025
1790423736.9495144,3.5108599986415356
1790423736.9513435,1.6369170043617487
1790423736.9532325,1.774520002072677
1790423736.9556804,1.7966429877560586
1790423736.961642,1.721905980957672
1790423736.9637868,25.314119004178792
1790423736.9652832,2.546447009081021
1790423736.965562,18.979115004185587
1790423736.965636,21.061320992885157
1790423736.9657383,27.757735981140286
1790423736.9658024,11.393838009098545
1790423736.9701135,2.12203900446184
1790423736.9787872,26.239646977046505
1790423736.9788828,21.417495008790866
1790423736.9791174,10.591666999971494
1790423736.9980001,18.871199019486085
1790423736.9980898,24.65876200585626
1790423737.0013254,26.147062017116696
1790423737.0018654,29.773073008982465
1790423737.0033407,2.00223401770927
1790423737.0060697,28.33015497890301
1790423737.0062475,12.75005200295709
1790423737.0067499,1.6941389767453074
1790423737.0176141,2.0727090013679117
1790423737.0348504,1.6800360172055662
1790423737.0368903,19.09974799491465
1790423737.0428214,2.0840850193053484
1790423737.044783,2.081304002786055
1790423737.046018,2.218942012405023
1790423737.0468304,1.6816770075820386
1790423737.0484936,2.3608450137544423
1790423737.0498374,2.3334900033660233
1790423737.0500958,3.0043169972486794
1790423737.0501482,1.6436410078313202
1790423737.0518537,1.4289139944594353
1790423737.052166,1.285778998862952
1790423737.0540934,1.9185070123057812
1790423737.0547013,2.1157180017326027
1790423737.0549512,1.7607920162845403
1790423737.0624492,2.1206829987931997
1790423737.066917,1.8045299802906811
1790423737.0681624,2.0449150179047137
1790423737.071738,1.7410969885531813
1790423737.0887887,11.31597298081033
1790423737.0888917,27.428965986473486
1790423737.0928025,2.4723509850446135
1790423737.09828,4.863788984948769
1790423737.0987842,5.967960023554042
1790423737.0989695,18.273199995746836
1790423737.0992632,31.897576991468668
1790423737.1016695,3.376105014467612
1790423737.1020668,5.869310989510268
1790423737.1022363,5.30448998324573
1790423737.1035323,17.157397989649326
1790423737.1058235,1.8341460090596229
1790423737.1067991,1.3885750086046755
1790423737.109946,1.317905989708379
1790423737.113226,18.826559011358768
1790423737.1139212,29.031359998043627
1790423737.1144023,5.290761007927358
1790423737.1144712,13.336175004951656
1790423737.1164398,1.2544160126708448
1790423737.118906,1.134121004724875
1790423737.121919,1.5500590088777244
1790423737.1247668,1.458973012631759
1790423737.1443968,17.87871800479479
1790423737.1495671,17.876219004392624
1790423737.150217,10.743327002273872
1790423737.1503532,27.475529990624636
1790423737.1508517,6.0412360180635005
1790423737.1522534,13.66137299919501
1790423737.1527238,24.352006003027782
1790423737.153217,31.163341976935044
1790423737.1533127,10.229806997813284
1790423737.1567569,20.32870499533601
1790423737.156947,16.332400002283975
1790423737.1577191,30.019222002010792
1790423737.1578217,36.51993500534445
1790423737.1578865,12.414263997925445
1790423737.1644065,2.5474579888395965
1790423737.1650183,2.5971239956561476
1790423737.1679688,30.900865996954963
1790423737.170499,28.201219014590606
1790423737.171191,18.929120007669553
1790423737.1714144,30.0326390133705
1790423737.1719854,8.099525002762675
1790423737.1792438,2.711923996685073
1790423737.1796713,19.033068005228415
1790423737.179849,27.077608014224097
1790423737.1801922,6.545776006532833
1790423737.1879327,1.832473004469648
1790423737.1918404,16.57398499082774
1790423737.1922011,25.880090019199997
1790423737.192331,5.543951003346592
1790423737.1998987,1.6977219784166664
1790423737.2008047,24.888043000828475
1790423737.201966,2.0561619894579053
1790423737.2020893,27.59254799457267
1790423737.2023876,7.672820996958762
1790423737.2050207,2.363653009524569
1790423737.205717,26.989236008375883
1790423737.206334,3.142723988275975
1790423737.2064228,11.184320988832042
1790423737.21211,1.3972010056022555
1790423737.213157,1.740253996104002
1790423737.2137272,1.354125008219853
1790423737.218053,1.1982500145677477
1790423737.2198818,1.186573994345963
1790423737.22213,1.1217120045330375
1790423737.2261298,1.094954990549013
1790423737.2300537,1.6164129774551839
1790423737.231555,1.0318060230929404
1790423737.2374427,1.5276349731720984
1790423737.240316,1.3655729999300092
1790423737.2431798,1.448430004529655
1790423737.2457097,1.390696008456871
1790423737.2490056,1.3395540008787066
1790423737.2529166,1.5810829936526716
1790423737.2530365,24.274411000078544
1790423737.2536144,25.667859008535743
1790423737.253721,4.0925180073827505
1790423737.2537725,12.592214974574745
1790423737.2577872,1.2585440126713365
1790423737.2603009,1.1022590042557567
1790423737.2629042,1.1161990114487708
1790423737.265808,1.1914019996766
1790423737.2672534,1.4372069854289293
1790423737.2678363,1.2956400169059634
1790423737.2723837,3.126984986010939
1790423737.2730837,1.778292004019022
1790423737.2744617,1.3701140123885125
1790423737.27586,1.1577669938560575
1790423737.2917979,1.3980709773022681
1790423737.2935278,23.410866007907316
1790423737.2950017,1.966089999768883
1790423737.3016427,24.930229992605746
1790423737.3018806,6.867549003800377
1790423737.3019667,31.343006005045027
1790423737.302216,29.485511971870437
1790423737.303661,4.482925985939801
1790423737.3045812,14.901122980518267
1790423737.306655,6.992283015279099
1790423737.3067098,8.727081003598869
1790423737.3070002,6.677194993244484
1790423737.3077505,4.246988974045962
1790423737.308262,7.5511300237849355
1790423737.3083358,4.666272987378761
1790423737.3083928,2.782970987027511
1790423737.315973,1.2081820168532431
1790423737.3188434,2.651631977641955
1790423737.3189466,2.3063659900799394
1790423737.3201733,1.9717900140676647
1790423737.3205209,1.4364850067067891
1790423737.3209383,1.1650559899862856
1790423737.3221996,1.171442010672763
1790423737.3230057,1.3915669987909496
1790423737.325048,1.1786379909608513
1790423737.335088,6.504982011392713
1790423737.3381433,2.5282209971919656
1790423737.3382177,2.1165359939914197
1790423737.3450966,3.810713009443134
1790423737.3462253,19.054100004723296
1790423737.346975,5.155138002010062
1790423737.3478196,25.358284008689225
1790423737.348021,11.18033702368848
1790423737.3482854,5.768848990555853
1790423737.3486025,3.494561999104917
1790423737.3489268,1.9426770159043372
1790423737.3504417,1.209370995638892
1790423737.3546536,14.73004199215211
1790423737.355221,26.25058198464103
1790423737.3552933,12.20960300997831
1790423737.355662,4.391902009956539
1790423737.357926,1.2666620023082942
1790423737.360006,1.22849500621669
1790423737.3655725,1.0732689988799393
1790423737.3713634,15.428767976118252
1790423737.3717103,20.911922998493537
1790423737.371947,1.7544139991514385
1790423737.3720016,6.422110018320382
1790423737.3740466,6.635440018726513
1790423737.38089,1.172221003798768
1790423737.3830142,1.2845910096075386
1790423737.3870165,2.6718020089901984
1790423737.3876398,2.4796710058581084
1790423737.38821,2.2266470186877996
1790423737.3907042,7.681597024202347
1790423737.390771,22.901456977706403
1790423737.3976774,1.4876630157232285
1790423737.4025936,1.3283220177982002
1790423737.4065711,1.4620779838878661
1790423737.4152381,16.99341498897411
1790423737.4155529,29.184530983911827
1790423737.4158425,6.278832996031269
1790423737.4176817,3.5329789971001446
1790423737.4178073,17.433721019187942
1790423737.417874,29.61673098616302
1790423737.421663,1.2532590189948678
1790423737.4235346,1.79244700120762
1790423737.425161,23.348953982349485
1790423737.425453,7.428366981912404
1790423737.4260669,3.6448850005399436
1790423737.4261348,2.107129985233769
1790423737.4275434,1.3261090207379311
1790423737.4340806,1.2035039835609496
1790423737.4410136,21.831654012203217
1790423737.4415047,17.95860502170399
1790423737.4420738,23.67223598412238
1790423737.442414,5.217247002292424
1790423737.4452486,1.8825620063580573
1790423737.4458497,1.4591860235668719
1790423737.461151,23.598662024596706
1790423737.4626913,15.543804998742417
1790423737.4628782,26.765315007651225
1790423737.4634972,21.073806012282148
1790423737.4635544,27.005351992556825
1790423737.4636195,14.629367011366412
1790423737.4646027,1.5231490251608193
1790423737.4648547,3.6911740025971085
1790423737.4667454,1.3868679816368967
1790423737.4719803,2.155221998691559
1790423737.4721308,1.9148779974784702
1790423737.472673,1.6053860017564148
1790423737.479046,22.83648497541435
1790423737.4795015,5.895064998185262
1790423737.4796085,23.926068999571726
1790423737.4796996,10.427820991026238
1790423737.4941623,2.132090972736478
1790423737.49765,23.549749981611967
1790423737.498643,20.62061900505796
1790423737.4988241,6.228684011148289
1790423737.513317,25.127947999862954
1790423737.5142667,26.97311999509111
1790423737.515671,19.578845996875316
1790423737.518885,34.429657011060044
1790423737.5204523,14.640671986853704
1790423737.5207953,6.116884993389249
1790423737.5210109,22.055481997085735
1790423737.521462,24.324205005541444
1790423737.522686,1.665707997744903
1790423737.5235274,20.91978202224709
1790423737.5292583,14.982880995376036
1790423737.5311358,21.042573993327096
1790423737.5312462,35.820533987134695
1790423737.5330725,33.621056005358696
1790423737.5337362,32.9845100059174
1790423737.5339005,20.57070902083069
1790423737.5339768,18.29384599113837
1790423737.5342398,18.720168998697773
1790423737.5343246,7.322883000597358
1790423737.5352292,2.1020300046075135
1790423737.5380483,1.4612879895139486
1790423737.5396008,1.3946400140412152
1790423737.5399368,55.846776987891644
1790423737.541469,22.523306019138545
1790423737.5415368,7.044901984045282
1790423737.5416071,30.506194016197696
1790423737.5487382,1.6016580048017204
1790423737.5533483,1.658645021962002
1790423737.5613635,2.1203249925747514
1790423737.5625453,2.64997998601757
1790423737.5627244,2.0045359851792455
1790423737.5648377,2.104455983499065
1790423737.565748,1.7082419944927096
1790423737.572651,3.503382991766557
1790423737.5727255,3.1305050069931895
1790423737.5729039,4.236754990415648
1790423737.5734453,2.9838559858035296
1790423737.5735035,1.651697006309405
1790423737.5763643,1.2544429919216782
1790423737.5806715,2.8737309912685305
1790423737.5876408,1.6602700052317232
1790423737.5974598,3.0409479804802686
1790423737.600234,21.28351101418957
1790423737.6010401,26.760018983623013
1790423737.6018844,6.66489900322631
1790423737.6019733,13.478053995640948
1790423737.6020842,20.438898005522788
1790423737.6024091,2.1666900138370693
1790423737.6068037,10.99942100699991
1790423737.607387,27.708254987373948
1790423737.6075318,29.183953010942787
1790423737.6078603,23.756691021844745
1790423737.6079166,11.291513015748933
1790423737.6079853,16.91527699586004
1790423737.6080616,14.320082002086565
1790423737.609108,4.691848997026682
1790423737.6098082,1.553869980853051
1790423737.6217613,23.42060802038759
1790423737.6259162,28.410735016223043
1790423737.6475205,16.803639009594917
1790423737.6492915,20.25390599737875
1790423737.6525779,36.351029004435986
1790423737.6530986,20.5825459852349
1790423737.653674,32.71224201307632
1790423737.6622486,37.57980599766597
1790423737.6651354,61.270755977602676
1790423737.665573,24.36794398818165
1790423737.6656585,43.56650399859063
1790423737.6674201,1.6530889843124896
1790423737.669727,1.6949019918683916
1790423737.6698747,52.29497700929642
1790423737.6723945,21.22044301358983
1790423737.6735687,46.61726902122609
1790423737.6736658,53.41826201765798
1790423737.6738412,5.172995995962992
1790423737.677071,1.6209940076805651
1790423737.6782749,2.0087129960302263
1790423737.6783693,17.321663006441668
1790423737.678842,44.8809529771097
1790423737.6791089,7.3439400002826005
1790423737.681212,1.3654530048370361
1790423737.6958945,1.3759100111201406
1790423737.699212,28.340247983578593
1790423737.6993053,26.734294020570815
1790423737.699369,15.455315995495766
1790423737.7034807,2.499778987839818
1790423737.7057934,1.4595639950130135
1790423737.7084517,6.4345800201408565
1790423737.7087204,19.122736994177103
1790423737.708922,27.319949003867805
1790423737.7096624,3.7471079849638045
1790423737.709789,3.0247280083131045
1790423737.7116308,1.2172019924037158
1790423737.7141805,21.334938996005803
1790423737.7142897,24.20954400440678
1790423737.7152543,12.318199995206669
1790423737.7153418,6.365515990182757
1790423737.716196,1.3759970024693757
1790423737.7194417,1.1273680138401687
1790423737.7238874,1.1407819984015077
1790423737.7280023,1.1802040098700672
1790423737.7360423,1.5342700062319636
1790423737.7362726,1.3389759988058358
1790423737.738834,1.1802509834524244
1790423737.7409,1.067602017428726
1790423737.7477674,1.762903993949294
1790423737.7486086,1.5258440107572824
1790423737.75087,12.028576020384207
1790423737.7509227,19.876715989084914
1790423737.7532227,1.1019730009138584
1790423737.754663,1.1235539859626442
1790423737.7568011,1.096719002816826
1790423737.7579896,1.0918210027739406
1790423737.7595713,1.2450079957488924
1790423737.761475,1.2766010186169297
1790423737.7651982,2.138718991773203
1790423737.7653039,1.6830959939397871
1790423737.7656565,1.5490100195165724
1790423737.7675254,1.2141019979026169
1790423737.7728481,1.2520590098574758
1790423737.7744381,1.5788559976499528
1790423737.7841768,18.178272992372513
1790423737.784274,21.642791019985452
1790423737.7850306,1.3015709992032498
1790423737.787747,1.247413019882515
1790423737.7911747,1.7829150019679219
1790423737.7917058,1.2404859880916774
1790423737.7972782,2.041892003035173
1790423737.7981796,1.4405219990294427
1790423737.7982295,2.2052639978937805
1790423737.801364,1.0451160196680576
1790423737.8047643,1.746939989970997
1790423737.8055284,1.3744629977736622
1790423737.829483,2.6781249907799065
1790423737.830208,1.8635050219018012
1790423737.837019,1.7772529972717166
1790423737.8403575,1.4232599933166057
1790423737.8417428,1.152053999248892
1790423737.8600094,6.33719700272195
1790423737.8611546,6.654901982983574
1790423737.8614414,8.319568005390465
1790423737.8615096,9.066105994861573
1790423737.8622077,5.293005990097299
1790423737.8627753,2.0462049869820476
1790423737.8629432,2.9241199954412878
1790423737.8638008,2.06592699396424
1790423737.8646781,1.5557090227957815
1790423737.8715832,1.2760719982907176
1790423737.8977437,22.59947601123713
1790423737.8985898,24.256435979623348
1790423737.8989203,30.374019988812506
1790423737.8991027,16.03831601096317
1790423737.8991792,5.151107994606718
1790423737.900157,30.26906799641438
1790423737.9002485,13.410337996901944
1790423737.9026093,15.02868699026294
1790423737.902918,25.42580000590533
1790423737.9030986,29.651546996319667
1790423737.9035437,2.4323379911947995
1790423737.9038234,1.693990983767435
1790423737.9053273,22.945116012124345
1790423737.910987,22.625335986958817
1790423737.9113936,29.67911201994866
1790423737.911464,5.052909982623532
1790423737.9185429,1.3870619877707213
1790423737.921661,1.3016370066907257
1790423737.9293187,1.6384389891754836
1790423737.9316368,24.70821898896247
1790423737.9317005,18.504079984268174
1790423737.9390838,1.9414300040807575
1790423737.9423885,2.6316309813410044
1790423737.9436169,3.366213000845164
1790423737.944032,1.6337719862349331
1790423737.9474468,1.2943590118084103
1790423737.9511101,13.411124993581325
1790423737.9515471,24.381180002819747
1790423737.9516585,10.755452996818349
1790423737.9542837,1.3537100167013705
1790423737.9565382,18.40792500297539
1790423737.9578052,23.50747201126069
1790423737.957904,15.87631698930636
1790423737.9640162,1.1207959905732423
1790423737.9750435,2.100332028931007
1790423737.976695,2.151089021936059
1790423737.9768138,3.114357008598745
1790423737.978254,1.1944170109927654
1790423737.9818873,1.1800090142060071
1790423737.9901257,2.9321720066946
1790423737.9906218,21.71128601185046
1790423737.9911897,24.594312999397516
1790423737.9913,15.196615015156567
1790423737.9915667,2.4036309914663434
1790423738.001325,3.7599319766741246
1790423738.00237,3.846825013170019
1790423738.0037122,10.39724497240968
1790423738.0040865,3.341358999023214
1790423738.0042164,4.813054983969778
1790423738.0042977,24.703331000637263
1790423738.0043492,4.148495005210862
1790423738.005889,1.0280909773427993
1790423738.0107396,13.861193001503125
1790423738.0112271,21.68202499160543
1790423738.011279,11.315993004245684
1790423738.0153964,1.3818370061926544
1790423738.0239785,1.3825120113324374
1790423738.0334892,1.481804996728897
1790423738.0353847,19.07630401547067
1790423738.0355158,9.818066988373175
1790423738.0356073,26.290317007806152
1790423738.0368326,19.590641983086243
1790423738.0384324,18.839235010091215
1790423738.0386083,26.637435978045687
1790423738.038726,9.952006017556414
1790423738.0388458,2.7024059963878244
1790423738.0391858,2.1824599825777113
1790423738.0462034,15.251069999067113
1790423738.0462763,26.219537016004324
1790423738.0463858,4.501474992139265
1790423738.0464442,2.4198459868784994
1790423738.0488088,1.5563740162178874
1790423738.0493817,1.2632340076379478
1790423738.0682893,1.3853099953848869
1790423738.071258,1.088866003556177
1790423738.0731978,1.2503289908636361
1790423738.0769663,1.4172850060276687
1790423738.0795233,1.1316279997117817
1790423738.081835,2.157637005439028
1790423738.0944715,25.54678000160493
1790423738.0945625,17.459333990700543
1790423738.0947316,25.40766299352981
1790423738.0981295,1.7084360006265342
1790423738.1125023,31.75988100701943
1790423738.1125934,12.30550798936747
1790423738.1192358,1.707524002995342
1790423738.1212559,15.20309000625275
1790423738.1213508,31.280302006052807
1790423738.1225462,27.545599994482473
1790423738.1234064,15.512090001720935
1790423738.1234772,30.361363984411582
1790423738.1237612,1.9476039742585272
1790423738.1292582,1.5577279846183956
1790423738.1339948,1.6189890156965703
1790423738.1345253,1.7695649876259267
1790423738.1369784,20.68033700925298
1790423738.1372313,27.107805013656616
1790423738.1372952,5.365802993765101
1790423738.145072,6.77532801637426
1790423738.1555758,12.918856024043635
1790423738.1575754,4.483013995923102
1790423738.1576796,22.688704018946737
1790423738.1609154,25.325384980533272
1790423738.161615,1.5302280080504715
1790423738.1642127,25.481916993157938
1790423738.167004,2.738623006734997
1790423738.167372,3.258290991652757
1790423738.1674507,2.2462549968622625
1790423738.1683583,5.54903200827539
1790423738.1684487,30.616515985457227
1790423738.1725054,1.1853160103783011
1790423738.1739192,1.173377997474745
1790423738.1760893,1.0811419924721122
1790423738.1819465,1.444177993107587
1790423738.1867707,1.190422015497461
1790423738.1879375,1.1593159870244563
1790423738.195439,1.3230520125944167
1790423738.1976483,1.1929539905395359
1790423738.2124336,6.735759990988299
1790423738.213281,6.353133998345584
1790423738.2133875,7.141765992855653
1790423738.2145522,9.387402009451762
1790423738.2150648,3.9739820058457553
1790423738.2154853,2.7059860003646463
1790423738.2157006,2.112095011398196
1790423738.2195504,1.128662988776341
1790423738.2232962,1.3132710009813309
1790423738.22789,1.5399209805764258
1790423738.2409134,1.3372059911489487
1790423738.2420042,8.427471009781584
1790423738.2421434,21.17776300292462
1790423738.2425692,1.645873999223113
1790423738.2532,1.518420991487801
1790423738.2571635,24.117755994666368
1790423738.257271,22.7344729937613
1790423738.2574215,12.667610979406163
1790423738.2579474,2.676030999282375
1790423738.2601902,22.214178985450417
1790423738.260881,1.9717440009117126
1790423738.2623003,12.4958069936838
1790423738.2628307,25.358901999425143
1790423738.2633915,3.966674004914239
1790423738.2646143,2.304595982423052
1790423738.2652988,1.6376310086343437
1790423738.2694588,1.819466007873416
1790423738.2746503,1.1284359788987786
1790423738.279324,17.635552008869126
1790423738.2797647,1.5300279774237424
1790423738.2837498,20.909401995595545
1790423738.2840896,13.457291992381215
1790423738.2841651,3.499796992400661
1790423738.2889152,17.91267201770097
1790423738.2889798,20.900193019770086
1790423738.2953713,1.674678991548717
1790423738.2979434,1.2956950231455266
1790423738.3057644,1.2023949821013957
1790423738.3096843,1.30236498080194
1790423738.3103232,15.618934005033225
1790423738.3104062,21.31512001506053
1790423738.3148234,2.002561988774687
1790423738.315164,1.9033259886782616
1790423738.3174798,1.2307479919400066
1790423738.320673,1.123990019550547
1790423738.3232415,1.2845269811805338
1790423738.3281066,1.4913069899193943
1790423738.3286905,1.3223860005382448
1790423738.3305223,1.2839119881391525
1790423738.3434777,1.6403699992224574
1790423738.3455276,1.6336359840352088
1790423738.34838,24.009999993722886
1790423738.349223,17.284828005358577
1790423738.350004,27.37476202310063
1790423738.350986,1.7517880187369883
1790423738.3561192,23.66478301701136
1790423738.3569963,3.668389981612563
1790423738.357123,25.8220249961596
1790423738.360917,2.300944004673511
1790423738.3629222,2.42451298981905
1790423738.3632958,2.176606998546049
1790423738.367616,2.197981986682862
1790423738.368334,1.9639070087578148
1790423738.3743446,2.4162890040315688
1790423738.3756583,28.15626800293103
1790423738.3758574,13.397139991866425
1790423738.3759444,20.487475994741544
1790423738.3761077,8.48109001526609
1790423738.377201,3.4363129816483706
1790423738.3773193,2.1300009975675493
1790423738.3803656,1.2798999960068613
1790423738.3816347,1.2584590003825724
1790423738.3830328,1.2432369985617697
1790423738.3844483,20.187176996842027
1790423738.385259,25.653193006291986
1790423738.3864346,3.3935050014406443
1790423738.3865798,9.251053998013958
1790423738.3866835,15.242110006511211
1790423738.3873203,1.9884229986928403
1790423738.391321,1.1270579998381436
1790423738.3958309,1.6976049810182303
1790423738.396091,1.353975007077679
1790423738.3968809,1.4094929792918265
1790423738.3997269,1.0702020081225783
1790423738.407173,1.7686649807728827
1790423738.407734,1.241344987647608
1790423738.4313633,4.509569000219926
1790423738.4317203,4.22240499756299
1790423738.4332042,2.1752780012320727
1790423738.4401693,18.605284014483914
1790423738.4512794,22.93571300106123
1790423738.4522948,11.180108005646616
1790423738.4537616,30.036498996196315
1790423738.4627905,30.17337797791697
1790423738.4629362,22.436602012021467
1790423738.463005,11.89994000014849
1790423738.464541,33.86803998728283
1790423738.4696689,10.64039597986266
1790423738.4699445,31.1492909968365
1790423738.4736292,1.4715249999426305
1790423738.4760766,1.348884019535035
1790423738.4774756,55.327317997580394
1790423738.4803286,16.638948989566416
1790423738.4807837,57.60869002551772
1790423738.4808574,37.539387005381286
1790423738.4811358,36.269312986405566
1790423738.4812977,20.593412016751245
1790423738.4816937,39.419226988684386
1790423738.4818041,3.4532569989096373
1790423738.4825706,1.2645740061998367
1790423738.4873238,1.191097020637244
1790423738.4992876,2.58074002340436
1790423738.4993517,3.110630001174286
1790423738.4994023,2.1405589941423386
1790423738.5016103,1.0876759770326316
1790423738.506009,1.279160991543904
1790423738.508425,2.176956011680886
1790423738.51029,3.2909750007092953
1790423738.5104253,3.859878983348608
1790423738.510836,2.0102959824725986
1790423738.5125377,1.0370599920861423
1790423738.51487,1.0525149991735816
1790423738.5177252,1.4739210018888116
1790423738.5181186,1.4346530078910291
1790423738.5198288,1.0261840070597827
1790423738.5212064,0.9980600152630359
1790423738.528339,1.172183983726427
1790423738.5305161,1.0677640093490481
1790423738.5475318,2.1755579800810665
1790423738.5478182,2.0647530036512762
1790423738.5512593,20.296078990213573
1790423738.5513268,4.204178985673934
1790423738.553942,1.2861010036431253
1790423738.5644042,1.3640880060847849
1790423738.5656292,22.480106010334566
1790423738.565705,16.08293000026606
1790423738.5707307,1.5032109804451466
1790423738.5707843,2.13738001184538
1790423738.5798416,1.3900320045650005
1790423738.580122,1.2306830030865967
1790423738.5834348,1.2151630071457475
1790423738.5885005,1.8399679975118488
1790423738.59527,3.2457750057801604
1790423738.5974677,3.6845820141024888
1790423738.5975845,4.52568000764586
1790423738.5976589,5.1846700080204755
1790423738.6013741,1.1605540057644248
1790423738.6048784,1.4385250105988234
1790423738.6090772,1.6538779891561717
1790423738.6130798,1.5018789854366332
1790423738.6131828,17.57559899124317
1790423738.6184328,1.6567510028835386
1790423738.6191483,8.679179998580366
1790423738.6192389,24.489680014085025
1790423738.6218529,1.253085007192567
1790423738.6281326,25.142015976598486
1790423738.6308193,7.715685002040118
1790423738.6311467,5.405299976700917
1790423738.6313477,6.529400998260826
1790423738.6317763,20.83511499222368
1790423738.6321867,6.849522003903985
1790423738.6341343,2.77629098854959
1790423738.6342015,2.4161410110536963
1790423738.6442535,20.567970001138747
1790423738.64484,27.33376101241447
1790423738.6451886,18.807302985806018
1790423738.6458244,12.813972978619859
1790423738.6462681,5.815429001813754
1790423738.6574066,17.698753013974056
1790423738.659572,29.48844400816597
1790423738.6636188,35.47552399686538
1790423738.6640518,26.729364006314427
1790423738.6642118,23.295382998185232
1790423738.6653712,27.392479998525232
1790423738.666259,31.74950700486079
1790423738.6666517,24.93380501982756
1790423738.669705,22.46771100908518
1790423738.6698112,34.600212005898356
1790423738.669928,11.33864201256074
1790423738.6767247,20.398452994413674
1790423738.6776152,27.463234990136698
1790423738.6821094,22.18136901501566
1790423738.683104,33.61271199537441
1790423738.6832058,7.836573990061879
1790423738.6897314,2.1021339925937355
1790423738.6907003,35.04011800396256
1790423738.6911192,24.45645199622959
1790423738.69331,19.458899012533948
1790423738.696558,17.506567994132638
1790423738.6976485,8.953183016274124
1790423738.6977267,36.796672007767484
1790423738.698234,29.434965981636196
1790423738.698991,19.18600997305475
1790423738.6991594,37.11813598056324
1790423738.7004383,29.584415984572843
1790423738.7004917,15.667681000195444
1790423738.7041633,1.590084983035922
1790423738.7101843,1.231368980370462
1790423738.7119277,1.2138659949414432
1790423738.722304,1.4681739849038422
1790423738.7329738,1.5238159976433963
1790423738.7359974,1.694823004072532
1790423738.7419548,1.2824110162910074
1790423738.7441554,1.5042710001580417
1790423738.745256,10.104331013280898
1790423738.745376,24.0193149948027
1790423738.7459705,1.8023899756371975
1790423738.7524173,1.267290994292125
1790423738.7541933,1.2229940039105713
1790423738.7581503,21.016227023210377
1790423738.758824,25.656126003013924
1790423738.7589688,11.975940986303613
1790423738.7602215,1.24369899276644
1790423738.7632282,2.0132499921601266
1790423738.7664964,1.2708180001936853
1790423738.7682216,1.2398989929351956
1790423738.773582,1.2939840089529753
1790423738.7804043,1.7978920077439398
1790423738.787208,18.718081002589315
1790423738.7884138,26.80628400412388
1790423738.7891648,28.39430799940601
1790423738.7892594,8.487084007356316
1790423738.7926474,28.63591001369059
1790423738.7930622,7.275013020262122
1790423738.7934914,21.912485011853278
1790423738.7937214,29.246316000353545
1790423738.7942514,3.796680015511811
1790423738.7943401,4.330769996158779
1790423738.8063662,18.645008996827528
1790423738.8068335,32.236633996944875
1790423738.8074079,5.382085015298799
1790423738.8093219,20.050248014740646
1790423738.8094404,30.11926100589335
1790423738.8103504,1.5355169889517128
1790423738.8191326,1.9765840261243284
1790423738.8265991,14.1926689830143
1790423738.8270683,2.4315440095961094
1790423738.8271484,30.027883010916412
1790423738.8279915,1.926299009937793
1790423738.833048,16.5976730058901
1790423738.8348894,5.3919770289212465
1790423738.8353918,28.545706998556852
1790423738.8372898,3.4722890122793615
1790423738.837609,5.058068985817954
1790423738.8379984,6.132644019089639
1790423738.8388252,2.012947021285072
1790423738.8392708,2.9832840082235634
1790423738.8393402,1.7197929846588522
1790423738.8417518,24.13011499447748
1790423738.8420675,12.051017984049395
1790423738.8421657,7.67974799964577
1790423738.8503869,1.5776939981151372
1790423738.8525567,1.0910080163739622
1790423738.8545883,1.4425280096475035
1790423738.8550086,1.3712030195165426
1790423738.8654134,1.6773450188338757
1790423738.8661873,1.793270988855511
1790423738.8694034,20.18105299794115
1790423738.8702497,11.717833986040205
1790423738.870546,22.906331985723227
1790423738.8706105,5.186274996958673
1790423738.8818183,20.41542300139554
1790423738.882389,8.703400002559647
1790423738.8824468,22.502234991407022
1790423738.8900585,1.321875985013321
1790423738.8912385,1.1720370093826205
1790423738.893104,1.1804949899669737
1790423738.8968592,1.316987007157877
1790423738.8981462,14.674089004984125
1790423738.8987565,20.65426399349235
1790423738.8990605,1.8131739925593138
1790423738.8991272,6.013400998199359
1790423738.9019456,1.2587980017997324
1790423738.9035017,1.5487690106965601
1790423738.9078615,2.821753005264327
1790423738.9083574,2.8698690002784133
1790423738.9084294,1.9851269898936152
1790423738.911485,1.4944040158297867
1790423738.9133873,1.2917359999846667
1790423738.9186006,2.4106930068228394
1790423738.9207687,17.648640990955755
1790423738.920997,14.147830021101981
1790423738.927205,2.3240000009536743
1790423738.9273677,1.6834060079418123
1790423738.9290512,25.432474998524413
1790423738.9291286,12.486897001508623
1790423738.930824,3.436529979808256
1790423738.9316378,1.4345530071295798
1790423738.9324985,1.5549750241916627
1790423738.9350545,1.310816005570814
1790423738.93817,1.3052099966444075
1790423738.9394767,1.2989889946766198
1790423738.9409401,20.836114999838173
1790423738.9414644,24.18837702134624
1790423738.9420576,7.792963995598257
1790423738.942181,12.768264015903696
1790423738.9432802,1.0903700022026896
1790423738.9508884,1.1133310035802424
1790423738.9586365,2.061473991489038
1790423738.959685,2.6609630149323493
1790423738.9600425,1.3981270021758974
1790423738.9604237,1.3438769965432584
1790423738.9658341,1.0262980067636818
1790423738.9779308,1.2193990114610642
1790423738.9832609,2.6477659994270653
1790423738.983336,3.11131399939768
1790423738.98414,1.6751839721109718
1790423738.9872983,2.060505998088047
1790423738.9886725,2.734360983595252
1790423738.9896986,2.0465149718802422
1790423738.9921021,1.2711900053545833
1790423738.993256,1.8455740064382553
1790423738.9934483,22.37671599141322
1790423738.9935517,11.91681099589914
1790423738.9936128,6.923951004864648
1790423739.0039353,1.2294579937588423
1790423739.0067015,1.585409016115591
1790423739.0074632,1.8385389994364232
1790423739.0080357,1.3238750107120723
1790423739.0130892,1.104137976653874
1790423739.0148518,1.6559789946768433
1790423739.0152273,1.5662639925722033
1790423739.0176265,12.91907302220352
1790423739.0180535,20.802776009077206
1790423739.018107,7.1502740029245615
1790423739.0204694,1.1045799765270203
1790423739.0242224,1.1510500044096261
1790423739.0282428,1.1277340236119926
1790423739.0297902,1.4547230093739927
1790423739.0305116,1.0914640151895583
1790423739.033883,1.140544016379863
1790423739.0352056,1.1817250051535666
1790423739.0356646,1.0674280056264251
1790423739.042898,1.2985829962417483
1790423739.054086,3.0902930011507124
1790423739.0541704,3.7964530056342483
1790423739.061059,16.451922012493014
1790423739.0614545,24.47842399124056
1790423739.0616448,9.867698972811922
1790423739.061727,2.267822012072429
1790423739.0707724,22.309813008178025
1790423739.0732274,19.63882497511804
1790423739.079721,22.2616920073051
1790423739.0875728,24.63940900634043
1790423739.0944293,19.360773992957547
1790423739.0976274,28.627065010368824
1790423739.0978014,28.160622983705252
1790423739.10028,28.878732991870493
1790423739.1003993,53.11072000768036
1790423739.1009552,1.8302410026080906
1790423739.1074476,14.404934016056359
1790423739.1081293,13.211526995291933
1790423739.113629,8.262987015768886
1790423739.1143255,34.07328302273527
1790423739.1145227,42.58953401586041
1790423739.1146266,57.705587008967996
1790423739.1156728,2.033870987361297
1790423739.1164136,1.5139019815251231
1790423739.120083,29.833317996235564
1790423739.1201684,9.825877990806475
1790423739.1217244,9.199936990626156
1790423739.1218026,26.265471999067813
1790423739.1296365,1.291610999032855
1790423739.1357732,1.9266169983893633
1790423739.136752,1.457926002331078
1790423739.1412284,1.7552200006321073
1790423739.1415563,1.5463839808944613
1790423739.1606698,26.25583199551329
1790423739.1646767,27.46288900380023
1790423739.17027,25.046163995284587
1790423739.1730082,27.372984011890367
1790423739.1736605,21.790186990983784
1790423739.176235,8.299172011902556
1790423739.1763632,18.904516997281462
1790423739.1769302,33.205485000507906
1790423739.1785095,25.910728989401832
1790423739.1790407,32.732804014813155
1790423739.1791291,35.81851100898348
1790423739.1793063,19.84705001814291
1790423739.1795015,34.88317399751395
1790423739.187224,56.60829701810144
1790423739.188471,39.19478500029072
1790423739.1889431,37.766801979159936
1790423739.1898592,42.62703700806014
1790423739.1929665,37.646483979187906
1790423739.1964839,39.6394039853476
1790423739.1970987,30.27398101403378
1790423739.197706,41.53737798333168
1790423739.2013443,22.824821004178375
1790423739.202521,17.124712001532316
1790423739.2040014,42.53975799656473
1790423739.2059357,19.31570502347313
1790423739.206082,32.25550102069974
1790423739.2100344,20.85621701553464
1790423739.2101808,34.96577899204567
1790423739.2104716,2.784256008453667
1790423739.2144368,30.204392998712137
1790423739.2188048,20.975666993763298
1790423739.2188768,35.54788199835457
1790423739.2234976,21.95860299980268
1790423739.2243795,34.219821012811735
1790423739.2277343,1.5723399992566556
1790423739.228332,1.4747199893463403
1790423739.2316127,24.70262598944828
1790423739.2316813,25.58688199496828
1790423739.237789,1.2969039962626994
1790423739.2518804,1.375015010125935
1790423739.2563407,17.93023300706409
1790423739.2571251,22.923993004951626
1790423739.257197,5.305013997713104
1790423739.258216,13.693694985704497
1790423739.2588985,22.90572301717475
1790423739.258979,4.5204640191514045
1790423739.2615054,12.715503020444885
1790423739.2627559,24.81187100056559
1790423739.2628715,7.881922007072717
1790423739.26441,2.4732029996812344
1790423739.2649474,1.5185459924396127
1790423739.26655,1.3077339972369373
1790423739.2770333,1.5270200092345476
1790423739.2865715,22.622430988121778
1790423739.2871246,9.06646199291572
1790423739.2872794,1.9536269828677177
1790423739.3067744,25.252794002881274
1790423739.308127,16.800437006168067
1790423739.3085692,30.973493005149066
1790423739.3100808,27.954389981459826
1790423739.315101,45.671856991248205
1790423739.3203812,39.417769003193825
1790423739.326154,38.86197600513697
1790423739.326755,44.03776201070286
1790423739.3270192,24.196883983677253
1790423739.3474905,47.606526990421116
1790423739.3509955,56.54970899922773
1790423739.3521693,64.23670100048184
1790423739.3534136,48.4137239982374
1790423739.3546355,30.041079997317865
1790423739.3547277,41.32451899931766
1790423739.3549032,59.82232198584825
1790423739.354989,47.4752789887134
1790423739.3579578,54.989957017824054
1790423739.3580947,65.78159899800085
1790423739.3582141,51.67602500296198
1790423739.3583534,56.23798200394958
1790423739.3635826,20.447501010494307
1790423739.363845,68.21176601806656
1790423739.3639483,48.436426994157955
1790423739.3651462,39.73186598159373
1790423739.3653162,42.725347011582926
1790423739.3653958,77.1880499960389
1790423739.3656642,13.427564001176506
1790423739.3662164,7.85209599416703
1790423739.3669024,33.310113998595625
1790423739.3686917,58.13263598247431
1790423739.369517,75.92076499713585
1790423739.370755,31.126112007768825
1790423739.3716602,3.157304978230968
1790423739.3747804,19.440472999121994
1790423739.3748975,28.6889290146064
1790423739.3757627,51.578379003331065
1790423739.3765335,15.513824007939547
1790423739.376607,68.02771802176721
1790423739.3769362,6.169949978357181
1790423739.3794122,1.7945910221897066
1790423739.3846712,5.081287992652506
1790423739.3861725,54.390044999308884
1790423739.387114,20.180856983643025
1790423739.3876822,5.482645006850362
1790423739.388335,31.53168599237688
1790423739.389149,37.270887987688184
1790423739.3893466,50.801047997083515
1790423739.3900175,62.907386978622526
1790423739.390166,9.320782992290333
1790423739.39052,41.987806995166466
1790423739.3915858,14.628689998062328
1790423739.3920527,36.160595016554
1790423739.392183,7.49811899731867
1790423739.3922727,28.67521799635142
1790423739.3925474,12.35482600168325
1790423739.3927875,17.623004008783028
1790423739.397064,2.0950140024069697
1790423739.416931,35.45153100276366
1790423739.4170725,15.201221976894885
1790423739.4207313,1.742166990879923
1790423739.423425,20.593624998582527
1790423739.4235368,32.49103500274941
1790423739.4248147,30.480002984404564
1790423739.425427,7.691435981541872
1790423739.4255118,32.47854401706718
1790423739.4300072,1.9735280075110495
1790423739.4309802,1.871740008937195
1790423739.4355147,1.7905970162246376
1790423739.4388573,20.505138993030414
1790423739.4389596,28.750566008966416
1790423739.4393542,6.464217993197963
1790423739.4443486,1.886793994344771
1790423739.4486773,1.7099609831348062
1790423739.451879,1.4327149838209152
1790423739.4600632,2.4712220183573663
1790423739.4670842,17.366405023494735
1790423739.467246,31.607667013304308
1790423739.4674578,18.238177988678217
1790423739.4681187,26.33473399328068
1790423739.4685967,32.470375997945666
1790423739.4690404,3.298941010143608
1790423739.474382,3.6338919890113175
1790423739.4764647,3.7547670071944594
1790423739.4767416,4.36692000948824
1790423739.4775078,3.2756809960119426
1790423739.478102,1.350759994238615
1790423739.4827943,1.2076419952791184
1790423739.484785,1.7807780241128057
1790423739.4873042,1.5805810107849538
1790423739.489741,1.810351008316502
1790423739.4899163,18.34472201880999
1790423739.4904878,1.5262039960362017
1790423739.4936755,19.280615000752732
1790423739.4947217,9.537319012451917
1790423739.4956489,31.18178399745375
1790423739.49572,5.130575998919085
1790423739.4958038,4.01116197463125
1790423739.495879,3.309403022285551
1790423739.5011175,2.5854959967546165
1790423739.5032148,2.542085014283657
1790423739.5033443,3.6215629952494055
1790423739.505736,3.649954014690593
1790423739.5059612,4.493871994782239
1790423739.5073526,3.770355018787086
1790423739.5078335,2.55939201451838
1790423739.5082204,3.820866986643523
1790423739.5092037,3.2341679907403886
1790423739.5102417,2.0135930099058896
1790423739.5103302,1.6079730121418834
1790423739.5119884,1.2173440190963447
1790423739.5125859,1.2838080001529306
1790423739.5157197,1.504182000644505
1790423739.5178914,1.5736969944555312
1790423739.522157,1.486730994656682
1790423739.5242167,1.4394369791261852
1790423739.526793,2.459606999764219
1790423739.5270133,2.1713320165872574
1790423739.527593,2.128160005668178
1790423739.5305147,1.4659679727628827
1790423739.5416477,2.8200359956827015
1790423739.5449302,2.487716992618516
1790423739.5570633,13.861918996553868
1790423739.55722,27.57691201986745
1790423739.5573344,17.401539022102952
1790423739.5655384,12.849924998590723
1790423739.5657701,30.95767999184318
1790423739.5659363,24.950305989477783
1790423739.5660906,3.8879890053067356
1790423739.5679946,5.049053987022489
1790423739.5680811,26.194776000920683
1790423739.5683048,30.497336003463715
1790423739.5684066,13.60467600170523
1790423739.5694525,4.977703996701166
1790423739.5751839,1.7974679940380156
1790423739.575938,1.7320929910056293
1790423739.5781775,17.10578502388671
1790423739.5783086,9.77259999490343
1790423739.5783958,31.965239002602175
1790423739.5825107,1.93282900727354
1790423739.5886874,2.30627300334163
1790423739.5894992,2.1248300035949796
1790423739.5922601,1.5248290146701038
1790423739.5950558,1.415706006810069
1790423739.5984995,25.99009301047772
1790423739.598779,28.761095978552476
1790423739.599027,15.873611002461985
1790423739.6004198,4.136515985010192
1790423739.6011162,12.910623016068712
1790423739.6025934,3.5558190138544887
1790423739.602679,2.2493400028906763
1790423739.6048768,1.4550559862982482
1790423739.6088097,23.00094100064598
1790423739.6092641,19.171421008650213
1790423739.6095603,12.604838004335761
1790423739.6099095,28.8084140047431
1790423739.6118834,5.412983999121934
1790423739.6125176,3.6981629964429885
1790423739.6136215,3.346974990563467
1790423739.6139405,2.5995159812737256
1790423739.6179008,1.8426240130793303
1790423739.6213837,1.7579540144652128
1790423739.622175,1.7205119947902858
1790423739.6266947,18.855112983146682
1790423739.6272874,25.958782993257046
1790423739.6273503,14.82065298478119
1790423739.6328504,1.9412639958318323
1790423739.6443906,27.69869298208505
1790423739.6445932,13.113941997289658
1790423739.6467392,1.3735730026382953
1790423739.6505635,1.6614230116829276
1790423739.651528,26.845209999009967
1790423739.6515973,9.287185006542131
1790423739.654532,1.5492209931835532
1790423739.661055,27.229436993366107
1790423739.6617687,17.16315301018767
1790423739.6772044,22.66127400798723
1790423739.6809423,25.70276299957186
1790423739.6810586,31.215413997415453
1790423739.6811821,12.302465998800471
1790423739.6822956,26.652427011867985
1790423739.683196,10.391768999397755
1790423739.6832664,30.86056897882372
1790423739.685153,27.01723898644559
1790423739.686369,7.148807984776795
1790423739.6865478,30.090284009929746
1790423739.6877017,21.16071098134853
1790423739.6883028,31.019567017210647
1790423739.6886225,3.4586869878694415
1790423739.6915636,1.3397519942373037
1790423739.6986604,1.393869984894991
1790423739.7001016,1.2695570185314864
1790423739.7050014,1.2180569756310433
1790423739.7139385,1.8343999981880188
1790423739.7142239,1.4825870166532695
1790423739.7179723,1.8052340019494295
1790423739.718561,1.3353760004974902
1790423739.7205706,1.4466629945673048
1790423739.7208247,1.283909979974851
1790423739.727392,1.3633279886562377
1790423739.7303598,1.3312239898368716
1790423739.7307684,1.2635249877348542
1790423739.7342572,1.1499739775899798
1790423739.7370791,1.2097260041628033
1790423739.7422698,1.3321730075404048
1790423739.744143,1.2171090056654066
1790423739.7472854,1.3783019967377186
1790423739.7490587,1.2036669941153377
1790423739.751881,1.7007190035656095
1790423739.751975,1.385467010550201
1790423739.75398,1.485353015596047
1790423739.7564557,1.2828799954149872
1790423739.759156,1.542073005111888
1790423739.7603087,1.5530450036749244
1790423739.7608755,1.1661080061458051
1790423739.762352,1.0848609963431954
1790423739.7677648,1.2286670098546892
1790423739.773034,1.2568550009746104
1790423739.7821968,1.355472020804882
1790423739.784781,1.861547993030399
1790423739.7861714,2.7105459885206074
1790423739.7867231,1.9312069925945252
1790423739.786998,1.3946769759058952
1790423739.7898164,1.2027059856336564
1790423739.7997112,2.5903220230247825
1790423739.8006806,1.5975229907780886
1790423739.815544,17.370455985656008
1790423739.8156464,24.195346981287003
1790423739.8195546,1.5134699933696538
1790423739.8217137,1.6017360030673444
1790423739.8249586,2.06051001441665
1790423739.8258793,2.122379024513066
1790423739.8332388,29.91580599336885
1790423739.8334186,11.694921995513141
1790423739.8335586,7.441282999934629
1790423739.8379548,1.6888569807633758
1790423739.8434641,26.76580799743533
1790423739.8445268,22.073616011766717
1790423739.84485,15.744766016723588
1790423739.8451734,35.619746980955824
1790423739.845441,8.660407009301707
1790423739.8501453,2.141222998034209
1790423739.8511744,1.9333380041643977
1790423739.8554492,25.738525000633672
1790423739.8557887,28.100204013753682
1790423739.8559506,16.091624012915418
1790423739.8604977,25.44074598699808
1790423739.8606133,28.829090006183833
1790423739.8607416,2.6318849995732307
1790423739.8608081,20.302577002439648
1790423739.863468,1.282260986045003
1790423739.8787158,1.8004179873969406
1790423739.8794544,1.5623399813193828
1790423739.886858,17.24230102263391
1790423739.886922,22.975098981987685
1790423739.889737,1.5599860053043813
1790423739.897061,1.369069010252133
1790423739.9012983,1.9648350134957582
1790423739.9016223,1.7701229953672737
1790423739.9022605,1.4593260129913688
1790423739.9064386,2.0495490171015263
1790423739.9074445,1.9362950115464628
1790423739.9075215,2.573464997112751
1790423739.914196,1.3388559746090323
1790423739.9181764,1.9670670153573155
1790423739.9207082,22.21863900194876
1790423739.921349,17.8466220095288
1790423739.9215171,26.79351400001906
1790423739.9223313,13.481144997058436
1790423739.9224389,5.12016101856716
1790423739.9290123,1.433487981557846
1790423739.9307718,1.4093019999563694
1790423739.9393559,31.007101002614945
1790423739.939544,30.1861540065147
1790423739.940431,4.795579006895423
1790423739.9410741,18.37615598924458
1790423739.9412959,9.952177002560347
1790423739.9414346,5.029102001572028
1790423739.9429762,16.871506988536566
1790423739.9438581,1.3539789943024516
1790423739.9454732,26.945265009999275
1790423739.9457355,13.627381005790085
1790423739.9458256,7.1428410010412335
1790423739.9471624,2.8842680039815605
1790423739.9476326,1.5943699982017279
1790423739.9538796,1.7705729987937957
1790423739.9539373,2.2568140120711178
1790423739.9577014,25.07787599461153
1790423739.9594092,1.3776160194538534
1790423739.9621124,21.670865011401474
1790423739.962287,31.466557004023343
1790423739.9623652,14.209995977580547
1790423739.9630227,1.9329999922774732
1790423739.977958,2.3885630071163177
1790423739.9812176,2.8136330074630678
1790423739.9813075,2.2988739947322756
1790423739.9853978,1.7535279912408441
1790423739.9879966,16.722676024073735
1790423739.9881363,27.997536002658308
1790423739.988623,5.899857002077624
1790423739.9887218,3.1246849976014346
1790423739.9890535,2.308035996975377
1790423739.9924738,1.4135430101305246
1790423739.9941568,1.6727840120438486
1790423739.998333,1.646549004362896
1790423739.9992023,1.5561660111416131
1790423740.0046585,11.687264021020383
1790423740.0047376,27.410444017732516
1790423740.0048764,15.52656400599517
1790423740.0051808,22.357851004926488
1790423740.0052588,2.3803200165275484
1790423740.0109692,21.072187984827906
1790423740.011531,27.154251001775265
1790423740.0119684,15.731936000520363
1790423740.0125842,3.687799006002024
1790423740.0177968,1.5578169841319323
1790423740.0178921,7.48711297637783
1790423740.0203202,2.1287579729687423
1790423740.0204923,1.8277930212207139
1790423740.0264428,1.8401870038360357
1790423740.0272334,1.633798994589597
1790423740.0332198,1.2569329992402345
1790423740.0352397,24.137934989994392
1790423740.0355394,13.74565000878647
1790423740.0355937,8.012422011233866
1790423740.036948,14.049867982976139
1790423740.0376043,1.9231799815315753
1790423740.0380354,1.8784790008794516
1790423740.042441,14.118894003331661
1790423740.042505,23.250980011653155
1790423740.0470963,1.5592170238960534
1790423740.0499039,1.7300430044997483
1790423740.051038,1.5186189848463982
1790423740.0516155,1.2181619822513312
1790423740.0611124,1.5393170178867877
1790423740.0654743,19.4678750121966
1790423740.0660214,21.864025009563193
1790423740.0661025,12.141661980422214
1790423740.0677228,1.5167290112003684
1790423740.0741158,1.6576380003243685
1790423740.080944,25.597855012165383
1790423740.0810475,25.33325500553474
1790423740.0925195,1.5849809860810637
1790423740.0988274,23.43272400321439
1790423740.0994968,5.837065022205934
1790423740.1030924,1.3344000035431236
1790423740.1054573,24.290194996865466
1790423740.1055355,6.026833987561986
1790423740.1203625,1.3747689954470843
1790423740.124778,1.2763169943355024
1790423740.1335275,1.523204002296552
1790423740.13901,4.468208993785083
1790423740.1390848,21.843830007128417
1790423740.1496494,2.365121996263042
1790423740.1531796,2.034764998825267
1790423740.1637204,17.559269006596878
1790423740.1646118,33.119246014393866
1790423740.167234,10.07983399904333
1790423740.1701016,34.95468699838966
1790423740.1701944,15.691858978243545
1790423740.182757,21.609357005218044
1790423740.184677,7.488186995033175
1790423740.185194,36.64815699448809
1790423740.1853878,18.139188003260642
1790423740.1854963,33.39209797559306
1790423740.1855872,5.6004639773163944
1790423740.18614,12.544527009595186
1790423740.190187,56.309373991098255
1790423740.1902843,15.8687130024191
1790423740.1914907,2.078588993754238
1790423740.194974,38.927118002902716
1790423740.1952205,7.596362993353978
1790423740.1998987,41.95517499465495
1790423740.2002242,11.910350993275642
1790423740.2008848,1.6576890193391591
1790423740.2063355,1.5817740058992058
1790423740.2149518,1.5558339946437627
1790423740.219661,25.681786006316543
1790423740.2200656,7.829996000509709
1790423740.2201545,21.78309898590669
1790423740.2250283,13.862171996152028
1790423740.2251363,32.59371398598887
1790423740.2254677,1.8951859965454787
1790423740.2290156,1.3626959989778697
1790423740.2318108,30.82664098474197
1790423740.231898,18.95757400779985
1790423740.2321723,2.153934008674696
1790423740.2371075,3.488571004709229
1790423740.2372015,2.957780990982428
1790423740.2373474,2.621675987029448
1790423740.2417748,1.2984589848201722
1790423740.247977,2.663532010046765
1790423740.2485,2.65577100799419
1790423740.2515173,1.374781975755468
1790423740.253663,2.1363959822338074
1790423740.2554023,1.2118539889343083
1790423740.2583778,2.1302210225258023
1790423740.2620313,20.156179991317913
1790423740.2624207,26.625459984643385
1790423740.2633004,2.1319689985830337
1790423740.2636144,11.624440987361595
1790423740.2637248,6.04985500103794
1790423740.26379,17.317530000582337
1790423740.266507,1.8309300066903234
1790423740.2666628,23.013155005173758
1790423740.2672007,1.5464960015378892
1790423740.2673373,26.32592199370265
1790423740.2679052,18.95834898459725
1790423740.2683775,15.804225986357778
1790423740.2684288,8.459843986202031
1790423740.270703,1.1427809949964285
1790423740.274973,1.2351660116109997
1790423740.2948627,1.6533130255993456
1790423740.298639,1.1896559735760093
1790423740.3013136,1.979317981749773
1790423740.30965,2.9275740089360625
1790423740.3101735,2.847049996489659
1790423740.3121946,22.74332201341167
1790423740.3124664,11.596706986892968
1790423740.314122,6.215061992406845
1790423740.3151026,2.62757099699229
1790423740.3154447,2.469068014761433
1790423740.3178394,1.767648005625233
1790423740.32214,1.3253219949547201
1790423740.3267336,25.227411009836942
1790423740.3281775,28.146430995548144
1790423740.3286746,15.115389018319547
1790423740.3292015,18.90656998148188
1790423740.3292885,4.747277998831123
1790423740.3349996,1.5478489804081619
1790423740.343425,31.948336021741852
1790423740.344259,28.688844991847873
1790423740.344345,35.49066299456172
1790423740.3444183,17.159304989036173
1790423740.3464477,4.554628016194329
1790423740.3465297,2.75647800299339
1790423740.3498065,18.465528002707288
1790423740.351438,28.896575997350737
1790423740.352179,4.7476839972659945
1790423740.3588834,1.722435001283884
1790423740.361273,1.6633649938739836
1790423740.371644,21.07391200843267
1790423740.3727152,5.598104995442554
1790423740.3728988,32.23840400460176
1790423740.3774369,25.944449997041374
1790423740.3778276,7.296727999346331
1790423740.3780234,32.10894000949338
1790423740.3786435,2.2619650117121637
1790423740.3812225,2.4763850087765604
1790423740.3877428,2.363067993428558
1790423740.3910224,19.36324199778028
1790423740.3913052,32.25396902416833
1790423740.3925755,12.914288992760703
1790423740.3926768,3.787823981838301
1790423740.3975108,1.6386230126954615
1790423740.4031696,1.6906850214581937
1790423740.4048953,29.75853899260983
1790423740.4050128,24.454191996483132
1790423740.4056227,14.227274019503966
1790423740.4067366,4.598906001774594
1790423740.406825,37.74490297655575
1790423740.4073396,1.7068389861378819
1790423740.4090593,23.809453996364027
1790423740.4113941,1.4360519999172539
1790423740.412072,30.659798998385668
1790423740.4121509,16.935093997744843
1790423740.4124389,8.906275004846975
1790423740.4228616,1.6978690109681338
1790423740.4231637,1.4266649959608912
1790423740.4302464,2.0045210258103907
1790423740.43059,1.7269759846385568
1790423740.4332554,1.2777840020135045
1790423740.4351392,22.326492005959153
1790423740.4352157,7.701664988417178
1790423740.437809,1.8482540035620332
1790423740.4409902,1.3161469832994044
1790423740.4457233,3.053755994187668
1790423740.4461527,2.0635690016206354
1790423740.461309,25.0793140148744
1790423740.4621167,2.7264840027783066
1790423740.462246,26.762742025312036
1790423740.462332,17.1853159845341
1790423740.4628017,2.8040010074619204
1790423740.465214,16.432928008725867
1790423740.4652843,24.195859994506463
1790423740.465523,1.4269259991124272
1790423740.4710891,1.3739949790760875
1790423740.480019,1.3363890175241977
1790423740.4832547,1.6587699938099831
1790423740.4833171,2.237544016679749
1790423740.4923692,1.662274997215718
1790423740.493495,2.228642988484353
1790423740.5030954,25.59422902413644
1790423740.5044692,22.28083397494629
1790423740.50454,29.91583399125375
1790423740.504602,7.761698012473062
1790423740.5073757,19.80227802414447
1790423740.5081196,27.49330099322833
1790423740.508903,7.016153016593307
1790423740.5099154,3.2159909897018224
1790423740.5100036,2.6180669956374913
1790423740.5155456,2.343862986890599
1790423740.516441,1.4524090220220387
1790423740.5171905,1.4468019944615662
1790423740.5185256,1.3257440004963428
1790423740.5216742,1.7636949778534472
1790423740.5230865,2.7170889952685684
1790423740.5234094,1.6198100056499243
1790423740.5262756,1.356849999865517
1790423740.5276449,21.65892400080338
1790423740.529237,29.311910999240354
1790423740.5297735,15.504845010582358
1790423740.5298378,2.9561409901361912
1790423740.5298975,10.631785989971831
1790423740.5302153,7.589537010062486
1790423740.5304773,2.4899069976527244
1790423740.531892,1.135797007009387
1790423740.536287,1.3391160173341632
1790423740.5388227,1.379199995426461
1790423740.550508,3.1391920056194067
1790423740.5525265,3.6900010018143803
1790423740.552649,4.424870014190674
1790423740.552757,3.110052988631651
1790423740.5530593,2.542706992244348
1790423740.5533473,2.337733982130885
1790423740.5559042,1.4049299934413284
1790423740.5561492,1.1957100068684667
1790423740.5582669,1.1230840173084289
1790423740.5642636,1.8025159952230752
1790423740.5644486,2.443801990011707
1790423740.564909,1.8762029940262437
1790423740.5695884,1.341272989520803
1790423740.5731492,1.8505020125303417
1790423740.5733273,2.535770006943494
1790423740.5745625,1.2277789937797934
1790423740.5776904,1.5574519929941744
1790423740.5781732,1.546371990116313
1790423740.5867987,1.6055029991548508
1790423740.5885718,1.6451799892820418
1790423740.5889168,1.4317229797597975
1790423740.5911243,1.3285369786899537
1790423740.5958319,6.4954500121530145
1790423740.5963433,18.152213975554332
1790423740.5965314,24.506927002221346
1790423740.5976202,1.7611990042496473
1790423740.5985506,1.8026809848379344
1790423740.5994024,1.5216530009638518
1790423740.6018887,1.3913300062995404
1790423740.6024828,1.3410190003924072
1790423740.6045027,1.3984619872644544
1790423740.6128323,1.752170006511733
1790423740.614423,1.4557779941242188
1790423740.6203678,21.640794002451003
1790423740.6253986,30.65036001498811
1790423740.6258698,4.858057014644146
1790423740.626524,20.789707981748506
1790423740.62774,1.6405789938289672
1790423740.631951,28.160179004771635
1790423740.6321917,21.946102991933003
1790423740.6322927,10.70040202466771
1790423740.634327,3.9245829975698143
1790423740.6347983,1.7647220229264349
1790423740.6553316,17.83909398363903
1790423740.65888,34.72155300551094
1790423740.6636984,33.96236401749775
1790423740.664102,9.959463000996038
1790423740.664218,20.55528000346385
1790423740.670668,25.947810005163774
1790423740.6719296,32.37657598219812
1790423740.6720064,31.561270006932318
1790423740.6721387,6.149093009298667
1790423740.672738,40.38706602295861
1790423740.6730895,8.03775602253154
1790423740.6731696,17.824553011450917
1790423740.6765783,40.548131975810975
1790423740.6769202,8.338990999618545
1790423740.6778083,21.129014989128336
1790423740.677923,30.04873701138422
1790423740.678219,42.938594007864594
1790423740.678327,4.085502005182207
1790423740.679064,2.132516005076468
1790423740.6843424,66.2788379995618
1790423740.6853614,31.678576982812956
1790423740.685567,43.68469398468733
1790423740.6860554,45.729498990112916
1790423740.6869948,5.57372800540179
1790423740.6871572,29.149669979233295
1790423740.6872313,17.593730008229613
1790423740.6937416,20.059189992025495
1790423740.694621,10.976199002470821
1790423740.69476,30.407356010982767
1790423740.6957197,3.1276180234272033
1790423740.696606,1.660440000705421
1790423740.7036333,2.1927389898337424
1790423740.7046006,1.9410759850870818
1790423740.7171373,1.8958869914058596
1790423740.720762,1.690710982074961
1790423740.7220256,17.041790997609496
1790423740.7221403,28.71202299138531
1790423740.722758,1.5443929878529161
1790423740.7289038,20.104754017665982
1790423740.7289965,27.05274900654331
1790423740.7396808,1.6853669949341565
1790423740.7433703,1.4638120192103088
1790423740.7475045,1.7416969931218773
1790423740.7534702,1.6038059839047492
1790423740.7554605,1.6652779886499047
1790423740.7563794,1.746462017763406
1790423740.7716546,1.7222659953404218
1790423740.7866685,29.378929000813514
1790423740.7868307,14.195994008332491
1790423740.7915988,18.122879992006347
1790423740.7921085,30.180380010278895
1790423740.7931118,25.07933002198115
1790423740.7932096,4.011974000604823
1790423740.7937906,25.022922025527805
1790423740.7969937,32.35940798185766
1790423740.7972639,19.93233698885888
1790423740.7976687,5.500628991285339
1790423740.7978203,13.465372991049662
1790423740.8023434,1.3472190184984356
1790423740.809497,21.092846000101417
1790423740.8149743,19.541804998880252
1790423740.8157017,1.8222140206489712
1790423740.8194187,25.270357000408694
1790423740.8213341,37.46704899822362
1790423740.8214858,17.21113099483773
1790423740.8215637,3.92873800592497
1790423740.8221307,12.496312003349885
1790423740.8222034,36.18313901824877
1790423740.824301,1.7048059962689877
1790423740.8255975,26.516382989939302
1790423740.8259778,1.574540976434946
1790423740.8263705,1.482949999626726
1790423740.8285742,5.067025980679318
1790423740.828759,30.770710000069812
1790423740.8288448,15.547878021607175
1790423740.8293552,2.9742849874310195
1790423740.8294091,2.08792497869581
1790423740.8328154,1.2559519964270294
1790423740.8428085,1.5143990167416632
1790423740.8433464,1.2830969935748726
1790423740.84625,1.2334019993431866
1790423740.8509443,1.6352219972759485
1790423740.851403,1.364248018944636
1790423740.8538132,1.3458820176310837
1790423740.8577921,20.78692099894397
1790423740.8578613,9.753959981026128
1790423740.8621078,1.9040789920836687
1790423740.8621602,1.5009009803179651
1790423740.8645856,1.2322170077823102
1790423740.870455,1.3171980099286884
1790423740.873423,1.1620000004768372
1790423740.8838177,2.144408004824072
1790423740.8846457,2.2066879901103675
1790423740.8847077,1.4696769940201193
1790423740.8967857,23.256173997651786
1790423740.8969145,11.26938298693858
1790423740.897016,15.92835399787873
1790423740.914087,1.6395970014855266
1790423740.9213855,2.1741559903603047
1790423740.92155,17.401715012965724
1790423740.9220905,1.7200639995280653
1790423740.9257007,2.606887021102011
1790423740.9258254,1.8095400009769946
1790423740.925933,26.526640984229743
1790423740.9333043,2.257043990539387
1790423740.9344642,1.6979720094241202
1790423740.9345262,2.600578998681158
1790423740.9432483,1.463861990487203
1790423740.9487426,2.665480977157131
1790423740.9488323,1.6402440087404102
1790423740.9493625,2.7150230016559362
1790423740.9551167,1.486762019339949
1790423740.962324,4.047102003823966
1790423740.9631112,4.050803021527827
1790423740.964912,2.3808120167814195
1790423740.9649982,3.6617820151150227
1790423740.9655182,1.861948985606432
1790423740.9738934,1.6033099964261055
1790423740.9754107,24.862296995706856
1790423740.975874,26.4669609896373
1790423740.9762223,16.08366399887018
1790423740.976327,4.853891005041078
1790423740.9812949,1.4328490069601685
1790423740.9843602,2.0554490038193762
1790423740.9849708,1.363679999485612
1790423740.9879687,1.3805639755446464
1790423740.9892166,1.238928991369903
1790423740.9907646,1.276700000744313
1790423740.99128,1.2434759992174804
1790423740.995588,1.2022930022794753
1790423741.008189,2.1566869982052594
1790423741.0091405,1.835949980886653
1790423741.0139067,1.7096599913202226
1790423741.0169773,2.351474977331236
1790423741.0229769,13.625416991999373
1790423741.0269072,21.508809993974864
1790423741.0277827,2.515133994165808
1790423741.029471,13.415181019809097
1790423741.0298822,3.998740983661264
1790423741.0299735,32.47123598703183
1790423741.031783,22.02883898280561
1790423741.03198,11.997327004792169
1790423741.0320768,30.145152006298304
1790423741.033202,2.4747599964030087
1790423741.0349853,1.5414230001624674
1790423741.038055,2.0706719951704144
1790423741.038522,2.6823079970199615
1790423741.0439196,21.83732300181873
1790423741.0510278,18.61178199760616
1790423741.0511675,30.4620020033326
1790423741.051236,14.340124995214865
1790423741.055321,1.3882079801987857
1790423741.0606422,1.9398129952605814
1790423741.0611105,1.696194987744093
1790423741.0649183,1.6479459882248193
1790423741.0682786,1.6808579966891557
1790423741.0686047,15.62679500784725
1790423741.0694869,24.103459989419207
1790423741.0695786,7.777342019835487
1790423741.0768251,6.906345020979643
1790423741.0779347,6.777190021239221
1790423741.078946,6.741291988873854
1790423741.0797076,7.069911021972075
1790423741.0893707,27.080586994998157
1790423741.0944593,33.29640001174994
1790423741.0948231,24.359180009923875
1790423741.0996096,23.57698298874311
1790423741.100235,17.416290007531643
1790423741.1030626,25.11667800717987
1790423741.110271,35.76587900170125
1790423741.1120906,35.10999999707565
1790423741.112674,33.37736401590519
1790423741.1133535,25.377668003784493
1790423741.1140027,19.169745995895937
1790423741.1144745,22.670937003567815
1790423741.1150644,40.021563007030636
1790423741.115182,13.95299399155192
1790423741.1153138,22.706842981278896
1790423741.1155179,29.63689898024313
1790423741.1155875,17.13016501162201
1790423741.1158216,34.7177290241234
1790423741.1187532,21.335508004995063
1790423741.1189096,47.089922009035945
1790423741.1226952,1.722649991279468
1790423741.12445,33.35481000249274
1790423741.1263545,46.23487300705165
1790423741.1266313,29.967005975777283
1790423741.1268013,23.093605996109545
1790423741.1274195,1.6653350030537695
1790423741.1419,14.334303006762639
1790423741.1422734,25.32127298763953
1790423741.1423497,40.0215320114512
1790423741.1457121,25.42304201051593
1790423741.1464503,28.66210401407443
1790423741.1465564,13.518825988285244
1790423741.1549592,2.95314600225538
1790423741.155079,3.5938860091846436
1790423741.1556907,2.1150819957256317
1790423741.157704,1.4721089974045753
1790423741.159728,1.5950769884511828
1790423741.1609876,2.125875005731359
1790423741.1634934,25.11473701451905
1790423741.1636777,20.375247986521572
1790423741.165346,5.39146299706772
1790423741.1654358,10.968171001877636
1790423741.1794367,2.5082220090553164
1790423741.1834648,21.06248599011451
1790423741.1851203,27.522208023583516
1790423741.1852503,5.393786996137351
1790423741.1923828,26.461443019798025
1790423741.193544,30.038857978070155
1790423741.193727,1.9566100090742111
1790423741.1938229,12.31709899730049
1790423741.195638,1.436360995285213
1790423741.1962767,24.54734599450603
1790423741.1966958,13.98633499047719
1790423741.1967905,32.21746601047926
1790423741.200709,1.4399500214494765
1790423741.2061758,21.648438996635377
1790423741.2063627,27.964000997599214
1790423741.2091029,5.27742799022235
1790423741.2100897,2.323379012523219
1790423741.2107863,4.035300022223964
1790423741.210863,3.5501349775586277
1790423741.2127056,1.2188310211058706
1790423741.2153516,1.8425089947413653
1790423741.2162297,1.3559920189436525
1790423741.2188027,1.33251998340711
1790423741.2206855,1.2469989887904376
1790423741.2221153,16.778780991444364
1790423741.22396,25.117501994827762
1790423741.22423,13.973291002912447
1790423741.2242947,7.401625975035131
1790423741.224599,1.9743290031328797
1790423741.2266788,1.2483680038712919
1790423741.253578,1.8830600020010024
1790423741.2543335,25.907214992912486
1790423741.2548695,25.991876987973228
1790423741.2559447,1.535049988888204
1790423741.26568,26.798092992976308
1790423741.2674215,29.1338799870573
1790423741.26775,24.805080000078306
1790423741.2678735,26.076274982187897
1790423741.2679558,7.790211995597929
1790423741.2702615,2.1836489904671907
1790423741.2781026,1.5242449881043285
1790423741.2831843,14.532636007061228
1790423741.2832804,24.78794800117612
1790423741.2837725,2.334132994292304
1790423741.289659,30.596944998251274
1790423741.2897432,17.118110990850255
1790423741.2900953,1.625845005037263
1790423741.2991767,24.687330005690455
1790423741.3003175,30.786667979555205
1790423741.3004344,9.434867999516428
1790423741.3025744,1.3044099905528128
1790423741.3047564,2.0082800183445215
1790423741.3051584,1.8869350024033338
1790423741.311247,1.4635840198025107
1790423741.3141177,1.5583439962938428
1790423741.315569,1.3091739965602756
1790423741.3180006,18.812752998201177
1790423741.318388,23.322888009715825
1790423741.3186321,15.0109940150287
1790423741.3189065,2.8267230081837624
1790423741.3208373,1.2327760050538927
1790423741.3220744,1.1208919750060886
1790423741.323608,1.093043014407158
1790423741.3258464,1.1930440086871386
1790423741.3401947,1.4415740151889622
1790423741.3429198,2.4461369903292507
1790423741.3436327,1.770889008184895
1790423741.3456686,1.3843690103385597
1790423741.3498762,12.362034001853317
1790423741.3504362,21.889038005610928
1790423741.350506,8.069827017607167
1790423741.352701,1.2964959896635264
1790423741.3536222,1.5010210045147687
1790423741.35432,1.308578997850418
1790423741.3582294,1.6236909723374993
1790423741.3672469,1.5079260047059506
1790423741.3711991,15.093095978954807
1790423741.3744473,6.062018015654758
1790423741.375265,28.400320006767288
1790423741.3770826,2.6205290050711483
1790423741.3869262,23.14504698733799
1790423741.3959322,26.264724001521245
1790423741.4015286,38.725983002223074
1790423741.4024699,26.68381400872022
1790423741.4028184,25.61488701030612
1790423741.40412,40.89448999729939
1790423741.404259,30.88395099621266
1790423741.404465,24.463485984597355
1790423741.4045432,21.733111992944032
1790423741.4046085,8.664682973176241
1790423741.4054859,32.92166200117208
1790423741.405684,21.99538200511597
1790423741.4063094,14.38452399452217
1790423741.4092338,24.420298024779186
1790423741.41028,38.85347899631597
1790423741.4104712,16.7865089897532
1790423741.4112551,14.012616011314094
1790423741.4113266,8.497342001646757
1790423741.414847,33.6498869874049
1790423741.4153972,35.854193003615364
1790423741.4157562,29.64802397764288
1790423741.416173,22.062306001316756
1790423741.416509,18.74457800295204
1790423741.4168391,9.479213011218235
1790423741.4211404,1.7242100147996098
1790423741.424119,1.8972750112880021
1790423741.4289246,40.521539020119235
1790423741.4290888,39.86755100777373
1790423741.4300592,35.45001600286923
1790423741.430223,29.413451993605122
1790423741.430881,17.21417100634426
1790423741.4309654,7.3540649900678545
1790423741.4339426,15.994926012353972
1790423741.4343772,31.894690997432917
1790423741.434669,8.793877001153305
1790423741.4347384,29.77877398370765
1790423741.4405792,1.8309029983356595
1790423741.4460855,2.602391003165394
1790423741.4470034,2.519166999263689
1790423741.4480484,1.5289789880625904
1790423741.450464,1.3943480153102428
1790423741.4541843,21.13997400738299
1790423741.4544785,2.0729000098071992
1790423741.4545987,9.07554299919866
1790423741.4547062,28.1427190057002
1790423741.4568384,1.2711070012301207
1790423741.4620187,1.7501680122222751
1790423741.465685,1.762968982802704
1790423741.4714513,2.404641010798514
1790423741.4730597,2.6502530090510845
1790423741.4848366,2.3651859955862164
1790423741.4851487,1.892067986773327
1790423741.4934366,2.3274220002349466
1790423741.4942336,2.574176003690809
1790423741.4974973,25.34532200661488
1790423741.5004914,16.198508004890755
1790423741.5010357,8.664305991260335
1790423741.5015206,30.013748997589573
1790423741.503189,2.6873950264416635
1790423741.5035017,3.689370001666248
1790423741.509108,31.099515996174887
1790423741.5110142,24.838208017172292
1790423741.5115333,9.041047014761716
1790423741.511987,17.47889901162125
1790423741.5120964,33.485649997601286
1790423741.515888,2.129811007762328
1790423741.528054,29.202056990470737
1790423741.528172,18.095640989486128
1790423741.5322235,28.551316005177796
1790423741.5335028,12.581989984028041
1790423741.5337253,21.453594003105536
1790423741.5381982,40.56258100899868
1790423741.5411663,28.141850023530424
1790423741.5484807,33.441698004025966
1790423741.5503228,25.60359801282175
1790423741.550413,10.171591973630711
1790423741.5548139,22.05170100205578
1790423741.554959,9.319664997747168
1790423741.5551288,40.81903901533224
1790423741.5558772,32.95926301507279
1790423741.5593393,24.51281898538582
1790423741.5614965,41.18505498627201
1790423741.5632305,8.039369015023112
1790423741.5633044,37.86233899882063
1790423741.5737882,28.909590997500345
1790423741.57715,1.6763769963290542
1790423741.5780816,68.91033300780691
1790423741.5784283,42.83442601445131
1790423741.5793848,52.91223098174669
1790423741.579508,22.829513996839523
1790423741.582508,2.5488589890301228
1790423741.5826714,2.215059008449316
1790423741.5856156,2.6655909896362573
1790423741.5929132,1.5202570066321641
1790423741.5943265,27.15038097812794
1790423741.5949638,10.3756720200181
1790423741.5950503,16.19915702030994
1790423741.598262,1.383530005114153
1790423741.6009395,1.3453539868351072
1790423741.6093745,27.620551991276443
1790423741.6095066,23.070680996170267
1790423741.6118307,1.901034003822133
1790423741.6241236,3.2930269953794777
1790423741.624578,2.863367000827566
1790423741.625595,2.0863329991698265
1790423741.6272275,16.35704198270105
1790423741.627578,31.868391000898555
1790423741.6279275,2.748723025433719
1790423741.630213,1.8353719788137823
1790423741.63347,3.242878010496497
1790423741.6340199,3.1240350217558444
1790423741.635219,3.321837983094156
1790423741.6353312,2.566347975516692
1790423741.636322,1.6721870051696897
1790423741.6387763,1.5440610004588962
1790423741.6439934,1.8386460142210126
1790423741.64818,2.288693009177223
1790423741.648726,1.9791399827226996
1790423741.6506512,1.9028169917874038
1790423741.6530962,1.7417189956177026
1790423741.6577492,12.523951008915901
1790423741.6588562,1.9517169857863337
1790423741.6651726,5.2219250064808875
1790423741.66597,4.131405003136024
1790423741.6675944,3.9943750016391277
1790423741.668666,2.1058279962744564
1790423741.6725307,32.73828802048229
1790423741.6729445,22.410376026527956
1790423741.6739163,9.854074014583603
1790423741.6740384,13.458827015710995
1790423741.6741178,3.448744013439864
1790423741.6829796,2.247853990411386
1790423741.6871397,25.900798005750403
1790423741.6878545,32.03148799366318
1790423741.6879444,22.76107299258001
1790423741.6936316,2.504479984054342
1790423741.702091,10.39543902152218
1790423741.7033234,33.32532002241351
1790423741.7036612,4.275844024959952
1790423741.7037668,5.108501005452126
1790423741.711261,13.610369991511106
1790423741.7113454,29.382184002315626
1790423741.7117498,14.893721003318205
1790423741.7119563,12.083164998330176
1790423741.7212162,19.11071498761885
1790423741.7233303,18.229644978418946
1790423741.7366526,30.853397998725995
1790423741.7396855,31.511715991655365
1790423741.7398102,33.3733529841993
1790423741.7443547,53.974372014636174
1790423741.746208,1.791183021850884
1790423741.7490458,31.380691012600437
1790423741.749228,37.218403012957424
1790423741.7498522,3.012580011272803
1790423741.7562459,3.1347240146715194
1790423741.7639132,9.928788000252098
1790423741.7640254,50.81986900768243
1790423741.7646177,42.760248004924506
1790423741.7647572,3.913090011337772
1790423741.766102,2.9044649854768068
1790423741.7803438,25.613324978621677
1790423741.780508,8.93072399776429
1790423741.7806325,32.987768994644284
1790423741.7829714,1.859195006545633
1790423741.784114,31.87661201809533
1790423741.7847424,24.72648798720911
1790423741.7848878,8.371961012016982
1790423741.786541,2.3742829798720777
1790423741.7877982,1.7816819890867919
1790423741.7965524,1.7646830237936229
1790423741.7977629,19.432072003837675
1790423741.798346,29.76277901325375
1790423741.7984166,6.639515981078148
1790423741.8051748,1.610404986422509
1790423741.8119082,1.6410939861088991
1790423741.8264291,1.9227289885748178
1790423741.826776,1.5546590148005635
1790423741.8364632,1.4420149964280427
1790423741.8402233,1.3033370196353644
1790423741.8453732,1.3146089913789183
1790423741.847278,1.3292029907461256
1790423741.8559613,1.688582997303456
1790423741.8578415,1.6381039749830961
1790423741.8644207,2.174844004912302
1790423741.8670151,21.503772004507482
1790423741.8671422,28.69049200671725
1790423741.867277,10.191551002208143
1790423741.8709269,1.7104969883803278
1790423741.8761516,4.338904982432723
1790423741.876602,4.133515001740307
1790423741.8779886,4.16988498182036
1790423741.8780544,2.8362640005070716
1790423741.878352,1.737868005875498
1790423741.8912568,27.902103000087664
1790423741.8921525,19.101532001513988
1790423741.893288,2.9859719797968864
1790423741.9014597,1.7147949838545173
1790423741.908988,17.47751099173911
1790423741.909705,28.295255993725732
1790423741.9098482,5.674273998010904
1790423741.914723,17.585632973350585
1790423741.9157102,33.28512000734918
1790423741.9158547,23.343881010077894
1790423741.9159868,10.349964984925464
1790423741.91997,1.6717390099074692
1790423741.9220653,2.9587580065708607
1790423741.9271398,30.56674200342968
1790423741.9274492,13.432251987978816
1790423741.9277906,6.982440012507141
1790423741.9381306,14.505630009807646
1790423741.9383447,28.44100698712282
1790423741.9385102,21.347230998799205
1790423741.945713,2.251780009828508
1790423741.9490294,2.381035010330379
1790423741.949852,21.374755015131086
1790423741.9503753,2.9513690096791834
1790423741.9504642,30.439827998634428
1790423741.951322,29.813074972480536
1790423741.9513874,12.864938005805016
1790423741.9559295,1.4028069854248315
1790423741.9628358,1.250060013262555
1790423741.967285,1.7633589741308242
1790423741.968925,1.3526459806598723
1790423741.9791234,1.6000659961719066
1790423741.982444,2.0041750103700906
1790423741.9829106,23.950566013809294
1790423741.9842384,25.998904020525515
1790423741.9846106,13.421283016214147
1790423741.984697,3.5546630097087473
1790423741.9893188,1.6037529858294874
1790423741.9912024,17.17615601955913
1790423741.991615,25.633848999859765
1790423741.9916894,6.4875599928200245
1790423741.996399,1.767157984431833
1790423741.997098,1.5404290170408785
1790423742.0012617,1.4255009882617742
1790423742.003232,1.8485930049791932
1790423742.006726,20.81280600395985
1790423742.0086274,29.44213300361298
1790423742.0088484,2.8082039789296687
1790423742.0091681,11.80984199163504
1790423742.0092971,7.459877000655979
1790423742.0099487,2.489145001163706
1790423742.0149906,2.361908002058044
1790423742.0228715,2.1107940119691193
1790423742.0247908,26.89164801267907
1790423742.0250635,10.062532004667446
1790423742.0251489,20.02072401228361
1790423742.025239,31.04644999257289
1790423742.0302331,2.0580279815476388
1790423742.0391111,18.867265025619417
1790423742.0397413,6.921409018104896
1790423742.039839,25.777962000574917
1790423742.041384,1.442272012354806
1790423742.0418441,22.354379994794726
1790423742.0422122,29.019869019975886
1790423742.0422883,12.909565004520118
1790423742.0573285,1.5798060048837215
1790423742.0653293,1.63603900000453
1790423742.0707328,1.9239700050093234
1790423742.071631,22.178148006787524
1790423742.0722973,1.551180990645662
1790423742.0753624,1.6662080015521497
1790423742.0754228,2.183586999308318
1790423742.078947,1.5206010139081627
1790423742.0796182,1.524479012005031
1790423742.0889916,1.3873790157958865
1790423742.089532,1.3393330154940486
1790423742.09105,1.2152590206824243
1790423742.0960023,1.4527910097967833
1790423742.0984306,15.966147999279201
1790423742.0985126,22.80604699626565
1790423742.0987675,6.294699996942654
1790423742.1126828,2.2412850230466574
1790423742.1127849,2.8418769943527877
1790423742.113027,1.6702169959899038
1790423742.1178348,1.5176449960563332
1790423742.1443577,1.6897010209504515
1790423742.1466537,22.69894801429473
1790423742.1494765,1.5864819870330393
1790423742.153471,1.4885499840602279
1790423742.1552,1.3568910071626306
1790423742.1585214,1.2693660100921988
1790423742.1656122,1.4070080069359392
1790423742.1665692,1.827533997129649
1790423742.171347,1.3718859991058707
1790423742.18274,1.8406700110062957
1790423742.1845121,1.760246988851577
1790423742.1879501,12.54343701293692
1790423742.188579,26.122529001440853
1790423742.188649,3.042348980670795
1790423742.1950145,29.14344798773527
1790423742.1951687,14.940500986995175
1790423742.1952631,3.36775099276565
1790423742.2000353,1.7959949909709394
1790423742.2038171,1.3267059985082597
1790423742.2069666,1.3094099995214492
1790423742.2093322,1.7100019904319197
1790423742.2097127,2.6168350013904274
1790423742.209998,1.6603480034973472
1790423742.2107146,1.3736359833274037
1790423742.2145808,1.530078996438533
1790423742.223898,1.5823639987502247
1790423742.238152,24.431524972897023
1790423742.2404501,1.9459190079942346
1790423742.2415757,12.623271002667025
1790423742.2419012,30.693264998262748
1790423742.242261,2.9657899867743254
1790423742.2423267,22.48307000263594
1790423742.2466018,24.830493988702074
1790423742.2473555,32.2981939825695
1790423742.2476633,17.53985698451288
1790423742.2478018,12.153208022937179
1790423742.248135,2.0426560076884925
1790423742.2482078,32.39666097215377
1790423742.2505257,1.3738679990638047
1790423742.2516735,1.911794999614358
1790423742.2523015,1.356955006485805
1790423742.255077,1.1868920119013637
1790423742.2596574,1.4479240053333342
1790423742.2603052,1.5534480044152588
1790423742.2609496,1.283084013266489
1790423742.262227,1.2674299941863865
1790423742.2666872,1.9514529849402606
1790423742.2668307,1.7351190035697073
1790423742.2713811,1.3477119791787118
1790423742.2732189,1.8286099948454648
1790423742.2739606,1.693144004093483
1790423742.277918,1.883545977761969
1790423742.2782896,1.6969759890343994
1790423742.2812388,1.6322439769282937
1790423742.282752,1.3214079954195768
1790423742.2840586,1.2988499947823584
1790423742.2856922,1.6250299813691527
1790423742.2913482,24.468985007843003
1790423742.2918167,16.280323994578794
1790423742.2925112,7.473064004443586
1790423742.2926228,12.176490999991074
1790423742.292772,2.791863022139296
1790423742.29415,1.3693670043721795
1790423742.2986736,1.400412991642952
1790423742.3052797,1.613027008716017
1790423742.3126783,1.4064099814277142
1790423742.3158062,1.562766992719844
1790423742.3162632,1.4776670141145587
1790423742.319702,1.5139440074563026
1790423742.3292673,1.4972980134189129
1790423742.335313,12.091793003492057
1790423742.3357503,21.94298800895922
1790423742.3395963,3.2015400065574795
1790423742.3400807,4.2794159962795675
1790423742.3415856,2.765582990832627
1790423742.3416474,1.554588001454249
1790423742.3476317,21.94800999131985
1790423742.3494976,12.262700009159744
1790423742.3496292,29.613360995426774
1790423742.3497427,2.8673409833572805
1790423742.349829,6.767244980437681
1790423742.353836,24.426994990790263
1790423742.3552487,16.992220014799386
1790423742.3553417,10.220788011793047
1790423742.355866,1.8557319999672472
1790423742.3574739,1.3781729794573039
1790423742.362172,1.3361299934331328
1790423742.3721466,1.5410439809784293
1790423742.3729393,1.5123670164030045
1790423742.3795345,1.6031809791456908
1790423742.3883264,24.389013997279108
1790423742.3890646,10.523336997721344
1790423742.3896878,29.345718008698896
1790423742.3913755,1.4961600245442241
1790423742.395546,1.6825860075186938
1790423742.3988361,14.392678014701232
1790423742.3989198,24.480743013555184
1790423742.4012184,12.14462800999172
1790423742.405349,1.7976660165004432
1790423742.4101982,3.1397389830090106
1790423742.4182029,14.129340997897089
1790423742.4186757,7.174169993959367
1790423742.418754,30.26845201384276
1790423742.4270735,20.57603799039498
1790423742.4274614,31.854751985520124
1790423742.427552,14.81381501071155
1790423742.4296832,1.512243994511664
1790423742.4374294,21.78516300045885
1790423742.4381237,7.146328978706151
1790423742.4382176,30.468791985185817
1790423742.4419613,32.419993018265814
1790423742.4431858,34.601075982209295
1790423742.4432657,3.648865007562563
1790423742.4434307,18.881897995015606
1790423742.443602,9.791586984647438
1790423742.4481068,2.536151005188003
1790423742.4487216,2.275867009302601
1790423742.4513993,23.741459008306265
1790423742.4519246,34.31529301451519
1790423742.4523146,4.827720986213535
1790423742.4523983,13.347542000701651
1790423742.4568026,1.9482130010146648
1790423742.4718165,22.933053987799212
1790423742.4728022,31.506916013313457
1790423742.472942,16.926412004977465
1790423742.473075,4.978551005478948
1790423742.4775693,23.28253199812025
1790423742.478379,28.130683000199497
1790423742.4888747,24.637169000925496
1790423742.4910805,28.2202789967414
1790423742.4946196,40.99185101222247
1790423742.5033133,25.59702901635319
1790423742.5034173,39.87022000364959
1790423742.5054018,21.87992201652378
1790423742.505641,36.67478001443669
1790423742.5064611,16.536234004888684
1790423742.5068948,57.263105001766235
1790423742.5081983,43.08139899512753
1790423742.5107543,35.405878006713465
1790423742.5186021,45.30431900639087
1790423742.519175,17.193190986290574
1790423742.5195367,35.30642800615169
1790423742.5197785,4.843792004976422
1790423742.5200179,45.98654099390842
1790423742.5213575,34.765379008604214
1790423742.5215743,46.81294597685337
1790423742.5218873,18.06371900602244
1790423742.5305223,26.597213000059128
1790423742.5306208,47.78338599135168
1790423742.530703,42.95349001768045
1790423742.5413034,1.6955489991232753
1790423742.5421772,26.614399015670642
1790423742.54295,1.6369009972549975
1790423742.5443263,28.056987008312717
1790423742.544398,27.097555983345956
1790423742.5447867,1.7288500093854964
1790423742.5483415,1.7692690016701818
1790423742.5492418,1.574727997649461
1790423742.5552022,1.1506750015541911
1790423742.5568585,1.2254620087333024
1790423742.5599222,2.3543759889435023
1790423742.5605571,3.434152022236958
1790423742.5629318,4.790248000063002
1790423742.5632648,3.1909639947116375
1790423742.563725,2.839442022377625
1790423742.5844939,22.379713016562164
1790423742.5907106,3.6455329973250628
1790423742.5913243,16.312872990965843
1790423742.5914142,27.636180981062353
1790423742.592361,24.168417003238574
1790423742.5925398,30.759675981244072
1790423742.5937362,14.482047001365572
1790423742.594328,18.606892990646884
1790423742.5944934,3.7683249975088984
1790423742.595065,2.042681007878855
1790423742.603957,44.52318500261754
1790423742.6061983,18.273666995810345
1790423742.6068099,30.382902012206614
1790423742.6068985,11.157030006870627
1790423742.6136608,35.85491099511273
1790423742.614129,36.73969901865348
1790423742.6146708,25.870776997180656
1790423742.6147287,13.314704003278166
1790423742.6162832,1.3363080215640366
1790423742.6194253,2.1063760214019567
1790423742.622947,18.814019014826044
1790423742.623535,27.208754007006064
1790423742.6236093,5.127960001118481
1790423742.6294851,18.39809402008541
1790423742.629612,32.373321999330074
1790423742.6296773,2.3695580021012574
1790423742.6314414,1.302331977058202
1790423742.6322427,1.3879319885745645
1790423742.6347694,1.9765690085478127
1790423742.6365647,2.9364410147536546
1790423742.6371748,2.897001977544278
1790423742.6372623,2.3369810078293085
1790423742.637312,1.525585015770048
1790423742.6427174,1.2172459973953664
1790423742.6493495,1.4174039824865758
1790423742.654752,1.4675450220238417
1790423742.6564364,1.2545220088213682
1790423742.6620286,1.3378529984038323
1790423742.682184,26.48603799752891
1790423742.6827104,13.511748984456062
1790423742.683945,4.08303999574855
1790423742.684042,3.562909987522289
1790423742.6890633,18.158381019020453
1790423742.6894166,6.693848990835249
1790423742.6895235,26.672933978261426
1790423742.6934175,2.039939019596204
1790423742.6934958,2.5596559862606227
1790423742.6938143,1.9337220001034439
1790423742.7039886,3.836547984974459
1790423742.705102,27.629249991150573
1790423742.7055092,7.280355988768861
1790423742.7057729,3.1603050010744482
1790423742.7058465,15.715970017481595
1790423742.7059038,30.487736978102475
1790423742.708045,1.7478690133430064
1790423742.708619,1.8079080036841333
1790423742.7120447,1.4963510038796812
1790423742.7153053,1.511094014858827
1790423742.7159352,1.314255001489073
1790423742.7208123,1.2714240001514554
1790423742.7230337,1.6317380068358034
1790423742.7236934,1.4026049757376313
1790423742.731502,1.4529809996020049
1790423742.7340395,1.396970998030156
1790423742.748744,8.152713999152184
1790423742.7488275,23.914403980597854
1790423742.7563102,2.840095985447988
1790423742.756401,3.5036210028920323
1790423742.7611995,2.0315189904067665
1790423742.761468,1.6030359838623554
1790423742.769497,15.278981009032577
1790423742.769602,27.542283991351724
1790423742.7697506,27.17370301252231
1790423742.7705708,1.7256290011573583
1790423742.7721963,25.671404000604525
1790423742.7728558,14.673152007162571
1790423742.7729418,25.84872502484359
1790423742.774552,3.0169739911798388
1790423742.7760944,2.310846990440041
1790423742.7765868,1.691636018222198
1790423742.7766452,2.0834449969697744
1790423742.7859259,1.8565920181572437
1790423742.7923417,1.7208909848704934
1790423742.7949617,1.7292159900534898
1790423742.7956846,1.602670003194362
1790423742.798443,13.560210994910449
1790423742.799357,26.240120991133153
1790423742.7995334,3.726981987711042
1790423742.7996137,2.251832018373534
1790423742.8011487,1.4297199959401041
1790423742.8068292,1.5453439846169204
1790423742.8117917,1.907805009977892
1790423742.8126147,1.669790013693273
1790423742.814741,1.9315109821036458
1790423742.815972,2.0398490014486015
1790423742.8160636,2.767653000773862
1790423742.818474,1.2469409848563373
1790423742.8228602,1.2601539783645421
1790423742.8263648,2.2151530138216913
1790423742.8357677,11.082262004492804
1790423742.836062,21.16374997422099
1790423742.8362322,24.393289000727236
1790423742.8370793,1.7449700098950416
1790423742.839485,1.5119760064408183
1790423742.844968,1.8319679948035628
1790423742.8501813,24.804192973533645
1790423742.85111,19.473437016131356
1790423742.8513184,7.158485008403659
1790423742.851437,2.50791700091213
1790423742.852302,1.7005899862851948
1790423742.855182,1.2438400008250028
1790423742.8572702,1.7779300105758011
1790423742.8586237,1.3447429810184985
1790423742.8609183,1.6135250043589622
1790423742.861821,2.083725994452834
1790423742.8629777,1.6787709901109338
1790423742.874099,1.6832920082379133
1790423742.8773398,1.9027879752684385
1790423742.8829684,20.791643008124083
1790423742.8831906,26.69154800241813
1790423742.883497,7.526761008193716
1790423742.884301,12.656841019634157
1790423742.8893538,1.533816015580669
1790423742.8940074,1.4112300123088062
1790423742.8953774,14.948184980312362
1790423742.8955293,28.586269996594638
1790423742.8974361,2.522372000385076
1790423742.8977473,2.172606997191906
1790423742.8984454,2.1072459931019694
1790423742.9015505,1.2647969997487962
1790423742.9057186,1.3708799961023033
1790423742.9083495,1.8827060121111572
1790423742.9149008,1.2728350120596588
1790423742.918461,2.1486880141310394
1790423742.9192295,1.6833750123623759
1790423742.9204745,13.095290982164443
1790423742.920552,22.058366012061015
1790423742.9276745,1.3659329852089286
1790423742.9387026,1.8118739826604724
1790423742.939358,1.3248309842310846
1790423742.954528,1.5952409885358065
1790423742.9563289,6.927008013008162
1790423742.956961,21.329340001102537
1790423742.9584832,14.661017979960889
1790423742.9585733,23.525797994807363
1790423742.9588873,27.899261011043563
1790423742.9605281,14.869865000946447
1790423742.9618971,27.425830980064347
1790423742.9621077,2.9101090040057898
1790423742.963485,2.2207259899005294
1790423742.9807422,30.705139972269535
1790423742.9814615,18.88084298116155
1790423742.981562,6.49998799781315
1790423742.9897158,18.913208012236282
1790423742.9897995,28.93526598927565
1790423742.9901154,13.872259994968772
1790423742.9956923,21.223224001005292
1790423742.9994924,27.306530013447627
1790423743.0039194,17.071210022550076
1790423743.0051548,31.27973197842948
1790423743.0053189,21.967751992633566
1790423743.011332,31.496141979005188
1790423743.0168471,45.410632010316476
1790423743.0180907,27.557688008528203
1790423743.0181727,26.611292007146403
1790423743.0205028,4.424013022799045
1790423743.020642,18.640622991370037
1790423743.0276084,27.40700199501589
1790423743.0331304,40.171854983782396
1790423743.0339587,15.489559998968616
1790423743.0352232,9.447274002013728
1790423743.0357234,39.51283800415695
1790423743.0362468,30.45899301650934
1790423743.0367658,16.961478017037734
1790423743.0369995,43.267992994515225
1790423743.0372353,12.149608985055238
1790423743.0373075,29.99248800915666
1790423743.03753,37.9131929948926
1790423743.0378754,5.516225006431341
1790423743.0424438,1.6919250192586333
1790423743.0441797,61.57958498806693
1790423743.0454242,37.09596500266343
1790423743.0462496,44.900867011165246
1790423743.0464253,21.910147013841197
1790423743.046533,13.232811004854739
1790423743.0471854,2.902749984059483
1790423743.0507152,1.4978889958001673
1790423743.055198,16.068170982180163
1790423743.0568402,1.5000909916125238
1790423743.0611587,27.186847990378737
1790423743.0620341,14.677357015898451
1790423743.0636435,34.4475410238374
1790423743.0639718,5.139524000696838
1790423743.0690832,9.363009972730651
1790423743.0693147,20.705909992102534
1790423743.069396,3.812298004049808
1790423743.0695078,29.436945013003424
1790423743.0699663,2.703269012272358
1790423743.0703373,2.125983010046184
1790423743.0760376,4.211064020637423
1790423743.0761857,14.139745995635167
1790423743.0762527,3.9362240058835596
1790423743.076645,3.1182380043901503
1790423743.0878422,7.174206984927878
1790423743.0887487,1.563024998176843
1790423743.0911064,20.27086800080724
1790423743.0924885,17.171982006402686
1790423743.0925977,29.91505799582228
1790423743.0926702,3.216454992070794
1790423743.0973418,1.6667169984430075
1790423743.1023822,1.5832220087759197
1790423743.1052287,26.48145900457166
1790423743.1054149,15.396147005958483
1790423743.1056144,32.71942998981103
1790423743.1081107,1.8300089868716896
1790423743.1095743,14.441195991821587
1790423743.1104093,29.233284993097186
1790423743.1104765,3.20360399200581
1790423743.1238737,1.4485669962596148
1790423743.1268895,1.60058299661614
1790423743.1293826,26.039296993985772
1790423743.1306117,12.144258012995124
1790423743.1307695,28.251499024918303
1790423743.1308737,17.059551988495514
1790423743.133792,1.6950819990597665
1790423743.143136,1.915350992931053
1790423743.1630318,30.209157994249836
1790423743.1635327,12.807853985577822
1790423743.1652517,38.09594898484647
1790423743.166182,24.42351999343373
1790423743.1672387,10.772425011964515
1790423743.1673698,5.768103001173586
1790423743.1674416,18.882317002862692
1790423743.1678495,39.225657004863024
1790423743.1679184,10.409770999103785
1790423743.171879,1.382149988785386
1790423743.1748936,1.9154150213580579
1790423743.177793,21.981242985930294
1790423743.178379,31.181634025415406
1790423743.1785188,13.818428997183219
1790423743.179158,1.3553710014093667
1790423743.1908302,2.2752259974367917
1790423743.1912847,2.0551660272758454
1790423743.1936524,11.503985995659605
1790423743.1942577,30.329355009598657
1790423743.1944447,26.517076010350138
1790423743.1963742,4.197230009594932
1790423743.1982872,2.509277983335778
1790423743.2006314,26.590793015202507
1790423743.2012496,13.345090992515907
1790423743.2017617,8.27748401206918
1790423743.2018607,3.563664009561762
1790423743.2037578,9.302592981839553
1790423743.2232263,28.009623987600207
1790423743.2279365,28.6191460036207
1790423743.2291517,18.737650010734797
1790423743.24215,36.33978799916804
1790423743.2503247,43.657434987835586
1790423743.2515574,31.928278011037037
1790423743.2516503,60.235245997319
1790423743.2574162,23.741568002151325
1790423743.2583587,61.87543101259507
1790423743.2584445,28.96496601169929
1790423743.2625492,50.55573600111529
1790423743.263673,49.2621689918451
1790423743.2713683,39.628138998523355
1790423743.2727034,32.43732400005683
1790423743.2738478,50.564547011163086
1790423743.2746093,9.137054003076628
1790423743.2759857,62.86572301178239
1790423743.2769685,1.8499039870221168
1790423743.2797778,21.16777701303363
1790423743.2803636,47.28898999746889
1790423743.281384,69.92235998040996
1790423743.2821,14.920374989742413
1790423743.2825282,16.00023001083173
1790423743.2826793,38.92100299708545
1790423743.2828112,41.85750600299798
1790423743.2828856,51.90113000571728
1790423743.2834198,3.8030529976822436
1790423743.2899692,1.5168419922702014
1790423743.293156,55.131321016233414
1790423743.2942262,34.51383099309169
1790423743.294334,29.572912986623123
1790423743.2945259,19.90609199856408
1790423743.294923,2.2884280188009143
1790423743.3134203,1.4832179876975715
1790423743.3207693,22.805245011113584
1790423743.326288,30.908553977496922
1790423743.3315701,16.548341984162107
1790423743.3337696,23.600904998602346
1790423743.3454385,43.19596997811459
1790423743.3492022,40.73171899653971
1790423743.3497837,20.230977999744937
1790423743.3503582,34.693191992118955
1790423743.350461,26.291126006981358
1790423743.355745,28.618178010219708
1790423743.3567638,37.97799599124119
1790423743.3621356,64.55869399360381
1790423743.3626645,30.21484997589141
1790423743.3670034,23.769237974192947
1790423743.3674967,42.61029799818061
1790423743.368283,39.518671022960916
1790423743.3683932,11.234081001020968
1790423743.3684719,17.717425973387435
1790423743.3733842,2.1397710079327226
1790423743.3749466,28.07445000507869
1790423743.3790967,32.81673599849455
1790423743.3792472,27.743457991164178
1790423743.3794348,43.15145799773745
1790423743.3796756,39.84593297354877
1790423743.3840203,20.268850988941267
1790423743.3852391,47.91283799568191
1790423743.3854601,8.876240026438609
1790423743.3855512,12.157685006968677
1790423743.3890188,48.480761994142085
1790423743.389723,40.690756984986365
1790423743.3918247,16.652307007461786
1790423743.3922038,60.51740702241659
1790423743.3922648,21.91270000184886
1790423743.3927317,11.497839004732668
1790423743.3929136,47.46036202413961
1790423743.3929758,40.265007002744824
1790423743.3937128,77.49471001443453
1790423743.3939784,29.282418981892988
1790423743.395993,43.728693010052666
1790423743.3967361,55.22003100486472
1790423743.3973336,22.970146994339302
1790423743.397599,21.664942003553733
1790423743.397973,21.23487400240265
1790423743.3987348,2.731863991357386
1790423743.4011173,11.383217992261052
1790423743.401745,29.41678700153716
1790423743.4024963,3.404333983780816
1790423743.402663,2.137550007319078
1790423743.4042988,1.3594060146715492
1790423743.4082527,2.473358006682247
1790423743.4089465,2.012698008911684
1790423743.4090197,14.800673990976065
1790423743.4105337,1.3199060049373657
1790423743.412585,1.4791710127610713
1790423743.4160755,2.527774980990216
1790423743.4267333,24.930218001827598
1790423743.4274092,19.69199298764579
1790423743.428139,31.3895579893142
1790423743.429707,6.272030004765838
1790423743.4331656,5.745376984123141
1790423743.433298,6.5500309865456074
1790423743.434809,2.34261600417085
1790423743.4352171,2.0387380209285766
1790423743.440958,15.883785003097728
1790423743.4410295,29.177240998251364
1790423743.4416008,12.711636984022334
1790423743.443214,28.892002999782562
1790423743.4433112,17.504475981695578
1790423743.4437675,11.800377018516883
1790423743.4458966,1.6541410004720092
1790423743.446976,2.036889985902235
1790423743.4621835,3.326948994072154
1790423743.4625797,26.539518003119156
1790423743.4631605,16.62849698914215
1790423743.463241,3.693092003231868
1790423743.4791443,31.082333996891975
1790423743.4814067,33.90046799904667
1790423743.4816852,21.420425007818267
1790423743.481982,7.387260004179552
1790423743.4821982,31.662421009968966
1790423743.4823997,17.338006000500172
1790423743.482472,24.398658017162234
1790423743.4825342,6.6438239882700145
1790423743.4924877,22.128365992102772
1790423743.4933195,26.441389985848218
1790423743.4934533,8.717710996279493
1790423743.4983993,26.987085992004722
1790423743.500558,4.139234981266782
1790423743.5006742,3.4774059895426035
1790423743.5007832,33.28026598319411
1790423743.5009115,15.482187998713925
1790423743.5108068,27.518671995494515
1790423743.5113435,25.31615100451745
1790423743.5115886,13.175906002288684
1790423743.5117378,2.834615996107459
1790423743.5125017,2.1421749843284488
1790423743.516013,22.06398401176557
1790423743.5166173,12.478859978727996
1790423743.517251,33.29951400519349
1790423743.5173159,2.562369976658374
1790423743.523076,1.342467003269121
1790423743.5252106,1.2599129986483604
1790423743.5309854,24.89325200440362
1790423743.5312781,22.853011003462598
1790423743.5313356,13.584545988123864
1790423743.5342352,1.3847890077158809
1790423743.5368624,1.186534995213151
1790423743.5387523,1.3145040138624609
1790423743.5428607,1.293923007324338
1790423743.5459738,1.2109309900552034
1790423743.5546596,1.5798349922988564
1790423743.5596194,21.533643011935055
1790423743.5596895,3.6914729862473905
1790423743.5653467,1.6918059845920652
1790423743.5670104,1.651839993428439
1790423743.5692122,1.9355739932507277
1790423743.5710323,1.5905180189292878
1790423743.572865,1.820133998990059
1790423743.5759757,2.3549920006189495
1790423743.5769575,1.643335010157898
1790423743.5793746,1.3751870137639344
1790423743.5817924,21.994088019710034
1790423743.58248,27.56702699116431
1790423743.582577,2.598203020170331
1790423743.5826745,8.608489006292075
1790423743.582789,14.53058997867629
1790423743.5937805,1.5526440110988915
1790423743.6079865,27.512179978657514
1790423743.6080852,12.399026018101722
1790423743.6101544,1.8355160136707127
1790423743.6129,2.733953995630145
1790423743.61427,17.214135004905984
1790423743.614748,30.049410997889936
1790423743.6148329,3.491541981929913
1790423743.6230855,1.785464002750814
1790423743.6247516,2.691759989829734
1790423743.626255,1.4913979975972325
1790423743.629213,21.982147998642176
1790423743.6297712,29.6398340142332
1790423743.629855,17.51368399709463
1790423743.6332884,1.2519400042947382
1790423743.6433182,2.5629790034145117
1790423743.6490958,25.8638380037155
1790423743.650444,9.05432499712333
1790423743.6512227,16.730130999349058
1790423743.6513298,4.477893991861492
1790423743.6605694,22.57349999854341
1790423743.6610732,17.045019019860774
1790423743.6660242,25.98306001164019
1790423743.6662266,35.54999397601932
1790423743.6674523,22.767501999624074
1790423743.667577,31.70755397877656
1790423743.667723,13.621751015307382
1790423743.670355,17.43803100544028
1790423743.6709993,24.847074993886054
1790423743.6760836,19.022909982595593
1790423743.6810763,37.6946360047441
1790423743.6837986,26.12077200319618
1790423743.6894019,39.867489016614854
1790423743.6916642,22.12420300929807
1790423743.6949909,26.505521993385628
1790423743.695567,37.2502259851899
1790423743.6977503,18.847712985007092
1790423743.6981905,21.606449998216704
1790423743.698321,10.351203003665432
1790423743.6984708,4.645719978725538
1790423743.6985822,31.714918004581705
1790423743.7047646,25.313096004538238
1790423743.7050529,31.41026000957936
1790423743.705127,37.24150199559517
1790423743.7054923,9.241146995918825
1790423743.70839,32.29600502527319
1790423743.709426,36.63181999581866
1790423743.7095475,10.753688984550536
1790423743.7096133,24.121680995449424
1790423743.7170231,1.7087830055970699
1790423743.7177603,1.5933839895296842
1790423743.7281494,3.0175590072758496
1790423743.7282426,27.284028998110443
1790423743.7283845,25.40092999697663
1790423743.728527,8.97710002027452
1790423743.7299633,3.8464819954242557
1790423743.7302985,1.7604260065127164
1790423743.7317727,1.278562005609274
1790423743.732927,25.167860003421083
1790423743.7334924,19.59060301305726
1790423743.733828,4.285934992367402
1790423743.733961,2.1697659976780415
1790423743.7340336,10.47027501044795
1790423743.7427926,2.0879200019408017
1790423743.7438083,1.623032003408298
1790423743.751414,2.6551290065981448
1790423743.759211,1.6584820114076138
1790423743.75999,22.32957401429303
1790423743.7606113,14.963963010814041
1790423743.7607045,10.298980021616444
1790423743.7667458,14.77401499869302
1790423743.7670994,20.958048989996314
1790423743.767676,19.356442004209384
1790423743.7677598,26.393448002636433
1790423743.7687807,2.0219400175847113
1790423743.7728825,1.4555590169038624
1790423743.7755911,26.31925800233148
1790423743.7756634,21.17939799791202
1790423743.785224,1.6632170008961111
1790423743.7859266,1.5079590084496886
1790423743.7938333,1.544313010526821
1790423743.804279,1.8202380160801113
1790423743.806115,1.823325001168996
1790423743.810239,1.497794990427792
1790423743.8160295,2.124471007846296
1790423743.8231165,2.572024008259177
1790423743.8250391,18.913600011728704
1790423743.8257244,30.126253986964002
1790423743.8258333,11.183734983205795
1790423743.8259664,4.546967014903203
1790423743.830736,23.965284024598077
1790423743.831734,14.83859700965695
1790423743.8318787,8.304476010380313
1790423743.831979,30.239220999646932
1790423743.8400533,1.9240859837736934
1790423743.8401575,22.159207990625873
1790423743.8405886,1.7273660050705075
1790423743.8411324,30.824082001345232
1790423743.8416278,7.759450003504753
1790423743.8492062,1.731475000269711
1790423743.8522575,16.191700007766485
1790423743.852542,29.974484001286328
1790423743.8563797,1.2132429983466864
1790423743.859212,1.4257800066843629
1790423743.865474,1.4552159991580993
1790423743.8685474,1.5662859950680286
1790423743.8755882,1.6870700055733323
1790423743.8812978,24.55327898496762
1790423743.8813775,13.69512701057829
1790423743.8823977,25.09269502479583
1790423743.8824894,2.1941509912721813
1790423743.8844473,15.026817010948434
1790423743.8845794,26.154667022638023
1790423743.8999107,28.138713008956984
1790423743.9008949,7.817059988155961
1790423743.9013028,32.57913899142295
1790423743.9013915,3.090665995841846
1790423743.9076457,30.363974015926942
1790423743.9092453,1.5481720038224012
1790423743.9178758,27.201115008210763
1790423743.9179566,8.0465929931961
1790423743.920359,26.676848996430635
1790423743.9219294,2.40888400003314
1790423743.9236374,3.0390799802262336
1790423743.9242682,2.3292569967452437
1790423743.924479,3.1199750083032995
1790423743.9252,1.5530709933955222
1790423743.9296741,1.9706669845618308
1790423743.9297335,2.724088990362361
1790423743.9326093,1.5803790010977536
1790423743.934534,8.075488003669307
1790423743.9400415,1.7173959931824356
1790423743.9407399,1.4212940004654229
1790423743.9453287,13.31143401330337
1790423743.9522097,24.999204993946478
1790423743.9523737,8.529156999429688
1790423743.952999,1.6972919984254986
1790423743.961702,24.603129015304148
1790423743.9625688,2.9330429970286787
1790423743.962642,5.8612450084183365
1790423743.965062,18.241875019157305
1790423743.9672773,29.722684994339943
1790423743.9675643,10.699431993998587
1790423743.9679832,2.12994497269392
1790423743.9725134,25.121596991084516
1790423743.972595,30.28603197890334
1790423743.9730494,5.036904010921717
1790423743.9731817,15.605300985043868
1790423743.9759774,1.961044006748125
1790423743.9812965,1.4511180052068084
1790423743.981575,22.65204201103188
1790423743.9840376,2.2975509928073734
1790423743.9845834,28.43720998498611
1790423743.9854736,14.213731017662212
1790423743.9855466,3.311431995825842
1790423743.9878175,1.5433189983014017
1790423743.992268,1.8020379939116538
1790423743.9972982,1.7465599812567234
1790423744.0012574,17.755187000148
1790423744.0025377,27.446266991319135
1790423744.002733,6.665890017757192
1790423744.0055273,3.4176689805462956
1790423744.0057967,3.0537399870809168
1790423744.0058622,2.55083802039735
1790423744.0108387,1.4078179956413805
1790423744.0163383,2.236467000329867
1790423744.0192945,12.456345983082429
1790423744.0197453,5.1394889887887985
1790423744.0199142,20.973998005501926
1790423744.020203,28.615864022867754
1790423744.027238,1.423242996679619
1790423744.030959,23.576498992042616
1790423744.0310888,13.651502988068387
1790423744.031244,7.296997995581478
1790423744.0320387,3.348113998072222
1790423744.0321136,28.675932000624016
1790423744.0367696,17.4650120025035
1790423744.03963,26.435531995957717
1790423744.0397112,10.27807401260361
1790423744.0481741,1.6668740136083215
1790423744.0489829,8.349026989890262
1790423744.0490563,24.59734000149183
1790423744.051535,1.8266749975737184
1790423744.0523605,1.271876011742279
1790423744.0585365,1.4504760038107634
1790423744.0636318,1.271020999411121
1790423744.0650742,1.432026008842513
1790423744.0762475,14.334740000776947
1790423744.0823815,33.219055010704324
1790423744.0826254,22.004511003615335
1790423744.0831234,4.683851992012933
1790423744.08322,13.998907001223415
1790423744.0848587,1.4170750218909234
1790423744.090143,18.68119402206503
1790423744.0911362,32.55591701599769
1790423744.091823,5.423887982033193
1790423744.0918958,12.749202986015007
1790423744.092743,2.4237859761342406
1790423744.0950444,2.28917901404202
1790423744.0966663,19.964230014011264
1790423744.0970125,15.208133001578972
1790423744.0973842,29.377493978245184
1790423744.0975618,9.592121990863234
1790423744.0981655,4.442773992195725
1790423744.104109,28.865216998383403
1790423744.1041892,26.652812986867502
1790423744.1043813,21.745221980381757
1790423744.1051571,16.397020022850484
1790423744.1052232,4.510354017838836
1790423744.1125298,1.2478339776862413
1790423744.116756,1.4871970051899552
1790423744.116813,1.9266059971414506
1790423744.122631,1.3074890011921525
1790423744.1303043,19.488891994114965
1790423744.1304188,11.807424976723269
1790423744.1307385,22.1343339944724
1790423744.135291,2.1966149797663093
1790423744.1361315,1.7793570004869252
1790423744.1362152,2.414952003164217
1790423744.1401632,2.3851719743106514
1790423744.1402855,2.125033992342651
1790423744.1406648,1.190690993098542
1790423744.1516612,1.435279002180323
1790423744.1609983,1.4407859998755157
1790423744.1690059,13.495594001142308
1790423744.1690736,20.99599302164279
1790423744.1730988,2.7187149971723557
1790423744.1741903,1.953834987943992
1790423744.1801128,1.644481992116198
1790423744.1823215,12.93843798339367
1790423744.1824763,2.1420789998956025
1790423744.1931849,26.950628001941368
1790423744.1937022,8.11850099125877
1790423744.1938505,21.24140999512747
1790423744.2003753,12.058282009093091
1790423744.2007213,27.201820979826152
1790423744.2013288,31.523339013801888
1790423744.2016485,2.541302004829049
1790423744.201739,3.9147009956650436
1790423744.204463,1.8132539989892393
1790423744.2088635,1.5234640159178525
1790423744.2121387,20.33332400606014
1790423744.2124333,8.681050006998703
1790423744.2129335,31.610253994585946
1790423744.216332,3.144235990475863
1790423744.216442,3.997899009846151
1790423744.2165065,3.425761009566486
1790423744.2165906,2.5657569931354374
1790423744.2202754,1.2983470223844051
1790423744.2244577,1.3887149980291724
1790423744.2338705,1.414725003996864
1790423744.2377534,1.4382369990926236
1790423744.242066,3.2632850052323192
1790423744.2440107,4.116525000426918
1790423744.244276,3.896536974934861
1790423744.2443342,1.9773909880314022
1790423744.245829,1.1624180187936872
1790423744.2490618,1.354755979264155
1790423744.2635643,22.799538011895493
1790423744.271202,4.1859609773382545
1790423744.2769973,35.635742999147624
1790423744.277116,18.320912990020588
1790423744.2786307,11.07934198807925
1790423744.279549,15.743458992801607
1790423744.2815268,8.082362997811288
1790423744.281627,16.345685988198966
1790423744.2820032,32.76935199392028
1790423744.2824152,13.586874003522098
1790423744.2835326,7.8973560011945665
1790423744.2838142,13.47429899033159
1790423744.2845635,11.65677298558876
1790423744.2846718,34.38736402313225
1790423744.286863,6.501619995106012
1790423744.288396,2.9444659885484725
1790423744.2975237,26.30781300831586
1790423744.3038912,19.487034995108843
1790423744.3055499,29.274556000018492
1790423744.306042,35.987919982289895
1790423744.3061306,19.25643000868149
1790423744.311435,28.451641992432997
1790423744.3115497,21.113848022650927
1790423744.3136969,14.251927001168951
1790423744.3138578,27.650506992358714
1790423744.314,3.1115699966903776
1790423744.3146012,2.636211982462555
1790423744.316006,15.872914984356612
1790423744.316067,26.965232013026252
1790423744.3223746,1.2703450047411025
1790423744.3274317,1.3619899982586503
1790423744.3440406,2.136700990376994
1790423744.3441362,20.71635000174865
1790423744.349061,15.089911001268774
1790423744.34922,29.51246200245805
1790423744.362945,8.222063013818115
1790423744.36833,16.637154010822996
1790423744.3771472,15.01475801342167
1790423744.378644,34.40599498571828
1790423744.3791704,31.405360001372173
1790423744.379287,7.850719994166866
1790423744.3806524,11.338925018208101
1790423744.3808036,29.821901000104845
1790423744.3808637,33.515766001073644
1790423744.3811,22.346234996803105
1790423744.3832242,2.110277011524886
1790423744.383953,1.6315430111717433
1790423744.3905056,34.667450992856175
1790423744.3908758,24.324579018866643
1790423744.391447,17.03871798235923
1790423744.3918133,6.9649410143028945
1790423744.3956563,1.720825006486848
1790423744.3985217,55.62794502475299
1790423744.3989346,43.813308991957456
1790423744.399226,30.404721008380875
1790423744.4004138,23.254453990375623
1790423744.400513,40.595727012259886
1790423744.4005802,14.849392988253385
1790423744.4068968,1.6311579965986311
1790423744.40718,1.4328350080177188
1790423744.4120352,1.2896519911009818
1790423744.4219291,1.3140820083208382
1790423744.4235485,1.4557240065187216
1790423744.4267159,1.485431013861671
1790423744.4282541,1.4189700013957918
1790423744.4380085,20.648947975132614
1790423744.4389288,14.632418984547257
1790423744.439601,2.688916982151568
1790423744.4416196,14.193829003488645
1790423744.4421268,27.840009017381817
1790423744.443004,24.361774005228654
1790423744.443385,9.177464002277702
1790423744.4440124,19.176111003616825
1790423744.44415,28.4218690067064
1790423744.4459753,5.711837002309039
1790423744.4460566,3.8863790105096996
1790423744.4461727,2.778325986582786
1790423744.4462323,4.602066008374095
1790423744.4488583,1.5289410075638443
1790423744.4502163,1.3480120105668902
1790423744.4637477,1.7896810022648424
1790423744.4684677,28.722816990921274
1790423744.4707756,2.1295719780027866
1790423744.4840631,28.604377002920955
1790423744.4842527,15.134577988646924
1790423744.484427,3.063766984269023
1790423744.4959211,26.091376988915727
1790423744.4976945,21.4019319973886
1790423744.4993875,19.988770014606416
1790423744.5088017,33.50138699170202
1790423744.5105982,23.477225011447445
1790423744.5119061,34.825598006136715
1790423744.5124657,9.65998400351964
1790423744.514134,24.577111995313317
1790423744.514738,7.941171003039926
1790423744.5176797,50.5160549946595
1790423744.517877,24.853837996488437
1790423744.5185082,34.98225100338459
1790423744.5206122,10.003197006881237
1790423744.521014,6.263165007112548
1790423744.5232313,3.475003002677113
1790423744.523376,4.71802699030377
1790423744.523585,8.317849016748369
1790423744.5243762,30.302186001790687
1790423744.5247574,39.223172003403306
1790423744.5265923,14.11632398958318
1790423744.5268304,10.207981016719714
1790423744.526906,42.260126007022336
1790423744.5270581,5.694532010238618
1790423744.5310173,1.6298980044666678
1790423744.531662,1.4629779907409102
1790423744.5377104,1.4610509970225394
1790423744.5393977,25.253239000448957
1790423744.539676,21.788868005387485
1790423744.540209,30.997933994513005
1790423744.5402787,15.302016021450981
1790423744.5416727,1.2882269802503288
1790423744.542546,1.6121969965752214
1790423744.5442848,2.4384380085393786
1790423744.54492,1.9887590024154633
1790423744.5539567,1.6828450025059283
1790423744.5655777,3.0143540061544627
1790423744.5685425,5.386828997870907
1790423744.569813,2.5244239950552583
1790423744.569933,24.41728100529872
1790423744.5702112,8.86397500289604
1790423744.5702825,5.4826549894642085
1790423744.5744407,31.20168301393278
1790423744.5755043,15.5399150098674
1790423744.5758367,12.003459996776655
1790423744.5762577,3.157672006636858
1790423744.57656,2.0581030112225562
1790423744.5892744,23.68575902073644
1790423744.5901291,1.8834210059139878
1790423744.5919228,13.858009013347328
1790423744.5920033,26.234565011691302
1790423744.5964303,1.830567023716867
1790423744.611169,28.598106000572443
1790423744.6327152,43.3794489945285
1790423744.6329505,50.97089600167237
1790423744.635399,39.83074097777717
1790423744.6415715,37.90674899937585
1790423744.6431148,30.785581009695306
1790423744.645881,32.61764199123718
1790423744.6466393,49.10864098928869
1790423744.6472464,38.98900598869659
1790423744.6473486,13.672934990609065
1790423744.654509,36.89486501389183
1790423744.6548655,20.759667007951066
1790423744.6564305,46.84816600638442
1790423744.65673,39.71270797774196
1790423744.6568077,16.0267970059067
1790423744.6569486,23.886025010142475
1790423744.657071,33.99397002067417
1790423744.6605694,11.876169999595731
1790423744.663151,1.7955030198208988
1790423744.6642957,2.2945530072320253
1790423744.6665936,1.6240660042967647
1790423744.6694326,2.0047590078320354
1790423744.6704206,70.25787100428715
1790423744.6716614,50.45986798359081
1790423744.6721306,3.2001320214476436
1790423744.6722023,8.858132001478225
1790423744.673478,22.117005981272087
1790423744.676874,7.272790011484176
1790423744.676955,39.81087799184024
1790423744.6771152,12.724108004476875
1790423744.6776679,2.275776001624763
1790423744.6791425,1.3734149979427457
1790423744.6867187,1.4144500019028783
1790423744.695601,2.0403149828780442
1790423744.6979823,2.5145280233118683
1790423744.698115,2.504175005014986
1790423744.6986597,1.7734460125211626
1790423744.7102706,16.2289290165063
1790423744.7106898,23.924952984089032
1790423744.7115426,3.3275079913437366
1790423744.7128718,2.590848976979032
1790423744.713584,3.8661370053887367
1790423744.7142887,2.194023982156068
1790423744.7143474,1.4671350072603673
1790423744.7163577,1.1695419962052256
1790423744.7191467,2.3505400167778134
1790423744.720006,2.2069950064178556
1790423744.721083,1.81551298010163
1790423744.7321143,1.4274159912019968
1790423744.7398705,1.5042099985294044
1790423744.7414494,21.169232990359887
1790423744.7418497,24.573848000727594
1790423744.742579,2.3903689871076494
1790423744.7428896,1.4305819931905717
1790423744.7492173,2.8173530008643866
1790423744.749885,2.5411399838048965
1790423744.7499642,1.8095310078933835
1790423744.7573924,2.118995995260775
1790423744.7574577,1.7919940000865608
1790423744.759437,1.416078011970967
1790423744.7627847,2.77473998721689
1790423744.7629287,2.4167289957404137
1790423744.7696157,25.501424010144547
1790423744.7704246,26.767775998450816
1790423744.770711,17.536214989377186
1790423744.7707777,11.330126988468692
1790423744.7759755,2.577310020569712
1790423744.7763,1.812024973332882
1790423744.7866728,1.9397130236029625
1790423744.7868466,2.6800449995789677
1790423744.7884636,26.641062984708697
1790423744.7885294,13.105721998726949
1790423744.791061,1.3303750019986182
1790423744.8014941,1.4318600005935878
1790423744.806772,2.217290981207043
1790423744.8074913,2.1213639993220568
1790423744.8107655,23.843533999752253
1790423744.8113418,9.296584001276642
1790423744.811428,5.141219997312874
1790423744.820239,1.670945988735184
1790423744.826776,24.632538988953456
1790423744.827655,3.030680993106216
1790423744.830587,2.19639900024049
1790423744.8310032,1.8611540144775063
1790423744.8327498,18.38893099920824
1790423744.8328834,7.465578994015232
1790423744.8330631,30.165681993821636
1790423744.833499,2.4832790077198297
1790423744.8376858,19.76099397870712
1790423744.838502,28.70398198137991
1790423744.8385913,12.439106998499483
1790423744.844076,1.8735119956545532
1790423744.8543177,1.8962789908982813
1790423744.8611085,1.8894009990617633
1790423744.872733,23.764890007441863
1790423744.8728461,31.175843003438786
1790423744.8732054,11.752221005735919
1790423744.8808892,31.275344983441755
1790423744.8813524,30.85600901977159
1790423744.8814428,15.51018698955886
1790423744.8864436,1.738273975206539
1790423744.8943217,22.920844989130273
1790423744.8953865,35.42159599601291
1790423744.895543,5.212304997257888
1790423744.8963408,17.257308994885534
1790423744.8964107,1.7521569970995188
1790423744.9012418,17.534016020363197
1790423744.9013846,26.879815006395802
1790423744.9020264,10.231853986624628
1790423744.9068823,36.763534997589886
1790423744.9071972,16.17688700207509
1790423744.9079945,10.253044980345294
1790423744.9283512,36.0294749843888
1790423744.9393818,27.748126012738794
1790423744.9394712,32.20781899290159
1790423744.9411454,1.4793449954595417
1790423744.948834,60.62713201390579
1790423744.9530497,33.26102101709694
1790423744.953256,11.390175990527496
1790423744.9540317,45.44958402402699
1790423744.9611917,56.278894015122205
1790423744.9635375,57.63697001384571
1790423744.9652045,28.259906015591696
1790423744.975193,24.53937497921288
1790423744.9758482,37.836139992577955
1790423744.9762866,61.82327700662427
1790423744.9819536,65.49131099018268
1790423744.982365,41.03570501320064
1790423744.9825914,28.474906022893265
1790423744.987699,38.58216098160483
1790423744.9928048,28.988868987653404
1790423744.99295,35.3725670138374
1790423744.993049,41.35649002273567
1790423745.0070686,39.16753001976758
1790423745.0077066,26.571709022391587
1790423745.0083747,12.862792995292693
1790423745.0084894,52.407242998015136
1790423745.00886,5.818181991344318
1790423745.017351,48.93211802118458
1790423745.0192816,35.12897499604151
1790423745.0194457,52.6072210050188
1790423745.0199947,20.864407997578382
1790423745.0201237,3.7994290178176016
1790423745.0237064,63.637432001996785
1790423745.0247028,69.80686500901356
1790423745.0253172,39.31800098507665
1790423745.0259397,53.63470801967196
1790423745.0267665,9.403914998983964
1790423745.0269299,26.682194002205506
1790423745.027065,40.50083601032384
1790423745.0271327,53.85200699674897
1790423745.0294697,1.65124298655428
1790423745.0301552,1.461363019188866
1790423745.0323114,58.00636802450754
1790423745.0347464,1.519163983175531
1790423745.039744,84.08650199999101
1790423745.0405347,51.52092201751657
1790423745.0410619,40.04673400777392
1790423745.0417027,20.47868599765934
1790423745.0418344,5.024290003348142
1790423745.0424762,1.8691419973038137
1790423745.0475018,1.5345510037150234
1790423745.0516984,1.5463349991478026
1790423745.054669,2.113238995661959
1790423745.0547388,1.7821749788708985
1790423745.059508,1.6932400176301599
1790423745.0603554,22.847818006994203
1790423745.0604267,21.643968007992953
1790423745.0610151,2.3037740029394627
1790423745.061073,10.24357698042877
1790423745.0728023,1.7659040167927742
1790423745.0735743,1.5810280165169388
1790423745.075892,1.6890580009203404
1790423745.082458,3.4421210002619773
1790423745.0826056,4.1218209953513
1790423745.0830016,3.2838849874679
1790423745.0836842,1.846628001658246
1790423745.0903938,20.808086992474273
1790423745.090791,10.321948007913306
1790423745.090907,2.6068949955515563
1790423745.0909672,24.941512994701043
1790423745.0911639,16.424761997768655
1790423745.0917304,2.567351999459788
1790423745.0937269,1.5931430098135024
1790423745.0951307,2.135941991582513
1790423745.0959249,2.018675993895158
1790423745.0961652,1.8066299962811172
1790423745.0978608,1.5002869768068194
1790423745.099282,1.2223410012666136
1790423745.1006167,1.2008299818262458
1790423745.1037624,1.233504997799173
1790423745.1061952,1.226819003932178
1790423745.108487,1.3430159888230264
1790423745.1112666,1.3592120085377246
1790423745.112989,1.4947649906389415
1790423745.1136775,1.3160599919501692
1790423745.1150112,1.3260740088298917
1790423745.1153219,1.2335359933786094
1790423745.1231117,1.6270600026473403
1790423745.1232054,2.1358479862101376
1790423745.1313787,2.7118629950564355
1790423745.1316419,2.3399910132866353
1790423745.131709,1.8989479867741466
1790423745.1395073,1.5907020133454353
1790423745.1438408,1.3462759961839765
1790423745.1460426,1.7280589963775128
1790423745.146458,22.497662983369082
1790423745.1497076,12.91926798876375
1790423745.1498594,25.82214499125257
1790423745.1499898,5.283985985442996
1790423745.1502333,1.8235909810755402
1790423745.151833,1.2254510074853897
1790423745.1566644,2.6158760010730475
1790423745.1572165,2.706213010242209
1790423745.1600316,1.251256006071344
1790423745.1638324,1.5771000180393457
1790423745.1702995,3.3885809825733304
1790423745.171433,1.6374109836760908
1790423745.1743598,1.579475007019937
1790423745.178911,2.5501539930701256
1790423745.1797152,2.2790700022596866
1790423745.1863894,30.71197000099346
1790423745.1873453,19.072534021688625
1790423745.1877468,32.65230200486258
1790423745.187944,6.3867749995552
1790423745.1880348,12.901957001304254
1790423745.1905956,2.096829004585743
1790423745.1911635,2.2408410150092095
1790423745.191282,1.6854330024216324
1790423745.1944933,25.18940099980682
1790423745.1949186,28.578069992363453
1790423745.1954043,19.559481996111572
1790423745.196144,4.017286002635956
1790423745.196237,13.274091004859656
1790423745.196311,2.79844700708054
1790423745.199769,1.6418930026702583
1790423745.2010937,1.3143100077286363
1790423745.2031643,1.8062290037050843
1790423745.203992,1.2739119993057102
1790423745.2102094,1.335998997092247
1790423745.2151334,1.8142750195693225
1790423745.215495,1.5977750008460134
1790423745.2198853,1.3539759966079146
1790423745.2220962,1.1973990185651928
1790423745.2299137,22.075366985518485
1790423745.2299929,14.285467012086883
1790423745.2498448,23.577195999678224
1790423745.2561207,4.01325398706831
1790423745.2591388,2.6138430112041533
1790423745.2608728,12.123914988478646
1790423745.2645342,11.01820101030171
1790423745.265582,33.70593101135455
1790423745.2657247,7.691278995480388
1790423745.2678137,32.88125499966554
1790423745.2684407,13.794408005196601
1790423745.268529,5.752900004154071
1790423745.2761931,24.850350979249924
1790423745.2838924,28.386919992044568
1790423745.2849562,20.40989897795953
1790423745.2851682,37.391301011666656
1790423745.285265,7.114931999240071
1790423745.28721,1.9347640045452863
1790423745.292126,20.402244990691543
1790423745.2931528,19.075237010838464
1790423745.2938292,7.908411003882065
1790423745.2939332,33.003985008690506
1790423745.2942681,14.72319001914002
1790423745.295868,1.5902690065559
1790423745.3022306,21.809965022839606
1790423745.3036146,2.1221009956207126
1790423745.3049424,29.496728006051853
1790423745.3064146,6.740289012668654
1790423745.307175,34.32246099691838
1790423745.307666,38.80480499356054
1790423745.3079536,20.46398798120208
1790423745.308027,24.897458002669737
1790423745.308339,11.178680986631662
1790423745.308456,18.163863016525283
1790423745.308538,5.825961998198181
1790423745.312157,1.3682199933100492
1790423745.312395,20.258848991943523
1790423745.3161683,1.367978984490037
1790423745.3179162,17.103288002545014
1790423745.3186123,29.088032024446875
1790423745.3187468,5.029098014347255
1790423745.319899,2.496380009688437
1790423745.3204746,1.5387619787361473
1790423745.3298302,1.4590979844797403
1790423745.3311388,1.2991080002393574
1790423745.3337035,1.4594329986721277
1790423745.3352733,1.476943987654522
1790423745.3401296,1.2553790002129972
1790423745.346301,1.9497130124364048
1790423745.350199,4.832404985791072
1790423745.3510022,4.118529992410913
1790423745.3575044,1.8709109863266349
1790423745.361352,18.40974998776801
1790423745.3620708,13.422371994238347
1790423745.3624601,25.18409601179883
1790423745.3626065,5.516037985216826
1790423745.3667846,11.9047999905888
1790423745.367284,1.6785770130809397
1790423745.3693652,1.6918249893933535
1790423745.3721185,1.5366020088549703
1790423745.3722146,23.0248479929287
1790423745.3761766,28.10858201701194
1790423745.3769054,6.903026980580762
1790423745.3770149,13.175342028262094
1790423745.3825638,24.89201500429772
1790423745.3827918,36.3715150160715
1790423745.382873,14.403381996089593
1790423745.3844845,1.5986990183591843
1790423745.3899434,2.682671998627484
1790423745.3900113,2.1143819903954864
1790423745.3928504,2.2415120038203895
1790423745.4001472,1.8829779874067754
1790423745.4046721,1.7222349997609854
1790423745.4065797,1.5621049969922751
1790423745.4097195,1.7475659842602909
1790423745.4145503,1.8312229949515313
1790423745.415152,1.4878109795972705
1790423745.4190676,1.7399099888280034
1790423745.4205666,1.4771469868719578
1790423745.4286618,1.9965819956269115
1790423745.435754,1.485535001847893
1790423745.4398987,1.3868750247638673
1790423745.440565,1.375196996377781
1790423745.4526243,1.2679079954978079
1790423745.4603055,1.8509809742681682
1790423745.470984,12.931924982694909
1790423745.4841652,12.762624013703316
1790423745.4867413,17.5830660155043
1790423745.4871595,31.540142983430997
1790423745.4882858,18.416773003991693
1790423745.4883676,30.94444199814461
1790423745.4913101,1.6655770014040172
1790423745.4929345,1.6124739777296782
1790423745.4956527,28.7896940135397
1790423745.4957645,2.813029015669599
1790423745.495946,31.01879797759466
1790423745.496026,43.01325199776329
1790423745.4996328,1.6095999744720757
1790423745.5015092,1.3630909961648285
1790423745.501828,2.0841479999944568
1790423745.50538,1.2606310192495584
1790423745.5066876,25.525325996568426
1790423745.509821,1.5005059831310064
1790423745.512309,37.60740300640464
1790423745.512769,3.766825015190989
1790423745.5129325,10.990107984980568
1790423745.5131974,19.721899006981403
1790423745.5135472,3.4073659917339683
1790423745.5225508,1.5377959934994578
1790423745.5359309,12.46491601341404
1790423745.5364966,25.164153979858384
1790423745.5366564,30.751579004572704
1790423745.5446365,24.399365996941924
1790423745.5477436,31.370256998343393
1790423745.5478141,19.587654998758808
1790423745.5480402,7.171651988755912
1790423745.5481484,33.088699012296274
1790423745.5482934,31.033209001179785
1790423745.5506392,2.2883560159243643
1790423745.5519247,2.8532430005725473
1790423745.5521965,2.137629024218768
1790423745.56251,17.858489009086043
1790423745.567707,2.3891689779702574
1790423745.5683546,31.794217007700354
1790423745.568728,3.9738039777148515
1790423745.568847,2.9459310171660036
1790423745.5689137,13.4100440191105
1790423745.5810847,25.037838000571355
1790423745.5811908,24.683210998773575
1790423745.5812583,10.296299995388836
1790423745.5828383,1.4115499798208475
1790423745.58982,1.9080459896940738
1790423745.591345,2.4859679979272187
1790423745.5919516,1.5902100130915642
1790423745.5933812,1.3245680020190775
1790423745.5981402,26.63608200964518
1790423745.5984566,20.43401901028119
1790423745.5985546,2.4481489963363856
1790423745.5986333,8.801743009826168
1790423745.6016626,1.2612319842446595
1790423745.605851,1.9843280024360865
1790423745.606728,1.6917249886319041
1790423745.6233962,20.799671998247504
1790423745.6234899,26.80832301848568
1790423745.6235774,16.434466000646353
1790423745.624341,21.03186000022106
1790423745.624431,24.880690005375072
1790423745.6245022,11.215197009732947
1790423745.6313124,1.8632790015544742
1790423745.6331818,1.8556329887360334
1790423745.6338284,1.8801539845298976
1790423745.6367903,27.756672992836684
1790423745.637239,3.3979889994952828
1790423745.6376047,9.38388699432835
1790423745.6381605,3.336836991365999
1790423745.6393282,4.079821985214949
1790423745.639397,3.6626709916163236
1790423745.6397624,1.5926689957268536
1790423745.6411636,1.2030389916617423
1790423745.6438246,1.6188780136872083
1790423745.6444426,1.3196050131227821
1790423745.6539147,1.7493999912403524
1790423745.6590173,1.9156970083713531
1790423745.6590955,2.5293960061389953
1790423745.6595678,1.7465919954702258
1790423745.6659493,1.3825589849147946
1790423745.6677861,1.5578239981550723
1790423745.6824489,14.65048300451599
1790423745.6828861,20.74050100054592
1790423745.6830776,31.493999995291233
1790423745.6833763,29.852220992324874
1790423745.6961784,33.52814301615581
1790423745.6976707,12.763296021148562
1790423745.6978037,34.36016701743938
1790423745.6979446,17.65348602202721
1790423745.7018943,18.505173007724807
1790423745.7075572,3.4717350208666176
1790423745.7076402,30.38862199173309
1790423745.7079692,26.490852993447334
1790423745.708169,18.522752972785383
1790423745.7082448,22.502223000628874
1790423745.7132864,2.358784986427054
1790423745.7133744,35.299958020914346
1790423745.7137656,1.826491003157571
1790423745.7174153,22.27189700352028
1790423745.7175171,33.56494498439133
1790423745.718336,3.226432017982006
1790423745.7184482,39.489171002060175
1790423745.72542,1.455156016163528
1790423745.727642,2.0032169995829463
1790423745.7330766,17.47216601506807
1790423745.7336957,28.52758701192215
1790423745.733779,7.105527998646721
1790423745.7462132,23.59141199849546
1790423745.7468283,25.020503002451733
1790423745.7469132,12.677810998866335
1790423745.752869,2.5464709906373173
1790423745.753013,2.2427669900935143
1790423745.7555485,17.909321992192417
1790423745.7560518,26.524754997808486
1790423745.7561197,4.404874984174967
1790423745.7613897,2.7505310135893524
1790423745.7614822,2.4410230107605457
1790423745.7621138,1.8665629904717207
1790423745.7694516,27.897566003957763
1790423745.7695549,20.222271006787196
1790423745.770112,15.72039199527353
1790423745.7706194,7.0537270221393555
1790423745.7747555,1.3179760135244578
1790423745.7808821,1.3384879857767373
1790423745.786027,1.683379989117384
1790423745.789036,1.5240979846566916
1790423745.792739,1.4277749869506806
1790423745.7961237,1.3953500019852072
1790423745.7976024,7.575099996756762
1790423745.7976902,22.51243600039743
1790423745.801134,2.159427007427439
1790423745.801193,1.6928869881667197
1790423745.820885,1.4720879844389856
1790423745.827077,21.64448398980312
1790423745.8272054,24.231538001913577
1790423745.8276293,2.792426006635651
1790423745.8291953,18.259892996866256
1790423745.829539,24.923885997850448
1790423745.8296773,3.3618570014368743
1790423745.840486,24.32830398902297
1790423745.8411355,28.365475009195507
1790423745.841231,8.767863997491077
1790423745.8455353,1.817078999010846
1790423745.846414,2.196535002440214
1790423745.8479004,1.4771679998375475
1790423745.8513603,2.046487992629409
1790423745.8514242,1.5006850007921457
1790423745.8563435,18.95321800839156
1790423745.8576076,3.5662869922816753
1790423745.8582277,28.15766801359132
1790423745.8584301,11.238280014367774
1790423745.8640904,2.4097179993987083
1790423745.8645308,2.3009019787423313
1790423745.874792,26.190390984993428
1790423745.8752632,20.579193020239472
1790423745.8762898,30.62491799937561
1790423745.8763845,13.5739519901108
1790423745.876782,1.5087339852470905
1790423745.8833346,25.717325013829395
1790423745.8838472,28.44329402432777
1790423745.8839257,19.383396982448176
1790423745.8868175,1.4599370188079774
1790423745.8917217,19.751673011342064
1790423745.8928735,22.02236300217919
1790423745.8933086,4.696279007475823
1790423745.8937788,28.182070003822446
1790423745.8946354,1.3184520066715777
1790423745.8982267,1.4992990181781352
1790423745.9005084,30.86989899748005
1790423745.9005826,9.386929013999179
1790423745.9020565,1.369022997096181
1790423745.9081066,1.6109099960885942
1790423745.911649,1.7597109836060554
1790423745.914158,1.3826900103595108
1790423745.9199667,1.4663369802292436
1790423745.928573,1.453516015317291
1790423745.9419005,3.6699360061902553
1790423745.9420452,3.1982120126485825
1790423745.9486382,28.620319993933663
1790423745.9487126,20.7736509910319
1790423745.950783,27.114035008708015
1790423745.9510374,17.11575099034235
1790423745.9512467,11.758673994336277
1790423745.9513953,4.693077993579209
1790423745.9515955,11.28989300923422
1790423745.9517357,6.317855993984267
1790423745.9523532,4.284561990061775
1790423745.9563978,1.35031298850663
1790423745.961604,1.2817580136470497
1790423745.9649448,1.354712003376335
1790423745.966707,1.5237150073517114
1790423745.9733007,26.43946500029415
1790423745.973633,3.7025579949840903
1790423745.9737153,17.227857984835282
1790423745.976279,1.3104529934935272
1790423745.9828267,1.5257979976013303
1790423745.9868894,1.2538690061774105
1790423745.9948485,1.6973120218608528
1790423745.9954362,1.4315689913928509
1790423746.0057724,1.4408559945877641
1790423746.0063846,1.314182998612523
1790423746.0095801,1.2936889834236354
1790423746.0122206,1.2351110053714365
1790423746.0136628,1.1235020065214485
1790423746.0177524,1.5016899851616472
1790423746.018329,1.2077710125595331
1790423746.0241745,1.465434004785493
1790423746.0247388,1.4785749954171479
1790423746.0308335,1.289669016841799
1790423746.0376556,22.573432011995465
1790423746.037895,16.359038010705262
1790423746.0468633,21.298269013641402
1790423746.056838,24.540329992305487
1790423746.068745,26.88371401745826
1790423746.0761223,2.0818960038013756
1790423746.076218,2.7469109918456525
1790423746.0785012,25.605429022107273
1790423746.0835924,2.7016919921152294
1790423746.0837324,32.45934800361283
1790423746.0843031,26.10438098781742
1790423746.084408,25.651834992459044
1790423746.0919967,2.066313987597823
1790423746.095374,1.3615429925266653
1790423746.1042423,12.234041991177946
1790423746.106876,14.238437986932695
1790423746.111859,20.87840301101096
1790423746.114137,16.53806699323468
1790423746.1142945,36.637397977756336
1790423746.1144161,4.65455197263509
1790423746.1211982,34.03445100411773
1790423746.1230614,16.84079199912958
1790423746.1236854,11.2367510155309
1790423746.1238523,19.10044197575189
1790423746.1241636,34.83828599564731
1790423746.1242535,7.987310003954917
1790423746.13015,23.074544995324686
1790423746.1316862,12.240514013683423
1790423746.1319082,34.93239500676282
1790423746.132621,4.404564999276772
1790423746.134653,3.918209986295551
1790423746.1516576,28.584928979398683
1790423746.153156,21.194069006014615
1790423746.1534483,33.00498198950663
1790423746.1535866,14.790154004003853
1790423746.1564403,29.354028025409207
1790423746.1566083,23.74842800782062
1790423746.1569638,31.955743994330987
1790423746.1573148,12.937858002260327
1790423746.1589122,24.03365299687721
1790423746.1601408,31.237012008205056
1790423746.1602874,9.362048003822565
1790423746.1660764,28.56676297960803
1790423746.1666873,32.66918400186114
1790423746.166778,7.131857011700049
1790423746.1703138,1.5733979817014188
1790423746.170884,1.4033789921086282
1790423746.17353,2.179765986511484
1790423746.1744578,2.0358070032671094
1790423746.1759782,1.2668429990299046
1790423746.1782484,1.5879060083534569
1790423746.1827223,1.2917780259158462
1790423746.1865191,21.311354998033494
1790423746.1892333,31.434100004844368
1790423746.189977,18.122729990864173
1790423746.1906672,5.566137988353148
1790423746.1914387,13.180562003981322
1790423746.1924872,5.033997993450612
1790423746.2012498,21.368748013628647
1790423746.2284331,38.4430669946596
1790423746.2299557,38.50604998297058
1790423746.2395566,37.259140983223915
1790423746.241471,36.15704498952255
1790423746.2421236,58.714716986287385
1790423746.2502067,71.01921498542652
1790423746.2533019,54.674879007507116
1790423746.2538042,65.25092001538724
1790423746.253932,43.969860998913646
1790423746.254009,32.99286399851553
1790423746.2546504,54.63559000054374
1790423746.2578495,70.83710000733845
1790423746.264693,53.052672010380775
1790423746.2648034,63.08045101468451
1790423746.265321,37.671589001547545
1790423746.267818,61.13683100556955
1790423746.2691936,43.06138399988413
1790423746.272464,83.21764401625842
1790423746.2725616,69.3108849809505
1790423746.2731912,51.536459010094404
1790423746.2744043,63.453148992266506
1790423746.2750156,71.0857080121059
1790423746.2757092,61.641632026294246
1790423746.277366,47.039055993082
1790423746.2799466,38.463764009065926
1790423746.28108,47.85129099036567
1790423746.2816136,52.82065999926999
1790423746.2818415,43.26051601674408
1790423746.2823215,48.40863298159093
1790423746.2834454,27.817316993605345
1790423746.2840621,29.006039025261998
1790423746.284236,46.70587199507281
1790423746.284397,21.70075901085511
1790423746.284652,85.13934700749815
1790423746.2858715,8.494965004501864
1790423746.2865138,66.7488070030231
1790423746.2866054,59.72822100738995
1790423746.2879157,56.4693040214479
1790423746.289103,6.7698240163736045
1790423746.2895055,32.74574599345215
1790423746.2899804,58.99146999581717
1790423746.2905843,44.036020000930876
1790423746.2912376,75.27017500251532
1790423746.2913995,11.440757982200012
1790423746.2918026,22.343556978739798
1790423746.291902,20.827294007176533
1790423746.2919803,30.590190988732502
1790423746.2921917,56.98272801237181
1790423746.2923326,56.193544005509466
1790423746.2931125,13.999530987348408
1790423746.2932487,29.334605002077296
1790423746.2942438,1.904245000332594
1790423746.2966464,1.7575309902895242
1790423746.3016887,1.4444460102822632
1790423746.305175,38.67322800215334
1790423746.3053892,26.957636990118772
1790423746.3055263,15.53496700944379
1790423746.3056247,7.516038022004068
1790423746.311602,16.12522400682792
1790423746.311684,45.881316997110844
1790423746.3150375,2.28679200517945
1790423746.315114,1.820178993511945
1790423746.3289542,29.700477025471628
1790423746.32911,31.5932150115259
1790423746.3292024,10.813447996042669
1790423746.3323622,1.4178089913912117
1790423746.334415,31.126387999393046
1790423746.3345046,15.44110500253737
1790423746.3452268,3.98653800948523
1790423746.3486211,24.6028850087896
1790423746.3502367,3.490800008876249
1790423746.35093,2.9863299860153347
1790423746.3536038,12.262602016562596
1790423746.354097,4.756081005325541
1790423746.3541925,33.50386701640673
1790423746.3580732,28.70030200574547
1790423746.3592615,16.894326981855556
1790423746.3595068,32.45549098937772
1790423746.3596401,7.5644649914465845
1790423746.3621862,1.763874985044822
1790423746.368822,2.061247010715306
1790423746.370829,1.6655140207149088
1790423746.381311,23.220924980705604
1790423746.382674,5.33785400330089
1790423746.3829157,31.926168012432754
1790423746.385665,1.8119360029231757
1790423746.393855,2.9855589964427054
1790423746.3958075,7.580392004456371
1790423746.405839,22.820843994850293
1790423746.406647,41.52273200452328
1790423746.4174712,17.937147989869118
1790423746.4257646,36.857069993857294
1790423746.4261594,16.01762999780476
1790423746.4270875,33.023088006302714
1790423746.4272573,34.54756599967368
1790423746.434186,19.214859989006072
1790423746.4347095,30.265865003457293
1790423746.4348748,20.519590005278587
1790423746.4349942,45.110731007298455
1790423746.4352891,43.568488996243104
1790423746.4356449,34.11486398545094
1790423746.4361508,12.77835201472044
1790423746.436564,12.440647988114506
1790423746.438421,5.128730001160875
1790423746.438508,8.52630499866791
1790423746.4404209,53.4259749983903
1790423746.4427354,2.258078020531684
1790423746.4520986,4.351367999333888
1790423746.4522886,44.89825599011965
1790423746.4523878,46.479226992232725
1790423746.45277,30.57222400093451
1790423746.4539092,32.7492940123193
1790423746.4541264,5.594258022028953
1790423746.4542363,18.582532997243106
1790423746.4543514,26.29465897916816
1790423746.455591,2.191864012274891
1790423746.4572506,28.409424994606525
1790423746.4573324,37.330413004383445
1790423746.457995,7.318737014429644
1790423746.4580793,21.50170400273055
1790423746.4680924,2.5881309993565083
1790423746.4713027,2.6241239975206554
1790423746.4803581,25.84724800544791
1790423746.4813673,12.211103981826454
1790423746.482845,1.9716529932338744
1790423746.4846592,1.8008369952440262
1790423746.4889681,29.265453980769962
1790423746.4895153,28.70386600261554
1790423746.4908214,18.369918019743636
1790423746.4909253,4.195355984847993
1790423746.4934042,2.2341310104820877
1790423746.496854,3.4377029805909842
1790423746.4974334,17.59680500254035
1790423746.4980114,31.087142997421324
1790423746.499613,5.562822974752635
1790423746.4997056,11.9731180020608
1790423746.5057228,1.8862750148400664
1790423746.5105388,1.625129982130602
1790423746.513036,23.154399008490145
1790423746.5174804,22.11858201189898
1790423746.5176377,13.0728569929488
1790423746.5180197,33.00839499570429
1790423746.5203094,4.362342995591462
1790423746.5230641,19.88657799665816
1790423746.5241122,1.6065150266513228
1790423746.525056,22.779847000492737
1790423746.526081,1.821637008106336
1790423746.527856,9.759086009580642
1790423746.5280719,33.58953999122605
1790423746.528492,21.057822013972327
1790423746.5286493,22.91636701556854
1790423746.5292535,2.15303897857666
1790423746.5310888,12.162166996859014
1790423746.5311792,32.896430988330394
1790423746.5327675,1.4738689933437854
1790423746.536728,3.0392539920285344
1790423746.5372128,2.9371620039455593
1790423746.537384,2.547187003074214
1790423746.539214,1.9892109849024564
1790423746.5396547,1.7546659801155329
1790423746.5478995,2.1446290193125606
1790423746.552407,1.494876021752134
1790423746.5556154,1.657668995903805
1790423746.5591354,1.5514400147367269
1790423746.559554,1.485128013882786
1790423746.570388,26.562079990981147
1790423746.5705786,16.121713997563347
1790423746.5709279,2.8404819895513356
1790423746.5727568,26.313505019061267
1790423746.5733755,17.049393005436286
1790423746.5734355,4.529036988969892
1790423746.575325,1.47432999801822
1790423746.578669,1.5772029873915017
1790423746.580146,1.4661279856227338
1790423746.5920863,26.664381002774462
1790423746.5924013,20.515739975962788
1790423746.5926523,12.494808004703373
1790423746.5954776,2.8140829817857593
1790423746.6029174,19.632702984381467
1790423746.6035442,4.196919995592907
1790423746.6041129,10.981300001731142
1790423746.604233,29.82027397956699
1790423746.6096554,23.08749401709065
1790423746.6138043,26.567695022094995
1790423746.6143186,18.83139999699779
1790423746.6146426,29.103632987244055
1790423746.6152985,2.6497580111026764
1790423746.6170137,23.080315993865952
1790423746.6173332,8.39708000421524
1790423746.617503,36.1591869732365
1790423746.627726,1.8629069963935763
1790423746.632245,24.983934999909252
1790423746.6323557,12.070336990291253
1790423746.632445,31.633507984224707
1790423746.6334054,2.7506269980221987
1790423746.6334884,33.23564401944168
1790423746.6335664,17.48805699753575
1790423746.6367512,1.3712850050069392
1790423746.6407158,1.563514000736177
1790423746.6480877,1.5647270192857832
1790423746.6508944,1.4045620046090335
1790423746.6561406,14.570887986337766
1790423746.6585526,30.0812529749237
1790423746.6587849,5.484674999024719
1790423746.6619043,1.4882130199111998
1790423746.6660957,20.39947299635969
1790423746.6664095,25.470535998465493
1790423746.6665063,10.35382502595894
1790423746.6670625,1.4384640089701861
1790423746.6696784,1.6320020076818764
1790423746.673802,1.3505269889719784
1790423746.6762228,1.4434419863391668
1790423746.6775107,20.058462978340685
1790423746.6778142,23.789655999280512
1790423746.6781065,7.773063989588991
1790423746.6818888,1.1691569816321135
1790423746.687702,1.9134649774059653
1790423746.6987917,1.716571016004309
1790423746.7045014,1.864913007011637
1790423746.7179303,24.808426009258255
1790423746.7182903,31.490393012063578
1790423746.7236655,29.262446012580767
1790423746.730139,22.27290900191292
1790423746.7310743,22.51224301289767
1790423746.7311604,8.406815002672374
1790423746.731266,37.530205998336896
1790423746.7361596,21.23653399758041
1790423746.738624,7.009392022155225
1790423746.7387815,33.02836901275441
1790423746.7389455,22.300415992503986
1790423746.7395244,7.115649990737438
1790423746.7396007,34.600781014887616
1790423746.7402601,18.520933022955433
1790423746.7445333,3.3419239916838706
1790423746.7454069,3.6847610026597977
1790423746.7455716,3.09774000197649
1790423746.7472692,1.3756679836660624
1790423746.7492206,10.264009004458785
1790423746.749996,40.98545201122761
1790423746.750071,6.520198978250846
1790423746.7570777,2.660267986357212
1790423746.7572827,2.3495710047427565
1790423746.758128,1.8184240034315735
1790423746.7699695,1.4157310070004314
1790423746.7733605,1.4876869972795248
1790423746.7857304,21.373124996898696
1790423746.7861695,10.131695977179334
1790423746.7863314,26.38711201143451
1790423746.7880142,1.6279389965347946
1790423746.788734,23.21290600229986
1790423746.7901006,26.807093992829323
1790423746.7909005,13.275283010443673
1790423746.7918103,2.6579099940136075
1790423746.7926805,2.2485819936264306
1790423746.7930374,22.955073014600202
1790423746.793455,9.739214001456276
1790423746.793757,2.846017014235258
1790423746.7966454,2.1088540088385344
1790423746.7967136,1.697772997431457
1790423746.8002367,1.5760509995743632
1790423746.8016074,1.3601589889731258
1790423746.8245182,15.355255018221214
1790423746.8246675,25.475365022430196
1790423746.8388836,2.194014989072457
1790423746.839964,1.9686440064106137
1790423746.8435667,2.09111999720335
1790423746.8436682,18.485163018340245
1790423746.8449907,30.244861001847312
1790423746.8451397,4.987221996998414
1790423746.8459706,1.6786150226835161
1790423746.8481252,15.778049011714756
1790423746.8487272,30.279856990091503
1790423746.848838,8.150932000717148
1790423746.849276,2.6652720116544515
1790423746.8520582,1.5086769999470562
1790423746.856521,4.4533890031743795
1790423746.856724,4.066773981321603
1790423746.857418,4.159067990258336
1790423746.8575237,3.825552004855126
1790423746.8588374,1.2261919910088181
1790423746.8615477,1.276700000744313
1790423746.8643038,1.5450330101884902
1790423746.874462,1.3984880060888827
1790423746.8763933,1.3623060076497495
1790423746.8782687,23.2595170091372
1790423746.8792624,2.581578999524936
1790423746.8796756,13.260542997159064
1790423746.8806498,3.3871640043798834
1790423746.8807538,25.024556001881137
1790423746.8815258,1.5147230005823076
1790423746.8902333,1.2629030097741634
1790423746.8920827,1.2098730076104403
1790423746.8939009,1.622136973310262
1790423746.897649,2.579358988441527
1790423746.8977375,2.2183399996720254
1790423746.8998168,2.003761997912079
1790423746.9005055,1.5486179909203202
1790423746.9094782,1.6796720155980438
1790423746.9120233,1.7526739975437522
1790423746.912079,2.266775001771748
1790423746.9173157,1.8398250103928149
1790423746.917603,1.6419139865320176
1790423746.9210684,1.7113450157921761
1790423746.9242282,20.837398013100028
1790423746.9247632,25.44528999715112
1790423746.9255517,13.197991997003555
1790423746.9256608,5.852867994690314
1790423746.9266622,1.9918879843316972
1790423746.9286761,2.005721995374188
1790423746.930353,2.104301005601883
1790423746.930918,2.079897007206455
1790423746.9503522,1.5661430079489946
1790423746.9544039,1.5966860228218138
1790423746.9575157,28.12812599586323
1790423746.957705,11.44814898725599
1790423746.9581547,1.5222190122585744
1790423746.959716,23.576631007017568
1790423746.9597952,11.691328982124105
1790423746.9655952,1.2619699991773814
1790423746.9729836,1.437294005881995
1790423746.9782608,1.385660987580195
1790423746.980608,1.4475130010396242
1790423746.9842892,1.489451009547338
1790423746.9920945,1.3331340160220861
1790423746.9934337,1.3298040139488876
1790423746.995377,1.9357390119694173
1790423747.0011356,2.0380720088724047
1790423747.003444,1.5774310159031302
1790423747.0061166,12.193140020826831
1790423747.0072234,20.382022979902104
1790423747.008408,28.39324198430404
1790423747.010085,6.273730017710477
1790423747.0106542,2.195267006754875
1790423747.014365,2.1950670052319765
1790423747.0179427,18.964518007123843
1790423747.0183182,1.6442829801235348
1790423747.0241911,4.8950490017887205
1790423747.0254176,4.093423980521038
1790423747.026266,3.220177022740245
1790423747.0263472,18.701338005485013
1790423747.0293133,16.59486800781451
1790423747.0294242,24.184015986975282
1790423747.0297518,35.29071100638248
1790423747.0308878,6.18922000285238
1790423747.0310695,11.107523023383692
1790423747.0331943,5.431800993392244
1790423747.0344203,4.238905996317044
1790423747.0345113,2.3560079862363636
1790423747.04016,26.586553984088823
1790423747.0407557,34.099395998055115
1790423747.0413072,14.421875006519258
1790423747.0413697,20.65145899541676
1790423747.0449247,1.9670519977807999
1790423747.047484,1.6877329908311367
1790423747.0536656,1.5742639952804893
1790423747.0618222,17.714926972985268
1790423747.0619402,16.63720401120372
1790423747.0634644,31.49532398674637
1790423747.0645173,5.2180000056978315
1790423747.0734832,20.71325300494209
1790423747.0742142,2.458052011206746
1790423747.0780935,46.7368729878217
1790423747.080232,18.001194985117763
1790423747.0806513,29.563917982159182
1790423747.0807219,8.316023013321683
1790423747.0836337,1.6089320124592632
1790423747.0852308,21.712710993597284
1790423747.0853717,8.212520013330504
1790423747.0854664,31.429106020368636
1790423747.0887403,20.932184997946024
1790423747.0893078,31.25317901140079
1790423747.0894005,7.923750003101304
1790423747.09182,1.3468890101648867
1790423747.0975444,1.7565370071679354
1790423747.0978353,1.5531140088569373
1790423747.1080973,1.8986929790116847
1790423747.1087987,1.6084850067272782
1790423747.1118093,22.266057989327237
1790423747.1118724,8.344364003278315
1790423747.1170866,1.324447017395869
1790423747.1194823,1.4243480109144002
1790423747.1200182,1.3141620147507638
1790423747.1298218,1.4985149900894612
1790423747.1321785,1.5555669961031526
1790423747.1339982,1.8080309964716434
1790423747.138743,1.5647030086256564
1790423747.1412292,1.6355300031136721
1790423747.1461816,2.486594021320343
1790423747.1514611,26.964979013428092
1790423747.1523464,18.332738982280716
1790423747.152422,8.088375994702801
1790423747.1546755,2.8002939943689853
1790423747.1547582,3.518935991451144
1790423747.1578968,1.663992996327579
1790423747.1754656,1.791857008356601
1790423747.1794708,28.887952998047695
1790423747.180242,13.762626011157408
1790423747.1803575,3.075640997849405
1790423747.1804466,28.97373100859113
1790423747.1862397,1.622820011107251
1790423747.191238,19.745185010833666
1790423747.1919827,27.70119099295698
1790423747.1920388,5.130420991918072
1790423747.1957977,2.6683760224841535
1790423747.1959434,2.208409976447001
1790423747.1960027,1.8897750123869628
1790423747.2025766,1.7172410152852535
1790423747.2042391,1.2577669986058027
1790423747.2138984,3.0210370023269206
1790423747.2140362,2.5187290157191455
1790423747.2174554,1.5782159753143787
1790423747.2198477,2.1647530084010214
1790423747.2264867,23.900039988802746
1790423747.2281058,15.489051991607994
1790423747.228796,27.379854989703745
1790423747.22892,10.374609002610669
1790423747.237736,23.30235199769959
1790423747.2399201,12.521935015683994
1790423747.2401133,35.708814015379176
1790423747.255843,26.617941010044888
1790423747.2588348,18.314556014956906
1790423747.2610517,19.2825659760274
1790423747.2620444,22.73721102392301
1790423747.268425,33.42404597788118
1790423747.2721822,49.28508499870077
1790423747.2770903,27.154868002980947
1790423747.2801127,39.04501799843274
1790423747.2805474,27.78616698924452
1790423747.2809563,14.881420007441193
1790423747.2866037,9.077331982553005
1790423747.291154,52.66180500620976
1790423747.291951,33.96943199913949
1790423747.2955718,43.47275901818648
1790423747.297714,30.101003998424858
1790423747.2978284,43.97690700716339
1790423747.303037,37.577659997623414
1790423747.303628,71.78290898445994
1790423747.306514,38.07527499157004
1790423747.307324,31.00129999802448
1790423747.3092504,47.806379006942734
1790423747.3097866,19.110784021904692
1790423747.3106053,32.28633000981063
1790423747.3106897,9.329800988780335
1790423747.312377,27.448189008282498
1790423747.3139875,1071.0507399926428
1790423747.3225536,74.04169300571084
1790423747.3245134,40.43149598874152
1790423747.3249319,43.64106600405648
1790423747.3254123,17.8101789788343
1790423747.325925,7.960328017361462
1790423747.3320558,4.069182992679998
1790423747.3353622,2.6561010163277388
1790423747.3355982,20.105919014895335
1790423747.3371837,78.082070016535
1790423747.3375187,28.847178007708862
1790423747.3385775,13.153056002920493
1790423747.3394759,53.55574699933641
1790423747.3396645,5.8131930127274245
1790423747.339749,11.013373004971072
1790423747.341607,25.318277010228485
1790423747.3454418,19.50230699731037
1790423747.3457344,15.841565997106954
1790423747.3464136,44.088005990488455
1790423747.3465059,11.935710004763678
1790423747.3475194,20.243060018401593
1790423747.3482718,16.670360986609012
1790423747.3489447,8.594940998591483
1790423747.3490276,35.968053998658434
1790423747.3554146,3.2732689869590104
1790423747.3560896,9.156281012110412
1790423747.3562117,3.2866999972611666
1790423747.3562734,2.5858420121949166
1790423747.362464,2.6235299883410335
1790423747.3629508,2.4536790151614696
1790423747.3635085,1.990108983591199
1790423747.3664,1.3443760108202696
1790423747.3681915,1.5385469887405634
1790423747.3748465,32.1010609914083
1790423747.375004,10.964086977764964
1790423747.3751402,16.068137978436425
1790423747.3758578,2.563001005910337
1790423747.3819468,1.4919890090823174
1790423747.3866916,1.6169759910553694
1790423747.393432,2.676133008208126
1790423747.393531,3.4222190151922405
1790423747.396574,1.6599689843133092
1790423747.4005315,1.5440139977727085
1790423747.403416,2.5729959888849407
1790423747.4057698,2.1650140115525573
1790423747.407781,2.0006360136903822
1790423747.4087107,2.3204709868878126
1790423747.4142823,30.000911006936803
1790423747.4150724,31.409082002937794
1790423747.4160616,14.208194013917819
1790423747.416138,7.914604997495189
1790423747.4164026,25.003535993164405
1790423747.4165652,3.4404460166115314
1790423747.417497,2.078674006043002
1790423747.4196923,1.3746049953624606
1790423747.428374,1.5850259806029499
1790423747.429816,1.2460610014386475
1790423747.4303322,20.24157700361684
1790423747.430786,5.058003996964544
1790423747.4308836,26.104923977982253
1790423747.4331799,1.5465799951925874
1790423747.43357,1.4876000059302896
1790423747.4490488,1.9665560103021562
1790423747.4524183,12.738684978103265
1790423747.4526489,25.30335300252773
1790423747.4529629,2.156047004973516
1790423747.4605505,26.110904989764094
1790423747.4607706,19.379411009140313
1790423747.4612732,1.8689119897317141
1790423747.4673457,2.888910996261984
1790423747.4680119,25.736427982337773
1790423747.4683259,4.334386991104111
1790423747.4684289,27.672043011989444
1790423747.469187,3.767946007428691
1790423747.469253,2.659802994458005
1790423747.4762702,1.2590890110004693
1790423747.4816694,1.7716280126478523
1790423747.48177,2.554354985477403
1790423747.483831,1.5086029889062047
1790423747.4840922,1.297476002946496
1790423747.4858265,1.1535460071172565
1790423747.4906502,1.4608489873353392
1790423747.4909163,1.3156610075384378
1790423747.495649,2.0288949890527874
1790423747.4975893,1.9288980111014098
1790423747.4980788,1.8901640141848475
1790423747.5018687,1.3889560068491846
1790423747.5053039,1.3676790113095194
1790423747.5223486,1.7637540004216135
1790423747.528096,27.077420003479347
1790423747.528231,4.98710700776428
1790423747.528305,18.277401017257944
1790423747.538403,12.41803402081132
1790423747.53966,26.233955984935164
1790423747.5431557,31.377668026834726
1790423747.543581,12.47540899203159
1790423747.543742,24.40672999364324
1790423747.5545382,15.604601008817554
1790423747.5561864,26.271765993442386
1790423747.55726,34.748556005069986
1790423747.557347,15.667092986404896
1790423747.5596516,34.859367995522916
1790423747.56443,11.462129012215883
1790423747.5645483,33.88219198677689
1790423747.5653925,1.7013770120684057
1790423747.569032,1.5896499971859157
1790423747.569935,34.77068099891767
1790423747.5716317,13.909928995417431
1790423747.5718665,56.64608901133761
1790423747.5719323,37.621124007273465
1790423747.5960166,33.96245199837722
1790423747.596299,19.902264000847936
1790423747.607729,22.8401189961005
1790423747.6080573,35.032211017096415
1790423747.6081421,10.196037997957319
1790423747.6105971,31.579820002662018
1790423747.6162019,69.2143380001653
1790423747.6167643,39.15327400318347
1790423747.6174803,43.8065379858017
1790423747.6193511,33.04757602745667
1790423747.6195714,28.983044991036877
1790423747.6196482,20.208497997373343
1790423747.6197238,38.992662011878565
1790423747.6202571,2.1499609865713865
1790423747.6242654,51.77494100644253
1790423747.6263483,38.684455008478835
1790423747.633723,21.37865699478425
1790423747.6340573,33.92226400319487
1790423747.6342263,63.987823989009485
1790423747.6345587,29.934143007267267
1790423747.6346726,42.833575018448755
1790423747.6413412,12.532572989584878
1790423747.6518915,5.547091976040974
1790423747.651979,28.952457010746002
1790423747.6572254,1.8185889930464327
1790423747.6590316,30.10024898685515
1790423747.6598172,3.642155003035441
1790423747.6599083,10.453798982780427
1790423747.6656525,27.37839097972028
1790423747.6660647,14.743327017640695
1790423747.6666296,30.51531099481508
1790423747.6667178,3.603302000556141
1790423747.6676662,27.06360598676838
1790423747.6678302,28.902152000227943
1790423747.6678922,13.221597007941455
1790423747.6720688,2.00807600049302
1790423747.6722143,2.656589000253007
1790423747.6726663,1.7184840107802302
1790423747.675146,1.432633027434349
1790423747.6789317,1.353225001366809
1790423747.6810467,1.3323079911060631
1790423747.6853516,1.2001489812973887
1790423747.687865,1.1931160115636885
1790423747.699174,4.633524018572643
1790423747.6993213,4.293524019885808
1790423747.7014596,3.6697500036098063
1790423747.7024474,1.4634099788963795
1790423747.704337,1.8809389730449766
1790423747.7045984,1.558136020321399
1790423747.708936,2.115747018251568
1790423747.7093725,3.034635999938473
1790423747.7098136,1.7254059785045683
1790423747.7098637,2.2310459753498435
1790423747.7123134,1.1614209797699004
1790423747.7172906,1.1909120075870305
1790423747.7189233,1.2825850280933082
1790423747.7210953,1.2388979957904667
1790423747.7245822,1.2192960130050778
1790423747.7297604,1.158917002612725
1790423747.7310512,1.0861890041269362
1790423747.7339618,1.4873069885652512
1790423747.7351584,1.1874149786308408
1790423747.7408967,1.3470999838318676
1790423747.7415411,1.4725530054420233
1790423747.744116,1.2438739940989763
1790423747.748437,1.5428589831572026
1790423747.7490127,1.5036980039440095
1790423747.753952,1.2925460177939385
1790423747.7623985,1.5354180068243295
1790423747.765809,1.5924109902698547
1790423747.770506,2.711784007260576
1790423747.7782788,2.543162991059944
1790423747.7793827,2.801170019665733
1790423747.781922,21.548452001297846
1790423747.7848577,1.4040099922567606
1790423747.7881575,19.06576700275764
1790423747.7882247,2.570965007180348
1790423747.788355,8.15409398637712
1790423747.788448,28.772796009434387
1790423747.79266,2.195579989347607
1790423747.7988453,28.008888009935617
1790423747.8010879,1.4991189818829298
1790423747.8017633,33.35716199944727
1790423747.80219,19.99209201312624
1790423747.8022664,10.813664004672319
1790423747.8040712,1.6344730101991445
1790423747.805954,1.287468010559678
1790423747.8144674,2.317851991392672
1790423747.8149512,1.382735004881397
1790423747.8154202,2.3543240095023066
1790423747.81758,11.483606998808682
1790423747.8176963,24.94789400952868
1790423747.8177578,23.527262004790828
1790423747.822251,1.229507994139567
1790423747.825921,1.5534360136371106
1790423747.8268251,1.4678669977001846
1790423747.8284533,1.5458890120498836
1790423747.8291843,1.2845059973187745
1790423747.8327227,1.2994989810977131
1790423747.8331556,1.2555739958770573
1790423747.8347712,1.085923024220392
1790423747.838249,1.5687439881730825
1790423747.8387349,1.5607870009262115
1790423747.8410058,1.1509440082591027
1790423747.8451357,2.2468579991254956
1790423747.8452535,1.9425149948801845
1790423747.8460557,2.0101859990973026
1790423747.8485494,1.2843339936807752
1790423747.852678,1.5661540091969073
1790423747.8580651,1.9925789965782315
1790423747.8697317,1.766405999660492
1790423747.8698304,2.6576340023893863
1790423747.873933,21.856466017197818
1790423747.8742118,7.535229990025982
1790423747.8749888,17.712197004584596
1790423747.8754745,3.549797984305769
1790423747.8755403,24.891768000088632
1790423747.8764699,1.4708630042150617
1790423747.8812985,1.289781997911632
1790423747.8939638,1.3656240189448
1790423747.901596,1.5467159973923117
1790423747.9022605,1.3487300020642579
1790423747.9050586,1.27079599769786
1790423747.9098225,2.2744550078641623
1790423747.9101799,2.1332460164558142
1790423747.9199016,17.46683500823565
1790423747.9206934,11.961097014136612
1790423747.920779,25.380530976690352
1790423747.921884,1.8103219917975366
1790423747.9247744,1.4132109936326742
1790423747.9268086,1.3833869888912886
1790423747.9364548,1.5396159724332392
1790423747.941226,23.716955998679623
1790423747.9413536,11.813524994067848
1790423747.9414558,30.12718999525532
1790423747.9451206,1.5956879942677915
1790423747.9622526,2.6722420006990433
1790423747.9623551,10.775659000501037
1790423747.9625654,29.884496005252004
1790423747.9633503,3.0302359955385327
1790423747.9638088,35.064276977209374
1790423747.965766,32.58378501050174
1790423747.965871,13.53226398350671
1790423747.966114,34.245300019392744
1790423747.9664273,2.5494090223219246
1790423747.9705207,1.5443009906448424
1790423747.97473,2.995586022734642
1790423747.9753592,2.6787639944814146
1790423747.9784071,22.184771980391815
1790423747.981405,36.14519702387042
1790423747.9825997,15.67595498636365
1790423747.982831,3.6944180028513074
1790423747.988253,2.4178529856726527
1790423747.9904113,3.2795250008348376
1790423747.9904847,2.2094660089351237
1790423747.9927082,1.33714999537915
1790423747.9952583,2.0065209828317165
1790423747.9971583,1.8905620090663433
1790423747.9983988,24.625924008432776
1790423747.9986136,17.111702996771783
1790423747.998937,9.755417006090283
1790423747.9998457,4.076312994584441
1790423748.006269,2.6956239889841527
1790423748.0063508,2.1938520076218992
1790423748.0064254,3.382569004315883
1790423748.0096571,1.2730710150208324
1790423748.0165434,1.3625499850604683
1790423748.0202458,20.919386006426066
1790423748.021117,27.380140003515407
1790423748.0213146,14.763441984541714
1790423748.0221977,4.317173996241763
1790423748.022437,3.8358980091288686
1790423748.0228808,3.6791769962292165
1790423748.024094,1.646832999540493
1790423748.0242336,2.6183320151176304
1790423748.0248013,1.6592419997323304
1790423748.0275931,1.5689890133216977
1790423748.0281312,1.2631590070668608
1790423748.0306149,1.8117070139851421
1790423748.0308697,1.6476910095661879
1790423748.0313787,1.1576169927138835
1790423748.0363765,1.4000259980093688
1790423748.043417,1.6116299957502633
1790423748.0444126,1.7071559850592166
1790423748.0556543,1.400781999109313
1790423748.0571942,1.4064979914110154
1790423748.0622356,1.5975749993231148
1790423748.0627904,14.707942988025025
1790423748.0643466,24.90939700510353
1790423748.0644248,2.856707986211404
1790423748.065812,7.950771017931402
1790423748.0660133,13.502356014214456
1790423748.0663638,7.460285996785387
1790423748.0664573,26.55027000582777
1790423748.0669818,2.547223004512489
1790423748.0670617,1.9740790012292564
1790423748.0704627,1.3536520127672702
1790423748.0750206,1.6583690012339503
1790423748.07592,1.7036469944287091
1790423748.0832746,1.414352998835966
1790423748.0887089,1.7520870023872703
1790423748.0909474,22.46783100417815
1790423748.091332,10.434808995341882
1790423748.0913982,23.73370502027683
1790423748.094269,1.5963090118020773
1790423748.0994952,1.5116640133783221
1790423748.1034951,1.376163010718301
1790423748.1050227,1.2805619917344302
1790423748.1093967,2.1142490149941295
1790423748.1100876,23.74875100213103
1790423748.110162,10.657573002390563
1790423748.110635,2.009818999795243
1790423748.1121697,1.515349984401837
1790423748.1187258,1.5361490077339113
1790423748.120778,1.3077140029054135
1790423748.1249654,1.3020409969612956
1790423748.1263995,1.4255529968068004
1790423748.127907,1.3398229784797877
1790423748.1282723,1.1764400114770979
1790423748.1310997,1.3025839871261269
1790423748.1419883,1.6054649895522743
1790423748.1487336,1.4207640197128057
1790423748.1574225,1.8969079828821123
1790423748.1591835,26.249632996041328
1790423748.1605523,16.9949569972232
1790423748.1607084,9.25937300780788
1790423748.1608095,30.599838006310165
1790423748.162366,1.4257020084187388
1790423748.1638577,24.14215201861225
1790423748.1653564,28.914980008266866
1790423748.1657236,19.6617940091528
1790423748.1657882,11.854462005430833
1790423748.1703796,35.177506011677906
1790423748.1719165,38.30857199500315
1790423748.1720436,27.279795001959428
1790423748.172106,4.951040988089517
1790423748.1722176,3.27804998960346
1790423748.1723008,19.711976987309754
1790423748.1728203,4.378343990538269
1790423748.175082,1.403470989316702
1790423748.176354,2.1641510247718543
1790423748.177492,2.3295989958569407
1790423748.177794,1.907656987896189
1790423748.1783428,1.3827609946019948
1790423748.1862266,1.4204570034053177
1790423748.1886358,2.3059379891492426
1790423748.188809,1.9901460036635399
1790423748.2020738,2.6213570090476424
1790423748.2036216,3.688191995024681
1790423748.2071447,2.7731599984690547
1790423748.2134004,12.833554006647319
1790423748.2135637,25.985860003856942
1790423748.2141886,9.274934011045843
1790423748.2156844,1.4856600027997047
1790423748.2176058,1.7894859774969518
1790423748.2187042,22.278124990407377
1790423748.2192004,17.114641988882795
1790423748.2193491,28.13794100075029
1790423748.2201498,3.8293249963317066
1790423748.220247,14.437517995247617
1790423748.2252302,1.3763210154138505
1790423748.228089,1.5945310005918145
1790423748.2318296,27.945859997998923
1790423748.2322037,2.5810800143517554
1790423748.232339,22.231461014598608
1790423748.232408,9.149221994448453
1790423748.2324743,29.494554008124396
1790423748.2341762,1.0996090131811798
1790423748.235936,1.50680000660941
1790423748.2362154,1.3313539966475219
1790423748.237716,1.485835004132241
1790423748.2380223,1.3623160193674266
1790423748.239194,1.1633110116235912
1790423748.253296,1.7403120000381023
1790423748.253973,1.3510950084310025
1790423748.2611253,1.4322329952847213
1790423748.2649455,1.1609400098677725
1790423748.2689838,1.5065459883771837
1790423748.269462,1.3502689835149795
1790423748.2765884,2.219768997747451
1790423748.277462,2.218957000877708
1790423748.2775307,1.791900023818016
1790423748.28202,19.205021002562717
1790423748.2828548,22.409470984712243
1790423748.283232,10.845297016203403
1790423748.2840297,1.6167150170076638
1790423748.2855036,1.3676579983439296
1790423748.286834,1.3214920181781054
1790423748.2894034,1.4349889825098217
1790423748.2921653,1.7537280218675733
1790423748.2929952,1.2695470068138093
1790423748.2943785,1.374890998704359
1790423748.3043988,1.3843670021742582
1790423748.3069687,1.8322789983358234
1790423748.3098948,3.3498689881525934
1790423748.3112624,1.9191439787391573
1790423748.3113801,2.4887949984986335
1790423748.312893,1.4020510134287179
1790423748.3239937,1.546916988445446
1790423748.3312917,1.3738909910898656
1790423748.3348842,21.875282982364297
1790423748.3355598,27.201279997825623
1790423748.3364327,1.5382610145024955
1790423748.344576,1.3399849995039403
1790423748.355268,4.561829991871491
1790423748.355328,21.316049998858944
1790423748.359959,1.303905009990558
1790423748.3645964,1.5919260040391237
1790423748.3724184,1.5645420062355697
1790423748.3730617,1.4648869982920587
1790423748.3829634,1.8218779878225178
1790423748.3883154,2.4603920173831284
1790423748.398064,18.569523002952337
1790423748.398897,23.938917001942173
1790423748.399041,9.64721100172028
1790423748.3994062,31.13416998530738
1790423748.399501,9.572656999807805
1790423748.3995757,29.0800690127071
1790423748.4015005,1.5316299977712333
1790423748.4049962,1.4358240005094558
1790423748.4163778,25.386786001035944
1790423748.4208622,26.15404999232851
1790423748.4215593,32.765478012152016
1790423748.421657,11.521446984261274
1790423748.428004,4.947361012455076
1790423748.4358861,20.49630699912086
1790423748.4373922,50.04878400359303
1790423748.4381921,27.514039014931768
1790423748.438493,32.86721499171108
1790423748.4386225,32.41208297549747
1790423748.4392242,5.623507022392005
1790423748.439883,15.485141018871218
1790423748.4432824,17.196353990584612
1790423748.4433897,29.661103995749727
1790423748.4434607,2.9380780179053545
1790423748.4476554,25.45139499125071
1790423748.4483013,33.74389500822872
1790423748.4486666,21.946877008304
1790423748.4489982,7.507523987442255
1790423748.4590702,31.053275015437976
1790423748.459828,34.333415009314194
1790423748.46043,10.293554980307817
1790423748.4614081,1.4774790033698082
1790423748.464289,1.4983339933678508
1790423748.4712758,32.769782992545515
1790423748.4734664,19.926943990867585
1790423748.4744742,7.708145014476031
1790423748.4758139,31.99103701626882
1790423748.4762251,18.588142993394285
1790423748.476292,7.1835669805295765
1790423748.4763687,2.8819069848395884
1790423748.4916081,20.07311600027606
1790423748.4918025,12.902740010758862
1790423748.4960308,23.1211920036003
1790423748.496943,26.972988998750225
1790423748.4980946,19.902986998204142
1790423748.5039887,19.554744998458773
1790423748.506545,21.470685984240845
1790423748.5067139,12.56980499601923
1790423748.5069091,38.68398701888509
1790423748.5070965,23.453544999938458
1790423748.508626,29.062968998914585
1790423748.5096953,45.35679900436662
1790423748.5101316,23.32598200882785
1790423748.5111504,39.102387992898
1790423748.5124936,24.94283500709571
1790423748.5131013,9.097717993427068
1790423748.513181,35.723770008189604
1790423748.5133479,8.62021598732099
1790423748.515041,4.898881015833467
1790423748.515499,3.6775920016225427
1790423748.5155618,3.27870697947219
1790423748.5177245,1.4509869797620922
1790423748.520249,1.8306289857719094
1790423748.5203135,2.3367449757643044
1790423748.525638,18.421052023768425
1790423748.5260398,33.6733199947048
1790423748.526237,36.8528839899227
1790423748.526534,12.323644012212753
1790423748.5265944,2.2426470241043717
1790423748.5283759,1.5136090223677456
1790423748.5300348,1.3100809883326292
1790423748.532107,1.3597859942819923
1790423748.5340781,1.9618039950728416
1790423748.5346365,1.3227630115579814
1790423748.5349286,2.2336099937092513
1790423748.5363667,1.1900189856532961
1790423748.5443602,1.2727039866149426
1790423748.5539389,2.13057899964042
1790423748.555296,2.5006979994941503
1790423748.555376,3.059155016671866
1790423748.5595467,2.158112998586148
1790423748.5601926,1.4239079901017249
1790423748.5656424,18.39521201327443
1790423748.5657444,11.260964995017275
1790423748.5659003,24.493472010362893
1790423748.566322,2.2458239982370287
1790423748.5789251,1.669679011683911
1790423748.5792434,22.388529003364965
1790423748.57963,24.01515599922277
1790423748.5799363,11.424814991187304
1790423748.584009,1.458479993743822
1790423748.588682,15.200061985524371
1790423748.5891938,2.7254989836364985
1790423748.5954778,25.459652999415994
1790423748.5956135,6.918883009348065
1790423748.5962048,1.64765800582245
1790423748.6012974,1.387677009915933
1790423748.6036432,2.158980001695454
1790423748.613459,24.05570898554288
1790423748.6135452,26.436507992912084
1790423748.6136096,11.651437991531566
1790423748.6203842,1.5761399990879
1790423748.626113,1.6653460043016821
1790423748.6285033,2.3771080013830215
1790423748.6287215,18.268451996846125
1790423748.62916,2.484819997334853
1790423748.629241,23.572620993945748
1790423748.631174,1.471857976866886
1790423748.6375716,3.3169849775731564
1790423748.6401346,3.9680740155745298
1790423748.640237,3.5755939898081124
1790423748.6449149,1.5701809898018837
1790423748.6488724,2.3075560166034847
1790423748.6561244,3.3399790117982775
1790423748.6585026,4.896739992545918
1790423748.6604152,29.01735799969174
1790423748.660482,12.574688997119665
1790423748.6608562,3.0556290003005415
1790423748.6610312,4.558534012176096
1790423748.661358,7.258339988766238
1790423748.6614363,23.347441019723192
1790423748.6615913,22.55653601605445
1790423748.6620717,26.841781014809385
1790423748.6626973,12.72868100204505
1790423748.6627996,7.319787982851267
1790423748.6661632,1.5685049875173718
1790423748.6664214,1.3092239969410002
1790423748.668765,1.251028006663546
1790423748.6749117,1.4050299942027777
1790423748.6755464,1.4880079834256321
1790423748.676682,1.760960993124172
1790423748.6796415,3.4618689969647676
1790423748.6800508,3.360542992595583
1790423748.6805701,3.2169890182558447
1790423748.6808248,2.108370012138039
1790423748.6808763,2.9707460198551416
1790423748.683738,1.5032910159789026
1790423748.6842601,1.1671689862851053
1790423748.6883395,1.514119008788839
1790423748.6925113,1.3092579902149737
1790423748.6933484,1.6798159922473133
1790423748.6995828,1.3070569839328527
1790423748.7050772,1.2821000127587467
1790423748.7066774,25.663690001238137
1790423748.7068794,17.663636012002826
1790423748.7069423,4.160044016316533
1790423748.707735,2.1330869931261986
1790423748.7177944,1.5900319849606603
1790423748.721044,1.4058340166229755
1790423748.724083,1.368053985061124
1790423748.7259505,1.1643900070339441
1790423748.731542,1.4006319979671389
1790423748.7376013,1.5302439860533923
1790423748.7392704,1.3474479783326387
1790423748.7496462,1.5074779803398997
1790423748.7497184,2.0162170112598687
1790423748.7565362,1.418942993041128
1790423748.7632039,1.260263001313433
1790423748.7692058,1.4810180000495166
1790423748.7727969,14.958663989091292
1790423748.7731879,21.26032399246469
1790423748.773873,2.0917390065733343
1790423748.7786295,1.6783610044512898
1790423748.7804499,1.5115269925445318
1790423748.7807808,1.3881449995096773
1790423748.7936587,1.5364419959951192
1790423748.8016365,27.25406299578026
1790423748.8017442,24.23914600512944
1790423748.8068583,1.4947550080250949
1790423748.812652,22.200881998287514
1790423748.8127325,6.741746008628979
1790423748.8130112,1.5028009947855026
1790423748.8184133,2.8995700122322887
1790423748.8190196,2.3138569958973676
1790423748.8190925,2.8832450043410063
1790423748.8194053,1.7764260119292885
1790423748.8275015,1.4075149956624955
1790423748.8323407,1.715477992547676
1790423748.8474848,1.6483220097143203
1790423748.852024,20.06041500135325
1790423748.8559852,1.4697909937240183
1790423748.8608952,1.4272319967858493
1790423748.8620527,1.818946999264881
1790423748.8626676,1.2890069920103997
1790423748.8730006,2.6453990139998496
1790423748.8755956,1.8625019874889404
1790423748.87865,12.247809994732961
1790423748.882556,25.761967001017183
1790423748.8862586,21.648662979714572
1790423748.8872042,15.644242987036705
1790423748.8876543,33.625137002673
1790423748.8877509,11.376958980690688
1790423748.8885503,18.78916402347386
1790423748.890771,17.6385139930062
1790423748.894985,22.441837994847447
1790423748.8995664,33.70233500027098
1790423748.9000335,23.108929017325863
1790423748.902133,17.822506983065978
1790423748.902378,35.39515199372545
1790423748.9047463,2.222216979134828
1790423748.9062684,4.691868991358206
1790423748.9063458,18.58336600707844
1790423748.90891,31.80643101222813
1790423748.9089882,5.52583098760806
1790423748.9134488,29.82004897785373
1790423748.9138258,8.733275986742228
1790423748.9139078,15.584242006298155
1790423748.9281046,17.146006983239204
1790423748.9297488,1.3448679819703102
1790423748.9303038,24.45111799170263
1790423748.9317372,1.3174570049159229
1790423748.9340606,1.3540439831558615
1790423748.9354935,1.1990680068265647
1790423748.9422293,1.8900280119851232
1790423748.943209,1.7395699978806078
1790423748.9452913,1.5669400163460523
1790423748.9459133,1.2504879850894213
1790423748.9501657,1.4288100064732134
1790423748.9507625,1.5094219997990876
1790423748.9535308,1.4547059836331755
1790423748.9594831,1.818415999878198
1790423748.9605882,2.353459014557302
1790423748.960643,1.951735990587622
1790423748.9686177,1.4610470097977668
1790423748.9700527,1.4244439953472465
1790423748.9799252,1.5456319961231202
1790423748.987649,26.02421899791807
1790423748.9892929,18.452999996952713
1790423748.9914997,6.307884003035724
1790423748.991964,6.252823979593813
1790423748.9949675,28.898522985400632
1790423748.995132,8.694168005604297
1790423748.9952183,19.432731001870707
1790423749.0022657,1.8041630100924522
1790423749.0035803,2.5570879806764424
1790423749.005818,17.99026597291231
1790423749.0068777,1.7050039896275848
1790423749.008518,17.649115005042404
1790423749.0100024,1.9598999933805317
1790423749.0117064,29.022193019045517
1790423749.0120096,9.087979997275397
1790423749.012117,3.0023629951756448
1790423749.0149946,1.9406169885769486
1790423749.0160384,1.4648450014647096
1790423749.0169406,1.5368259919341654
1790423749.0191507,29.99985800124705
1790423749.01936,15.112235996639356
1790423749.0194788,6.9805270177312195
1790423749.0200179,1.8077699933201075
1790423749.021818,1.202529005240649
1790423749.025905,1.6538340132683516
1790423749.026869,1.6424370114691556
1790423749.0276601,1.4443830004893243
1790423749.0286045,1.5867790207266808
1790423749.0293765,1.3904890220146626
1790423749.0339053,1.252852991456166
1790423749.0436049,1.6610829916317016
1790423749.0539026,25.161463010590523
1790423749.0539997,7.453609025105834
1790423749.06691,27.491390996146947
1790423749.0670245,12.012278020847589
1790423749.0686898,15.502072987146676
1790423749.0690086,6.910449010320008
1790423749.0690794,30.744149000383914
1790423749.0731416,1.5991799882613122
1790423749.076466,18.09746600338258
1790423749.0773685,3.1308280013035983
1790423749.0774484,29.601843998534605
1790423749.0800488,19.354518997715786
1790423749.0814083,29.524651006795466
1790423749.0814922,6.329171999823302
1790423749.0822284,2.170688007026911
1790423749.0892832,1.4008019934408367
1790423749.0975604,18.819830002030358
1790423749.098505,1.685327006271109
1790423749.104251,2.5579500070307404
1790423749.1043258,23.85906598647125
1790423749.107353,1.7038309888448566
1790423749.1077535,1.6061819915194064
1790423749.1127129,1.308943988988176
1790423749.1142797,1.3096310140099376
1790423749.1150784,1.3836449943482876
1790423749.117791,1.1427449935581535
1790423749.1197493,1.1349009873811156
1790423749.125558,1.2450389913283288
1790423749.1273046,1.2881540169473737
1790423749.1278892,1.4009599981363863
1790423749.129691,1.4536050148308277
1790423749.1299324,1.252828020369634
1790423749.131396,1.1358489864505827
1790423749.1361523,1.5866119938436896
1790423749.1383696,3.140078013530001
1790423749.138841,2.2906549856998026
1790423749.1606393,9.970346000045538
1790423749.1607165,23.337383987382054
1790423749.1648862,27.157798991538584
1790423749.1649585,2.962572005344555
1790423749.174349,11.688742000842467
1790423749.1744597,25.008814001921564
1790423749.1849422,1.3774230028502643
1790423749.185938,8.216604997869581
1790423749.1860158,25.16207701410167
1790423749.1886685,2.5517839821986854
1790423749.1887636,2.162773016607389
1790423749.1895273,1.9106869876850396
1790423749.1935723,1.5322340186685324
1790423749.1936345,2.1374950010795146
1790423749.19529,1.5570020186714828
1790423749.1963491,1.8025239987764508
1790423749.1966112,1.312910986598581
1790423749.199937,1.2942269968334585
1790423749.201097,1.152167998952791
1790423749.2041285,1.3631049951072782
1790423749.207898,1.798176992451772
1790423749.2094364,1.950472011230886
1790423749.2107022,1.797386008547619
1790423749.2115672,3.3250859996769577
1790423749.212851,1.8111959798261523
1790423749.2129676,2.647311019245535
1790423749.2138035,1.8343720003031194
1790423749.2147987,1.6946830146480352
1790423749.218665,1.485452987253666
1790423749.2241197,3.104789007920772
1790423749.2269988,5.447639006888494
1790423749.22816,2.414993999991566
1790423749.228228,1.9768599886447191
1790423749.2365482,12.413820018991828
1790423749.2420022,26.797786995302886
1790423749.2428734,20.67683101631701
1790423749.2432456,11.09080101014115
1790423749.243313,29.183924983954057
1790423749.2468107,1.7365219828207046
1790423749.2500806,1.5742559917271137
1790423749.2528322,19.80219900724478
1790423749.2529178,29.317047010408714
1790423749.2556334,1.6293790249619633
1790423749.2653313,5.369544000132009
1790423749.2654123,30.011619994184002
1790423749.265495,24.22495000064373
1790423749.266538,1.9424700003582984
1790423749.2679565,1.4107939787209034
1790423749.2709982,1.5656929754186422
1790423749.2788773,16.418341983808205
1790423749.2797818,26.20683200075291
1790423749.27992,10.011103993747383
1790423749.2807994,1.4957929961383343
1790423749.284728,2.0970189943909645
1790423749.2860982,1.8218629993498325
1790423749.2902832,1.5262390079442412
1790423749.2989094,13.802480010781437
1790423749.2990007,3.336137975566089
1790423749.2990994,23.533950006822124
1790423749.2992418,26.744603004772216
1790423749.299704,2.8895839932374656
1790423749.3016367,1.3407990045379847
1790423749.3075716,3.2461249793414026
1790423749.3076959,2.8194070036988705
1790423749.3119698,25.860249996185303
1790423749.3123093,12.595712003530934
1790423749.3129575,31.952290009940043
1790423749.3130348,6.348473019897938
1790423749.315064,1.7768930119927973
1790423749.3180943,1.6932389989960939
1790423749.3214326,1.8592459964565933
1790423749.323452,1.9069880072493106
1790423749.324674,2.0880039955955
1790423749.3251832,1.430459989933297
1790423749.3302352,1.5861380088608712
1790423749.3360422,2.049859001999721
1790423749.338813,1.6525699757039547
1790423749.3445265,1.7532299971207976
1790423749.3477635,1.83576499694027
1790423749.3517091,1.423770998371765
1790423749.355738,1.4114140067249537
1790423749.3583539,23.63160200184211
1790423749.364799,2.7898809930775315
1790423749.366236,32.86211402155459
1790423749.3665197,19.725763995666057
1790423749.3672514,3.9150009979493916
1790423749.3685138,2.680147998034954
1790423749.368587,1.9408470252528787
1790423749.3717148,1.2774220085702837
1790423749.374783,1.806978980312124
1790423749.3754137,1.4091870107222348
1790423749.3792796,1.3166250137146562
1790423749.3834147,10.916967992670834
1790423749.3835292,25.853021012153476
1790423749.3837273,19.546672992873937
1790423749.3837783,5.238904006546363
1790423749.3886359,2.58063999353908
1790423749.3892064,2.4096620036289096
1790423749.3920276,2.1394980140030384
1790423749.3921204,1.7652430105954409
1790423749.406983,25.53594100754708
1790423749.4082723,20.734787016408518
1790423749.408588,27.87128699128516
1790423749.408658,11.786460992880166
1790423749.4110823,1.4707240043208003
1790423749.4115734,25.97635900019668
1790423749.4123633,23.02666800096631
1790423749.4124677,12.079555017407984
1790423749.41255,27.825658005895093
1790423749.4148588,1.738683000439778
1790423749.4155636,1.4871849853079766
1790423749.4256575,16.47158301784657
1790423749.4259722,25.046771013876423
1790423749.4364262,1.4738159952685237
1790423749.4400377,1.745529007166624
1790423749.4400957,22.95144202071242
1790423749.443725,1.4012809842824936
1790423749.4477313,1.5548320079687983
1790423749.448503,1.425415015546605
1790423749.4546947,2.284004003740847
1790423749.4552794,2.0565770100802183
1790423749.455616,1.6350510122720152
1790423749.4597754,2.052919997368008
1790423749.4642386,1.6783199971541762
1790423749.46453,1.4328160032164305
1790423749.4695919,1.3137809874024242
1790423749.4845717,4.049765004310757
1790423749.4855058,3.4442510223016143
1790423749.4927833,2.101213001878932
1790423749.4939795,2.397988020675257
1790423749.5168748,33.5557300131768
1790423749.5169597,21.012002020142972
1790423749.517515,36.50718298740685
1790423749.5179543,18.84828001493588
1790423749.5183463,6.4715269836597145
1790423749.5214624,23.922274995129555
1790423749.521671,35.71669399389066
1790423749.5221894,25.04804398631677
1790423749.5227673,24.673653999343514
1790423749.523176,40.30548600712791
1790423749.5233166,10.701213002903387
1790423749.523382,22.45644899085164
1790423749.526074,23.039032996166497
1790423749.5262666,7.386071025393903
1790423749.5265698,33.7305509892758
1790423749.5281985,19.11345700500533
1790423749.5284188,34.267401992110536
1790423749.5285892,8.919081999920309
1790423749.529321,5.464100016979501
1790423749.5300841,5.131142999744043
1790423749.5305629,4.969458997948095
1790423749.5313463,1.2534470006357878
1790423749.5373788,1.7705089994706213
1790423749.5383132,1.4137100079096854
1790423749.543523,1.2038649874739349
1790423749.5507765,17.755490000126883
1790423749.5512474,23.872963996836916
1790423749.5513241,5.0111830059904605
1790423749.5610821,1.4148009940981865
1790423749.5681982,22.520603000884876
1790423749.5682747,12.624233000678942
1790423749.572104,1.8924750038422644
1790423749.5721788,1.4203150058165193
1790423749.5760672,22.862496989546344
1790423749.5761955,3.3296040201094
1790423749.5762568,2.352557989070192
1790423749.5763261,17.547914991155267
1790423749.5787728,1.3598380028270185
1790423749.5819044,1.2993309937883168
1790423749.5830784,1.1651270033326
1790423749.585874,1.667239994276315
1790423749.5859215,2.1711059962399304
1790423749.5881855,1.28255900926888
1790423749.5920627,1.248045009560883
1790423749.6073089,12.421007006196305
1790423749.607528,22.61119900504127
1790423749.6084044,2.040374994976446
1790423749.610094,1.4946279989089817
1790423749.6124,1.748770009726286
1790423749.6199293,26.25435299705714
1790423749.6201053,19.111490983050317
1790423749.62116,5.43186700087972
1790423749.6484442,17.382191988872364
1790423749.6553383,25.14095400692895
1790423749.6562672,36.004652007250115
1790423749.6563776,20.223060011630878
1790423749.6569192,6.964168016565964
1790423749.6597223,1.6141579835675657
1790423749.6638145,41.21082599158399
1790423749.670493,35.09688100893982
1790423749.670802,57.977527991170064
1790423749.6783152,48.67181301233359
1790423749.6800117,66.06541998917237
1790423749.680505,48.51231898646802
1790423749.6814404,28.984092990867794
1790423749.6816938,55.392512993421406
1790423749.6830494,33.69950799969956
1790423749.6831477,36.656696000136435
1790423749.6838243,67.37380099366419
1790423749.6860461,51.87830998329446
1790423749.6863446,12.361681001493707
1790423749.6866946,43.12359300092794
1790423749.687433,16.158476995769888
1790423749.6876876,36.09061101451516
1790423749.6880481,66.39294500928372
1790423749.6882532,34.79314298601821
1790423749.6885893,47.174104023724794
1790423749.6888893,6.706061016302556
1790423749.6889493,3.919011971447617
1790423749.6960251,1.2716219935100526
1790423749.7022545,1.7457290086895227
1790423749.7038062,25.340133986901492
1790423749.7052155,21.297238010447472
1790423749.7056103,2.75214301655069
1790423749.7066379,2.364296989981085
1790423749.7066927,1.8584200006444007
1790423749.7167275,2.2017399896867573
1790423749.7167966,1.7560959968250245
1790423749.721056,1.2948859948664904
1790423749.730852,1.4309840044006705
1790423749.7364235,1.6886840166989714
1790423749.737381,1.616044988622889
1790423749.740586,1.2842479918617755
1790423749.7467778,2.2580760123673826
1790423749.7483335,3.311462001875043
1790423749.7484381,2.828306023729965
1790423749.7490745,1.9240269903093576
1790423749.7547202,1.2065429764334112
1790423749.7564633,1.1484989954624325
1790423749.7580605,1.3528850104194134
1790423749.7594187,1.2584090000018477
1790423749.7598605,1.2453859962988645
1790423749.7706423,1.2717430072370917
1790423749.7725077,1.2553129927255213
1790423749.7816133,3.1086749804671854
1790423749.782672,3.429737000260502
1790423749.7835133,1.3872820127289742
1790423749.7850647,1.4563820150215179
1790423749.7851498,7.127398013835773
1790423749.7955523,2.601477986900136
1790423749.7970047,8.101232000626624
1790423749.8033628,26.21714398264885
1790423749.80678,25.15724499244243
1790423749.8076978,27.34405398950912
1790423749.808078,32.575839024502784
1790423749.8092704,25.128837005468085
1790423749.809969,14.40311802434735
1790423749.8104303,13.105208985507488
1790423749.8105583,4.69161500222981
1790423749.8106644,33.07253899401985
1790423749.8134606,22.28658099193126
1790423749.8194256,21.12612299970351
1790423749.8197412,34.401378012262285
1790423749.8223696,1.5923180035315454
1790423749.8268385,25.878332991851494
1790423749.8276813,32.78152400162071
1790423749.8277674,5.240922997472808
1790423749.8300433,1.4158539997879416
1790423749.8371282,1.5885939938016236
1790423749.8388767,33.4219679934904
1790423749.839028,13.391779997618869
1790423749.8390949,39.92365297744982
1790423749.8442202,1.4504769933409989
1790423749.8468666,25.276147003751248
1790423749.846933,18.906257988419384
1790423749.8571885,2.0345899974927306
1790423749.8649387,24.497492995578796
1790423749.8650334,7.318942982237786
1790423749.868272,1.8400160188321024
1790423749.8688922,1.5326259890571237
1790423749.874174,1.4071219775360078
1790423749.8747723,26.432776008732617
1790423749.875305,5.387097015045583
1790423749.8754165,15.513699006987736
1790423749.8824997,1.7581239808350801
1790423749.8834655,1.8236440082546324
1790423749.8847096,28.388587990775704
1790423749.8848608,18.996553000761196
1790423749.8849502,12.822049990063533
1790423749.889805,1.2491010129451752
1790423749.9049242,13.107206003041938
1790423749.9050066,26.45951899467036
1790423749.9116285,1.4813219895586371
1790423749.9174526,1.4297740126494318
1790423749.9204328,1.5781419933773577
1790423749.9218154,1.3717229885514826
1790423749.9255507,1.4101149863563478
1790423749.9271963,2.596278995042667
1790423749.9274526,1.6960329958237708
1790423749.9334037,21.061271021608263
1790423749.933755,10.420538019388914
1790423749.9340377,7.7806249901186675
1790423749.9457371,2.1361130056902766
1790423749.94617,1.533322996692732
1790423749.9509578,21.996213006787002
1790423749.9510336,20.138424006290734
1790423749.9514956,1.4488869928754866
1790423749.9562674,1.648738980293274
1790423749.9586773,1.7396830080542713
1790423749.9590023,1.4971070049796253
1790423749.9625037,1.4978169929236174
1790423749.9657326,1.4458470104727894
1790423749.970972,15.827847993932664
1790423749.9715664,7.779795996611938
1790423749.9717183,24.983517010696232
1790423749.9731302,1.365553995128721
1790423749.9779377,2.1832890051882714
1790423749.9782941,2.038637991063297
1790423749.9840155,1.5743039839435369
1790423749.985745,1.3224130088929087
1790423749.9888275,1.36255900724791
1790423750.00022,19.597910984884948
1790423750.0009847,23.457005008822307
1790423750.0010695,8.038177009439096
1790423750.0071144,1.512066985014826
1790423750.0093365,1.8679640197660774
1790423750.0097332,1.5245240065269172
1790423750.0132456,24.15635299985297
1790423750.0133443,16.747885994846
1790423750.0156865,1.3669549953192472
1790423750.0176957,1.6069349949248135
1790423750.021466,1.3496259925886989
1790423750.023255,1.3406210055109113
1790423750.0265553,1.4160230057314038
1790423750.0378397,2.082257007714361
1790423750.039395,2.4921949952840805
1790423750.046124,2.8275410004425794
1790423750.0461788,3.6163640033919364
1790423750.0480328,1.5057580021675676
1790423750.0488193,1.59685401013121
1790423750.0528443,22.520389000419527
1790423750.0542233,15.574749006191269
1790423750.0543816,6.337947997963056
1790423750.0545564,10.39121500798501
1790423750.054728,30.366958992090076
1790423750.0561705,4.229368001688272
1790423750.057269,5.915580986766145
1790423750.058089,3.1672030163463205
1790423750.0588667,2.078714984236285
1790423750.0635192,29.90403099101968
1790423750.0645492,2.1700529905501753
1790423750.0647488,24.671386985573918
1790423750.0653706,31.32670500781387
1790423750.0654395,19.88630401319824
1790423750.0666063,10.426866996567696
1790423750.0667403,15.864247019635513
1790423750.06788,1.8534799746703357
1790423750.0683498,1.6003499913495034
1790423750.0730865,1.5230790013447404
1790423750.0749238,1.3033630093559623
1790423750.0778563,1.3038959878031164
1790423750.0912006,26.1136970075313
1790423750.0912812,11.349614011123776
1790423750.0913932,20.349753991467878
1790423750.0953178,1.2826009769923985
1790423750.0978026,1.3263289874885231
1790423750.0994236,1.2663390079978853
1790423750.1006277,1.195502991322428
1790423750.1239882,1.5690900036133826
1790423750.126244,16.211753012612462
1790423750.1263065,21.28398499917239
1790423750.1357982,2.2582419915124774
1790423750.1358814,1.7610429786145687
1790423750.1388354,2.0824999955948442
1790423750.139695,1.2736429926007986
1790423750.1442463,2.531573991291225
1790423750.1443305,3.2119289971888065
1790423750.1587024,1.9359260040801018
1790423750.1594217,22.16338599100709
1790423750.1600962,27.3407360073179
1790423750.1608775,7.079448987497017
1790423750.1621058,1.939934998517856
1790423750.165206,2.643149986397475
1790423750.166487,1.9707659957930446
1790423750.168344,1.9932639843318611
1790423750.1689694,1.6018390015233308
1790423750.173186,1.639372989302501
1790423750.1735222,1.4569750055670738
1790423750.1748393,11.341581994201988
1790423750.1749022,19.8894850036595
1790423750.175413,33.27947697835043
1790423750.1754742,5.930490995524451
1790423750.1888087,1.5123269986361265
1790423750.1921175,1.3492239813786
1790423750.1956303,1.4687459915876389
1790423750.2000344,1.8125030037481338
1790423750.2016068,1.5503010072279721
1790423750.2053595,2.07578600384295
1790423750.2064524,1.5910770162008703
1790423750.2157936,13.947528001153842
1790423750.2159066,30.719186004716903
1790423750.2160077,6.004533002851531
1790423750.2161162,23.892217985121533
1790423750.2240844,21.579369000392035
1790423750.2248807,28.75229300116189
1790423750.2252314,5.656752997310832
1790423750.2388992,1.983923022635281
1790423750.241324,1.6114760073833168
1790423750.244034,26.06385899707675
1790423750.2441273,23.90876499703154
1790423750.2446177,1.813971990486607
1790423750.2496197,1.551563007524237
1790423750.252656,20.098995009902865
1790423750.2529302,31.3475189905148
1790423750.2530296,5.482305015902966
1790423750.254286,3.1845750054344535
1790423750.2556787,2.63668000116013
1790423750.2563927,2.095456002280116
1790423750.2570891,1.9861180044244975
1790423750.2580326,1.6318820125889033
1790423750.2605598,1.3178109948057681
1790423750.265062,1.5623460058122873
1790423750.2665362,1.3026430096942931
1790423750.2726886,1.7284300120081753
1790423750.2729635,1.465138018829748
1790423750.2832909,22.357281006406993
1790423750.2834618,19.205727003281936
1790423750.283541,5.924842989770696
1790423750.285064,1.4154759992379695
1790423750.2975426,19.394725997699425
1790423750.298208,22.611124004470184
1790423750.299275,1.7203219758812338
1790423750.2998939,1.5747440047562122
1790423750.3043423,1.3097249902784824
1790423750.306254,1.2614319857675582
1790423750.3118277,1.5373369969893247
1790423750.313727,1.8236449977848679
1790423750.3191013,14.579290989786386
1790423750.3191943,24.129397002980113
1790423750.323431,2.985313010867685
1790423750.32436,2.612871991004795
1790423750.3246648,2.2558920027222484
1790423750.328536,1.803029008442536
1790423750.3320794,1.5049499925225973
1790423750.335011,13.96363801904954
1790423750.3355389,26.723946997663006
1790423750.3356037,6.103727006120607
1790423750.3460999,1.8168300157412887
1790423750.3513,1.720266998745501
1790423750.3588107,26.67865698458627
1790423750.359013,5.219720012973994
1790423750.3627038,20.652860985137522
1790423750.3628676,6.117949989857152
1790423750.3644097,28.29183600260876
1790423750.3654351,1.6381310124415904
1790423750.3700576,3.8324249908328056
1790423750.3816864,23.528869991423562
1790423750.3823643,6.65063300402835
1790423750.3824527,36.2396520213224
1790423750.3831725,15.436480985954404
1790423750.383516,4.042181011755019
1790423750.3859391,23.057782993419096
1790423750.3881457,16.96663800976239
1790423750.3944447,38.680106023093686
1790423750.3953676,26.02414702414535
1790423750.3955755,18.941185000585392
1790423750.3959222,15.466106997337192
1790423750.400696,28.753262013196945
1790423750.4029462,37.39224700257182
1790423750.4037063,6.449206994147971
1790423750.4045773,37.719126004958525
1790423750.405182,15.827816008822992
1790423750.405259,26.730154000688344
1790423750.4057052,5.524815991520882
1790423750.4059095,28.559427009895444
1790423750.4061348,6.548481003846973
1790423750.4191206,32.31526099261828
1790423750.419317,15.178633009782061
1790423750.4196742,21.7293530004099
1790423750.4281826,29.493401001673192
1790423750.428557,23.850839002989233
1790423750.4286432,32.01683599036187
1790423750.4303303,1.5560530009679496
1790423750.4360876,27.57078199647367
1790423750.4363854,28.37859798455611
1790423750.4366994,5.921295989537612
1790423750.4379916,19.99282301403582
1790423750.4380846,28.98904200992547
1790423750.4399855,1.4713220007251948
1790423750.4464514,25.57398797944188
1790423750.446534,29.924515984021127
1790423750.4574914,2.133743022568524
1790423750.4575446,1.6833429981488734
1790423750.462881,1.4003560063429177
1790423750.4632618,1.355651009362191
1790423750.4651217,1.2843979930039495
1790423750.4752429,4.887853981927037
1790423750.4766304,5.7560940040275455
1790423750.4767575,4.087336012162268
1790423750.480111,6.180575001053512
1790423750.4819102,4.097928991541266
1790423750.482044,2.926359011325985
1790423750.486719,19.790701975580305
1790423750.4869082,26.95570600917563
1790423750.4874887,16.233174013905227
1790423750.4882243,13.659193995408714
1790423750.4883087,7.660470990231261
1790423750.4964235,24.222284002462402
1790423750.4965348,26.921229989966378
1790423750.496673,20.286427985411137
1790423750.4967396,29.221268981928006
1790423750.4993234,1.2564229837153107
1790423750.504117,1.214635994983837
1790423750.5091126,1.5175039879977703
1790423750.5120702,1.7493199848104268
1790423750.5129797,1.3643669954035431
1790423750.515821,1.2614039878826588
1790423750.5234756,1.6145389818120748
1790423750.526575,2.8301810089033097
1790423750.5269706,2.773159008938819
1790423750.5274158,23.13504900666885
1790423750.5279477,13.807491981424391
1790423750.5281103,2.836102998116985
1790423750.5322917,1.3112130109220743
1790423750.5378754,1.8071290105581284
1790423750.5386653,1.7230849771294743
1790423750.5453658,1.3948760170023888
1790423750.5482845,1.8347979930695146
1790423750.5486252,1.6412179975304753
1790423750.5527446,3.172872995492071
1790423750.5543253,26.898923999397084
1790423750.5556915,6.579704990144819
1790423750.5561106,16.688219999196008
1790423750.5569491,6.663356994977221
1790423750.5575984,6.709395005600527
1790423750.558058,4.444462014362216
1790423750.5592566,6.500020012026653
1790423750.559374,7.4424339982215315
1790423750.560109,4.407034022733569
1790423750.560225,3.2660030119586736
1790423750.5655756,1.5569440147373825
1790423750.5677607,1.5879040001891553
1790423750.5801425,1.7767520039342344
1790423750.5816228,23.074691998772323
1790423750.5820243,1.8726180132944137
1790423750.5822597,27.920927008381113
1790423750.585698,1.807215012377128
1790423750.5866897,1.8517260032240301
1790423750.6022258,19.526276999386027
1790423750.6046169,23.820720991352573
1790423750.604991,16.41209897934459
1790423750.6055748,2.6043720135930926
1790423750.6056588,26.76861797226593
1790423750.6103842,24.544974003219977
1790423750.6104517,14.175803022226319
1790423750.6109245,1.7501889960840344
1790423750.612452,17.29314000112936
1790423750.613198,30.926128005376086
1790423750.613264,6.758578994777054
1790423750.6193318,17.76197800063528
1790423750.6247506,27.922965004108846
1790423750.6253939,1.7454240005463362
1790423750.6393964,1.701731001958251
1790423750.647841,29.139316000510007
1790423750.648214,8.696990000316873
1790423750.6485002,20.266631996491924
1790423750.6494727,4.487576021347195
1790423750.6495569,2.486936980858445
1790423750.6532352,24.409136996837333
1790423750.6555588,28.84715999243781
1790423750.6557245,4.067114990903065
1790423750.6558976,15.891974995611235
1790423750.6594543,24.932661995990202
1790423750.6601257,17.32033197185956
1790423750.660249,30.29519401025027
1790423750.6604104,6.843395996838808
1790423750.6616046,2.7868349861819297
1790423750.6630342,5.2094779966864735
1790423750.6637576,2.144247991964221
1790423750.6689234,1.3192710175644606
1790423750.6756766,13.434337975922972
1790423750.6758065,22.007341001881287
1790423750.6758895,29.740394995315
1790423750.6768692,2.0013609901070595
1790423750.677846,1.723398978356272
1790423750.6812332,1.4707270020153373
1790423750.6820993,1.63996999617666
1790423750.686465,25.351382995722815
1790423750.6867523,20.850660977885127
1790423750.6869695,9.875577001366764
1790423750.6874018,4.498368973145261
1790423750.7088284,29.674243996851146
1790423750.7092876,30.652436980744824
1790423750.7111502,19.208845013054088
1790423750.7179964,30.032180016860366
1790423750.718365,20.093900006031618
1790423750.7201831,25.57181700831279
1790423750.722287,19.442869001068175
1790423750.7227275,13.885575986932963
1790423750.7259371,36.83858999283984
1790423750.7263744,12.138874008087441
1790423750.7264924,22.83480900223367
1790423750.7274094,36.975096008973196
1790423750.7285733,5.833975999848917
1790423750.72866,38.729763007722795
1790423750.72872,4.45177499204874
1790423750.7332513,31.227428989950567
1790423750.7334952,27.8993200045079
1790423750.7360947,37.150506977923214
1790423750.736256,15.263879991834983
1790423750.7363765,9.475085011217743
1790423750.744176,56.728066003415734
1790423750.745543,38.17414099466987
1790423750.7462726,3.2969489984679967
1790423750.7472038,14.851006999379024
1790423750.747488,42.97330800909549
1790423750.7475886,24.974439991638064
1790423750.7480576,2.5035369908437133
1790423750.7577665,2.0554049988277256
1790423750.765837,31.13809000933543
1790423750.766151,34.514676983235404
1790423750.7668772,9.886119980365038
1790423750.7703617,1.4544609875883907
1790423750.772145,10.30583499232307
1790423750.7722368,25.565840973285958
1790423750.7797449,2.219804999185726
1790423750.7864096,22.12330501060933
1790423750.7868936,28.105701989261433
1790423750.7871075,8.828271005768329
1790423750.7878613,21.645216998877004
1790423750.7886431,29.029405006440356
1790423750.7892137,8.495540998410434
1790423750.7927532,1.5444809978362173
1790423750.798145,1.8615470035001636
1790423750.8004465,17.566673981491476
1790423750.8005152,27.348138013621792
1790423750.8027413,1.3711409992538393
1790423750.8148317,26.135191990761086
1790423750.814965,27.057769999373704
1790423750.8150268,9.53440900775604
1790423750.821569,6.261653994442895
1790423750.8216643,24.780719977570698
1790423750.8281746,1.6712229989934713
1790423750.829987,1.429822004865855
1790423750.8325293,26.566340995486826
1790423750.834476,12.638382992008701
1790423750.8352187,4.7455129970330745
1790423750.8371317,5.584022001130506
1790423750.837656,4.926969995722175
1790423750.839118,1.9751149811781943
1790423750.8526576,1.5433469961863011
1790423750.8594642,25.655041012214497
1790423750.861122,26.799476996529847
1790423750.8640156,28.474928985815495
1790423750.8661952,12.742799008265138
1790423750.8684297,1.6337439883500338
1790423750.8779397,8.140510006342083
1790423750.8780167,30.56376101449132
1790423750.8849795,2.4519180005881935
1790423750.8866544,29.10156999132596
1790423750.8873074,4.110299021704122
1790423750.887487,14.332794002257288
1790423750.8905628,31.781160010723397
1790423750.8911693,15.205953997792676
1790423750.891255,7.5096479849889874
1790423750.894458,1.4038580120541155
1790423750.8997686,2.3758749885018915
1790423750.90007,2.070378017378971
1790423750.9008024,21.68011199682951
1790423750.9018345,29.40981200663373
1790423750.9019115,14.222676021745428
1790423750.9028518,4.229292011586949
1790423750.9043589,2.2600239899475127
1790423750.9044583,3.0331509769894183
1790423750.9051142,1.8434739904478192
1790423750.909934,1.8485770269762725
1790423750.910835,1.7274669953621924
1790423750.9116852,1.2800779950339347
1790423750.917478,1.417799008777365
1790423750.919637,1.156006008386612
1790423750.9250627,1.5243710076902062
1790423750.92593,1.9300610001664609
1790423750.9313543,2.558362000854686
1790423750.9314194,1.9297909748274833
1790423750.938993,1.4306299854069948
1790423750.9510064,2.0390459976624697
1790423750.9544868,20.407339005032554
1790423750.9551966,29.71011900808662
1790423750.9553971,5.790347990114242
1790423750.9587994,24.29143199697137
1790423750.960319,7.6673759904224426
1790423750.9604437,30.098874995019287
1790423750.9615793,1.7727160011418164
1790423750.9624333,1.8125339993275702
1790423750.9625106,7.105709984898567
1790423750.9704797,29.1265310079325
1790423750.9708514,2.181315008783713
1790423750.9711866,17.15789901209064
1790423750.971358,5.301303986925632
1790423750.9741347,2.173691987991333
1790423750.974234,2.86670500645414
1790423750.9764428,1.6812639951240271
1790423750.977698,2.0268769876565784
1790423750.9795818,1.2395869998726994
1790423750.9852495,18.285931000718847
1790423750.986295,31.50991100119427
1790423750.9864583,2.3783110082149506
1790423750.986528,13.886840984923765
1790423750.998267,21.416592004243284
1790423750.9983292,8.93046599230729
1790423751.0145147,13.701679999940097
1790423751.014596,23.52600800804794
1790423751.0148928,1.8549189844634384
1790423751.0168984,1.4901789836585522
1790423751.0239239,1.976895990082994
1790423751.025391,7.152690988732502
1790423751.026819,31.61690299748443
1790423751.0269117,4.396211996208876
1790423751.0270061,25.151941983494908
1790423751.0327847,1.8118719744961709
1790423751.0358438,2.2282960126176476
1790423751.0382946,19.497039989801124
1790423751.038411,27.49023400247097
1790423751.039694,13.329014007467777
1790423751.0400145,34.35779601568356
1790423751.040432,12.953564990311861
1790423751.0405142,5.5719210067763925
1790423751.0436893,1.9575880141928792
1790423751.0440574,1.6336450062226504
1790423751.0453687,26.00752899888903
1790423751.0482233,31.175836018519476
1790423751.049057,12.96142497449182
1790423751.0507293,2.2896190057508647
1790423751.0544882,1.360852998914197
1790423751.0589118,21.81451697833836
1790423751.059681,1.867371000116691
1790423751.0641053,31.155747012235224
1790423751.0645597,12.231639004312456
1790423751.0683136,3.468447015620768
1790423751.0694437,3.0889679910615087
1790423751.0740442,2.8422820032574236
1790423751.0754573,2.1192429994698614
1790423751.0799599,2.3367129906546324
1790423751.0890217,3.2297119905706495
1790423751.0893614,2.8010300011374056
1790423751.0895853,21.921223000390455
1790423751.0896802,34.362195001449436
1790423751.090446,11.428764002630487
1790423751.091767,1.7599590064492077
1790423751.0926008,1.8859289993997663
1790423751.0934348,1.657710992731154
1790423751.0958052,1.995712984353304
1790423751.0971751,1.9227669981773943
1790423751.0982184,1.986905001103878
1790423751.1004996,1.9710269989445806
1790423751.100974,1.7958010139409453
1790423751.103766,1.6166169953066856
1790423751.1086814,2.142507000826299
1790423751.1096466,1.916618988616392
1790423751.1111853,1.528391003375873
1790423751.1118581,1.6687279858160764
1790423751.1172318,2.8491919802036136
1790423751.117544,3.294987021945417
1790423751.1178317,1.6918200126383454
1790423751.1196938,1.7241299792658538
1790423751.120044,1.5299709921237081
1790423751.1216154,1.4620680012740195
1790423751.1261892,1.6729699855204672
1790423751.1318846,3.6825889837928116
1790423751.1323583,5.563200014876202
1790423751.132492,4.825036012334749
1790423751.134685,3.6263639922253788
1790423751.1355298,4.664815001888201
1790423751.1357927,5.975419015157968
1790423751.1362996,3.3158620062749833
1790423751.1377296,3.0343659745994955
1790423751.1378598,3.0782640096731484
1790423751.1398594,2.5909380055963993
1790423751.1409278,2.390314999502152
1790423751.1422803,2.9069269949104637
1790423751.1423378,1.860190008301288
1790423751.1448247,1.3420460163615644
1790423751.1465418,1.3054570008534938
1790423751.1500196,1.5160659968387336
1790423751.152589,1.6320230206474662
1790423751.154958,1.7464070115238428
1790423751.1690223,2.3688870132900774
1790423751.170777,23.338011000305414
1790423751.1708698,11.327048996463418
1790423751.1809711,25.94538201810792
1790423751.1816475,18.050447979476303
1790423751.181741,3.6632189876399934
1790423751.1843574,7.557317003374919
1790423751.1910286,31.003318988950923
1790423751.1915655,25.534298009006307
1790423751.192833,7.557807984994724
1790423751.1946752,2.509130019461736
1790423751.205509,19.4878620095551
1790423751.2082372,36.33255101158284
1790423751.209547,33.49732101196423
1790423751.2097151,20.765331981237978
1790423751.210051,11.505226022563875
1790423751.21068,17.189748003147542
1790423751.211514,2.8899979952257127
1790423751.2159755,1.906861987663433
1790423751.2204652,28.8871249940712
1790423751.2214649,2.9662669985555112
1790423751.222125,2.8166199917905033
1790423751.226397,36.27393301576376
1790423751.2272732,10.9043630072847
1790423751.2273633,25.84605402080342
1790423751.2279217,6.442963000154123
1790423751.2333577,26.67215501423925
1790423751.2344973,31.458619982004166
1790423751.234727,16.797763004433364
1790423751.234957,10.091439995449036
1790423751.2360694,2.7002840070053935
1790423751.2361434,3.6771559971384704
1790423751.2362056,4.999405995476991
1790423751.2388222,1.5588960086461157
1790423751.2409422,1.442717999452725
1790423751.2447205,1.5476499975193292
1790423751.2480166,1.473437005188316
1790423751.2553942,2.757890004431829
1790423751.2568438,3.0048869957681745
1790423751.2570019,2.490284008672461
1790423751.2627323,2.057414996670559
1790423751.2633193,1.478024001698941
1790423751.2797563,2.0287719962652773
1790423751.2831633,1.9936470198445022
1790423751.2857375,17.28537998860702
1790423751.285806,26.019238983280957
1790423751.289575,1.8096160201821476
1790423751.295962,1.701211993349716
1790423751.297248,28.252927993889898
1790423751.297392,8.661991014378145
1790423751.297477,20.852948015090078
1790423751.3008072,1.570093008922413
1790423751.3043625,2.5401599996257573
1790423751.3049529,1.7953179776668549
1790423751.3100736,27.79103899956681
1790423751.3104753,19.372047012438998
1790423751.3105793,8.08862698613666
1790423751.3110745,2.520028006983921
1790423751.3126528,1.5672300069127232
1790423751.3213189,1.9425070204306394
1790423751.339673,1.831460016546771
1790423751.342574,13.563681015511975
1790423751.343133,36.96254201349802
1790423751.3432,3.5138399980496615
1790423751.3504844,20.752008975250646
1790423751.3508575,35.967855976196006
1790423751.350942,4.6115220175124705
1790423751.3591545,24.49387000524439
1790423751.3597517,25.69566702004522
1790423751.3601074,3.6920109996572137
1790423751.3680558,1.455222984077409
1790423751.381045,23.71066898922436
1790423751.3817987,26.941448013531044
1790423751.3825278,11.628544016275555
1790423751.382681,22.56311898236163
1790423751.3827708,26.920759992208332
1790423751.3828375,6.336700986139476
1790423751.385785,20.494736992986873
1790423751.38613,24.759602005360648
1790423751.3862226,3.2642189762555063
1790423751.394496,1.6981259977910668
1790423751.3947594,1.444697001716122
1790423751.397805,1.3512669829651713
1790423751.4001806,1.1617350101005286
1790423751.4032714,1.2442750157788396
1790423751.411129,1.5065619954839349
1790423751.422285,1.903994008898735
1790423751.4227555,1.772235002135858
1790423751.4345155,1.7968630127143115
1790423751.4351485,1.5908810019027442
1790423751.439658,1.5755610074847937
1790423751.4466012,20.850236993283033
1790423751.446767,24.149483011569828
1790423751.4470944,11.517642997205257
1790423751.4492283,1.7349839909002185
1790423751.4501853,19.422172015765682
1790423751.4505508,27.320494002196938
1790423751.4517882,14.82828101143241
1790423751.451926,2.3955779906827956
1790423751.4523551,1.440174994058907
1790423751.453801,1.4369709824677557
1790423751.4554124,1.3751740043517202
1790423751.4566724,1.2506780039984733
1790423751.4596865,1.2747829896397889
1790423751.4686713,1.9263120193500072
1790423751.4687288,2.491060004103929
1790423751.471523,1.2255269975867122
1790423751.473832,1.1751790007110685
1790423751.4893491,1.9271660130470991
1790423751.4899297,1.475855999160558
1790423751.4915764,1.4542409917339683
1790423751.4972625,21.750880987383425
1790423751.4974022,16.250979009782895
1790423751.497499,2.6424480020068586
1790423751.5044875,1.418995001586154
1790423751.5072744,1.4301030023489147
1790423751.5093246,1.3077140029054135
1790423751.5249612,2.1348079899325967
1790423751.5274982,24.922531010815874
1790423751.5276046,25.654097989900038
1790423751.528117,16.579805000219494
1790423751.5296426,1.514981995569542
1790423751.534867,1.6703520086593926
1790423751.5361955,19.273912999778986
1790423751.5370638,27.111036994028836
1790423751.5371978,6.969684996875003
1790423751.5385134,6.547644006786868
1790423751.538903,28.50157700595446
1790423751.539033,16.953498998191208
1790423751.5390925,1.8865310121327639
1790423751.5450373,2.92754199472256
1790423751.5463352,2.9706020141020417
1790423751.5472183,1.6475409793201834
1790423751.549063,1.5571980038657784
1790423751.5617542,17.632308008614928
1790423751.5710552,26.448193995747715
1790423751.5711532,28.16365400212817
1790423751.573883,32.263565983157605
1790423751.5741668,4.679616016801447
1790423751.5748029,3.1482590129598975
1790423751.582588,1.8560700118541718
1790423751.5833106,29.900020017521456
1790423751.5833974,10.865099000511691
1790423751.5889206,1.943717012181878
1790423751.5962253,1.641687995288521
1790423751.5982757,30.566499015549198
1790423751.5989923,21.39869300299324
1790423751.599668,2.4645960074849427
1790423751.6189702,20.487172005232424
1790423751.6190562,31.316394015448168
1790423751.621929,1.626245997613296
1790423751.6330147,30.44830000726506
1790423751.6332119,24.650448001921177
1790423751.6342423,18.737666978267953
1790423751.6345549,26.647749997209758
1790423751.6346517,3.084572992520407
1790423751.6431844,1.696049002930522
1790423751.6472425,1.6716310055926442
1790423751.6479137,1.5367529995273799
1790423751.6520274,1.3894579897169024
1790423751.6577783,1.4672440011054277
1790423751.6582096,1.3145369885023683
1790423751.6636682,1.3854260032530874
1790423751.6641984,1.2892419763375074
1790423751.6666193,1.1516480008140206
1790423751.6695886,1.1674029810819775
1790423751.6736042,1.1361460201442242
1790423751.6843538,1.4556019741576165
1790423751.6890225,1.5170950209721923
1790423751.6925147,1.4285449869930744
1790423751.6941319,1.3703639851883054
1790423751.6991336,22.933239000849426
1790423751.6991887,7.5755070138257
1790423751.701097,1.3108039856888354
1790423751.7015948,1.224981009727344
1790423751.7046607,2.1439380070660263
1790423751.705312,1.462224987335503
1790423751.7069683,1.6474150179419667
1790423751.7074578,1.6536109906155616
1790423751.7116466,2.036575984675437
1790423751.7126775,1.4647390053141862
1790423751.725173,22.108078002929688
1790423751.725409,8.863239985657856
1790423751.725989,30.03703002468683
1790423751.7260754,18.606188998091966
1790423751.7440572,33.67569000693038
1790423751.7453384,20.151404023636132
1790423751.7455158,4.99822199344635
1790423751.7466252,19.636272016214207
1790423751.7468147,27.395155979320407
1790423751.746884,5.1802259986288846
1790423751.7488642,1.3907160027883947
1790423751.752314,21.928101021330804
1790423751.7536373,2.103504986735061
1790423751.7559547,33.895097993081436
1790423751.7565894,14.387484989129007
1790423751.7566993,4.058300022734329
1790423751.765953,1.4440780214499682
1790423751.7694674,51.815211976645514
1790423751.7696528,61.022624984616414
1790423751.770325,10.514983994653448
1790423751.7704666,34.13592200377025
1790423751.770758,26.245310000376776
1790423751.771065,47.49449199880473
1790423751.7714067,63.32483800360933
1790423751.7714674,4.7916999901644886
1790423751.7777002,2.2491310082841665
1790423751.7802641,1.9221919937990606
1790423751.781805,1.2039809953421354
1790423751.7829149,20.56073199491948
1790423751.7833173,6.074536009691656
1790423751.783388,25.056334998225793
1790423751.7967722,18.972206977196038
1790423751.7968512,27.94519401504658
1790423751.8019667,2.014686993788928
1790423751.802902,1.763420004863292
1790423751.8120048,1.6839800227899104
1790423751.812426,24.328455998329446
1790423751.8125732,4.6205650141928345
1790423751.818974,1.671389996772632
1790423751.8204699,1.4847659913357347
1790423751.825482,1.8473140080459416
1790423751.8327444,1.6296750109177083
1790423751.8335865,1.698625012068078
1790423751.839548,15.311319002648816
1790423751.8396509,27.02692899038084
1790423751.8424993,1.581227988936007
1790423751.8506222,20.044299017172307
1790423751.8515756,25.5863570200745
1790423751.8517005,2.068583999061957
1790423751.8517575,8.749935019295663
1790423751.855744,1.6229350003413856
1790423751.856765,1.4203830214682966
1790423751.8611515,2.041767002083361
1790423751.8655672,2.1921070001553744
1790423751.8656318,1.7613160016480833
1790423751.881849,19.652947987196967
1790423751.8821442,6.106641987571493
1790423751.8826585,25.56419899337925
1790423751.8828247,23.02249800413847
1790423751.8838983,27.76298701064661
1790423751.8845904,1.756815006956458
1790423751.8866718,1.3376139977481216
1790423751.890467,1.4001859817653894
1790423751.8946028,2.730395004618913
1790423751.8952682,2.440005977405235
1790423751.895332,1.5067319909576327
1790423751.8977046,1.7385699902661145
1790423751.9103684,1.6027920064516366
1790423751.9115796,28.200458007631823
1790423751.9124062,20.092540013138205
1790423751.9131248,30.884133971994743
1790423751.9151146,14.701970998430625
1790423751.9168591,6.329288007691503
1790423751.9186099,2.278665022458881
1790423751.9232545,21.91481101908721
1790423751.9234824,26.194876991212368
1790423751.9239967,10.215388989308849
1790423751.9245174,4.766109021147713
1790423751.92903,22.041566000552848
1790423751.9293575,14.231640991056338
1790423751.9294486,31.00979601731524
1790423751.9346523,1.8194639997091144
1790423751.9382887,1.4218709839042276
1790423751.9410868,25.562374998116866
1790423751.9412148,7.470808021025732
1790423751.9412913,28.816817997721955
1790423751.9440794,1.382404996547848
1790423751.9469981,1.3170480087865144
1790423751.9489746,1.4544939913321286
1790423751.9518402,1.7760260088834912
1790423751.952124,1.4986730238888413
1790423751.957235,1.4047239965293556
1790423751.9654958,1.265756000066176
1790423751.9673321,1.258881005924195
1790423751.9700708,20.44720301637426
1790423751.9712975,10.80305699724704
1790423751.971427,3.7812340015079826
1790423751.9715369,22.518483019666746
1790423751.980673,1.7401939840056002
1790423751.9851058,22.82920101424679
1790423751.985494,22.101094014942646
1790423751.9856517,11.292673007119447
1790423751.986258,5.575490009505302
1790423751.9917321,1.7766510136425495
1790423751.9989996,22.79668499249965
1790423751.999404,18.181648978497833
1790423751.999933,7.840569014661014
1790423752.0000699,28.41190400067717
1790423752.0008426,23.113292001653463
1790423752.0062392,18.690212978981435
1790423752.006638,2.3376710014417768
1790423752.0081444,31.018290988868102
1790423752.008746,14.70692700240761
1790423752.008827,3.196270001353696
1790423752.017639,29.53930798685178
1790423752.0187974,29.992096009664237
1790423752.0189016,23.91133800847456
1790423752.0205803,20.317196991527453
1790423752.0206528,29.658079001819715
1790423752.0383885,11.28475900623016
1790423752.0429773,13.36015501874499
1790423752.0431607,30.925809987820685
1790423752.0534687,21.96173500851728
1790423752.0538363,29.871518985601142
1790423752.0578604,29.07275699544698
1790423752.0579784,32.03934300108813
1790423752.0582466,23.13017498818226
1790423752.0583644,30.660092015750706
1790423752.0584292,21.52069497969933
1790423752.0638988,1.3569400180131197
1790423752.0642776,13.059630000498146
1790423752.0666625,30.647530016722158
1790423752.0685334,1.8250230059493333
1790423752.075425,2.242618997115642
1790423752.075765,2.0622279844246805
1790423752.0771742,1.2904010072816163
1790423752.0838068,2.567126997746527
1790423752.0846927,2.248314005555585
1790423752.0919168,2.8471499972511083
1790423752.0920584,17.856007994851097
1790423752.0922196,9.328798012575135
1790423752.092336,24.936600995715708
1790423752.0932672,2.7714229945559055
1790423752.0955935,1.5466890181414783
1790423752.097941,1.8686149851419032
1790423752.0997965,1.6289229970425367
1790423752.1034658,1.5115650021471083
1790423752.1134176,1.6168490110430866
1790423752.1159263,1.4130810159258544
1790423752.121932,1.3545909896492958
1790423752.128369,2.117374009685591
1790423752.1397042,19.74909901036881
1790423752.1398559,23.88314000563696
1790423752.1403043,6.7752019967883825
1790423752.1413646,23.820396978408098
1790423752.1415055,27.553842985071242
1790423752.1415627,14.641592977568507
1790423752.146577,1.3606089923996478
1790423752.1612043,1.7147540056612343
1790423752.1641922,22.457052022218704
1790423752.1665823,29.697724006837234
1790423752.166668,4.148020001593977
1790423752.1749072,20.62255999771878
1790423752.1759853,4.298778978409246
1790423752.1767316,30.000953993294388
1790423752.1773708,9.840451006311923
1790423752.1774547,4.66132300789468
1790423752.1775901,6.446559011237696
1790423752.180039,3.1936760060489178
1790423752.1813993,6.48024000111036
1790423752.18158,31.010718987090513
1790423752.1818614,11.48114399984479
1790423752.182,3.786318004131317
1790423752.1833198,2.7218589966651052
1790423752.1840415,1.528962020529434
1790423752.1856632,1.333710999460891
1790423752.1874535,1.538143988000229
1790423752.1905916,1.7430830048397183
1790423752.1913316,1.4696709986310452
1790423752.1930645,1.7242839967366308
1790423752.1936111,1.274011010536924
1790423752.1996963,1.6179330123122782
1790423752.199968,1.28649701946415
1790423752.2014608,1.2187179818283767
1790423752.2027447,1.2758540106005967
1790423752.2049966,1.2937919818796217
1790423752.2059371,1.5730919840279967
1790423752.2121089,1.8997949955519289
1790423752.2127724,1.4874180196784437
1790423752.2142277,1.3133769971318543
1790423752.2275958,18.08932499261573
1790423752.2276826,22.445662994869053
1790423752.2377172,1.6044900112319738
1790423752.2424574,1.2797490053344518
1790423752.2445688,1.262876990949735
1790423752.2466292,1.1996300017926842
1790423752.2504916,1.3304929889272898
1790423752.252348,1.8466130131855607
1790423752.253698,1.732667995383963
1790423752.2542567,1.3064880040474236
1790423752.2598722,1.2441130238585174
1790423752.2805035,15.44520299648866
1790423752.2819293,14.05932501074858
1790423752.2886484,14.094977988861501
1790423752.2960892,9.414174011908472
1790423752.2966342,17.61662299395539
1790423752.2967207,32.34790900023654
1790423752.2976406,41.23027599416673
1790423752.300181,24.72312600002624
1790423752.3015106,30.49447402008809
1790423752.3016284,7.77966997702606
1790423752.3016965,16.901997005334124
1790423752.3037086,23.192642023786902
1790423752.3060222,35.41130799567327
1790423752.3064694,17.807728028856218
1790423752.306983,1.7639010038692504
1790423752.3085513,22.556251991773024
1790423752.3086865,32.59133399114944
1790423752.3109646,1.472379983169958
1790423752.3153565,4.247561999363825
1790423752.3154576,41.607559978729114
1790423752.3155236,20.494427008088678
1790423752.3204303,1.3478169857989997
1790423752.3241594,1.6222859849222004
1790423752.3256075,1.322066003922373
1790423752.3266885,28.095745015889406
1790423752.327636,11.386642989236861
1790423752.3281229,28.997734014410526
1790423752.3282013,2.446376980515197
1790423752.328563,1.3827680086251348
1790423752.3299136,1.244894985575229
1790423752.3323777,1.2463089951779693
1790423752.3356066,1.5141010226216167
1790423752.3369293,2.3365389788523316
1790423752.3377714,2.006728987907991
1790423752.3381207,1.6297789989039302
1790423752.3405335,1.2684660032391548
1790423752.342128,1.2113350094296038
1790423752.3459282,1.1846889974549413
1790423752.3588107,1.5031440125312656
1790423752.3605697,1.3355959963519126
1790423752.3654752,1.893487002234906
1790423752.3665106,1.8752619798760861
1790423752.367112,1.3279999839141965
1790423752.3740811,1.6674390062689781
1790423752.379748,2.014703000895679
1790423752.38246,1.8796719959937036
1790423752.402455,26.95500198751688
1790423752.4036617,30.374405992915854
1790423752.4042997,5.062813987024128
1790423752.40438,23.27977298409678
1790423752.4075956,16.990046977298334
1790423752.4077,28.656643989961594
1790423752.4100213,32.349752000300214
1790423752.4102154,33.092330006184056
1790423752.4103012,24.535880977055058
1790423752.4163735,31.22128499671817
1790423752.4165523,21.595428988803178
1790423752.4176707,2.3012539895717055
1790423752.4180155,2.1871619974263012
1790423752.4219341,1.613144006114453
1790423752.42259,1.5494760009460151
1790423752.4288287,1.5398840187117457
1790423752.429381,1.3794650149066001
1790423752.4358277,1.3164239935576916
1790423752.4372268,1.2692830059677362
1790423752.4433815,1.6882299969438463
1790423752.4440193,1.4774219889659435
1790423752.4467807,1.1623280006460845
1790423752.449316,1.2517980067059398
1790423752.455346,1.200739003252238
1790423752.4596539,1.3431230036076158
1790423752.461987,1.2416919926181436
1790423752.4663835,1.3599600060842931
1790423752.4750378,1.9355199765414
1790423752.4774938,2.1471910004038364
1790423752.4829488,1.8502390012145042
1790423752.485351,20.922345021972433
1790423752.4902005,27.007878990843892
1790423752.4908113,12.24505199934356
1790423752.495229,1.4159969869069755
1790423752.5016565,2.2116749896667898
1790423752.503239,2.3716109863016754
1790423752.5046093,1.881006988696754
1790423752.507453,28.159873007098213
1790423752.5081284,8.20095298695378
1790423752.5082219,28.37207799893804
1790423752.5091884,2.3872970195952803
1790423752.5120034,2.80449099955149
1790423752.514979,1.9370010122656822
1790423752.520131,1.6939509951043874
1790423752.537095,27.009550016373396
1790423752.5384927,23.29538099002093
1790423752.5386777,36.84439801145345
1790423752.5388231,15.112727007362992
1790423752.539703,2.1730189910158515
1790423752.539786,28.830762981669977
1790423752.5403547,35.68983398145065
1790423752.540453,24.698043998796493
1790423752.540921,12.15943499119021
1790423752.5444465,1.4185110048856586
1790423752.5500278,37.49168798094615
1790423752.5511146,34.73065001890063
1790423752.5513177,39.98582900385372
1790423752.5514379,20.677570020779967
1790423752.551549,6.33340998319909
1790423752.5573635,32.0554610225372
1790423752.5574746,10.57227500132285
1790423752.5575678,22.141043009469286
1790423752.5620742,1.493380987085402
1790423752.5753589,21.892271004617214
1790423752.5778127,25.691885995911434
1790423752.5784736,29.414137999992818
1790423752.5788448,9.03082499280572
1790423752.579397,20.297361013945192
1790423752.580651,29.060953995212913
1790423752.5811477,6.515387009130791
1790423752.5879796,32.705210003769025
1790423752.5880535,9.522633015876636
1790423752.5952704,15.554065990727395
1790423752.5963223,3.593003988498822
1790423752.5964217,30.852052994305268
1790423752.5975492,3.4998249902855605
1790423752.598423,3.141572989989072
1790423752.5985122,2.620967017719522
1790423752.599348,1.379186986014247
1790423752.615732,2.4168370000552386
1790423752.6164203,2.095642004860565
1790423752.6253495,24.768033006694168
1790423752.6255279,10.301778995199129
1790423752.6260433,14.307356992503628
1790423752.626916,7.492564007407054
1790423752.6269965,24.070315004792064
1790423752.6392043,1.6277150134555995
1790423752.639823,1.4592980151064694
1790423752.6464937,22.391994018107653
1790423752.6465786,26.58224999322556
1790423752.6472719,5.647480982588604
1790423752.6506708,1.5498529828619212
1790423752.6585555,21.545130002778023
1790423752.6592212,16.76209201104939
1790423752.6593852,28.633545007323846
1790423752.664383,6.765495985746384
1790423752.6644568,8.34014598513022
1790423752.6659398,4.0073250129353255
1790423752.6672506,4.054232005728409
1790423752.6690066,25.822335010161623
1790423752.6702,2.0001769880764186
1790423752.6718614,10.998559999279678
1790423752.6720307,32.081545010441914
1790423752.6720924,8.321183995576575
1790423752.6757405,1.5328750014305115
1790423752.6900215,1.936317014042288
1790423752.6903741,2.2234490024857223
1790423752.6913981,31.522044009761885
1790423752.6915054,9.078812989173457
1790423752.691749,25.346759997773916
1790423752.6927874,30.179374996805564
1790423752.6934824,26.220949977869168
1790423752.6935878,33.18539398605935
1790423752.6936872,10.513800021726638
1790423752.6941955,1.8953469989355654
1790423752.702219,4.374315991299227
1790423752.7023373,3.87750897789374
1790423752.7032309,3.2489240111317486
1790423752.7066188,2.1690040011890233
1790423752.7071579,1.8590770196169615
1790423752.7074609,1.4060359972063452
1790423752.7098448,1.1509680189192295
1790423752.71661,1.345149998087436
1790423752.7180042,1.3060440251138061
1790423752.7212243,1.1802149820141494
1790423752.7233393,1.395740982843563
1790423752.723902,1.2085349881090224
1790423752.7297256,1.4371199940796942
1790423752.7324634,1.3191289908718318
1790423752.7346027,1.1961450218223035
1790423752.7379684,1.2110089883208275
1790423752.742094,1.229650981258601
1790423752.744852,1.2722719984594733
1790423752.7498653,1.200138998683542
1790423752.7526324,2.2724470181856304
1790423752.7530315,3.0131220119073987
1790423752.753089,1.9526859978213906
1790423752.7540739,1.7845130059868097
1790423752.7552333,1.5258200000971556
1790423752.7578309,1.322207011980936
1790423752.7776356,12.72190100280568
1790423752.7777,23.50197301711887
1790423752.7817423,1.591844018548727
1790423752.7880988,15.564405010081828
1790423752.7881868,28.931332024512812
1790423752.7883155,4.833796003367752
1790423752.7911355,27.067171002272516
1790423752.7916877,5.947451980318874
1790423752.7918115,16.371259989682585
1790423752.793437,19.32344801025465
1790423752.7944653,33.77042498323135
1790423752.794597,10.4310919996351
1790423752.795389,1.590227009728551
1790423752.8015602,1.3749990030191839
1790423752.8048217,2.474598994012922
1790423752.806499,2.3448569991160184
1790423752.8074522,1.4779350021854043
1790423752.8121846,1.2723530235234648
1790423752.8188121,1.5551830001641065
1790423752.8261077,21.064272994408384
1790423752.8279428,7.90945699554868
1790423752.8280113,24.639192008180544
1790423752.8303363,1.3168749865144491
1790423752.8343925,1.8026980105787516
1790423752.8353891,1.7647790082264692
1790423752.841255,1.6113969904836267
1790423752.8435042,1.7363009974360466
1790423752.8511498,1.6335760010406375
1790423752.8546107,18.418617983115837
1790423752.8546839,12.44119499460794
1790423752.8549507,27.418734011007473
1790423752.8550613,28.521270985947922
1790423752.8555727,2.6210259820800275
1790423752.8580415,19.015949015738443
1790423752.858572,27.474327973322943
1790423752.8587236,13.865144981537014
1790423752.8605108,1.2868900084868073
1790423752.8609016,2.168981998693198
1790423752.871046,1.2249670107848942
1790423752.877948,2.4138339795172215
1790423752.8784764,2.502623974578455
1790423752.8903298,21.247307013254613
1790423752.8904831,2.4023530131671578
1790423752.8906188,23.139033000916243
1790423752.892381,15.830901014851406
1790423752.893711,2.4735959887038916
1790423752.8944042,3.608433995395899
1790423752.8946724,2.28161399718374
1790423752.89718,1.4080329856369644
1790423752.9018388,1.4581650029867887
1790423752.906016,1.4839110081084073
1790423752.9111476,1.4255729911383241
1790423752.9132555,20.208934001857415
1790423752.9137821,24.698584020370618
1790423752.913851,6.573665974428877
1790423752.9193037,1.3080190110486
1790423752.926225,1.62680700304918
1790423752.926749,1.3549190189223737
1790423752.92799,1.2339129752945155
1790423752.9441833,1.9940639904234558
1790423752.9480524,1.9871779950335622
1790423752.9490397,1.7308369860984385
1790423752.9537454,2.514686988433823
1790423752.9563522,5.81511901691556
1790423752.957125,3.369263024069369
1790423752.9572017,24.277807999169454
1790423752.9575837,2.69996200222522
1790423752.9611473,1.5356969961430877
1790423752.9743679,1.6966219991445541
1790423752.9883454,12.921474990434945
1790423752.9884424,22.765311994589865
1790423752.98926,36.065582011360675
1790423752.989922,21.894612000323832
1790423752.9903655,34.549953998066485
1790423752.9904442,13.456639018841088
1790423752.993834,2.0473499898798764
1790423752.9939392,2.7987280045636
1790423752.9964187,9.328101994469762
1790423753.0023987,30.37901400239207
1790423753.0033176,32.572055992204696
1790423753.00341,20.685569994384423
1790423753.004359,1.784785999916494
1790423753.0186765,2.3908690200187266
1790423753.0191605,29.888382996432483
1790423753.019237,11.816952988738194
1790423753.0202842,1.586039987159893
1790423753.0248592,2.6956869987770915
1790423753.028115,1.804151979740709
1790423753.0324545,19.052025018027052
1790423753.0325875,8.33144600619562
1790423753.0328872,27.436655975179747
1790423753.034111,3.413300000829622
1790423753.0342236,2.457828988553956
1790423753.0349352,1.264893013285473
1790423753.0370924,2.1486539917532355
1790423753.0378203,2.0556300005409867
1790423753.0380385,1.4872050087433308
1790423753.043397,1.6084650123957545
1790423753.044718,1.3116819900460541
1790423753.0479038,1.8711159937083721
1790423753.0488021,1.3158469810150564
1790423753.0519335,2.3580399865750223
1790423753.055702,1.4277449809014797
1790423753.057227,1.4258529990911484
1790423753.0604286,1.85899599455297
1790423753.0650196,1.2433610099833459
1790423753.0695782,19.315599027322605
1790423753.070451,24.870041001122445
1790423753.0705328,2.4271649890579283
1790423753.0705981,10.589694982627407
1790423753.0734696,1.402064983267337
1790423753.0765367,1.2979540042579174
1790423753.0892763,1.76928099244833
1790423753.093024,1.8629349942784756
1790423753.0941725,2.2433699923567474
1790423753.095167,26.53955898131244
1790423753.0957336,12.387544993543997
1790423753.0958114,2.6299259916413575
1790423753.1081758,2.085286017972976
1790423753.1331894,17.582089989446104
1790423753.14624,18.80155599792488
1790423753.147138,29.754945979220793
1790423753.1473398,34.706528997048736
1790423753.1524267,29.678440012503415
1790423753.153045,1.965984993148595
1790423753.1626132,52.323629992315546
1790423753.163252,54.578277020482346
1790423753.163391,45.03232499700971
1790423753.16879,56.837961019482464
1790423753.1692789,39.766378002241254
1790423753.1742826,7.123818009858951
1790423753.174807,55.61505298828706
1790423753.1755395,14.021770999534056
1790423753.1756759,54.51461797929369
1790423753.1761222,34.02025002287701
1790423753.1762197,66.61740300478414
1790423753.1784625,1.654980005696416
1790423753.1802623,29.90674099419266
1790423753.180916,16.046080010710284
1790423753.1809938,31.215950002660975
1790423753.1816418,26.746518997242674
1790423753.1817694,10.890790988923982
1790423753.1818569,65.57222999981605
1790423753.1860547,1.345452998066321
1790423753.1867273,31.223483005305752
1790423753.1910722,1.2825670128222555
1790423753.1943128,1.2622479989659041
1790423753.201042,1.8953179824166
1790423753.2010968,1.4714830031152815
1790423753.205079,1.3540369982365519
1790423753.22266,4.240895010298118
1790423753.2231498,7.524679997004569
1790423753.223691,6.493171997135505
1790423753.2238073,7.624794990988448
1790423753.2239184,12.454372976208106
1790423753.223978,25.284654984716326
1790423753.2248325,8.115427976008505
1790423753.2265818,3.421298984903842
1790423753.226665,3.994708997197449
1790423753.2277026,1.9830930104944855
1790423753.2314613,1.218562014400959
1790423753.2330863,1.4497690135613084
1790423753.235846,1.854967005783692
1790423753.251321,25.210254010744393
1790423753.2515001,27.242217998718843
1790423753.2515955,2.933021984063089
1790423753.2705874,36.13832700648345
1790423753.2712605,15.661104989703745
1790423753.2720037,7.538180972915143
1790423753.275584,16.926493000937626
1790423753.276538,30.389644991373643
1790423753.2766345,5.3613290074281394
1790423753.279395,19.97681098873727
1790423753.279463,30.00461999909021
1790423753.2812924,1.567446015542373
1790423753.289658,27.233070984948426
1790423753.2908976,2.02396500390023
1790423753.2915833,35.26701399823651
1790423753.291727,7.997957989573479
1790423753.2992423,13.354797003557906
1790423753.299325,30.162034992827103
1790423753.3112977,1.4543920115102082
1790423753.3133883,1.595462003024295
1790423753.3152816,1.4330929843708873
1790423753.3212056,1.2570819817483425
1790423753.329317,25.65758000127971
1790423753.3294082,11.846039007650688
1790423753.3309863,1.4142510190140456
1790423753.3316863,1.4101910055615008
1790423753.3357956,1.6515479946974665
1790423753.3373559,1.43758999183774
1790423753.341053,1.9832239777315408
1790423753.3437154,3.1140189967118204
1790423753.3466196,1.7291260010097176
1790423753.3491132,1.8566270009614527
1790423753.3567357,15.52019701921381
1790423753.3569536,22.238662000745535
1790423753.3573647,8.38610902428627
1790423753.3576496,30.967739003244787
1790423753.3623114,1.7712860135361552
1790423753.3627732,1.682820002315566
1790423753.368901,6.11874699825421
1790423753.3690097,31.475686992052943
1790423753.3692462,14.647534000687301
1790423753.3696532,2.061410981696099
1790423753.3705616,28.621610981645063
1790423753.3706682,4.215616005240008
1790423753.3761656,4.6154820010997355
1790423753.376963,2.1349460002966225
1790423753.377859,4.12903301184997
1790423753.3814294,22.44262199383229
1790423753.3870745,22.399962996132672
1790423753.3899004,17.51512399641797
1790423753.3911076,11.56638900283724
1790423753.3912032,35.467204987071455
1790423753.3927174,2.802969014737755
1790423753.4035661,31.050722987856716
1790423753.4057107,23.605402995599434
1790423753.4058537,4.312457982450724
1790423753.4063888,14.758211997104809
1790423753.4066129,23.934814002132043
1790423753.4069905,36.91256800084375
1790423753.4072068,30.1775389816612
1790423753.4074135,10.224327998002991
1790423753.40816,2.297107974300161
1790423753.4107428,25.82711400464177
1790423753.4110978,30.928819003747776
1790423753.4115198,13.241789012681693
1790423753.4130106,1.4819019997958094
1790423753.4141572,2.0437939965631813
1790423753.4154701,2.290235017426312
1790423753.4158337,1.667844015173614
1790423753.4160678,2.0582499855663627
1790423753.418365,2.176698006223887
1790423753.419691,2.867305011022836
1790423753.4198718,2.080965001368895
1790423753.4206445,2.0335410081315786
1790423753.421301,1.3211230107117444
1790423753.422528,1.2181820056866854
1790423753.4251535,1.5151789993979037
1790423753.42542,1.336813991656527
1790423753.427587,1.3172560138627887
1790423753.4316761,1.277265982935205
1790423753.433316,1.3495020102709532
1790423753.4372404,2.3398219782393426
1790423753.437354,1.9884509965777397
1790423753.4379997,1.7271619872190058
1790423753.4386985,1.2464229948818684
1790423753.4426181,1.1517289967741817
1790423753.4457603,1.2093549885321409
1790423753.446903,1.1341619829181582
1790423753.4544957,1.438308012438938
1790423753.4557064,1.2023320014122874
1790423753.470972,1.5476839907933027
1790423753.4768267,3.5774139978457242
1790423753.476925,21.176675014430657
1790423753.4808164,1.226700987899676
1790423753.487893,3.692992002470419
1790423753.4903219,2.417007985059172
1790423753.492148,14.02764199883677
1790423753.4927092,23.821437993319705
1790423753.4933453,8.451991016045213
1790423753.4934096,4.139954980928451
1790423753.5001915,12.876951979706064
1790423753.501303,22.68821999314241
1790423753.501371,15.818640007637441
1790423753.501836,27.127753011882305
1790423753.5019462,11.425183998653665
1790423753.5105789,4.336103011155501
1790423753.5137582,19.362652994459495
1790423753.5138335,27.827893994981423
1790423753.5164185,1.3925319944974035
1790423753.5261605,1.8054470128845423
1790423753.5315723,28.3161349943839
1790423753.5319066,6.905114016262814
1790423753.5320468,20.45232302043587
1790423753.5339255,24.111978011205792
1790423753.5339925,7.374254986643791
1790423753.5371215,1.424749003490433
1790423753.5422597,25.660544983111322
1790423753.5424714,7.782491011312231
1790423753.543278,2.0864020043518394
1790423753.5436802,3.2768319942988455
1790423753.5447962,1.9009799871128052
1790423753.5452254,1.4445520064327866
1790423753.547639,1.566210004966706
1790423753.5481749,1.3687960163224488
1790423753.5499167,1.160123007139191
1790423753.5523462,2.1359439997468144
1790423753.552468,1.8600329931359738
1790423753.5539386,2.7786429855041206
1790423753.5548136,2.1696680050808936
1790423753.555714,1.4628040080424398
1790423753.555788,2.2878530144225806
1790423753.5575716,1.370229001622647
1790423753.558873,1.2129759998060763
1790423753.5658848,1.149404008174315
1790423753.5683513,1.3479100016411394
1790423753.569945,1.2012749793939292
1790423753.5822082,20.895154011668637
1790423753.5828784,22.07826598896645
1790423753.5829742,6.931465002708137
1790423753.5874157,1.6435750003438443
1790423753.5990326,1.7617330013308674
1790423753.601315,1.4854920154903084
1790423753.6028128,25.66028799628839
1790423753.6032598,18.026742996880785
1790423753.603343,2.749089995631948
1790423753.603934,1.7781849892344326
1790423753.609809,1.3900450139772147
1790423753.6110632,1.2462470040190965
1790423753.61812,2.802620001602918
1790423753.6321445,1.8114470003638417
1790423753.632803,1.825556013500318
1790423753.6372879,18.05890299146995
1790423753.6378498,28.83817898691632
1790423753.638673,5.071280000265688
1790423753.6464796,26.727688004029915
1790423753.6475573,30.68956299102865
1790423753.6478796,12.890751997474581
1790423753.648853,4.1233429801650345
1790423753.6557992,1.4626279880758375
1790423753.6658156,30.273095006123185
1790423753.6672418,19.348645000718534
1790423753.6680484,35.19107200554572
1790423753.668159,11.734254978364334
1790423753.6697989,1.4600400172639638
1790423753.6740856,14.05954800429754
1790423753.674451,23.969561996636912
1790423753.6746967,32.04010898480192
1790423753.6748729,25.679532991489395
1790423753.675022,40.66608299035579
1790423753.6754937,38.19271799875423
1790423753.6755552,17.27731298888102
1790423753.6764264,5.473222001455724
1790423753.6768937,35.78376199584454
1790423753.6772056,4.9791570054367185
1790423753.687883,25.56895898305811
1790423753.688725,8.87939301901497
1790423753.68885,31.951565004419535
1790423753.701731,18.268027022713795
1790423753.7018087,28.155090025393292
1790423753.706224,22.189636016264558
1790423753.706335,30.349912005476654
1790423753.7140787,35.084003990050405
1790423753.7239838,12.819710973417386
1790423753.7373571,21.740000986028463
1790423753.738079,36.15068399813026
1790423753.7383556,11.394469998776913
1790423753.7406254,12.558909016661346
1790423753.7416263,22.393913008272648
1790423753.741805,37.13912397506647
1790423753.742224,4.5855880016461015
1790423753.7428784,42.76455598301254
1790423753.7453291,25.444139988394454
1790423753.7454417,4.80557800619863
1790423753.7460227,34.21028301818296
1790423753.7460952,14.439393009524792
1790423753.7462423,4.00817597983405
1790423753.7463248,33.22969801956788
1790423753.7554843,1.5914450050331652
1790423753.7571943,34.64955399977043
1790423753.7575698,1.7618099809624255
1790423753.7582338,32.034144998760894
1790423753.7588124,22.442225978011265
1790423753.7588758,15.588322014082223
1790423753.7676976,1.5933880058582872
1790423753.7697809,18.613898020703346
1790423753.769865,30.834250996122137
1790423753.7773309,1.387821015669033
1790423753.781189,1.9610690069384873
1790423753.7828581,1.5336310025304556
1790423753.7982278,20.87425100035034
1790423753.798642,30.120833980618045
1790423753.7987878,14.876312023261562
1790423753.7999494,4.978047974873334
1790423753.8063934,21.958850004011765
1790423753.8065233,28.553265001391992
1790423753.8078036,18.601349991513416
1790423753.80792,8.659661980345845
1790423753.8090699,33.69729800033383
1790423753.8091874,6.517075002193451
1790423753.8096843,22.129274992039427
1790423753.8098066,29.484383994713426
1790423753.8204947,30.73179500643164
1790423753.8205612,11.61652899463661
1790423753.8370845,18.663914990611374
1790423753.8378053,40.93185201054439
1790423753.8396983,14.676860009785742
1790423753.8398163,29.52594801899977
1790423753.839897,6.422839011065662
1790423753.8484242,17.786204000003636
1790423753.8514783,21.57937898300588
1790423753.8574805,21.814892010297626
1790423753.8580384,28.76553000533022
1790423753.859265,40.20230600144714
1790423753.873076,52.39369301125407
1790423753.874148,39.77163400850259
1790423753.875025,30.185212002834305
1790423753.8799376,29.591867001727223
1790423753.880992,22.543337021488696
1790423753.8811443,28.255155018996447
1790423753.8872883,44.35078499955125
1790423753.8880038,42.65087499516085
1790423753.8886194,5.393675004597753
1790423753.8907871,2.15694701182656
1790423753.894173,69.77173799532466
1790423753.8945124,37.766107998322695
1790423753.8946517,50.998185004573315
1790423753.8947625,22.54904998699203
1790423753.8948555,10.95168897882104
1790423753.9035106,61.98577999020927
1790423753.9040031,54.32309600291774
1790423753.909676,54.77234997670166
1790423753.9105644,32.461857015732676
1790423753.9107497,63.28598098480143
1790423753.9108677,26.2268100050278
1790423753.91634,16.494500974658877
1790423753.9185624,38.610282994341105
1790423753.9195838,77.22251699306071
1790423753.9196746,60.11757199303247
1790423753.9211073,13.78588197985664
1790423753.921669,6.9078870001249015
1790423753.9218237,36.009506991831586
1790423753.923374,24.062344018602744
1790423753.9239712,34.036552999168634
1790423753.9250503,9.726440999656916
1790423753.9251592,4.602402012096718
1790423753.9258285,14.564145007170737
1790423753.9275687,3.4497790038585663
1790423753.9309442,2.523282018955797
1790423753.9323418,19.55272100167349
1790423753.936732,20.09840600658208
1790423753.9376032,39.51743198558688
1790423753.938215,13.606266002170742
1790423753.9394743,10.388929978944361
1790423753.9398525,5.575924995355308
1790423753.9399552,3.8303159817587584
1790423753.9402034,12.621709000086412
1790423753.943331,29.588107019662857
1790423753.9442742,36.38086098362692
1790423753.9450555,27.879041008418426
1790423753.9461627,13.58896799501963
1790423753.9463148,2.9696679848711938
1790423753.946396,20.36230597877875
1790423753.955915,2.3128569882828742
1790423753.956248,2.1395070070866495
1790423753.9575224,24.25517898518592
1790423753.958113,36.15017898846418
1790423753.9586322,11.431966995587572
1790423753.9587681,4.092763992957771
1790423753.965851,2.3694660048931837
1790423753.9664054,2.4202880158554763
1790423753.96703,2.331299998331815
1790423753.9696844,19.737673021154478
1790423753.970025,11.247231013840064
1790423753.9708655,2.0071349863428622
1790423753.970983,5.121393012814224
1790423753.9710588,36.109073989791796
1790423753.9724524,1.2818799878004938
1790423753.9743757,1.261826982954517
1790423753.9777815,1.4152340008877218
1790423753.9804146,1.297210023039952
1790423753.9845223,1.290340005652979
1790423753.9893553,3.900584008079022
1790423753.9898255,3.8923130196053535
1790423754.0080616,20.382582006277516
1790423754.008233,27.41037600208074
1790423754.0133264,2.56250097299926
1790423754.0179806,29.628547985339537
1790423754.0181847,5.78394701005891
1790423754.0182595,21.384652005508542
1790423754.0190682,27.033315011067316
1790423754.0215204,35.03404199727811
1790423754.021645,10.305097996024415
1790423754.0299258,22.414441977161914
1790423754.0331392,32.03585100709461
1790423754.0332701,17.20743498299271
1790423754.0375488,1.7876730125863105
1790423754.043078,1.8503549799788743
1790423754.0487087,14.179845980834216
1790423754.0492961,5.4001910029910505
1790423754.049424,29.164505016524345
1790423754.0497463,27.63272699667141
1790423754.051257,31.499695003731176
1790423754.0513752,9.628672996768728
1790423754.052251,2.177159010898322
1790423754.0526643,1.932726998347789
1790423754.055912,1.2274770124349743
1790423754.060457,1.27602499560453
1790423754.062311,1.242886995896697
1790423754.0646546,17.555806000018492
1790423754.0663726,22.990231023868546
1790423754.0664716,9.16529298410751
1790423754.067565,1.6377079882659018
1790423754.0685265,1.6543219971936196
1790423754.06917,1.2805769802071154
1790423754.0717466,1.3042910140939057
1790423754.072033,1.1876019998453557
1790423754.0754802,1.746905007166788
1790423754.0760412,1.7913329938892275
1790423754.0798852,1.2648590200114995
1790423754.0896256,1.8182780186180025
1790423754.0905168,1.3036289892625064
1790423754.0963979,2.4755329941399395
1790423754.0965264,3.099821973592043
1790423754.0967493,4.005978989880532
1790423754.0968277,21.458853996591642
1790423754.0972095,2.5928550167009234
1790423754.1003017,1.2725660053547472
1790423754.105976,1.4467519940808415
1790423754.1085713,1.8125470087397844
1790423754.1139104,1.9934700103476644
1790423754.1179106,1.6445060027763247
1790423754.1221037,1.7635569965932518
1790423754.1249487,1.9661489932332188
1790423754.1275074,23.772373009705916
1790423754.1280806,15.576759993564337
1790423754.12849,29.9326209933497
1790423754.1285813,4.742098011774942
1790423754.1472719,18.333958025323227
1790423754.147346,26.349288993515074
1790423754.1573236,1.916100998641923
1790423754.161926,2.975863986648619
1790423754.1640003,1.880152994999662
1790423754.1646273,1.548943022498861
1790423754.1692073,25.753246998647228
1790423754.1692812,8.988550980575383
1790423754.1693573,32.15543198166415
1790423754.1743507,2.3959999962244183
1790423754.1761637,24.515437020454556
1790423754.1764386,15.081088000442833
1790423754.176957,28.116916015278548
1790423754.1770575,4.5275960001163185
1790423754.1918375,1.6338610148523003
1790423754.1941035,2.255481987958774
1790423754.194817,2.3674189869780093
1790423754.1957493,1.6342889866791666
1790423754.1966357,17.54537600209005
1790423754.1973712,24.07194799161516
1790423754.1974595,4.423038015374914
1790423754.2016056,1.8383629794698209
1790423754.203945,1.474443997722119
1790423754.2063324,1.4490719768218696
1790423754.206585,1.2647039839066565
1790423754.208463,1.1950409971177578
1790423754.2109933,1.2428259942680597
1790423754.212404,1.4022669929545373
1790423754.2148542,1.9116909825243056
1790423754.2149312,2.517457993235439
1790423754.2151713,1.8165369983762503
1790423754.2282648,1.821262005250901
1790423754.239038,1.8126939830835909
1790423754.2393477,1.5664410020690411
1790423754.2497776,22.349117003614083
1790423754.2498584,25.337650993606076
1790423754.2506564,24.774846009677276
1790423754.2507184,14.569341001333669
1790423754.2578037,2.4930729996412992
1790423754.2584906,1.9284290028735995
1790423754.268129,1.7863439861685038
1790423754.2721944,2.619351987959817
1790423754.2723706,26.260012993589044
1790423754.2724586,10.347503994125873
1790423754.273502,2.4014380178414285
1790423754.281653,25.79916498507373
1790423754.2817178,15.95821199589409
1790423754.2832425,1.27846299437806
1790423754.2891803,1.5415009984280914
1790423754.2898023,1.4738879981450737
1790423754.2932239,1.1790170101448894
1790423754.2943234,1.0920540080405772
1790423754.3063734,1.4076060033403337
1790423754.3097503,1.234583993209526
1790423754.3148596,1.5177179884631187
1790423754.3152142,17.23571098409593
1790423754.3152697,20.633551001083106
1790423754.319346,2.5102950166910887
1790423754.3212287,2.365221007494256
1790423754.3213232,3.2610800117254257
1790423754.3236625,2.054615004453808
1790423754.3237662,1.7172250081785023
1790423754.331601,2.827963005984202
1790423754.3348658,4.496683017350733
1790423754.3369179,2.0358010078780353
1790423754.3382177,2.6095999928656965
1790423754.3441203,17.182355979457498
1790423754.348634,20.962590002454817
1790423754.3520586,32.38168900134042
1790423754.3526328,9.444214985705912
1790423754.3530407,20.702670997707173
1790423754.3543644,20.597822993295267
1790423754.354762,9.439976973226294
1790423754.3565729,1.6961740038823336
1790423754.3582048,32.583668013103306
1790423754.3586502,3.142432018648833
1790423754.3605642,1.6937520122155547
1790423754.3609598,1.554246002342552
1790423754.3681083,1.9417190051171929
1790423754.3683898,16.860975010786206
1790423754.3686116,11.103804019512609
1790423754.368728,29.523673001676798
1790423754.3692355,3.908806014806032
1790423754.370096,19.226954987971112
1790423754.3709173,33.28764199977741
1790423754.371031,14.449148991843686
1790423754.3710978,6.8306479952298105
1790423754.3739471,2.678565011592582
1790423754.3740294,1.679901994066313
1790423754.3819437,2.021702006459236
1790423754.3964596,4.486736987018958
1790423754.3970296,5.590813001617789
1790423754.3996537,18.962636997457594
1790423754.3999805,3.509935981128365
1790423754.4000998,28.280432015890256
1790423754.4001822,5.96945799770765
1790423754.4002516,7.536413992056623
1790423754.402353,1.3660409895237535
1790423754.4050984,18.93001899588853
1790423754.4054017,26.07342100236565
1790423754.4057665,12.944276008056477
1790423754.4084966,1.967668009456247
1790423754.4110894,1.5707149868831038
1790423754.4121249,1.7845900147221982
1790423754.416259,1.310032996116206
1790423754.424351,28.319905017269775
1790423754.4246569,2.7318139909766614
1790423754.4247634,17.525515984743834
1790423754.425215,2.301653992617503
1790423754.4266016,1.377628999762237
1790423754.428773,1.2720449885819107
1790423754.431468,1.1363410158082843
1790423754.441296,1.4207249914761633
1790423754.4451096,2.092020004056394
1790423754.4458632,2.4286019906867296
1790423754.4469788,1.500295998994261
1790423754.461154,1.9303700246382505
1790423754.4630876,1.6135699988808483
1790423754.4746351,28.582597005879506
1790423754.474776,16.33775801747106
1790423754.4748697,8.542241994291544
1790423754.4817462,2.2384640178643167
1790423754.4848547,36.97865499998443
1790423754.4869845,1.7762670177035034
1790423754.4881399,18.029266997473314
1790423754.489704,25.395302014658228
1790423754.4953713,15.151497995248064
1790423754.495967,30.534143006661907
1790423754.496057,6.959383987123147
1790423754.4991522,28.236649988684803
1790423754.5016372,8.667271991726011
1790423754.5021172,35.03527498105541
1790423754.5022724,19.012721022590995
1790423754.5033696,1.722427987260744
1790423754.5045464,60.60255802003667
1790423754.5054712,37.62574997381307
1790423754.5059304,28.499535023001954
1790423754.5060966,8.77354500698857
1790423754.506517,22.410478995880112
1790423754.5079844,1.8773359770420939
1790423754.5089686,1.4112020144239068
1790423754.511016,1.397830987116322
1790423754.5188682,1.395636994857341
1790423754.5203378,1.3455660082399845
1790423754.5233374,22.62177100055851
1790423754.5246363,24.85139700002037
1790423754.524734,15.745326993055642
1790423754.525003,3.412218007724732
1790423754.528502,1.3834779965691268
1790423754.5337133,1.384839997626841
1790423754.535606,1.3252210046630353
1790423754.5381148,1.4417239872273058
1790423754.541745,1.209519017720595
1790423754.54348,1.505520020145923
1790423754.544787,1.2989990063942969
1790423754.5459542,1.9830419914796948
1790423754.5466537,1.6665199946146458
1790423754.547522,1.5592080017086118
1790423754.554828,2.1593240089714527
1790423754.5565047,1.3588090077973902
1790423754.5622277,1.7122540157288313
1790423754.5647092,1.8406999879516661
1790423754.5724227,2.3964449937921017
1790423754.5753682,2.0356900058686733
1790423754.5777864,3.3900639973580837
1790423754.579619,26.544719992671162
1790423754.5798087,8.585614006733522
1790423754.580102,23.327401984715834
1790423754.5807946,3.5767049994319677
1790423754.5822175,3.467369999270886
1790423754.5823638,5.929259990807623
1790423754.5834796,1.8911219958681613
1790423754.5926762,2.141665987437591
1790423754.6105115,17.62047698139213
1790423754.6154504,27.96591800870374
1790423754.6281164,33.47982498235069
1790423754.6291218,33.03748500184156
1790423754.631161,44.53209898201749
1790423754.6313403,46.75628800760023
1790423754.6320798,24.909489991841838
1790423754.6359534,14.968430972658098
1790423754.6365123,27.238028997089714
1790423754.6369474,26.02963597746566
1790423754.637897,31.593747000442818
1790423754.6396,6.197612994583324
1790423754.6451485,20.463055989239365
1790423754.6465287,30.073956993874162
1790423754.647145,12.118116981582716
1790423754.6489089,65.09585698950104
1790423754.653785,33.32147799665108
1790423754.658261,59.70488299499266
1790423754.6596048,27.5069450144656
1790423754.660816,42.449060012586415
1790423754.6647124,14.40783598809503
1790423754.6719816,45.77354801585898
1790423754.6749716,29.603870993014425
1790423754.6764054,18.89542199205607
1790423754.6778376,21.697020973078907
1790423754.679267,35.510882997186854
1790423754.679609,40.45712799415924
1790423754.680915,19.424202997470275
1790423754.6817124,13.107478996971622
1790423754.6834397,15.508306008996442
1790423754.6835392,75.47319299192168
1790423754.6836147,53.840570006286725
1790423754.6837027,10.50772299640812
1790423754.6841316,10.121416009496897
1790423754.6844792,20.546480984194204
1790423754.6847982,33.54917501565069
1790423754.6857574,16.089353011921048
1790423754.6860776,10.316086991224438
1790423754.686956,44.11160200834274
1790423754.6870575,27.114995988085866
1790423754.687184,20.438400999410078
1790423754.6874027,53.235234023304656
1790423754.6875546,21.75467199413106
1790423754.6883433,17.93119902140461
1790423754.6889205,7.197393017122522
1790423754.6897318,7.572043978143483
1790423754.6900177,2.452240005368367
1790423754.6905372,1.3046780077274889
1790423754.6919994,1.3309619971551
1790423754.6965737,1.4360829954966903
1790423754.6968129,1.1837040074169636
1790423754.709923,1.4987510221544653
1790423754.7107375,1.6066319949459285
1790423754.715679,1.1034130002371967
1790423754.7185838,1.1494949867483228
1790423754.7205162,1.925181015394628
1790423754.7211683,1.2203789956402034
1790423754.7258976,1.308232982410118
1790423754.7265656,12.498223019065335
1790423754.7271614,21.21556000201963
1790423754.7272272,8.10346900834702
1790423754.7295048,1.413425983628258
1790423754.7324657,1.1316130112390965
1790423754.7355185,1.2576039880514145
1790423754.7395952,1.688803982688114
1790423754.742413,1.3860879989806563
1790423754.746086,12.885183008620515
1790423754.7465014,22.673912986647338
1790423754.746579,8.090046991128474
1790423754.7471328,2.462503995047882
1790423754.750842,17.054784984793514
1790423754.752006,24.37962099793367
1790423754.7521174,11.900929996045306
1790423754.7543583,1.2522840115707368
1790423754.7634053,3.2419019844383
1790423754.7638283,1.9886539957951754
1790423754.764335,1.7537130042910576
1790423754.7676735,1.9412590190768242
1790423754.77624,25.055107980733737
1790423754.7767174,9.815205994527787
1790423754.776852,15.91266697505489
1790423754.7893565,2.570890006609261
1790423754.7920067,4.133741982514039
1790423754.7921176,3.7141770008020103
1790423754.7964664,26.725500007160008
1790423754.7965832,21.72557098674588
1790423754.7970304,2.3787390091456473
1790423754.8134909,4.3343050056137145
1790423754.8141959,2.417476993286982
1790423754.8143008,4.587606992572546
1790423754.8178473,19.756265013711527
1790423754.8195934,9.249010996427387
1790423754.82081,30.660502990940586
1790423754.8212492,27.91727500152774
1790423754.8215945,10.5830859974958
1790423754.8229392,15.772814978845417
1790423754.8244607,2.2677659871988
1790423754.8317065,1.5678390045650303
1790423754.838679,17.074265982955694
1790423754.8449395,25.334734993521124
1790423754.8459837,13.781768997432664
1790423754.846083,23.133283015340567
1790423754.8461516,29.933734011137858
1790423754.8489313,19.906818022718653
1790423754.8490264,1.800673024263233
1790423754.849452,22.55686398711987
1790423754.85064,33.791764988563955
1790423754.8516207,4.946706001646817
1790423754.851818,17.05864997347817
1790423754.8519144,33.60710901324637
1790423754.852502,2.38345202524215
1790423754.8662477,1.2878539855591953
1790423754.8711896,20.055515022249892
1790423754.8822134,2.3033510078676045
1790423754.882511,2.110052009811625
1790423754.8924592,1.519280020147562
1790423754.897858,14.293856016593054
1790423754.8981433,23.01127099781297
1790423754.8982074,1.6890350088942796
1790423754.9058108,1.6586219717282802
1790423754.9071422,20.262496982468292
1790423754.9073033,26.784095010953024
1790423754.9125416,2.695234987186268
1790423754.925079,13.897172000724822
1790423754.9311712,38.43892499571666
1790423754.9408813,19.833379017654806
1790423754.9413245,15.662039018934593
1790423754.9422565,23.565108014736325
1790423754.9504364,37.339189992053434
1790423754.95296,46.97462901822291
1790423754.95528,12.770992994774133
1790423754.9553716,37.83335999469273
1790423754.9558299,57.21547701978125
1790423754.9592922,38.953202980337664
1790423754.959969,33.5049890272785
1790423754.960057,12.891758990008384
1790423754.9622517,1.9334499957039952
1790423754.9643292,31.3976030156482
1790423754.966165,1.4707419904880226
1790423754.967315,18.17244797712192
1790423754.9673846,45.479112974135205
1790423754.971692,34.75538801285438
1790423754.9717958,61.4078099897597
1790423754.9722884,36.36106199701317
1790423754.9723694,21.47798700025305
1790423754.9739673,1.3170599995646626
1790423754.9785922,2.783557982183993
1790423754.9794295,2.828420983860269
1790423754.9796934,2.1013620134908706
1790423754.9797437,1.6141009982675314
1790423754.9839814,1.0434960131533444
1790423754.9884336,1.0589630110189319
1790423754.9908717,1.20734897791408
1790423755.001974,1.522637001471594
1790423755.0042562,1.5176439774222672
1790423755.0067978,5.5377010139636695
1790423755.0072916,3.752295975573361
1790423755.00767,21.6189359780401
1790423755.0078418,23.03470397600904
1790423755.0081007,2.818401000695303
1790423755.0081623,3.4833429963327944
1790423755.0209222,1.4036590000614524
1790423755.022013,1.8153749988414347
1790423755.025648,1.4150719798635691
1790423755.0347295,1.687801006482914
1790423755.0397139,22.530426998855546
1790423755.0408301,25.558356021065265
1790423755.0417085,15.642000013031065
1790423755.0417824,3.838154982076958
1790423755.0424843,2.7605970099102706
1790423755.0459108,1.397731015458703
1790423755.0483882,1.8062210001517087
1790423755.049788,19.603046006523073
1790423755.0504453,28.128500998718664
1790423755.0505297,7.597934018122032
1790423755.0523365,1.5341609832830727
1790423755.0579834,2.627341018524021
1790423755.0599911,2.8409429942257702
1790423755.0728834,28.946186997927725
1790423755.0737114,21.226254000794142
1790423755.0742283,33.38714799610898
1790423755.0743172,15.51121097872965
1790423755.0747602,10.201836994383484
1790423755.0775049,23.562936985399574
1790423755.0781958,18.71727200341411
1790423755.0783231,29.67105997959152
1790423755.0790052,12.760287994751707
1790423755.0797164,10.246185993310064
1790423755.0798335,9.073788009118289
1790423755.0860305,1.654419000260532
1790423755.08756,25.452717003645375
1790423755.0879307,27.489823987707496
1790423755.0901651,3.897957009030506
1790423755.090459,11.962585005676374
1790423755.091028,32.927035994362086
1790423755.0921154,7.026071980362758
1790423755.0926762,24.795151985017583
1790423755.0927591,31.70075998059474
1790423755.0928824,25.794205983402207
1790423755.093006,21.79832599358633
1790423755.0938714,1.7438509967178106
1790423755.0964162,1.3124460238032043
1790423755.1024475,18.82626599399373
1790423755.1045613,4.333408985985443
1790423755.104733,34.581790008815005
1790423755.1051111,4.221544018946588
1790423755.1055512,14.188628003466874
1790423755.1062417,2.4312110035680234
1790423755.1063054,2.944031002698466
1790423755.1063697,4.784000979270786
1790423755.1167772,1.4431430026888847
1790423755.1225474,1.1718480091076344
1790423755.1245654,1.2362480047158897
1790423755.1259174,1.3423130149021745
1790423755.1365237,2.0335099834483117
1790423755.1501553,12.238594004884362
1790423755.1502526,22.9334750038106
1790423755.1526623,2.3228130012284964
1790423755.1553967,14.765877975150943
1790423755.1555126,23.34051500656642
1790423755.1561415,5.313283996656537
1790423755.1582963,1.9899820035789162
1790423755.1586478,1.8051709921564907
1790423755.1652455,29.36278801644221
1790423755.1655762,22.143380978377536
1790423755.1661592,5.868465988896787
1790423755.166306,14.710810995893553
1790423755.166378,3.3566199999768287
1790423755.1671991,3.4527149982750416
1790423755.1706762,1.33849898702465
1790423755.172458,24.07029998721555
1790423755.172882,1.4636669948231429
1790423755.1735113,27.172861999133602
1790423755.1739018,18.207918998086825
1790423755.1744328,13.651732006110251
1790423755.1745062,7.794214994646609
1790423755.1763804,1.2495919945649803
1790423755.1792047,1.2655749742407352
1790423755.1811435,1.3283329899422824
1790423755.1854675,16.612295003142208
1790423755.185761,8.869790006428957
1790423755.1860003,23.672172013903037
1790423755.1861007,26.73690699157305
1790423755.1863925,3.0873689975123852
1790423755.1869557,2.1152709960006177
1790423755.1901238,1.3483079965226352
1790423755.1959617,2.1773719927296042
1790423755.2008317,1.5510240045841783
1790423755.2038403,2.518862980650738
1790423755.2046218,1.8817700038198382
1790423755.2169793,2.0462289976421744
1790423755.2188172,24.516724981367588
1790423755.2189643,17.06988801015541
1790423755.219821,1.7012330063153058
1790423755.2267063,2.0576019887812436
1790423755.2368138,29.276945017045364
1790423755.2369006,10.858723020646721
1790423755.2467582,2.1834090002812445
1790423755.2468505,2.847839001333341
1790423755.2547789,15.715583984274417
1790423755.2549095,9.671666019130498
1790423755.254988,30.925853992812335
1790423755.2561543,2.465174999088049
1790423755.2567327,1.531599002191797
1790423755.260065,1.2202209909446537
1790423755.260882,19.615461002103984
1790423755.2609828,28.118543996242806
1790423755.262151,2.779728005407378
1790423755.262229,12.949130003107712
1790423755.2627513,1.6488019900862128
1790423755.2730641,1.4209200162440538
1790423755.2780318,1.5792599879205227
1790423755.2849941,19.775750988628715
1790423755.2880003,1.3957239862065762
1790423755.2884984,1.1913189955521375
1790423755.2955687,1.275982998777181
1790423755.2993736,20.92232200084254
1790423755.2994628,7.654504996025935
1790423755.3076112,1.9530449935700744
1790423755.3084207,2.1702609956264496
1790423755.3135717,1.369703997625038
1790423755.3195915,23.980077996384352
1790423755.3213766,2.8130350110586733
1790423755.3271704,3.0656860035378486
1790423755.3277726,3.1334820087067783
1790423755.3281918,8.555531996535137
1790423755.3297005,4.34335699537769
1790423755.3311405,1.429041993105784
1790423755.3325222,1.3719569833483547
1790423755.3466735,2.1216790191829205
1790423755.3488986,20.69446400855668
1790423755.349054,28.731681988574564
1790423755.349138,11.819097999250516
1790423755.3548162,25.696597003843635
1790423755.3549047,16.88803799333982
1790423755.3549888,28.384848003042862
1790423755.3572762,1.4258949959184974
1790423755.3591633,1.590902975294739
1790423755.362668,1.325093995546922
1790423755.378601,1.7457750218454748
1790423755.3789816,1.5012619842309505
1790423755.3811438,22.582928999327123
1790423755.3812652,16.969373013125733
1790423755.3818383,1.7839620122686028
1790423755.3833706,1.3275030069053173
1790423755.3866336,1.2867379991803318
1790423755.387212,1.3735500106122345
1790423755.392759,1.6057839966379106
1790423755.393113,1.5343810082413256
1790423755.3969824,1.9383990147616714
1790423755.3983552,2.124616992659867
1790423755.3992,2.0419880165718496
1790423755.404298,1.3274670054670423
1790423755.4200587,24.44925098097883
1790423755.4201634,14.159229991491884
1790423755.4202316,2.720705990213901
1790423755.4277298,1.4863779942970723
1790423755.4305763,21.046335983555764
1790423755.4307075,16.37388500967063
1790423755.4311035,1.5599869948346168
1790423755.4358344,1.572405017213896
1790423755.43644,1.2969950039405376
1790423755.4441023,2.0375879830680788
1790423755.4448326,1.8666560063138604
1790423755.445318,1.59576500300318
1790423755.446479,1.1514930229168385
1790423755.4482386,1.1115480156149715
1790423755.4526558,1.0938970081042498
1790423755.4569604,1.4709579991176724
1790423755.4618602,1.3685490121133626
1790423755.4678562,2.081612008623779
1790423755.4783204,21.97235799394548
1790423755.4784098,12.045172014040872
1790423755.478599,25.45080700656399
1790423755.4807954,2.1427139872685075
1790423755.4819381,1.7515259969513863
1790423755.4849217,25.412972987396643
1790423755.4856045,12.736346980091184
1790423755.4863036,29.12794498843141
1790423755.4865475,2.9781969788018614
1790423755.4899664,1.473770011216402
1790423755.4950018,2.1929409995209426
1790423755.4961321,2.3842660011723638
1790423755.5022333,27.006700984202325
1790423755.5037222,3.0409850005526096
1790423755.50381,18.195645010564476
1790423755.505477,34.407849016133696
1790423755.5060923,11.653421010123566
1790423755.5071607,4.376478987978771
1790423755.5093188,1.290004001930356
1790423755.524807,28.35792800760828
1790423755.5253472,22.085114993387833
1790423755.5267785,27.295705978758633
1790423755.52933,25.26616700924933
1790423755.529449,31.35658599785529
1790423755.5295494,14.566074998583645
1790423755.529653,6.386366992956027
1790423755.5368383,14.931315992726013
1790423755.5373895,27.298075990984216
1790423755.5381877,22.69810001598671
1790423755.5382822,33.547083992743865
1790423755.5386178,16.06116199400276
1790423755.538684,4.402836988447234
1790423755.5388582,11.879951023729518
1790423755.5389352,33.44513301271945
1790423755.5420353,46.51859498699196
1790423755.5517638,38.24963798979297
1790423755.557456,27.222657023230568
1790423755.5576265,26.846913009649143
1790423755.5614095,18.143736000638455
1790423755.5684721,56.31689299480058
1790423755.572185,33.037866989616305
1790423755.5723476,16.165023989742622
1790423755.5741682,39.10246302257292
1790423755.5758014,30.68094002082944
1790423755.5765827,33.849992003524676
1790423755.5789366,25.51866602152586
1790423755.5798323,25.119083002209663
1790423755.5868638,25.443098013056442
1790423755.5946212,29.749865003395826
1790423755.5952046,48.77023701556027
1790423755.5953107,22.56246202159673
1790423755.5954015,41.33858601562679
1790423755.603484,40.19308800343424
1790423755.6042001,36.26064900890924
1790423755.604842,34.74861299037002
1790423755.6049185,5.457750987261534
1790423755.6072655,14.034146995982155
1790423755.607368,40.55256300489418
1790423755.607446,45.51982201519422
1790423755.6176038,2.3969360045157373
1790423755.6179721,1.8137440201826394
1790423755.6207294,46.547139005269855
1790423755.620847,13.277969002956524
1790423755.6211932,45.24858098011464
1790423755.6213448,55.42146498919465
1790423755.621409,4.296619998058304
1790423755.6214654,10.244156990665942
1790423755.6215272,38.45966199878603
1790423755.6216023,63.85185898398049
1790423755.6221366,3.179432009346783
1790423755.648008,24.091803992632776
1790423755.648813,14.021128008607775
1790423755.6500037,27.152170019689947
1790423755.6515152,5.7915579818654805
1790423755.654344,20.430114003829658
1790423755.6589715,29.296294000232592
1790423755.6593096,23.998875985853374
1790423755.6602643,21.996266004862264
1790423755.6646147,9.359274990856647
1790423755.6647437,3.266738000093028
1790423755.6658788,17.66430799034424
1790423755.6666515,34.35967399855144
1790423755.6674237,16.58463801140897
1790423755.667749,9.48524900013581
1790423755.680314,23.55188300134614
1790423755.6848235,23.848298005759716
1790423755.6853693,30.771641992032528
1790423755.6875541,40.615373000036925
1790423755.687644,48.803510988363996
1790423755.6884756,4.315597005188465
1790423755.6886377,20.63440898200497
1790423755.6887035,12.320979993091896
1790423755.6888967,38.46365597564727
1790423755.6915786,27.086369023891166
1790423755.6922584,39.92890799418092
1790423755.6927872,19.61869400111027
1790423755.6935153,15.222235000692308
1790423755.6941295,7.675695000216365
1790423755.6967247,22.616269998252392
1790423755.6988735,1.9953529990743846
1790423755.699703,32.935817987890914
1790423755.7004921,34.60194400395267
1790423755.701718,39.22772899386473
1790423755.7019756,20.524869993096218
1790423755.702666,9.616669005481526
1790423755.7028017,3.0882330029271543
1790423755.7039008,28.56195901404135
1790423755.7103536,28.74126599635929
1790423755.7127686,18.6177910072729
1790423755.7129502,11.814564990345389
1790423755.7130759,32.7038370014634
1790423755.7176301,22.933947009732947
1790423755.71797,7.2845270042307675
1790423755.7180753,27.826409990666434
1790423755.7183974,1.7689379747025669
1790423755.7233405,22.672068007523194
1790423755.7234025,11.151888000313193
1790423755.7236607,1.2355250073596835
1790423755.7372894,1.5162189956754446
1790423755.7387087,1.3022870116401464
1790423755.741931,1.2424769811332226
1790423755.7599907,6.822188996011391
1790423755.761509,7.541821018094197
1790423755.7618468,7.496030011679977
1790423755.7636971,3.6961979931220412
1790423755.7638083,4.529678990365937
1790423755.7760077,29.55289901001379
1790423755.7779753,16.980536020128056
1790423755.7796354,22.90686999913305
1790423755.7815897,10.353474994190037
1790423755.782399,5.040672986069694
1790423755.7824886,4.502557014347985
1790423755.782752,10.694024997064844
1790423755.7829585,10.195926006417722
1790423755.7830482,6.404378014849499
1790423755.7838182,25.144174986053258
1790423755.785811,1.680815010331571
1790423755.7904565,20.522509003058076
1790423755.7912128,30.90016101486981
1790423755.7914464,16.266132006421685
1790423755.791718,10.114788979990408
1790423755.7943537,1.5595130098517984
1790423755.8057463,2.2017750015947968
1790423755.815006,2.1775930072180927
1790423755.8261461,31.750072026625276
1790423755.826245,12.603190989466384
1790423755.8275597,26.497262995690107
1790423755.8280036,30.75416199862957
1790423755.8281095,23.55866300058551
1790423755.8295455,11.787036986788735
1790423755.8298266,19.619028986198828
1790423755.8302615,7.624943013070151
1790423755.8304713,6.506590987555683
1790423755.8321183,12.83500500721857
1790423755.8327804,3.954301995690912
1790423755.8329518,33.877346984809265
1790423755.833108,20.94230300281197
1790423755.8408172,2.832917991327122
1790423755.8414192,4.148046980844811
1790423755.844372,1.7777360044419765
1790423755.847735,2.277038001921028
1790423755.851634,21.148373984033242
1790423755.8517516,30.53366398671642
1790423755.853298,14.689714997075498
1790423755.853467,33.384501992259175
1790423755.8558323,3.286407998530194
1790423755.8559518,20.14257400878705
1790423755.8560972,16.458716010674834
1790423755.8561664,30.659451003884897
1790423755.8593378,3.4913879935629666
1790423755.859439,2.343372005270794
1790423755.861179,1.6029489925131202
1790423755.8685658,2.0922069961670786
1790423755.8692365,25.735281000379473
1790423755.8698087,12.854981992859393
1790423755.8745062,2.5982270017266273
1790423755.8824627,1.9535470055416226
1790423755.8885963,16.00320599391125
1790423755.888766,26.547749992460012
1790423755.890623,1.8076520063914359
1790423755.891316,1.7403149977326393
1790423755.9021273,9.268473979318514
1790423755.9030566,29.72805901663378
1790423755.903224,4.802073002792895
1790423755.9035993,24.413682986050844
1790423755.9037204,4.0971129783429205
1790423755.9037852,5.4424919944722205
1790423755.922838,28.724055009661242
1790423755.9229987,28.063734993338585
1790423755.9231057,13.210177014116198
1790423755.9273052,16.381163004552945
1790423755.9274192,27.180423989193514
1790423755.9332163,24.811017006868497
1790423755.9360323,1.7714650020934641
1790423755.939137,1.9967019907198846
1790423755.9395568,1.5987730002962053
1790423755.9422228,1.3584200059995055
1790423755.9459448,1.2773129856213927
1790423755.9496758,1.4291479892563075
1790423755.950228,1.3102680095471442
1790423755.9562974,1.9189720042049885
1790423755.9572027,1.7164130113087595
1790423755.9684227,1.9680580007843673
1790423755.968499,3.268721018685028
1790423755.9692373,2.16411697329022
1790423755.9754243,1.78891301038675
1790423755.9770334,1.2960009917151183
1790423755.9808533,1.1983570002485067
1790423755.9933906,1.2695600162260234
1790423755.9960687,1.1496009828988463
1790423756.0059252,1.397468993673101
1790423756.0159218,5.119768000440672
1790423756.0170686,5.483151006046683
1790423756.019405,5.458205996546894
1790423756.0194838,4.312854987801984
1790423756.0246232,2.0057910005562007
1790423756.0247183,2.459754003211856
1790423756.0361967,21.522914990782738
1790423756.036338,29.16995601844974
1790423756.0364106,6.0592379886657
1790423756.0426617,2.2973579762037843
1790423756.0427496,2.3128569882828742
1790423756.0454865,12.392061005812138
1790423756.0456116,23.94635500968434
1790423756.0480423,1.7737169982865453
1790423756.0487196,1.7065359861589968
1790423756.0494087,1.3548840070143342
1790423756.0527167,2.715227979933843
1790423756.0529265,2.46063299709931
1790423756.0533907,1.8287640123162419
1790423756.0534496,2.4484730092808604
1790423756.0599098,1.692914986051619
1790423756.0601737,1.244123006472364
1790423756.0617025,1.3456169981509447
1790423756.0622475,1.1321220081299543
1790423756.0748441,1.5625620144419372
1790423756.077973,2.2263189894147217
1790423756.0785515,2.174674009438604
1790423756.0792184,2.346925000892952
1790423756.0810084,1.079701993148774
1790423756.0857296,1.2651929864659905
1790423756.0860217,1.1613639944698662
1790423756.0897164,1.4965869777370244
1790423756.0904005,1.7247479991056025
1790423756.0945146,2.333729004021734
1790423756.0961633,3.1011859828140587
1790423756.096434,2.991585002746433
1790423756.096482,2.4541729944758117
1790423756.1004515,1.2629670090973377
1790423756.1102443,1.1686179786920547
1790423756.1172342,2.1814270003233105
1790423756.119799,3.805332991760224
1790423756.120579,2.9173209914006293
1790423756.1250298,1.8088820215780288
1790423756.125576,1.5824169968254864
1790423756.1305404,17.503790993941948
1790423756.131244,12.817656010156497
1790423756.1318948,24.997905013151467
1790423756.1319747,2.3515689827036113
1790423756.1406016,25.119500991422683
1790423756.1406865,21.167934988625348
1790423756.1460075,1.6558720089960843
1790423756.1563396,2.1454579837154597
1790423756.1564956,1.8547459912952036
1790423756.1570756,1.8303219985682517
1790423756.1618626,1.063681993400678
1790423756.1676095,14.82067399774678
1790423756.1676726,2.730053005507216
1790423756.167723,22.46044299681671
1790423756.16778,8.66567701450549
1790423756.1729946,1.8104509799741209
1790423756.17346,1.5575930010527372
1790423756.1830106,1.699682994512841
1790423756.1834075,1.6473510186187923
1790423756.1870317,14.764623978408054
1790423756.1871262,21.727763989474624
1790423756.190631,1.5576599980704486
1790423756.1954596,21.71862599789165
1790423756.1969883,16.90801899530925
1790423756.1971123,4.495058994507417
1790423756.1976485,1.884154014987871
1790423756.2055416,1.4931030164007097
1790423756.2083871,24.934955989010632
1790423756.2085226,15.370133973192424
1790423756.210058,2.2975769825279713
1790423756.2110019,1.8226880056317896
1790423756.2135556,1.9616179924923927
1790423756.2142189,2.007086994126439
1790423756.2217827,2.953236020402983
1790423756.2259762,1.4134049997664988
1790423756.229169,26.427296019392088
1790423756.229745,18.72071498655714
1790423756.2298098,10.455068986630067
1790423756.2321799,1.3000459875911474
1790423756.242058,9.281995997298509
1790423756.2422557,21.035649988334626
1790423756.2423396,27.065211994340643
1790423756.2473314,27.136662014527246
1790423756.2477288,2.906386012909934
1790423756.2479103,25.105284003075212
1790423756.2485025,8.153219998348504
1790423756.2503743,1.8625219818204641
1790423756.2508492,3.111107012955472
1790423756.2552433,1.3333420210983604
1790423756.2557912,12.838868016842753
1790423756.2564976,26.129273988772184
1790423756.2570834,7.584212988149375
1790423756.2582324,1.6631779726594687
1790423756.2587466,1.3040029734838754
1790423756.261345,1.0732939990703017
1790423756.271604,26.058260002173483
1790423756.271734,12.730618997011334
1790423756.271789,20.93052299460396
1790423756.2745664,2.297869010362774
1790423756.276392,2.5128719862550497
1790423756.277204,3.983920003520325
1790423756.277734,1.8034259846899658
1790423756.2780159,1.448356022592634
1790423756.2801826,1.2723089894279838
1790423756.284584,22.078051028074697
1790423756.2846968,10.119526996277273
1790423756.284755,5.224642984103411
1790423756.2969127,1.3873240095563233
1790423756.3058045,14.060090004932135
1790423756.3071656,6.678526988252997
1790423756.3072278,25.03395901294425
1790423756.3096807,17.015604011248797
1790423756.309743,24.170114018488675
1790423756.310015,7.977548986673355
1790423756.3133345,1.526458014268428
1790423756.3193407,25.424231018405408
1790423756.3194597,25.93147099833004
1790423756.319556,16.788848995929584
1790423756.3240979,22.630371997365728
1790423756.324139,17.459737020544708
1790423756.3287225,2.5442060141358525
1790423756.3291,3.4866259957198054
1790423756.3291514,2.5352230004500598
1790423756.3295085,2.1360810205806047
1790423756.3459823,2.271322999149561
1790423756.346113,2.949311019619927
1790423756.3470576,2.6555180083960295
1790423756.3494456,1.059345988323912
1790423756.358155,1.3943460071459413
1790423756.3621964,1.2991339899599552
1790423756.3635392,20.906326972180977
1790423756.3636653,18.185366003308445
1790423756.363771,2.464315010001883
1790423756.3641243,1.4221439778339118
1790423756.3663518,1.04668500716798
1790423756.374581,1.2384100118651986
1790423756.377289,1.4456850185524672
1790423756.3779302,1.6359469736926258
1790423756.3792138,1.9158060022164136
1790423756.379867,1.427010982297361
1790423756.3799205,1.7972689820453525
1790423756.389045,1.3320859870873392
1790423756.3896008,1.1829970171675086
1790423756.391903,1.077839988283813
1790423756.402878,17.882229993119836
1790423756.4029627,19.66852101031691
1790423756.4030333,9.81041300110519
1790423756.406955,1.1844950204249471
1790423756.4085176,1.088491000700742
1790423756.411135,1.4420170045923442
1790423756.4163651,1.0321229929104447
1790423756.4213183,1.2253099994268268
1790423756.4244273,1.4410179865080863
1790423756.4246423,2.0519930112641305
1790423756.4297957,1.5274239995051175
1790423756.4421012,1.6129249997902662
1790423756.4459877,1.5734530170448124
1790423756.4490757,18.703230016399175
1790423756.4496958,17.206146992975846
1790423756.450007,22.13531400775537
1790423756.4521604,25.00816897372715
1790423756.4523485,4.915344994515181
1790423756.4528027,2.074795978842303
1790423756.4601455,1.242105005076155
1790423756.4632843,1.5973650151863694
1790423756.465455,1.2650509888771921
1790423756.477619,19.600777013693005
1790423756.4782648,24.573275994043797
1790423756.478423,4.258735018083826
1790423756.4985948,32.822706998558715
1790423756.4990985,21.464730001753196
1790423756.4991753,19.267863011918962
1790423756.499254,8.672578987898305
1790423756.4993193,37.09695901488885
1790423756.5012393,1.5150760009419173
1790423756.5065417,18.694842990953475
1790423756.5071273,31.44456399604678
1790423756.507192,6.833410996478051
1790423756.5094724,30.255146004492417
1790423756.5095916,19.733881985303015
1790423756.5105176,1.5403249999508262
1790423756.51487,1.6518339980393648
1790423756.515703,1.9811209931503981
1790423756.518737,1.351844985038042
1790423756.5307152,20.1888779993169
1790423756.5317192,26.905868988251314
1790423756.5317936,12.140934995841235
1790423756.5431192,19.714890979230404
1790423756.5437672,28.478801978053525
1790423756.54385,7.788081013131887
1790423756.5481892,24.018767988309264
1790423756.5487833,29.8914420127403
1790423756.5491164,1.7183409945573658
1790423756.5548801,30.084434984019026
1790423756.5549972,3.907272999640554
1790423756.5550718,23.266992007847875
1790423756.5567923,22.981704998528585
1790423756.55803,6.426986015867442
1790423756.558191,28.444596013287082
1790423756.5588548,1.715630991384387
1790423756.566622,1.2304709816817194
1790423756.5680609,1.4311900013126433
1790423756.569871,1.3915640010964125
1790423756.5700943,1.1944340076297522
1790423756.5784566,1.5487750060856342
1790423756.5805228,1.3071399880573153
1790423756.589382,1.38135498855263
1790423756.5925033,1.6231639892794192
1790423756.595449,22.17674898565747
1790423756.5958638,24.652591993799433
1790423756.5961266,9.014004026539624
1790423756.597086,15.988536004442722
1790423756.597168,26.376188005087897
1790423756.6022878,1.3689999759662896
1790423756.6087947,11.506105976877734
1790423756.6139443,2.133479982148856
1790423756.6140883,7.225323002785444
1790423756.6141663,25.597370986361057
1790423756.6219027,27.153300994541496
1790423756.621983,13.057183008641005
1790423756.6239893,27.53327100072056
1790423756.6240504,14.367494994075969
1790423756.6314404,2.5661300169304013
1790423756.6315022,2.088064997224137
1790423756.6407063,8.045138005400077
1790423756.6408432,26.28656101296656
1790423756.643869,25.205937010468915
1790423756.644838,25.63776000170037
1790423756.64498,9.355196001706645
1790423756.651187,1.7116229864768684
1790423756.654559,2.1452020155265927
1790423756.6601086,19.961826008511707
1790423756.660334,2.0977630047127604
1790423756.6604269,28.78636002424173
1790423756.660493,7.474532991182059
1790423756.664201,1.3132099993526936
1790423756.667909,1.6084410017356277
1790423756.6709874,24.959983013104647
1790423756.671162,16.157103003934026
1790423756.671695,27.698697987943888
1790423756.6717584,4.939712001942098
1790423756.675817,1.3153119944036007
1790423756.6804073,1.192330993944779
1790423756.6838675,1.2190490087959915
1790423756.6858244,1.9474180007819086
1790423756.6874511,2.407649008091539
1790423756.6879535,3.6675620067398995
1790423756.6891675,1.8994889978785068
1790423756.6894484,1.346350007224828
1790423756.693327,2.748697006609291
1790423756.6933858,2.2986950061749667
1790423756.6937966,2.2726750175934285
1790423756.695202,1.0434060241095722
1790423756.7026634,1.5921939921099693
1790423756.705329,1.4502250123769045
1790423756.7056468,1.2831090134568512
1790423756.711602,1.3995739864185452
1790423756.7143965,18.491020979126915
1790423756.714796,8.35749800899066
1790423756.7148738,22.6743399980478
1790423756.7168794,1.7806719988584518
1790423756.7177737,1.6038939938880503
1790423756.7291238,2.9653949895873666
1790423756.7300947,2.758346003247425
1790423756.7346604,27.725774998543784
1790423756.7352443,26.53305500280112
1790423756.7356431,15.751053986605257
1790423756.7359643,7.781246997183189
1790423756.7367356,1.9994390022475272
1790423756.7424533,1.3350009976420552
1790423756.745338,21.452904009493068
1790423756.7454484,26.16191399283707
1790423756.745517,12.997724988963455
1790423756.747214,1.2993139971513301
1790423756.7555597,22.165878996020183
1790423756.7556465,5.1175619882997125
1790423756.7557373,26.532143005169928
1790423756.7570503,2.721097000176087
1790423756.758187,2.0090369798708707
1790423756.7589285,1.532026013592258
1790423756.7631624,1.5592800045851618
1790423756.775477,1.475402998039499
1790423756.781329,1.3659039977937937
1790423756.785178,21.83318301104009
1790423756.7852473,11.651621985947713
1790423756.7885787,1.7811419966164976
1790423756.7886314,1.3013349962420762
1790423756.7943223,1.2660859792958945
1790423756.7956793,1.2222049990668893
1790423756.7987475,1.1052080080844462
1790423756.8013673,1.144097012002021
1790423756.811344,1.659623987507075
1790423756.8156347,2.4634560104459524
1790423756.8174965,3.293676010798663
1790423756.8268292,12.172752001788467
1790423756.8278663,28.761747002135962
1790423756.8285396,24.820972001180053
1790423756.8328168,1.5345010033342987
1790423756.8410382,25.392697018105537
1790423756.8416884,31.14949699374847
1790423756.8417788,6.492453016107902
1790423756.8485012,23.582132998853922
1790423756.849661,11.015285010216758
1790423756.8497913,33.46542100189254
1790423756.8556328,28.096602007281035
1790423756.8563037,29.96606897795573
1790423756.8563817,6.465910992119461
1790423756.8631294,1.5981690085027367
1790423756.865555,1.6079699853435159
1790423756.8688152,11.821094987681136
1790423756.8689106,29.60051200352609
1790423756.869285,1.8769200250972062
1790423756.8755848,15.982332988642156
1790423756.8771648,29.50881700962782
1790423756.8775785,3.267479012720287
1790423756.8780415,2.3265100026037544
1790423756.880789,1.5933520044200122
1790423756.8808537,2.1049180068075657
1790423756.8826623,1.5797610103618354
1790423756.8886647,1.638511981582269
1790423756.9181705,31.88823099480942
1790423756.9184654,35.32784100389108
1790423756.9192886,17.372175003401935
1790423756.921535,37.48791600810364
1790423756.9217544,9.152712998911738
1790423756.9218545,5.928514001425356
1790423756.9236257,34.26514597958885
1790423756.924052,10.816030000569299
1790423756.9247386,8.16188199678436
1790423756.926123,1.2313619954511523
1790423756.9309022,1.5875549870543182
1790423756.9339275,19.49056700686924
1790423756.9345708,58.17019799724221
1790423756.9347107,31.081974011613056
1790423756.9347713,14.698849990963936
1790423756.9361691,1.230034016771242
1790423756.9409344,36.53718900750391
1790423756.9410691,55.296747013926506
1790423756.9412646,57.75017000269145
1790423756.941613,30.102908989647403
1790423756.9428592,18.798589007928967
1790423756.9430473,5.898845993215218
1790423756.9433365,28.306444990448654
1790423756.9435904,4.6951470139902085
1790423756.9447842,3.126181982224807
1790423756.94506,2.66343800467439
1790423756.9572883,1.4951209886930883
1790423756.959466,2.1664280211552978
1790423756.9595282,21.777126006782055
1790423756.9596393,21.417232987005264
1790423756.9596927,15.890129987383261
1790423756.9643915,1.161352003691718
1790423756.9761894,1.5005230088718235
1790423756.9783154,1.2209720152895898
1790423756.9807937,2.371230017160997
1790423756.981598,2.150448999600485
1790423756.9987037,19.83719097916037
1790423757.006397,1.4139639970380813
1790423757.0096014,2.006332011660561
1790423757.0099154,1.8826019950211048
1790423757.0117648,1.3940290082246065
1790423757.0151982,1.6196680080611259
1790423757.0158446,1.508146000560373
1790423757.0196047,1.5361309924628586
1790423757.0270543,2.8597759956028312
1790423757.027957,3.3009160251822323
1790423757.028046,2.1016329992562532
1790423757.0329068,1.7510740144643933
1790423757.033896,1.945381984114647
1790423757.034831,26.00916099618189
1790423757.035237,10.002019989769906
1790423757.0352986,17.82670500688255
1790423757.03553,1.6243959835264832
1790423757.0433297,1.2887190096080303
1790423757.0480585,1.8227930122520775
1790423757.0573251,1.4629460056312382
1790423757.0641315,1.571061002323404
1790423757.0728285,8.295470994198695
1790423757.0729072,23.139581986470148
1790423757.0850613,8.154109993483871
1790423757.0851438,24.748569005168974
1790423757.0857499,20.15188298537396
1790423757.0860562,27.943522989517078
1790423757.0912266,1.852240995503962
1790423757.0923393,1.9722660072147846
1790423757.1073952,24.412977014435455
1790423757.110233,34.31916900444776
1790423757.1103961,31.16582302027382
1790423757.1106508,17.60177398682572
1790423757.111165,30.829563009319827
1790423757.1112971,17.42062999983318
1790423757.1123571,1.6967850096989423
1790423757.1149685,1.5704899851698428
1790423757.1190202,18.890316976467147
1790423757.1198006,28.296381991822273
1790423757.121079,5.839543999172747
1790423757.1220412,1.9094469898846
1790423757.1226585,16.474966978421435
1790423757.1248107,7.1151510055642575
1790423757.126514,31.321608985308558
1790423757.1266263,3.578772011678666
1790423757.1272783,2.965608990052715
1790423757.1281815,1.5449310012627393
1790423757.1307259,2.2560649958904833
1790423757.1310506,2.0691200043074787
1790423757.1323433,13.310393987921998
1790423757.1375833,1.5130320098251104
1790423757.1399739,1.6399549786001444
1790423757.1404774,1.6352940001524985
1790423757.1438503,29.874308995204046
1790423757.1439507,18.773586984025314
1790423757.1440246,14.507130021229386
1790423757.147817,1.6193250194191933
1790423757.148091,1.3730000064242631
1790423757.163437,3.3194510033354163
1790423757.1644695,2.5873050035443157
1790423757.167146,1.8486379995010793
1790423757.1764486,1.9896209996659309
1790423757.1793058,1.747343980241567
1790423757.180509,24.82795002288185
1790423757.1808465,14.839550014585257
1790423757.1813807,1.8952730169985443
1790423757.1900985,21.79158601211384
1790423757.1904378,3.726294991793111
1790423757.190596,2.163850993383676
1790423757.1906748,28.198529995279387
1790423757.192187,1.3984990073367953
1790423757.1987162,1.490618014940992
1790423757.2015762,1.3792759855277836
1790423757.2116196,1.561281009344384
1790423757.215156,11.177695996593684
1790423757.2152216,21.721077006077394
1790423757.228316,1.9129459979012609
1790423757.2290957,2.1076489938423038
1790423757.2370808,1.5587640227749944
1790423757.243073,1.762895000865683
1790423757.2511733,12.069016986060888
1790423757.2546191,4.960960999596864
1790423757.255387,27.020359004382044
1790423757.2590868,13.89421202475205
1790423757.2648056,24.302157980855554
1790423757.2708023,33.675268990918994
1790423757.274283,19.651337002869695
1790423757.27532,21.68566599721089
1790423757.2763114,3.251652990002185
1790423757.276541,32.15809797984548
1790423757.2766192,18.523637001635507
1790423757.2812662,29.271119012264535
1790423757.2821484,36.873884993838146
1790423757.2822294,4.852449026657268
1790423757.2867959,27.697108016582206
1790423757.2874327,1.624833996174857
1790423757.2892516,29.680334992008284
1790423757.2898183,10.2849259856157
1790423757.2903905,2.350385009776801
1790423757.290711,1.4132930082269013
1790423757.2929213,9.222655004123226
1790423757.2929943,32.3351819824893
1790423757.2942889,1.1980770213995129
1790423757.299737,1.413578022038564
1790423757.304361,2.0594130037352443
1790423757.3061037,2.5092170108109713
1790423757.3065941,1.8786400032695383
1790423757.309753,1.282273995457217
1790423757.3143353,1.3158340007066727
1790423757.3236856,16.985735011985525
1790423757.3337107,26.175307983066887
1790423757.333929,14.3404440023005
1790423757.334472,8.224015997257084
1790423757.3345509,29.016482003498822
1790423757.3375998,1.498534984420985
1790423757.3386614,23.987134016351774
1790423757.3393748,19.34199099196121
1790423757.3405263,9.6090940060094
1790423757.340827,29.753891023574397
1790423757.340895,4.243967996444553
1790423757.344364,23.00156801356934
1790423757.3466792,31.095520011149347
1790423757.3467646,14.398814993910491
1790423757.3469114,4.9689559964463115
1790423757.3478067,3.2086189894471318
1790423757.3512244,1.3951549772173166
1790423757.3530197,51.51283598388545
1790423757.3538282,31.89653201843612
1790423757.3546965,12.003809999441728
1790423757.3548176,19.60930399945937
1790423757.3548913,36.020572995767
1790423757.3570483,1.4139509876258671
1790423757.3722212,28.422811010386795
1790423757.3729093,28.535190009279177
1790423757.373006,9.25650799763389
1790423757.3731322,26.917578012216836
1790423757.3818543,2.676108997547999
1790423757.381976,25.73630100232549
1790423757.3820508,16.189849993679672
1790423757.382833,1.6862489865161479
1790423757.3876448,19.097772979876027
1790423757.3877318,28.577860997756943
1790423757.389329,1.4924239949323237
1790423757.39652,38.41304499655962
1790423757.3994856,20.8341259858571
1790423757.4003987,2.0123290014453232
1790423757.4004955,34.037925011944026
1790423757.4005651,5.3478019835893065
1790423757.410146,2.8128249978180975
1790423757.4127328,1.6542189987376332
1790423757.415988,2.332018018933013
1790423757.4171257,21.02918500895612
1790423757.4172084,27.821511001093313
1790423757.4184535,10.002831986639649
1790423757.4185588,4.0071870025713
1790423757.4238935,26.313311012927443
1790423757.4252634,28.463904978707433
1790423757.4253778,2.6101999974343926
1790423757.4254525,10.078652005176991
1790423757.4255075,16.079405992059037
1790423757.4310882,2.48422400909476
1790423757.4320118,2.911612013122067
1790423757.4326997,1.6025810036808252
1790423757.4360156,18.1215190095827
1790423757.4368148,24.814428004901856
1790423757.43746,6.969042005948722
1790423757.438454,1.5652370057068765
1790423757.4412203,1.206446992000565
1790423757.4531524,20.40089198271744
1790423757.4550354,1.3887509994674474
1790423757.4550881,1.8807729938998818
1790423757.4581027,1.1383800010662526
1790423757.4611733,1.6112960001919419
1790423757.463968,1.2555079883895814
1790423757.4788625,1.9224720017518848
1790423757.481517,3.017004986759275
1790423757.4815896,19.887676986400038
1790423757.4852097,1.3627099979203194
1790423757.487652,1.4286990044638515
1790423757.4905386,1.9867210066877306
1790423757.490832,11.820456013083458
1790423757.5011935,21.67650600313209
1790423757.5014699,1.9171159947291017
1790423757.5015275,11.76139700692147
1790423757.5042715,1.5084919868968427
1790423757.5086567,1.1605620093178004
1790423757.5107317,1.1160479916725308
1790423757.5136676,1.152793993242085
1790423757.522777,2.1149730018805712
1790423757.5234816,1.9070499984081835
1790423757.5241868,1.7721529875416309
1790423757.5374956,21.628936985507607
1790423757.5375886,11.026527994545177
1790423757.5386107,1.7615630058571696
1790423757.538671,2.1883859881199896
1790423757.5503354,1.1851859744638205
1790423757.5536885,1.6851279942784458
1790423757.559071,2.733470988459885
1790423757.5596125,2.7500379947014153
1790423757.5684602,1.9254359940532595
1790423757.5715394,18.6467919847928
1790423757.5804675,31.8499369896017
1790423757.5806642,22.865053004352376
1790423757.5808358,12.362013017991558
1790423757.5815008,6.332065007882193
1790423757.584215,28.586264001205564
1790423757.5861723,26.374249020591378
1790423757.5883863,17.708790983306244
1790423757.588705,37.55852798349224
1790423757.5894103,12.495684990426525
1790423757.5927181,29.066230985336006
1790423757.5943496,33.852493012091145
1790423757.59474,22.3443950235378
1790423757.5948021,17.42466099676676
1790423757.5970538,1.429780008038506
1790423757.597188,22.745756985386834
1790423757.5993562,12.352585996268317
1790423757.5997617,32.42341100121848
1790423757.5998373,2.2474130091723055
1790423757.6062741,26.481323002371937
1790423757.606601,8.165320992702618
1790423757.606658,15.619076992152259
1790423757.6090934,1.2261320080142468
1790423757.612661,1.1669780069496483
1790423757.6136856,20.785956003237516
1790423757.6140604,10.363240988226607
1790423757.6141593,25.44132701586932
1790423757.614229,1.5603249776177108
1790423757.619693,1.4683000044897199
1790423757.642595,22.892559005413204
1790423757.6478126,30.05147201474756
1790423757.6498957,31.046675983816385
1790423757.6526852,21.875652979360893
1790423757.6527767,28.386281977873296
1790423757.6545286,21.542155009228736
1790423757.654611,28.64438999677077
1790423757.65508,38.00505900289863
1790423757.6615486,1.4132109936326742
1790423757.662062,34.096482006134465
1790423757.6621501,27.901222987566143
1790423757.6658993,10.414068005047739
1790423757.665963,24.643440992804244
1790423757.670585,1.3566859997808933
1790423757.6736765,1.2467879860196263
1790423757.679431,1.2243419769220054
1790423757.6812835,1.1896770156454295
1790423757.6857946,1.6252539935521781
1790423757.686438,1.2558090093079954
1790423757.6917284,2.48502500471659
1790423757.6918778,1.8885890021920204
1790423757.6931129,2.1563640038948506
1790423757.6944647,1.1885490093845874
1790423757.696377,16.699916013749316
1790423757.6965127,21.801519993459806
1790423757.7002838,11.464137001894414
1790423757.7012818,8.773913024924695
1790423757.7037547,4.280216002371162
1790423757.7050588,5.206422996707261
1790423757.7051775,3.7706249859184027
1790423757.7054195,1.656936015933752
1790423757.70834,1.1740470072254539
1790423757.7131338,1.370484009385109
1790423757.7188714,1.5598160098306835
1790423757.7311318,24.545674998080358
1790423757.7312562,13.299854996148497
1790423757.7413104,6.009889009874314
1790423757.7414224,27.06253601354547
1790423757.7671816,31.39982500579208
1790423757.772181,15.227255003992468
1790423757.7722893,47.34529199777171
1790423757.7731783,29.183233011281118
1790423757.7746398,29.929320007795468
1790423757.776093,22.44629498454742
1790423757.7810504,32.387332001235336
1790423757.7814276,12.100518011720851
1790423757.7815146,15.716205001808703
1790423757.7816443,33.53148599853739
1790423757.7821088,2.362043014727533
1790423757.7895489,57.69324500579387
1790423757.7914488,1.5750050079077482
1790423757.7917972,32.11850600200705
1790423757.7924016,33.300406008493155
1790423757.793139,19.2810749867931
1790423757.7940898,1.6344069736078382
1790423757.8004513,58.58385199098848
1790423757.8009388,40.38881900487468
1790423757.8021135,38.364840002032
1790423757.8024094,7.3623990174382925
1790423757.802561,25.551381026161835
1790423757.8089638,1.3738010020460933
1790423757.81066,1.6754870011936873
1790423757.811345,1.4581099967472255
1790423757.8182309,1.3356690178625286
1790423757.8193345,17.91173400124535
1790423757.819643,4.635118006262928
1790423757.8197145,21.880396991036832
1790423757.8227236,2.686946012545377
1790423757.822786,2.415069000562653
1790423757.8232002,1.4344619994517416
1790423757.825555,1.2822439894080162
1790423757.8310165,2.6822210056707263
1790423757.835361,18.90266701229848
1790423757.836015,22.16783899348229
1790423757.8366113,15.582944004563615
1790423757.8366752,7.282368984306231
1790423757.8441174,1.9280319975223392
1790423757.8444104,1.5588979877065867
1790423757.8481076,1.4755830052308738
1790423757.8534646,23.498922993894666
1790423757.8540056,12.466779007809237
1790423757.8540633,2.1106709900777787
1790423757.8643332,1.3176260108593851
1790423757.8679228,5.400632013333961
1790423757.8680758,2.1697340125683695
1790423757.8682446,23.599832988111302
1790423757.8688817,1.420926011633128
1790423757.869431,1.1478569940663874
1790423757.8710513,1.0409469832666218
1790423757.8733268,1.1426540149841458
1790423757.877953,1.1531740019563586
1790423757.880824,1.038540998706594
1790423757.8846374,1.4426179986912757
1790423757.8852382,1.6009719984140247
1790423757.8857884,1.1411989980842918
1790423757.8880827,1.740438980050385
1790423757.8902032,1.2460210127756
1790423757.8909273,1.3214900100138038
1790423757.8926716,1.0775490081869066
1790423757.8992171,1.256821007700637
1790423757.8996613,1.1594009993132204
1790423757.9042923,1.236457988852635
1790423757.9097302,2.6749320095404983
1790423757.9116724,5.0669840129558
1790423757.9132118,5.396099004428834
1790423757.9134846,4.224875010550022
1790423757.914613,3.8453790184576064
1790423757.914713,4.599731997586787
1790423757.914956,3.6959679855499417
1790423757.915002,3.0259210034273565
1790423757.916565,1.0195919894613326
1790423757.9193585,1.130083983298391
1790423757.9217782,1.0996089840773493
1790423757.9264765,1.1597239936236292
1790423757.9277449,1.174066012026742
1790423757.9294856,1.0472129797562957
1790423757.931406,1.0439300094731152
1790423757.9348302,1.1564870073925704
1790423757.9361713,1.137707004090771
1790423757.9384894,1.120581990107894
1790423757.9417083,1.134031976107508
1790423757.9432106,1.2837740068789572
1790423757.946178,1.111549005145207
1790423757.9563391,1.4208620123099536
1790423757.9575078,18.70091599994339
1790423757.957966,21.592359989881516
1790423757.9580271,2.4111599777825177
1790423757.9581366,8.556273009162396
1790423757.9592261,1.081952010281384
1790423757.9607744,1.0555770131759346
1790423757.9659967,2.2117309854365885
1790423757.9660687,3.1041800102684647
1790423757.9661207,2.7882019930984825
1790423757.972221,1.1209130170755088
1790423757.979303,1.878655981272459
1790423757.9803338,1.8679979839362204
1790423757.980394,2.4047660117503256
1790423757.9818404,1.1427160061430186
1790423757.984063,1.2712280149571598
1790423757.9911375,1.2297019711695611
1790423757.9926033,1.4570830098818988
1790423758.0025766,1.4154249802231789
1790423758.0043945,22.54619699670002
1790423758.004471,11.670439998852089
1790423758.0045693,22.266946005402133
1790423758.0059273,2.165529993362725
1790423758.0073576,2.198325004428625
1790423758.013813,1.3376520073506981
1790423758.0176926,11.24405799782835
1790423758.0191524,19.557232008082792
1790423758.0193803,24.031594017287716
1790423758.0207188,2.65685300109908
1790423758.0207767,2.325281995581463
1790423758.023691,1.6038499888963997
1790423758.0432584,7.119959016563371
1790423758.0438027,25.0165119941812
1790423758.0438993,2.608541981317103
1790423758.056685,18.50128499791026
1790423758.05765,11.480752989882603
1790423758.057778,5.183302011573687
1790423758.0579123,28.1035479856655
1790423758.063628,16.87581100850366
1790423758.0637913,32.9433319857344
1790423758.0640574,24.52121299575083
1790423758.0641537,23.93620100338012
1790423758.0642974,6.1715269985143095
1790423758.0710206,23.266671021701768
1790423758.0713398,32.314506999682635
1790423758.0714056,12.732089002383873
1790423758.075929,24.48826900217682
1790423758.0762115,27.75012399069965
1790423758.0857735,5.952289997367188
1790423758.085905,24.237603007350117
1790423758.0916536,12.375674996292219
1790423758.0958056,1.4228830114006996
1790423758.102464,23.91859798808582
1790423758.1026254,14.537243987433612
1790423758.1032677,5.801797000458464
1790423758.1050255,19.0692100150045
1790423758.1057267,8.907507988624275
1790423758.1058695,27.86241000285372
1790423758.106491,3.211950999684632
1790423758.1072218,6.219604983925819
1790423758.1078775,27.897941996343434
1790423758.1089816,9.424303018022329
1790423758.1090815,19.608474016422406
1790423758.109258,5.289560998789966
1790423758.1100614,1.4696739963255823
1790423758.1120405,1.8671739962883294
1790423758.112618,1.878841983852908
1790423758.1164088,1.1695739813148975
1790423758.1198838,2.461110008880496
1790423758.1204762,20.151056989561766
1790423758.121118,26.241921994369477
1790423758.121478,14.974599005654454
1790423758.1215994,10.13021799735725
1790423758.1216724,3.3430430048611015
1790423758.130966,1.3379220035858452
1790423758.1342816,1.7207300115842372
1790423758.1365392,21.963051985949278
1790423758.1379352,18.042693001916632
1790423758.1382334,24.25960698747076
1790423758.138749,3.825897991191596
1790423758.1395774,6.624541012570262
1790423758.1396499,4.2815869965124875
1790423758.1410644,3.804666979704052
1790423758.1422997,3.1114800076466054
1790423758.1423905,2.5157049822155386
1790423758.1426423,1.5695600013714284
1790423758.1451075,18.72853099484928
1790423758.1456287,22.176701022544876
1790423758.1460497,11.759870016248897
1790423758.146102,7.345394988078624
1790423758.1485975,1.3796739804092795
1790423758.158311,1.319287985097617
1790423758.1667519,11.414394015446305
1790423758.168749,1.8768129812087864
1790423758.168896,21.197889000177383
1790423758.1689816,19.170184998074546
1790423758.1748283,1.423394976882264
1790423758.1787794,23.775281995767727
1790423758.1817458,1.2260529911145568
1790423758.1901457,1.854515023296699
1790423758.1916835,24.244661995908245
1790423758.1920059,3.1296270026359707
1790423758.192116,10.168543987674639
1790423758.1972997,13.264809007523581
1790423758.197906,5.537165008718148
1790423758.197979,27.37668401096016
1790423758.2018206,1.2451869843062013
1790423758.2042565,1.6948110132943839
1790423758.2051883,1.6987620037980378
1790423758.206961,1.281595992622897
1790423758.2085538,23.873455997090787
1790423758.209532,16.655060986522585
1790423758.2098563,30.067291983868927
1790423758.2100813,4.884054011199623
1790423758.210555,2.989614993566647
1790423758.2106152,2.0500960235949606
1790423758.2195847,1.401843997882679
1790423758.2260354,1.268930995138362
1790423758.2298174,1.281589997233823
1790423758.2332153,12.57413299754262
1790423758.2333074,21.9127610034775
1790423758.2428133,2.271493023727089
1790423758.2428892,1.8750599992927164
1790423758.2562914,25.28301000711508
1790423758.2569416,8.12352099455893
1790423758.271877,30.11651200358756
1790423758.272047,14.071404002606869
1790423758.2727587,3.464428009465337
1790423758.2728586,20.53362102014944
1790423758.2744946,5.8297429932281375
1790423758.2747376,35.0123550160788
1790423758.2798026,1.7462369869463146
1790423758.2812843,22.43478799937293
1790423758.2831862,1.760462997481227
1790423758.2882946,6.3223680190276355
1790423758.2883942,15.251200005877763
1790423758.2884748,35.469852009555325
1790423758.289423,29.26976198796183
1790423758.290236,32.81178799807094
1790423758.2909284,15.629401983460411
1790423758.2910264,6.17613599752076
1790423758.2936997,1.8471450021024793
1790423758.2944088,1.6599659866187721
1790423758.3071578,20.671648991992697
1790423758.307626,11.451398982899264
1790423758.3079634,28.028014028677717
1790423758.3104386,21.78820499102585
1790423758.3125417,28.36264399229549
1790423758.312609,15.749988000607118
1790423758.3146281,1.4097439998295158
1790423758.3199682,3.013234003446996
1790423758.321078,2.0965479779988527
1790423758.3219666,1.6121970256790519
1790423758.32237,24.32877800310962
1790423758.3232515,25.772102002520114
1790423758.3233309,5.645563011057675
1790423758.3239443,18.55034302570857
1790423758.3259752,1.7553289944771677
1790423758.3260963,24.744761001784354
1790423758.3261757,7.625919999554753
1790423758.3292165,1.2225180107634515
1790423758.3352046,1.2805990118067712
1790423758.342474,1.7038419900927693
1790423758.3497488,20.332451007561758
1790423758.3501477,8.624798007076606
1790423758.3502307,26.71827102312818
1790423758.3579943,26.570567017188296
1790423758.358113,25.91560801374726
1790423758.3584661,15.85337400319986
1790423758.3641946,24.20181399793364
1790423758.3642793,16.910753009142354
1790423758.3676882,24.226287001511082
1790423758.36775,14.535134978359565
1790423758.3792408,1.8928319914266467
1790423758.386253,17.766075994586572
1790423758.3872433,26.940386014757678
1790423758.387333,7.174199010478333
1790423758.3903708,20.775604993104935
1790423758.3904705,27.314817009028047
1790423758.3912632,10.381514992332086
1790423758.3992608,29.113069002050906
1790423758.3993647,30.34272399963811
1790423758.3994586,11.988451995421201
1790423758.4067028,2.449983003316447
1790423758.407916,2.2365959885064512
1790423758.4080167,16.741642000852153
1790423758.4080908,26.326290011638775
1790423758.4116547,1.3681410055141896
1790423758.4182122,2.3335769947152585
1790423758.4197612,2.6082060066983104
1790423758.4206922,22.80098499613814
1790423758.420921,6.5026889787986875
1790423758.4212759,24.927916005253792
1790423758.4213424,2.851870987797156
1790423758.4267511,1.4646569907199591
1790423758.429995,14.665969996713102
1790423758.4305885,25.76996901188977
1790423758.4306524,11.362097022356465
1790423758.4411428,24.746900016907603
1790423758.441237,17.395071015926078
1790423758.442007,1.4770929992664605
1790423758.443789,1.2732129835058004
1790423758.447382,1.6922639915719628
1790423758.4500191,1.177313009975478
1790423758.4516723,1.2219990021549165
1790423758.4528234,1.1425410048104823
1790423758.4570804,21.83006700943224
1790423758.4573503,5.152975994860753
1790423758.457443,11.324626015266404
1790423758.4603798,2.37210001796484
1790423758.460625,2.0273119735065848
1790423758.4606876,1.5996730071492493
1790423758.4623792,1.0802799952216446
1790423758.465507,1.0801109892781824
1790423758.468159,1.145579997682944
1790423758.4692097,1.0426630033180118
1790423758.4710672,1.4257720031309873
1790423758.4737804,1.4585210010409355
1790423758.4741492,1.3569739821832627
1790423758.4785182,1.1918979871552438
1790423758.4795966,1.070883998181671
1790423758.4818296,1.4191159862093627
1790423758.482354,1.1385440011508763
1790423758.4856758,2.0191720104776323
1790423758.4869547,2.1831319900229573
1790423758.4903538,1.1277919984422624
1790423758.4949138,1.166028989246115
1790423758.5005324,1.6364319890271872
1790423758.5081267,19.540259992936626
1790423758.5090518,22.502497013192624
1790423758.5091655,9.391120984219015
1790423758.5157182,1.5534550184383988
1790423758.5163746,1.4690370007883757
1790423758.528039,3.509945992846042
1790423758.5290117,20.40364098502323
1790423758.5297778,9.026921994518489
1790423758.529947,4.836268984945491
1790423758.5302882,27.85593699081801
1790423758.5303793,4.495234985370189
1790423758.533543,21.37136200326495
1790423758.5360692,13.221713015809655
1790423758.5366287,25.09516300051473
1790423758.536687,8.637307008029893
1790423758.5425186,1.4363559894263744
1790423758.5441654,1.1352480214554816
1790423758.550736,2.090705995215103
1790423758.5508,1.7189359932672232
1790423758.5544093,1.270089007448405
1790423758.5596995,3.968092001741752
1790423758.560693,4.325590998632833
1790423758.56151,2.267734002089128
1790423758.562568,1.4419670042116195
1790423758.5648994,12.74786502472125
1790423758.5650473,8.102541003609076
1790423758.565103,23.446125007467344
1790423758.5696695,1.2155279982835054
1790423758.5818264,23.038129991618916
1790423758.582078,24.727557000005618
1790423758.5821557,6.85969801270403
1790423758.5928895,3.277578012784943
1790423758.5929523,3.8980519748292863
1790423758.5934844,3.295476984931156
1790423758.594353,1.1993100051768124
1790423758.5978808,21.916054014582187
1790423758.5979455,23.68808098253794
1790423758.5980334,2.3624429886694998
1790423758.5980937,6.175524991704151
1790423758.6029434,1.5301140083465725
1790423758.6029956,1.9952820148319006
1790423758.625594,1.3616929936688393
1790423758.6302457,1.2614690058398992
1790423758.6318443,1.1930550099350512
1790423758.6351702,11.745027004508302
1790423758.637654,1.4302220079116523
1790423758.6392539,1.2338419910520315
1790423758.6411018,1.4135540113784373
1790423758.6444776,1.9240320252720267
1790423758.6450663,12.607781012775376
1790423758.6458328,22.94824199634604
1790423758.6459877,5.787831003544852
1790423758.6460607,2.4665259988978505
1790423758.651132,1.138335996074602
1790423758.6555762,2.5365769979543984
1790423758.6558146,2.339883998502046
1790423758.6558626,1.7885150155052543
1790423758.6580026,1.171505980892107
1790423758.6618402,1.1572340154089034
1790423758.6625648,1.430422009434551
1790423758.6630979,1.1556660174392164
1790423758.6650202,1.0530469880905002
1790423758.673697,1.6327830089721829
1790423758.675137,2.1147480001673102
1790423758.6762345,1.6474469739478081
1790423758.6762948,2.2983879898674786
1790423758.6778314,1.4413940079975873
1790423758.678297,1.1472309997770935
1790423758.7008312,4.002631001640111
1790423758.7009559,2.6080409879796207
1790423758.7010317,3.3639909815974534
1790423758.7079554,1.2513789988588542
1790423758.710253,1.377693988615647
1790423758.713572,22.329136001644656
1790423758.7136467,9.088501014048234
1790423758.7148108,1.6376679996028543
1790423758.7153366,1.2130940158385783
1790423758.7172244,1.1823679960798472
1790423758.728211,2.1018410043325275
1790423758.7388558,2.468061982654035
1790423758.7398067,2.723384997807443
1790423758.740878,2.011046017287299
1790423758.745843,2.2847149812150747
1790423758.7482336,1.9077779725193977
1790423758.7493339,11.025640007574111
1790423758.7494843,23.818052985006943
1790423758.7573688,1.9465820223558694
1790423758.761768,1.6617100045550615
1790423758.7634535,1.57804400078021
1790423758.7652256,1.6145409899763763
1790423758.7688608,1.6912900027818978
1790423758.7728674,2.345459011849016
1790423758.7829351,1.88377097947523
1790423758.7853806,2.29465399752371
1790423758.786799,1.9969300192315131
1790423758.7885737,1.6256440139841288
1790423758.7924616,3.2306739885825664
1790423758.7928767,2.222444018116221
1790423758.7979186,25.747414998477325
1790423758.7990167,2.974286995595321
1790423758.7991617,7.832660019630566
1790423758.7992656,13.26025600428693
1790423758.799342,2.8082330245524645
1790423758.804808,2.0634249958675355
1790423758.811833,17.65017700381577
1790423758.8121543,2.5432890106458217
1790423758.8133082,2.1145450009498745
1790423758.8175669,2.4307999992743134
1790423758.818555,12.724586005788296
1790423758.8186421,28.895336989080533
1790423758.8196046,2.0219299767632037
1790423758.8213592,1.733640005113557
1790423758.8257267,1.8517319986131042
1790423758.826634,1.7301129992119968
1790423758.827626,1.7104569997172803
1790423758.8310077,1.357150002149865
1790423758.8336356,1.4602099836338311
1790423758.8351727,1.5271960000973195
1790423758.840515,2.2317729890346527
1790423758.8529935,2.222740004071966
1790423758.8534195,1.8510369991417974
1790423758.863128,27.879806992132217
1790423758.8635335,22.131443984108046
1790423758.8644562,9.641951997764409
1790423758.8724725,27.584585011936724
1790423758.873321,27.95202098786831
1790423758.8741972,18.504881008993834
1790423758.8855193,24.35616499860771
1790423758.8859546,7.567112013930455
1790423758.886047,31.615311017958447
1790423758.8897188,22.843641985673457
1790423758.8903818,26.50596300372854
1790423758.8905237,8.654189005028456
1790423758.8918087,19.324891007272527
1790423758.8923852,26.953239022986963
1790423758.8924549,9.732670005178079
1790423758.8956363,22.263633989496157
1790423758.8993201,27.364307024981827
1790423758.8996189,5.232527997577563
1790423758.9051268,1.4083700079936534
1790423758.9058068,1.3796660059597343
1790423758.9118733,31.27510499325581
1790423758.9134996,18.425326998112723
1790423758.913808,5.3911160212010145
1790423758.9179974,18.163322005420923
1790423758.9195943,23.597207007696852
1790423758.91972,6.638946011662483
1790423758.9244378,1.541356003144756
1790423758.9284768,1.6119530191645026
1790423758.9313655,13.35713401203975
1790423758.931501,4.030816984595731
1790423758.9315996,24.375078995944932
1790423758.9340231,1.6271770000457764
1790423758.9342942,1.3878190075047314
1790423758.9365819,14.798261021496728
1790423758.936664,24.40431699506007
1790423758.9369357,5.115144012961537
1790423758.9405594,1.3487410033121705
1790423758.941081,1.2005759926978499
1790423758.9452808,1.1855129851028323
1790423758.946906,1.1949329928029329
1790423758.9497097,2.4759720254223794
1790423758.9498162,2.14776600478217
1790423758.9501657,1.7972829809878021
1790423758.9520507,1.8753040058072656
1790423758.9530609,1.9942439976148307
1790423758.953124,2.5121950020547956
1790423758.9544413,1.1684930068440735
1790423758.9570844,1.2984320055693388
1790423758.9804025,22.15957798762247
1790423758.9848633,2.3075960052665323
1790423758.9891362,32.835552003234625
1790423758.9898312,2.0514800271485
1790423758.9995482,20.57409900589846
1790423759.0000591,25.4405650193803
1790423759.0085125,13.83318001171574
1790423759.0086477,36.613500997191295
1790423759.0093803,24.967317993286997
1790423759.0102134,4.856868996284902
1790423759.0120559,26.124958996661007
1790423759.0124032,36.1053480010014
1790423759.0128748,37.50060198944993
1790423759.0130334,5.5138540046755224
1790423759.013123,15.823264984646812
1790423759.016137,29.711467999732122
1790423759.0175476,36.51258998434059
1790423759.017699,7.471888995496556
1790423759.017808,16.86678102123551
1790423759.0292883,24.78342701215297
1790423759.029439,11.453273007646203
1790423759.0295203,33.168107009259984
1790423759.0346172,25.958031008485705
1790423759.0346918,11.065769009292126
1790423759.0443811,1.7708080122247338
1790423759.0444596,2.45942099718377
1790423759.0540328,22.818701021606103
1790423759.0541077,22.319661977235228
1790423759.0566168,1.9710359920281917
1790423759.05779,1.6728400078136474
1790423759.06188,1.3403559860307723
1790423759.0703015,1.4568939805030823
1790423759.081588,1.9738750124815851
1790423759.0825577,2.341142011573538
1790423759.086051,22.24100098828785
1790423759.0861173,5.42792200576514
1790423759.0908997,1.737607002723962
1790423759.0915403,1.30237199482508
1790423759.0956469,22.126121999463066
1790423759.0957801,12.903149996418506
1790423759.096134,1.2520849995780736
1790423759.119025,30.40703001897782
1790423759.1241915,23.481469019316137
1790423759.1253827,27.984206011751667
1790423759.1254888,13.656091992743313
1790423759.1346436,27.539860020624474
1790423759.134727,31.124934990657493
1790423759.1351,50.01758199068718
1790423759.13713,1.5505399787798524
1790423759.1409755,8.18065699422732
1790423759.1411548,30.61043898924254
1790423759.142408,39.517933008028194
1790423759.1425545,38.53987398906611
1790423759.143033,43.46504301065579
1790423759.1431398,5.421786016086116
1790423759.1441474,38.87679701438174
1790423759.1446526,5.325445003109053
1790423759.1456194,4.799342015758157
1790423759.146324,2.127833984559402
1790423759.1470098,2.04204602050595
1790423759.1550384,1.6704720037523657
1790423759.1557755,1.7056869983207434
1790423759.1567945,1.7446150013711303
1790423759.158934,1.868079009000212
1790423759.1611679,1.5151160187087953
1790423759.166216,1.913176995003596
1790423759.166503,1.6119670181069523
1790423759.174339,4.39799198647961
1790423759.1745875,2.764728997135535
1790423759.1769717,3.0912759830243886
1790423759.177109,4.47494100080803
1790423759.1776147,2.254943974548951
1790423759.1796587,1.4205230108927935
1790423759.1815689,2.0249740045983344
1790423759.1865904,1.4046870055608451
1790423759.188618,1.3629409950226545
1790423759.1889849,18.509969988372177
1790423759.1950908,20.30183098395355
1790423759.1970832,16.4824609819334
1790423759.19807,7.118241977877915
1790423759.198297,27.04689500387758
1790423759.207976,13.842707994626835
1790423759.2081385,24.542517989175394
1790423759.2083194,28.1880600086879
1790423759.2087736,2.295986982062459
1790423759.209293,3.3120959997177124
1790423759.2137659,1.5854460070841014
1790423759.214744,1.7908939917106181
1790423759.2245123,13.8828810013365
1790423759.2248044,26.455345010617748
1790423759.225082,27.947333990596235
1790423759.225181,9.952900989446789
1790423759.2257638,3.011828026501462
1790423759.2274864,1.8542959878686816
1790423759.2283156,2.037594997091219
1790423759.2290304,24.070231011137366
1790423759.2291021,17.943095008376986
1790423759.2302458,13.650113018229604
1790423759.230373,29.465166007867083
1790423759.2304454,2.592044009361416
1790423759.235245,1.3539280043914914
1790423759.2404375,1.3736110122408718
1790423759.2424169,1.4734769938513637
1790423759.2518795,2.8187439893372357
1790423759.2525012,2.4776779755484313
1790423759.252824,1.743920991430059
1790423759.255111,1.1998130066785961
1790423759.2648904,2.4026310129556805
1790423759.2657099,1.7329550173599273
1790423759.269857,20.330498984549195
1790423759.2742019,14.353725011460483
1790423759.274307,27.482231991598383
1790423759.278407,2.347255009226501
1790423759.279887,1.4691030082758516
1790423759.281525,1.45803700434044
1790423759.2916625,31.03806500439532
1790423759.2917535,15.180062997387722
1790423759.2918127,30.170883022947237
1790423759.2933784,1.3367649808060378
1790423759.2958548,1.259955985005945
1790423759.3120894,1.9101090147159994
1790423759.318863,21.969723980873823
1790423759.3189986,4.505444987444207
1790423759.3190906,25.072866992559284
1790423759.3221004,25.705368985654786
1790423759.3221996,16.766413988079876
1790423759.322274,6.3517760136164725
1790423759.3336866,6.738344993209466
1790423759.333782,24.118744011502713
1790423759.3339002,27.78644600766711
1790423759.3348918,2.0345169759821147
1790423759.3356168,1.3804500049445778
1790423759.34135,1.9392170070204884
1790423759.3436022,1.6601070237811655
1790423759.344132,1.6380249871872365
1790423759.3485541,16.5941389859654
1790423759.349853,9.075768000911921
1790423759.3499393,24.827166023897007
1790423759.3510027,1.8292320019099861
1790423759.3527265,1.2194189766887575
1790423759.3667479,1.5034189855214208
1790423759.3693955,12.798267998732626
1790423759.369468,22.303702018689364
1790423759.3711157,26.887256011832505
1790423759.371461,5.620972020551562
1790423759.3715916,15.976947994204238
1790423759.3723783,2.2848699882160872
1790423759.3761442,17.505471012555063
1790423759.376208,25.98445100011304
1790423759.3822298,1.3223790156189352
1790423759.3909035,1.4300179900601506
1790423759.3916314,1.549659005831927
1790423759.3928223,1.181530999019742
1790423759.395914,1.1404440156184137
1790423759.3984056,1.2006849865429103
1790423759.4001677,1.1089809995610267
1790423759.4037263,1.5350710018537939
1790423759.4061627,1.2168060056865215
1790423759.4248738,16.563784010941163
1790423759.4256208,24.04100398416631
1790423759.4308476,1.9676900119520724
1790423759.4378078,2.4995359999593347
1790423759.4425027,18.113219004590064
1790423759.4428246,26.60803697654046
1790423759.4430103,5.704685987439007
1790423759.4463463,25.25194498593919
1790423759.4468968,22.135632985737175
1790423759.4470665,9.109595994232222
1790423759.4507592,1.4321630005724728
1790423759.4528477,1.400937995640561
1790423759.4615493,31.194146984489635
1790423759.4619753,16.61915800650604
1790423759.4632995,8.601799025200307
1790423759.4640777,1.5336509968619794
1790423759.4662876,1.6827229992486537
1790423759.4707952,22.602352022659034
1790423759.4712272,30.40529601275921
1790423759.4713824,12.372156023047864
1790423759.4719427,6.489981024060398
1790423759.4741068,2.1534860134124756
1790423759.4755855,2.425000013317913
1790423759.47826,4.1410879930481315
1790423759.4783535,16.36738100205548
1790423759.4784267,2.831485995557159
1790423759.4816108,1.3012669805902988
1790423759.483256,15.855511999689043
1790423759.4874818,1.5500019944738597
1790423759.4882998,13.323824008693919
1790423759.488373,28.08783299406059
1790423759.496271,2.6316520234104246
1790423759.4991133,1.490914000896737
1790423759.501592,6.851159007055685
1790423759.5017366,25.48183299950324
1790423759.502451,1.9064730149693787
1790423759.5111947,1.597112015588209
1790423759.517753,22.04042099765502
1790423759.518089,15.525714989053085
1790423759.519383,32.804278016556054
1790423759.5209346,6.534918997203931
1790423759.522235,25.739571981830522
1790423759.523494,33.989616989856586
1790423759.5236027,20.238541008438915
1790423759.5240443,8.752573019592091
1790423759.524783,2.063170977635309
1790423759.525538,17.37844798481092
1790423759.5305712,31.40376802184619
1790423759.5306516,12.538709997897968
1790423759.5335329,1.3969059800729156
1790423759.5421798,1.4874580083414912
1790423759.542586,22.83835198613815
1790423759.542895,30.9485079778824
1790423759.5429542,5.955958011327311
1790423759.545011,1.4137370162643492
1790423759.5480528,33.1494540150743
1790423759.5486689,2.3926620197016746
1790423759.5488646,26.61771301063709
1790423759.5497653,2.936062024673447
1790423759.5498946,11.499170999741182
1790423759.5505383,1.6611969913356006
1790423759.5529318,1.571023982251063
1790423759.5542712,1.3296310207806528
1790423759.5572364,1.7853059980552644
1790423759.5581744,1.386332995025441
1790423759.559722,1.2072469980921596
1790423759.5632389,1.1407599959056824
1790423759.5655584,1.2216210016049445
1790423759.567372,1.801459991838783
1790423759.5682485,1.703971007373184
1790423759.571613,1.2869939964730293
1790423759.5751173,1.2208539992570877
1790423759.5769382,1.331998995738104
1790423759.5782466,1.2983950146008283
1790423759.5829422,1.387897995300591
1790423759.5843973,1.2594440195243806
1790423759.5935054,1.1894810013473034
1790423759.5949197,1.4060329995118082
1790423759.5972848,1.422014000127092
1790423759.6042025,1.3105220277793705
1790423759.614398,1.4462519902735949
1790423759.6172996,2.61045599472709
1790423759.6186109,3.4622030216269195
1790423759.619363,2.054984011920169
1790423759.6205435,2.710973989451304
1790423759.6206834,2.4720320070628077
1790423759.6207602,13.187877979362383
1790423759.623691,2.3474109766539186
1790423759.6242378,1.3929970155004412
1790423759.6266797,1.5264969842974097
1790423759.6310017,15.296905010472983
1790423759.635458,15.588614012813196
1790423759.6361852,28.06419102125801
1790423759.6362822,7.9078169947024435
1790423759.6479297,2.0925329881720245
1790423759.6486938,1.7736699956003577
1790423759.6518703,29.53683800296858
1790423759.6519487,17.3602829745505
1790423759.6555426,2.06824199995026
1790423759.6592498,1.5806700102984905
1790423759.6642203,24.806232016999274
1790423759.664727,26.595968985930085
1790423759.6648304,9.802841988857836
1790423759.6665561,1.622026989934966
1790423759.6704602,1.7368519911542535
1790423759.676367,20.404509996296838
1790423759.6831386,2.344140986679122
1790423759.6839633,2.260540990391746
1790423759.689903,19.430986983934417
1790423759.6905277,2.240959001937881
1790423759.6909142,6.831229984527454
1790423759.6909926,36.85884899459779
1790423759.696612,9.870454989140853
1790423759.6967359,35.14590099803172
1790423759.6968207,24.95273799286224
1790423759.699036,1.5445070166606456
1790423759.699567,1.4886160206515342
1790423759.711262,1.4676629798486829
1790423759.719725,1.3566919951699674
1790423759.7222843,1.5071559755597264
1790423759.7230337,1.79604600998573
1790423759.725262,1.1875570053234696
1790423759.7340727,2.8244979912415147
1790423759.7355778,18.113519006874412
1790423759.7374637,4.437819996383041
1790423759.7407737,18.15005499520339
1790423759.7452915,32.80798401101492
1790423759.7505958,14.42978301201947
1790423759.7653983,33.08549401117489
1790423759.7657306,26.97475699824281
1790423759.768083,31.168638000963256
1790423759.7683132,37.937604007311165
1790423759.775503,29.628488002344966
1790423759.7813742,25.018742016982287
1790423759.783234,29.312702012248337
1790423759.7857766,39.11684500053525
1790423759.7868986,31.665366986999288
1790423759.797243,62.96446599299088
1790423759.7999642,36.36649198597297
1790423759.8025022,64.68264601426199
1790423759.805333,49.600278987782076
1790423759.8073938,31.21960800490342
1790423759.8074973,47.131286992225796
1790423759.8082216,42.244406999088824
1790423759.8141098,39.27463301806711
1790423759.827367,33.85587298544124
1790423759.83426,33.71976999915205
1790423759.8351188,72.90250097867101
1790423759.8365438,55.15464500058442
1790423759.84259,85.40698501747102
1790423759.8455257,49.18399400776252
1790423759.8460207,5.577116011409089
1790423759.8461182,78.60275701386854
1790423759.846238,20.83071699598804
1790423759.8466687,51.274555997224525
1790423759.8485954,66.33645799593069
1790423759.8487353,24.432611011434346
1790423759.849139,9.718847984913737
1790423759.8497632,80.10114100761712
1790423759.8526642,2.7306629926897585
1790423759.8533218,42.5860510149505
1790423759.8644485,63.29686098615639
1790423759.864875,13.876273995265365
1790423759.8654954,24.336428992683068
1790423759.8658142,49.75456700776704
1790423759.8660166,39.96963202371262
1790423759.866702,18.875745008699596
1790423759.866892,53.52508201031014
1790423759.8673987,38.760273018851876
1790423759.8683271,88.75061900471337
1790423759.8695211,20.369345002109185
1790423759.869609,17.43026199983433
1790423759.8863,17.483134986832738
1790423759.889691,26.12424801918678
1790423759.8902643,46.17863200837746
1790423759.8904302,29.70212302170694
1790423759.8940012,27.973944001132622
1790423759.8940969,20.138075982686132
1790423759.8945253,33.666963019641116
1790423759.89682,13.724891992751509
1790423759.9006991,43.71589998481795
1790423759.9011903,30.797843006439507
1790423759.901289,29.775096016237512
1790423759.9060419,31.449517991859466
1790423759.9064052,17.821094021201134
1790423759.9067419,38.40262797893956
1790423759.907359,4.240410984493792
1790423759.912211,15.088316984474659
1790423759.917523,40.68003100110218
1790423759.920656,39.061432995367795
1790423759.9208255,30.381573975319043
1790423759.9211037,48.72615297790617
1790423759.9239511,15.665120998164639
1790423759.9249132,21.650563983712345
1790423759.9255319,8.740335004404187
1790423759.925663,38.64067100221291
1790423759.9299784,33.944427996175364
1790423759.9391706,27.902635018108413
1790423759.9408846,23.34940800210461
1790423759.9410763,36.54984699096531
1790423759.941506,31.425664987182245
1790423759.9462898,67.92472500819713
1790423759.9510112,37.10669698193669
1790423759.9552522,39.28522701608017
1790423759.9558892,16.706466994946823
1790423759.956618,31.65427898056805
1790423759.956762,21.779816976049915
1790423759.9568534,42.00909999781288
1790423759.9569628,4.775634995894507
1790423759.962129,42.94407300767489
1790423759.9634423,2.0417819905560464
1790423759.9635596,50.94791599549353
1790423759.9666772,1.5422009746544063
1790423759.9702551,27.03699900303036
1790423759.9704328,6.765878992155194
1790423759.9709284,31.2106289784424
1790423759.971551,24.163247988326475
1790423759.971694,3.8265130133368075
1790423759.9737778,2.7341519889887422
1790423759.9879482,3.2859540078788996
1790423759.9915464,19.491732004098594
1790423759.9916956,27.110612019896507
1790423759.9977756,38.68655301630497
1790423759.9988766,16.761612001573667
1790423760.0100098,35.986460017738864
1790423760.015563,30.363074009073898
1790423760.020678,47.56356598227285
1790423760.022693,27.100464008981362
1790423760.0254743,38.06841600453481
1790423760.025572,29.3954849767033
1790423760.0268984,25.73633100837469
1790423760.0285525,59.783623000839725
1790423760.0291605,35.06028902484104
1790423760.0293217,39.88099700654857
1790423760.0313668,28.96578499348834
1790423760.0336564,38.88299799291417
1790423760.0337508,43.46695198910311
1790423760.0348191,36.85401499387808
1790423760.0355237,31.045101990457624
1790423760.0369778,16.908086981857195
1790423760.0370972,20.52986598573625
1790423760.0376685,3.2016700133681297
1790423760.041675,29.602302005514503
1790423760.0430381,57.18480399809778
1790423760.0471454,1.708458992652595
1790423760.0493052,38.018145016394556
1790423760.0496752,31.85006999410689
1790423760.051503,28.2605690008495
1790423760.0526726,49.744741001632065
1790423760.0539596,15.511514997342601
1790423760.054465,8.280016976641491
1790423760.0547974,36.20655200211331
1790423760.0563657,52.55847200169228
1790423760.056465,59.36597500112839
1790423760.058771,31.310601014411077
1790423760.060018,46.50899299304001
1790423760.0601664,17.700625001452863
1790423760.0609198,46.58279498107731
1790423760.061328,29.949359013698995
1790423760.0627701,43.1892019987572
1790423760.062895,19.44045300479047
1790423760.063004,41.04566597379744
1790423760.0630999,9.828169015236199
1790423760.0657272,14.213607006240636
1790423760.081989,27.01842100941576
1790423760.0820806,9.436927997739986
1790423760.0829637,30.28053999878466
1790423760.083043,25.172475987346843
1790423760.0850055,1.5633690054528415
1790423760.0876641,14.440913015278056
1790423760.0877335,30.686206999234855
1790423760.0899034,1.2973069970030338
1790423760.0932992,1.5013729862403125
1790423760.1069095,4.102257982594892
1790423760.1085985,4.242047987645492
1790423760.1087048,23.334675992373377
1790423760.1205676,25.921502005076036
1790423760.1211212,15.776502987137064
1790423760.1231422,1.778847014065832
1790423760.1331177,29.849426995497197
1790423760.1334376,19.626975001301616
1790423760.13372,9.939672017935663
1790423760.1339276,18.44624400837347
1790423760.1345255,6.2488350085914135
1790423760.1346624,30.6589349929709
1790423760.14288,22.234995994949713
1790423760.150077,31.01353900274262
1790423760.1502209,2.616472018416971
1790423760.1503198,18.901790026575327
1790423760.1526322,16.991401003906503
1790423760.1578004,27.636273996904492
1790423760.1612582,26.585384999634698
1790423760.1613314,24.747913994360715
1790423760.1665268,1.7506279982626438
1790423760.1681101,1.5716259949840605
1790423760.1760936,2.5889330136124045
1790423760.177276,28.901870013214648
1790423760.177432,7.480019005015492
1790423760.1779606,3.4551940043456852
1790423760.1826859,3.7790570058859885
1790423760.1851583,14.759902987862006
1790423760.1855485,29.49510799953714
1790423760.1865556,3.8560249959118664
1790423760.1866434,11.103636003099382
1790423760.1876009,33.07559099630453
1790423760.2039688,22.76448899647221
1790423760.214089,13.732396007981151
1790423760.2144544,34.09513598307967
1790423760.2146566,42.82383501413278
1790423760.2164156,1.7465070122852921
1790423760.2169416,30.232766992412508
1790423760.2170932,15.623877989128232
1790423760.218055,39.627562975510955
1790423760.2242558,1.9420780008658767
1790423760.2314243,45.516496000345796
1790423760.2341945,62.8872639790643
1790423760.2343566,44.51305998372845
1790423760.2344425,11.068202991737053
1790423760.234509,30.15408301143907
1790423760.23753,38.01549898344092
1790423760.2424464,62.76736399740912
1790423760.2429845,33.54104098980315
1790423760.2437828,31.818298011785373
1790423760.2438536,19.429412990575656
1790423760.2501643,1.640789007069543
1790423760.2546878,24.730233009904623
1790423760.2547755,28.15786298015155
1790423760.2549021,23.31661101197824
1790423760.2552512,27.65614099917002
1790423760.2566535,1.3432590058073401
1790423760.260676,1.5096200222615153
1790423760.2667422,3.0391540203709155
1790423760.267742,26.07764900312759
1790423760.268056,7.370089995674789
1790423760.2684994,20.572920999256894
1790423760.2688835,2.9042669921182096
1790423760.2696655,4.100644990103319
1790423760.2701433,5.466358008561656
1790423760.2777312,1.5412650245707482
1790423760.2816315,1.568181993206963
1790423760.2893713,16.984260990284383
1790423760.2913992,21.72454202082008
1790423760.2995443,16.42225802061148
1790423760.3012884,18.58407599502243
1790423760.3014436,33.3352180023212
1790423760.3315291,36.64419599226676
1790423760.3322122,20.523122017038986
1790423760.3373466,53.03030100185424
1790423760.3477485,40.74680898338556
1790423760.3535728,64.85298799816519
1790423760.3538823,82.22628300427459
1790423760.3546553,43.61086702556349
1790423760.357241,69.31201700353995
1790423760.3574572,43.03925999556668
1790423760.360409,41.94192899740301
1790423760.3605163,31.672066019382328
1790423760.3620596,46.63792601786554
1790423760.3669415,47.70562099292874
1790423760.3827276,77.00417898013256
1790423760.383079,82.58651601499878
1790423760.3849797,64.20676101697609
1790423760.3855486,87.35247398726642
1790423760.3885427,63.677266996819526
1790423760.3936913,45.080310985213146
1790423760.393863,88.86509598232806
1790423760.3947628,100.5963429925032
1790423760.3954,61.02259599720128
1790423760.3956103,20.424588001333177
1790423760.3956873,36.813824001001194
1790423760.3974047,1.5226109826471657
1790423760.403286,70.0373380095698
1790423760.404252,74.69485999899916
1790423760.4046693,52.405512979021296
1790423760.4052126,19.445680984063074
1790423760.4053104,39.10828000516631
1790423760.4054375,70.52941399160773
1790423760.4055104,8.094174991128966
1790423760.406249,89.97126499889418
1790423760.4090781,70.83044701721519
1790423760.4101975,90.42182701523416
1790423760.4106598,54.859203984960914
1790423760.411311,23.34209400578402
1790423760.411462,66.40442201751284
1790423760.4116807,39.64504098985344
1790423760.4120324,8.736828021937981
1790423760.4127197,75.35949398879893
1790423760.413124,58.14091500360519
1790423760.4132423,42.636733007384464
1790423760.4138136,27.95932299341075
1790423760.4196067,19.185179990017787
1790423760.438731,29.19012599159032
1790423760.4394257,20.54560699616559
1790423760.440238,17.10244800779037
1790423760.4403653,32.10593399126083
1790423760.4410632,26.311701018130407
1790423760.4419582,20.081111986655742
1790423760.4420998,9.018429991556332
1790423760.4422047,35.48633799073286
1790423760.4450862,24.704266019398347
1790423760.4451897,17.845492984633893
1790423760.4457395,1.683601993136108
1790423760.4483352,31.38746999320574
1790423760.4484303,2.68019997747615
1790423760.449949,28.86934598791413
1790423760.4501061,48.656563012627885
1790423760.4548125,1.6091070137917995
1790423760.455581,1.640531001612544
1790423760.455764,23.203109012683854
1790423760.4598458,2.38205399364233
1790423760.46058,1.4090210024733096
1790423760.46393,41.43107499112375
1790423760.4644506,17.66685099573806
1790423760.4656067,7.258531986735761
1790423760.4657042,3.185398003552109
1790423760.4659815,4.440229007741436
1790423760.4660466,2.061617997242138
1790423760.494993,18.11068199458532
1790423760.495149,34.360260993707925
1790423760.4957132,18.055376975098625
1790423760.516701,33.9520699926652
1790423760.517131,41.43879999173805
1790423760.517789,14.918492990545928
1790423760.5183756,9.659211005782709
1790423760.518455,49.82442100299522
1790423760.5187936,29.595691012218595
1790423760.520253,34.29070900892839
1790423760.5215101,17.09119399311021
1790423760.5215886,42.30656899744645
1790423760.5219305,34.97897202032618
1790423760.5220232,7.886476989369839
1790423760.5287237,43.52480199304409
1790423760.5289452,21.748922998085618
1790423760.529532,12.340187997324392
1790423760.5361078,27.59394599706866
1790423760.5371222,41.34173700003885
1790423760.5372279,13.153442996554077
1790423760.5408485,1.8306979909539223
1790423760.54595,1.9497059984132648
1790423760.5532138,19.85728199360892
1790423760.5584722,23.81939798942767
1790423760.5643592,17.69566599978134
1790423760.5650299,34.8053119960241
1790423760.5651448,15.569972019875422
1790423760.578218,36.77806898485869
1790423760.5784357,26.266150001902133
1790423760.5823643,3.9168779912870377
1790423760.583297,5.729222000809386
1790423760.583942,18.277038994710892
1790423760.5841737,36.03834597743116
1790423760.5851529,4.50759899104014
1790423760.5935957,2.566523995483294
1790423760.5955105,66.08814999344759
1790423760.5956078,27.057808998506516
1790423760.5958166,14.118758990662172
1790423760.5959878,47.186734998831525
1790423760.5967674,3.308201994514093
1790423760.6009777,2.4026169849094003
1790423760.6081018,4.36271500075236
1790423760.6093993,4.462167009478435
1790423760.6095133,3.774801007239148
1790423760.6106162,30.760519002797082
1790423760.610905,24.67724899179302
1790423760.6116781,12.516424001660198
1790423760.6126738,5.995859013637528
1790423760.6132407,1.5527080104220659
1790423760.6158588,2.2418109874706715
1790423760.617848,2.961566991871223
1790423760.6185963,2.0592910004779696
1790423760.6234071,2.5982979859691113
1790423760.6234732,2.0974709768779576
1790423760.6364071,25.344230991322547
1790423760.6369143,29.41908300272189
1790423760.6375117,21.6407919942867
1790423760.6380875,10.597320011584088
1790423760.6430995,2.932823001174256
1790423760.651,2.1816320077050477
1790423760.6600118,24.790931987809017
1790423760.6664674,9.902174992021173
1790423760.6671314,26.792396005475894
1790423760.6688113,16.15141800721176
1790423760.6738126,17.068639979697764
1790423760.6743667,19.044491986278445
1790423760.6748521,41.82681400561705
1790423760.6753364,36.53265899629332
1790423760.6756153,30.203991977032274
1790423760.6757092,38.12920697964728
1790423760.676223,31.786837993422523
1790423760.6763904,16.757731995312497
1790423760.6768813,21.67263798764907
1790423760.677528,38.22305498761125
1790423760.6776156,16.104943002574146
1790423760.677901,46.69306499999948
1790423760.6784065,11.923352984013036
1790423760.6789424,10.119964019395411
1790423760.6793823,5.005487008020282
1790423760.680334,3.440606000367552
1790423760.6813862,10.018042987212539
1790423760.6832776,1.8790269969031215
1790423760.6946886,29.333165002753958
1790423760.6962702,23.211626015836373
1790423760.6964893,16.144221008289605
1790423760.696589,38.22537700762041
1790423760.7008226,1.7118770047090948
1790423760.7035015,29.67619601986371
1790423760.7038512,38.68726998916827
1790423760.7039232,23.008608986856416
1790423760.715422,31.467413005884737
1790423760.715728,2.3232559906318784
1790423760.719983,1.6206619911827147
1790423760.721705,29.766265011858195
1790423760.7220244,34.56225601257756
1790423760.7309372,1.4287079975474626
1790423760.7406714,1.344563002930954
1790423760.7433448,1.9593049946706742
1790423760.7434065,1.5616639866493642
1790423760.7449958,1.3427669764496386
1790423760.7568884,1.7507320153526962
1790423760.7636113,2.058862999547273
1790423760.7708902,30.072465975536034
1790423760.7712924,20.670200989115983
1790423760.7717533,9.130852995440364
1790423760.7726178,2.5799610011745244
1790423760.776391,1.8012800137512386
1790423760.7803888,27.122642990434542
1790423760.7813241,29.716236982494593
1790423760.78142,12.46805998380296
1790423760.7852821,1.5184789954219013
1790423760.7901618,2.2151560115162283
1790423760.7942245,1.5169770049396902
1790423760.7984612,26.649734005331993
1790423760.7985625,9.95601899921894
1790423760.8020246,1.5578080201521516
1790423760.8036275,1.476412988267839
1790423760.805769,1.408831012668088
1790423760.8073184,1.5402289864141494
1790423760.8115733,1.4250279928091913
1790423760.814463,1.630518992897123
1790423760.8153186,1.6325759934261441
1790423760.817837,1.7578180122654885
1790423760.835389,2.3926130088511854
1790423760.8356385,3.2781909976620227
1790423760.8365018,2.1649940172210336
1790423760.8486314,1.7083790153265
1790423760.8526506,1.8890640058089048
1790423760.8534703,2.1742460085079074
1790423760.8555655,1.4242049946915358
1790423760.8576174,1.7002270033117384
1790423760.8610332,1.9579979998525232
1790423760.8617713,19.806942000286654
1790423760.8627336,29.24164800788276
1790423760.8628523,10.189933993387967
1790423760.8629282,3.2699729781597853
1790423760.8651466,1.3039110053796321
1790423760.8699472,2.616751007735729
1790423760.8709714,1.8005780002567917
1790423760.8791618,1.7711179971229285
1790423760.8836396,1.5707160055171698
1790423760.885157,1.506086002336815
1790423760.8866813,1.3820170133840293
1790423760.8951595,1.573679008288309
1790423760.8970065,28.744210983859375
1790423760.8971746,18.00384299713187
1790423760.8978465,6.769108003936708
1790423760.9150298,15.860815008636564
1790423760.92976,32.502990012289956
1790423760.93062,10.702801024308428
1790423760.9307246,34.243868984049186
1790423760.9313753,12.088721006875858
1790423760.9317727,28.11789800762199
1790423760.9380362,35.599790018750355
1790423760.9384832,7.852323993574828
1790423760.9401803,3.805394982919097
1790423760.9412096,27.74443500675261
1790423760.9413216,5.814139993162826
1790423760.9414003,4.232919978676364
1790423760.945594,32.8761640121229
1790423760.9458888,11.00493999547325
1790423760.9461782,7.683446980081499
1790423760.949469,1.4473159972112626
1790423760.9525218,1.4005520206410438
1790423760.957668,1.4535950031131506
1790423760.9708054,1.5487359778489918
1790423760.9789462,1.4466390130110085
1790423760.9804285,1.3700409908778965
1790423760.9820473,1.2017900007776916
1790423760.9909694,19.248125987360254
1790423760.9911084,8.067496994044632
1790423760.991234,22.41479398799129
1790423760.9990127,1.8393260252196342
1790423760.9995062,1.7914159980136901
1790423761.0045385,3.141835011774674
1790423761.0052662,2.580909989774227
1790423761.0053432,1.850063999881968
1790423761.0113037,26.737860986031592
1790423761.0117502,22.13205097359605
1790423761.0121624,10.24201000109315
1790423761.0122447,2.738379000220448
1790423761.0177336,1.7556350212544203
1790423761.0281732,2.7331869932822883
1790423761.028651,2.5057689927052706
1790423761.032777,1.4750150148756802
1790423761.0368795,27.95365298516117
1790423761.0372558,10.411082999780774
1790423761.0373707,17.963064019568264
1790423761.0381167,2.0209870126564056
1790423761.0391655,28.961286006961018
1790423761.0392315,15.211367019219324
1790423761.0393062,9.117380017414689
1790423761.0457761,1.6809439985081553
1790423761.0478995,1.9943790102843195
1790423761.0660357,17.640297999605536
1790423761.0661452,32.996859023114666
1790423761.0699415,2.3401679936796427
1790423761.0812728,41.38290701666847
1790423761.0813706,26.7959329939913
1790423761.081683,8.68763099424541
1790423761.086226,39.74469602690078
1790423761.086412,7.43515498470515
1790423761.087106,31.3507069949992
1790423761.087876,14.030669000931084
1790423761.0890443,24.623515986604616
1790423761.0896096,14.878993999445811
1790423761.08979,40.149386011762545
1790423761.090212,7.87043001037091
1790423761.0908532,3.6107659980189055
1790423761.0954535,1.82051002047956
1790423761.1106212,34.09075099625625
1790423761.1122634,28.23830599663779
1790423761.1129763,37.46068602777086
1790423761.1131816,3.820856014499441
1790423761.1139271,5.153092002728954
1790423761.1140337,36.908934998791665
1790423761.1152086,28.784258000086993
1790423761.1153698,8.543028001440689
1790423761.1154435,19.34767299098894
1790423761.115854,37.66906398232095
1790423761.115922,2.727198996581137
1790423761.1197796,3.1468849920202047
1790423761.1198843,2.62978597311303
1790423761.1208024,2.690430002985522
1790423761.1250706,3.1326570024248213
1790423761.1255887,2.9976789955981076
1790423761.134221,1.7724129720591009
1790423761.1447217,14.685970993014053
1790423761.1480892,3.087120974669233
1790423761.1551607,29.0294129808899
1790423761.1575413,30.484340008115396
1790423761.159068,23.388990986859426
1790423761.1597152,10.837587004061788
1790423761.160588,11.067120998632163
1790423761.1612825,15.26364401797764
1790423761.1628625,25.261196977226064
1790423761.163618,27.256645989837125
1790423761.1652012,41.96198401041329
1790423761.1654527,41.62636399269104
1790423761.1656487,14.749247988220304
1790423761.1659656,47.334278002381325
1790423761.166191,13.628763001179323
1790423761.1662736,7.590809982502833
1790423761.1672132,8.134636998875067
1790423761.1675959,13.819818006595597
1790423761.1705542,1.8487439956516027
1790423761.177981,22.80819497536868
1790423761.1780694,27.794292982434854
1790423761.187966,30.146078002871946
1790423761.188123,24.494462995789945
1790423761.1890028,19.16918798815459
1790423761.1891453,27.852061990415677
1790423761.1931994,17.510330013465136
1790423761.1937788,31.628539989469573
1790423761.1944573,12.83031899947673
1790423761.1969132,25.61274598701857
1790423761.1977346,41.88769098254852
1790423761.1983445,35.47291099675931
1790423761.200592,20.679455978097394
1790423761.2011683,24.801354011287913
1790423761.2025926,30.2310970146209
1790423761.2039487,6.111922994023189
1790423761.2040317,5.26608299696818
1790423761.2041624,12.874771986389533
1790423761.2055104,58.7268459785264
1790423761.2089336,29.78835700196214
1790423761.2092795,36.29485901910812
1790423761.2095833,15.114545996766537
1790423761.209961,8.002335001947358
1790423761.2167802,1.7905599961522967
1790423761.2183485,21.424649021355435
1790423761.2241154,2.3384680098388344
1790423761.2287848,23.991171008674428
1790423761.2295833,33.45667800749652
1790423761.229653,7.220440020319074
1790423761.232004,18.042817973764613
1790423761.2328935,7.685298973228782
1790423761.2329876,3.2280310115311295
1790423761.2330973,33.084410009905696
1790423761.2333446,2.4734099861234426
1790423761.235109,1.231815986102447
1790423761.2430496,3.0053280061110854
1790423761.2431362,16.570339997997507
1790423761.24323,27.39373399526812
1790423761.2544522,2.338427002541721
1790423761.2545307,1.87842600280419
1790423761.263731,1.3930949789937586
1790423761.2670138,1.812558009987697
1790423761.2679815,23.1334239942953
1790423761.2690759,11.114196997368708
1790423761.2692146,3.185239009326324
1790423761.2692869,33.14791899174452
1790423761.2712002,22.712065983796492
1790423761.2715666,9.875868010567501
1790423761.2716508,28.23395997984335
1790423761.2742271,1.2859210255555809
1790423761.2802107,1.2672700104303658
1790423761.2843533,1.5107170038390905
1790423761.2859836,1.6199890233110636
1790423761.2962492,2.060675004031509
1790423761.2973397,1.8686940020415932
1790423761.2999442,21.61494898609817
1790423761.3015003,1.4387080154847354
1790423761.3042593,26.896811003098264
1790423761.304479,19.29867998114787
1790423761.305068,2.7342020184732974
1790423761.3051274,1.753187010763213
1790423761.3081734,1.5409710176754743
1790423761.3113685,1.7544330039527267
1790423761.311431,2.341730985790491
1790423761.315388,1.333232008619234
1790423761.3169484,1.2606689997483045
1790423761.3188322,1.3520460051950067
1790423761.3197052,1.496707001933828
1790423761.3319595,1.5082260069902986
1790423761.3343687,1.631596009247005
1790423761.3349361,1.4834459871053696
1790423761.34463,6.286494986852631
1790423761.345445,25.608449999708682
1790423761.3456168,24.661410017870367
1790423761.3467138,4.935306002153084
1790423761.347108,4.788360995007679
1790423761.347192,3.3079760032705963
1790423761.3486054,1.3074650196358562
1790423761.3601303,1.8861199787352234
1790423761.369545,1.7685639904811978
1790423761.3712947,22.566891013411805
1790423761.3721027,9.912395995343104
1790423761.3729572,8.995514013804495
1790423761.3735065,19.799712987150997
1790423761.3746974,29.81269799056463
1790423761.3747709,31.596003012964502
1790423761.374937,5.220674996962771
1790423761.3761175,3.779251012019813
1790423761.3829968,2.112461981596425
1790423761.38516,1.4938079984858632
1790423761.3855956,27.972353011136875
1790423761.3863573,19.910886010620743
1790423761.3864424,13.475301006110385
1790423761.3865564,31.172594986855984
1790423761.3940845,1.8236819887533784
1790423761.3982375,23.015232000034302
1790423761.3983245,29.696213983697817
1790423761.4025514,2.510083984816447
1790423761.4026744,1.8307419959455729
1790423761.4027543,2.652977011166513
1790423761.4051642,1.1895379866473377
1790423761.418449,1.339323993306607
1790423761.4220505,1.3327150081750005
1790423761.4245362,4.3007820204366
1790423761.4246383,21.154151007067412
1790423761.4247367,2.485614997567609
1790423761.4252949,1.4394439931493253
1790423761.4316359,2.0687950018327683
1790423761.4325397,1.740097999572754
1790423761.4401262,1.5431620122399181
1790423761.4420702,1.7047750006895512
1790423761.4480298,1.678036991506815
1790423761.451073,25.542610994307324
1790423761.4512203,21.16762998048216
1790423761.452046,6.2758889980614185
1790423761.454466,4.521326016401872
1790423761.4545481,5.409200006397441
1790423761.4546614,4.180085990810767
1790423761.4550629,3.0044870218262076
1790423761.4558506,2.746765996562317
1790423761.457935,2.4896140093915164
1790423761.4580088,2.00622298871167
1790423761.4647818,1.4150820206850767
1790423761.4721677,1.6418140148743987
1790423761.4738684,1.3462609786074609
1790423761.4790902,1.3872889976482838
1790423761.4925516,1.5293009928427637
1790423761.5019472,1.5637580072507262
1790423761.5075407,1.5979150193743408
1790423761.5144427,21.701963007217273
1790423761.5166507,1.7619190039113164
1790423761.5180063,2.25928399595432
1790423761.5254958,1.623743009986356
1790423761.525903,1.5203719958662987
1790423761.5290549,1.2535850109998137
1790423761.5346959,18.022531003225595
1790423761.5347736,22.04177502426319
1790423761.5416043,1.7782209906727076
1790423761.5453355,1.3569859729614109
1790423761.5484593,1.2810139742214233
1790423761.5527935,1.3539640058297664
1790423761.5599887,2.534643019316718
1790423761.56009,2.021759020863101
1790423761.5605786,1.8772619951050729
1790423761.564121,20.65251799649559
1790423761.5647786,24.469761992804706
1790423761.5650568,9.29973999154754
1790423761.5653431,4.128782020416111
1790423761.5661962,4.321397020248696
1790423761.5676446,5.155111983185634
1790423761.5689738,2.768778009340167
1790423761.5691686,2.096418000292033
1790423761.578066,1.8954850092995912
1790423761.579425,2.446256985422224
1790423761.5887122,1.716375001706183
1790423761.5908833,1.5773230115883052
1790423761.5949037,29.2456180031877
1790423761.596462,26.619087002472952
1790423761.596715,3.775163000682369
1790423761.5968087,17.976388975512236
1790423761.5978,2.3944319982547313
1790423761.5987377,12.849969003582373
1790423761.5994186,30.19963900442235
1790423761.5999835,28.34582101786509
1790423761.6000473,6.386043998645619
1790423761.6090176,1.637017005123198
1790423761.6117554,1.5198680048342794
1790423761.6175444,1.6606809804216027
1790423761.6243982,24.96802099631168
1790423761.6244807,2.904626016970724
1790423761.6289701,2.2078200126998127
1790423761.62903,1.657530025113374
1790423761.6316447,1.3125039986334741
1790423761.6419868,1.5535200072918087
1790423761.64872,2.1250130084808916
1790423761.6602752,19.16013698792085
1790423761.6780498,42.91718901367858
1790423761.6808226,23.822329007089138
1790423761.6820867,19.98335201642476
1790423761.6871707,14.02347898692824
1790423761.6875281,38.31386400270276
1790423761.6910071,40.94825600623153
1790423761.7055004,22.920896008145064
1790423761.7084525,36.12551500555128
1790423761.7126415,37.53221200895496
1790423761.7143211,39.67318101786077
1790423761.7167253,60.78689801506698
1790423761.719012,42.47305300668813
1790423761.7201328,72.51718000043184
1790423761.720489,56.15085401223041
1790423761.721813,74.70719798584469
1790423761.7218788,58.30617598257959
1790423761.7248197,25.078050006413832
1790423761.7260206,40.71919800480828
1790423761.7261522,42.37864399328828
1790423761.726308,74.85621300293133
1790423761.7265584,50.99518099450506
1790423761.726653,30.11432898347266
1790423761.7271206,16.612415987765417
1790423761.727549,26.9311839947477
1790423761.7276666,23.024449008516967
1790423761.727951,12.474871997255832
1790423761.7397373,50.186781998490915
1790423761.7398682,48.52824500994757
1790423761.7412305,35.21909800474532
1790423761.7417047,42.63142601121217
1790423761.7422512,38.260546018136665
1790423761.7423165,27.984649990685284
1790423761.7423873,30.78859602101147
1790423761.7426198,12.316668988205492
1790423761.7439458,2.1966920176055282
1790423761.7442276,1.5964110207278281
1790423761.7457678,1.3500359782483429
1790423761.7487407,1.6714819939807057
1790423761.7496645,36.78313401178457
1790423761.7502763,2.4148040101863444
1790423761.7503781,53.631121991202235
1790423761.7505043,4.081024002516642
1790423761.750567,15.322207007557154
1790423761.7570949,2.8859470039606094
1790423761.7598147,3.6868650058750063
1790423761.7600353,4.7169300087261945
1790423761.7611914,3.5027730045840144
1790423761.7614887,2.449341001920402
1790423761.7617419,1.5031530056148767
1790423761.7657323,1.2223729863762856
1790423761.7695467,1.274273992748931
1790423761.7734475,1.3419189781416208
1790423761.7768676,19.7598610247951
1790423761.7772026,14.25569099956192
1790423761.7775595,25.335238984553143
1790423761.7776191,3.991692006820813
1790423761.780322,1.4660290034953505
1790423761.7818208,1.3684589939657599
1790423761.7914548,26.447166979778558
1790423761.7915454,13.740250986302271
1790423761.7924516,1.921805989695713
1790423761.8034668,7.37704400671646
1790423761.8036695,27.811584994196892
1790423761.8037777,25.497086986433715
1790423761.8055387,1.5543109911959618
1790423761.809057,1.4535360096488148
1790423761.8104067,9.749186021508649
1790423761.810493,26.252222014591098
1790423761.8142395,2.0705320057459176
1790423761.8164427,13.570114999311045
1790423761.8171537,2.9038060165476054
1790423761.8172696,28.36255999864079
1790423761.826549,1.5669190033804625
1790423761.8302207,1.585071993758902
1790423761.8372004,1.6995529877021909
1790423761.8401272,27.059200016083196
1790423761.8405325,20.330680010374635
1790423761.840597,8.350399002665654
1790423761.8436394,9.99421501182951
1790423761.843771,29.04319899971597
1790423761.843834,21.846174000529572
1790423761.8476593,2.079703990602866
1790423761.8483057,1.5968639927450567
1790423761.8556163,2.078682999126613
1790423761.8583605,1.425333000952378
1790423761.868503,1.6288420010823756
1790423761.872993,1.3927450054325163
1790423761.8769233,22.05498400144279
1790423761.8774242,23.357677011517808
1790423761.8784013,1.465732988435775
1790423761.8884466,2.292621007654816
1790423761.8955548,17.01143800164573
1790423761.899967,27.646336995530874
1790423761.9024136,11.700557981384918
1790423761.9071946,17.203552008140832
1790423761.9122617,12.991804018383846
1790423761.9191902,33.50968399900012
1790423761.9192894,23.04627501871437
1790423761.9233115,34.0722170076333
1790423761.9234014,5.298549018334597
1790423761.926388,23.038715997245163
1790423761.9268208,34.72562099341303
1790423761.92693,6.919189007021487
1790423761.9271278,29.437410994432867
1790423761.9335916,44.82470199582167
1790423761.9337604,2.4264940002467483
1790423761.9341927,1.976820989511907
1790423761.9436133,30.70270098396577
1790423761.9499912,7.943695993162692
1790423761.9502208,63.37087700376287
1790423761.9503338,42.76046299492009
1790423761.9504,28.297279990511015
1790423761.950986,52.875800000038
1790423761.9511817,11.472900019725785
1790423761.9534974,2.3037520004436374
1790423761.9538488,38.47917300299741
1790423761.9539664,25.707867986056954
1790423761.9540293,12.35920999897644
1790423761.957743,2.72042301367037
1790423761.9587374,2.4483650049660355
1790423761.9617205,3.387172007933259
1790423761.9622436,3.303628007415682
1790423761.962765,1.9108799751847982
1790423761.9628272,3.253972012316808
1790423761.9660058,2.063104009721428
1790423761.9664094,1.9807649950962514
1790423761.9683475,25.77179900254123
1790423761.9684289,1.8465220055077225
1790423761.968765,11.594626004807651
1790423761.9690373,3.681411995785311
1790423761.9691877,9.11238498520106
1790423761.9747124,1.220436010044068
1790423761.978026,1.3819169835187495
1790423761.9839454,2.093012008117512
1790423761.9839988,1.7271819815505296
1790423761.9871275,1.2404400040395558
1790423761.994151,1.1974490189459175
1790423761.9963195,1.2948889925610274
1790423761.997443,1.7236990097444504
1790423762.001726,1.3095860194880515
1790423762.0071297,1.6160040104296058
1790423762.0078175,1.5158739988692105
1790423762.0104225,1.6060610068961978
1790423762.0104876,2.046812995104119
1790423762.0122259,1.3704739976674318
1790423762.0232522,1.5680700016673654
1790423762.023874,1.6225180006586015
1790423762.0268748,2.99194801482372
1790423762.0269883,2.6928769948426634
1790423762.0282774,2.7674069860950112
1790423762.0289154,1.4556419919244945
1790423762.0302658,1.2513139809016138
1790423762.0323033,1.2447729823179543
1790423762.0355375,1.3016940210945904
1790423762.0377896,1.3869680115021765
1790423762.0389128,1.9065050000790507
1790423762.0403316,1.3015269942115992
1790423762.0424628,1.7443789984099567
1790423762.0463867,2.6374899898655713
1790423762.0469012,2.31864201487042
1790423762.0469778,1.6901440103538334
1790423762.048827,1.2415630044415593
1790423762.057332,1.6028239915613085
1790423762.0601134,1.2852349900640547
1790423762.0642505,1.3537020131479949
1790423762.0736384,21.005107002565637
1790423762.0743537,24.63507099309936
1790423762.074423,5.030255997553468
1790423762.07608,1.557570998556912
1790423762.078305,1.623420015675947
1790423762.0798447,1.530556008219719
1790423762.090778,1.3504289963748306
1790423762.0933561,1.3938869815319777
1790423762.0938878,23.255613981746137
1790423762.0943995,31.989416980650276
1790423762.0944655,15.672492008889094
1790423762.097863,1.2891649967059493
1790423762.0995152,16.080376983154565
1790423762.099786,23.65661200019531
1790423762.1037202,1.3684919977094978
1790423762.1091676,3.0903639853931963
1790423762.109439,2.2231909970287234
1790423762.1096187,3.0124160111881793
1790423762.124354,14.72699799342081
1790423762.124642,19.984826009022072
1790423762.1247723,28.96072799921967
1790423762.124854,3.022874007001519
1790423762.128078,1.649785990593955
1790423762.1321146,1.7862690147012472
1790423762.1364994,1.488666981458664
1790423762.1375377,19.79219901841134
1790423762.1384807,1.47364498116076
1790423762.141637,26.308650994906202
1790423762.1420398,3.008988016517833
1790423762.1421342,8.447534986771643
1790423762.150235,15.970023989211768
1790423762.150585,27.759001997765154
1790423762.150691,8.436088013695553
1790423762.1515722,2.4011759960558265
1790423762.1542168,1.3553780154325068
1790423762.1628616,2.6362960052210838
1790423762.1629972,2.279367996379733
1790423762.1638827,2.1829140023328364
1790423762.1646168,1.410386001225561
1790423762.1763608,2.1355600038077682
1790423762.1776814,2.3788319958839566
1790423762.1780477,3.1703109852969646
1790423762.1799252,2.234234008938074
1790423762.1800177,3.770409995922819
1790423762.180977,1.4897040091454983
1790423762.1823025,1.316723006311804
1790423762.1827643,1.188519992865622
1790423762.1844058,1.192847004858777
1790423762.19477,1.7246239876840264
1790423762.1952853,1.632797997444868
1790423762.209789,1.6592679894529283
1790423762.2135556,1.5214580052997917
1790423762.2175183,1.5599509933963418
1790423762.227061,25.611927005229518
1790423762.2273378,8.841129019856453
1790423762.2455723,27.90203900076449
1790423762.2462769,22.765978996176273
1790423762.2474017,9.24312899587676
1790423762.253392,27.659498999128118
1790423762.2535367,33.78203499596566
1790423762.2538512,9.701713017420843
1790423762.2556336,29.065165988868102
1790423762.2562547,9.965887002181262
1790423762.2563536,32.122723991051316
1790423762.262038,31.400770996697247
1790423762.2621467,14.975380996474996
1790423762.2622151,32.24382898770273
1790423762.267433,2.8874210256617516
1790423762.2680483,2.0895879715681076
1790423762.268395,3.2216609979514033
1790423762.2759624,1.850475004175678
1790423762.2760427,2.344961976632476
1790423762.2794192,2.1570459939539433
1790423762.2823322,21.675938012776896
1790423762.2834256,1.7994359950535
1790423762.286459,1.9575199985411018
1790423762.2869363,13.827527000103146
1790423762.2870204,27.140560996485874
1790423762.288074,10.171599016757682
1790423762.2887564,1.5810279874131083
1790423762.2945306,1.4860620140098035
1790423762.2961016,1.5603869978804141
1790423762.29645,1.4525179867632687
1790423762.3032322,23.124971019569784
1790423762.3033483,26.99854798265733
1790423762.303411,13.352395995752886
1790423762.3205793,20.37786500295624
1790423762.3255296,1.9271360069978982
1790423762.3262389,1.563547004479915
1790423762.3427618,6.349372997647151
1790423762.3428602,25.278618006268516
1790423762.3473918,2.323908993275836
1790423762.3482554,3.779467020649463
1790423762.3489707,2.9486479761544615
1790423762.351755,1.9483979849610478
1790423762.355087,4.119261022424325
1790423762.3551521,3.386077005416155
1790423762.3552773,11.59869201364927
1790423762.3553426,7.940407987916842
1790423762.3554041,27.779254014603794
1790423762.3584676,2.0143880101386458
1790423762.3650172,1.6017449961509556
1790423762.3660238,1.8770190072245896
1790423762.366965,1.7055560019798577
1790423762.373032,1.6425299982074648
1790423762.3793914,22.133306018076837
1790423762.3807328,28.291191993048415
1790423762.3809037,10.938078019535169
1790423762.3815353,1.7313690041191876
1790423762.3874824,1.607615005923435
1790423762.3910966,1.2690160074271262
1790423762.3929372,1.2264950200915337
1790423762.3955376,1.4385450049303472
1790423762.3960714,1.5115160204004496
1790423762.4050083,2.277064020745456
1790423762.405692,1.5280420193448663
1790423762.4172363,2.238855988252908
1790423762.4183152,2.0066690049134195
1790423762.4203758,1.2816799862775952
1790423762.4209151,1.20873301057145
1790423762.427062,1.2719520018436015
1790423762.4290092,1.150808995589614
1790423762.4305408,1.199991995235905
1790423762.4332333,1.3234179932624102
1790423762.438365,1.343772019026801
1790423762.4464061,1.5257199993357062
1790423762.4557848,2.00454902369529
1790423762.459088,23.1566870061215
1790423762.4591992,4.713818023446947
1790423762.4618788,1.775943994289264
1790423762.466525,9.024195023812354
1790423762.46717,27.43710100185126
1790423762.4672446,2.9678569990210235
1790423762.4683747,1.839837001170963
1790423762.4705172,1.3125420082360506
1790423762.4717407,1.215155003592372
1790423762.4763727,1.4436839846894145
1790423762.4815412,28.765413007931784
1790423762.4818394,22.36372299375944
1790423762.4820738,14.463257015449926
1790423762.482566,6.184997997479513
1790423762.4866047,1.2841089919675142
1790423762.489044,1.364805008051917
1790423762.4919434,1.5202320064418018
1790423762.4954169,1.1970649939030409
1790423762.4980812,1.3459559995681047
1790423762.5004714,1.0986179986502975
1790423762.5017617,1.2061159941367805
1790423762.5049672,1.1423940013628453
1790423762.5089726,1.527273008832708
1790423762.5092235,1.3427550147753209
1790423762.5135996,1.1188909993506968
1790423762.5204327,22.309927007881925
1790423762.5205112,13.719365990255028
1790423762.5255933,1.6711800126358867
1790423762.527867,1.3319389836397022
1790423762.531453,1.8492749950382859
1790423762.5317342,1.5933480171952397
1790423762.5386412,14.183472987497225
1790423762.5387073,2.7261580107733607
1790423762.5389175,24.650759994983673
1790423762.5396812,1.7356630123686045
1790423762.5452871,1.4613209932576865
1790423762.5511272,1.6829479718580842
1790423762.5523865,1.6596670029684901
1790423762.5526798,1.4223250036593527
1790423762.5564115,1.951174985151738
1790423762.5572815,1.7567120085004717
1790423762.5637114,1.4833379827905446
1790423762.5669641,1.8176140147261322
1790423762.5687084,1.5341219841502607
1790423762.5746217,2.262057998450473
1790423762.5814576,16.999220999423414
1790423762.5816178,26.707087003160268
1790423762.5817564,8.159270015312359
1790423762.5962286,1.6115119797177613
1790423762.596534,2.564744994742796
1790423762.6011508,7.786970003508031
1790423762.601626,28.628021012991667
1790423762.6016953,17.807310010539368
1790423762.6017609,4.622620006557554
1790423762.604606,24.789562012301758
1790423762.6046698,6.501427997136489
1790423762.607323,1.3334339892026037
1790423762.6085758,1.2444659951142967
1790423762.6106324,1.1036350042559206
1790423762.6135511,2.2333619999699295
1790423762.621823,2.5011859834194183
1790423762.621952,2.0853820024058223
1790423762.627469,1.5379489923361689
1790423762.631372,2.2991060104686767
1790423762.6394682,21.578223997494206
1790423762.6399112,27.65038301004097
1790423762.6404638,21.784076001495123
1790423762.6424205,18.41575899743475
1790423762.6425261,29.740136989858
1790423762.6468322,24.87159098382108
1790423762.6471126,2.357765013584867
1790423762.6575646,27.886277006473392
1790423762.657713,7.518127997172996
1790423762.6652634,34.91419498459436
1790423762.6654494,16.10347197856754
1790423762.6655984,10.396572994068265
1790423762.6664035,19.281827000668272
1790423762.666684,40.19596101716161
1790423762.6695836,7.022436009719968
1790423762.6697652,37.62178399483673
1790423762.671672,17.28090998949483
1790423762.6732593,20.682053989730775
1790423762.6739287,28.27634700224735
1790423762.6742043,2.03266300377436
1790423762.674269,10.400723986094818
1790423762.678943,1.4966960006859154
1790423762.682258,12.003340001683682
1790423762.6869226,2.13445900590159
1790423762.689359,33.518134005134925
1790423762.689575,21.1362209811341
1790423762.6897562,7.201495987828821
1790423762.690214,2.6591100031509995
1790423762.6906157,3.6815789935644716
1790423762.6936264,1.905596989672631
1790423762.6937058,2.5429789966437966
1790423762.6986508,3.3278579940088093
1790423762.6988795,29.10392900230363
1790423762.6990366,8.411247981712222
1790423762.699775,16.316323017235845
1790423762.703803,1.7355640011373907
1790423762.7092838,1.3179600064177066
1790423762.7126386,1.439532992662862
1790423762.7182019,1.5818010142538697
1790423762.7249246,18.784078012686223
1790423762.725324,23.860732006141916
1790423762.7276804,7.011286012129858
1790423762.7287276,2.5234990171156824
1790423762.7288055,3.3394879719708115
1790423762.7351885,1.6832149995025247
1790423762.7381501,2.839177002897486
1790423762.7408283,2.22339597530663
1790423762.741982,3.8228060002438724
1790423762.742378,21.250884019536898
1790423762.7428563,30.113134009297937
1790423762.7430356,16.385797003749758
1790423762.7436955,7.731255987891927
1790423762.7444365,3.089345002081245
1790423762.7447872,23.462225013645366
1790423762.752178,21.21647199965082
1790423762.7523208,14.930248988093808
1790423762.7548306,34.8532969946973
1790423762.755107,12.059320986736566
1790423762.7560747,2.8732639912050217
1790423762.7561498,3.3831129840109497
1790423762.7562127,2.146283019101247
1790423762.7645538,5.42021298315376
1790423762.7646139,4.057040001498535
1790423762.764732,5.110319005325437
1790423762.764913,4.894084006082267
1790423762.7653315,3.0674070003442466
1790423762.7850623,22.017658018739894
1790423762.7852044,24.05626600375399
1790423762.786065,1.895059016533196
1790423762.7900424,1.5308529837056994
1790423762.795791,18.86121102143079
1790423762.7965393,26.417354005388916
1790423762.7967148,5.358583002816886
1790423762.8031764,1.7116529925260693
1790423762.8050928,24.454214988509193
1790423762.8064983,30.686852987855673
1790423762.8067665,13.970969012007117
1790423762.8073523,3.2314879936166108
1790423762.8128536,18.049307022010908
1790423762.8205664,14.972611010307446
1790423762.8213525,31.253912980901077
1790423762.8217387,22.16715001850389
1790423762.8220437,31.49754399782978
1790423762.8221977,4.165741003816947
1790423762.824268,1.4941720000933856
1790423762.827091,1.7046669963747263
1790423762.8280146,1.6716989921405911
1790423762.8336089,1.2502380122896284
1790423762.8354945,1.2262559903319925
1790423762.8361351,16.932960017584264
1790423762.8378696,2.3668180219829082
1790423762.8380687,8.393486990826204
1790423762.8381994,26.431170001160353
1790423762.8387356,1.8179699836764485
1790423762.8464239,1.274276990443468
1790423762.8554435,1.4532319910358638
1790423762.8570943,1.5226889809127897
1790423762.8583696,1.2667700066231191
1790423762.8726826,12.305520998779684
1790423762.8727748,25.995625008363277
1790423762.8835719,2.6875309995375574
1790423762.885406,18.703979993006214
1790423762.8861022,21.394165989477187
1790423762.886764,30.732911982340738
1790423762.8871815,5.631811014609411
1790423762.8895278,7.073653978295624
1790423762.8898616,26.503125991439447
1790423762.8905835,17.290153016801924
1790423762.8906858,26.538095000432804
1790423762.895797,1.5923079918138683
1790423762.8968103,1.7586290196049958
1790423762.899336,2.155157009838149
1790423762.8994079,1.7532780184410512
1790423762.9013884,1.2757419899571687
1790423762.9140458,1.5563800116069615
1790423762.9165099,1.482352992752567
1790423762.9182518,1.489048998337239
1790423762.926247,14.981518994318321
1790423762.9266164,7.838043005904183
1790423762.927472,24.915186018915847
1790423762.9434397,11.946924001676962
1790423762.94673,2.669317997060716
1790423762.9500277,28.48540700506419
1790423762.9503553,23.56295398203656
1790423762.9504645,5.641099996864796
1790423762.957964,12.50031401286833
1790423762.9580295,27.063248009653762
1790423762.9611766,21.357452002121136
1790423762.9688525,31.30360000068322
1790423762.969115,14.134291996015236
1790423762.98547,20.604149001883343
1790423762.9936795,27.596078987699002
1790423762.9946532,31.771904992638156
1790423762.998567,35.1171929796692
1790423762.9992304,12.52446899889037
1790423762.9999883,9.320954995928332
1790423763.0038548,36.144159006653354
1790423763.0049229,30.505300994263962
1790423763.0054934,18.029714992735535
1790423763.0061836,8.749478001846
1790423763.0073402,52.897756977472454
1790423763.0075016,43.243318010354415
1790423763.011064,21.41971100354567
1790423763.011724,31.62963700015098
1790423763.0303848,8.879100991180167
1790423763.0308623,27.803331991890445
1790423763.0313215,30.078983982093632
1790423763.0319867,47.61844000313431
1790423763.0321548,43.16648401436396
1790423763.0325239,13.779141998384148
1790423763.032681,53.20469700382091
1790423763.032886,60.293771006399766
1790423763.0353925,24.31644100579433
1790423763.0373702,33.503426995594054
1790423763.0374935,31.299603026127443
1790423763.0378728,8.359765022760257
1790423763.037963,11.821694002719596
1790423763.038081,38.02368199103512
1790423763.038453,2.5612360041122884
1790423763.0387344,3.332425985718146
1790423763.0408723,1.3303899904713035
1790423763.043682,1.245566993020475
1790423763.0492032,1.4257000002544373
1790423763.053364,1.4882980030961335
1790423763.055884,25.010438985191286
1790423763.0562532,29.68306399998255
1790423763.0563402,16.243232996203005
1790423763.059557,1.9882120250258595
1790423763.068773,4.922314983559772
1790423763.0690048,4.448654013685882
1790423763.0702577,3.5283080069348216
1790423763.0711887,2.9358220053836703
1790423763.0829177,6.449902983149514
1790423763.0834434,6.27887700102292
1790423763.0841012,29.80573900276795
1790423763.0845525,23.29913098947145
1790423763.0846326,18.517448974307626
1790423763.085899,27.833536005346105
1790423763.086158,11.464161012554541
1790423763.08635,21.09325199853629
1790423763.0864735,32.72059801383875
1790423763.0865486,8.229948987718672
1790423763.0866585,17.376770003465936
1790423763.0936255,2.5811450032051653
1790423763.1123972,20.795674005057663
1790423763.113266,32.67758397851139
1790423763.1139162,34.78934700251557
1790423763.1141407,6.107415014412254
1790423763.1142445,16.927100019529462
1790423763.117216,12.266235979041085
1790423763.1206155,2.0674820116255432
1790423763.1216924,22.975803003646433
1790423763.1221056,32.67694098758511
1790423763.1224651,10.59919100953266
1790423763.1255236,1.6600030066911131
1790423763.1299524,32.0440020004753
1790423763.1300695,28.358107985695824
1790423763.1302638,4.730026994366199
1790423763.130364,14.35070499428548
1790423763.1379652,30.538986989995465
1790423763.1388435,21.615081001073122
1790423763.1389258,11.650650994852185
1790423763.1413558,2.044516004389152
1790423763.1414347,1.567208004416898
1790423763.1526752,23.27062500989996
1790423763.154588,8.906214003218338
1790423763.154663,28.55699899373576
1790423763.15622,20.357728004455566
1790423763.1568336,28.085354977520183
1790423763.1569018,8.904465998057276
1790423763.173639,1.2644979869946837
1790423763.178472,12.092930992366746
1790423763.1796172,1.8682529916986823
1790423763.1902907,21.639131009578705
1790423763.1923952,9.426053002243862
1790423763.1929538,27.185968006961048
1790423763.1932893,26.257693010848016
1790423763.1940558,8.1149369943887
1790423763.195524,4.355076001957059
1790423763.1959517,6.229410006199032
1790423763.1960568,3.6475360102485865
1790423763.1986158,1.6035829903557897
1790423763.2042599,15.409419022034854
1790423763.2048583,31.06379701057449
1790423763.2049377,10.841154988156632
1790423763.2090762,1.406129013048485
1790423763.2104402,1.2709370057564229
1790423763.2202406,1.7761219933163375
1790423763.2202966,2.339603001018986
1790423763.2235124,1.6924939991440624
1790423763.2258248,1.2123829801566899
1790423763.2279344,1.3577839999925345
1790423763.2332406,1.49286599480547
1790423763.2360406,1.369584002532065
1790423763.249609,26.51982201496139
1790423763.249728,18.827637017238885
1790423763.2502012,6.625292997341603
1790423763.256078,14.097815990680829
1790423763.2627225,1.773739990312606
1790423763.2653213,18.01987801445648
1790423763.2655394,2.507325989427045
1790423763.265779,33.23008900042623
1790423763.272344,2.343415981158614
1790423763.2727277,1.6705269808880985
1790423763.2742774,13.865119981346652
1790423763.2748592,32.22297900356352
1790423763.2749386,6.998283992288634
1790423763.2757742,27.75877100066282
1790423763.2767155,35.66997102461755
1790423763.2776601,12.864524003816769
1790423763.2777812,4.735002003144473
1790423763.2828276,2.6085989957209677
1790423763.290995,1.5732860192656517
1790423763.2968926,16.01190899964422
1790423763.2970238,26.529183000093326
1790423763.2973142,6.204459990840405
1790423763.303669,21.44023700384423
1790423763.3038151,27.087071997812018
1790423763.303911,11.41205002204515
1790423763.3055995,1.5369589964393526
1790423763.306585,12.183952989289537
1790423763.309547,1.9377360004000366
1790423763.310062,21.770210994873196
1790423763.3101685,16.694312973413616
1790423763.3102438,28.811166004743427
1790423763.3141413,2.0251799724064767
1790423763.3210464,1.756949000991881
1790423763.3223736,27.493677975144237
1790423763.322532,9.189084026729688
1790423763.3228934,1.4613069943152368
1790423763.333746,1.6797299904283136
1790423763.334751,1.8599540053401142
1790423763.3385026,25.852595979813486
1790423763.3386724,23.570074001327157
1790423763.3401167,5.1261540211271495
1790423763.3402345,9.972589003155008
1790423763.3420634,1.3397120055742562
1790423763.3444188,25.57775701279752
1790423763.344558,13.245487003587186
1790423763.344688,28.197881998494267
1790423763.3447592,5.734471982577816
1790423763.3484077,3.423104004468769
1790423763.349059,2.8138089983258396
1790423763.3496964,2.011075004702434
1790423763.357254,1.410172990290448
1790423763.3586652,1.27550502656959
1790423763.3637576,1.28199698519893
1790423763.3698785,1.2741140089929104
1790423763.3722184,16.946883988566697
1790423763.3723526,6.636039004661143
1790423763.372434,25.194524001562968
1790423763.3773825,1.4869880105834454
1790423763.380612,1.4230740198399872
1790423763.3815045,1.5716459893155843
1790423763.382297,1.3233450008556247
1790423763.3850152,1.1288469831924886
1790423763.3981295,1.6077139880508184
1790423763.3986523,1.464082015445456
1790423763.401746,1.437406986951828
1790423763.402028,1.2684690009336919
1790423763.4036295,1.1148640187457204
1790423763.4050505,1.1101790005341172
1790423763.408875,1.183699001558125
1790423763.4112134,1.1316119926050305
1790423763.413154,1.1585419997572899
1790423763.4176202,1.411485020071268
1790423763.4189959,1.367605000268668
1790423763.4195883,1.3860090111847967
1790423763.4214976,1.5678740164730698
1790423763.422004,1.6243670252151787
1790423763.424697,1.495587988756597
1790423763.438553,4.559846012853086
1790423763.4397461,2.1009529882576317
1790423763.44208,3.1246980070136487
1790423763.445319,1.471446012146771
1790423763.451256,1.8579249735921621
1790423763.4578702,2.392744005192071
1790423763.4589028,2.326354995602742
1790423763.4636006,23.67698698071763
1790423763.4640727,12.804776983102784
1790423763.4650095,30.37846100050956
1790423763.465148,6.1343429842963815
1790423763.466157,2.0709149830508977
1790423763.4677217,26.317910000216216
1790423763.468494,8.248288999311626
1790423763.468658,27.862774004461244
1790423763.4687436,15.084260987350717
1790423763.4730582,1.450743991881609
1790423763.4781215,1.4457550132647157
1790423763.4832835,2.441006014123559
1790423763.4988382,16.82313601486385
1790423763.5001588,24.685494980076328
1790423763.5049028,2.0399709756020457
1790423763.5052593,1.6139399958774447
1790423763.5080895,26.71855001244694
1790423763.5081625,11.87936298083514
1790423763.5103083,1.5502550231758505
1790423763.5103676,2.1037699771113694
1790423763.5124187,1.962238020496443
1790423763.513172,2.247232012450695
1790423763.51395,1.5071569941937923
1790423763.5263333,1.5417949762195349
1790423763.5325625,1.5939869917929173
1790423763.5334413,1.5087169886101037
1790423763.53516,1.1905299907084554
1790423763.53985,2.5860540044959635
1790423763.5403352,2.4432229984086007
1790423763.5407553,4.124692000914365
1790423763.5440717,2.354845986701548
1790423763.5449984,1.3969889841973782
1790423763.5466793,1.577709015691653
1790423763.546965,1.3700959971174598
1790423763.56511,28.28413899987936
1790423763.5655656,29.40064499853179
1790423763.5660708,12.10459801950492
1790423763.5661323,23.97157798986882
1790423763.5683322,1.6171999741345644
1790423763.5708792,1.628490019356832
1790423763.5819407,21.60403798916377
1790423763.5832667,13.209652010118589
1790423763.583353,26.202857989119366
1790423763.5864305,22.188936010934412
1790423763.5876884,2.0290430111344904
1790423763.58951,1.4800009957980365
1790423763.5914967,19.349545997101814
1790423763.5915813,28.93686600145884
1790423763.5949237,1.7535510123707354
1790423763.5968544,1.6259610129054636
1790423763.6042333,1.7993460060097277
1790423763.6077445,22.876328002894297
1790423763.608136,30.11259902268648
1790423763.6093016,15.485893003642559
1790423763.6106532,2.197302004788071
1790423763.6110244,4.292216006433591
1790423763.6111124,3.812523005763069
1790423763.6159735,2.6260009908583015
1790423763.6175637,2.6423130184412003
1790423763.6190882,1.358162990072742
1790423763.6225529,1.76845898386091
1790423763.6235497,1.6685969894751906
1790423763.627588,19.833932019537315
1790423763.6282794,26.580083998851478
1790423763.6287303,12.106325011700392
1790423763.629753,1.426278002327308
1790423763.6303854,1.335095992544666
1790423763.6320124,1.4153219817671925
1790423763.6358457,1.2032219965476543
1790423763.6376603,1.248975982889533
1790423763.640639,1.175139012048021
1790423763.6483207,1.5264009998645633
1790423763.6517944,1.431583979865536
1790423763.656985,1.365258009172976
1790423763.658931,1.28343200776726
1790423763.666942,9.649654995882884
1790423763.6671312,25.086337991524488
1790423763.6690264,1.3986809935886413
1790423763.673954,1.3430219842121005
1790423763.675333,1.2690830044448376
1790423763.689694,23.39181100251153
1790423763.6897721,13.50904899300076
1790423763.6927233,1.9607910071499646
1790423763.6957352,3.799085010541603
1790423763.6973822,4.375568998511881
1790423763.697823,3.9338250062428415
1790423763.6979833,2.825111005222425
1790423763.6983383,3.835515002720058
1790423763.6986563,1.7414860194548965
1790423763.701026,1.2477969867177308
1790423763.7033746,1.40471599297598
1790423763.7043982,1.8062160233967006
1790423763.7052255,1.289375009946525
1790423763.7109673,1.6882760100997984
1790423763.712848,1.2689909781329334
1790423763.7143438,1.212578994454816
1790423763.728937,2.1650409908033907
1790423763.7306545,20.729657990159467
1790423763.7309403,24.725233000935987
1790423763.7381384,2.5114940071944147
1790423763.7462523,5.228469002759084
1790423763.765756,27.605073002632707
1790423763.7666438,29.783903009956703
1790423763.7708488,34.49665298103355
1790423763.771037,32.80539400293492
1790423763.7717574,27.657761005684733
1790423763.775906,9.248810994904488
1790423763.7761068,23.87255401117727
1790423763.776419,5.368893005652353
1790423763.7779233,36.22208200977184
1790423763.7796037,52.07768100081012
1790423763.7797277,29.575369000667706
1790423763.7798252,34.32652697665617
1790423763.7815058,13.543458975618705
1790423763.7821538,22.54255599109456
1790423763.782367,39.628699014429
1790423763.782467,7.5967890152242035
1790423763.782562,39.11410900764167
1790423763.7876265,2.0120659901294857
1790423763.7990766,21.139277989277616
1790423763.7991672,51.493609993485734
1790423763.7992508,38.99528898182325
1790423763.7993205,30.192203004844487
1790423763.803555,70.57618800899945
1790423763.8054152,3.4900100145023316
1790423763.8060646,55.230440018931404
1790423763.8062532,21.910054987529293
1790423763.8067,40.930207003839314
1790423763.8067727,37.26770498906262
1790423763.806841,50.09325800347142
1790423763.8073926,3.2229119969997555
1790423763.8079507,3.8569039897993207
1790423763.8080072,1.7441430245526135
1790423763.8100839,1.9530910067260265
1790423763.8103764,1.7724779900163412
1790423763.8119564,1.2912619858980179
1790423763.8230605,1.7848980205599219
1790423763.8239143,1.4681130123790354
1790423763.8263805,1.3582899991888553
1790423763.830965,17.290621995925903
1790423763.8311002,5.320727999787778
1790423763.8313353,3.015791007783264
1790423763.8317285,22.617492999415845
1790423763.8337595,1.5511389938183129
1790423763.8344889,1.623645017389208
1790423763.844351,1.3688559993170202
1790423763.8494864,1.2911490048281848
1790423763.8517354,17.96516598551534
1790423763.8517926,22.975180996581912
1790423763.8538377,22.49371600919403
1790423763.8542674,23.690766014624387
1790423763.854356,1.6673849895596504
1790423763.8544087,13.548842980526388
1790423763.855691,1.1940730037167668
1790423763.8572896,1.5164460055530071
1790423763.8576462,1.3948139967396855
1790423763.860866,1.6793300164863467
1790423763.8616273,1.481804996728897
1790423763.8648717,1.3787950156256557
1790423763.8653746,1.2841659772675484
1790423763.8673337,1.3185760180931538
1790423763.8761663,1.3257530226837844
1790423763.8815393,19.90278100129217
1790423763.882745,14.791269990382716
1790423763.883012,24.820020975312218
1790423763.8836062,6.349550996674225
1790423763.8875067,1.7416979826521128
1790423763.888858,19.646772008854896
1790423763.890923,12.165360007202253
1790423763.8910167,24.47078301338479
1790423763.9013102,27.756158000556752
1790423763.9017081,22.392854996724054
1790423763.9018793,29.07858500839211
1790423763.9057128,1.7655730189289898
1790423763.9093826,26.30326701910235
1790423763.9098709,31.629331002477556
1790423763.910159,4.029675998026505
1790423763.9226751,8.408702997257933
1790423763.92283,27.805960999103263
1790423763.9258823,28.44317100243643
1790423763.926034,30.265945999417454
1790423763.9261692,5.848833010531962
1790423763.9262521,2.389835979556665
1790423763.9280343,1.4366240066010505
1790423763.9307451,1.3858939928468317
1790423763.9352672,23.446437990060076
1790423763.93579,12.810676009394228
1790423763.9359188,3.2048449793364853
1790423763.9373605,1.4328420220408589
1790423763.9379354,1.3971090083941817
1790423763.943164,1.2447540066204965
1790423763.9494982,1.5014160017017275
1790423763.9620028,22.34254201175645
1790423763.963221,2.038229984464124
1790423763.965194,1.4471649774350226
1790423763.966186,1.9268509931862354
1790423763.9670174,1.2649769778363407
1790423763.9712038,1.3140810187906027
1790423763.975185,22.086259996285662
1790423763.9758062,1.835689996369183
1790423763.9760904,12.859760026913136
1790423763.97615,7.312430010642856
1790423763.9783192,1.5535269922111183
1790423763.9835982,1.257455995073542
1790423763.9910603,6.726418010657653
1790423764.0160341,19.733619003091007
1790423764.0223496,11.91789100994356
1790423764.0259845,11.106355988886207
1790423764.0261664,31.716826983029023
1790423764.0262594,22.12977802264504
1790423764.0311735,24.276634998386726
1790423764.0383685,17.563950998010114
1790423764.0396905,29.971762996865436
1790423764.0397954,44.18369702761993
1790423764.0400083,55.2081239875406
1790423764.0454886,45.919161988422275
1790423764.0530016,23.68708699941635
1790423764.0562937,28.67078600684181
1790423764.0563858,19.26414799527265
1790423764.0564632,39.34696200303733
1790423764.057547,64.64295898331329
1790423764.0617893,1.9667849992401898
1790423764.0634828,41.067821002798155
1790423764.0648148,34.83990000677295
1790423764.0649374,26.55651100212708
1790423764.0660145,1.76255899714306
1790423764.0720146,48.9505160076078
1790423764.0744336,2.991682995343581
1790423764.0768592,42.21506099565886
1790423764.0773845,44.96148799080402
1790423764.07837,36.26726000220515
1790423764.0786357,11.298963014269248
1790423764.0787308,6.549040990648791
1790423764.0831466,2.3796540044713765
1790423764.083768,2.119768992997706
1790423764.0850716,81.6822070046328
1790423764.0854874,49.04707599780522
1790423764.0863986,38.198872993234545
1790423764.0870957,51.784085982944816
1790423764.087639,19.056959979934618
1790423764.0879314,5.317787989042699
1790423764.0882695,14.45450700703077
1790423764.0903966,1.498576020821929
1790423764.0974045,2.3482929973397404
1790423764.0982587,28.122825984610245
1790423764.0984719,21.600468986434862
1790423764.0986476,10.366540984250605
1790423764.098754,32.26611501304433
1790423764.0994577,1.6584379773121327
1790423764.1014059,1.3766430201940238
1790423764.108322,1.4535489899571985
1790423764.115281,1.4408210117835552
1790423764.1173599,2.0687390060629696
1790423764.1263754,22.002554993378
1790423764.1268167,25.097237987210974
1790423764.126896,8.183520985767245
1790423764.1336658,1.6862839984241873
1790423764.1361115,1.5801340050529689
1790423764.1429152,17.29555201018229
1790423764.1437423,26.903674995992333
1790423764.1446068,4.028027004096657
1790423764.1453047,3.376840992132202
1790423764.1456356,2.3693059920333326
1790423764.1600432,1.6329240170307457
1790423764.1636336,21.140324999578297
1790423764.163724,26.587642991216853
1790423764.167125,1.5989629901014268
1790423764.1677463,1.5417950053233653
1790423764.1731024,1.486049994127825
1790423764.174801,1.387603988405317
1790423764.1785715,1.5460990252904594
1790423764.1927109,21.709254011511803
1790423764.1988244,28.298148012254387
1790423764.2058978,1.776917022652924
1790423764.2069077,27.908918011235073
1790423764.206998,2.0167420152574778
1790423764.2107549,1.3578679936472327
1790423764.2124403,1.4237230061553419
1790423764.2127388,1.2671069998759776
1790423764.2161422,1.3665089791174978
1790423764.218349,1.5090089873410761
1790423764.2205012,1.3732500083278865
1790423764.2245696,1.5525050112046301
1790423764.2310507,1.6218689852394164
1790423764.236837,1.3906349777244031
1790423764.2392397,22.987909003859386
1790423764.2394795,13.827482995111495
1790423764.2395458,25.8625190181192
1790423764.2403057,1.4839940122328699
1790423764.2463522,1.572150009451434
1790423764.247789,1.3029070105403662
1790423764.2506366,1.139011001214385
1790423764.254281,1.9741129945032299
1790423764.2577858,1.4704659988638014
1790423764.2643576,18.595105007989332
1790423764.2647088,10.90476498939097
1790423764.2649817,22.351410007104278
1790423764.268422,1.7136280075646937
1790423764.2684803,2.204460004577413
1790423764.2711873,1.348782010609284
1790423764.2892475,1.5626780223101377
1790423764.2924788,1.4097719977144152
1790423764.2999258,22.35632299561985
1790423764.3003047,21.222140989266336
1790423764.3003762,1.7763639916665852
1790423764.302572,1.2725389970000833
1790423764.30963,1.2043360038660467
1790423764.311475,1.3626569998450577
1790423764.3178082,1.797464006813243
1790423764.3253176,1.868410996394232
1790423764.3265264,2.0596429822035134
1790423764.3289618,7.068730978062376
1790423764.3340583,14.910688012605533
1790423764.3344755,26.615612994646654
1790423764.3351102,4.001173016149551
1790423764.3364394,32.23047501523979
1790423764.339563,4.442364006536081
1790423764.3396237,6.257754022954032
1790423764.3405972,4.687588982051238
1790423764.3431864,5.201861000386998
1790423764.3434277,4.272948019206524
1790423764.3439045,3.1210180022753775
1790423764.3498755,2.356572018470615
1790423764.3499908,3.180141997290775
1790423764.351703,29.20384000753984
1790423764.3527322,19.94379801908508
1790423764.3538365,12.22373399650678
1790423764.3544455,17.85966899478808
1790423764.3547711,6.004310998832807
1790423764.358905,5.935387016506866
1790423764.3590934,3.923707001376897
1790423764.3614917,3.9753919991198927
1790423764.3621714,6.01801200537011
1790423764.3626409,2.991432003909722
1790423764.3633592,1.8537130090408027
1790423764.36741,22.559743985766545
1790423764.370346,30.284797016065568
1790423764.371598,19.442145014181733
1790423764.3720386,8.357579004950821
1790423764.372117,15.195387997664511
1790423764.3920102,23.624743975233287
1790423764.3921616,34.20428399113007
1790423764.3931255,2.1880510030314326
1790423764.4007037,22.80855900608003
1790423764.4016576,5.1224890048615634
1790423764.4019341,35.24773599929176
1790423764.402988,5.352592997951433
1790423764.4080145,6.016172003000975
1790423764.4081483,5.147282005054876
1790423764.4099982,21.207386016612872
1790423764.4114373,32.95956301735714
1790423764.4128609,9.179785003652796
1790423764.4136102,14.222662983229384
1790423764.414946,6.255813990719616
1790423764.415876,5.460252024931833
1790423764.4189653,1.5352529881056398
1790423764.424644,19.567014009226114
1790423764.440245,19.847019022563472
1790423764.4409099,15.212900005280972
1790423764.44175,37.226650019874796
1790423764.4420624,47.63494001235813
1790423764.443249,31.32296001422219
1790423764.4436913,22.41438499186188
1790423764.443769,30.71520201046951
1790423764.4445472,38.87794801266864
1790423764.444722,44.904117996338755
1790423764.4449782,19.97049999772571
1790423764.446192,31.906780001008883
1790423764.4469197,8.415121003054082
1790423764.4472227,34.78209502645768
1790423764.4478645,11.189532990101725
1790423764.44804,7.120741007383913
1790423764.4481118,21.60501602338627
1790423764.4661188,16.33948800736107
1790423764.4876208,47.36261098878458
1790423764.488982,30.81218700390309
1790423764.4925852,29.692429001443088
1790423764.4975657,48.87861598399468
1790423764.4995897,34.38431699760258
1790423764.5024168,60.34053899929859
1790423764.5092394,62.77478698757477
1790423764.50977,50.84735801210627
1790423764.510773,59.70151600195095
1790423764.5176861,55.97269401187077
1790423764.5193276,24.68485798453912
1790423764.5200665,52.08416801178828
1790423764.521683,17.027306981617585
1790423764.5221117,26.776828977745026
1790423764.5226624,17.070000991225243
1790423764.5229945,65.44943299377337
1790423764.5238016,8.966306981164962
1790423764.5238922,49.350253015290946
1790423764.52396,48.256071022478864
1790423764.524028,67.50611099414527
1790423764.5241687,8.293670020066202
1790423764.5259416,1.500218000728637
1790423764.5262136,57.14613699819893
1790423764.528398,27.04856000491418
1790423764.528524,2.1068169735372066
1790423764.5332649,2.052044990705326
1790423764.5337486,33.245159982470796
1790423764.5359368,18.238977005239576
1790423764.5366805,29.086948023177683
1790423764.5367882,56.69802101328969
1790423764.5368676,9.714919986436144
1790423764.5369368,2.8334280068520457
1790423764.5385702,24.50083999428898
1790423764.5403686,20.068897982127964
1790423764.5409563,10.749563982244581
1790423764.5410388,37.88893501041457
1790423764.5430784,1.4670290111098439
1790423764.5469115,2.0020080264657736
1790423768.1280308,1.4968909963499755
1790423768.1341684,4.902903019683436
1790423768.134359,4.4700529833789915
1790423768.134905,2.90419501834549
1790423768.135482,2.8501370106823742
1790423768.138947,1.5573750133626163
1790423768.1431947,1.3295119861140847
1790423768.1449153,18.95351699204184
1790423768.1465178,27.453090995550156
1790423768.146639,8.69549298658967
1790423768.146717,16.23980898875743
1790423768.1480482,3.1208140135277063
1790423768.1485724,1.688846998149529
1790423768.1508691,11.630202003289014
1790423768.154534,1.3152190076652914
1790423768.1563492,1.2160670012235641
1790423768.157363,23.828860983485356
1790423768.1574364,6.335173005936667
1790423768.167264,2.1193689899519086
1790423768.1677256,2.033414988545701
1790423768.173624,2.282792003825307
1790423768.1746042,1.9629170128609985
1790423768.1770532,1.8484330212231725
1790423768.1859248,1.9942420185543597
1790423768.193498,27.731383015634492
1790423768.194767,30.044031998841092
1790423768.1948707,9.918691997881979
1790423768.195133,17.765226977644488
1790423768.2081902,26.303200982511044
1790423768.2086394,16.987295995932072
1790423768.2090442,33.27214901219122
1790423768.2113724,1.6059500048868358
1790423768.213054,1.5423050208482891
1790423768.213894,30.802608001977205
1790423768.2142997,20.788133988389745
1790423768.2144575,33.51010399637744
1790423768.215533,2.4665909877512604
1790423768.221909,3.6768400168512017
1790423768.222366,4.67755799763836
1790423768.2230837,2.187288977438584
1790423768.2231715,4.017013008706272
1790423768.2252748,1.6144660185091197
1790423768.2288988,2.318184997420758
1790423768.2297778,2.281987981405109
1790423768.2325113,1.5568819944746792
1790423768.235627,29.395822988590226
1790423768.2360487,30.502929002977908
1790423768.236444,16.16999099496752
1790423768.2366707,9.250703995348886
1790423768.2368321,22.15909998631105
1790423768.2369006,3.5931690072175115
1790423768.237399,3.6312730226200074
1790423768.2417247,1.552190980874002
1790423768.2427804,1.9668469903990626
1790423768.2436373,1.3008420064579695
1790423768.2458637,1.4067199954297394
1790423768.247344,1.373431005049497
1790423768.2503154,1.349184982245788
1790423768.2542698,1.326058991253376
1790423768.2559223,1.5265069960150868
1790423768.260598,1.7382510122843087
1790423768.2621987,1.4660149754490703
1790423768.271919,1.6860300092957914
1790423768.2750065,23.693932016612962
1790423768.2750952,16.712359996745363
1790423768.280977,2.288967982167378
1790423768.281688,1.6091880097519606
1790423768.2896683,3.4032750118058175
1790423768.2913094,4.303340014303103
1790423768.291382,2.9954250203445554
1790423768.2921042,1.512329006800428
1790423768.2955809,1.4244780177250504
1790423768.2971199,27.59844099637121
1790423768.297723,18.42443400528282
1790423768.2978058,10.234308982035145
1790423768.301434,1.375646999804303
1790423768.3028102,1.2840949930250645
1790423768.3082848,1.4020939997863024
1790423768.3144953,2.0993989892303944
1790423768.3146722,1.8239660130348057
1790423768.3199277,1.4884689881000668
1790423768.3223948,1.3179459783714265
1790423768.3283265,1.4169409987516701
1790423768.331508,18.150343996239826
1790423768.3322086,25.81886001280509
1790423768.3338742,3.5853100125677884
1790423768.3350053,3.3154900011140853
1790423768.3353622,5.878463009139523
1790423768.3354266,2.981316007208079
1790423768.335865,1.7821069923229516
1790423768.3372948,1.3453899882733822
1790423768.3379247,1.382964022923261
1790423768.3416476,1.24410999706015
1790423768.3452132,2.6870449946727604
1790423768.3460944,2.588384988484904
1790423768.3461752,1.6061299829743803
1790423768.3478825,1.4390219876077026
1790423768.3520308,1.3445609947666526
1790423768.3555763,1.5387899766210467
1790423768.3559027,1.39854199369438
1790423768.3637872,20.829818007769063
1790423768.3664873,16.307937999954447
1790423768.3668604,8.055426995269954
1790423768.367206,27.221799013204873
1790423768.3682096,2.2530669812113047
1790423768.369509,2.015333011513576
1790423768.3713605,1.2516400020103902
1790423768.3772912,13.319684978341684
1790423768.391758,1.6438369930256158
1790423768.393216,28.384618985000998
1790423768.393287,21.74584800377488
1790423768.395777,1.766864996170625
1790423768.4001665,3.427254006965086
1790423768.4014883,4.321773012634367
1790423768.404001,25.978343008318916
1790423768.4044273,6.435286981286481
1790423768.4048457,10.249596001813188
1790423768.406317,37.55172900855541
1790423768.407222,5.235693010035902
1790423768.4110975,24.68472401960753
1790423768.414077,18.287816987140104
1790423768.4146347,13.136515015503392
1790423768.4147048,39.09372299676761
1790423768.414967,7.598293013870716
1790423768.41565,9.136728011071682
1790423768.4170663,7.309203007025644
1790423768.4171429,5.055377987446263
1790423768.4181266,3.1496840238105506
1790423768.4189615,1.5824039874132723
1790423768.4334116,24.62536099483259
1790423768.4336894,30.87414600304328
1790423768.4338067,29.795025009661913
1790423768.4340832,19.996860006358474
1790423768.4341383,7.926040008896962
1790423768.4345481,26.249583024764434
1790423768.4352138,34.05943399411626
1790423768.43597,23.307750991079956
1790423768.4360564,10.607100994093344
1790423768.441382,1.611130021046847
1790423768.4423065,1.6979750071186572
1790423768.4440212,1.3241499837022275
1790423768.450256,2.3045650159474462
1790423768.4509487,2.4585500068496913
1790423768.4510064,1.9648919987957925
1790423768.45615,24.646575009683147
1790423768.4570796,28.92680899822153
1790423768.4574444,12.628796976059675
1790423768.458084,3.104425995843485
1790423768.458994,2.8329130145721138
1790423768.4599714,2.3949359892867506
1790423768.4615602,2.2549830027855933
1790423768.4635692,1.617814996279776
1790423768.4733884,1.3776989944744855
1790423768.4843595,16.31657700636424
1790423768.484495,24.41130901570432
1790423768.4860246,16.173163021449
1790423768.4864686,24.04142200248316
1790423768.4876685,2.0606479956768453
1790423768.4878347,2.487771009327844
1790423768.4892194,1.3729609781876206
1790423768.4931688,1.2024129973724484
1790423768.4984949,1.3269699993543327
1790423768.499133,1.4188099885359406
1790423768.502052,11.508893978316337
1790423768.5021832,21.794302010675892
1790423768.5048854,1.3707739999517798
1790423768.516468,1.5360679826699197
1790423768.5230455,1.3154360058251768
1790423768.5248137,1.2473880196921527
1790423768.5266755,1.2790969922207296
1790423768.5357618,1.4020489761605859
1790423768.5403442,21.523293980862945
1790423768.5404267,7.447395008057356
1790423768.5434604,1.4788619882892817
1790423768.544037,1.490357011789456
1790423768.5510526,1.7302140186075121
1790423768.553495,1.3706139870919287
1790423768.5568361,1.3717040128540248
1790423768.5628066,26.872174988966435
1790423768.562918,2.8471570112742484
1790423768.563027,12.884112016763538
1790423768.5631692,3.802649996941909
1790423768.5705729,1.4253109984565526
1790423768.5800674,2.058714017039165
1790423768.5895662,25.287622003816068
1790423768.5932245,9.068979998119175
1790423768.5933511,24.825634987792
1790423768.5934427,28.25991399004124
1790423768.5951843,12.148137000622228
1790423768.595341,33.22131102322601
1790423768.5974786,2.924857020843774
1790423768.5976164,2.0761519845109433
1790423768.5982955,1.7696610011626035
1790423768.601126,1.4354979794006795
1790423768.6055248,1.5858990082051605
1790423768.6092134,23.552937986096367
1790423768.6101499,31.15744300885126
1790423768.6107373,11.723809002432972
1790423768.6108146,3.698505024658516
1790423768.6123037,4.687627020757645
1790423768.616489,1.7433100147172809
1790423768.61769,1.9608850125223398
1790423768.629818,2.419396012555808
1790423768.6299722,3.2713580003473908
1790423768.6349363,23.741626006085426
1790423768.6373444,27.10504300193861
1790423768.638613,21.80662300088443
1790423768.639435,34.75525800604373
1790423768.6410174,12.452865019440651
1790423768.6411796,15.758871013531461
1790423768.6417727,1.8325879937037826
1790423768.6429465,31.125223002163693
1790423768.6451426,6.516029010526836
1790423768.647176,3.477319987723604
1790423768.6473281,2.9672480013687164
1790423768.6473951,4.1894069872796535
1790423768.648086,3.1723559950478375
1790423768.6519408,1.796230993932113
1790423768.6549113,2.0652870007324964
1790423768.6550326,1.5540120075456798
1790423768.656013,1.964814990060404
1790423768.6574683,1.301101001445204
1790423768.6657712,2.750821993686259
1790423768.6659715,2.3909920128062367
1790423768.6769571,1.688504999037832
1790423768.6795487,1.5414319932460785
1790423768.6799276,1.395416009472683
1790423768.6810024,24.17976499418728
1790423768.6810691,16.455948003567755
1790423768.6827238,1.2890020152553916
1790423768.685824,1.33973199990578
1790423768.692967,1.3815739948768169
1790423768.694767,1.544302998809144
1790423768.6950598,1.3411380059551448
1790423768.6969972,1.33552000625059
1790423768.7009823,1.854152011219412
1790423768.702182,1.6029980033636093
1790423768.703196,2.0666419877670705
1790423768.7055178,2.8722540009766817
1790423768.7056584,1.7578710103407502
1790423768.7057247,2.292193006724119
1790423768.7071497,1.2857199762947857
1790423768.724686,1.8120140011887997
1790423768.7249668,1.5849759802222252
1790423768.739525,1.6148279828485101
1790423768.7464898,1.7732080013956875
1790423768.7593899,3.1542099895887077
1790423768.759943,25.271500024246052
1790423768.7601666,14.908247976563871
1790423768.7608516,2.769234008155763
1790423768.7733722,20.696413004770875
1790423768.7771342,7.45462000486441
1790423768.7772436,22.309274994768202
1790423768.7799327,1.9242069975007325
1790423768.7817268,14.88018300733529
1790423768.7818215,31.384492001961917
1790423768.7823825,30.314353003632277
1790423768.7824912,13.7280450144317
1790423768.7843494,1.7342109931632876
1790423768.787851,1.3625099963974208
1790423768.7961428,25.76343499822542
1790423768.796204,5.255306023173034
1790423768.8058615,7.448663003742695
1790423768.8059456,22.416294988943264
1790423768.8120923,1.3432639825623482
1790423768.8206224,2.2050619882065803
1790423768.8252354,22.88089197827503
1790423768.8254592,4.821457026991993
1790423768.8255637,27.646095026284456
1790423768.8268058,19.22879001358524
1790423768.827703,26.50551000260748
1790423768.8278365,3.9911290223244578
1790423768.8314729,2.151770022464916
1790423768.8354654,2.5557100016158074
1790423768.8362987,2.0385219831950963
1790423768.8428457,1.9314700039103627
1790423768.8452637,19.445726997219026
1790423768.8459136,31.81738601415418
1790423768.8459973,7.947318983497098
1790423768.8527088,2.0071339968126267
1790423768.8557384,1.9829960074275732
1790423768.8566694,1.9178410002496094
1790423768.8597622,2.462684002239257
1790423768.861063,1.9125290273223072
1790423768.8656151,1.873306988272816
1790423768.867191,25.435243995161727
1790423768.8674114,10.728912020567805
1790423768.8695638,2.140585012966767
1790423768.8717597,3.0991790117695928
1790423768.8729405,2.58859500172548
1790423768.875089,2.1368679881561548
1790423768.8776588,3.4936100128106773
1790423768.8794932,2.412898000329733
1790423768.8802526,2.1644779772032052
1790423768.8947911,19.19832601561211
1790423768.9030106,26.642498007277027
1790423768.9131575,27.58075500605628
1790423768.913908,22.546432010130957
1790423768.9143786,32.84763000556268
1790423768.914518,32.293396012391895
1790423768.9172661,43.91736499383114
1790423768.9237328,2.082999999402091
1790423768.925466,16.532864014152437
1790423768.925564,32.98950000316836
1790423768.9288647,2.940500999102369
1790423768.9395282,68.40059399837628
1790423768.9400284,27.850265993038192
1790423768.9475152,29.2268079938367
1790423768.953215,23.603309993632138
1790423768.9613483,30.079005984589458
1790423768.9620726,30.094549001660198
1790423768.9622498,10.491168999578804
1790423768.9623773,11.939076008275151
1790423768.9624875,35.786575987003744
1790423768.9639473,36.20500399847515
1790423768.9640439,60.510827985126525
1790423768.975568,78.10839201556519
1790423768.976056,47.174723993521184
1790423768.9776037,28.00635198946111
1790423768.9776907,44.71215300145559
1790423768.9779143,21.325784997316077
1790423768.9780931,37.873506982577965
1790423768.978843,41.49569300352596
1790423768.978983,7.626447011716664
1790423768.9803843,4.31328802369535
1790423768.9817722,1.96624401723966
1790423768.995212,22.38213102100417
1790423768.9953654,29.739555000560358
1790423768.9954576,6.95032300427556
1790423768.9973457,1.6612500185146928
1790423768.999996,25.907717004884034
1790423769.0015078,3.1581760267727077
1790423769.0016782,11.849469010485336
1790423769.0017772,34.16524201747961
1790423769.0026233,2.150026004528627
1790423769.015469,22.09302398841828
1790423769.016169,11.92929400713183
1790423769.016302,31.06756100896746
1790423769.0256095,2.201447990955785
1790423769.0343952,29.390440991846845
1790423769.0352607,20.470293005928397
1790423769.0355399,11.444597999798134
1790423769.0363383,3.5796010051853955
1790423769.0383813,4.854440019698814
1790423769.0407872,21.947661007288843
1790423769.0417142,24.203541019232944
1790423769.0422926,3.4220149973407388
1790423769.042888,3.5108629963360727
1790423769.044121,34.027127985609695
1790423769.0445998,14.632726990384981
1790423769.0446758,4.738631017971784
1790423769.044873,8.281774003989995
1790423769.0505435,13.180409005144611
1790423769.0511923,19.957690994488075
1790423769.0513833,33.23715800070204
1790423769.0515912,9.286206011893228
1790423769.0523837,1.8255100003443658
1790423769.056318,2.2756060061510652
1790423769.0574484,1.9628489972092211
1790423769.0656848,1.6068239929154515
1790423769.0677578,1.5176509914454073
1790423769.0703826,24.152856989530846
1790423769.0707474,10.752636997494847
1790423769.071077,26.94547999999486
1790423769.0711524,1.817595009924844
1790423769.0805132,1.6824920021463186
1790423769.0837636,1.407025003572926
1790423769.086704,1.2868740013800561
1790423769.0888057,1.2417779944371432
1790423769.09973,2.2344510070979595
1790423769.0998385,1.8766120192594826
1790423769.1012475,1.2137610174249858
1790423769.1025596,1.1864000116474926
1790423769.1047819,1.4469879970420152
1790423769.1090999,1.2216180039104074
1790423769.1176264,1.6696419916115701
1790423769.1185794,1.6531400033272803
1790423769.1192284,1.444688008632511
1790423769.1212273,1.2448490015231073
1790423769.128239,1.3631820038426667
1790423769.1344578,2.320924017112702
1790423769.1380186,5.100726993987337
1790423769.141307,5.348580016288906
1790423769.1428995,1.580855983775109
1790423769.1475198,12.641012988751754
1790423769.1503289,14.75701597519219
1790423769.1553032,21.485801989911124
1790423769.1564934,31.74973398563452
1790423769.1568575,4.44497397984378
1790423769.1586115,20.58160598971881
1790423769.1597667,14.572442974895239
1790423769.16114,2.258366992464289
1790423769.1657357,26.180610992014408
1790423769.1666427,27.76938400347717
1790423769.1668005,36.52313898783177
1790423769.166898,15.659524011425674
1790423769.1676865,18.16105199395679
1790423769.167783,4.5062589924782515
1790423769.1678877,12.57380997412838
1790423769.1696422,32.67037498881109
1790423769.17005,13.180998008465394
1790423769.1730392,9.025150997331366
1790423769.1767168,1.805676001822576
1790423769.177346,25.38948698202148
1790423769.1783962,35.36052900017239
1790423769.1787348,7.574098999612033
1790423769.179007,21.17881498998031
1790423769.1805584,1.5400639967992902
1790423769.1822393,1.2851229985244572
1790423769.1880434,1.6847579972818494
1790423769.1927102,2.0741670159623027
1790423769.1929839,1.8406349990982562
1790423769.1972504,27.069887990364805
1790423769.1973135,26.0466999898199
1790423769.1974063,12.028102995827794
1790423769.1998987,1.2325169809628278
1790423769.2032025,1.433375000488013
1790423769.208006,1.403737987857312
1790423769.214503,1.576634997036308
1790423769.2228394,7.082538999384269
1790423769.2229636,21.742633020039648
1790423769.223044,25.538521993439645
1790423769.2274249,23.937611986184493
1790423769.2278805,8.805629011476412
1790423769.233207,1.4749499969184399
1790423769.2441244,22.93991600163281
1790423769.2447677,29.76109500741586
1790423769.2450745,5.516349017852917
1790423769.2502136,19.994039001176134
1790423769.2503476,9.609852015273646
1790423769.2504213,25.37777801626362
1790423769.254655,23.75154400942847
1790423769.2568376,29.554353997809812
1790423769.257126,2.34560199896805
1790423769.2637873,1.5100000018719584
1790423769.2658834,1.798178011085838
1790423769.268063,8.444709004834294
1790423769.2681663,28.013744013151154
1790423769.2697039,1.412039011484012
1790423769.2777843,1.4181010192260146
1790423769.2818491,21.02980698691681
1790423769.281929,28.10137000051327
1790423769.282048,2.7783729892689735
1790423769.2821162,8.899570006178692
1790423769.2863238,1.502269005868584
1790423769.2894905,13.659336022101343
1790423769.2895992,2.252237987704575
1790423769.2896948,25.054295983863994
1790423769.2956724,1.8778859812300652
1790423769.2999122,1.5889649803284556
1790423769.3089569,2.0507440203800797
1790423769.3090436,2.706658997340128
1790423769.3155327,25.655313016613945
1790423769.315695,27.135301002999768
1790423769.3158998,14.882502990076318
1790423769.3159766,31.723869004053995
1790423769.3160489,32.324567990144715
1790423769.3161142,15.611645008902997
1790423769.3161922,4.819032008526847
1790423769.3193362,1.5394369838759303
1790423769.3251822,1.7680330201983452
1790423769.327692,1.8254939932376146
1790423769.328179,1.6676870000083
1790423769.3344903,3.880642994772643
1790423769.3349838,3.815203992417082
1790423769.335049,3.128523996565491
1790423769.3408177,17.97505799913779
1790423769.341957,11.882863997016102
1790423769.3422475,29.79647502070293
1790423769.342548,6.855815008748323
1790423769.351213,1.5706019767094404
1790423769.352286,2.0012960012536496
1790423769.3531861,1.3450649857986718
1790423769.3574297,4.103262996068224
1790423769.357513,16.68388699181378
1790423769.3575883,24.7452610055916
1790423769.366016,1.4474799972958863
1790423769.371865,1.5985280042514205
1790423769.3767614,2.2269189939834177
1790423769.3768766,1.8928249774035066
1790423769.377751,2.0258279982954264
1790423769.3829973,1.2949150113854557
1790423769.3996,1.5090969973243773
1790423769.4046495,1.5671130095142871
1790423769.407011,1.2945450143888593
1790423769.42037,2.5929109833668917
1790423769.4208057,3.8333910051733255
1790423769.4209418,4.571425000904128
1790423769.4258745,5.057798989582807
1790423769.426044,4.182306001894176
1790423769.426638,6.25706699793227
1790423769.4267352,7.733607984846458
1790423769.4268894,4.570644989144057
1790423769.427454,3.3029520127456635
1790423769.4310658,1.6214409843087196
1790423769.4342587,1.5099140000529587
1790423769.4358068,14.853706990834326
1790423769.4365058,27.244941011304036
1790423769.4370441,2.570611017290503
1790423769.4371643,8.1117489899043
1790423769.4372346,18.41864999732934
1790423769.4409525,2.1437479881569743
1790423769.4410222,1.7577550024725497
1790423769.4654846,19.164069992257282
1790423769.473843,30.47028198488988
1790423769.4740827,11.967767000896856
1790423769.4786212,26.520971005083993
1790423769.4792416,7.30581401148811
1790423769.479691,32.83749599358998
1790423769.4804037,26.353894994826987
1790423769.4807904,6.693819013889879
1790423769.4808707,29.598786000860855
1790423769.488305,45.69335299311206
1790423769.4996336,38.5230100073386
1790423769.5002959,3.1049289973452687
1790423769.501777,19.641942984890193
1790423769.5018947,3.3616090076975524
1790423769.5019956,47.31844598427415
1790423769.5025396,1.8485629989299923
1790423769.511897,1.3661650009453297
1790423769.514151,23.1688329949975
1790423769.5149658,5.539334990317002
1790423769.5150836,1.8323319964110851
1790423769.515153,25.61343801789917
1790423769.518209,1.9159729999955744
1790423769.5199118,2.1190449770074338
1790423769.5205588,1.7792019934859127
1790423769.5232375,1.385323004797101
1790423769.52573,1.4853969914838672
1790423769.532532,1.879660994745791
1790423769.5339,1.7866349953692406
1790423769.5381157,11.404651013435796
1790423769.538456,20.237074000760913
1790423769.538898,26.597657008096576
1790423769.538967,5.735401005949825
1790423769.5434852,22.8709869843442
1790423769.5435627,15.154612978221849
1790423769.5473773,1.9085909880232066
1790423769.5521832,2.299170009791851
1790423769.5532882,1.9750320061575621
1790423769.554926,1.6263080178759992
1790423769.5573041,1.3743909948971123
1790423769.5618715,27.394307020585984
1790423769.5619833,8.054503006860614
1790423769.5621173,16.17116801207885
1790423769.5639555,2.5680660037323833
1790423769.5643685,2.0968640164937824
1790423769.5646675,1.6960990033112466
1790423769.5683463,1.3394920097198337
1790423769.5763993,1.4595489774364978
1790423769.5802803,1.469476002966985
1790423769.5840032,17.806750984163955
1790423769.5840938,24.268539011245593
1790423769.5860882,1.6610279853921384
1790423769.5905683,1.7626089975237846
1790423769.5912232,1.536458992632106
1790423769.592645,1.4128329930827022
1790423769.5962331,1.6795870033092797
1790423769.5966754,1.6351929807569832
1790423769.5997705,3.085714008193463
1790423769.6093197,21.02888299850747
1790423769.609497,2.1260930225253105
1790423769.6120307,20.115608989726752
1790423769.6134892,28.56502600479871
1790423769.6141076,16.308860998833552
1790423769.614245,4.73519298247993
1790423769.6245308,3.3056169922929257
1790423769.6256876,3.647244011517614
1790423769.632138,21.972491027554497
1790423769.633078,34.17152099427767
1790423769.6341958,37.00739299529232
1790423769.6343157,10.84775201161392
1790423769.636503,29.782968980725855
1790423769.636732,10.877513996092603
1790423769.637037,37.1308249887079
1790423769.6371846,24.300836987094954
1790423769.6440558,1.7839359934441745
1790423769.650069,1.888076978502795
1790423769.655871,22.781968000344932
1790423769.657556,32.48807598720305
1790423769.670813,36.25678000389598
1790423769.6813319,48.86066500330344
1790423769.688762,30.565266992198303
1790423769.6888611,5.854235001606867
1790423769.694087,35.33798499847762
1790423769.694524,34.34351101168431
1790423769.6948934,9.410800994373858
1790423769.6955452,7.128144992748275
1790423769.695931,36.49883499019779
1790423769.696206,23.89620098983869
1790423769.70077,25.802760996157303
1790423769.706078,55.152138986159116
1790423769.714912,25.216651993105188
1790423769.7151525,12.578080000821501
1790423769.71525,42.206436017295346
1790423769.7194552,28.007485991111025
1790423769.7195942,32.137895992491394
1790423769.7197177,9.114346001297235
1790423769.7246373,24.867572996299714
1790423769.7248404,4.852401005337015
1790423769.7253428,28.242552012670785
1790423769.725717,27.28612898499705
1790423769.7269588,11.344580998411402
1790423769.7270691,36.78009798750281
1790423769.7287188,2.590096992207691
1790423769.7301087,2.7433920186012983
1790423769.7304978,2.2156919876579195
1790423769.7323601,1.3205780123826116
1790423769.7345748,1.7690010135993361
1790423769.7351797,1.35943602072075
1790423769.7377987,1.3728319900110364
1790423769.7403655,1.5123069752007723
1790423769.743361,1.2986570072825998
1790423769.7479508,18.973086989717558
1790423769.7483392,25.14383100788109
1790423769.7485008,27.524659992195666
1790423769.7487025,3.4758409892674536
1790423769.7489808,13.367748004384339
1790423769.76489,1.4950860058888793
1790423769.7665405,20.104740018723533
1790423769.7666814,23.077162011759356
1790423769.7682145,1.4229190128389746
1790423769.774377,24.823433021083474
1790423769.7744634,15.522350004175678
1790423769.775152,26.117536006495357
1790423769.7752926,23.45726900966838
1790423769.7753694,3.131917997961864
1790423769.7998304,2.9293929983396083
1790423769.8000395,2.9438410128932446
1790423769.801905,3.6555500118993223
1790423769.8036642,2.6716339925769717
1790423769.8042748,3.6433269851841033
1790423769.804367,2.45397599064745
1790423769.8044739,3.1177769997157156
1790423769.8059516,1.470442017307505
1790423769.8084898,1.151155011029914
1790423769.8156598,1.5687700069975108
1790423769.818891,1.4345800154842436
1790423769.8191645,1.262537989532575
1790423769.8246117,1.1879740050062537
1790423769.8304577,2.5572370213922113
1790423769.8305943,2.014518016949296
1790423769.8311543,1.9124120008200407
1790423769.8370981,1.28227099776268
1790423769.8399296,1.4752889983356
1790423769.8407657,1.4669139927718788
1790423769.8462691,2.167976985219866
1790423769.846352,1.8285650003235787
1790423769.85404,1.4865240082144737
1790423769.8630588,1.4882769901305437
1790423769.8707716,1.4483020058833063
1790423769.8753595,1.184518012451008
1790423769.8789856,2.8915570001117885
1790423769.8793454,2.7419140096753836
1790423769.8794074,2.2665880096610636
1790423769.8829145,1.1823959939647466
1790423769.8878434,1.2630400015041232
1790423769.8897648,1.511434995336458
1790423769.8929193,1.729751005768776
1790423769.8954809,1.778698991984129
1790423769.898174,1.459494000300765
1790423769.898803,1.3233780045993626
1790423769.9023628,1.749860995914787
1790423769.909134,1.7407610139343888
1790423769.911579,1.605847995961085
1790423769.9160032,21.301786007825285
1790423769.9171195,4.449104017112404
1790423769.9178028,28.994263004278764
1790423769.9179356,14.033628976903856
1790423769.929821,24.4772260193713
1790423769.9366724,22.05496100941673
1790423769.9441957,30.870582995703444
1790423769.946124,28.99348799837753
1790423769.9465654,5.842813989147544
1790423769.9466908,32.621510996250436
1790423769.9565094,30.342554993694648
1790423769.9600031,31.47891999105923
1790423769.9608228,59.16633902234025
1790423769.961533,52.22605698509142
1790423769.963431,44.05581401078962
1790423769.9650009,39.54650601372123
1790423769.9728665,19.664469989947975
1790423769.98284,25.206405989592895
1790423769.9837205,20.185836998280138
1790423769.9840648,37.21307500381954
1790423769.9842148,40.99781299009919
1790423769.9877381,1.6963300004135817
1790423769.9885516,51.73213701345958
1790423769.9904225,39.162548986496404
1790423769.9946082,42.11953000049107
1790423769.9977741,1.6394220001529902
1790423769.998461,38.31829800037667
1790423769.9986205,31.029089994262904
1790423770.00054,55.59807101963088
1790423770.0006454,12.880399997811764
1790423770.0016441,1.6257810057140887
1790423770.0061636,64.37772201024927
1790423770.0062697,43.450027995277196
1790423770.0069177,31.571122002787888
1790423770.0073798,12.170809000963345
1790423770.0074697,48.784571001306176
1790423770.0106187,1.5283020038623363
1790423770.012431,1.4848739956505597
1790423770.013604,80.96506699803285
1790423770.0143309,2.7031279751099646
1790423770.016194,54.25865299184807
1790423770.0162876,66.69753600726835
1790423770.0164094,41.806704975897446
1790423770.0164816,11.724258976755664
1790423770.0165555,26.75875899149105
1790423770.0187907,1.3202230038587004
1790423770.0242772,2.1981520112603903
1790423770.030906,1.6305309836752713
1790423770.032661,1.4126109890639782
1790423770.0369308,14.296537992777303
1790423770.0372782,23.66159498342313
1790423770.0373392,3.8272159872576594
1790423770.0404656,15.082109981449321
1790423770.041836,1.2897480046376586
1790423770.044898,1.401356013957411
1790423770.0472512,9.342039993498474
1790423770.0473473,23.96716599469073
1790423770.0474148,1.9078899931628257
1790423770.0497892,1.4282379997894168
1790423770.0669146,2.698597003472969
1790423770.0682201,1.9439940224401653
1790423770.070925,2.1235300227999687
1790423770.0789986,21.85118099441752
1790423770.0791886,2.4688139965292066
1790423770.0852942,14.845247991615906
1790423770.0859764,29.730853013461456
1790423770.0860715,8.41870199656114
1790423770.0966043,24.132122023729607
1790423770.096973,17.771102022379637
1790423770.0970678,31.928532989695668
1790423770.098651,23.283046000869945
1790423770.0990102,1.8330140155740082
1790423770.1025164,31.19144099764526
1790423770.1026337,12.691914016613737
1790423770.1038656,3.358016023412347
1790423770.1041734,2.2817169956397265
1790423770.1163235,21.841919980943203
1790423770.1167204,29.132661991752684
1790423770.1167908,9.715369989862666
1790423770.1309695,1.4799160126131028
1790423770.1338491,1.29049300448969
1790423770.1371548,12.626900017494336
1790423770.1373842,22.747478011297062
1790423770.1387973,1.3605549756903201
1790423770.141844,1.4039550151210278
1790423770.1476827,1.4812430017627776
1790423770.1522734,1.6168489819392562
1790423770.1536167,1.3310600188560784
1790423770.158665,17.494411004008725
1790423770.1587276,23.244851996423677
1790423770.1603975,1.327251986367628
1790423770.1747265,1.6828889783937484
1790423770.1756332,1.9596790079958737
1790423770.1775143,11.630610999418423
1790423770.1815965,1.4698260056320578
1790423770.1847832,10.043440997833386
1790423770.1848705,24.423141992883757
1790423770.185732,24.332032015081495
1790423770.1863363,16.09503699000925
1790423770.186414,6.775247980840504
1790423770.1911354,1.3522230146918446
1790423770.1944175,1.408829994034022
1790423770.1970036,1.3157239882275462
1790423770.1996243,1.3083759986329824
1790423770.2071097,2.8992979787290096
1790423770.207738,3.1208059808705
1790423770.2115119,1.5628660039510578
1790423770.2121787,1.6720800194889307
1790423770.2255487,3.2492919999640435
1790423770.2262812,12.84694898640737
1790423770.2263675,29.049062984995544
1790423770.2266035,20.875893998891115
1790423770.2267413,31.615462008630857
1790423770.228586,2.8208629810251296
1790423770.2300115,2.5979630008805543
1790423770.231969,25.052955985302106
1790423770.2321618,18.138863000785932
1790423770.2324636,3.864447004161775
1790423770.2325425,31.097850995138288
1790423770.236208,1.7044770065695047
1790423770.236766,1.5383250138256699
1790423770.2416725,1.3589320005849004
1790423770.251728,1.497569988714531
1790423770.2565184,1.5120120078790933
1790423770.260958,1.6679950058460236
1790423770.2649574,23.241082002641633
1790423770.265791,13.304688996868208
1790423770.2662876,5.319770018104464
1790423770.2718027,1.658533001318574
1790423770.2735274,6.722474005073309
1790423770.2758992,21.4902909938246
1790423770.2759933,26.708759978646412
1790423770.2766187,10.93716299510561
1790423770.284133,1.818013988668099
1790423770.2864463,1.5140179893933237
1790423770.2973735,30.08376300567761
1790423770.2981238,6.727364001562819
1790423770.3109963,40.03942498820834
1790423770.326414,34.18693898129277
1790423770.3272982,31.865373981418088
1790423770.3274567,16.34953002212569
1790423770.3278337,40.2798909926787
1790423770.328202,3.956716012908146
1790423770.3286774,31.12800800590776
1790423770.3296137,36.34940198389813
1790423770.330387,16.38623801409267
1790423770.3317301,28.525945002911612
1790423770.3370678,16.200003010453656
1790423770.3372989,7.547877001343295
1790423770.3373814,43.476018006913364
1790423770.3375227,6.965845997910947
1790423770.3376956,4.202437994536012
1790423770.3381827,29.728488996624947
1790423770.338393,16.114869009470567
1790423770.339832,44.98682499979623
1790423770.340009,7.594495022203773
1790423770.3480299,2.3343749926425517
1790423770.3481996,3.0140049930196255
1790423770.3553283,1.486552006099373
1790423770.3593009,1.5089160006027669
1790423770.365607,18.104432005202398
1790423770.3658133,5.079169000964612
1790423770.365926,31.896694999886677
1790423770.366294,2.1487420017365366
1790423770.3672585,28.25446700444445
1790423770.3673923,15.875033976044506
1790423770.3682885,5.984716000966728
1790423770.3684192,32.809927011840045
1790423770.368479,2.1754880144726485
1790423770.3701215,1.3519509811885655
1790423770.3726947,1.189080998301506
1790423770.3742158,1.2241000076755881
1790423770.3775337,2.2976129839662462
1790423770.3776226,1.9154239853378385
1790423770.3785925,2.1415810042526573
1790423770.3847435,1.1977939866483212
1790423770.3943589,1.4214740076567978
1790423770.3977177,2.198817004682496
1790423770.398024,23.23279299889691
1790423770.3981276,20.162074972176924
1790423770.3983924,2.353263000259176
1790423770.411377,7.596090988954529
1790423770.411548,21.86412797891535
1790423770.4156082,2.757904992904514
1790423770.4157681,2.8547540132422
1790423770.4161973,1.36118900263682
1790423770.4255667,2.157371985958889
1790423770.4257529,2.7719450008589774
1790423770.4264812,2.553296013502404
1790423770.4288216,1.783372979843989
1790423770.429302,1.3427830126602203
1790423770.444315,2.441537013510242
1790423770.444553,3.047981997951865
1790423770.445,3.8781320035923272
1790423770.4467065,20.879927003988996
1790423770.4472861,10.945056012133136
1790423770.4473476,4.39659898984246
1790423770.4701445,1.9908599788323045
1790423770.471763,27.110117982374504
1790423770.4718678,26.435698004206643
1790423770.4753613,1.5477519773412496
1790423770.4821696,1.465800014557317
1790423770.4867072,19.829105003736913
1790423770.486771,26.740198984043673
1790423770.4892273,1.4826999977231026
1790423770.492898,1.4382819936145097
1790423770.502375,1.6084079979918897
1790423770.5026677,2.3844169918447733
1790423770.5044148,1.6191419854294509
1790423770.5050242,1.5802260022610426
1790423770.511533,4.79829398682341
1790423770.5116887,4.503621981712058
1790423770.511743,3.7748939939774573
1790423770.5186691,2.3170589993242174
1790423770.5190651,1.9787139899563044
1790423770.5264418,1.5819480177015066
1790423770.531024,2.400730998488143
1790423770.534289,18.391330988379195
1790423770.5345004,10.169968008995056
1790423770.53862,30.558828002540395
1790423770.5391464,4.633345000911504
1790423770.5392385,24.00150301400572
1790423770.5393102,20.015271002193913
1790423770.5423417,32.688210980268195
1790423770.5427756,6.589502998394892
1790423770.5491855,2.567266987171024
1790423770.5495598,2.4762600078247488
1790423770.5496628,2.0453690085560083
1790423770.554267,24.999736982863396
1790423770.5543365,15.651160996640101
1790423770.5579054,1.2160399928689003
1790423770.5593321,1.2662889785133302
1790423770.5722585,2.5786019978113472
1790423770.572322,1.9707469909917563
1790423770.5780716,1.5453119995072484
1790423770.5819364,23.336407000897452
1790423770.5821047,1.7636669799685478
1790423770.5821624,3.7999129854142666
1790423770.5851483,1.3601949904114008
1790423770.5863874,1.23059400357306
1790423770.587747,1.215686002979055
1790423770.5938318,1.8205319938715547
1790423770.6098576,8.259072987129912
1790423770.611631,8.226085017668083
1790423770.6118052,28.528983995784074
1790423770.6119368,21.11607400001958
1790423770.6129594,3.3203730126842856
1790423770.61797,26.725553994765505
1790423770.6198902,15.42787198559381
1790423770.620043,29.849051992641762
1790423770.6203268,7.357175985816866
1790423770.6282291,21.75482700113207
1790423770.6293342,30.667779996292666
1790423770.6295743,12.622487003682181
1790423770.6304915,21.68660599272698
1790423770.631016,2.3230740043800324
1790423770.6335106,3.7128269905224442
1790423770.6399221,37.67661200254224
1790423770.6406057,9.577428019838408
1790423770.6415458,4.966554988641292
1790423770.6419144,23.249135992955416
1790423770.6426806,4.534906009212136
1790423770.6431923,3.6328700080048293
1790423770.6518946,30.308440007502213
1790423770.6520545,25.5829670059029
1790423770.6535792,10.37336399895139
1790423770.6537018,21.437031973619014
1790423770.6555147,2.614325989270583
1790423770.6587813,3.8723119942005724
1790423770.663584,17.592782009160146
1790423770.6667507,4.445356986252591
1790423770.6687977,2.1925120090600103
1790423770.6808527,35.6109410058707
1790423770.6812778,20.89342102408409
1790423770.6817331,31.47017999435775
1790423770.6822486,14.953281992347911
1790423770.682736,22.922820004168898
1790423770.6844215,28.018531011184677
1790423770.6846278,21.27659399411641
1790423770.685504,13.242595974588767
1790423770.6857297,16.920134978136048
1790423770.6860075,39.47547098505311
1790423770.686177,7.639763993211091
1790423770.6863098,21.76806901115924
1790423770.6966543,31.53668498271145
1790423770.696858,37.89120199508034
1790423770.6976037,26.970281003741547
1790423770.6977255,14.2409979889635
1790423770.7018397,15.268994990037754
1790423770.7023726,30.83507201517932
1790423770.7031069,33.65552201285027
1790423770.7046108,4.468328988878056
1790423770.705808,3.958565997891128
1790423770.7060392,4.738991992780939
1790423770.7112129,2.995654009282589
1790423770.7114556,3.911183011950925
1790423770.7159848,10.692529991501942
1790423770.7163048,20.623482996597886
1790423770.716876,31.919320987071842
1790423770.7169764,7.521963998442516
1790423770.7229712,2.3352900170721114
1790423770.7275999,9.233099990524352
1790423770.7349942,21.992161025991663
1790423770.7354105,29.211881977971643
1790423770.7362406,14.403626002604142
1790423770.7363458,6.72195601509884
1790423770.7364492,32.30431300471537
1790423770.7392228,24.745970993535593
1790423770.7401807,16.692270000930876
1790423770.7402909,31.52678400510922
1790423770.74037,8.382558007724583
1790423770.7460935,20.73290600674227
1790423770.7469509,31.435413984581828
1790423770.7470403,13.424126984318718
1790423770.7508693,1.8886980251409113
1790423770.7515802,1.5640950005035847
1790423770.7536113,25.21117401192896
1790423770.7539318,27.37468999112025
1790423770.7542899,6.424177990993485
1790423770.7560952,1.3736760010942817
1790423770.7650673,1.500147016486153
1790423770.7690299,1.6165359993465245
1790423770.7693121,1.4039620000403374
1790423770.7798734,1.8470329814590514
1790423770.7808812,1.4496899966616184
1790423770.7926257,1.5451530052814633
1790423770.7974982,1.673849008511752
1790423770.8056986,1.7349100089631975
1790423770.8068905,21.168192994082347
1790423770.8074884,31.625536998035386
1790423770.808209,2.4992359976749867
1790423770.808331,10.802706005051732
1790423770.8105032,21.047338988864794
1790423770.815344,2.699513017432764
1790423770.8154309,3.974318999098614
1790423770.818639,30.743701005121693
1790423770.819332,8.667931979289278
1790423770.819399,21.302728971932083
1790423770.8194745,6.028387026162818
1790423770.8227043,1.4551669883076102
1790423770.8250475,1.6692109929863364
1790423770.826611,1.4220989833120257
1790423770.8301036,1.7376560135744512
1790423770.831116,28.748777986038476
1790423770.8317966,1.683838985627517
1790423770.8321738,20.816403994103894
1790423770.8333282,31.548744009342045
1790423770.8334439,5.576195981120691
1790423770.8335183,17.235338018508628
1790423770.8346,1.7894179909490049
1790423770.8393505,1.3503970112651587
1790423770.842788,1.3261899875942618
1790423770.8490949,1.3892010028939694
1790423770.8517818,1.3736920082010329
1790423770.8671393,23.67747199605219
1790423770.8672159,11.162641021655872
1790423770.8728907,11.938098992686719
1790423770.8736544,27.655856014462188
1790423770.8737392,29.639532993314788
1790423770.8743722,3.7653349863830954
1790423770.8758776,2.7071749791502953
1790423770.88581,21.67371302493848
1790423770.8861785,11.443518014857545
1790423770.8862596,33.43211198807694
1790423770.8879964,29.33400301844813
1790423770.888077,23.252876999322325
1790423770.89336,1.7938579840119928
1790423770.8989537,1.4597759873140603
1790423770.9016044,9.416301996679977
1790423770.901706,27.95501600485295
1790423770.9051702,1.5401119890157133
1790423770.913969,1.2796200171578676
1790423770.9210546,1.4171039802022278
1790423770.933194,2.175519010052085
1790423770.9354556,3.123108996078372
1790423770.9424696,12.68241900834255
1790423770.9430692,2.890639007091522
1790423770.944891,2.408507018117234
1790423770.9471745,12.426399014657363
1790423770.9472585,29.414939985144883
1790423770.9493892,5.30085401260294
1790423770.9500961,22.57269900292158
1790423770.9510167,36.40429498045705
1790423770.9512236,17.62008198420517
1790423770.9515738,3.9884290017653257
1790423770.9518611,2.45932798134163
1790423770.9571648,1.3467069948092103
1790423770.9607692,1.379686000291258
1790423770.9631436,2.2446299844887108
1790423770.9642668,2.738370996667072
1790423770.964341,1.7346719978377223
1790423770.9764457,1.7778599867597222
1790423770.977226,1.6205259889829904
1790423770.9796426,1.478811987908557
1790423770.9864013,1.3930349959991872
1790423770.9894054,2.305677975527942
1790423770.9908347,24.575204006396234
1790423770.9916844,14.116496022325009
1790423770.991814,3.228555025998503
1790423770.993541,3.4598289930727333
1790423770.9936926,6.062276021111757
1790423770.9947898,1.759939972544089
1790423770.999085,2.432448003673926
1790423771.0082698,1.6252459899988025
1790423771.0214906,8.304967981530353
1790423771.021593,23.40458199614659
1790423771.0217364,29.839286988135427
1790423771.024317,1.7534860235173255
1790423771.0264366,24.646784004289657
1790423771.026946,32.110159983858466
1790423771.0270667,12.714863987639546
1790423771.0286934,1.6146510024555027
1790423771.029789,3.3397859951946884
1790423771.0311315,26.92045600269921
1790423771.0331926,35.90346800046973
1790423771.033454,11.669613013509661
1790423771.0337753,4.733538982691243
1790423771.0566096,32.22013998311013
1790423771.0566864,25.543308991473168
1790423771.057011,13.557241996750236
1790423771.0632772,28.40598701732233
1790423771.06351,32.793127989862114
1790423771.063606,11.197521002031863
1790423771.0648825,20.52128899958916
1790423771.0654988,35.90856300434098
1790423771.0661824,33.50454100291245
1790423771.0662494,32.24045000388287
1790423771.0663352,23.855756007833406
1790423771.0681233,2.5596350023988634
1790423771.076505,1.4156060060486197
1790423771.0842988,2.2092580038588494
1790423771.0868523,1.6715610108803958
1790423771.0871985,20.45241801533848
1790423771.0873525,3.9162849716376513
1790423771.0874288,26.513677992625162
1790423771.0887284,1.2121139734517783
1790423771.095037,21.462886012159288
1790423771.0951488,27.462613012176007
1790423771.095251,10.738563985796645
1790423771.0958195,2.0460080122575164
1790423771.0975342,1.2735810014419258
1790423771.1187396,7.909381994977593
1790423771.1188552,27.985863998765126
1790423771.1258845,4.4305949995759875
1790423771.128139,39.26996301743202
1790423771.1358016,24.27334600361064
1790423771.13596,35.92863498488441
1790423771.145723,22.53480500075966
1790423771.147899,39.69883100944571
1790423771.1484263,23.750849009957165
1790423771.1506584,23.19044098840095
1790423771.154072,33.313757012365386
1790423771.154424,44.35817900230177
1790423771.157418,31.52191298431717
1790423771.158675,20.650470978580415
1790423771.1590962,28.87274301610887
1790423771.1598158,43.06124499998987
1790423771.1646116,18.87559299939312
1790423771.1674469,59.95869799517095
1790423771.1677415,38.615274999756366
1790423771.1688578,37.9966109758243
1790423771.1690493,42.52994499984197
1790423771.1702187,47.74147199350409
1790423771.1704407,37.90260499226861
1790423771.1710563,27.901155990548432
1790423771.1717749,43.62472501816228
1790423771.17239,21.557052998105064
1790423771.1725843,10.747217980679125
1790423771.1735072,16.814775997772813
1790423771.1764877,27.471992012578994
1790423771.1769123,40.07069201907143
1790423771.1778765,20.446695009013638
1790423771.187739,19.98466401710175
1790423771.1878088,47.62679498526268
1790423771.196965,41.91318800440058
1790423771.1971922,53.16407899954356
1790423771.1982718,37.63113199966028
1790423771.199232,35.1914869970642
1790423771.1995735,8.058283012360334
1790423771.199649,64.55907598137856
1790423771.199809,29.235543974209577
1790423771.2007797,34.14735299884342
1790423771.2011478,8.370742987608537
1790423771.2045672,53.04355398402549
1790423771.2098942,19.157939008437097
1790423771.2143774,30.433406005613506
1790423771.2144704,17.26596598746255
1790423771.2146132,51.88183000427671
1790423771.2165322,37.64557300019078
1790423771.2167623,36.04802201152779
1790423771.2170117,21.028971998021007
1790423771.2179985,2.4085220065899193
1790423771.2180612,3.3214809955097735
1790423771.2210145,1.3956970069557428
1790423771.2271907,24.265090003609657
1790423771.2275584,25.24768200237304
1790423771.228043,2.1691760048270226
1790423771.2466426,1.6129540163092315
1790423771.2481537,1.4987399918027222
1790423771.2503493,27.343313995515928
1790423771.2505105,17.494488012744114
1790423771.2510746,1.6739839920774102
1790423771.2559876,23.72543400269933
1790423771.2564816,12.103542016120628
1790423771.2565525,5.468245013616979
1790423771.258692,1.5588990063406527
1790423771.2601302,1.4291130064520985
1790423771.2614858,1.3470079866237938
1790423771.2837882,27.05005501047708
1790423771.3001666,32.45687100570649
1790423771.30028,17.113894980866462
1790423771.3029463,36.60962198046036
1790423771.3067687,1.9262789865024388
1790423771.3081303,54.0120100195054
1790423771.3123271,30.53935000207275
1790423771.3125515,27.11750299204141
1790423771.3126564,41.16041198722087
1790423771.312751,6.999670004006475
1790423771.3176515,3.2681309967301786
1790423771.318,2.86750600207597
1790423771.3182561,51.05020001064986
1790423771.328903,54.45010101539083
1790423771.3307374,38.82083299686201
1790423771.3314867,65.73036502231844
1790423771.3335476,37.161817017477006
1790423771.3343408,52.808512991759926
1790423771.3346527,14.117707993136719
1790423771.3347704,48.43438300304115
1790423771.3354526,21.829395001986995
1790423771.3362498,14.855574001558125
1790423771.337883,24.937484995462
1790423771.3390663,1.7656389973126352
1790423771.3527644,23.579854983836412
1790423771.3529055,13.696139998501167
1790423771.3530035,36.24079198925756
1790423771.3571227,15.246074995957315
1790423771.358023,22.55501801846549
1790423771.358577,31.856872024945915
1790423771.3595366,2.4042919976636767
1790423771.3682573,31.78019597544335
1790423771.3686073,23.277813976164907
1790423771.3692775,11.243049026234075
1790423771.369359,34.578780992887914
1790423771.378509,2.2644349955953658
1790423771.384941,29.708807007409632
1790423771.3850603,25.288628006819636
1790423771.3860626,29.975286015542224
1790423771.386147,35.30711799976416
1790423771.386273,7.95031400048174
1790423771.3887453,2.282472007209435
1790423771.39011,27.28237002156675
1790423771.390264,36.04870900744572
1790423771.3903608,9.105528006330132
1790423771.3949592,1.7413489986211061
1790423771.3988051,26.685473014367744
1790423771.4000325,16.827152983751148
1790423771.4001684,28.856798977358267
1790423771.401168,2.349902002606541
1790423771.4128695,1.7745539953466505
1790423771.4137428,29.98187398770824
1790423771.413896,36.67117501026951
1790423771.4139805,11.70826199813746
1790423771.4173002,29.65050601051189
1790423771.4174526,2.1774749911855906
1790423771.4175308,13.565598987042904
1790423771.4209316,1.5984379861038178
1790423771.425055,3.3289459825027734
1790423771.4253047,2.898550999816507
1790423771.4258165,2.687622996745631
1790423771.428316,1.4168939960654825
1790423771.431273,21.164067002246156
1790423771.431541,28.07246401789598
1790423771.4322157,11.100119998445734
1790423771.4322743,7.84745899727568
1790423771.441848,1.5028829802758992
1790423771.4446507,1.4008739963173866
1790423771.4525309,1.7916950164362788
1790423771.4538288,24.880706012481824
1790423771.4539194,10.026134987128899
1790423771.4560807,1.4398269995581359
1790423771.4594288,1.4097869861871004
1790423771.4612012,23.158189986133948
1790423771.461303,27.220386982662603
1790423771.4613795,16.568499995628372
1790423771.474288,2.3055539932101965
1790423771.4839258,1.8437450053170323
1790423771.495962,23.02499901270494
1790423771.5003452,30.541147978510708
1790423771.5004265,10.99493500078097
1790423771.5022032,27.903119014808908
1790423771.502761,5.75763700180687
1790423771.5028522,30.41285098879598
1790423771.503298,27.27957902243361
1790423771.5035977,28.554194985190406
1790423771.5038948,5.964681011391804
1790423771.5108135,1.7449099977966398
1790423771.5116198,1.5766269934829324
1790423771.5137022,1.5928939974401146
1790423771.5138335,7.584020990179852
1790423771.5185902,1.4232219837140292
1790423771.522416,1.5907319902908057
1790423771.522757,1.4037619985174388
1790423771.5257668,1.3897829921916127
1790423771.5261657,1.3473799917846918
1790423771.5290856,1.3958539930172265
1790423771.535272,12.243181001394987
1790423771.5353472,22.69713001442142
1790423771.5354147,29.7175100131426
1790423771.5361936,3.6405609862413257
1790423771.542488,1.7743360076565295
1790423771.543065,1.7853799799922854
1790423771.5468774,1.3374759873840958
1790423771.5505412,1.4661730092484504
1790423771.5526462,15.268385992385447
1790423771.5562265,2.8415159904398024
1790423771.556812,23.299575987039134
1790423771.5570822,12.733298994135112
1790423771.5580697,7.517166988691315
1790423771.55887,26.87084799981676
1790423771.55895,3.7112089921720326
1790423771.5611575,2.917851001257077
1790423771.5625088,17.560699983732775
1790423771.5631266,28.23352999985218
1790423771.563409,10.545435012318194
1790423771.5634727,3.222302009817213
1790423771.5743134,1.508107001427561
1790423771.5768154,1.9825000199489295
1790423771.5780048,2.109117020154372
1790423771.5797575,1.3989560247864574
1790423771.5818565,20.687178010120988
1790423771.5825057,28.04364199982956
1790423771.5825808,5.755570018664002
1790423771.5858102,1.2635450111702085
1790423771.5873888,1.141293003456667
1790423771.5938818,1.8601680058054626
1790423771.6157315,26.692826999351382
1790423771.6158438,12.912767007946968
1790423771.6175725,13.76149500720203
1790423771.6176708,26.979556976584718
1790423771.6267931,4.928955022478476
1790423771.6274805,3.588178980862722
1790423771.6276484,32.64911597943865
1790423771.6285484,1.7451210005674511
1790423771.6353366,2.588798990473151
1790423771.6358955,2.200572984293103
1790423771.6420236,1.3544549874495715
1790423771.6437466,1.3380390009842813
1790423771.6463056,1.2255740002728999
1790423771.6536963,19.13873798912391
1790423771.6539752,5.006452003726736
1790423771.6541233,27.789769985247403
1790423771.6542487,3.027013997780159
1790423771.6545885,2.672030997928232
1790423771.6621115,1.2944600021000952
1790423771.665875,1.3162300165276974
1790423771.6672761,1.3928260013926774
1790423771.672059,1.2423320149537176
1790423771.679109,1.5376179944723845
1790423771.6813931,1.295489986659959
1790423771.6836252,1.2552620028145611
1790423771.6876597,1.8453400116413832
1790423771.6883776,1.2470000074245036
1790423771.6928496,1.642549003008753
1790423771.7007473,3.5685549955815077
1790423771.7034712,1.589787018019706
1790423771.7170718,18.656817002920434
1790423771.7188225,14.704706991324201
1790423771.7191877,6.47395002306439
1790423771.72006,20.26172398473136
1790423771.7202165,33.790927001973614
1790423771.720333,10.002360999351367
1790423771.7206175,27.757464005844668
1790423771.7207305,32.17388500343077
1790423771.7209156,17.42255297722295
1790423771.7209768,23.08822300983593
1790423771.7210553,24.457231018459424
1790423771.7211707,26.53511200333014
1790423771.72125,31.347031996119767
1790423771.7213104,5.9077999903820455
1790423771.7233636,1.4157130208332092
1790423771.7292545,3.5295559791848063
1790423771.7317102,4.085310996742919
1790423771.7318237,2.559725980972871
1790423771.7318885,3.872468019835651
1790423771.7359746,9.351078973850235
1790423771.7410998,1.3477460015565157
1790423771.7427344,1.3359840086195618
1790423771.753368,2.928667003288865
1790423771.753571,24.866432009730488
1790423771.7536862,20.941291993949562
1790423771.7594836,1.951288984855637
1790423771.7595553,25.283764000050724
1790423771.7597427,21.78802597336471
1790423771.7600787,8.130472007906064
1790423771.7622864,1.6250940097961575
1790423771.7637851,1.3438949827104807
1790423771.772517,1.7888429865706712
1790423771.773663,1.6259270196314901
1790423771.7785473,1.4569259947165847
1790423771.7817206,10.458703996846452
1790423771.781804,21.675152995157987
1790423771.791785,3.6247450043447316
1790423771.7923057,3.627666999818757
1790423771.7988064,26.245147018926218
1790423771.7988896,8.514615008607507
1790423771.8033612,1.5259729989338666
1790423771.8059866,1.8693629826884717
1790423771.823284,24.274121009511873
1790423771.8242624,34.84058001777157
1790423771.8243537,17.251665994990617
1790423771.8284137,1.6889739781618118
1790423771.8307457,1.897863985504955
1790423771.833564,32.69009801442735
1790423771.8344347,16.49647200247273
1790423771.8350794,5.682732007699087
1790423771.8351502,35.568720020819455
1790423771.8429878,20.379827998112887
1790423771.8432343,32.93469100026414
1790423771.8439856,2.3580559936817735
1790423771.8637292,15.605997003149241
1790423771.8686326,14.407937997020781
1790423771.868762,33.0108170164749
1790423771.8692324,3.05161697906442
1790423771.8720648,16.424604022176936
1790423771.8724518,5.125464987941086
1790423771.872596,29.3503719731234
1790423771.875134,44.241665018489584
1790423771.8782094,19.217305001802742
1790423771.8783882,32.398598006693646
1790423771.8784728,3.9655540022067726
1790423771.8823893,1.7802949878387153
1790423771.8895445,25.803598982747644
1790423771.8896642,13.417000009212643
1790423771.8897626,29.887948010582477
1790423771.8929183,2.099906007060781
1790423771.8938506,1.3739530113525689
1790423771.8979979,1.339398993877694
1790423771.9008105,1.2927959905937314
1790423771.9068723,1.411628007190302
1790423771.9090607,1.272476016310975
1790423771.910891,1.3142800016794354
1790423771.9147396,1.2850489874836057
1790423771.9255989,1.5304159896913916
1790423771.9274485,1.9528900156728923
1790423771.927758,1.707037998130545
1790423771.9297144,1.5422499855048954
1790423771.9300513,1.4412510208785534
1790423771.9324195,1.1508489842526615
1790423771.9359524,2.1194969885982573
1790423771.9368322,1.320681010838598
1790423771.9465766,1.674125000135973
1790423771.9468434,1.407547009875998
1790423771.9545844,1.367869001114741
1790423771.9587936,1.5734299959149212
1790423771.9593992,1.2779429962392896
1790423771.9620001,1.2437620025593787
1790423771.9624822,1.1587969784159213
1790423771.9678228,1.4513389905914664
1790423771.9703536,1.5396820090245456
1790423771.974073,1.420966989826411
1790423771.9785323,1.5084910264704376
1790423772.005665,23.042807006277144
1790423772.0157087,24.744119989918545
1790423772.0253673,27.397170022595674
1790423772.0296693,36.430406995350495
1790423772.03055,7.349166990024969
1790423772.0311422,32.13261198834516
1790423772.032444,19.8959429981187
1790423772.0330923,21.335236000595614
1790423772.0334656,43.15591699560173
1790423772.034215,44.51573401456699
1790423772.0348246,7.8383180079981685
1790423772.03499,42.93037101160735
1790423772.035248,60.04429899621755
1790423772.0353713,21.697604010114446
1790423772.0365796,11.078882991569117
1790423772.0389116,3.53047699900344
1790423772.0416105,5.607509985566139
1790423772.0420516,34.71032500965521
1790423772.0425591,20.154361001914367
1790423772.043026,62.15211300877854
1790423772.043093,38.077013014117256
1790423772.0433273,5.90353601728566
1790423772.0439465,13.385213009314612
1790423772.0445426,2.480948984157294
1790423772.0449762,1.8206000095233321
1790423772.0484078,15.951567998854443
1790423772.0494988,1.718999003060162
1790423772.0562696,1.3177759828977287
1790423772.059006,19.845453003654256
1790423772.05983,1.4203070022631437
1790423772.062125,9.659078990807757
1790423772.0624566,28.2297010126058
1790423772.062527,1.5424980083480477
1790423772.0684502,2.859795989934355
1790423772.0686061,3.0762980168219656
1790423772.0697258,2.650141017511487
1790423772.0709925,1.8133420089725405
1790423772.0715728,1.2957050057593733
1790423772.0795503,1.5499359869863838
1790423772.0819705,1.6767849738243967
1790423772.0826986,1.5065190091263503
1790423772.0886493,2.0339479960966855
1790423772.0896878,1.5553270059172064
1790423772.094318,19.639150996226817
1790423772.095005,3.684358991449699
1790423772.0950944,10.19284300855361
1790423772.098316,6.372470001224428
1790423772.098403,31.91773101571016
1790423772.1043005,1.3996749767102301
1790423772.1094856,1.4168870111461729
1790423772.1155407,25.05762700457126
1790423772.1156442,22.151395009132102
1790423772.116068,1.8018819973804057
1790423772.1190453,1.8732480239123106
1790423772.1216755,2.0740590116474777
1790423772.1223817,1.5612480056006461
1790423772.125096,1.3569919974543154
1790423772.1323547,4.314121993957087
1790423772.1324775,25.969948997953907
1790423772.1327617,14.150606992188841
1790423772.1334434,3.3884499862324446
1790423772.1345916,3.6134370020590723
1790423772.134728,5.080365983303636
1790423772.1355536,1.4554630033671856
1790423772.1431003,1.45246900501661
1790423772.146032,1.2590120022650808
1790423772.1509168,2.065631008008495
1790423772.152534,2.961239981232211
1790423772.1576648,1.8875100067816675
1790423772.1737497,30.597531993407756
1790423772.174197,24.11189701524563
1790423772.17436,17.550221004057676
1790423772.1764526,5.593383015366271
1790423772.1765428,4.504368000198156
1790423772.1824462,14.915634004864842
1790423772.1826186,31.60439498606138
1790423772.1827316,35.0282050203532
1790423772.1838162,9.151738020591438
1790423772.18427,16.073464008513838
1790423772.1843624,33.15395300160162
1790423772.1844382,30.18837599665858
1790423772.1866574,2.1182319906074554
1790423772.1870446,1.8523900071159005
1790423772.197463,2.6899630029220134
1790423772.1983826,4.12596098612994
1790423772.1984582,5.0819900061469525
1790423772.2038867,1.6128220013342798
1790423772.2073061,1.8227800028398633
1790423772.2198327,4.079592996276915
1790423772.2202148,22.281501005636528
1790423772.2228136,1.6493650036863983
1790423772.2262213,31.011512997793034
1790423772.2263296,25.222277006832883
1790423772.2300053,37.37233500578441
1790423772.2301605,18.463918997440487
1790423772.2311804,14.591635001124814
1790423772.231362,24.04189799563028
1790423772.2321742,15.668954001739621
1790423772.2333856,10.380580002674833
1790423772.2340484,10.522896016482264
1790423772.2346177,4.445750993909314
1790423772.2352488,3.063167998334393
1790423772.2354505,22.723389003658667
1790423772.2429495,24.87179101444781
1790423772.2433386,32.73913500015624
1790423772.2436693,17.327273992123082
1790423772.2437484,10.352848010370508
1790423772.246248,18.216379976365715
1790423772.2560372,1.5411830099765211
1790423772.25663,14.787432999582961
1790423772.2567253,31.201484001940116
1790423772.258983,1.447418995667249
1790423772.2650952,1.7242369940504432
1790423772.2675703,1.7540710105095059
1790423772.2694523,1.6888749960344285
1790423772.2724895,21.649751986842602
1790423772.2729235,28.074664005544037
1790423772.2730236,9.106482000788674
1790423772.273844,2.085979998810217
1790423772.2792401,1.7757259774953127
1790423772.2873204,1.4758320176042616
1790423772.2937288,1.5500769950449467
1790423772.2955709,28.77982400241308
1790423772.2956834,11.410489008994773
1790423772.296964,12.090846983483061
1790423772.297113,27.60146599030122
1790423772.2984757,1.3155789929442108
1790423772.3000052,1.3041890051681548
1790423772.3029912,1.843011996243149
1790423772.3030677,2.4458769767079502
1790423772.30353,1.8128419760614634
1790423772.3064167,1.1699960159603506
1790423772.3173685,1.4489009918179363
1790423772.3207932,1.8296500202268362
1790423772.333397,23.38232798501849
1790423772.3347747,10.307160002412274
1790423772.334914,26.354347995948046
1790423772.342568,27.121007995447144
1790423772.3432658,28.434517997084185
1790423772.3433735,9.395967004820704
1790423772.347352,26.494526013266295
1790423772.3474145,11.357840005075559
1790423772.3492055,1.5160079929046333
1790423772.352239,2.7308340067975223
1790423772.354865,4.287985007977113
1790423772.356704,4.2370820010546595
1790423772.3568468,3.0987850041128695
1790423772.3580537,2.156425005523488
1790423772.3687737,30.272001982666552
1790423772.3689933,17.36921799601987
1790423772.3694723,32.732530002249405
1790423772.3695543,9.841200982918963
1790423772.3713398,1.6101300134323537
1790423772.3749177,1.42605701694265
1790423772.378887,2.382851002039388
1790423772.3791611,2.192619984271005
1790423772.3827925,1.2922379828523844
1790423772.3841987,1.3965480029582977
1790423772.3886468,1.3591599999926984
1790423772.3933082,1.446530979592353
1790423772.3946493,1.3304199965205044
1790423772.3959877,1.2439579877536744
1790423772.4013512,21.245135983917862
1790423772.4027305,3.4215600171592087
1790423772.4028068,12.404389010043815
1790423772.4030285,2.910546987550333
1790423772.4030936,25.59444200596772
1790423772.404664,1.2211189896333963
1790423772.4196362,1.93425000179559
1790423772.4270864,24.943914992036298
1790423772.428848,8.501731004798785
1790423772.437349,8.190321997972205
1790423772.4393408,31.15305700339377
1790423772.4406936,19.718517985893413
1790423772.440868,18.950430006952956
1790423772.4418335,30.633296992164105
1790423772.4420958,33.16492697922513
1790423772.44302,11.569491995032877
1790423772.4431007,6.395355012500659
1790423772.4434662,5.630935978842899
1790423772.4521313,25.550740014296025
1790423772.453147,27.563311014091596
1790423772.4535835,2.0740029867738485
1790423772.4557023,35.9826149942819
1790423772.4565694,22.03160399221815
1790423772.4566967,14.170548995025456
1790423772.457327,2.7238430047873408
1790423772.4585721,23.040194995701313
1790423772.4600732,16.348170000128448
1790423772.4601848,33.084510010667145
1790423772.46027,2.5187759893015027
1790423772.4669995,2.4065539764706045
1790423772.4675577,1.9191959872841835
1790423772.467639,2.446493017487228
1790423772.469502,19.177037000190467
1790423772.4696333,31.033753999508917
1790423772.4697583,9.319287986727431
1790423772.474432,1.3186120195314288
1790423772.478817,1.3904089864809066
1790423772.4872,1.432581979315728
1790423772.488956,1.3725959870498627
1790423772.489722,1.4468449808191508
1790423772.4949045,1.5769060119055212
1790423772.4953606,1.4423640095628798
1790423772.5050375,1.2055330153089017
1790423772.507847,1.2413790100254118
1790423772.513349,1.333340012934059
1790423772.5304706,12.310101010371
1790423772.533329,21.822993003297597
1790423772.5346558,4.729737993329763
1790423772.5347698,28.574449999723583
1790423772.5411422,26.242161984555423
1790423772.5430536,1.6064740193542093
1790423772.546197,28.619671997148544
1790423772.553588,28.433247993234545
1790423772.5537558,27.813904016511515
1790423772.5538926,2.621929976157844
1790423772.554494,2.303871006006375
1790423772.5590136,1.5370520122814924
1790423772.5599287,1.6849999956320971
1790423772.5672457,1.3771879894193262
1790423772.5727828,5.0500100187491626
1790423772.5731251,4.8291780112776905
1790423772.5740318,5.248864006716758
1790423772.5741746,3.3319749927613884
1790423772.5742285,4.070914001204073
1790423772.5750966,3.0500089924316853
1790423772.576578,1.245868013938889
1790423772.577746,1.1594849929679185
1790423772.5779688,21.39383999747224
1790423772.5789685,23.305306007387117
1790423772.5794806,12.22640898777172
1790423772.5797038,9.911419998388737
1790423772.58001,5.666167999152094
1790423772.584149,1.364205003483221
1790423772.5909574,1.67984000290744
1790423772.6219397,30.16469901194796
1790423772.623226,43.09985102736391
1790423772.624631,17.942636011866853
1790423772.6254861,8.960769016994163
1790423772.6255748,37.8379609901458
1790423772.626889,3.023889003088698
1790423772.6308792,21.279834996676072
1790423772.6381714,27.689110982464626
1790423772.6409535,22.91402200353332
1790423772.6415424,16.344864998245612
1790423772.6420074,37.13643801165745
1790423772.6440291,8.437955984845757
1790423772.6451757,30.667435989016667
1790423772.646843,26.893400005064905
1790423772.6565855,25.059489998966455
1790423772.657518,53.48213398247026
1790423772.666761,25.796244997764006
1790423772.6670532,45.984096999745816
1790423772.6703346,23.228171019582078
1790423772.6718173,85.10282699717209
1790423772.6732419,27.255496010184288
1790423772.6750422,66.07564599835314
1790423772.6787262,39.25663500558585
1790423772.6791644,60.38919399725273
1790423772.6793578,19.044838001718745
1790423772.6794543,24.376992019824684
1790423772.6796021,36.32716301945038
1790423772.679742,25.99597701919265
1790423772.680239,38.39069398236461
1790423772.6831312,30.88350300095044
1790423772.683472,40.69117901963182
1790423772.684733,28.132169012678787
1790423772.6851327,22.640281007625163
1790423772.6998286,41.083406016696244
1790423772.7047067,51.66748899500817
1790423772.7057326,69.11286202375777
1790423772.7078187,15.699110983405262
1790423772.7080605,46.65398201905191
1790423772.708165,31.09041601419449
1790423772.7104046,75.49693100736476
1790423772.7105513,25.134441995760426
1790423772.7111368,42.13898698799312
1790423772.711243,12.455346994102001
1790423772.714773,27.974780008662492
1790423772.7164083,35.17736500361934
1790423772.716644,9.787351998966187
1790423772.717535,2.069791982648894
1790423772.7185538,1.7922389961313456
1790423772.7246656,80.21701200050302
1790423772.7262464,37.23658501985483
1790423772.7265987,68.69084099889733
1790423772.727076,62.661536008818075
1790423772.7272532,13.210830016760156
1790423772.7279336,44.13955702329986
1790423772.729391,3.6689099797513336
1790423772.729898,2.6354389847256243
1790423772.7300084,6.040000997018069
1790423772.7328398,1.3192060287110507
1790423772.7439644,1.523675979115069
1790423772.7481084,1.5978799783624709
1790423772.7500124,1.7916130018420517
1790423772.7518084,23.209673003293574
1790423772.7521996,5.022352997912094
1790423772.7523422,3.3957870036829263
1790423772.7611012,1.858631003415212
1790423772.7666976,1.6186559805646539
1790423772.7736073,2.3721659963484854
1790423772.7814398,6.237416993826628
1790423772.7824783,22.257977980189025
1790423772.7826762,13.66307699936442
1790423772.7841213,7.410813996102661
1790423772.7842042,14.248662017052993
1790423772.7848432,14.316788001451641
1790423772.7849154,34.64678200543858
1790423772.7857697,29.684423003345728
1790423772.786289,33.497794007416815
1790423772.7864344,25.204570993082598
1790423772.7866716,10.684681008569896
1790423772.786987,13.929820997873321
1790423772.7875426,36.728061008034274
1790423772.7876124,8.52772401412949
1790423772.7880037,24.82978001353331
1790423772.7881246,6.673435011180118
1790423772.788255,6.26652198843658
1790423772.7902992,2.033671014942229
1790423772.7904458,3.4496750158723444
1790423772.7907345,1.8255900067742914
1790423772.795538,1.308759005041793
1790423772.802802,1.9223859999328852
1790423772.803085,1.489196001784876
1790423772.8075962,1.2623780057765543
1790423772.8107774,1.2880420254077762
1790423772.8165581,1.4856589841656387
1790423772.8210433,1.6635720094200224
1790423772.8216305,1.5296180208679289
1790423772.8272347,14.264269004343078
1790423772.8273032,22.062731004552916
1790423772.8306313,1.6888209793251008
1790423772.842952,1.5020189748611301
1790423772.8499558,2.5328310148324817
1790423772.850177,3.2846950052771717
1790423772.853922,1.510714995674789
1790423772.8658612,2.7688269910868257
1790423772.8666296,2.534766012104228
1790423772.8666947,1.976144005311653
1790423772.8719037,22.566783998627216
1790423772.872092,9.629388980101794
1790423772.8726234,1.8256290059071034
1790423772.8746488,1.6561639786232263
1790423772.8762817,1.4860480150673538
1790423772.877951,1.3307180197443813
1790423772.882901,2.035291981883347
1790423772.8989213,16.905034019146115
1790423772.8990364,25.073467986658216
1790423772.9036407,1.5933000249788165
1790423772.9084778,17.690064007183537
1790423772.9116786,32.76101598748937
1790423772.9120204,26.480406988412142
1790423772.9125998,8.141678001265973
1790423772.9136794,25.017541978741065
1790423772.9139943,32.46295900316909
1790423772.9141006,6.772503984393552
1790423772.91547,3.5915590124204755
1790423772.9166152,1.9284320005681366
1790423772.9223156,13.261726999189705
1790423772.9236846,32.204574992647395
1790423772.9241114,3.5857979964930564
1790423772.9315248,1.5109239902812988
1790423772.937514,33.68614599457942
1790423772.937607,27.724565006792545
1790423772.9382076,15.154007996898144
1790423772.9491577,32.220970024354756
1790423772.949308,28.128981997724622
1790423772.9494214,25.096322991885245
1790423772.949495,23.283489979803562
1790423772.9531207,2.1238760091364384
1790423772.9532108,2.8440030000638217
1790423772.9539495,21.85541097423993
1790423772.957589,1.6317899862769991
1790423772.9601831,1.986977003980428
1790423772.9635453,28.28941901680082
1790423772.9651325,3.403364011319354
1790423772.965443,12.135584984207526
1790423772.9678853,8.764821017393842
1790423772.9684637,36.880654020933434
1790423772.968756,13.289689988596365
1790423772.9713652,5.21452899556607
1790423772.9718828,3.9870099863037467
1790423772.9725404,5.115686013596132
1790423772.9738555,2.479943010257557
1790423772.9739902,3.9045139856170863
1790423772.974695,2.0362889918033034
1790423772.994118,1.8637290049809963
1790423772.9954782,30.52727901376784
1790423772.9964027,27.634639001917094
1790423772.9971886,7.4477060115896165
1790423772.9973483,30.769131990382448
1790423772.9982662,1.7117399838753045
1790423773.00214,1.4233579859137535
1790423773.00777,1.4496789954137057
1790423773.0136063,23.15796201582998
1790423773.0142355,26.888906984822825
1790423773.014317,9.414628992090002
1790423773.018121,1.461171021219343
1790423773.0291934,23.535838001407683
1790423773.0294216,26.63101299549453
1790423773.0299954,3.1155910110101104
1790423773.030345,4.112937982426956
1790423773.0339758,1.5788369928486645
1790423773.0360484,1.6775430121924728
1790423773.03687,8.899614011170343
1790423773.0369616,26.054884016048163
1790423773.045404,2.500126982340589
1790423773.0457387,2.262476016767323
1790423773.0463088,1.95469701429829
1790423773.062954,1.5954169793985784
1790423773.0718005,18.270922999363393
1790423773.0719008,24.21611500903964
1790423773.0740569,27.532063017133623
1790423773.08147,2.2374849941115826
1790423773.0820007,1.969182980246842
1790423773.092993,27.12905898806639
1790423773.0931408,6.276817002799362
1790423773.0970747,2.492316998541355
1790423773.0980551,1.9012489938177168
1790423773.0981266,2.5229909806512296
1790423773.099475,26.917766022961587
1790423773.1003423,32.81197199248709
1790423773.1008656,2.442730008624494
1790423773.1009326,9.329521999461576
1790423773.1140442,4.083903011633083
1790423773.114607,3.7274740170687437
1790423773.1147401,4.856328014284372
1790423773.1151125,2.7461709978524595
1790423773.1160662,2.0129320037085563
1790423773.1169238,1.2142009800300002
1790423773.1213064,1.7939409881364554
1790423773.1236749,1.2958230217918754
1790423773.1419337,1.817190001020208
1790423773.1443727,25.292028003605083
1790423773.1445491,17.302488995483145
1790423773.1454031,2.2362619929481298
1790423773.1538203,1.8869659979827702
1790423773.156903,17.668360989773646
1790423773.1570857,26.459876011358574
1790423773.1579742,3.5318820155225694
1790423773.1747434,30.121677002171054
1790423773.1756713,20.518741017440334
1790423773.1764503,2.4894069938454777
1790423773.1765804,16.95382597972639
1790423773.1789467,31.857485009822994
1790423773.1800401,5.054306995589286
1790423773.1811507,2.112599991960451
1790423773.1853228,1.635068008909002
1790423773.190036,20.466858986765146
1790423773.1905673,34.186723991297185
1790423773.191847,14.595802000258118
1790423773.1920555,4.455921007320285
1790423773.2001922,27.524474018719047
1790423773.2004757,22.055514011299238
1790423773.2007234,12.156287004472688
1790423773.2013018,37.311502994270995
1790423773.2028797,2.144197002053261
1790423773.2049413,2.922093990491703
1790423773.2100372,2.3848599812481552
1790423773.2110214,1.592507993336767
1790423773.2195172,33.54715398745611
1790423773.2201846,22.921196999959648
1790423773.221141,18.082905997289345
1790423773.2212505,8.874903985997662
1790423773.222216,2.0206589833833277
1790423773.224345,33.764597988920286
1790423773.2256844,9.3918280035723
1790423773.2257998,26.95261500775814
1790423773.225885,21.560542023507878
1790423773.226518,3.391172009287402
1790423773.2316358,1.5937640273477882
1790423773.2440884,3.5376769956201315
1790423773.2462826,3.644331998657435
1790423773.2472072,2.207148994784802
1790423773.2514548,27.53287402447313
1790423773.2520113,10.753359994851053
1790423773.2520957,6.403260980732739
1790423773.2563145,1.3408259837888181
1790423773.2585196,1.4715509896632284
1790423773.2657137,23.87246600119397
1790423773.2660584,26.08847399824299
1790423773.2663424,18.12332501867786
1790423773.2664058,2.9402300133369863
1790423773.2695897,15.719552000518888
1790423773.2696626,25.475043978076428
1790423773.2724257,1.239929988514632
1790423773.2847214,1.717051985906437
1790423773.2934742,2.6834449963644147
1790423773.2966092,17.498785018688068
1790423773.3008645,27.69796398933977
1790423773.3011286,14.824958983808756
1790423773.3013926,9.990933001972735
1790423773.3015263,3.007981984410435
1790423773.302152,2.7950209914706647
1790423773.3060906,24.464477988658473
1790423773.3083055,25.85045699379407
1790423773.308475,20.23499200004153
1790423773.3085485,11.273437005002052
1790423773.3087604,16.643813985865563
1790423773.3088298,28.93973997561261
1790423773.308938,22.11293001892045
1790423773.3090293,31.724190019303933
1790423773.3091114,6.305743008852005
1790423773.3128576,1.3162210234440863
1790423773.319654,1.5825290174689144
1790423773.321338,1.4827800041530281
1790423773.3240068,2.231385005870834
1790423773.3270574,3.595262998715043
1790423773.3288298,4.605656024068594
1790423773.3289623,4.107285989448428
1790423773.3298993,3.503310988890007
1790423773.330674,2.613450982607901
1790423773.330743,1.7718529852572829
1790423773.3333898,1.3008539972361177
1790423773.334455,19.37306599575095
1790423773.3351176,25.177178002195433
1790423773.3354383,9.976050001569092
1790423773.3355205,12.854049011366442
1790423773.335987,5.124390998389572
1790423773.3379936,1.3276170066092163
1790423773.3402889,1.4414690085686743
1790423773.3456728,1.281636010389775
1790423773.348724,1.5259099891409278
1790423773.3489978,1.3334350078366697
1790423773.3514197,1.4478209777735174
1790423773.3536305,1.2628489930648357
1790423773.3578317,1.6751920047681779
1790423773.3584263,1.2717900099232793
1790423773.3600125,1.3267110043670982
1790423773.369338,1.6402179899159819
1790423773.3704565,15.04918999853544
1790423773.371538,22.220987011678517
1790423773.3716552,4.019147017970681
1790423773.3723426,1.514308009063825
1790423773.373812,1.187804009532556
1790423773.3797042,1.5690750151406974
1790423773.3800948,1.4516579976771027
1790423773.3823388,2.165473997592926
1790423773.3824742,1.8759870145004243
1790423773.3850489,1.2449269997887313
1790423773.4021056,20.836234994931147
1790423773.4021847,10.625252994941548
1790423773.4065685,1.331736973952502
1790423773.4080162,1.2953249970450997
1790423773.410538,1.4173560193739831
1790423773.4139576,1.3528050039894879
1790423773.4189796,1.2218370102345943
1790423773.4237866,2.5494740111753345
1790423773.4238784,2.222496987087652
1790423773.4239519,1.78729702020064
1790423773.4267213,1.3630920147988945
1790423773.4322445,1.2449340138118714
1790423773.443443,1.6140209918376058
1790423773.44568,1.528359978692606
1790423773.4484942,1.6073280130513012
1790423773.4511757,21.68973398511298
1790423773.451269,5.406511016190052
1790423773.4567144,1.5752390027046204
1790423773.477444,1.8435639794915915
1790423773.4830608,1.7147090111393481
1790423773.4930716,25.929477997124195
1790423773.4951115,1.6498400073032826
1790423773.4982593,1.5193719882518053
1790423773.5009627,1.707118994090706
1790423773.5052137,1.6614810156170279
1790423773.5066051,2.299744024639949
1790423773.5092943,1.663848990574479
1790423773.5099263,1.53220200445503
1790423773.5120518,1.3305220054462552
1790423773.52291,24.395870976150036
1790423773.523044,17.346520005958155
1790423773.5235531,2.035217999946326
1790423773.554833,16.26593599212356
1790423773.5599432,36.33756597992033
1790423773.560496,19.10781199694611
1790423773.5613194,6.472253007814288
1790423773.5614688,33.92051599803381
1790423773.5701547,8.503374003339559
1790423773.5727284,39.80900699389167
1790423773.5781717,26.536626974120736
1790423773.5785725,57.59860700345598
1790423773.5792394,38.562089001061395
1790423773.5797136,23.79166000173427
1790423773.5841944,30.205936986021698
1790423773.5847528,26.587956002913415
1790423773.5854673,35.61529697617516
1790423773.5860255,6.207680009538308
1790423773.5861378,15.381964010884985
1790423773.5867984,15.085672988789156
1790423773.5901942,36.90174999064766
1790423773.590583,22.618051996687427
1790423773.5909276,34.10918600275181
1790423773.5910144,46.84670999995433
1790423773.5912654,16.360629990231246
1790423773.5945888,32.31327299727127
1790423773.594774,14.169519010465592
1790423773.6035466,4.006336006568745
1790423773.6065283,41.819894016953185
1790423773.606982,33.79251400474459
1790423773.607061,19.43814699188806
1790423773.6078398,7.254566997289658
1790423773.6079326,39.10564800025895
1790423773.6157386,2.065995999146253
1790423773.6160161,19.7450999985449
1790423773.6186488,26.95333000156097
1790423773.6197424,30.829029012238607
1790423773.6199224,18.230885994853452
1790423773.6200192,5.173065001145005
1790423773.6249032,22.41000600042753
1790423773.625096,31.30871499888599
1790423773.6251876,7.587572996271774
1790423773.6307032,19.899971986887977
1790423773.631156,10.91612598975189
1790423773.631237,30.23210901301354
1790423773.6440995,23.295434017200023
1790423773.6450598,28.977670008316636
1790423773.6513505,2.1777099755126983
1790423773.6629214,24.358698981814086
1790423773.6630328,33.38956800871529
1790423773.6631193,8.621391985798255
1790423773.666843,1.845514983870089
1790423773.6698482,26.501098996959627
1790423773.6706922,33.35548200993799
1790423773.6723354,5.096943001262844
1790423773.672432,25.66476201172918
1790423773.6725256,14.853457978460938
1790423773.6736093,12.843144999351352
1790423773.674871,2.124029997503385
1790423773.6795251,21.26285299891606
1790423773.6801646,2.8765909955836833
1790423773.6803253,11.403903976315632
1790423773.6804287,37.46206100913696
1790423773.6849837,4.238832014380023
1790423773.6856189,3.4942550119012594
1790423773.6864352,3.1454040145035833
1790423773.6870484,2.053069998510182
1790423773.6898835,34.10390400676988
1790423773.6905465,19.30752900079824
1790423773.6923864,10.846023011254147
1790423773.6944058,6.3329029944725335
1790423773.696942,3.9609119994565845
1790423773.698269,2.5961860083043575
1790423773.7039216,14.754613017430529
1790423773.7098045,13.291693991050124
1790423773.710155,20.04745398880914
1790423773.7132387,2.0578370022121817
1790423773.723046,32.43443599785678
1790423773.7235372,9.602888021618128
1790423773.724214,22.289423999609426
1790423773.7243166,32.40433699102141
1790423773.7244089,5.148489988641813
1790423773.7289045,2.1124100021552294
1790423773.733119,8.429178007645532
1790423773.733618,28.809262003051117
1790423773.734251,35.09072799351998
1790423773.735369,4.744692996609956
1790423773.7354603,2.8909199754707515
1790423773.7359045,2.2715349914506078
1790423773.7377217,1.8042949959635735
1790423773.7448783,1.730127987684682
1790423773.7492237,2.154909016098827
1790423773.7507656,2.5485239748377353
1790423773.759323,1.7374630260746926
1790423773.767691,2.3043699911795557
1790423773.7737012,5.710082012228668
1790423773.7738104,31.311516009736806
1790423773.7741892,24.220652994699776
1790423773.7779653,2.1501180017367005
1790423773.7789466,2.0829070126637816
1790423773.7882874,15.466774988453835
1790423773.7886393,30.277518992079422
1790423773.7887616,33.22237901738845
1790423773.7892156,17.84279601997696
1790423773.7892892,35.13704499346204
1790423773.789493,6.213791988557205
1790423773.790322,9.776907012565061
1790423773.8120906,15.184922027401626
1790423773.8125145,28.04885501973331
1790423773.812619,2.5829719961620867
1790423773.8158777,26.3357020157855
1790423773.8159606,12.514945992734283
1790423773.8229618,2.8940399934072047
1790423773.823054,2.3237490095198154
1790423773.829966,23.972858994966373
1790423773.8305862,30.661556986160576
1790423773.8306568,4.474914981983602
1790423773.8418663,1.9948529952671379
1790423773.852056,1.9949779962189496
1790423773.8555787,2.2234409989323467
1790423773.8565905,1.9717460090760142
1790423773.8582928,1.3818400038871914
1790423773.861461,1.3913260190747678
1790423773.8646395,1.3751079968642443
1790423773.8678849,1.2795499933417886
1790423773.8712814,1.5832130156923085
1790423773.8718371,1.4837959897704422
1790423773.8733351,1.3021700142417103
1790423773.8755436,1.4241480093915015
1790423773.8762143,1.3253320066723973
1790423773.887405,1.6393600089941174
1790423773.8972573,1.4047650038264692
1790423773.9178722,2.1118069998919964
1790423773.9252012,1.6850770043674856
1790423773.9270623,4.165527003351599
1790423773.9271512,24.07739098998718
1790423773.9297385,1.78307099849917
1790423773.9350855,1.6120270011015236
1790423773.9356244,1.5160839830059558
1790423773.9427736,1.3352300156839192
1790423773.9459367,1.278308016480878
1790423773.951095,2.6296889991499484
1790423773.951984,2.4868080217856914
1790423773.9520478,1.706031005596742
1790423773.95368,1.3379190058913082
1790423773.9542115,1.224799983901903
1790423773.9574337,1.7284629866480827
1790423773.9588509,1.2606189993675798
1790423773.9606776,1.551933994051069
1790423773.9620857,2.1848760079592466
1790423773.9661915,1.7758420144673437
1790423773.9770977,2.9851850122213364
1790423773.9773512,21.182840020628646
1790423773.9786522,3.3661169873084873
1790423773.9798865,2.3081319814082235
1790423773.9806416,1.7613489762879908
1790423773.9841778,29.471214016666636
1790423773.9843833,7.78322500991635
1790423773.9844785,2.5913610006682575
1790423773.98455,23.114112991606817
1790423773.9890974,1.3333829992916435
1790423773.994905,1.575284986756742
1790423774.0053978,1.5437630063388497
1790423774.0164547,1.4266640064306557
1790423774.021905,26.58723297645338
1790423774.0226073,1.5053320094011724
1790423774.0252125,1.2986910005565733
1790423774.0272868,1.2388670002110302
1790423774.0311964,1.3363189937081188
1790423774.034445,1.366931974189356
1790423774.04179,1.3471510028466582
1790423774.0472476,1.4548320032190531
1790423774.050178,1.7014609766192734
1790423774.0540445,3.09028901392594
1790423774.058115,1.4758770121261477
1790423774.0615122,1.6226019943132997
1790423774.0647333,22.684499010210857
1790423774.0648315,13.257421989692375
1790423774.0668163,27.858876972459257
1790423774.0669563,4.2842399852816015
1790423774.0695498,3.3277010079473257
1790423774.0710897,3.7812069931533188
1790423774.0714288,3.1619190122000873
1790423774.0778823,24.48126900708303
1790423774.080974,15.318294987082481
1790423774.0815346,29.340712004341185
1790423774.0816388,12.078408995876089
1790423774.0820093,2.0514999923761934
1790423774.0886571,2.990275010233745
1790423774.09506,3.209393995348364
1790423774.0960524,18.04250301211141
1790423774.0976455,1.409488992067054
1790423774.1019597,26.481108012376353
1790423774.1028733,10.148856992600486
1790423774.1031985,35.4635099938605
1790423774.1032932,17.01305599999614
1790423774.1033628,5.378495989134535
1790423774.1048775,11.550330003956333
1790423774.1054397,17.353573988657445
1790423774.1055174,32.30853701825254
1790423774.10559,7.071847998304293
1790423774.1137474,1.3707670150324702
1790423774.1150591,26.078407012391835
1790423774.1159966,22.083486983319744
1790423774.1160746,5.881650984520093
1790423774.1161346,31.0497609898448
1790423774.1175032,1.2727519788313657
1790423774.1258576,1.3719609996769577
1790423774.133978,1.798434997908771
1790423774.1348648,1.6361679881811142
1790423774.1393034,2.1158289746381342
1790423774.1394265,1.6917299944907427
1790423774.146235,1.6494079900439829
1790423774.1468575,1.4261920005083084
1790423774.15755,19.354072981514037
1790423774.1576655,23.608096002135426
1790423774.158572,1.7043219995684922
1790423774.1636026,26.967474987031892
1790423774.1637256,27.647854993119836
1790423774.1638958,22.405056981369853
1790423774.1662576,2.347531000850722
1790423774.1738527,1.6405329806730151
1790423774.1850555,26.321306999307126
1790423774.1851645,20.690339006250724
1790423774.187839,1.510414993390441
1790423774.1905792,25.511888990877196
1790423774.190679,28.658185998210683
1790423774.192644,1.8472130177542567
1790423774.204315,1.571479981066659
1790423774.2056136,2.2629860031884164
1790423774.205696,7.741491979686543
1790423774.2057698,28.499095991719514
1790423774.208913,29.003253002883866
1790423774.210007,3.3606989891268313
1790423774.2107294,25.166762992739677
1790423774.2110848,9.172966005280614
1790423774.211457,4.067589004989713
1790423774.2120945,2.0770159899257123
1790423774.212159,3.196327976183966
1790423774.2152922,1.2540729949250817
1790423774.217952,1.2046860065311193
1790423774.2191124,1.1527450114954263
1790423774.2226486,1.6075169842224568
1790423774.2241898,1.2328409939073026
1790423774.2258925,1.158933009719476
1790423774.2400255,3.659137000795454
1790423774.2453032,7.598530006362125
1790423774.2454991,6.810368999140337
1790423774.246983,3.0003630090504885
1790423774.2620025,21.96616999572143
1790423774.2625182,29.269726015627384
1790423774.263035,18.408900999929756
1790423774.263944,3.0329620058182627
1790423774.264075,34.070767025696114
1790423774.2673635,4.31610198575072
1790423774.2674727,2.011142991250381
1790423774.268489,25.094996992265806
1790423774.2694845,29.05116099282168
1790423774.2715158,3.7352170038502663
1790423774.2734036,3.000176977366209
1790423774.2750714,2.4209149996750057
1790423774.2751448,10.388527996838093
1790423774.2758062,34.05981601099484
1790423774.2770977,17.870365001726896
1790423774.2773356,30.34016099991277
1790423774.2774503,13.149981998139992
1790423774.2777689,8.273310988442972
1790423774.2778354,38.751703017624095
1790423774.2779677,10.097658989252523
1790423774.2787888,2.256830019177869
1790423774.2806861,1.672651997068897
1790423774.2890267,1.4583590091206133
1790423774.2916472,1.4368910051416606
1790423774.2982924,26.59821999259293
1790423774.2984223,2.5846360076684505
1790423774.298526,13.62464900012128
1790423774.3011057,1.5090729866642505
1790423774.30552,3.1529419939033687
1790423774.306261,2.1055609977338463
1790423774.311072,24.98561897664331
1790423774.311454,26.015330979134887
1790423774.3119707,7.382377982139587
1790423774.312042,15.491228987229988
1790423774.3256621,1.920090988278389
1790423774.3267164,2.053578005870804
1790423774.3274894,1.6329770151060075
1790423774.3307986,27.427791006630287
1790423774.3308895,13.044032995821908
1790423774.334915,1.3122929958626628
1790423774.3368993,1.7198840214405209
1790423774.337584,1.8905889883171767
1790423774.3385408,1.6299249837175012
1790423774.34408,2.904290013248101
1790423774.3442872,3.57641201117076
1790423774.3456535,2.232703991467133
1790423774.3504467,3.515717980917543
1790423774.3513415,3.846203995635733
1790423774.3571734,1.682339992839843
1790423774.3592196,1.8827430030796677
1790423774.365465,2.3886089911684394
1790423774.3704073,2.5408120127394795
1790423774.3769631,22.816384996986017
1790423774.3783271,30.053959984797984
1790423774.37857,9.145743009867147
1790423774.378728,20.752525015268475
1790423774.3788207,36.72172001097351
1790423774.3826628,1.8495380063541234
1790423774.3832457,1.6399000014644116
1790423774.3850307,25.13231898774393
1790423774.385658,36.63046899600886
1790423774.3857253,9.64887801092118
1790423774.3930159,1.9625780114438385
1790423774.3949425,30.439060006756335
1790423774.3958316,15.686011989600956
1790423774.3959453,3.8499309739563614
1790423774.4273937,21.50008999160491
1790423774.4278102,30.030486988835037
1790423774.4279187,17.69656199030578
1790423774.429059,26.715757994679734
1790423774.4293928,31.85853801551275
1790423774.4309773,2.735166985075921
1790423774.431115,21.518816996831447
1790423774.4311903,16.483546991366893
1790423774.4356995,26.74365899292752
1790423774.4401317,32.08666999125853
1790423774.441392,29.523578006774187
1790423774.4418802,35.40035799960606
1790423774.4419527,10.597321001114324
1790423774.4420183,28.253694996237755
1790423774.442229,10.443042003316805
1790423774.4423327,34.964427002705634
1790423774.4432948,1.8926859775092453
1790423774.4438748,1.3878820172976702
1790423774.4472253,1.1637669813353568
1790423774.4515336,1.4052719925530255
1790423774.4537282,1.3205980067141354
1790423774.4571085,1.3620940153487027
1790423774.457903,1.3774720137007535
1790423774.4680412,1.985067006899044
1790423774.4755187,3.9625230128876865
1790423774.4772198,3.696379979373887
1790423774.4774008,4.536870983429253
1790423774.4845052,17.26582899573259
1790423774.4866853,1.8374100036453456
1790423774.4875507,12.017865985399112
1790423774.487674,28.03995000431314
1790423774.4909208,1.7053599876817316
1790423774.5076573,27.73685599095188
1790423774.508862,31.44966799300164
1790423774.5101552,38.00190699985251
1790423774.5109253,19.381897000130266
1790423774.511066,36.259813990909606
1790423774.51114,17.41606101859361
1790423774.5176094,2.7294049796182662
1790423774.5187702,2.539676002925262
1790423774.5219603,1.812709990190342
1790423774.522043,2.5277950044255704
1790423774.524064,23.927528993226588
1790423774.5244787,7.357024995144457
1790423774.5256743,37.17158699873835
1790423774.5262914,2.6756770093925297
1790423774.5339153,1.953305007191375
1790423774.53421,22.220518003450707
1790423774.5346735,10.183449019677937
1790423774.5348065,36.11896600341424
1790423774.534886,15.972553985193372
1790423774.5372577,1.6130309959407896
1790423774.5385733,1.3059600023552775
1790423774.5428915,2.0568800100591034
1790423774.5439851,1.6473449941258878
1790423774.5499985,18.92983098514378
1790423774.550598,2.469799015671015
1790423774.550691,25.50866099772975
1790423774.5507522,10.40780302719213
1790423774.554786,1.7683829937595874
1790423774.5556495,1.5311280149035156
1790423774.5681062,1.5636580064892769
1790423774.5714803,1.7057099903468043
1790423774.5791492,24.15318400016986
1790423774.5792315,8.509538980433717
1790423774.585567,25.963237014366314
1790423774.5857008,7.825476001016796
1790423774.585769,27.46468101395294
1790423774.5943434,14.052526996238157
1790423774.594434,25.758375006262213
1790423774.6126597,7.061474985675886
1790423774.6127367,23.035794991301373
1790423774.614617,1.6011309926398098
1790423774.6164925,2.532348007662222
1790423774.6183836,2.6163950096815825
1790423774.6203847,5.430276010883972
1790423774.6204717,3.0598750163335353
1790423774.6215158,2.556342020398006
1790423774.6235428,1.878502982435748
1790423774.6256187,2.063441992504522
1790423774.6371336,1.7489400051999837
1790423774.6389866,1.448688009986654
1790423774.6477625,1.8660089990589768
1790423774.6516006,34.842984983697534
1790423774.6537025,29.064711998216808
1790423774.653968,32.94371798983775
1790423774.6544604,19.77915602037683
1790423774.6551938,15.903361985692754
1790423774.655872,11.323780985549092
1790423774.656571,6.163681973703206
1790423774.6566541,7.418071007123217
1790423774.6623197,2.1155650028958917
1790423774.6656368,2.106222993461415
1790423774.6788776,1.784349005902186
1790423774.6808593,35.632219980470836
1790423774.680956,28.827831003582105
1790423774.681556,37.68907400080934
1790423774.6816506,10.779948002891615
1790423774.681737,2.834954997524619
1790423774.6820724,27.6008719811216
1790423774.6833398,9.273562987800688
1790423774.6834252,33.141941006761044
1790423774.686045,1.5710589941591024
1790423774.6952975,2.497590990969911
1790423774.7178876,23.496531997807324
1790423774.7245517,15.496585983783007
1790423774.725842,32.600671984255314
1790423774.7267277,6.21647501247935
1790423774.7273998,31.269318016711622
1790423774.7278981,14.004806987941265
1790423774.7280033,3.7868939980398864
1790423774.7355714,20.81887298845686
1790423774.7356696,34.49308400740847
1790423774.7382152,47.075309994397685
1790423774.7460093,17.004752007778734
1790423774.748577,37.302983982954174
1790423774.749057,29.29311100160703
1790423774.7495506,17.58523701573722
1790423774.749716,4.702061996795237
1790423774.7551906,21.877721999771893
1790423774.7561088,30.734454980120063
1790423774.7561734,4.696229996625334
1790423774.7579303,16.8210229894612
1790423774.7645464,34.07065899227746
1790423774.7647648,20.636546978494152
1790423774.7648616,12.238272000104189
1790423774.7649353,8.646525006042793
1790423774.7650585,31.1291640100535
1790423774.7653434,3.039561997866258
1790423774.7688692,2.6672759850043803
1790423774.7693183,2.471518993843347
1790423774.7702448,2.444794023176655
1790423774.7828414,2.0362730138003826
1790423774.7832608,1.8854369991458952
1790423774.7907941,19.87417001510039
1790423774.790897,25.33880199189298
1790423774.7932196,1.5618010074831545
1790423774.797949,19.164582015946507
1790423774.7980723,29.62919999845326
1790423774.7981544,5.7303930225316435
1790423774.804998,2.653231000294909
1790423774.8051193,2.1896430116612464
1790423774.8058665,1.8636239983607084
1790423774.813558,1.7644139879848808
1790423774.815756,2.1861830027773976
1790423774.815816,1.7685730126686394
1790423774.8188117,20.46947297640145
1790423774.821116,14.091577002545819
1790423774.8211842,27.769631997216493
1790423774.826058,1.3698519906029105
1790423774.8267086,1.5796770167071372
1790423774.8273249,1.2495400151237845
1790423774.8310468,1.1849590227939188
1790423774.843509,4.060003004269674
1790423774.866411,24.382947012782097
1790423774.870168,42.68102999776602
1790423774.8735337,28.720435977447778
1790423774.8738916,24.124481016770005
1790423774.875454,36.68775301775895
1790423774.8758194,17.998203984461725
1790423774.876232,35.40046600392088
1790423774.8818963,33.796085976064205
1790423774.883383,34.28819900727831
1790423774.88372,21.86100001563318
1790423774.8838644,9.136568987742066
1790423774.884377,37.76403100346215
1790423774.884968,34.61489698383957
1790423774.885814,9.573300980264321
1790423774.8860207,44.59643698646687
1790423774.8863697,35.41825199499726
1790423774.8864625,51.76999999093823
1790423774.88655,33.61382300499827
1790423774.8871427,39.812394010368735
1790423774.8875334,24.92538097430952
1790423774.8881507,5.557034979574382
1790423774.888305,10.593850980512798
1790423774.888695,4.306817980250344
1790423774.8953447,28.727344993967563
1790423774.8955588,38.8799520151224
1790423774.8956752,14.346152020152658
1790423774.895975,5.090029997518286
1790423774.8973806,15.473181003471836
1790423774.8981106,1.52667798101902
1790423774.9017096,2.4114980187732726
1790423774.908765,31.179000972770154
1790423774.9093854,17.839242005720735
1790423774.909465,9.484019014053047
1790423774.9136956,1.5844489971641451
1790423774.9183533,25.77883200137876
1790423774.9192507,18.71259300969541
1790423774.9193664,29.527502018027008
1790423774.9251955,2.6123439893126488
1790423774.9260426,2.402857004199177
1790423774.928389,1.4939190004952252
1790423774.9316783,1.3707969919778407
1790423774.9328172,22.40873998380266
1790423774.934188,9.50121000641957
1790423774.9343326,30.86145900306292
1790423774.9353516,2.4198390019591898
1790423774.9456773,19.31719499407336
1790423774.9465518,27.796231006504968
1790423774.9469643,4.842822003411129
1790423774.9494646,3.9124460017774254
1790423774.9521759,7.385502016404644
1790423774.9524322,4.029764997540042
1790423774.952531,5.557041993597522
1790423774.9525988,3.114517021458596
1790423774.9559534,1.6646419826429337
1790423774.9610531,17.33891200274229
1790423774.9630902,28.64590799435973
1790423774.9631565,15.238080988638103
1790423774.9634259,7.4620110099203885
1790423774.964253,2.7592009864747524
1790423774.9645584,2.187106991186738
1790423774.9779,1.8270799773745239
1790423774.9801784,25.280097994254902
1790423774.980468,20.666978001827374
1790423774.9805417,2.284335991134867
1790423774.9894176,1.516057993285358
1790423774.990828,8.929320989409462
1790423774.9908946,23.521674011135474
1790423774.9931886,1.457651989767328
1790423774.9940357,1.5114919806364924
1790423774.9960463,1.1559590057004243
1790423775.0017524,1.2618479959201068
1790423775.0107622,1.4567440084647387
1790423775.0142226,1.2385779991745949
1790423775.0193799,2.4223259824793786
1790423775.0211065,1.7179760034196079
1790423775.0229104,1.2048420030623674
1790423775.024778,1.370443991618231
1790423775.0315387,1.4989699993748218
1790423775.0341046,1.6812410030979663
1790423775.041116,1.33401999482885
1790423775.0426357,15.777259977767244
1790423775.042929,24.015756993321702
1790423775.0430546,9.789169998839498
1790423775.0431194,25.07168400916271
1790423775.0452065,1.3423670025076717
1790423775.050685,1.8635690212249756
1790423775.052366,24.032254004850984
1790423775.0524776,17.32193402131088
1790423775.0525398,26.692957995692268
1790423775.0571532,1.2289320002309978
1790423775.0626235,1.5173470019362867
1790423775.0640168,1.3825979840476066
1790423775.0688643,1.3175059866625816
1790423775.0723002,1.174726989120245
1790423775.0778584,2.2974530002102256
1790423775.0790553,1.5654710005037487
1790423775.0801904,19.470504019409418
1790423775.0808244,22.68135000485927
1790423775.0809164,11.635757982730865
1790423775.0824776,1.4460120000876486
1790423775.1060672,21.29767299629748
1790423775.1064603,32.07605198258534
1790423775.1065702,2.3634319950360805
1790423775.1072528,30.309229012345895
1790423775.1073487,19.814633997157216
1790423775.1107836,2.1306389826349914
1790423775.1177142,2.8740160050801933
1790423775.1185465,2.002563007408753
1790423775.122965,25.98928101360798
1790423775.1234689,33.38163299486041
1790423775.1245122,4.968825989635661
1790423775.1256285,16.307083977153525
1790423775.1258793,27.92308302014135
1790423775.1264071,14.747984998393804
1790423775.1266382,5.207666981732473
1790423775.12672,34.75068497937173
1790423775.12934,1.872185996035114
1790423775.130624,2.183659002184868
1790423775.1316197,1.4917649968992919
1790423775.1353188,2.7110490191262215
1790423775.1371057,2.7911040233448148
1790423775.1372483,2.4603050260338932
1790423775.138742,1.4839619980193675
1790423775.139708,1.6798530123196542
1790423775.1453125,13.175333995604888
1790423775.145474,20.368165976833552
1790423775.146279,10.755480994703248
1790423775.1465058,30.594462004955858
1790423775.1475947,3.931249986635521
1790423775.1477053,2.001674991333857
1790423775.1477807,4.337791993748397
1790423775.150634,2.233220002381131
1790423775.151375,1.657413988141343
1790423775.1564727,1.4833899913355708
1790423775.1639302,1.4202010061126202
1790423775.165271,1.3316470140125602
1790423775.1690028,2.2271530178841203
1790423775.1706991,2.6804770168382674
1790423775.170985,3.8118980010040104
1790423775.171484,2.3631159856449813
1790423775.1718628,1.602983014890924
1790423775.174082,1.1951799970120192
1790423775.1772773,1.4281589828897268
1790423775.17817,1.5389460022561252
1790423775.1865914,1.578321011038497
1790423775.190077,1.4120590058155358
1790423775.1916611,1.4406440022867173
1790423775.1952507,1.21545500587672
1790423775.1992717,1.4493350172415376
1790423775.203206,1.4386709954123944
1790423775.2123544,1.8852539942599833
1790423775.2185953,26.039981021312997
1790423775.2186978,10.988016001647338
1790423775.2228832,13.936372997704893
1790423775.2235231,27.82459300942719
1790423775.2238045,2.920335013186559
1790423775.2238767,1.961495989235118
1790423775.2267036,1.9494369917083532
1790423775.2279391,1.8448590126354247
1790423775.2282648,1.5499680011998862
1790423775.231862,1.6264180012512952
1790423775.2388287,2.0291529945097864
1790423775.2394512,1.484003005316481
1790423775.2432969,1.2981339823454618
1790423775.2468963,1.3940439966972917
1790423775.256171,1.5210380079224706
1790423775.2580848,1.3558229838963598
1790423775.2622178,1.3910370180383325
1790423775.2748172,2.0797699980903417
1790423775.2807856,2.0943760173395276
1790423775.2875988,2.0873180183116347
1790423775.2877872,2.810067991958931
1790423775.2882626,2.1229159901849926
1790423775.3023498,21.372782997787
1790423775.3039398,29.96583399362862
1790423775.3040361,11.148368997965008
1790423775.3072622,1.6188659938052297
1790423775.307612,1.4933719940017909
1790423775.3132858,1.6123740060720593
1790423775.3184874,1.8350720056332648
1790423775.3194888,22.49409700743854
1790423775.3196518,5.914323992328718
1790423775.3197424,16.706455004168674
1790423775.328135,1.871405023848638
1790423775.3287373,1.675125997280702
1790423775.3331103,1.5798909880686551
1790423775.3353193,26.386863028164953
1790423775.3354504,19.731258013052866
1790423775.335662,6.325309019302949
1790423775.3362076,2.389600995229557
1790423775.3385763,1.3844450004398823
1790423775.3418903,1.6310809878632426
1790423775.3426197,1.4396950136870146
1790423775.343841,1.2134159915149212
1790423775.358902,1.5600890037603676
1790423775.3660405,1.7089989851228893
1790423775.375923,1.6517710173502564
1790423775.3789632,1.4398309867829084
1790423775.384141,25.191205000737682
1790423775.3849618,4.986351996194571
1790423775.3850498,12.26160500664264
1790423775.3864522,12.979377002920955
1790423775.3865302,26.06438600923866
1790423775.3890772,1.3882899947930127
1790423775.3942654,1.3889459951315075
1790423775.3964062,1.4531189808622003
1790423775.3973293,1.6237300005741417
1790423775.399072,1.5111200045794249
1790423775.3994052,1.4272209955379367
1790423775.4018192,1.8240930221509188
1790423775.4153316,28.141481016064063
1790423775.4156363,19.013965997146443
1790423775.4168892,14.025067997863516
1790423775.4172866,27.2414060018491
1790423775.4174109,4.329646995756775
1790423775.4185712,3.9268130203709006
1790423775.419476,3.3965270267799497
1790423775.4210038,2.422605990432203
1790423775.4218812,1.546621002489701
1790423775.4290607,2.7981390012428164
1790423775.4291966,11.315306008327752
1790423775.4293602,28.638338000746444
1790423775.4295368,24.130570993293077
1790423775.4302795,2.9311850084923208
1790423775.4343145,1.7722999909892678
1790423775.4372797,3.8226379838306457
1790423775.4385176,3.0045869934838265
1790423775.4389267,2.994859009049833
1790423775.439037,4.385590000310913
1790423775.4405284,3.3525490143802017
1790423775.4410574,2.5317679974250495
1790423775.4413822,2.0514669886324555
1790423775.4416108,1.6212239861488342
1790423775.4500391,2.006449009058997
1790423775.4518974,1.2522980105131865
1790423775.4578788,1.5380519907921553
1790423775.4730864,13.67660699179396
1790423775.4732482,24.775438010692596
1790423775.4757202,1.650093006901443
1790423775.4809234,12.766736006597057
1790423775.4860854,20.375237974803895
1790423775.487435,32.28264697827399
1790423775.4880753,7.138091023080051
1790423775.4881666,12.422333005815744
1790423775.4899137,3.653631982160732
1790423775.5000854,27.992224000627175
1790423775.5019083,24.655108019942418
1790423775.50421,35.4055629868526
1790423775.5054567,23.944254004163668
1790423775.505855,26.80680001503788
1790423775.5060563,18.545503000495955
1790423775.506181,8.110775001114234
1790423775.5074027,9.903163008857518
1790423775.5085561,30.286665976746008
1790423775.508855,38.00631998456083
1790423775.5089846,25.680141989141703
1790423775.5104463,27.79210399603471
1790423775.5113857,23.003915994195268
1790423775.5117016,12.24946798174642
1790423775.512346,2.7614239952526987
1790423775.5153792,18.566789978649467
1790423775.5168881,15.124441008083522
1790423775.5169857,40.49108599429019
1790423775.5170677,6.61110901273787
1790423775.5186446,1.3948309933766723
1790423775.5249972,1.5815979859326035
1790423775.5271363,32.10581300663762
1790423775.5277104,25.196579983457923
1790423775.5278013,14.08526801969856
1790423775.5291781,1.263574988115579
1790423775.535273,28.89897901332006
1790423775.5361874,21.424439997645095
1790423775.536301,32.08100900519639
1790423775.536799,3.798165009357035
1790423775.5384338,1.4991509960964322
1790423775.5387125,2.3394940071739256
1790423775.5432067,1.6301839787047356
1790423775.5488427,1.4252059918362647
1790423775.565553,23.032433004118502
1790423775.5656435,9.441944974241778
1790423775.5722013,1.4720610051881522
1790423775.5728333,1.4363109949044883
1790423775.5778055,1.4169430069159716
1790423775.5811055,12.416970974300057
1790423775.5831332,1.4824790123384446
1790423775.5870516,21.10731299035251
1790423775.5871341,14.29148399620317
1790423775.5872064,24.448758020298555
1790423775.5888946,1.3249199837446213
1790423775.5981975,24.264924024464563
1790423775.598548,5.017064017010853
1790423775.5986407,29.531217005569488
1790423775.603593,25.151295005343854
1790423775.6071246,1.5368610038422048
1790423775.6129465,1.4473700139205903
1790423775.6165257,2.120644989190623
1790423775.61805,1.5146509977057576
1790423775.6209934,11.082324024755508
1790423775.6210852,25.998998986324295
1790423775.6276877,4.1507350106257945
1790423775.6290672,2.059054997516796
1790423775.6337743,3.136640996672213
1790423775.636093,1.7621470033191144
1790423775.6497424,4.339581006206572
1790423775.6523807,27.649907977320254
1790423775.6537027,7.774213998345658
1790423775.6562095,24.72488602506928
1790423775.656308,40.336867998121306
1790423775.6572142,21.00286999484524
1790423775.6577363,25.00578301260248
1790423775.660922,35.23678798228502
1790423775.661675,29.539352981373668
1790423775.665477,36.32650800864212
1790423775.6685627,44.38798100454733
1790423775.6688879,31.973839009879157
1790423775.672272,27.59434300241992
1790423775.6724863,20.09162399917841
1790423775.6794755,32.69266299321316
1790423775.6804671,23.24047702131793
1790423775.685187,25.769180996576324
1790423775.6864452,19.66835997882299
1790423775.6891272,40.135797986295074
1790423775.6900191,23.97648899932392
1790423775.6908042,7.063039025524631
1790423775.6917415,16.76326198503375
1790423775.6934392,15.451419982127845
1790423775.6955378,24.673855979926884
1790423775.698861,35.90428500319831
1790423775.699234,49.47741900105029
1790423775.6995254,27.74203900480643
1790423775.7006845,17.483419011114165
1790423775.7023308,23.7816619919613
1790423775.7025726,11.755429994082078
1790423775.703112,16.29545199102722
1790423775.7033336,45.118809008272365
1790423775.7035313,48.39335000724532
1790423775.7049236,4.74171998212114
1790423775.7050636,2.48019298305735
1790423775.707818,54.70962502295151
1790423775.7201018,28.346222010441124
1790423775.7236762,35.54807699401863
1790423775.7237809,11.545157001819462
1790423775.724689,35.548157000448555
1790423775.7249613,39.30386799038388
1790423775.7255445,27.796752023277804
1790423775.7256358,8.44917498761788
1790423775.7311382,11.923576006665826
1790423775.731206,26.79572399938479
1790423775.733936,25.47702399897389
1790423775.7340162,12.489435990573838
1790423775.7388453,1.5856669924687594
1790423775.7444808,1.3831050018779933
1790423775.7466135,1.4561960124410689
1790423775.747262,1.3464410149026662
1790423775.7553403,1.5329900197684765
1790423775.759397,1.3924599916208535
1790423775.7607372,1.3316910190042108
1790423775.7660985,1.7533150094095618
1790423775.7729988,1.3488940021488816
1790423775.7760754,1.447654009098187
1790423775.776792,1.5506719937548041
1790423775.7877483,19.00305598974228
1790423775.7880287,22.657626017462462
1790423775.7884402,7.684293988859281
1790423775.7940462,1.5498500142712146
1790423775.7987492,1.7254780104849488
1790423775.8054624,1.6258800169453025
1790423775.8121693,2.3084690037649125
1790423775.8126104,28.32900799694471
1790423775.8133104,21.334368997486308
1790423775.813393,11.923006997676566
1790423775.8137898,11.879072000738233
1790423775.813902,25.450176995946094
1790423775.8139784,28.951580985449255
1790423775.8177278,1.5598160098306835
1790423775.818363,1.2919309956487268
1790423775.8206167,2.245665993541479
1790423775.8213508,2.1148810046724975
1790423775.8214228,1.8262260127812624
1790423775.8264759,1.265414000954479
1790423775.8281085,1.268215011805296
1790423775.8313582,1.4255560236051679
1790423775.8359795,1.4432439929805696
1790423775.8373518,2.139346004696563
1790423775.8389964,1.6345189942512661
1790423775.8395166,1.4166820037644356
1790423775.8429904,1.157943974249065
1790423775.847002,1.258584001334384
1790423775.851134,1.2604799994733185
1790423775.8651767,29.084624984534457
1790423775.87556,30.37838698946871
1790423775.8967583,59.99260299722664
1790423775.8982189,34.52040001866408
1790423775.8983147,24.386695004068315
1790423775.8992093,8.351327007403597
1790423775.8993173,44.54581800382584
1790423775.8993943,21.000383014325052
1790423775.902731,43.68333099409938
1790423775.9052746,57.20386898610741
1790423775.9058998,39.786090987036005
1790423775.9073174,24.133767001330853
1790423775.9074268,50.91701899073087
1790423775.9075146,15.380003984319046
1790423775.90964,57.13337901397608
1790423775.9137242,38.98165898863226
1790423775.9179637,65.04647401743568
1790423775.918886,33.97054999368265
1790423775.9190085,23.13993900315836
1790423775.9193256,35.560193995479494
1790423775.9194522,24.110293976264074
1790423775.9195428,29.253727989271283
1790423775.9198108,43.52648102212697
1790423775.9228609,1.5801220142748207
1790423775.9257631,1.9290780182927847
1790423775.9285872,3.320548014016822
1790423775.9322248,4.887893999693915
1790423775.9326942,4.561839014058933
1790423775.9328113,4.121478006709367
1790423775.9336796,1.8960880115628242
1790423775.939312,29.574358981335536
1790423775.9394345,4.1159429820254445
1790423775.940327,31.513766007265076
1790423775.9404056,11.07103901449591
1790423775.9414778,4.196194000542164
1790423775.9416022,15.138808987103403
1790423775.9433696,6.932949007023126
1790423775.944947,2.232945989817381
1790423775.9450202,3.1474719871766865
1790423775.9467025,1.3261900166980922
1790423775.9639046,23.070068011293188
1790423775.9640627,25.56237400858663
1790423775.9641504,14.59015198634006
1790423775.9683347,2.3378279875032604
1790423775.9684424,24.98142799595371
1790423775.968519,7.5884939869865775
1790423775.9729724,1.4311380218714476
1790423775.9749105,1.6832980036269873
1790423775.9752944,1.5623399813193828
1790423775.978504,1.6402199980802834
1790423775.983277,3.7606519763357937
1790423775.9833539,2.7050570060964674
1790423775.986087,1.7425969999749213
1790423775.9863677,1.443318004021421
1790423775.997688,3.409294004086405
1790423775.998179,2.9901379893999547
1790423776.0020685,1.4880940143484622
1790423776.0040436,28.737890999764204
1790423776.006588,30.74248498887755
1790423776.0071964,11.115342989796773
1790423776.00775,4.833059007069096
1790423776.0081506,24.499168997863308
1790423776.0087507,27.61727897450328
1790423776.0090537,20.330689003458247
1790423776.0093086,16.2705960101448
1790423776.0095668,29.42447000532411
1790423776.0099082,12.756696989526972
1790423776.011188,7.25251401308924
1790423776.0112944,4.5966430043336
1790423776.0113902,4.182625998510048
1790423776.0125537,2.362562983762473
1790423776.0129373,1.3686059974133968
1790423776.015234,1.1789000127464533
1790423776.01828,1.156903017545119
1790423776.0214176,1.6717889811843634
1790423776.0259883,1.401047018589452
1790423776.0312786,1.4863320102449507
1790423776.0377414,1.8020689894910902
1790423776.0451043,23.305780021473765
1790423776.0465991,16.10884998808615
1790423776.0467288,2.865728019969538
1790423776.0468564,3.7299779942259192
1790423776.0469487,9.097956994082779
1790423776.0473473,12.61645698104985
1790423776.0550985,22.864066995680332
1790423776.0559494,28.784531983546913
1790423776.057076,2.652877999935299
1790423776.0571432,18.28395400661975
1790423776.0615911,1.5370780020020902
1790423776.0645118,2.74780101608485
1790423776.0646584,2.361078979447484
1790423776.0651844,22.9655199800618
1790423776.0655568,30.14923000591807
1790423776.0659678,2.9007139964960515
1790423776.066049,9.92921000579372
1790423776.0705364,1.7000439984258264
1790423776.0705945,2.14061897713691
1790423776.0737407,1.3294520031195134
1790423776.0800376,1.7277569859288633
1790423776.081072,1.7293499840889126
1790423776.0946605,1.6058959881775081
1790423776.09646,1.4250369858928025
1790423776.100632,25.205034005921334
1790423776.100729,22.013166977558285
1790423776.1015034,2.281848981510848
1790423776.1040745,1.4755580050405115
1790423776.1062555,1.6142050153575838
1790423776.1084602,1.503464998677373
1790423776.1176076,16.564407997066155
1790423776.118343,9.87355099641718
1790423776.1184106,26.57785700284876
1790423776.134774,3.33251099800691
1790423776.136781,31.654013000661507
1790423776.137257,28.271546005271375
1790423776.1380858,6.033393001416698
1790423776.1460898,3.433915990171954
1790423776.1467168,20.059907023096457
1790423776.1494555,23.66427399101667
1790423776.1554956,17.11806800449267
1790423776.1573837,20.115485996939242
1790423776.1575406,35.28557298704982
1790423776.1640458,28.01176198408939
1790423776.1775372,21.19466502335854
1790423776.1835415,24.689117999514565
1790423776.1852489,43.32902599708177
1790423776.1871977,13.279519975185394
1790423776.187973,44.745147024514154
1790423776.1882405,35.06356599973515
1790423776.1884308,15.967833023751155
1790423776.1891754,43.34333201404661
1790423776.1893167,12.664668000070378
1790423776.189708,6.15514101809822
1790423776.191684,76.33114900090732
1790423776.1923609,25.92059801099822
1790423776.1948035,1.4693170087412
1790423776.1968968,63.680014020064846
1790423776.1979113,24.508076981874183
1790423776.1984704,36.66839498328045
1790423776.1986067,13.091620989143848
1790423776.198679,19.278569001471624
1790423776.201268,57.17564999940805
1790423776.2020462,1.434903999324888
1790423776.212403,22.382835013559088
1790423776.2131593,1.899248018162325
1790423776.2161481,33.37554499739781
1790423776.217269,37.12616700795479
1790423776.217388,13.761175010586157
1790423776.2175672,42.990071000531316
1790423776.2186947,26.955901994369924
1790423776.2187665,5.469597002957016
1790423776.2195685,35.359920002520084
1790423776.2196934,9.227986010955647
1790423776.2198107,5.214331002207473
1790423776.2198884,38.99675700813532
1790423776.2241118,3.913535998435691
1790423776.2252042,1.8190169939771295
1790423776.2342246,1.5432429790962487
1790423776.2422876,21.42832599929534
1790423776.242398,28.3698630228173
1790423776.2424796,6.539773981785402
1790423776.2452893,1.4183660096023232
1790423776.2457416,23.606055008713156
1790423776.2470787,8.07608402101323
1790423776.2488937,27.515480993315578
1790423776.2500677,3.9997540006879717
1790423776.2501447,3.0569600057788193
1790423776.2565753,1.3585939886979759
1790423776.2603934,12.059703993145376
1790423776.2609782,30.80579498782754
1790423776.2618403,18.90759597881697
1790423776.2631245,3.368662000866607
1790423776.2636034,3.199602011591196
1790423776.2690754,1.4214419934432954
1790423776.2752852,24.65222802129574
1790423776.2764266,28.904420003527775
1790423776.2773826,16.069287987193093
1790423776.2788792,2.3781100171618164
1790423776.2789462,3.1248840095940977
1790423776.2884977,29.951967007946223
1790423776.2888155,26.50016700499691
1790423776.2908378,6.892517994856462
1790423776.2924912,5.291806999593973
1790423776.2933202,4.6957809827290475
1790423776.302027,13.19996899110265
1790423776.3021564,17.207728000357747
1790423776.3022301,28.618835989618674
1790423776.3033876,3.055094013689086
1790423776.3034883,17.61334200273268
1790423776.3110282,1.8357140070293099
1790423776.312218,31.55701799551025
1790423776.3123107,21.23431401560083
1790423776.315201,2.044739987468347
1790423776.3201537,26.689135003834963
1790423776.3210373,7.239538972498849
1790423776.3211262,29.431050992570817
1790423776.323759,1.5234830207191408
1790423776.3269525,2.0063749980181456
1790423776.3277028,1.6651019977871329
1790423776.329337,2.3752810084261
1790423776.3299904,2.050382987363264
1790423776.3300457,1.5915599942672998
1790423776.334727,1.75019699963741
1790423776.3353605,1.3642330013681203
1790423776.3398066,1.2730270100291818
1790423776.344523,1.1783250083681196
1790423776.349787,1.5979819872882217
1790423776.353708,1.579434989253059
1790423776.3624272,1.3542989909183234
1790423776.3684697,1.5986460202839226
1790423776.3837733,1.663364004343748
1790423776.3879726,30.84043099079281
1790423776.3880646,30.379439005628228
1790423776.3928947,26.59660199424252
1790423776.3967013,2.4192589917220175
1790423776.3967729,1.8387649906799197
1790423776.3991604,1.5676770126447082
1790423776.3995955,1.3852329866494983
1790423776.4038255,1.538451004307717
1790423776.4121711,1.918521011248231
1790423776.4187195,1.7214299878105521
1790423776.4201705,23.296677012695
1790423776.4206789,17.64049698249437
1790423776.4207833,27.69179700408131
1790423776.4223604,1.4805230021011084
1790423776.4257913,1.9364909967407584
1790423776.4261866,1.804491999791935
1790423776.431146,30.000606988323852
1790423776.4331603,3.198931983206421
1790423776.4332254,10.774230002425611
1790423776.4333906,7.005660998402163
1790423776.4334676,29.378174018347636
1790423776.4385183,1.4762129867449403
1790423776.4514933,37.48289801296778
1790423776.451653,28.685286990366876
1790423776.4527192,25.477824005065486
1790423776.454306,5.828142020618543
1790423776.4592643,27.345177019014955
1790423776.4599025,2.565353992395103
1790423776.4599998,9.049123007571325
1790423776.462393,26.82632301002741
1790423776.4627879,10.74822002556175
1790423776.4628704,27.740658988477662
1790423776.4632373,1.8014079832937568
1790423776.4671452,1.4423919783439487
1790423776.477171,27.85933099221438
1790423776.4772937,6.119321013102308
1790423776.4773734,24.64135899208486
1790423776.4844615,2.868094976292923
1790423776.486213,4.174527013674378
1790423776.489295,4.8248000093735754
1790423776.4903626,5.18730899784714
1790423776.4913454,13.058938988251612
1790423776.4936283,1.5627219981979579
1790423776.4963784,13.347821979550645
1790423776.4988635,25.059968989808112
1790423776.4991593,12.935184000525624
1790423776.5054176,1.589781983057037
1790423776.5095327,29.268851998494938
1790423776.5099947,26.237498997943476
1790423776.5106196,22.459779982455075
1790423776.51177,34.06813199399039
1790423776.5123563,6.644374981988221
1790423776.51633,27.689351001754403
1790423776.5277643,40.439554024487734
1790423776.5332708,25.845423981081694
1790423776.539063,28.179256012663245
1790423776.5412827,23.84735899977386
1790423776.5445886,21.484617987880483
1790423776.552918,32.48954899027012
1790423776.5538025,53.94343298394233
1790423776.5542872,37.61885498533957
1790423776.5602372,37.70608999184333
1790423776.5650759,27.997383993351832
1790423776.5697331,62.911338987760246
1790423776.5714428,33.551909000379965
1790423776.5721705,47.84125500009395
1790423776.5724068,59.734581009252
1790423776.5724971,23.50747902528383
1790423776.574248,64.19556098990142
1790423776.575697,63.82129201665521
1790423776.5784702,56.81690800702199
1790423776.5785828,42.057569982716814
1790423776.5787942,54.03023000690155
1790423776.5791235,59.27844898542389
1790423776.5793893,38.71233499376103
1790423776.5805197,66.01215101545677
1790423776.5916274,30.53562800050713
1790423776.591798,57.54533500294201
1790423776.5985022,41.56695699202828
1790423776.5996485,26.949738006806
1790423776.600047,53.88818299979903
1790423776.6010273,21.26523299375549
1790423776.6015184,6.265219009947032
1790423776.6020875,14.371019991813228
1790423776.602575,36.20457398938015
1790423776.6082258,68.38267098646611
1790423776.6088336,33.12381499563344
1790423776.6098566,41.11510099028237
1790423776.6100166,27.66697300830856
1790423776.6101887,49.64312000083737
1790423776.6112535,20.412660989677534
1790423776.6120327,64.09803099813871
1790423776.612601,6.146484985947609
1790423776.612707,39.426306990208104
1790423776.6129856,11.747489013941959
1790423776.6134684,31.885737989796326
1790423776.614865,26.348329993197694
1790423776.615013,72.0697870128788
1790423776.616899,3.3324669930152595
1790423776.6170678,4.072327021276578
1790423776.6176598,2.4155259889084846
1790423776.6179786,40.22284402162768
1790423776.6182914,48.7467729835771
1790423776.618745,34.20825500506908
1790423776.6188877,26.854911993723363
1790423776.6194687,12.32557898038067
1790423776.6198888,3.810002002865076
1790423776.6231186,1.3221480185166001
1790423776.6306882,2.490648999810219
1790423776.633048,3.130166995106265
1790423776.633436,2.2286659805104136
1790423776.6339805,1.3718559930566698
1790423776.635307,1.1673630215227604
1790423776.641339,4.899915977148339
1790423776.6429236,5.71709600626491
1790423776.6433198,5.298283998854458
1790423776.6433926,6.035212019924074
1790423776.647354,1.3314580137375742
1790423776.6539187,21.96971100056544
1790423776.6557736,27.059395011747256
1790423776.6560967,19.044268992729485
1790423776.6562476,17.68358299159445
1790423776.657783,3.5191690258216113
1790423776.6584244,1.4975529920775443
1790423776.6655571,25.60047499719076
1790423776.6656706,24.798022990580648
1790423776.6677482,1.8243480008095503
1790423776.6696267,1.6035229782573879
1790423776.676088,1.7343020008411258
1790423776.677897,1.5094089903868735
1790423776.682848,1.4861719973850995
1790423776.6850142,1.9377759890630841
1790423776.691876,1.9455080037005246
1790423776.6929739,1.9529139972291887
1790423776.6978776,1.8627940153237432
1790423776.6998546,1.415692997397855
1790423776.7065678,22.05294798477553
1790423776.706832,9.842436003964394
1790423776.7069476,2.717736002523452
1790423776.7072155,2.28658301057294
1790423776.7097237,2.0524490100797266
1790423776.7253811,14.361482986714691
1790423776.7255511,24.249915994005278
1790423776.7283814,1.6283279983326793
1790423776.7379382,19.10684397444129
1790423776.7391827,31.44486600649543
1790423776.7394125,9.188695024931803
1790423776.7417755,1.523351005744189
1790423776.7450535,21.02553000440821
1790423776.7453623,14.628411998273805
1790423776.7454844,27.737080992665142
1790423776.7493618,1.621353003429249
1790423776.753523,30.129719991236925
1790423776.7536597,27.887246978934854
1790423776.7537446,21.57839000574313
1790423776.7557113,1.5387760067824274
1790423776.7635815,1.547263003885746
1790423776.7668777,7.071346015436575
1790423776.7673914,29.43875899654813
1790423776.767522,30.674929992528632
1790423776.7675962,2.4507220077794045
1790423776.7755406,1.3789149816147983
1790423776.7822154,1.9378870201762766
1790423776.7839425,1.3232179917395115
1790423776.789947,1.5753019833937287
1790423776.7914057,1.3280700077302754
1790423776.7981942,17.384815000696108
1790423776.798649,2.2910700063221157
1790423776.798729,23.047146998578683
1790423776.804032,1.996204984607175
1790423776.8071504,2.0095390209462494
1790423776.8219733,28.532327996799722
1790423776.822402,12.401394982589409
1790423776.822623,22.434782003983855
1790423776.8236017,10.594167979434133
1790423776.8237104,26.888915977906436
1790423776.823786,29.851906991098076
1790423776.8316824,25.36941898870282
1790423776.8323357,6.038254010491073
1790423776.8493857,1.6963829984888434
1790423776.8500922,1.6719360137358308
1790423776.8519382,25.07904899539426
1790423776.8523126,27.12075097952038
1790423776.8562849,25.710163987241685
1790423776.8563755,26.815018994966522
1790423776.8586292,1.440360996639356
1790423776.8664834,6.7706759728025645
1790423776.874175,2.2767310147173703
1790423776.8742828,8.797227987088263
1790423776.8743687,23.70801698998548
1790423776.8771327,1.435201003914699
1790423776.8786433,26.217437000013888
1790423776.8788414,12.1546890004538
1790423776.8803465,1.4948309981264174
1790423776.8842027,1.6764019965194166
1790423776.8846793,1.5840769920032471
1790423776.8863626,1.568823994603008
1790423776.8871708,16.529800021089613
1790423776.888869,28.641288983635604
1790423776.8890114,7.376930007012561
1790423776.8891566,3.6993340181652457
1790423776.890144,2.9607319738715887
1790423776.8922772,1.4072729973122478
1790423776.8952405,2.9536919901147485
1790423776.8956332,2.2844040067866445
1790423776.9048831,1.5996570000424981
1790423776.9093044,2.710469998419285
1790423776.9165058,22.395520994905382
1790423776.9168313,4.469648003578186
1790423776.9180174,28.737383981933817
1790423776.9197288,12.497039017034695
1790423776.9208786,5.918972019571811
1790423776.9234083,26.341251999838278
1790423776.9248343,32.03585199662484
1790423776.925208,2.405205013928935
1790423776.9253438,8.061294996878132
1790423776.9254522,17.3626379983034
1790423776.9286754,1.8521710007917136
1790423776.9381182,2.2245949949137866
1790423776.942885,31.239339004969224
1790423776.9432383,24.227316986070946
1790423776.9439416,32.89920400129631
1790423776.9440806,16.22320298338309
1790423776.9443676,7.369419006863609
1790423776.9480772,27.941640990320593
1790423776.948467,18.748235976090655
1790423776.948622,34.50008301297203
1790423776.9486947,7.330469990847632
1790423776.9538615,1.4535759983118623
1790423776.9563835,1.4175479882396758
1790423776.9586864,23.51132800686173
1790423776.959012,26.058071991428733
1790423776.9591367,8.455083996523172
1790423776.9685104,1.4055429783184081
1790423776.979963,1.8091159872710705
1790423776.9866996,22.79098698636517
1790423776.9867911,6.817340006818995
1790423776.9893,1.5886610199231654
1790423776.9993093,17.24166900385171
1790423777.0016778,1.6518960183020681
1790423777.0088902,26.288983994163573
1790423777.0089839,5.550152010982856
1790423777.0246859,27.89481499348767
1790423777.0291038,39.1226569772698
1790423777.0362592,42.136641015531495
1790423777.0383546,13.037160999374464
1790423777.038582,36.4516370173078
1790423777.0386944,8.7077530042734
1790423777.0398817,33.56983797857538
1790423777.0423803,2.3374209995381534
1790423777.0435913,17.043510015355423
1790423777.0439563,32.44037399417721
1790423777.0441222,8.668169000884518
1790423777.044743,3.4450870007276535
1790423777.0485492,1.5046019980218261
1790423777.050151,22.9785320116207
1790423777.0525942,15.448712976649404
1790423777.0530336,36.49470998789184
1790423777.0532281,3.819453006144613
1790423777.0534422,36.10219701658934
1790423777.0535102,8.292732003610581
1790423777.0540001,3.3026720047928393
1790423777.0544283,26.82854002341628
1790423777.054813,32.59162200265564
1790423777.0550945,15.98695499706082
1790423777.0553658,8.948367001721635
1790423777.0576744,1.313015993218869
1790423777.0625257,1.4907839940860868
1790423777.0629365,1.3938850024715066
1790423777.0646417,1.2232119916006923
1790423777.0673661,1.4871970051899552
1790423777.071723,1.524054998299107
1790423777.0741527,1.3127110141795129
1790423777.0762866,1.2207510008011013
1790423777.080687,1.4270770188886672
1790423777.0870135,1.245202001882717
1790423777.0919821,1.306449994444847
1790423777.094577,1.3313719828147441
1790423777.1004803,2.637981000589207
1790423777.1005862,2.3010389995761216
1790423777.1021771,2.112329995725304
1790423777.1031706,19.598278013290837
1790423777.1036227,6.29754300462082
1790423777.1040056,22.470397991128266
1790423777.1042614,3.061892988625914
1790423777.1043255,2.0299300085753202
1790423777.1079423,1.4042580150999129
1790423777.1088402,1.56404500012286
1790423777.1121988,1.7077060183510184
1790423777.1123412,2.2769049974158406
1790423777.113892,2.8368729981593788
1790423777.114008,1.6587330028414726
1790423777.1147816,1.97146600112319
1790423777.115379,1.2185169907752424
1790423777.118463,1.212497998494655
1790423777.1222928,1.2120130122639239
1790423777.1412997,23.40639097383246
1790423777.1423244,1.9579990184865892
1790423777.1470747,1.5327279979828745
1790423777.1502254,24.159152002539486
1790423777.1529014,1.352060993667692
1790423777.1698468,1.6600200033280998
1790423777.1726458,18.838699004845694
1790423777.1731296,23.294436978176236
1790423777.174081,1.4244279882404953
1790423777.180687,2.3516299843322486
1790423777.1808283,19.104080012766644
1790423777.1808898,23.148812004365027
1790423777.1841822,1.3922130165155977
1790423777.191138,1.8352000042796135
1790423777.1927555,1.6048699908424169
1790423777.1968513,1.6409700037911534
1790423777.2082253,20.644694013753906
1790423777.208817,29.862492985557765
1790423777.2089472,5.929228995228186
1790423777.2211704,1.830160996178165
1790423777.2228217,12.003468989860266
1790423777.2231805,27.17731799930334
1790423777.2305,2.2868560045026243
1790423777.2307549,27.13695800048299
1790423777.2308843,17.58561099995859
1790423777.2388086,1.5648170083295554
1790423777.2423007,2.0222160092089325
1790423777.2595043,6.327326002065092
1790423777.2596326,26.978134992532432
1790423777.2684095,28.917621006257832
1790423777.2735221,17.62305200099945
1790423777.2828717,17.340596008580178
1790423777.2866693,45.75594898778945
1790423777.2893944,42.600910004694015
1790423777.2915578,30.150549981044605
1790423777.2962341,29.887559998314828
1790423777.2963564,10.763571015559137
1790423777.296433,23.94549798918888
1790423777.2966063,36.77107999101281
1790423777.2974455,3.0734569882042706
1790423777.29755,23.63540101214312
1790423777.2982118,37.488098023459315
1790423777.298281,8.329606003826484
1790423777.2992542,21.219583024503663
1790423777.3033562,34.930377994896844
1790423777.3034844,10.908614000072703
1790423777.303575,2.6477490027900785
1790423777.313069,19.551823992514983
1790423777.313205,31.575463013723493
1790423777.3141973,1.727099996060133
1790423777.3238432,1.6775640251580626
1790423777.3286629,27.09645699360408
1790423777.32933,10.931498982245103
1790423777.3294234,5.255066993413493
1790423777.332335,1.4737850287929177
1790423777.3353024,26.79508601431735
1790423777.3357546,2.0641690061893314
1790423777.3365643,17.742997995810583
1790423777.336878,10.904784983722493
1790423777.3369617,2.726947015617043
1790423777.3374019,27.473391994135454
1790423777.3376667,17.368720000376925
1790423777.3384724,29.195422976044938
1790423777.3396368,12.94685501488857
1790423777.3406696,1.598344009835273
1790423777.3467255,2.307082002516836
1790423777.3467991,3.093970997724682
1790423777.347318,4.454948008060455
1790423777.353622,1.651707018027082
1790423777.3536842,2.0864079997409135
1790423777.3577967,1.7481089744251221
1790423777.3593528,2.776906010694802
1790423777.3633575,21.180195995839313
1790423777.3639698,16.509973007487133
1790423777.3646185,6.4112610125448555
1790423777.365283,26.800057996297255
1790423777.3653836,10.523664997890592
1790423777.3714542,20.365959004266188
1790423777.3734632,26.590502995532006
1790423777.3738685,15.087751002283767
1790423777.3758812,20.67048699245788
1790423777.3782835,3.8680970028508455
1790423777.3812447,1.4894880005158484
1790423777.3910315,23.512715997640043
1790423777.396119,34.01266600121744
1790423777.397273,21.983721002470702
1790423777.3982575,4.0734280191827565
1790423777.4005907,28.983455995330587
1790423777.4009016,14.600444992538542
1790423777.4019554,28.074831992853433
1790423777.402113,25.59562199166976
1790423777.402421,15.340297017246485
1790423777.4025955,12.85980298416689
1790423777.4030983,27.20749599393457
1790423777.4033308,37.770238996017724
1790423777.403604,38.85782198631205
1790423777.4060464,7.774494006298482
1790423777.4063787,9.690300008514896
1790423777.4108472,2.762432995950803
1790423777.415484,22.626607009442523
1790423777.4173863,8.622588007710874
1790423777.4180071,14.34283601702191
1790423777.4181154,35.18743099994026
1790423777.4321306,25.74001598986797
1790423777.436713,29.61665898328647
1790423777.4393096,9.49988400680013
1790423777.4400864,41.67574297753163
1790423777.4404364,23.997237003641203
1790423777.440629,35.202488012146205
1790423777.4415205,31.936584011418745
1790423777.4434125,2.5624679983593524
1790423777.4442213,23.26005298527889
1790423777.4447904,25.985162996221334
1790423777.4460893,3.7676610227208585
1790423777.4462388,31.92674898309633
1790423777.4463696,9.641711018048227
1790423777.446461,30.909923021681607
1790423777.4465296,8.360136998817325
1790423777.4478185,21.65960698039271
1790423777.4507928,1.8414540099911392
1790423777.4537756,1.6657999949529767
1790423777.4616327,2.8605640109162778
1790423777.4625864,2.4794549972284585
1790423777.4636693,24.34922000975348
1790423777.465933,5.3107790008652955
1790423777.466033,14.803855010541156
1790423777.466203,32.47197699965909
1790423777.467604,3.5448689886834472
1790423777.4676664,2.1819389949087054
1790423777.469645,1.317721005761996
1790423777.4729233,1.1777720064856112
1790423777.4769754,2.500429982319474
1790423777.4779494,2.441988995997235
1790423777.4782333,2.0495320204645395
1790423777.4782977,3.1688390008639544
1790423777.4828172,2.0196530094835907
1790423777.4853,1.1940959957428277
1790423777.4885921,8.24321000254713
1790423777.489465,2.1813460043631494
1790423777.4903486,1.747359987348318
1790423777.4947302,1.8580690084490925
1790423777.4953232,1.8065769982058555
1790423777.4990108,1.3066740066278726
1790423777.5011697,1.2971990217920393
1790423777.5047755,16.91461500013247
1790423777.5053344,23.83398500387557
1790423777.5053985,9.215792000759393
1790423777.508872,1.452197990147397
1790423777.5094273,1.2224880047142506
1790423777.5160742,3.6541279987432063
1790423777.517031,3.715478000231087
1790423777.5181332,3.0073950183577836
1790423777.5184667,4.226335004204884
1790423777.54873,22.613595996517688
1790423777.5514069,36.79007099708542
1790423777.5542367,20.864018006250262
1790423777.555111,18.6155499832239
1790423777.5559924,11.57208500080742
1790423777.556569,13.725174008868635
1790423777.5573914,24.7696689912118
1790423777.5574894,41.83439398184419
1790423777.5583239,12.968181021278724
1790423777.55879,41.36690101586282
1790423777.5588791,10.135313001228496
1790423777.5590436,21.67543998803012
1790423777.5591185,20.961981994332746
1790423777.559392,23.944718996062875
1790423777.5600362,6.898051011376083
1790423777.5602002,11.750554986065254
1790423777.5639052,8.782014978351071
1790423777.5645442,43.71363201062195
1790423777.5649843,18.84411901119165
1790423777.5654461,8.742920006625354
1790423777.5662692,23.582371009979397
1790423777.567759,6.640768988290802
1790423777.5683107,4.394597985083237
1790423777.5685706,5.6278939882759005
1790423777.568642,6.996535026701167
1790423777.568704,14.457473007496446
1790423777.5691237,3.062403993681073
1790423777.5697196,1.9496520108077675
1790423777.5724242,1.418342988472432
1790423777.573874,1.2972280092071742
1790423777.576745,1.784824999049306
1790423777.5768042,2.3838719935156405
1790423777.58171,1.4261339965742081
1790423777.5835333,1.3081700017210096
1790423777.5984514,3.1952769786585122
1790423777.6002984,20.540104975225404
1790423777.6013634,2.0973070058971643
1790423777.6037312,25.228910002624616
1790423777.6053085,19.57050198689103
1790423777.6061807,10.150082991458476
1790423777.6062825,28.98780000396073
1790423777.6063795,30.894120020093396
1790423777.6065092,21.82507500401698
1790423777.6066105,11.233516997890547
1790423777.6072354,2.892665012041107
1790423777.6121397,17.497338994871825
1790423777.612515,28.377817012369633
1790423777.6125808,13.836881989846006
1790423777.616026,1.7271309916395694
1790423777.6163158,1.476192002883181
1790423777.6356547,1.6540330252610147
1790423777.639831,1.5143599885050207
1790423777.6447957,19.802178983809426
1790423777.6451936,4.270117991836742
1790423777.6453013,23.83949898649007
1790423777.648553,1.4379159838426858
1790423777.6522167,2.0470880263019353
1790423777.6553466,1.6054510197136551
1790423777.658872,25.684972992166877
1790423777.6592221,13.319919002242386
1790423777.6592932,27.353582001524046
1790423777.6631262,1.4683140034321696
1790423777.6655593,1.9792219973169267
1790423777.6665947,2.1085930056869984
1790423777.6673367,1.572553999722004
1790423777.673996,1.4061050023883581
1790423777.6823099,1.4228829822968692
1790423777.684664,1.8790469912346452
1790423777.6850674,1.531159010482952
1790423777.6859007,1.627788005862385
1790423777.691537,1.204739004606381
1790423777.7010477,3.157135011861101
1790423777.701999,3.174040000885725
1790423777.7021039,3.805871994700283
1790423777.7041569,1.4517900126520544
1790423777.706046,1.2403900036588311
1790423777.7175574,1.9014720164705068
1790423777.7235317,22.060866001993418
1790423777.7237086,27.24788899649866
1790423777.7254784,1.641245005885139
1790423777.7500966,17.57588202599436
1790423777.7529356,26.978675014106557
1790423777.7536623,38.48718898370862
1790423777.756442,2.563869988080114
1790423777.7607718,3.8498099893331528
1790423777.7608747,38.759896997362375
1790423777.766149,22.809248010162264
1790423777.7670424,39.54172300291248
1790423777.7671528,8.234436972998083
1790423777.772452,26.366281002992764
1790423777.7735023,39.890835992991924
1790423777.7747304,2.263783011585474
1790423777.7755737,2.1971719979774207
1790423777.7789745,2.305632981006056
1790423777.779092,3.062320000026375
1790423777.7840471,2.739232004387304
1790423777.7853281,1.844242011429742
1790423777.7888997,3.0681150092277676
1790423777.791008,2.708123007323593
1790423777.7918813,1.8171030096709728
1790423777.7958822,1.602745003765449
1790423777.8004158,2.295980986673385
1790423777.8004794,1.9148669962305576
1790423777.8116212,2.256751002278179
1790423777.8370452,3.0943220190238208
1790423777.8382337,20.411309989867732
1790423777.8386006,2.7735100011341274
1790423777.83876,32.13595799752511
1790423777.8494298,2.4770440068095922
1790423777.8510094,1.3545719848480076
1790423777.8590984,1.3144650147296488
1790423777.8737488,6.0377559857442975
1790423777.873945,22.839165991172194
1790423777.8740513,26.51906499522738
1790423777.8836164,31.34390601189807
1790423777.8837903,31.1042960092891
1790423777.8849373,9.474867023527622
1790423777.8852317,30.046435014810413
1790423777.887542,33.02032098872587
1790423777.8877249,5.405753006925806
1790423777.8878894,4.084499989403412
1790423777.887987,11.346964980475605
1790423777.891615,2.484162017935887
1790423777.906404,3.186406014719978
1790423777.906989,27.00260898564011
1790423777.9081042,11.119057977339253
1790423777.9156246,14.557558024534956
1790423777.919301,14.168718975270167
1790423777.9199266,21.552666992647573
1790423777.9212744,17.960024997591972
1790423777.9307916,18.35836100508459
1790423777.9482832,33.956178987864405
1790423777.9533398,41.780758008826524
1790423777.9544175,38.20586300571449
1790423777.955509,24.529424001229927
1790423777.9596508,38.11079601291567
1790423777.9633095,37.36898399074562
1790423777.9659295,74.14260201039724
1790423777.9669502,86.0769760038238
1790423777.9690142,42.005027004051954
1790423777.9733202,25.001990026794374
1790423777.977078,77.89451800636016
1790423777.9789038,49.75403202115558
1790423777.9800007,62.97213301877491
1790423777.9824595,62.30327900266275
1790423777.9842763,73.85503299883567
1790423777.9844098,24.694849009392783
1790423777.986287,38.57792101916857
1790423777.9893277,15.985801990609616
1790423777.9895968,20.562677993439138
1790423777.9897423,34.216380008729175
1790423777.989852,26.52177299023606
1790423777.9914289,10.595875995932147
1790423777.9977982,14.276001980761066
1790423778.0000286,3.6070070054847747
1790423778.0031335,13.520921987947077
1790423778.0213742,42.450770997675136
1790423778.0221586,35.856133996276185
1790423778.0268106,46.79221397964284
1790423778.0328245,22.570008994080126
1790423778.0330043,29.63072300190106
1790423778.0341125,52.395141014130786
1790423778.035433,7.764142006635666
1790423778.03558,17.449787992518395
1790423778.0410836,25.43580299243331
1790423778.0427592,18.85451897396706
1790423778.04323,25.773283996386454
1790423778.0438771,76.9083600025624
1790423778.0447628,38.644571002805606
1790423778.0449016,19.599194987677038
1790423778.045166,10.704529006034136
1790423778.0455575,56.21228099334985
1790423778.0458226,68.72410399955697
1790423778.0471234,6.026799994288012
1790423778.048125,8.166262006852776
1790423778.0494769,37.71473598317243
1790423778.0534658,34.17807197547518
1790423778.056028,12.784211023245007
1790423778.0575285,45.1171689783223
1790423778.0579813,28.01227499730885
1790423778.0583274,7.183533976785839
1790423778.0586343,6.340507999993861
1790423778.0678313,20.91442100936547
1790423778.069058,15.577215992379934
1790423778.0707219,20.74437399278395
1790423778.0800831,12.227811006596312
1790423778.0896454,16.395040991483256
1790423778.0937903,31.21959199779667
1790423778.0959637,39.48683399357833
1790423778.101592,30.849253002088517
1790423778.1066563,15.052273985929787
1790423778.1111176,73.2714979967568
1790423778.1245525,55.02521601738408
1790423778.1256313,89.19696099474095
1790423778.1264281,40.11041601188481
1790423778.1411908,56.92478100536391
1790423778.1419933,45.68517001462169
1790423778.1501527,65.58115599909797
1790423778.150413,56.59303397987969
1790423778.1506774,26.100037997821346
1790423778.1511467,13.765749987214804
1790423778.1541827,2.805575990350917
1790423778.1575818,69.72551401122473
1790423778.1580434,51.36481998488307
1790423778.1597946,35.06342199398205
1790423778.159978,40.906196023570374
1790423778.1600904,21.803087991429493
1790423778.1622045,7.98716300050728
1790423778.1622963,69.55072298296727
1790423778.1640847,37.37501997966319
1790423778.1667566,20.55129298241809
1790423778.1668668,11.67814401560463
1790423778.1669936,71.89867499982938
1790423778.1735048,38.2900680124294
1790423778.1742659,26.091686013387516
1790423778.1747434,94.05159900779836
1790423778.1748633,14.559806004399434
1790423778.176013,5.398245994001627
1790423778.1761568,6.56484899809584
1790423778.1784227,3.2176529930438846
1790423778.1869817,4.47126998915337
1790423778.2042406,11.48583900067024
1790423778.2143195,114.26579600083642
1790423778.214658,34.6662380034104
1790423778.214769,28.63675300613977
1790423778.215465,14.720670005772263
1790423778.2220824,41.07653599930927
1790423778.2224298,6.945911998627707
1790423778.224699,3.9918830152601004
1790423778.2256918,8.758547977777198
1790423778.2357812,3.3545940241310745
1790423778.2544572,3.537418000632897
1790423778.2554836,65.96693600295112
1790423778.2560034,75.10352600365877
1790423778.2566435,54.843135992996395
1790423778.256879,8.49625701084733
1790423778.2622943,75.07023701327853
1790423778.2650576,2.7417829842306674
1790423778.2720287,71.04355801129714
1790423778.2868457,67.8892619907856
1790423778.2874916,108.99462600355037
1790423778.2879472,44.697814009850845
1790423778.2883754,31.31561799091287
1790423778.2920933,22.79009300400503
1790423778.292664,14.542963006533682
1790423778.292951,32.45404298650101
1790423778.3015964,8.628415002021939
1790423778.3097842,72.71998899523169
1790423778.3104086,133.93710099626333
1790423778.310525,93.3675899868831
1790423778.3111796,36.589124996680766
1790423778.321494,69.12832197849639
1790423778.323773,34.65121399494819
1790423778.326877,53.184385993517935
1790423778.3288784,93.30598000087775
1790423778.3300934,35.116422979626805
1790423778.3309314,46.645062015159056
1790423778.3406005,73.96193000022322
1790423778.34201,42.072276992257684
1790423778.3426387,20.547955995425582
1790423778.3727694,95.22012301022187
1790423778.380607,87.92395598720759
1790423778.3821223,58.09447800857015
1790423778.3979797,127.29610101087019
1790423778.434638,143.89505999861285
1790423778.435076,126.85110198799521
1790423778.4383962,107.1320720075164
1790423778.4405978,108.57884099823423
1790423778.4471056,136.1482500215061
1790423778.4522724,81.59277497907169
1790423778.4537525,123.64155499381013
1790423778.455898,97.62658100225963
1790423778.4560113,76.74071998917498
1790423778.4576619,97.32003801036626
1790423778.4740925,124.32530801743269
1790423778.4755635,104.65371297323145
1790423778.5002322,197.527659998741
1790423778.5012927,172.39229998085648
1790423778.5087457,207.04372398904525
1790423778.5088794,123.46619999152608
1790423778.5101175,183.22271399665624
1790423778.5111873,190.66139200003818
1790423778.5178032,146.02167598786764
1790423778.5181482,126.75509898690507
1790423778.5224617,133.60447899322025
1790423778.5226445,120.76525000156835
1790423778.5227592,117.70695800078101
1790423778.5236728,135.91092900605872
1790423778.5239615,204.35449198703282
1790423778.53563,97.20337399630807
1790423778.5445542,93.18725601769984
1790423778.5583107,111.18340402026661
1790423778.55904,115.31207399093546
1790423778.5591724,169.0506059967447
1790423778.559498,118.88297597761266
1790423778.5739896,138.89574399217963
1790423778.574942,132.09186200401746
1790423778.5767734,131.93882600171492
1790423778.5809436,120.88183499872684
1790423778.581378,226.06136900139973
1790423778.5816562,104.38403201987967
1790423778.5854187,212.6284590049181
1790423778.5870776,187.89347799611278
1790423778.5885088,139.57242100150324
1790423778.5917926,149.55683398875408
1790423778.5927546,118.64378399332054
1790423778.5931392,138.09655798831955
1790423778.593844,88.87654799036682
1790423778.5958369,209.07179597998038
1790423778.5959308,78.10689101461321
1790423778.5997858,252.69082898739725
1790423778.6000118,99.671372998273
1790423778.6072342,148.35910298279487
1790423778.6140864,164.34248100267723
1790423778.6146264,174.79977599577978
1790423778.6147938,55.27963099302724
1790423778.6149113,107.964518974768
1790423778.6223245,104.15736099821515
1790423778.6237464,114.84772298717871
1790423778.6239212,39.83568699914031
1790423778.6239974,50.17525699804537
1790423778.6266465,228.91819599317387
1790423778.6268215,151.4745999884326
1790423778.6269977,105.79199600033462
1790423778.628947,118.81102598272264
1790423778.6309369,49.26369298482314
1790423778.6322486,58.23723701178096
1790423778.633287,20.504309999523684
1790423778.6448214,109.11239401320927
1790423778.6477334,169.62598700774834
1790423778.648726,49.12897301255725
1790423778.6507015,65.26380099239759
1790423778.6525543,26.988047000486404
1790423778.653506,52.091115998337045
1790423778.654126,46.8723560043145
1790423778.6583114,65.15649001812562
1790423778.675357,37.182711996138096
1790423778.6794827,81.39118700637482
1790423778.680025,50.06307997973636
1790423778.6808772,28.30409599118866
1790423778.7085185,238.53136398247443
1790423778.7103379,131.69091698364355
1790423778.7112157,97.10553000331856
1790423778.7204554,58.385731012094766
1790423778.7266622,49.275619006948546
1790423778.7294197,88.51393099757843
1790423778.7341561,144.7411280241795
1790423778.736397,100.69472200120799
1790423778.7404907,131.00703398231417
1790423778.7412202,40.449934982461855
1790423778.7414987,56.9429800088983
1790423778.7441003,77.21814498654567
1790423778.7448382,148.187782993773
1790423778.7454782,87.14555000187829
1790423778.745663,116.69729699497111
1790423778.7472625,19.171023013768718
1790423778.7489753,97.29741199407727
1790423778.7491019,113.20110998349264
1790423778.7495444,225.49284299020655
1790423778.7570965,61.08973300433718
1790423778.759616,133.92220900277607
1790423778.7599406,34.45188599289395
1790423778.7618315,130.87503201677464
1790423778.764038,124.17879397980869
1790423778.7643628,18.870689993491396
1790423778.7658775,5.905035010073334
1790423778.7664082,129.4430230045691
1790423778.7698803,115.02234701765701
1790423778.7720208,139.60674000554718
1790423778.7727137,36.29882802488282
1790423778.7733395,107.58991600596346
1790423778.7737067,193.68101897998713
1790423778.7756157,116.21632799506187
1790423778.776219,106.57748402445577
1790423778.7763395,57.861634995788336
1790423778.7839708,22.122046997537836
1790423778.7908711,90.23856598651037
1790423778.7913024,53.9397920074407
1790423778.7915666,64.53946098918095
1790423778.795208,6.439498014515266
1790423778.79714,62.36018298659474
1790423778.7976012,51.926414016634226
1790423778.7982981,51.91265299799852
1790423778.8032532,124.82968097901903
1790423778.8034694,46.35432397481054
1790423778.8063843,143.39804399060085
1790423778.8065085,14.9249869864434
1790423778.8070576,46.14082199987024
1790423778.830271,60.37183801527135
1790423778.8345618,29.975760990055278
1790423778.8351178,39.57357400213368
1790423778.8355095,93.6289019882679
1790423778.8479035,35.7785550004337
1790423778.8616135,28.71851300005801
1790423778.8663063,34.96766899479553
1790423778.8665874,51.61704900092445
1790423778.8670814,60.00666500767693
1790423778.8690438,50.23137299576774
1790423778.8694975,39.20730599202216
1790423778.8717973,34.64813099708408
1790423778.8736281,49.64111899607815
1790423778.8743174,117.46682299417444
1790423778.8744931,92.3208820167929
1790423778.8756425,39.36747502302751
1790423778.8766367,51.64647998753935
1790423778.8781402,30.21927399095148
1790423778.8804,18.767301982734352
1790423778.8839595,75.67650900455192
1790423778.895648,57.557940017431974
1790423778.898956,32.351961999665946
1790423778.9023376,46.649073978187516
1790423778.9080305,19.650222995551303
1790423778.9100685,62.86612700205296
1790423778.9101965,80.94112799153663
1790423778.9152198,42.49214200535789
1790423778.9168844,34.85233799437992
1790423778.934289,58.508924004854634
1790423778.9377656,78.7440029962454
1790423778.9392073,58.065542980330065
1790423778.943578,91.78042801795527
1790423778.9436953,63.96730898995884
1790423778.9444866,64.07447400852107
1790423778.9459918,78.15865200245753
1790423778.948282,70.12912898790091
1790423778.9484062,53.63895499613136
1790423778.9486227,74.97746800072491
1790423778.9533565,97.82534098485485
1790423778.955054,70.00904798042029
1790423778.9614475,91.06770600192249
1790423778.9622078,74.78373899357393
1790423778.9631743,57.03160600387491
1790423778.9770694,37.84334898227826
1790423778.9772773,63.23163601337001
1790423778.978321,61.41282699536532
1790423778.9797387,64.49947599321604
1790423778.9798903,81.80909900693223
1790423778.9856458,47.86243100534193
1790423778.9877589,104.67482000240125
1790423778.988967,33.8934320025146
1790423778.9898517,15.36925698746927
1790423778.9903567,41.719245025888085
1790423778.9914823,55.87983099394478
1790423779.0035322,41.30606399849057
1790423779.0037317,26.435517997015268
1790423779.0088878,65.17543501104228
1790423779.0111904,40.7970420201309
1790423779.0113146,32.9766369832214
1790423779.013693,18.042162992060184
1790423779.0146685,68.65884599392302
1790423779.015048,76.14089001435786
1790423779.0161242,31.73652198165655
1790423779.017023,21.26775897340849
1790423779.0325332,30.901713005732745
1790423779.0341976,20.489860995439813
1790423779.034352,57.265123003162444
1790423779.034423,98.04464102489874
1790423779.035087,52.47252999106422
1790423779.0358853,46.90616999869235
1790423779.0394704,34.62610498536378
1790423779.0406632,49.79484900832176
1790423779.0435216,45.7917159947101
1790423779.0437148,55.941381986485794
1790423779.0445,31.802256009541452
1790423779.045361,64.59825800266117
1790423779.0473454,18.669602024601772
1790423779.0583332,49.62823601090349
1790423779.0584965,34.70635900157504
1790423779.0586014,35.577041999204084
1790423779.0587015,54.555534006794915
1790423779.0625513,65.32337400130928
1790423779.063406,30.85954301059246
1790423779.0648866,42.63765100040473
1790423779.0649931,28.766574017936364
1790423779.0651474,21.146383980521932
1790423779.0652347,8.53303397889249
1790423779.0727613,13.417924987152219
1790423779.0730073,23.065759014571086
1790423779.073264,46.12731098313816
1790423779.0743606,3.1873010157141834
1790423779.0749435,1.5476550033781677
1790423779.0768557,38.94700598903
1790423779.077379,22.17454501078464
1790423779.077495,17.24681898485869
1790423779.0776598,46.95497499778867
1790423779.0821369,1.4729709946550429
1790423779.088553,80.86149700102396
1790423779.0886629,69.63743900996633
1790423779.0905256,59.164994017919526
1790423779.090793,52.234548988053575
1790423779.0908992,7.911906024673954
1790423779.0909767,20.816157018998638
1790423779.0913038,49.62220400921069
1790423779.091398,4.032650991575792
1790423779.0914598,35.56434897473082
1790423779.0941815,1.5386090090032667
1790423779.0956702,1.3731170038226992
1790423779.0979025,1.4688039955217391
1790423779.1028132,18.561628996394575
1790423779.1033735,27.911326993489638
1790423779.103436,7.548463996499777
1790423779.107174,2.2336219844873995
1790423779.1072404,2.8176039922982454
1790423779.1080441,1.7769770056474954
1790423779.1106575,1.1593640083447099
1790423779.123544,1.4284900098573416
1790423779.1274185,18.768053996609524
1790423779.1275342,21.976941992761567
1790423779.128343,1.780688005965203
1790423779.133536,1.2812200002372265
1790423779.1486893,8.318250998854637
1790423779.1633246,10.055127000669017
1790423779.1647303,29.806806007400155
1790423779.1658485,1.9647520093712956
1790423779.1680906,21.168735984247178
1790423779.1687517,31.4409610000439
1790423779.1688585,13.587994006229565
1790423779.1754582,27.947866008616984
1790423779.1757464,16.69781398959458
1790423779.1758392,2.6050820015370846
1790423779.1759093,33.962143992539495
1790423779.1790123,1.6551309963688254
1790423779.1801627,29.35670199804008
1790423779.1810863,19.155007001245394
1790423779.181746,31.618230015737936
1790423779.1834319,5.281910998746753
1790423779.1840472,2.1775199857074767
1790423779.1876917,1.8311159801669419
1790423779.1880622,1.6341929731424898
1790423779.1944416,13.344851991860196
1790423779.1981003,1.6731029900256544
1790423779.1985774,1.6461870109196752
1790423779.201753,1.2705299886874855
1790423779.205229,1.6728990012779832
1790423779.2055273,1.3890330155845731
1790423779.2078848,25.58944100746885
1790423779.2082965,17.521863017464057
1790423779.2083871,5.298920994391665
1790423779.2211215,1.7654359980951995
1790423779.222218,1.8897579866461456
1790423779.2308655,2.362235012697056
1790423779.2315114,1.567063998663798
1790423779.2346468,7.990048005012795
1790423779.2351549,27.989068999886513
1790423779.2359686,3.3740089857019484
1790423779.2504609,22.879364987602457
1790423779.2507865,16.635456995572895
1790423779.2516217,4.9519200110808015
1790423779.251846,30.558074999134988
1790423779.2519078,6.282604008447379
1790423779.251964,4.784543009009212
1790423779.2583141,2.140325988875702
1790423779.2592735,1.4415319892577827
1790423779.2602148,15.144068980589509
1790423779.2607489,27.057198021793738
1790423779.2608287,12.745395011734217
1790423779.265957,1.4094159996602684
1790423779.266415,1.1113020009361207
1790423779.269884,1.4392420125659555
1790423779.282386,3.085328993620351
1790423779.2825918,2.898480015574023
1790423779.2894793,21.669718000339344
1790423779.2901766,23.482321994379163
1790423779.2902553,8.875789993908256
1790423779.3104465,27.84351701848209
1790423779.311195,30.67465400090441
1790423779.3113306,14.651578007033095
1790423779.311453,20.95892099896446
1790423779.3120742,12.370983982691541
1790423779.3159392,1.996615988900885
1790423779.3160322,29.188051994424313
1790423779.3177176,29.483623016858473
1790423779.3190124,20.980565022910014
1790423779.319099,33.56071500456892
1790423779.319511,1.7836260085459799
1790423779.3227148,27.21260898397304
1790423779.3255951,22.196220990736037
1790423779.3259318,31.400922976899892
1790423779.326294,1.5393089852295816
1790423779.3276718,1.3689470069948584
1790423779.3298259,1.3236470113042742
1790423779.3315632,1.210677990457043
1790423779.3335817,1.2593439896591008
1790423779.3349307,1.199618011014536
1790423779.347005,1.6130479925777763
1790423779.3581946,2.3511420004069805
1790423779.3631897,19.952739006839693
1790423779.3651605,4.145955987041816
1790423779.3659275,33.06562398211099
1790423779.366024,22.146116010844707
1790423779.3661106,12.49585600453429
1790423779.3668206,24.320522003108636
1790423779.3670647,6.737988005625084
1790423779.367291,19.77216301020235
1790423779.3673837,14.521843986585736
1790423779.3674698,31.82594000827521
1790423779.3675458,35.69139799219556
1790423779.3774524,3.119198983768001
1790423779.377567,4.724217986222357
1790423779.3776748,3.7584509991575032
1790423779.383604,10.31842699740082
1790423779.3836894,26.63486497476697
1790423779.4009457,25.187499006278813
1790423779.410912,22.98221198725514
1790423779.4139671,21.061977022327483
1790423779.4144778,23.661722021643072
1790423779.415401,1.4243689947761595
1790423779.4182127,1.509190013166517
1790423779.4243846,1.5516630082856864
1790423779.4306011,18.618089001392946
1790423779.431262,26.004459999967366
1790423779.431339,12.157951976405457
1790423779.43384,1.925406017107889
1790423779.4354274,22.474444995168597
1790423779.4355402,26.426077005453408
1790423779.4356103,13.409428007435054
1790423779.4379435,1.5837560058571398
1790423779.4380095,2.0658840076066554
1790423779.459994,1.5713530010543764
1790423779.4616325,1.460014987969771
1790423779.4623187,21.71048300806433
1790423779.4623992,8.48730601137504
1790423779.467195,12.731942988466471
1790423779.4673266,24.686658987775445
1790423779.4693108,3.277807991253212
1790423779.471,4.50287398416549
1790423779.472209,4.65973699465394
1790423779.472459,2.606253983685747
1790423779.4729972,4.6884169860277325
1790423779.4739707,3.7073229905217886
1790423779.4743614,1.1878259829245508
1790423779.4768546,1.9522910006344318
1790423779.4773812,1.7798850021790713
1790423779.4841413,2.8622139943763614
1790423779.4854486,3.00035800319165
1790423779.4859612,2.30823497986421
1790423779.4955819,23.0904660129454
1790423779.4968994,20.490233990130946
1790423779.4970157,28.112125990446657
1790423779.4974818,2.8825220069848
1790423779.4977221,13.569101982284337
1790423779.4985392,1.7532489728182554
1790423779.5046303,1.6648260061629117
1790423779.508137,1.4238870062399656
1790423779.511138,1044.1107359947637
1790423779.5114574,1059.1696859919466
1790423779.511604,21.801130002131686
1790423779.5118728,8.501865988364443
1790423779.511928,24.94119098992087
1790423779.5215979,1.1961669952142984
1790423779.5247316,1.336665009148419
1790423779.5302339,1.821491023292765
1790423779.5323339,1.1884729901794344
1790423779.5360916,20.97585200681351
1790423779.53644,7.6107399945613
1790423779.536981,2.2494129952974617
1790423779.5392623,1.419817010173574
1790423779.5453608,1.6970080032479018
1790423779.5571427,1.8149969982914627
1790423779.5597146,27.269507001619786
1790423779.5598392,15.635577990906313
1790423779.5637338,16.545183025300503
1790423779.5638187,27.30461600003764
1790423779.5714586,1.5473829989787191
1790423779.5736847,1.6267180035356432
1790423779.5776691,1.3655060029122978
1790423779.579777,26.847045024624094
1790423779.5809557,7.258825993631035
1790423779.5814745,34.74217699840665
1790423779.582331,2.4252999864984304
1790423779.5823987,1.4334130100905895
1790423779.5848582,10.076341015519574
1790423779.584921,28.92291100579314
1790423779.5852418,1.5666340186726302
1790423779.5880458,2.0869930158369243
1790423779.5886843,2.266538009280339
1790423779.58897,1.5974479902070016
1790423779.5897865,1.4970069751143456
1790423779.593957,1.1452290054876357
1790423779.5985918,1.3607080036308616
1790423779.600189,1.2290049926377833
1790423779.602286,1.3869819813407958
1790423779.6073236,1.3419610040728003
1790423779.608636,1.3032520073466003
1790423779.6105773,1.3795809936709702
1790423779.6168969,14.374825987033546
1790423779.6169574,21.870147000299767
1790423779.6201482,1.2817439856007695
1790423779.6242235,1.1750219855457544
1790423779.6368463,1.188894995721057
1790423779.641027,1.132655015680939
1790423779.646285,1.3399909948930144
1790423779.6531205,7.57399998838082
1790423779.6532006,19.71198301180266
1790423779.6564262,1.1854490148834884
1790423779.6582737,1.3248040049802512
1790423779.6625993,1.3440900074783713
1790423779.6668339,2.7765390113927424
1790423779.6688359,1.2924899929203093
1790423779.675575,1.8662880174815655
1790423779.687347,1.7905120039358735
1790423779.690548,25.75744001660496
1790423779.6906824,16.05628602555953
1790423779.6907563,30.088707979302853
1790423779.6931975,27.095676981844008
1790423779.6958275,30.279494996648282
1790423779.6962426,20.4095900116954
1790423779.6963222,2.7749199944082648
1790423779.6976187,2.969772001961246
1790423779.7035496,21.30409301025793
1790423779.7037013,27.45471301022917
1790423779.70732,1.5295699995476753
1790423779.715365,26.912774017546326
1790423779.7158017,4.98714399873279
1790423779.7233853,10.661741020157933
1790423779.7236168,26.944182987790555
1790423779.7388248,25.572368002031
1790423779.7473674,31.507852021604776
1790423779.747782,19.296124984975904
1790423779.7478676,15.911655995296314
1790423779.7480686,25.683827989269048
1790423779.7484004,2.6409820129629225
1790423779.7495599,39.28592300508171
1790423779.7515287,2.7088999922852963
1790423779.7517645,1061.903170979349
1790423779.761154,1.807702996302396
1790423779.7652388,24.478994018863887
1790423779.765642,34.37143302289769
1790423779.76577,16.007144993636757
1790423779.765926,24.548844987293705
1790423779.7662175,3.309911990072578
1790423779.7671638,29.966878006234765
1790423779.7672427,16.21075699222274
1790423779.76993,1.2429959897417575
1790423779.777827,1.1964910081587732
1790423779.7870224,4.956353979650885
1790423779.7871757,23.339486011536792
1790423779.7902808,1.3867809902876616
1790423779.7924697,1.3116379850544035
1790423779.7929847,1.3508080155588686
1790423779.7983935,1.2774700007867068
1790423779.8006911,1.365774020086974
1790423779.8062363,20.275154995033517
1790423779.8068585,12.830225023208186
1790423779.8069327,22.812123992480338
1790423779.8117883,1.3122200034558773
1790423779.8165367,20.53983698715456
1790423779.8166728,23.107701999833807
1790423779.8170636,2.5942980137187988
1790423779.8226452,1.13952299579978
1790423779.827841,2.5744720187503844
1790423779.828615,1.528844004496932
1790423779.8286927,2.107523992890492
1790423779.8289824,2.96361799701117
1790423779.8326254,1.3970599975436926
1790423779.8328638,1.227981992997229
1790423779.8377185,1.1045749997720122
1790423779.8426518,1.6295940149575472
1790423779.8427384,2.141603996278718
1790423779.849376,1.6363920003641397
1790423779.8549924,1.4186160115059465
1790423779.8608847,20.69297799607739
1790423779.8615973,13.353310991078615
1790423779.86188,24.762485991232097
1790423779.8637328,1.600285992026329
1790423779.8651083,1.3651519839186221
1790423779.8761246,2.078293007798493
1790423779.883611,17.48373100417666
1790423779.8837948,24.816081015160307
1790423779.884295,9.08339099260047
1790423779.8913746,31.0067190148402
1790423779.8921196,25.526689016260207
1790423779.893162,32.02433598926291
1790423779.8932805,17.144037992693484
1790423779.898057,2.3001029912848026
1790423779.8989177,28.1608089862857
1790423779.8997748,2.6708359946496785
1790423779.90054,21.1366529983934
1790423779.900691,32.3207360052038
1790423779.9091928,22.06153399311006
1790423779.910131,25.78200600692071
1790423779.9102168,9.664693003287539
1790423779.9118593,1.4478770026471466
1790423779.9127986,20.2055309782736
1790423779.9128678,8.133958996040747
1790423779.9129655,26.852612994844094
1790423779.9159205,1.6232370107900351
1790423779.91804,1.5519819862674922
1790423779.9211528,1.6273310175165534
1790423779.925013,17.508499004179612
1790423779.925284,25.43279601377435
1790423779.9253511,7.132508006179705
1790423779.9286172,1.3479460030794144
1790423779.9366658,1.2590329861268401
1790423779.9414039,1.1263159976806492
1790423779.9434967,1.2267010170035064
1790423779.9443088,1.502389000961557
1790423779.9494343,1.2079270090907812
1790423779.9600418,2.119867014698684
1790423779.9667368,1.3021309860050678
1790423779.9676726,1.6756140103098005
1790423779.969878,1.3163330149836838
1790423779.9774277,1.9463800126686692
1790423779.9777887,1.7607039771974087
1790423779.9870238,2.663302992004901
1790423779.9870915,2.0981220004614443
1790423779.992868,22.391902981325984
1790423779.9942608,14.759393001440912
1790423779.9943838,27.46707500773482
1790423779.99471,31.725873006507754
1790423779.994918,17.120142001658678
1790423779.9949899,6.983371014939621
1790423779.9950807,31.1135119991377
1790423779.9951565,6.563057977473363
1790423779.995217,25.24223498767242
1790423779.9975734,1.4851149753667414
1790423780.006046,2.177352987928316
1790423780.0061076,2.3153269721660763
1790423780.0101776,1.3909499975852668
1790423780.0113304,1.144916983321309
1790423780.0141766,24.621315009426326
1790423780.0151536,6.844504998298362
1790423780.015229,25.186860002577305
1790423780.0164614,1.7855969781521708
1790423780.0210264,1.2461029982659966
1790423780.0258183,1.18787499377504
1790423780.029052,2.0553429785650223
1790423780.0293663,1.477347017498687
1790423780.039004,22.932598018087447
1790423780.0398314,15.961410012096167
1790423780.0408409,10.94036499853246
1790423780.0420012,3.156689985189587
1790423780.055185,24.63456999976188
1790423780.0553658,2.2176060010679066
1790423780.055435,28.00848800688982
1790423780.0555089,15.666320017771795
1790423780.0595813,26.519047998590395
1790423780.0602942,1.6075910243671387
1790423780.0612526,29.37529599876143
1790423780.0614004,17.705671984003857
1790423780.0618591,1.555593975353986
1790423780.0672448,16.960131004452705
1790423780.0673964,5.420961999334395
1790423780.067505,32.142042997293174
1790423780.0675833,31.74508799565956
1790423780.0681763,1.719776017125696
1790423780.070691,1.644826988922432
1790423780.071363,1.3568959839176387
1790423780.0869305,24.41895499941893
1790423780.0870495,22.194527002284303
1790423780.087344,8.386559988139197
1790423780.0904086,1.4001299859955907
1790423780.0918667,1.3091750151943415
1790423780.0945578,1.3712860236410052
1790423780.0998247,16.90599901485257
1790423780.10025,3.8746159989386797
1790423780.1003313,25.609099975554273
1790423780.1011913,1.5511919918935746
1790423780.1028798,1.2071029923390597
1790423780.1072805,1.0522269876673818
1790423780.1118798,1.7164049786515534
1790423780.112712,1.2710270239040256
1790423780.1174438,1.3445679796859622
1790423780.1176748,1.2042899907100946
1790423780.1199832,1.2654160091187805
1790423780.1228395,1.101454981835559
1790423780.125046,1.5231530123855919
1790423780.13263,1.8686570110730827
1790423780.1348455,20.58429000317119
1790423780.1353998,14.581980998627841
1790423780.1354501,2.7191950066480786
1790423780.1409848,2.890367992222309
1790423780.1410918,3.986845986219123
1790423780.1561987,19.536929990863428
1790423780.1564622,25.326600996777415
1790423780.1568239,16.470282978843898
1790423780.1572804,2.087529021082446
1790423780.1588101,25.277287990320474
1790423780.1588821,28.59815099509433
1790423780.1590521,20.33096202649176
1790423780.1595492,2.0056399807799608
1790423780.1651075,27.397303987527266
1790423780.1652753,17.135386005975306
1790423780.1661246,1.8492889939807355
1790423780.1675909,1.3398370065260679
1790423780.1757405,1.860162999946624
1790423780.175798,1.4289910031948239
1790423780.1852,1.451276009902358
1790423780.190151,4.397250013425946
1790423780.1904821,24.749976000748575
1790423780.1912951,23.164059006376192
1790423780.1914992,6.205103010870516
1790423780.191894,4.999003984266892
1790423780.1928673,4.313265992095694
1790423780.1929338,2.36521998886019
1790423780.2130268,21.518002002267167
1790423780.2131138,23.415714997099712
1790423780.2245712,22.01598702231422
1790423780.2247112,18.11598998028785
1790423780.2365189,1.7548489850014448
1790423780.2445292,4.996244999347255
1790423780.2447112,22.626328020123765
1790423780.2448218,27.30251898174174
1790423780.2484539,2.013553021242842
1790423780.2523975,25.832854997133836
1790423780.253472,12.069093994796276
1790423780.2544658,6.883624009788036
1790423780.2545776,29.771589004667476
1790423780.260572,5.2006280166096985
1790423780.261251,30.018025019671768
1790423780.26196,19.599924999056384
1790423780.2627332,3.5355680156499147
1790423780.2629812,6.87214799108915
1790423780.2636638,6.367152993334457
1790423780.263912,34.35944701777771
1790423780.2640312,12.653154990402982
1790423780.2649078,1.9158129871357232
1790423780.269245,24.23884198651649
1790423780.2701085,2.707875013584271
1790423780.2702246,33.63992000231519
1790423780.2705112,12.237410992383957
1790423780.2705812,15.882236999459565
1790423780.2748394,1.6553429886698723
1790423780.295531,12.218179006595165
1790423780.2971668,23.143045022152364
1790423780.297254,11.745850992156193
1790423780.2990267,16.996167018078268
1790423780.3016224,30.710415012435988
1790423780.301708,11.865625012433156
1790423780.3037715,1.9538699998520315
1790423780.3069255,38.66684201057069
1790423780.308744,24.637355003505945
1790423780.3112364,32.893836993025616
1790423780.3113031,20.74623099179007
1790423780.3144484,18.51506400271319
1790423780.3148203,33.57207999215461
1790423780.3151886,3.648198995506391
1790423780.317981,4.018249019281939
1790423780.3265734,1.6200269747059792
1790423780.3312955,31.236509996233508
1790423780.3317218,16.370591009035707
1790423780.331801,39.76558198337443
1790423780.332548,16.96777599863708
1790423780.3326156,29.2875710001681
1790423780.3363988,1.8871509819291532
1790423780.3375335,1.9416440045461059
1790423780.3414087,1.9321699801366776
1790423780.3415706,24.79581697843969
1790423780.341991,29.428468988044187
1790423780.3420756,5.470800999319181
1790423780.3437932,1.6089440032374114
1790423780.345387,2.7159260062035173
1790423780.346447,1.775868993718177
1790423780.3467686,1.3719550042878836
1790423780.3509064,1.777249010046944
1790423780.3544984,1.5643590013496578
1790423780.354796,1.4016990025993437
1790423780.35862,21.076553995953873
1790423780.3589697,25.693688017781824
1790423780.3592172,7.409944984829053
1790423780.3593137,15.39804702042602
1790423780.3599634,2.482183976098895
1790423780.3613286,1.0834640124812722
1790423780.3651655,1.4127409958746284
1790423780.368176,1.6116100014187396
1790423780.3689504,1.1586479959078133
1790423780.3708236,1.8660200003068894
1790423780.3740158,1.103779999539256
1790423780.376855,1.2983569758944213
1790423780.3786523,1.7878379730973393
1790423780.3869717,2.637179015437141
1790423780.3870597,2.0244200131855905
1790423780.3924694,22.553632006747648
1790423780.3960128,26.635688001988456
1790423780.3961048,16.92670298507437
1790423780.4026701,1.8202349892817438
1790423780.4031978,21.0734480060637
1790423780.4039557,26.28668100805953
1790423780.404018,2.637085010064766
1790423780.413665,1.377209002384916
1790423780.4158778,7.689499005209655
1790423780.4164534,8.693676005350426
1790423780.416539,26.123096991796046
1790423780.4169765,1.9406189967412502
1790423780.4206169,1.4344920055009425
1790423780.426129,2.0004810066893697
1790423780.4267745,1.5481360023841262
1790423780.4306417,1.293213019380346
1790423780.4348633,26.07491100206971
1790423780.4349513,13.578169018728659
1790423780.4364507,1.301174983382225
1790423780.4377394,1.2798149837180972
1790423780.4394207,1.2298179790377617
1790423780.4460921,1.21673199464567
1790423780.4477608,1.106794021325186
1790423780.4547806,1.2246310070622712
1790423780.4602287,1.7270670214202255
1790423780.4606094,1.6173399926628917
1790423780.463851,1.376578991767019
1790423780.4668572,1.3420269824564457
1790423780.471127,18.787114007864147
1790423780.4717443,23.581123008625582
1790423780.4718094,10.67202299600467
1790423780.4797943,1.6682010027579963
1790423780.4843888,1.2962610053364187
1790423780.4939399,20.88993601500988
1790423780.494288,2.507148019503802
1790423780.4945545,1.6728350019548088
1790423780.498358,1.3412050029728562
1790423780.501372,1.4975660014897585
1790423780.5102954,1.8225210078526288
1790423780.510769,1.5600170008838177
1790423780.5131967,20.91821501380764
1790423780.5134602,23.391705995891243
1790423780.5137103,5.629348015645519
1790423780.514186,2.336648991331458
1790423780.516368,2.649629022926092
1790423780.5172544,1.3902020000386983
1790423780.5206175,1.3211479817982763
1790423780.5272045,1.4259959862101823
1790423780.5318258,1.3845060020685196
1790423780.5359623,20.940132992109284
1790423780.536565,22.23683800548315
1790423780.5366402,8.583113987697288
1790423780.5383534,1.2577290181070566
1790423780.538897,1.2429420021362603
1790423780.5506113,1.5398729883600026
1790423780.5509353,1.4123949804343283
1790423780.557849,1.2911399826407433
1790423780.5581458,1.19236099999398
1790423780.5631871,1.585044985404238
1790423780.5634463,1.3502219808287919
1790423780.564708,1.1257049918640405
1790423780.5676448,1.107553020119667
1790423780.575323,1.2010489881504327
1790423780.5797553,1.7256870050914586
1790423780.5824747,1.6571720188949257
1790423780.5828032,1.476271980209276
1790423780.5892317,1.7499910027254373
1790423780.604571,10.261724004521966
1790423780.604674,26.06439800001681
1790423780.6051784,2.0898120128549635
1790423780.6082375,2.4502979940734804
1790423780.62429,25.483473989879712
1790423780.6244261,29.461363999871537
1790423780.624492,16.770888993050903
1790423780.6252098,22.634382999967784
1790423780.6264648,7.71055300720036
1790423780.6265757,26.355804002378136
1790423780.6271982,1.9767599878832698
1790423780.6340046,14.519507996737957
1790423780.6340632,27.360215986846015
1790423780.641094,1.6967119881883264
1790423780.6414745,1.3656860101036727
1790423780.6440735,1.2953820114489645
1790423780.6535532,23.38027599034831
1790423780.653722,2.9549129831139
1790423780.6557035,2.563497022492811
1790423780.6558707,3.9995010010898113
1790423780.6560998,3.4936100128106773
1790423780.6561465,2.416165982140228
1790423780.658558,1.0208260209765285
1790423780.6799319,21.106371976202354
1790423780.6805346,2.317111997399479
1790423780.6816366,2.2955099993851036
1790423780.6837683,1.5073429967742413
1790423780.6886735,1.7221950110979378
1790423780.6904805,19.91971698589623
1790423780.6922207,3.535349009325728
1790423780.6923082,6.029569020029157
1790423780.6923723,26.42538701184094
1790423780.6950014,1.2376609956845641
1790423780.7000914,1.2236330076120794
1790423780.7042387,2.525852993130684
1790423780.7047243,1.9212350016459823
1790423780.7071283,1.2824310106225312
1790423780.712414,2.494259999366477
1790423780.727181,12.619785993592814
1790423780.727267,23.661006009206176
1790423780.7362876,24.865767016308382
1790423780.7363963,2.5833780237007886
1790423780.739986,2.125368977431208
1790423780.7416742,2.219874004367739
1790423780.7433045,1.6188000154215842
1790423780.7509966,26.435583014972508
1790423780.7513144,14.334640989545733
1790423780.7516577,2.6693879917729646
1790423780.7604883,1.654396008234471
1790423780.7632632,1.2721250241156667
1790423780.765467,1.4166139881126583
1790423780.766295,22.83932501450181
1790423780.766742,11.75000099465251
1790423780.7667956,2.304424997419119
1790423780.7721443,1.8900409922935069
1790423780.772966,1.483260013628751
1790423780.776891,1.1103709985036403
1790423780.7828016,1.1687450169119984
1790423780.8025556,21.345796005334705
1790423780.80316,6.803266005590558
1790423780.8114586,7.894046982983127
1790423780.8115468,23.89705498353578
1790423780.818285,2.3451570014003664
1790423780.8186903,1.5468320052605122
1790423780.8214934,1.2391020136419684
1790423780.8284104,23.40780501253903
1790423780.8299851,14.13682900601998
1790423780.8320694,4.177672992227599
1790423780.8322244,5.28636499075219
1790423780.8324494,3.519828984281048
1790423780.8327954,2.4442000139970332
1790423780.833185,1.5672270092181861
1790423780.8344758,1.1947719904128462
1790423780.836238,1.35502201737836
1790423780.8367732,1.1852869938593358
1790423780.8390822,1.068910991307348
1790423780.8440301,1.5493209939450026
1790423780.8446481,1.3539600186049938
1790423780.846354,1.6069129924289882
1790423780.8501315,2.6131889899261296
1790423780.8512154,2.002213994273916
1790423780.863651,1.54293401283212
1790423780.8672366,1.7303260101471096
1790423780.8674955,19.432699016761035
1790423780.86757,22.212837997358292
1790423780.869329,1.216793985804543
1790423780.8739133,1.2192570138722658
1790423780.876656,1.4971549971960485
1790423780.883065,1.9610600138548762
1790423780.8837612,1.5114959969650954
1790423780.8869598,16.771817987319082
1790423780.8873405,1.410351018421352
1790423780.8890338,24.73849698435515
1790423780.8891184,12.162374012405053
1790423780.8896408,5.478975013829768
1790423780.8897502,1.979694003239274
1790423780.895613,24.955539993243292
1790423780.897293,16.57986600184813
1790423780.8973784,25.293356011388823
1790423780.897689,12.337769992882386
1790423780.8977544,2.0812550210393965
1790423780.900881,1.4550580235663801
1790423780.908097,1.4539099938701838
1790423780.9104583,1.4409729919862002
1790423780.9157832,13.369852997129783
1790423780.91807,25.506567006232217
1790423780.9182265,26.62399099790491
1790423780.9183905,13.008885987801477
1790423780.918542,8.074301003944129
1790423780.919318,2.726656006416306
1790423780.9355433,1.7147990001831204
1790423780.9410903,19.873198005370796
1790423780.9416347,6.064373999834061
1790423780.9417243,27.35272000427358
1790423780.9424736,12.354089005384594
1790423780.9436572,26.759011001558974
1790423780.9445314,5.7822189992293715
1790423780.9452186,1.512734015705064
1790423780.9466164,1.2859769922215492
1790423780.9476,24.71185999456793
1790423780.9481266,8.88170101097785
1790423780.9482284,17.454129003454
1790423780.9498658,1.3059040065854788
1790423780.9529119,1.2764470011461526
1790423780.954812,1.2873790110461414
1790423780.9580567,1.4379170024767518
1790423780.9603453,1.1925779981538653
1790423780.967184,1.4127239992376417
1790423780.972311,2.592267992440611
1790423780.9724534,2.2515879827551544
1790423780.9743154,3.1090460252016783
1790423780.9751303,1.446557987947017
1790423780.9775035,1.2289629958104342
1790423780.9798207,22.754517005523667
1790423780.9803205,11.155145999509841
1790423780.9804068,7.627243991009891
1790423780.9811175,1.7789069970604032
1790423780.9845033,1.4394979807548225
1790423780.9906166,1.9620960229076445
1790423780.9914358,1.279766991501674
1790423780.9922092,1.3728000049013644
1790423781.005974,1.621470000827685
1790423781.0110419,1.7593590018805116
1790423781.0119293,1.7509289900772274
1790423781.0129416,23.60598198720254
1790423781.0134587,8.449365006526932
1790423781.0135272,2.4741310044191778
1790423781.0174,1.1572630028240383
1790423781.0191922,1.3136299967300147
1790423781.0193577,24.42404002067633
1790423781.0203166,11.51677398593165
1790423781.020413,8.323327987454832
1790423781.020889,1.2566689983941615
1790423781.0228894,1.0243119904771447
1790423781.0243883,1.1271160037722439
1790423781.024914,1.1712769919540733
1790423781.0281262,1.3235209917183965
1790423781.0315847,1.8873090157285333
1790423781.0318744,1.4216669951565564
1790423781.0325592,1.3990360021125525
1790423781.0330849,1.070628990419209
1790423781.0353062,1.421227992977947
1790423781.0383806,1.0432869894430041
1790423781.0437834,1.4438210055232048
1790423781.0486653,1.2808959872927517
1790423781.0559025,19.854570011375472
1790423781.05654,21.598004997940734
1790423781.056609,6.837110995547846
1790423781.0594428,2.562456007581204
1790423781.0599012,2.3204110038932413
1790423781.0641863,12.236971000675112
1790423781.0657241,2.870964992325753
1790423781.0657964,2.4605100043118
1790423781.0683756,18.12245202017948
1790423781.0686324,10.488819010788575
1790423781.0686922,25.889993994496763
1790423781.0735178,1.3106379774399102
1790423781.0772057,24.78694901219569
1790423781.0772874,16.960020002443343
1790423781.084193,2.0711669931188226
1790423781.0865555,3.849122003884986
1790423781.0866957,22.275389987044036
1790423781.089526,1.363944000331685
1790423781.0911949,1.4781029894948006
1790423781.091511,1.3572140014730394
1790423781.1052961,1.5518050058744848
1790423781.1054225,20.084994001081213
1790423781.1058974,22.603899997193366
1790423781.1059637,14.254990994231775
1790423781.1257899,1.2523089826572686
1790423781.136106,1.4093999925535172
1790423781.1384122,1.8404810107313097
1790423781.1442306,6.665730994427577
1790423781.1443067,20.98964000470005
1790423781.1465044,1.727511000353843
1790423781.147398,1.3309379864949733
1790423781.1504767,1.347062992863357
1790423781.1549094,1.2743379920721054
1790423781.1572852,1.2892129889223725
1790423781.190758,33.03891498944722
1790423781.1909392,22.84300999599509
1790423781.1911077,13.529013987863436
1790423781.1941705,28.134931024396792
1790423781.1944208,23.956121993251145
1790423781.1994863,14.624447998357937
1790423781.1995773,36.661760008428246
1790423781.1998506,17.733153013978153
1790423781.2001858,39.235364994965494
1790423781.202281,1.5474609972443432
1790423781.2035213,36.64332299376838
1790423781.2036018,14.969567011576146
1790423781.2068527,1.2964199995622039
1790423781.2123904,1.3163980038370937
1790423781.2148943,1.2912889942526817
1790423781.2316148,22.409045981476083
1790423781.2317748,16.87010400928557
1790423781.2336257,1.8413239740766585
1790423781.234553,1.381467009196058
1790423781.2359614,18.95155300735496
1790423781.2360249,26.006293977843598
1790423781.2400522,1.690600998699665
1790423781.2411315,14.090212993323803
1790423781.2418303,24.368707003304735
1790423781.2419646,1.6556770133320242
1790423781.2420192,2.7592669939622283
1790423781.247325,1.122197980294004
1790423781.251825,1.1415389890316874
1790423781.252315,1.203795021865517
1790423781.2562156,1.742723979987204
1790423781.2568681,1.808931992854923
1790423781.2569296,1.9737000111490488
1790423781.2626276,2.3740909819025546
1790423781.2652798,1.1216950078960508
1790423781.2687979,2.2848960070405155
1790423781.2733936,3.0045390012674034
1790423781.2757585,3.9887489983811975
1790423781.2802584,19.04067798750475
1790423781.2811062,23.313235986279324
1790423781.2811887,13.862972991773859
1790423781.2860909,25.44197702081874
1790423781.2861788,24.15068101254292
1790423781.2862785,18.0267860123422
1790423781.293942,1.5432410000357777
1790423781.301454,27.070187992649153
1790423781.3015454,1.9058919860981405
1790423781.3020957,26.01708099246025
1790423781.3050056,2.8548010159283876
1790423781.305088,2.405925013590604
1790423781.3058364,1.433708006516099
1790423781.3098252,1.3953509915154427
1790423781.3111043,1.2704780092462897
1790423781.3204274,1.3926689862273633
1790423781.3206697,2.2097800101619214
1790423781.3240476,1.8682389927562326
1790423781.325024,2.3242929892148823
1790423781.325077,1.9711239729076624
1790423781.3446898,3.348363999975845
1790423781.3452582,3.3293110027443618
1790423781.3562522,2.370639005675912
1790423781.356313,1.9366090127732605
1790423781.3705049,1.535899005830288
1790423781.3751905,13.353970978641883
1790423781.3755617,2.606911992188543
1790423781.3756375,25.699704012367874
1790423781.3775983,1.3830219977535307
1790423781.3864396,26.369592000264674
1790423781.386528,20.36181799485348
1790423781.3936594,1.8454530218150467
1790423781.3947475,1.6813819820526987
1790423781.3974102,1.2596560118254274
1790423781.3979065,23.92945101018995
1790423781.3980024,5.6917520123533905
1790423781.401113,1.1159330024383962
1790423781.4045005,1.244901999598369
1790423781.416343,1.3883440115023404
1790423781.4194407,1.4736730081494898
1790423781.4210844,11.537915997905657
1790423781.429365,24.952356005087495
1790423781.4297001,5.87845200789161
1790423781.43038,2.9655280231963843
1790423781.430443,1.5398650139104575
1790423781.4354343,23.32979498896748
1790423781.4359848,26.84982301434502
1790423781.436129,10.227077000308782
1790423781.4380438,1.9055510056205094
1790423781.4390526,1.9695539958775043
1790423781.4516466,1.694439008133486
1790423781.4569514,26.318580989027396
1790423781.457115,2.4707179982215166
1790423781.4573007,14.023402007296681
1790423781.4582243,2.995055983774364
1790423781.458283,2.0907889993395656
1790423781.4617403,1.161461987067014
1790423781.4664626,3.284900012658909
1790423781.4671123,3.43586498638615
1790423781.467367,3.1041710171848536
1790423781.4684114,1.037006004480645
1790423781.4698732,1.3472769933287054
1790423781.4701371,1.2175780138932168
1790423781.477428,1.8230450223200023
1790423781.4813914,3.2438120106235147
1790423781.4883735,2.408722008112818
1790423781.4927475,27.05605700612068
1790423781.495522,24.122630013152957
1790423781.4960265,31.23447301913984
1790423781.4963415,17.479587986599654
1790423781.4966211,10.171880014240742
1790423781.4967046,21.223226009169593
1790423781.4978352,4.6293819905258715
1790423781.497943,5.363925010897219
1790423781.5022266,2.520704991184175
1790423781.5035484,1.9388000073377043
1790423781.5074565,26.47637200425379
1790423781.5080178,22.877140989294276
1790423781.5081472,18.178964004619047
1790423781.5087633,1.9934419833589345
1790423781.5091496,34.11255401442759
1790423781.509462,11.415717017371207
1790423781.50956,4.795768007170409
1790423781.5145056,22.993373015196994
1790423781.5147913,15.540614986093715
1790423781.5152938,10.064856003737077
1790423781.5153995,35.41101000155322
1790423781.5190935,2.766598016023636
1790423781.5199735,3.0826610163785517
1790423781.5272324,21.26121800392866
1790423781.527701,26.964022021275014
1790423781.5277712,10.269277001498267
1790423781.5396557,20.192805997794494
1790423781.5397563,21.48941101040691
1790423781.5448027,1.2367279850877821
1790423781.5465176,1.1711159895639867
1790423781.5499198,1.247481006430462
1790423781.5516782,1.1026739957742393
1790423781.5593421,1.3415910070762038
1790423781.5597908,1.2550400278996676
1790423781.5697129,6.1468289932236075
1790423781.5762568,3.662437986349687
1790423781.5766976,3.5111690231133252
1790423781.578177,3.8780860195402056
1790423781.579259,3.916446992661804
1790423781.5809083,2.7098709833808243
1790423781.587832,1.1528210015967488
1790423781.5907047,1.305546989897266
1790423781.5912843,1.4011760067660362
1790423781.5992205,19.951223017415032
1790423781.6003504,24.04999200371094
1790423781.6005907,6.728443986503407
1790423781.6013985,1.6673470090609044
1790423781.6019418,1.22155700228177
1790423781.6099594,1.3551559823099524
1790423781.6141107,1.1327329848427325
1790423781.6210184,18.956623011035845
1790423781.6210804,4.904200002783909
1790423781.6263072,1.12029499723576
1790423781.6280475,1.1386469996068627
1790423781.6365724,1.7022450047079474
1790423781.6376963,18.728894996456802
1790423781.6382365,20.889814011752605
1790423781.6398776,2.1685700048692524
1790423781.6438496,1.4337309985421598
1790423781.6516361,1.582123019034043
1790423781.6620395,22.049088991479948
1790423781.6622288,23.330903000896797
1790423781.66335,25.069518014788628
1790423781.6634285,3.1238280062098056
1790423781.6643631,4.954077012371272
1790423781.6644485,28.602495993254706
1790423781.6652403,1.454040000680834
1790423781.6670897,1.1797229817602783
1790423781.6709805,1.1448640143498778
1790423781.676907,25.013234990183264
1790423781.6774173,15.903110994258896
1790423781.677492,5.9051080024801195
1790423781.6818342,1.3645779981743544
1790423781.6851118,1.464730012230575
1790423781.6877005,1.826498017180711
1790423781.6987822,20.032455009641126
1790423781.6995506,10.871128994040191
1790423781.6996891,24.834009003825486
1790423781.707238,1.687564013991505
1790423781.70845,2.0742769993375987
1790423781.7126014,9.126479009864852
1790423781.7132165,31.33806202095002
1790423781.7133813,2.3663500032853335
1790423781.7134762,5.528198002139106
1790423781.7177262,8.749776985496283
1790423781.7178977,31.472820992348716
1790423781.7179692,13.198385015130043
1790423781.720687,1.5959680022206157
1790423781.72421,1.932992017827928
1790423781.724266,1.4939240063540637
1790423781.7318592,1.0907849937211722
1790423781.7353053,1.5971400134731084
1790423781.7358506,1.329054997768253
1790423781.7377212,21.48537800530903
1790423781.738033,2.088201988954097
1790423781.738091,11.691156978486106
1790423781.749082,1.3560259831137955
1790423781.7516656,1.1438499786891043
1790423781.7539725,1.1438400251790881
1790423781.7562938,1.0616749932523817
1790423781.7595832,1.0819229937624186
1790423781.7656648,1.1983340082224458
1790423781.767901,1.301876996876672
1790423781.7685661,1.3888170069549233
1790423781.7812452,2.1222289942670614
1790423781.785884,1.79835400194861
1790423781.790071,1.5249889984261245
1790423781.7938569,24.194103985792026
1790423781.7940102,21.198511007241905
1790423781.79431,9.600377001333982
1790423781.7976236,26.553689007414505
1790423781.7977738,22.302700992440805
1790423781.7979965,9.887305001029745
1790423781.7987523,3.9463590073864907
1790423781.7988617,3.1448579975403845
1790423781.7989216,2.381169004365802
1790423781.8056653,1.2792870111297816
1790423781.8072348,1.1096490197815
1790423781.8093154,1.6672969795763493
1790423781.8103056,1.7301419866271317
1790423781.811019,1.5063699975144118
1790423781.8120534,1.6033800202421844
1790423781.8127456,1.0808430088218302
1790423781.8213623,1.1790980061050504
1790423781.8282857,1.4308069949038327
1790423781.829836,1.39799399767071
1790423781.845629,20.664217008743435
1790423781.8478503,17.901460989378393
1790423781.8481982,25.539142021443695
1790423781.8533702,27.882911992492154
1790423781.8548458,30.44437599601224
1790423781.8556132,23.030748998280615
1790423781.855863,6.15783900138922
1790423781.855939,7.064292003633454
1790423781.8592947,14.220640994608402
1790423781.859357,1.7326520173810422
1790423781.8708735,30.58666200377047
1790423781.8712142,10.983371990732849
1790423781.8713536,33.71483497903682
1790423781.871423,21.077707002405077
1790423781.8727746,30.866331013385206
1790423781.8728826,21.512738021556288
1790423781.8733997,12.245974998222664
1790423781.879068,4.880077001871541
1790423781.8791363,25.75565897859633
1790423781.879416,27.432817994849756
1790423781.8794775,2.4657470057718456
1790423781.8936667,1.2949610245414078
1790423781.8963313,1.9861810142174363
1790423781.8974135,2.222726005129516
1790423781.8975463,2.752378990408033
1790423781.8979366,1.5955489943735301
1790423781.8992317,1.2110020034015179
1790423781.900737,1.346495992038399
1790423781.9012916,1.1516179947648197
1790423781.9100587,1.239671983057633
1790423781.9152508,1.2553840060718358
1790423781.9170077,1.4392639859579504
1790423781.9194784,1.2680109939537942
1790423781.9206433,1.1576109973248094
1790423781.9226422,1.2501449964474887
1790423781.9246979,18.683364003663883
1790423781.925219,8.810939994873479
1790423781.9252923,2.642951993038878
1790423781.931198,1.1414600012358278
1790423781.9454453,1.5519750013481826
1790423781.9476779,20.461139996768907
1790423781.9477627,19.979240983957425
1790423781.9503562,2.1066319895908237
1790423781.9511077,1.5828580071683973
1790423781.960701,4.473370994674042
1790423781.960847,2.209015015978366
1790423781.9609487,24.07246798975393
1790423781.9631834,1.4391129952855408
1790423781.967952,21.315193007467315
1790423781.9680092,9.785647998796776
1790423781.9773867,2.6754749997053295
1790423781.9775455,2.1668890258297324
1790423781.9776049,2.06788899959065
1790423781.9807694,1.3436420122161508
1790423781.9816587,1.4290079998318106
1790423781.9821527,1.098353008273989
1790423781.984409,1.047054014634341
1790423781.987556,1.0299579880665988
1790423781.9939687,1.2206750106997788
1790423781.9950588,1.0821619944181293
1790423782.0021825,2.9003479867242277
1790423782.0034404,3.2443499949295074
1790423782.0037038,3.8389129913412035
1790423782.00558,1.3405009813141078
1790423782.0093682,11.80761301657185
1790423782.01033,20.79315998707898
1790423782.0104392,2.099519013427198
1790423782.0105085,9.030690998770297
1790423782.0127475,1.1655929847620428
1790423782.019809,2.2779049759265035
1790423782.0199034,1.9045000080950558
1790423782.0233798,20.573245972627774
1790423782.023785,23.029874020721763
1790423782.0238414,8.890208002412692
1790423782.0266786,1.1056340008508414
1790423782.0358467,1.922194001963362
1790423782.0382028,1.117363979574293
1790423782.0422988,1.1520269908942282
1790423782.0576596,24.595651018898934
1790423782.0580888,23.202927986858413
1790423782.0581703,3.957646986236796
1790423782.0628307,11.01251901127398
1790423782.0650334,2.9587220051325858
1790423782.065473,25.86525899823755
1790423782.065651,10.0680619943887
1790423782.0667338,1.690263015916571
1790423782.0747774,15.02542500384152
1790423782.0749087,6.2840370228514075
1790423782.074983,24.98761599417776
1790423782.077419,16.00724199670367
1790423782.077481,26.49948702310212
1790423782.0812292,1.3499950000550598
1790423782.0903196,5.584494007052854
1790423782.0903935,25.95846200711094
1790423782.0909636,1.266654988285154
1790423782.093767,1.1923419951926917
1790423782.0949433,1.1687709775287658
1790423782.0971859,1.3867749948985875
1790423782.0977132,1.1552470095921308
1790423782.0993516,1.1162610026076436
1790423782.1159992,1.5329779998864979
1790423782.1172385,18.479094986105338
1790423782.1201487,1.2833549990318716
1790423782.128875,1.396259991452098
1790423782.1319976,1.1630090011749417
1790423782.137915,1.1008029978256673
1790423782.1422439,1.3209870085120201
1790423782.1467125,1.479149010265246
1790423782.1487072,1.4213099784683436
1790423782.156245,1.5040280122775584
1790423782.1625812,1.581002987222746
1790423782.1645756,17.85165799083188
1790423782.164647,24.147571006324142
1790423782.172425,1.9551189907360822
1790423782.175481,1.291088992729783
1790423782.176527,22.98821898875758
1790423782.1765883,4.956546996254474
1790423782.184171,1.120066997827962
1790423782.191932,3.0814400233794004
1790423782.1923554,4.7514140023849905
1790423782.192621,4.399384022690356
1790423782.1941783,2.2337489936035126
1790423782.195932,1.742344000376761
1790423782.1960196,2.7727760025300086
1790423782.1980858,1.3453889987431467
1790423782.1984487,1.9372280221432447
1790423782.2016015,1.355532993329689
1790423782.2052176,1.2900840083602816
1790423782.2068248,1.2443980085663497
1790423782.209436,1.4601580041926354
1790423782.2116053,1.1228920193389058
1790423782.2150674,18.907969002611935
1790423782.2163932,26.31196498987265
1790423782.2166293,8.191125001758337
1790423782.216903,14.257545000873506
1790423782.217037,2.991478017065674
1790423782.219369,1.7107860185205936
1790423782.219444,2.21311001223512
1790423782.2245107,1.23880198225379
1790423782.2344642,1.5014880045782775
1790423782.235233,1.7122869903687388
1790423782.2372637,21.42198200454004
1790423782.2373414,19.234196020988747
1790423782.2390537,1.4755220036022365
1790423782.2526233,1.8608909740578383
1790423782.2535021,22.347677004290745
1790423782.2545605,11.718038003891706
1790423782.2552383,2.602569991722703
1790423782.2625751,16.7106979934033
1790423782.2626913,28.179512999486178
1790423782.2627883,8.859966008458287
1790423782.264263,14.049883000552654
1790423782.2647827,26.505360001465306
1790423782.2648606,9.610077016986907
1790423782.2778249,2.3022600216791034
1790423782.2820733,3.7700590037275106
1790423782.2829053,2.5480309850536287
1790423782.2830024,4.840295994654298
1790423782.2946043,2.2496909950859845
1790423782.294955,1.86251598643139
1790423782.2968607,23.396977980155498
1790423782.297667,28.130360005889088
1790423782.2977362,17.905340995639563
1790423782.3023882,1.8629289988894016
1790423782.3106306,2.153962996089831
1790423782.310936,1.876346010249108
1790423782.3111782,1.5571679978165776
1790423782.3134434,1.545474020531401
1790423782.3154485,1.579275995027274
1790423782.321248,2.984069025842473
1790423782.3223817,2.3368629917968065
1790423782.329021,4.165537015069276
1790423782.3290875,3.0438510002568364
1790423782.3293483,2.6038689829874784
1790423782.3295572,4.834280989598483
1790423782.3476272,1.882202021079138
1790423782.3517296,3.842580976197496
1790423782.3518522,22.42921502329409
1790423782.3571138,2.169364015571773
1790423782.3586903,1.706149021629244
1790423782.359421,1.4715639990754426
1790423782.3636327,1.5765400021336973
1790423782.3640726,1.4883590047247708
1790423782.3792465,2.117635973263532
1790423782.3837795,1.9369299989193678
1790423782.3847728,1.7518019885756075
1790423782.3882577,1.2815920053981245
1790423782.3899124,1.2369179748930037
1790423782.3930104,7.034021982690319
1790423782.3930717,22.791950992541388
1790423782.3964446,1.6852229891810566
1790423782.4027383,1.2309500016272068
1790423782.421647,9.761135006556287
1790423782.4219882,4.277712985640392
1790423782.422707,27.41988899651915
1790423782.4229002,3.9520430145785213
1790423782.423947,23.884603986516595
1790423782.4245794,11.921144992811605
1790423782.425243,5.198439001105726
1790423782.4261901,1.6016559966374189
1790423782.4287238,1.403110014507547
1790423782.4309993,1.563998986966908
1790423782.435975,19.158098002662882
1790423782.4363751,14.37473698752001
1790423782.4364698,28.344251011731103
1790423782.4384568,1.3673020002897829
1790423782.4505725,2.0662279857788235
1790423782.4520774,25.769191008294
1790423782.4521494,13.154345011571422
1790423782.4528928,2.18374899122864
1790423782.4743533,27.685132023179904
1790423782.4757938,10.990055016009137
1790423782.4758823,31.170151982223615
1790423782.4773195,31.287379999412224
1790423782.48433,3.6800710076931864
1790423782.487291,19.468585000140592
1790423782.4881973,32.357570016756654
1790423782.4883747,6.934981007361785
1790423782.488514,47.19116701744497
1790423782.48865,35.69409702322446
1790423782.488738,2.777587011223659
1790423782.4933348,1.4281320036388934
1790423782.4970047,24.020095996093005
1790423782.497132,31.30474401405081
1790423782.4972134,15.219607012113556
1790423782.5011103,24.99811298912391
1790423782.5017588,18.78631499130279
1790423782.501828,34.9644260131754
1790423782.5229154,2.2373649990186095
1790423782.5229986,22.99682900775224
1790423782.5254855,1.478016987675801
1790423782.5285153,2.7213770081289113
1790423782.5286415,2.3694789852015674
1790423782.5290513,1.6862319898791611
1790423782.5311747,1.3988220016472042
1790423782.5345845,1.225204992806539
1790423782.5389566,1.6022700001485646
1790423782.5416946,1.5103970072232187
1790423782.5423667,1.3541170046664774
1790423782.5569453,17.427723010769114
1790423782.5655568,7.554559997515753
1790423782.5657241,27.541258983546868
1790423782.5658288,20.98329199361615
1790423782.5669973,21.559543994953856
1790423782.567942,9.363460005261004
1790423782.5680506,29.053567996015772
1790423782.570998,20.837087999098003
1790423782.5752022,15.923026978271082
1790423782.575317,31.581224990077317
1790423782.575674,1.6654369828756899
1790423782.5775821,1.69593098689802
1790423782.5858526,1.5011619834695011
1790423782.5867019,29.58895399933681
1790423782.5875762,35.642978007672355
1790423782.5892475,17.63568600290455
1790423782.5899608,3.1656250066589564
1790423782.5901062,9.594901988748461
1790423782.5910456,1.7877669888548553
1790423782.5949235,22.66741098719649
1790423782.595076,12.994791002711281
1790423782.595189,31.82008399744518
1790423782.6005824,1.7907090077642351
1790423782.6021519,1.2906119809485972
1790423782.61528,5.283894977765158
1790423782.6153579,15.971739980159327
1790423782.6154485,4.620919993612915
1790423782.6155164,6.003877002513036
1790423782.615608,27.4854090239387
1790423782.6156845,4.226801014738157
1790423782.6157746,5.304413003614172
1790423782.616235,1.9789809884969145
1790423782.6184328,1.1334129958413541
1790423782.6198068,1.1707060039043427
1790423782.624374,1.330015977146104
1790423782.629123,1.2594079889822751
1790423782.6335008,1.235785020980984
1790423782.6354907,1.217440003529191
1790423782.6374817,1.203163992613554
1790423782.6422644,1.180252991616726
1790423782.6451344,1.3188140001147985
1790423782.650802,1.5425820020027459
1790423782.6558826,1.770155009580776
1790423782.6596582,1.4133900112938136
1790423782.662669,1.6108309791889042
1790423782.6637287,18.107621028320864
1790423782.6699476,22.300800017546862
1790423782.672032,4.084904008777812
1790423782.673163,30.617098993388936
1790423782.6732478,8.2966240006499
1790423782.6737566,18.739334016572684
1790423782.6739333,17.76945500751026
1790423782.6748497,6.173145986394957
1790423782.6749868,12.304910022066906
1790423782.6752248,36.9691849919036
1790423782.675676,6.426309992093593
1790423782.677065,2.8060469776391983
1790423782.6855028,1.8592260021250695
1790423782.6865726,1.9816879939753562
1790423782.6975274,4.0366160101257265
1790423782.6980782,5.145531991729513
1790423782.699703,1.6149470175150782
1790423782.6997726,2.387566986726597
1790423782.7090235,3.4687219886109233
1790423782.7134295,4.902197979390621
1790423782.7165418,3.676899999845773
1790423782.7172155,26.441699999850243
1790423782.718385,24.30820997687988
1790423782.7187448,12.589557009050623
1790423782.7190325,8.92627501161769
1790423782.7195587,8.214895002311096
1790423782.7199273,4.91999599034898
1790423782.7218757,4.158769006608054
1790423782.722873,2.0240260055288672
1790423782.7241704,2.102838014252484
1790423782.7251792,1.9307199981994927
1790423782.728087,1.8107090145349503
1790423782.7311456,19.166046986356378
1790423782.731648,24.643616983667016
1790423782.7326021,12.81343400478363
1790423782.7326787,31.929088989272714
1790423782.7328143,7.1841660246718675
1790423782.73287,3.684563998831436
1790423782.7473397,2.7101750019937754
1790423782.7478058,2.115921990480274
1790423782.755391,2.0817659969907254
1790423782.7563329,9.644429985200986
1790423782.756481,26.680429989937693
1790423782.7597358,1.627150981221348
1790423782.7658598,17.27423700504005
1790423782.768901,1.767861976986751
1790423782.7697237,26.238152000587434
1790423782.7706625,2.5872069818433374
1790423782.7707617,10.760870995000005
1790423782.77749,2.0337110036052763
1790423782.7786813,7.166064984630793
1790423782.7787592,26.04491700185463
1790423782.779936,30.32515401719138
1790423782.780179,18.381116999080405
1790423782.781254,2.315318997716531
1790423782.781321,1.9642469997052103
1790423782.7839782,29.615901003126055
1790423782.784267,18.294334993697703
1790423782.78433,10.170225985348225
1790423782.7880297,2.1170400141272694
1790423782.7933724,1.4898579975124449
1790423782.7953138,1.6405139758717269
1790423782.8130574,10.799148003570735
1790423782.8134913,28.98001001449302
1790423782.8136842,27.238429989665747
1790423782.8146384,1.9548689888324589
1790423782.8149781,26.772201992571354
1790423782.815324,7.158332999097183
1790423782.8153994,28.163139999378473
1790423782.8219318,1.940751011716202
1790423782.8281236,2.4913439992815256
1790423782.836019,1.6227680025622249
1790423782.838646,26.63586800917983
1790423782.838824,28.235169011168182
1790423782.838912,11.913066991837695
1790423782.8420296,1.5257610066328198
1790423782.8452187,1.350836973870173
1790423782.855268,22.87697501014918
1790423782.8561144,29.8276930116117
1790423782.8561943,10.536482004681602
1790423782.863405,1.6188389854505658
1790423782.8709335,14.015794993611053
1790423782.8710973,23.858232016209513
1790423782.8728094,1.4020020025782287
1790423782.8785481,1.881377014797181
1790423782.8818924,1.440653984900564
1790423782.898405,12.567634985316545
1790423782.898911,28.842641011578962
1790423782.899533,3.374102001544088
1790423782.9016635,1.7308569804299623
1790423782.9059157,3.3119230065494776
1790423782.907739,2.8359779971651733
1790423782.9080482,2.6229179929941893
1790423782.9140997,1.858439005445689
1790423782.9157314,1.349636004306376
1790423782.9174283,1.5148829843383282
1790423782.9205174,25.094834010815248
1790423782.9253886,2.8709539910778403
1790423782.9269023,23.043533001327887
1790423782.92708,2.346509019844234
1790423782.9271626,13.894555013393983
1790423782.927519,29.827583028236404
1790423782.9275897,3.688465978484601
1790423782.9356775,1.650199992582202
1790423782.9360144,1.4242739998735487
1790423782.938425,1.3401090109255165
1790423782.9398432,1.4083830174058676
1790423782.9424136,1.1746069940272719
1790423782.944455,1.2585160147864372
1790423782.9579763,1.611902000149712
1790423782.974959,15.941535006277263
1790423782.9751356,4.396215983433649
1790423782.9752095,27.83919998910278
1790423782.9853055,19.40285201999359
1790423782.9881852,29.831361985998228
1790423782.9890864,44.504220015369356
1790423782.9896443,18.000579002546147
1790423782.9984705,25.43458400759846
1790423782.9986942,37.21486500580795
1790423782.9988499,15.848250011913478
1790423783.0008953,4.148297011852264
1790423783.001444,46.406758017838
1790423783.0016797,36.460094997892156
1790423783.0039074,23.63717299886048
1790423783.004386,34.35811700182967
1790423783.0056875,23.72291500796564
1790423783.006374,28.925129008712247
1790423783.007196,38.4713769890368
1790423783.00754,21.951025002636015
1790423783.0177526,36.39288397971541
1790423783.0180068,26.55737000168301
1790423783.0182886,29.98478099470958
1790423783.0183656,7.103572977939621
1790423783.0310225,5.096238979604095
1790423783.0311422,32.232680008746684
1790423783.0326035,56.51101001421921
1790423783.0388355,30.78207900398411
1790423783.039564,9.91762601188384
1790423783.039669,33.22464297525585
1790423783.0418544,38.495813991175964
1790423783.0428843,42.75706800399348
1790423783.0429783,14.003447984578088
1790423783.0459123,30.146029981551692
1790423783.0459833,7.996743981493637
1790423783.0557747,1.5138699964154512
1790423783.0570877,1.303935016039759
1790423783.0630713,1.4725530054420233
1790423783.0646694,2.344686014112085
1790423783.0655718,1.3383070181589574
1790423783.0767307,2.3540690017398447
1790423783.0770884,2.1407019812613726
1790423783.0788252,1.3295120152179152
1790423783.0842643,1.3892340066377074
1790423783.0861015,1.6065940144471824
1790423783.0864623,22.653408988844603
1790423783.0871074,26.003161998232827
1790423783.0873172,11.09224499668926
1790423783.0887973,1.601849013241008
1790423783.089473,1.6359169967472553
1790423783.0916038,1.3609120214823633
1790423783.0937612,1.2761950201820582
1790423783.1019013,1.440068008378148
1790423783.11557,21.31330399424769
1790423783.1159089,2.177889982704073
1790423783.1223614,1.6275479865726084
1790423783.1228793,1.5462960000149906
1790423783.124088,1.200480997795239
1790423783.1315637,1.7147170146927238
1790423783.1318598,1.5759189845994115
1790423783.1391768,25.370540999574587
1790423783.1400945,15.900875994702801
1790423783.1402383,27.292926999507472
1790423783.1402934,5.7736230082809925
1790423783.1562312,27.118281985167414
1790423783.156388,27.78268398833461
1790423783.1575527,5.965560994809493
1790423783.1650598,1.611945015611127
1790423783.1715884,18.26895700651221
1790423783.17229,31.454643001779914
1790423783.1727254,7.112302992027253
1790423783.1731236,16.135404992382973
1790423783.1732929,5.713754013413563
1790423783.1734073,30.20662799826823
1790423783.1867764,1.9932809809688479
1790423783.1899853,29.308658005902544
1790423783.190659,3.67535901023075
1790423783.191141,38.89240001444705
1790423783.191324,22.281780984485522
1790423783.1965787,22.038040013285354
1790423783.2001104,29.433521995088086
1790423783.2001836,11.985974997514859
1790423783.2030728,1.4780769997742027
1790423783.2035933,1.3768839999102056
1790423783.2039642,20.53962298668921
1790423783.2057424,15.071744011947885
1790423783.2060173,24.780599982477725
1790423783.2074997,1.2507840001489967
1790423783.213827,1.2712420138996094
1790423783.216375,1.168966991826892
1790423783.218924,1.1525159934535623
1790423783.2289119,1.7907939909491688
1790423783.2295375,1.3999810034874827
1790423783.239098,19.7781230090186
1790423783.244255,1.496006007073447
1790423783.2505064,1.701881003100425
1790423783.2511892,1.593901019077748
1790423783.2529528,23.08211600757204
1790423783.2530181,4.741627984913066
1790423783.2608798,1.515017997007817
1790423783.2628894,1.2234720052219927
1790423783.2654548,1.3418330054264516
1790423783.26966,1.9900129991583526
1790423783.2863882,21.564894006587565
1790423783.2875097,2.0177619880996644
1790423783.2895668,1.3094409951008856
1790423783.293657,1.2156210141256452
1790423783.295019,1.2466610060073435
1790423783.3008406,1.5612340066581964
1790423783.3025951,1.7454400076530874
1790423783.3064363,1.6739809943828732
1790423783.3080685,1.2084699992556125
1790423783.310655,1.5261619992088526
1790423783.3122284,1.5627480170223862
1790423783.317198,1.9302899891044945
1790423783.3177404,1.6534519963897765
1790423783.3237863,2.127348998328671
1790423783.3262482,1.925368997035548
1790423783.3266568,1.7074760107789189
1790423783.328386,22.80147699639201
1790423783.3292596,27.992179995635524
1790423783.3303716,15.745966986287385
1790423783.3304534,7.52132898196578
1790423783.3324077,2.5672079937066883
1790423783.3324687,2.9013090243097395
1790423783.3445911,4.443394980626181
1790423783.354801,20.909529994241893
1790423783.360821,17.94219098519534
1790423783.3613408,30.33655500621535
1790423783.3621233,9.051203989656642
1790423783.3633862,1.8245379906147718
1790423783.3650634,23.40583800105378
1790423783.3698685,24.486512993462384
1790423783.370142,32.01662498759106
1790423783.3729355,34.01631797896698
1790423783.3731055,4.5028649910818785
1790423783.3732815,25.574308005161583
1790423783.3738177,11.342341982526705
1790423783.376226,20.006783975986764
1790423783.3769605,36.33432398783043
1790423783.3772285,30.150389997288585
1790423783.3774722,13.46861501224339
1790423783.37755,18.927043973235413
1790423783.3777347,5.702362017473206
1790423783.3778188,17.721993004670367
1790423783.3780158,36.2175960035529
1790423783.3780935,11.16573900799267
1790423783.379096,4.515103006269783
1790423783.3798485,1.5305390115827322
1790423783.392031,1.6495159943588078
1790423783.3964431,1.868674997240305
1790423783.4004464,29.009104007855058
1790423783.4005451,18.127959978301078
1790423783.401945,4.216656001517549
1790423783.4088438,2.5358760030940175
1790423783.4162824,26.42585599096492
1790423783.4200253,33.32401500665583
1790423783.4201584,19.33949999511242
1790423783.4206712,12.787322018994018
1790423783.421942,3.2538649975322187
1790423783.4352677,30.94464898458682
1790423783.4405696,29.71744499518536
1790423783.4420805,36.48723801597953
1790423783.4424467,28.242651984328404
1790423783.443243,39.931104984134436
1790423783.4446034,6.857393978862092
1790423783.445436,13.62953000352718
1790423783.4456656,46.80644001928158
1790423783.4461722,30.698920018039644
1790423783.4500346,38.423602003604174
1790423783.4501617,6.225335004273802
1790423783.4510677,12.503842997830361
1790423783.451168,18.636546010384336
1790423783.4513357,4.926306020934135
1790423783.4611468,26.812661002622917
1790423783.46128,5.559543991694227
1790423783.461402,40.57624802226201
1790423783.4615173,21.704135986510664
1790423783.465746,2.0595100068021566
1790423783.4692397,46.73055399325676
1790423783.4693925,39.073587016901
1790423783.4706511,26.851401024032384
1790423783.4707534,35.13914201175794
1790423783.4712079,5.448862008051947
1790423783.4712899,15.447448997292668
1790423783.4823725,24.324903992237523
1790423783.484366,35.54280099342577
1790423783.4846833,4.04723099200055
1790423783.4940567,32.272637996356934
1790423783.4942908,35.18234600778669
1790423783.495226,4.191265994450077
1790423783.5009716,4.487585014430806
1790423783.5010767,34.668678999878466
1790423783.510459,2.7034420054405928
1790423783.510668,5.943155003478751
1790423783.5107698,28.323334001470357
1790423783.5110927,27.648930001305416
1790423783.5116477,6.147774984128773
1790423783.521656,2.6488230214454234
1790423783.521763,3.392294980585575
1790423783.5305529,2.115129987942055
1790423783.5309737,1.8534999981056899
1790423783.5378227,22.211654984857887
1790423783.5397637,19.35145098832436
1790423783.541415,28.637123992666602
1790423783.5415337,8.554622007068247
1790423783.5446062,19.508282013703138
1790423783.544931,30.209591990569606
1790423783.545017,4.693808994488791
1790423783.548847,2.18577598570846
1790423783.5607357,4.672052979003638
1790423783.5608482,4.62870200863108
1790423783.5644126,2.0307759987190366
1790423783.5652356,1.9214299973100424
1790423783.5754118,17.983783007366583
1790423783.5766928,28.83083399501629
1790423783.5768425,6.1920360021758825
1790423783.5788488,27.717240009224042
1790423783.579222,20.029362000059336
1790423783.5806713,5.244572006631643
1790423783.5812364,32.19215301214717
1790423783.5830705,3.437497973209247
1790423783.5833323,2.6486880087759346
1790423783.5839634,2.2859520104248077
1790423783.5890903,1.693765982054174
1790423783.591192,1.6278419934678823
1790423783.59755,2.3008499993011355
1790423783.599899,22.46224001282826
1790423783.6005473,31.8705239915289
1790423783.601398,15.13638100004755
1790423783.6016195,5.609165993519127
1790423783.6085227,2.4532420211471617
1790423783.6251645,27.252138999756426
1790423783.626266,19.602432992542163
1790423783.6265743,25.788767001358792
1790423783.6281025,35.7844450045377
1790423783.6284935,34.932275011669844
1790423783.6288347,24.090853985399008
1790423783.6290085,6.32407798548229
1790423783.63001,17.98115999554284
1790423783.6302443,6.681280006887391
1790423783.631688,27.584781986661255
1790423783.631775,18.698272993788123
1790423783.632059,7.970078004291281
1790423783.6459653,26.873972004977986
1790423783.646096,17.075349984224886
1790423783.6463275,29.752456001006067
1790423783.647192,1.6921799979172647
1790423783.6540456,26.503581000724807
1790423783.6541338,14.33417500811629
1790423783.657766,1.402208989020437
1790423783.6613328,2.4218690232373774
1790423783.6632736,19.447044003754854
1790423783.6648982,26.08108299318701
1790423783.665281,5.416282976511866
1790423783.6678927,3.895829984685406
1790423783.6691115,3.818339988356456
1790423783.6692672,4.831040016142651
1790423783.6769333,1.7929179884959012
1790423783.6895566,18.748350004898384
1790423783.6904442,27.160041994648054
1790423783.6911795,24.502292013494298
1790423783.6916153,31.178578996332362
1790423783.6923354,15.123018994927406
1790423783.7008762,28.28811400104314
1790423783.7020152,34.82987100142054
1790423783.7033305,18.5398850007914
1790423783.7034857,5.7835660118144006
1790423783.707332,1.661011017858982
1790423783.7112865,20.828017994062975
1790423783.7117376,39.5835840026848
1790423783.7119942,9.248712012777105
1790423783.7138965,5.510148999746889
1790423783.715088,23.33315700525418
1790423783.7153134,2.8184639813844115
1790423783.7157507,2.4593919806648046
1790423783.7178452,31.82934899814427
1790423783.7184048,14.63788899127394
1790423783.7206125,11.569177993806079
1790423783.7206979,3.569930006051436
1790423783.7207725,5.4513039940502495
1790423783.7215316,2.598712017061189
1790423783.7236037,1.8085930205415934
1790423783.7242053,31.857160007348284
1790423783.7267888,22.1298249962274
1790423783.7269497,10.539871989749372
1790423783.7281432,17.501819995231926
1790423783.7283282,41.27828998025507
1790423783.7285013,5.340178002370521
1790423783.756622,28.983766009332612
1790423783.7567961,16.035908018238842
1790423783.7587547,19.423536024987698
1790423783.7589269,31.749939982546493
1790423783.7614233,24.37237900448963
1790423783.7622132,36.98090300895274
1790423783.7624543,33.534644986502826
1790423783.7626565,36.33579099550843
1790423783.7648787,31.1998019751627
1790423783.764957,27.042862988309935
1790423783.7653167,10.722250997787341
1790423783.7661953,24.05490801902488
1790423783.767416,7.718469976680353
1790423783.767794,10.767343017505482
1790423783.7684956,7.060861011268571
1790423783.7702076,6.885696988319978
1790423783.7739904,7.786077010678127
1790423783.7762399,2.1188929968047887
1790423783.7821355,2.3362410138361156
1790423783.792725,15.167914010817185
1790423783.7930708,24.564134975662455
1790423783.7932599,35.36401499877684
1790423783.7937193,29.68449698528275
1790423783.7938766,19.03852299437858
1790423783.7939713,13.612504000775516
1790423783.797194,30.21382598672062
1790423783.7973902,21.141025994438678
1790423783.7989933,34.56613401067443
1790423783.7992284,3.5582020063884556
1790423783.7993464,16.467520996229723
1790423783.801089,1.5301730018109083
1790423783.8069124,2.284793008584529
1790423783.807416,2.145302976714447
1790423783.8102348,2.4403769930358976
1790423783.8109639,12.875093991169706
1790423783.811215,5.872781010111794
1790423783.8118362,30.70768399629742
1790423783.812782,3.0665419762954116
1790423783.8134212,2.1977889991831034
1790423783.813479,1.4982139982748777
1790423783.8152542,1.1980820272583514
1790423783.819384,1.2755240022670478
1790423783.8221512,2.229353995062411
1790423783.8230853,1.4423709944821894
1790423783.8470094,15.580806997604668
1790423783.8471181,26.250414026435465
1790423783.856342,27.4722829926759
1790423783.8565235,19.095383991952986
1790423783.8576226,2.579621010227129
1790423783.8605373,17.11854201857932
1790423783.8676653,34.154541994212195
1790423783.8682716,15.556539001408964
1790423783.8691773,9.325149992946535
1790423783.8695729,8.574418985517696
1790423783.8705347,32.45554698514752
1790423783.8726456,2.783389005344361
1790423783.8733654,2.2971300058998168
1790423783.874713,21.20870299404487
1790423783.8786726,1.6518630145583302
1790423783.87954,2.0174979872535914
1790423783.8824756,31.228295003529638
1790423783.882594,10.682369000278413
1790423783.8827236,17.117837007390335
1790423783.8829687,4.1691169899422675
1790423783.8833954,2.413109003100544
1790423783.8876352,19.324165012221783
1790423783.8906474,16.770368005381897
1790423783.8914478,3.800333011895418
1790423783.8923156,11.760758992750198
1790423783.89245,30.819567007711157
1790423783.8925343,4.326209018472582
1790423783.8928947,3.944238997064531
1790423783.8929648,3.1859310111030936
1790423783.900461,1.7812300065997988
1790423783.9050634,1.3685550075024366
1790423783.9073534,1.2083739857189357
1790423783.91899,1.5019569837022573
1790423783.9265811,1.4458280056715012
1790423783.9277112,12.595423002494499
1790423783.9277833,20.22706501884386
1790423783.9314334,1.6694310179445893
1790423783.933291,1.8472470110282302
1790423783.935269,1.2062850000802428
1790423783.943237,1.5497010026592761
1790423783.9441206,12.205041974084452
1790423783.9545925,22.058085014577955
1790423783.9572258,2.159556985134259
1790423783.958227,2.5842940085567534
1790423783.9659069,1.4465010026469827
1790423783.9708066,1.849397987825796
1790423783.974313,14.543328987201676
1790423783.9744115,27.502081997226924
1790423783.9748552,2.2500140185002238
1790423783.9846215,22.435779974330217
1790423783.9850965,1.8845630111172795
1790423783.9905725,6.663951993687078
1790423783.9906855,34.3525399803184
1790423783.990778,15.911350026726723
1790423783.9943998,15.963135985657573
1790423783.995122,28.860629012342542
1790423783.9952524,7.166344003053382
1790423783.9983022,2.6066309947054833
1790423783.9989963,2.168944018194452
1790423783.9990816,18.39640797697939
1790423784.0015855,31.61652700509876
1790423784.001675,4.031617019791156
1790423784.0019515,13.170607999200001
1790423784.0024738,1.894649991299957
1790423784.0057988,1.5563299821224064
1790423784.009845,1.599388982867822
1790423784.011648,19.079891993897036
1790423784.0124645,27.31959498487413
1790423784.012585,12.534895009594038
1790423784.0126507,3.5952620091848075
1790423784.0214658,1.643209980102256
1790423784.0217648,1.411616976838559
1790423784.025046,1.40426802681759
1790423784.0308788,1.5888519992586225
1790423784.0314047,1.4857779897283763
1790423784.0357294,1.6903129871934652
1790423784.0375934,18.80715598235838
1790423784.0381129,24.226763984188437
1790423784.0384066,12.898140004836023
1790423784.0384774,2.7357270009815693
1790423784.0572114,2.1167999948374927
1790423784.057521,16.935395018663257
1790423784.0583732,1.6712780052330345
1790423784.0634532,23.364442022284493
1790423784.063937,4.60641598328948
1790423784.0683312,1.588740007719025
1790423784.070446,18.146891001379117
1790423784.0748844,1.8228889966849238
1790423784.0752523,9.085255005629733
1790423784.0753164,26.9171450054273
1790423784.084021,1.2400340056046844
1790423784.0891728,2.271190984174609
1790423784.107239,19.40784399630502
1790423784.1082423,29.42450501723215
1790423784.1085658,4.959621001034975
1790423784.1111705,22.43338100379333
1790423784.11643,1.7718780145514756
1790423784.1175392,12.306435994105414
1790423784.1186256,32.26024500327185
1790423784.118717,2.1651890128850937
1790423784.1208904,29.154199990443885
1790423784.12217,32.65711199492216
1790423784.1223638,16.498988989042118
1790423784.124286,3.258325014030561
1790423784.1254728,22.54453400382772
1790423784.125944,33.64689298905432
1790423784.1271303,4.669905989430845
1790423784.1272027,20.523884013528004
1790423784.139305,3.4519720065873116
1790423784.1438084,15.604662999976426
1790423784.1490533,24.758148996625096
1790423784.1524756,14.784858998609707
1790423784.1558378,16.306625999277458
1790423784.1574767,32.57020900491625
1790423784.1591866,12.091360025806352
1790423784.159308,18.649213976459578
1790423784.1597855,33.156293007778004
1790423784.159895,3.472559998044744
1790423784.162022,17.11473800241947
1790423784.1726933,31.172729009995237
1790423784.1737068,25.328752992209047
1790423784.1754875,38.80209699855186
1790423784.176344,8.85549999657087
1790423784.176587,32.2906450019218
1790423784.178433,28.647653001826257
1790423784.1786594,7.609106018207967
1790423784.1788394,40.30262300511822
1790423784.179359,2.289632015163079
1790423784.1880248,7.12609599577263
1790423784.1880958,13.698975002625957
1790423784.1887138,38.30042001209222
1790423784.1891112,37.68915400723927
1790423784.1900969,2.9145920125301927
1790423784.1928344,1.4210609951987863
1790423784.1971927,22.176808008225635
1790423784.1987684,13.37728401995264
1790423784.1997776,33.49765599705279
1790423784.2001495,7.170101016527042
1790423784.2006328,3.3108399948105216
1790423784.2045944,28.967323014512658
1790423784.2057328,35.559439013013616
1790423784.2065225,19.516366999596357
1790423784.2080617,14.128080976661295
1790423784.2096307,3.09719899087213
1790423784.2191079,23.355999001068994
1790423784.2193973,9.476258972426876
1790423784.219498,30.76981898630038
1790423784.2195795,14.010744023835286
1790423784.2320375,10.235206980723888
1790423784.2333632,34.14944000542164
1790423784.233439,22.656307992292568
1790423784.234034,7.584712002426386
1790423784.2346792,5.050902022048831
1790423784.2354426,22.276042989687994
1790423784.2406147,33.40567901614122
1790423784.2410808,18.616591987665743
1790423784.2412524,14.14401299552992
1790423784.2421799,2.7701309882104397
1790423784.2427223,21.533627004828304
1790423784.2451198,27.202316996408626
1790423784.2462015,37.09018399240449
1790423784.246706,21.353343006921932
1790423784.246826,18.86196099803783
1790423784.2509189,21.937791985692456
1790423784.2512763,25.252407998777926
1790423784.2516673,3.4074030118063092
1790423784.2518137,31.8843649874907
1790423784.2519028,3.0815759964752942
1790423784.260604,28.06132097612135
1790423784.2606995,5.053236003732309
1790423784.2728705,26.65694398456253
1790423784.2729564,6.41837200964801
1790423784.2784095,24.346908001461998
1790423784.2784872,8.07138200616464
1790423784.281585,25.38536800420843
1790423784.282803,2.141459990525618
1790423784.2834845,1.5138049784582108
1790423784.286246,1.7419150099158287
1790423784.286894,1.8780829850584269
1790423784.287517,1.249838009243831
1790423784.2950597,1.349667989416048
1790423784.302437,1.260183984413743
1790423784.3050992,1.225546991918236
1790423784.306517,1.3054789742454886
1790423784.309212,1.1875549971591681
1790423784.310736,1.210151007398963
1790423784.3188465,1.303782977629453
1790423784.3228726,1.6041650087572634
1790423784.3232887,1.5218769840430468
1790423784.3314617,1.3734610110986978
1790423784.3349347,2.964564017020166
1790423784.3375034,4.343778011389077
1790423784.3376412,5.071908002719283
1790423784.3393464,2.38831399474293
1790423784.3401327,5.666981014655903
1790423784.3414903,2.133440983016044
1790423784.3441007,1.3711799983866513
1790423784.3602867,20.294631976867095
1790423784.3693027,19.08943901071325
1790423784.3736854,31.55904999584891
1790423784.3835802,37.53937501460314
1790423784.3844006,15.742440999019891
1790423784.3862007,50.639583001611754
1790423784.3914378,30.201262998161837
1790423784.402607,49.35774698969908
1790423784.4072785,46.758110023802146
1790423784.4096005,64.25700901309028
1790423784.4097393,68.97469502291642
1790423784.4147425,37.018759991042316
1790423784.4181583,70.44059902545996
1790423784.4214725,38.635655015241355
1790423784.425934,40.358589991228655
1790423784.427619,40.75105400988832
1790423784.4320242,57.244555006036535
1790423784.4327238,47.838317026617005
1790423784.433824,43.7447419972159
1790423784.4339323,31.31259899237193
1790423784.4362023,13.388345018029213
1790423784.4374182,48.90682699624449
1790423784.4375787,24.876836978364736
1790423784.4379249,67.9490549955517
1790423784.4393718,2.607813017675653
1790423784.4441087,63.43155200011097
1790423784.4446146,58.28398000448942
1790423784.4462843,74.56361700315028
1790423784.4467773,49.18951200670563
1790423784.447973,52.97221400542185
1790423784.448481,42.14160199626349
1790423784.4490283,56.04905899963342
1790423784.449065,31.052047008415684
1790423784.4491532,5.9278350090608
1790423784.4492157,15.128044004086405
1790423784.4498518,66.03493800503202
1790423784.4509523,60.246198991080746
1790423784.4511995,51.48263499722816
1790423784.4534714,44.823672011261806
1790423784.4552436,19.017782993614674
1790423784.4560037,42.59274300420657
1790423784.4565783,52.151618991047144
1790423784.4570386,35.119555017445236
1790423784.4575841,30.990819010185078
1790423784.4576657,60.79537500045262
1790423784.4579,16.09196898061782
1790423784.4594288,6.751512992195785
1790423784.4601636,4.148691979935393
1790423784.4603193,3.730201016878709
1790423784.4607449,2.0811269932892174
1790423784.4740152,28.271982009755448
1790423784.4747074,3.077316010603681
1790423784.4754894,20.234186988091096
1790423784.4762027,9.452819009311497
1790423784.4773302,2.601660991786048
1790423784.4774132,3.341666015330702
1790423784.480492,2.186628000345081
1790423784.4815197,1.8157519807573408
1790423784.4851274,1.6498600016348064
1790423784.4895115,27.855487016495317
1790423784.489936,5.9662019775714725
1790423784.4901373,20.230536989402026
1790423784.4902291,14.727087982464582
1790423784.490698,3.01311700604856
1790423784.4911063,2.438600000459701
1790423784.4926383,1.3837559963576496
1790423784.4953923,1.5188560064416379
1790423784.4968684,1.467110007070005
1790423784.4977772,1.6431340191047639
1790423784.5007145,1.5574129938613623
1790423784.5051615,2.383995015406981
1790423784.5064154,2.37134299823083
1790423784.5075405,1.937067019753158
1790423784.5129638,1.7842570086941123
1790423784.520926,17.555804981384426
1790423784.524139,2.2387960052583367
1790423784.5249481,1.7578339902684093
1790423784.5284524,13.286233996041119
1790423784.5285487,29.92917099618353
1790423784.5376346,1.7202440067194402
1790423784.5405104,29.95100399130024
1790423784.5405893,20.45520200044848
1790423784.5440943,1.5574090066365898
1790423784.5499017,2.042959997197613
1790423784.5555787,10.507874976610765
1790423784.5556898,30.17214802093804
1790423784.5560076,1.7789719859138131
1790423784.5585294,1.69383900356479
1790423784.5659382,18.850919004762545
1790423784.5663898,33.869659004267305
1790423784.5667398,5.327012011548504
1790423784.5813289,3.399934998014942
1790423784.5814505,28.68025700445287
1790423784.5864208,1.9165190169587731
1790423784.5883057,1.5787079755682498
1790423784.5948007,1.6597369976807386
1790423784.6010616,1.5044189931359142
1790423784.6136172,1.7217040003743023
1790423784.6160643,2.113537018885836
1790423784.6182144,2.140210010111332
1790423784.6182964,2.611002011690289
1790423784.6245296,2.4667330144438893
1790423784.6254952,1.8577569862827659
1790423784.627376,1.7946879961527884
1790423784.633561,4.4532409810926765
1790423784.634141,3.919317008694634
1790423784.6344302,4.670045018428937
1790423784.6353974,3.695013001561165
1790423784.6398985,2.473291999194771
1790423784.6418498,24.977978988317773
1790423784.6420135,27.1886840055231
1790423784.6423738,15.813745994819328
1790423784.6427011,11.789601005148143
1790423784.6479535,3.3939429849851876
1790423784.648069,3.3077849948313087
1790423784.6551416,2.0120679982937872
1790423784.6632197,3.663190989755094
1790423784.6645167,2.1703110251110047
1790423784.6732984,2.3392270086333156
1790423784.6779478,28.962077019969
1790423784.6795504,19.153569999616593
1790423784.679769,40.49760499037802
1790423784.681717,9.524105000309646
1790423784.681827,30.537938000634313
1790423784.682573,4.6114140131976455
1790423784.6835783,2.667774009751156
1790423784.6852624,8.414252020884305
1790423784.6853607,33.210466004675254
1790423784.6854463,24.2750920006074
1790423784.6935585,2.156533009838313
1790423784.6971889,2.227620017947629
1790423784.71322,17.689247004454955
1790423784.7150087,36.01108200382441
1790423784.721846,2.0543500140774995
1790423784.7245512,13.025496999034658
1790423784.72855,28.80601299693808
1790423784.7324533,23.8330049905926
1790423784.7330189,22.315750014968216
1790423784.736283,8.589436998590827
1790423784.736409,37.36082400428131
1790423784.7368097,4.344942019088194
1790423784.7408574,19.88656900357455
1790423784.741161,3.010927001014352
1790423784.754715,25.297671993030235
1790423784.7552147,22.031297005014494
1790423784.7619402,30.407436017412692
1790423784.7625015,31.642943009501323
1790423784.7629704,29.03250901727006
1790423784.7633162,37.732149998191744
1790423784.7658517,39.46399700362235
1790423784.7661772,23.68110799579881
1790423784.7665048,17.76154199615121
1790423784.767053,15.381613979116082
1790423784.7671735,55.08024399750866
1790423784.7673943,30.43383700423874
1790423784.7674847,13.439110975014046
1790423784.7700956,30.62132399645634
1790423784.7705789,19.128083979012445
1790423784.7727296,6.709741021040827
1790423784.773446,34.50798799167387
1790423784.7735686,22.752221004338935
1790423784.7746627,1.7499829991720617
1790423784.783531,12.777894007740542
1790423784.7836282,34.06602700124495
1790423784.7865005,1.7857119964901358
1790423784.7984946,2.4223259824793786
1790423784.802519,26.137317006941885
1790423784.8026338,5.640171992126852
1790423784.80694,26.579793979180977
1790423784.8073483,25.389019021531567
1790423784.8074124,2.545780997024849
1790423784.8170352,1.947448996361345
1790423784.818154,2.1200720220804214
1790423784.822632,1.5064880135469139
1790423784.836752,22.81916100764647
1790423784.8404627,25.981812010286376
1790423784.8407204,3.4224960254505277
1790423784.8601985,33.28698797849938
1790423784.8605547,21.074932999908924
1790423784.8684378,26.070866006193683
1790423784.8688593,20.649636979214847
1790423784.8689945,33.548137987963855
1790423784.870906,27.9396359983366
1790423784.8710163,18.250411027111113
1790423784.871429,30.51213701837696
1790423784.8715146,2.1438940020743757
1790423784.8746421,2.2974269813857973
1790423784.8770869,31.95671198773198
1790423784.8799975,23.270314995897934
1790423784.880293,36.291223019361496
1790423784.8806636,7.596353010740131
1790423784.8811815,34.57224601879716
1790423784.8909883,4.5882049889769405
1790423784.8910697,28.746727999532595
1790423784.8913362,33.387862000381574
1790423784.891531,14.276108995545655
1790423784.8916543,4.497243004152551
1790423784.8957877,2.854785998351872
1790423784.8963368,2.5142590166069567
1790423784.9059005,34.177822002675384
1790423784.9060526,17.955964984139428
1790423784.907654,13.270478026242927
1790423784.9077523,23.02519799559377
1790423784.9082866,22.68070398713462
1790423784.9087636,34.06603299663402
1790423784.9088838,7.061734999297187
1790423784.9090474,17.242354981135577
1790423784.9093633,6.2043289944995195
1790423784.9103146,4.249982011970133
1790423784.9103794,3.263460996095091
1790423784.9132662,1.7991990025620908
1790423784.9136982,1.6492909926455468
1790423784.9181006,1.4792089932598174
1790423784.9222672,1.6117109917104244
1790423784.9298303,1.7602500156499445
1790423784.9342864,1.5181009948719293
1790423784.937474,2.1774240012746304
1790423784.9375572,1.8530579982325435
1790423784.940495,1.6121579974424094
1790423784.9637375,20.649435988161713
1790423784.96666,25.045651011168957
1790423784.9714959,30.46065999660641
1790423784.9784691,26.40791700105183
1790423784.9813983,31.438017991604283
1790423784.9817636,35.86601000279188
1790423784.987212,31.33289999095723
1790423784.9880998,19.019667990505695
1790423784.9913905,33.78925600554794
1790423784.9937367,53.18953198730014
1790423784.9967656,22.44549899478443
1790423784.9985075,26.910065003903583
1790423785.0045104,36.55196700128727
1790423785.0059698,23.09093700023368
1790423785.007177,47.00349899940193
1790423785.0074778,17.44494799640961
1790423785.0075545,57.0885399938561
1790423785.0081203,9.371701016789302
1790423785.0084255,44.47520698886365
1790423785.0085206,49.77571699419059
1790423785.009039,30.26271497947164
1790423785.0092022,4.67976598883979
1790423785.01615,21.745763981016353
1790423785.018404,9.831599018070847
1790423785.0191512,33.11716401367448
1790423785.0195441,20.129514014115557
1790423785.0202508,47.16501198709011
1790423785.0211074,31.681463005952537
1790423785.02539,7.742866000626236
1790423785.0358653,40.87838498526253
1790423785.0366328,36.13564799888991
1790423785.0395632,43.458551983349025
1790423785.04055,47.37998699420132
1790423785.042795,50.516271992819384
1790423785.0569062,55.04444899270311
1790423785.0658016,50.293815991608426
1790423785.0679033,55.16058098874055
1790423785.0693965,49.84115497791208
1790423785.0694826,59.35282298014499
1790423785.0700014,47.15484401094727
1790423785.0704594,66.43239501863718
1790423785.0708785,50.61629900592379
1790423785.0774112,27.40999500383623
1790423785.081585,67.04658101079985
1790423785.0849006,53.90286599867977
1790423785.0858657,63.712462986586615
1790423785.0863059,61.80439598392695
1790423785.0867658,33.985388989094645
1790423785.0878303,27.497832983499393
1790423785.094687,11.604620987782255
1790423785.0948668,39.88994102110155
1790423785.0966744,29.67066297424026
1790423785.0977554,81.08727098442614
1790423785.0997207,78.60187999904156
1790423785.102844,43.72477298602462
1790423785.1031008,26.34702398790978
1790423785.1032782,45.420757989631966
1790423785.103397,54.321412986610085
1790423785.1145446,82.35250398865901
1790423785.1155844,1.836722978623584
1790423785.116958,38.40186499292031
1790423785.1178243,23.70683097979054
1790423785.1179261,38.76119799679145
1790423785.1197495,101.29293901263736
1790423785.1287992,47.82372200861573
1790423785.1293106,56.383818009635434
1790423785.1298647,33.89166799024679
1790423785.1299973,103.11886802082881
1790423785.1300945,35.12646799208596
1790423785.1356509,59.14317097631283
1790423785.13588,53.907260997220874
1790423785.1360455,37.483820982743055
1790423785.1361606,25.992552982643247
1790423785.136895,2.1345049899537116
1790423785.1413202,1.525286992546171
1790423785.1487548,1.6294840024784207
1790423785.1532235,3.674590989248827
1790423785.154936,4.062982014147565
1790423785.1555157,5.31485301326029
1790423785.1556354,3.5971879842691123
1790423785.1570146,2.7511559892445803
1790423785.1573632,4.776470013894141
1790423785.157428,1.5187420067377388
1790423785.1591673,1.2296180066186935
1790423785.1677854,1.6201550024561584
1790423785.173234,1.3195440114941448
1790423785.1789944,1.6926040116231889
1790423785.182072,1.6660589899402112
1790423785.1926215,1.7898250080179423
1790423785.1937695,2.353929012315348
1790423785.2002313,25.584854010958225
1790423785.2007146,11.863116989843547
1790423785.2012622,8.358644001418725
1790423785.203666,1.409578020684421
1790423785.206986,17.00334600172937
1790423785.2070527,6.311931007076055
1790423785.2071297,27.47106598690152
1790423785.2082653,2.2315270034596324
1790423785.2089632,1.482054009102285
1790423785.2149968,1.2928259966429323
1790423785.2181807,1.2224640231579542
1790423785.2199526,1.417644991306588
1790423785.2236722,1.5203499933704734
1790423785.234706,1.4489320165012032
1790423785.2375193,23.371149000013247
1790423785.2376564,13.972738001029938
1790423785.2377326,24.69754099729471
1790423785.2467794,1.5166630037128925
1790423785.2509534,1.568828010931611
1790423785.2541637,26.18443500250578
1790423785.2542672,24.25395799218677
1790423785.25511,2.047944988589734
1790423785.2600737,2.56155600072816
1790423785.2601514,2.02286199782975
1790423785.2635858,1.4857459755148739
1790423785.273146,1.4032379840500653
1790423785.2758505,18.738385988399386
1790423785.276955,24.78627098025754
1790423785.2770822,8.167050022166222
1790423785.2780983,1.6847219958435744
1790423785.2817216,1.6712920041754842
1790423785.2827027,1.6887050005607307
1790423785.2836506,1.5792709891684353
1790423785.285466,1.51677499525249
1790423785.2860463,1.2487979838624597
1790423785.2873797,1.1053220077883452
1790423785.289514,1.2899019930046052
1790423785.2941906,1.25435899826698
1790423785.3027952,2.1722239907830954
1790423785.3032944,2.1831989870406687
1790423785.3087177,1.5401740092784166
1790423785.3100402,21.21320099104196
1790423785.3101041,8.310302975587547
1790423785.3115618,1.2785559811163694
1790423785.3153412,1.6716099926270545
1790423785.3264942,1.6232810157816857
1790423785.3439708,15.727865014923736
1790423785.3443143,30.098247982095927
1790423785.3473432,2.393147995462641
1790423785.3524683,17.422150005586445
1790423785.354446,32.600948004983366
1790423785.3552825,10.224469006061554
1790423785.3623624,24.28750501712784
1790423785.3633544,10.873753984924406
1790423785.364292,35.00678201089613
1790423785.3650892,2.9045770061202347
1790423785.3719954,36.25124599784613
1790423785.3720694,18.44949199585244
1790423785.3721468,27.772975008701906
1790423785.3722775,8.913914003642276
1790423785.377448,1.515579002443701
1790423785.3784788,20.805409003514796
1790423785.3789368,9.233315999154001
1790423785.3790295,30.882346007274464
1790423785.3808517,1.5014660020824522
1790423785.3824177,31.46225801901892
1790423785.3827543,23.16529699601233
1790423785.3830948,3.039494011318311
1790423785.3831713,11.622897000052035
1790423785.3961182,1.7042230174411088
1790423785.400464,19.401668978389353
1790423785.4013996,27.975112985586748
1790423785.4014807,27.402125007938594
1790423785.4019227,2.786565019050613
1790423785.401988,6.78740200237371
1790423785.4043057,13.876890996471047
1790423785.407459,1.6325289907399565
1790423785.4137788,16.255669004749507
1790423785.4139714,5.319495016010478
1790423785.414058,27.292293001664802
1790423785.4143362,2.1185270161367953
1790423785.4164047,1.4580870047211647
1790423785.4186032,1.8213699804618955
1790423785.423389,13.550601986935362
1790423785.4234767,30.20263501093723
1790423785.4235382,25.44854799634777
1790423785.4238276,34.31730199372396
1790423785.423994,6.633179989876226
1790423785.4253836,1.3682970020454377
1790423785.4304528,1.3039880141150206
1790423785.4345505,1.6587229911237955
1790423785.4462974,1.9379669975023717
1790423785.4532013,27.035381994210184
1790423785.4534805,6.762028991943225
1790423785.4639153,28.550872986670583
1790423785.4640002,8.298694010591134
1790423785.471167,11.781162000261247
1790423785.4713144,28.702130017336458
1790423785.4746113,2.4965839984361082
1790423785.4759479,2.3230510123539716
1790423785.4838848,15.123096003662795
1790423785.4841316,5.312461988069117
1790423785.4843385,3.032784996321425
1790423785.4846241,34.68848401098512
1790423785.484685,2.631493000080809
1790423785.4870749,16.647463984554633
1790423785.4872053,32.042990991612896
1790423785.4872735,7.4611210147850215
1790423785.4961412,1.7374129965901375
1790423785.4970872,1.7763340147212148
1790423785.4975836,1.2486070045270026
1790423785.503548,1.402838999638334
1790423785.510598,2.3078089870978147
1790423785.5109787,2.762351999990642
1790423785.5222275,22.31520600616932
1790423785.5287385,3.250185982324183
1790423785.5299296,1.7561099957674742
1790423785.5316515,1.7097730014938861
1790423785.5341263,23.09135301038623
1790423785.5342422,3.7022420146968216
1790423785.5343165,8.332097000675276
1790423785.5413964,1.3018579920753837
1790423785.543391,1.1991180072072893
1790423785.5455544,1.160801009973511
1790423785.549812,1.218669000081718
1790423785.5504224,23.09876898652874
1790423785.5517745,5.307022016495466
1790423785.5519357,13.450944010401145
1790423785.5520408,27.231586020207033
1790423785.5524356,1.8833870126400143
1790423785.555548,1.3153520121704787
1790423785.5560625,1.3124280085321516
1790423785.5675678,1.298754010349512
1790423785.5705218,2.544274990214035
1790423785.5705984,2.1406309970188886
1790423785.5728555,1.9601779931690544
1790423785.5729141,1.6499320045113564
1790423785.580088,1.6603419790044427
1790423785.5833313,14.15511200320907
1790423785.5835164,17.954403010662645
1790423785.5848465,28.17601099377498
1790423785.5852406,4.546028998447582
1790423785.5869663,1.7153130029328167
1790423785.6004567,2.051608986221254
1790423785.6014988,19.75996998953633
1790423785.601586,28.54217597632669
1790423785.6086185,2.6773879944812506
1790423785.608953,1.7377680051140487
1790423785.6099026,25.673160998849198
1790423785.611117,4.640244995243847
1790423785.6112652,28.74469498055987
1790423785.6165519,2.0121669804211706
1790423785.6256874,2.5575550098437816
1790423785.626548,2.4279469798784703
1790423785.6299744,1.686194009380415
1790423785.6327085,1.8940290028695017
1790423785.632773,2.633591997437179
1790423785.637369,12.153796007623896
1790423785.6374497,27.483612997457385
1790423785.6431537,2.2001010074745864
1790423785.6481593,1.65647899848409
1790423785.6530905,1.524922001408413
1790423785.6566815,1.4986809983383864
1790423785.6684713,25.958348996937275
1790423785.6689055,27.230057981796563
1790423785.6692038,8.577988017350435
1790423785.6752732,1.569092011777684
1790423785.679012,1.3145350094418973
1790423785.6804101,1.3046890089754015
1790423785.6859586,1.4049960009288043
1790423785.6878035,1.2946909992024302
1790423785.6983306,1.8891920044552535
1790423785.7030048,3.542322025168687
1790423785.70357,5.125067982589826
1790423785.706346,3.8041520165279508
1790423785.708131,7.624849007697776
1790423785.7097168,5.747039016569033
1790423785.7099657,5.145828006789088
1790423785.710394,4.038570012198761
1790423785.7106757,2.9185050225351006
1790423785.715867,1.7097289965022355
1790423785.73051,24.458200990920886
1790423785.7313282,2.043569984380156
1790423785.7328465,8.367724978597835
1790423785.7329311,29.867583012674004
1790423785.7354305,2.0221150189172477
1790423785.7383237,29.735489981248975
1790423785.7384062,11.06985000660643
1790423785.739169,2.33365100575611
1790423785.7534878,24.81043600710109
1790423785.7577271,18.548193998867646
1790423785.759523,5.74039900675416
1790423785.7597632,34.33970399782993
1790423785.7660336,17.477910994784907
1790423785.7662134,31.83003098820336
1790423785.7703028,15.899891004664823
1790423785.783812,32.902311999350786
1790423785.784722,38.94750299514271
1790423785.7859147,21.47243099170737
1790423785.7867818,16.06212099432014
1790423785.7869935,27.161194011569023
1790423785.788361,12.403273023664951
1790423785.7934341,35.309635975863785
1790423785.793792,12.176176998764277
1790423785.7942908,27.628479001577944
1790423785.7945144,23.021810018690303
1790423785.7947083,18.655314983334392
1790423785.7947958,11.521628010086715
1790423785.7957897,6.3588709745090455
1790423785.7966168,29.126168985385448
1790423785.8019197,41.33120100595988
1790423785.802734,29.560694994870573
1790423785.803322,17.394888011040166
1790423785.804206,11.473445018054917
1790423785.804433,25.727756990818307
1790423785.8056428,55.23624600027688
1790423785.806874,37.59169499971904
1790423785.8070402,67.15635501313955
1790423785.8085926,28.889680019346997
1790423785.8101783,22.53069801372476
1790423785.8110907,35.969318996649235
1790423785.8115757,6.961122999200597
1790423785.8117476,16.476340009830892
1790423785.812326,44.2128780123312
1790423785.8128994,24.02766697923653
1790423785.8139465,5.3442519856616855
1790423785.8140337,3.8442329969257116
1790423785.816847,13.51269701262936
1790423785.817425,6.798968999646604
1790423785.8174984,37.11730500799604
1790423785.8209147,2.748272003373131
1790423785.8210602,2.499691996490583
1790423785.825072,1.4625999901909381
1790423785.8368256,25.725024985149503
1790423785.8369827,30.912360991351306
1790423785.8370678,9.613228001398966
1790423785.8410654,2.347508998354897
1790423785.8417742,1.6598910151515156
1790423785.8469164,26.84496101574041
1790423785.847323,14.783329999772832
1790423785.8486547,3.6035029916092753
1790423785.848904,3.187540976796299
1790423785.851928,1.6121669905260205
1790423785.8576388,2.04787400434725
1790423785.8719194,23.003908019745722
1790423785.8731623,29.066216986393556
1790423785.8733003,14.690005016746
1790423785.8800368,30.293440009700134
1790423785.8806925,32.96510799555108
1790423785.8808985,8.263360999990255
1790423785.883675,6.854917999589816
1790423785.884004,5.788886977825314
1790423785.884835,3.695457009598613
1790423785.8854039,6.38895999873057
1790423785.8860574,11.12353801727295
1790423785.8864484,8.925836998969316
1790423785.8866224,30.31499797361903
1790423785.8872747,2.429390006000176
1790423785.8880508,2.5038289895746857
1790423785.8890269,1.372683997033164
1790423785.8915784,1.2257219932507724
1790423785.8942385,1.2298059882596135
1790423785.899256,1.496675016824156
1790423785.905911,2.1060739818494767
1790423785.913385,1.3843759952578694
1790423785.9152312,1.5027969784568995
1790423785.9251237,19.89510701969266
1790423785.9255402,10.180968005442992
1790423785.925643,2.754053974058479
1790423785.9257364,27.474874979816377
1790423785.927982,1.4139710110612214
1790423785.9309049,1.6946159885264933
1790423785.93464,23.18835598998703
1790423785.9347649,13.199900015024468
1790423785.9348366,26.806674984982237
1790423785.9368784,1.7025120032485574
1790423785.9422805,2.5079149927478284
1790423785.943081,2.8049979882780463
1790423785.943682,2.6028419961221516
1790423785.9548664,19.17619598680176
1790423785.957451,9.700491995317861
1790423785.9575505,25.213694985723123
1790423785.9649887,2.174622000893578
1790423785.968895,2.0314019930083305
1790423785.9734879,23.771453998051584
1790423785.9741814,31.81104699615389
1790423785.9742663,5.356402980396524
1790423785.9793186,1.707519986666739
1790423785.98059,27.562614006455988
1790423785.9807742,30.13740701135248
1790423785.9808588,9.607676998712122
1790423785.988829,1.5781759866513312
1790423785.9941263,4.151308006839827
1790423785.994976,31.106393988011405
1790423785.9950953,20.71904600597918
1790423785.9951954,4.5715410087723285
1790423785.996225,2.0860499935224652
1790423785.9975302,1.295636990107596
1790423786.0117137,1.5594550059176981
1790423786.0162008,23.709442000836134
1790423786.0165274,4.4495059992186725
1790423786.0165913,25.06402801373042
1790423786.019508,1.4353709993883967
1790423786.021836,2.3187699844129384
1790423786.0219517,1.8191449926234782
1790423786.0227604,1.8939170113299042
1790423786.0235794,1.4789759879931808
1790423786.0267174,1.4124199806246907
1790423786.027065,1.2796779919881374
1790423786.0285907,1.169901981484145
1790423786.0328257,1.4433200121857226
1790423786.0328784,1.833739981520921
1790423786.0367382,1.2106240028515458
1790423786.039686,1.2610730191227049
1790423786.0562105,1.7813180165831
1790423786.0704105,21.411394991446286
1790423786.0757058,23.132857983000576
1790423786.0763464,17.182529001729563
1790423786.076579,29.802150995237753
1790423786.0769398,7.997840992175043
1790423786.0791874,21.663880994310603
1790423786.079487,33.78339798655361
1790423786.0809896,20.181026979116723
1790423786.081625,36.38838400365785
1790423786.0860474,21.698702999856323
1790423786.0875866,29.156956006772816
1790423786.088293,3.8216609973460436
1790423786.0883656,41.96384301758371
1790423786.0890932,28.909997985465452
1790423786.0895483,3.106846008449793
1790423786.0937183,37.269185995683074
1790423786.093856,2.5117609766311944
1790423786.093972,4.041805979795754
1790423786.0940375,14.292392996139824
1790423786.0976267,2.108376007527113
1790423786.0979512,1.7036349745467305
1790423786.1041496,1.4454010233748704
1790423786.107493,1.4753419964108616
1790423786.108659,1.9405040075071156
1790423786.1108541,26.990634010871872
1790423786.1117454,21.198267000727355
1790423786.1118426,11.194495018571615
1790423786.1119456,30.61605099355802
1790423786.1123579,3.06405100855045
1790423786.1197422,1.660220994381234
1790423786.120232,1.6832989931572229
1790423786.1271179,1.7351440037600696
1790423786.1302404,17.87225899170153
1790423786.1320508,1.6828789957799017
1790423786.135748,1.5721989911980927
1790423786.1392975,31.487716012634337
1790423786.1407702,19.666825013700873
1790423786.1411045,8.243885997217149
1790423786.1411796,25.3413770115003
1790423786.1420906,18.51772700319998
1790423786.14225,8.717508986592293
1790423786.1425893,4.357605008408427
1790423786.1427815,5.225111002800986
1790423786.1428547,31.906446994980797
1790423786.1476984,1.314430992351845
1790423786.1542344,1.4214070106390864
1790423786.157311,1.3936109899077564
1790423786.1659017,26.008810003986582
1790423786.167348,9.269597008824348
1790423786.1674123,18.725884990999475
1790423786.167941,3.52904899045825
1790423786.1687207,8.057008002651855
1790423786.1696508,20.46724100364372
1790423786.170723,27.758142998209223
1790423786.1714585,2.729544008616358
1790423786.1715305,4.380589001812041
1790423786.1894832,26.259865990141407
1790423786.1896484,32.08910298417322
1790423786.189742,20.080204005353153
1790423786.190299,17.240256973309442
1790423786.1955059,1.6070429992396384
1790423786.196402,1.9048739923164248
1790423786.1964865,28.141605987912044
1790423786.1985946,16.692748991772532
1790423786.2017004,28.099265007767826
1790423786.2108386,1.5353630005847663
1790423786.2165256,1.6344819741789252
1790423786.2239826,6.797982001444325
1790423786.2243063,25.61568099190481
1790423786.2260406,1.6258700052276254
1790423786.2304387,9.908997017191723
1790423786.2305276,24.970778002170846
1790423786.24189,1.5389559848699719
1790423786.2453456,22.08248499664478
1790423786.24907,27.07457699580118
1790423786.2492287,3.2855979807209224
1790423786.2557642,1.9085280073340982
1790423786.259225,11.887013999512419
1790423786.2675529,30.201068002497777
1790423786.2682931,17.539213004056364
1790423786.268561,6.814257998485118
1790423786.26871,32.650929992087185
1790423786.268792,36.24102397589013
1790423786.2708082,3.2439249916933477
1790423786.2785532,25.385320011992007
1790423786.2788525,34.17429100954905
1790423786.2803857,4.128053988097236
1790423786.2812216,10.031038982560858
1790423786.281429,4.52107799355872
1790423786.2823493,1.9492949941195548
1790423786.2865767,1.6818009898997843
1790423786.2936714,2.514021995011717
1790423786.2944124,19.095058989478275
1790423786.2945054,31.513825000729412
1790423786.294644,10.349176998715848
1790423786.2958488,1.8902049923781306
1790423786.2974536,1.5942419995553792
1790423786.3008373,1.4731699775438756
1790423786.3023486,1.3453240098897368
1790423786.312854,2.0665019983425736
1790423786.3137329,1.7394809983670712
1790423786.3137956,2.3379059857688844
1790423786.3197377,1.4407639973796904
1790423786.320315,1.2965530040673912
1790423786.3313437,1.5824240108486265
1790423786.3319235,1.3072419969830662
1790423786.3387506,2.106817002641037
1790423786.3390753,1.6978069907054305
1790423786.3414016,3.081132977968082
1790423786.3428433,3.22298301034607
1790423786.3430107,2.619149017846212
1790423786.3430817,2.2653029882349074
1790423786.3437815,1.534256007289514
1790423786.3491218,2.1720090007875115
1790423786.3494773,2.1039569983258843
1790423786.3495398,1.5963879995979369
1790423786.3542387,1.2839989794883877
1790423786.3596406,1.6029669786803424
1790423786.3605645,1.7533690261188895
1790423786.363507,1.4713029959239066
1790423786.3754256,1.6300389834214002
1790423786.3760557,1.5215169987641275
1790423786.378282,1.6061369969975203
1790423786.3818505,2.5184869882650673
1790423786.3825283,2.044071996351704
1790423786.3827977,1.448099996196106
1790423786.38417,1.2115770077798516
1790423786.3894112,1.2952870165463537
1790423786.3924305,1.3757279957644641
1790423786.3959296,1.5559360035695136
1790423786.3969717,1.8455020035617054
1790423786.3976328,1.3616380165331066
1790423786.4013107,1.3418069866020232
1790423786.4021134,1.4637930144090205
1790423786.4036422,1.1493419879116118
1790423786.4123623,1.4741670165676624
1790423786.4148493,1.4834860048722476
1790423786.41515,1.3215999933890998
1790423786.4180226,1.2953650148119777
1790423786.4192145,1.1134649976156652
1790423786.4266064,1.53294499614276
1790423786.4368346,1.6686109884176403
1790423786.4386427,1.4231029781512916
1790423786.4492264,1.6757890116423368
1790423786.4508991,1.3738459965679795
1790423786.4615374,1.584065001225099
1790423786.462114,1.285510981688276
1790423786.4669254,1.3655699731316417
1790423786.4674509,1.3647869927808642
1790423786.47237,1.8058370042126626
1790423786.473291,2.3335799924097955
1790423786.4740288,1.160337997134775
1790423786.480384,2.9700250015594065
1790423786.4816132,3.666876000352204
1790423786.4817626,3.2510329911019653
1790423786.4828668,2.7049000200349838
1790423786.4835,1.5654689923394471
1790423786.48477,1.1237380094826221
1790423786.4900217,1.4452789910137653
1790423786.492225,1.6040740010794252
1790423786.4947724,1.2043509923387319
1790423786.4985535,1.5920430014375597
1790423786.4993548,1.3842990156263113
1790423786.5033605,1.2654190068133175
1790423786.506758,1.1618040152825415
1790423786.5094786,2.4103329924400896
1790423786.5099075,2.149704989278689
1790423786.5104604,1.430725009413436
1790423786.5109239,2.4773920013103634
1790423786.5247746,1.5513370162807405
1790423786.5250957,1.3907109969295561
1790423786.5279932,1.1755650048144162
1790423786.5292137,1.138146995799616
1790423786.5331817,1.4071240148041397
1790423786.5414212,1.2889349891338497
1790423786.5457144,1.1887050059158355
1790423786.5478978,1.5292010211851448
1790423786.5528867,1.5630310226697475
1790423786.5532122,1.4474729832727462
1790423786.5562613,1.9254430080763996
1790423786.5569034,1.9327449845150113
1790423786.5571358,3.201976011041552
1790423786.5572138,1.4386000111699104
1790423786.569569,1.8890229985117912
1790423786.5705652,1.7282890039496124
1790423786.5724072,1.2789310130756348
1790423786.5752296,1.587250008014962
1790423786.5863135,4.198767011985183
1790423786.5867906,3.3376369974575937
1790423786.587731,3.4459469898138195
1790423786.5881987,5.263947998173535
1790423786.589376,2.576527011115104
1790423786.5909185,3.1783729791641235
1790423786.5917978,4.528175020823255
1790423786.592853,9.080852993065491
1790423786.5932019,3.2859120110515505
1790423786.5945387,3.6119700234849006
1790423786.594645,2.8378349961712956
1790423786.5949957,5.609031009953469
1790423786.595457,1.666675991145894
1790423786.5978436,1.1669780069496483
1790423786.6009374,1.189820992294699
1790423786.603334,1.4477010117843747
1790423786.6038523,1.3498050102498382
1790423786.606349,1.2025289761368185
1790423786.6101406,1.4233090041670948
1790423786.6197443,2.026450994890183
1790423786.6244643,2.1259750064928085
1790423786.6276023,1.68080601724796
1790423786.6308267,2.0971370104234666
1790423786.6337361,1.5676000039093196
1790423786.6364412,1.5111239918041974
1790423786.6384656,1.7133700021076947
1790423786.640157,1.5782060218043625
1790423786.6553257,1.821604004362598
1790423786.658682,1.684359012870118
1790423786.661318,2.1370400208979845
1790423786.6616037,1.4308209938462824
1790423786.6618474,2.221069997176528
1790423786.671798,2.432107023196295
1790423786.6728134,1.484934997279197
1790423786.6741192,1.2132119736634195
1790423786.694447,1.973790000192821
1790423786.6948886,2.842448011506349
1790423786.6958246,1.361556991469115
1790423786.7008016,1.4964549918659031
1790423786.702983,1.3360849989112467
1790423786.7151577,1.624575990717858
1790423786.7170093,1.4866649871692061
1790423786.7206876,1.480337989050895
1790423786.7224,1.3360129960346967
1790423786.7246323,1.3329960056580603
1790423786.7259207,1.279690011870116
1790423786.727605,1.5787199954502285
1790423786.7294354,1.7121470009442419
1790423786.7304888,1.7937820230145007
1790423786.7311502,1.3231270131655037
1790423786.7351794,1.5676330076530576
1790423786.7357345,1.2047460186295211
1790423786.738955,1.148469018517062
1790423786.7441552,1.379225985147059
1790423786.7482264,1.2258260103408247
1790423786.752121,1.2258730130270123
1790423786.756308,1.733611017698422
1790423786.75655,1.4616919797845185
1790423786.7594333,1.4041149988770485
1790423786.761129,1.2528020015452057
1790423786.7666628,1.9677829986903816
1790423786.7685304,1.4807450061198324
1790423786.7724876,1.575277972733602
1790423786.7734594,1.7905000131577253
1790423786.7754056,1.6465840162709355
1790423786.7760503,1.405677990987897
1790423786.779112,2.116322983056307
1790423786.7792392,1.8350669997744262
1790423786.779943,2.0592250220943242
1790423786.7804954,1.248672982910648
1790423786.7858698,2.0881709933746606
1790423786.7859442,1.6866349906194955
1790423786.793489,1.5665329992771149
1790423786.7941074,1.3822809851262718
1790423786.8011954,1.2922089954372495
1790423786.8035753,1.9193220068700612
1790423786.803641,2.3062500113155693
1790423786.8130639,1.4015140186529607
1790423786.816469,1.1947159946430475
1790423786.8216634,1.2400570267345756
1790423786.8281136,1.7458669899497181
1790423786.8289587,1.8027010082732886
1790423786.8301628,2.0376220054458827
1790423786.834077,3.29298700671643
1790423786.8344998,2.9997129749972373
1790423786.8353908,3.426706010941416
1790423786.8361607,2.9247399943415076
1790423786.8362217,1.710019976599142
1790423786.8521392,1.721795997582376
1790423786.8527975,1.4604070165660232
1790423786.854571,1.3399440213106573
1790423786.8590233,1.187927002320066
1790423786.8610096,1.1671709944494069
1790423786.8647165,1.2997039884794503
1790423786.8668015,1.2517199793364853
1790423786.8686059,1.6290810017380863
1790423786.8689463,1.4827069826424122
1790423786.8703208,1.3660239928867668
1790423786.8719366,1.4313439896795899
1790423786.8722188,1.285525009734556
1790423786.8735514,1.1259760067332536
1790423786.885515,2.326615998754278
1790423786.8893776,2.15884399949573
1790423786.889475,2.966507017845288
1790423786.8941867,2.824035007506609
1790423786.8950634,2.6429520221427083
1790423786.8965735,2.5522260111756623
1790423786.900501,2.9241939773783088
1790423786.901915,2.648007997777313
1790423786.91746,1.7303700151387602
1790423786.9207814,1.4778909971937537
1790423786.9311874,1.5155620058067143
1790423786.9379609,1.4498939854092896
1790423786.943611,1.4162409934215248
1790423786.9504933,1.6301200084853917
1790423786.9663708,1.5752929903101176
1790423786.966743,2.1282199886627495
1790423786.9726157,1.4593730156775564
1790423786.9730742,1.3170799938961864
1790423786.9746027,1.164348010206595
1790423786.9788256,1.304834004258737
1790423786.9844327,1.6335269901901484
1790423786.9895213,1.7571990028955042
1790423786.9910004,1.4696220168843865
1790423786.9965644,1.6968029958661646
1790423787.0084448,3.3184390049427748
1790423787.0112836,2.209051017416641
1790423787.01225,2.2641560062766075
1790423787.014364,2.101370017044246
1790423787.0146632,1.705795992165804
1790423787.017614,1.5511889941990376
1790423787.0197418,1.8521040037740022
1790423787.0202513,1.4268189843278378
1790423787.0225143,1.2180539779365063
1790423787.0249612,1.238208991708234
1790423787.031335,1.7599370039533824
1790423787.032156,1.2109100061934441
1790423787.034573,1.2238210183568299
1790423787.0369658,1.242475991602987
1790423787.0398107,1.3041440106462687
1790423787.042552,1.163929991889745
1790423787.0475755,1.2509789958130568
1790423787.0504751,1.2843019794672728
1790423787.0539849,1.1834300239570439
1790423787.058782,1.2231720029376447
1790423787.0681872,1.4264390047173947
1790423787.0700567,1.2241399963386357
1790423787.0716658,1.208761997986585
1790423787.0733988,1.2863169831689447
1790423787.079394,1.591649983311072
1790423787.0803225,1.6333759995177388
1790423787.0816207,1.2892410159111023
1790423787.0840719,1.1841450177598745
1790423787.0870523,1.1667179933283478
1790423787.0967228,3.485635999822989
1790423787.0969782,2.845028997398913
1790423787.0989072,3.6682040081359446
1790423787.0994048,4.5780060172546655
1790423787.100404,2.309750998392701
1790423787.1020637,3.1486199877690524
1790423787.1026332,4.156451992457733
1790423787.102756,2.3350740084424615
1790423787.103292,1.6568470164202154
1790423787.1059177,1.3025540101807564
1790423787.107474,1.3070790155325085
1790423787.108042,1.3400200114119798
1790423787.116358,1.9891679985448718
1790423787.1171808,2.196752990130335
1790423787.1194463,3.5934750048909336
1790423787.119926,3.1447640212718397
1790423787.1212766,3.1980950152501464
1790423787.1221435,4.756309004733339
1790423787.12323,1.9448159728199244
1790423787.1236463,3.2087350264191628
1790423787.1245468,1.3074649905320257
1790423787.1250367,1.2156210141256452
1790423787.1285021,1.1117559915874153
1790423787.1321244,1.1397589987609535
1790423787.135812,1.2972229742445052
1790423787.14234,1.3480939960572869
1790423787.1443756,1.4997489925008267
1790423787.1444302,1.9145830010529608
1790423787.1464386,1.3283329899422824
1790423787.1470394,1.1918639938812703
1790423787.1536944,1.3393849949352443
1790423787.1557739,1.2820939882658422
1790423787.1569717,1.1892470065504313
1790423787.1606975,1.3715339882764965
1790423787.1637158,1.4218199939932674
1790423787.1644776,1.6383040056098253
1790423787.166609,1.334469998255372
1790423787.1671104,1.28178097656928
1790423787.1799517,1.6200639947783202
1790423787.184082,1.8155690049752593
1790423787.1850185,1.3664099969901145
1790423787.1881814,1.3184510171413422
1790423787.1944208,1.4286359946709126
1790423787.196398,1.280389988096431
1790423787.2009497,1.2557609879877418
1790423787.2023842,1.2768419983331114
1790423787.2074757,1.3395709975156933
1790423787.217297,1.6675590013619512
1790423787.2182014,1.5865610039327294
1790423787.2214868,2.6371220010332763
1790423787.222316,3.1567410042043775
1790423787.222976,2.868499985197559
1790423787.2233336,1.6383959737140685
1790423787.2278795,1.4714050048496574
1790423787.2364202,1.5233320009429008
1790423787.2379727,1.2983109918422997
1790423787.2446997,1.3964330137241632
1790423787.247237,1.3577700010500848
1790423787.25381,1.4796540199313313
1790423787.25716,1.3981499942019582
1790423787.2590165,1.3034229923505336
1790423787.2629206,2.586799004347995
1790423787.2636108,2.3957939993124455
1790423787.2636864,1.6651189944241196
1790423787.273937,1.3718589907512069
1790423787.2821755,1.3869849790353328
1790423787.2865524,1.4595190004911274
1790423787.2951045,1.6744589956942946
1790423787.2959733,1.5235969913192093
1790423787.3054268,1.595459005329758
1790423787.3073618,1.50822100113146
1790423787.3076963,1.3940390199422836
1790423787.3106134,1.2857349938713014
1790423787.3132057,1.4676889986731112
1790423787.3136005,1.4573109801858664
1790423787.3204088,1.4224679907783866
1790423787.3336244,1.6288820188492537
1790423787.3356335,1.4095529913902283
1790423787.337771,1.344260002952069
1790423787.3399274,1.34515599347651
1790423787.3433464,1.2716670171357691
1790423787.3469958,1.4585829921998084
1790423787.3544772,1.2585629883687943
1790423787.3571599,1.151406002463773
1790423787.3595188,1.5106320206541568
1790423787.3622665,2.6156569947488606
1790423787.362529,2.376973017817363
1790423787.3625956,1.9791439990513027
1790423787.3648024,1.271774002816528
1790423787.3726897,1.3763500028289855
1790423787.3778074,1.4370529970619828
1790423787.3790832,1.2677969934884459
1790423787.3822827,1.2908920180052519
1790423787.4065595,1.528770022559911
1790423787.408209,1.3036240125074983
1790423787.4104412,1.3379879819694906
1790423787.4128003,1.3921970094088465
1790423787.4151816,2.3735860013403
1790423787.4161394,2.887089009163901
1790423787.416246,1.9896650046575814
1790423787.416308,2.514588995836675
1790423787.4194703,1.4074550126679242
1790423787.4213374,1.2115910067223012
1790423787.4271922,1.3202859845478088
1790423787.4299443,1.3445609947666526
1790423787.430509,1.2467420019675046
1790423787.4363005,1.6789769870229065
1790423787.4365714,1.5142659831326455
1790423787.4389684,1.2067969946656376
1790423787.4417999,2.0416529732756317
1790423787.4428406,2.0585780148394406
1790423787.4429085,1.5126750222407281
1790423787.446053,1.1757499887607992
1790423787.4479635,1.2200729979667813
1790423787.4508917,1.393680984620005
1790423787.4651937,2.7832280029542744
1790423787.4659708,2.4167150259017944
1790423787.4660313,1.9640290120150894
1790423787.4742095,1.2506520142778754
1790423787.4815626,1.2719779915641993
1790423787.4832122,1.3881800114177167
1790423787.4836597,1.4196029806043953
1790423787.4858296,1.2966310023330152
1790423787.4893768,2.0919890084769577
1790423787.489642,1.7680640157777816
1790423787.4905334,2.031477983109653
1790423787.498552,1.3554759789258242
1790423787.5018024,1.2597489985637367
1790423787.5034554,1.403442001901567
1790423787.5040572,1.2422649888321757
1790423787.510628,1.9202429975848645
1790423787.5110712,1.9009610114153475
1790423787.5123372,1.2528450170066208
1790423787.5140262,1.1708239908330142
1790423787.5169768,1.1849089933093637
1790423787.52117,1.1799009807873517
1790423787.5223973,1.2196569878142327
1790423787.522943,1.2413240037858486
1790423787.5256922,1.6212210175581276
1790423787.5262935,1.2840630079153925
1790423787.5283084,1.2815170048270375
1790423787.5334606,1.5440020069945604
1790423787.533765,2.310351002961397
1790423787.5389307,1.59094700939022
1790423787.5391016,2.185616991482675
1790423787.546657,1.476346020353958
1790423787.5494757,1.4540849952027202
1790423787.5510032,1.5192150021903217
1790423787.5518508,1.4969909971114248
1790423787.5551033,2.442262979457155
1790423787.557156,2.4356339999940246
1790423787.5572474,3.306747996248305
1790423787.5573158,2.741453005000949
1790423787.5651472,1.9093879964202642
1790423787.5654712,1.6317660047207028
1790423787.5686107,1.4095169899519533
1790423787.5719826,1.9916669989470392
1790423787.5726867,1.54327301424928
1790423787.5756094,1.3047799875494093
1790423787.5798573,1.962050999281928
1790423787.5808952,1.6021030023694038
1790423787.5873585,1.454192999517545
1790423787.5955224,1.3044800143688917
1790423787.5993772,2.04778800252825
1790423787.6003454,1.9244539726059884
1790423787.604309,1.722922985209152
1790423787.604546,1.4827869890723377
1790423787.6073637,1.2028340133838356
1790423787.6112375,2.050496987067163
1790423787.6117468,1.786446024198085
1790423787.6120718,1.3184059935156256
1790423787.6157873,1.3418210146483034
1790423787.6174648,1.1842300009448081
1790423787.6264691,1.3297479890752584
1790423787.6288629,1.5320680104196072
1790423787.6328025,1.350836013443768
1790423787.6354628,1.2915070110466331
1790423787.6385012,1.2607929820660502
1790423787.6405082,1.2553409906104207
1790423787.6436722,1.2301070091780275
1790423787.645038,1.27820300986059
1790423787.6501553,2.4681089853402227
1790423787.6511521,2.439611009322107
1790423787.6512084,2.1416939853224903
1790423787.6718867,2.102547005051747
1790423787.672222,1.6144610126502812
1790423787.6752295,1.7714019923005253
1790423787.6789465,1.3026160013396293
1790423787.6832304,1.3230580079834908
1790423787.6844804,1.2419600097928196
1790423787.694378,1.5763620031066239
1790423787.6955793,1.192170981084928
1790423787.697812,1.3459579786285758
1790423787.699446,1.6243229911196977
1790423787.7003267,1.5576750156469643
1790423787.7009392,1.3036330055911094
1790423787.7048507,1.3346679916139692
1790423787.707274,1.5746690041851252
1790423787.7086968,1.413611986208707
1790423787.713119,1.5658839838579297
1790423787.7157502,1.3666879967786372
1790423787.717922,1.6088639968074858
1790423787.7182026,1.437601022189483
1790423787.720676,1.7224659968633205
1790423787.7209504,1.534631010144949
1790423787.7271144,1.4045620046090335
1790423787.729113,1.8273329769726843
1790423787.7297387,1.3774480030406266
1790423787.7300324,2.130848995875567
1790423787.7311969,1.1568339832592756
1790423787.7334704,1.130782999098301
1790423787.7366376,1.2715939956251532
1790423787.740125,1.3818020233884454
1790423787.756718,1.7527979798614979
1790423787.7650518,1.460831001168117
1790423787.769348,1.680877001490444
1790423787.7699182,1.7418289789929986
1790423787.7738953,1.5158599999267608
1790423787.7746663,1.401023007929325
1790423787.7768118,1.1752760037779808
1790423787.7800958,1.5929070068523288
1790423787.7807646,1.829373009968549
1790423787.7816424,1.5363919956143945
1790423787.7822313,1.2368389870971441
1790423787.7858243,1.2772129848599434
1790423787.7873654,1.2541140022221953
1790423787.7911105,1.6249559994321316
1790423787.791528,1.5046559856273234
1790423787.796367,1.251805981155485
1790423787.8010058,1.8062799936160445
1790423787.8016598,1.3194440107326955
1790423787.805268,1.1798859923146665
1790423787.807277,1.1768130061682314
1790423787.8124046,1.7104610160458833
1790423787.812681,1.550693006720394
1790423787.8204315,1.560345001053065
1790423787.8225229,1.3300230202730745
1790423787.8238628,1.2510410160757601
1790423787.8289378,1.4990800118539482
1790423787.8420858,1.8751409952528775
1790423787.847879,1.4545090089086443
1790423787.8528666,1.3708760088775307
1790423787.8558638,1.7158349801320583
1790423787.8591375,2.6360749907325953
1790423787.859565,2.6379589980933815
1790423787.8606334,2.5239390088245273
1790423787.8606899,1.5335739881265908
1790423787.862616,1.2021549919154495
1790423787.8713367,1.8411219934932888
1790423787.8740466,1.3590239977929741
1790423787.8753119,1.2550880201160908
1790423787.8795636,1.2304210104048252
1790423787.8851247,1.8343250267207623
1790423787.8861775,1.8319369992241263
1790423787.8890245,1.6676270170137286
1790423787.8896365,1.3360239972826093
1790423787.8913279,1.279012009035796
1790423787.8918717,1.3609649904537946
1790423787.8976433,2.7516520058270544
1790423787.8978755,2.57391799823381
1790423787.8986506,2.6089449820574373
1790423787.8987038,1.727590017253533
1790423787.901653,1.478916994528845
1790423787.9032195,1.2179040058981627
1790423787.905459,1.159562001703307
1790423787.907442,1.1760620109271258
1790423787.9134102,2.229851990705356
1790423787.9140513,1.8519909936003387
1790423787.914407,1.4932150079403073
1790423787.916451,1.369444013107568
1790423787.9261906,1.3990159786771983
1790423787.931776,1.4353790029417723
1790423787.9349406,1.2390199990477413
1790423787.940955,1.5587779926136136
1790423787.9469953,1.3898980105295777
1790423787.9487526,1.5886829933151603
1790423787.9500914,2.03197100199759
1790423787.951517,1.8018829869106412
1790423787.9524174,1.3230449985712767
1790423787.9541993,1.6622619878035039
1790423787.9545612,1.587122998898849
1790423787.9580104,1.5111959946807474
1790423787.9583113,1.3667769962921739
1790423787.9601486,1.6084520029835403
1790423787.9608982,1.5208419936243445
1790423787.9658973,2.1763280092272907
1790423787.9666717,2.4529060174245387
1790423787.9670477,1.8233909795526415
1790423787.9680376,1.706993003608659
1790423787.9713144,1.4021389943081886
1790423787.9718764,1.388190983561799
1790423787.974489,1.354977983282879
1790423787.9750216,1.352516992483288
1790423787.977842,1.3303869927767664
1790423787.979764,1.311975996941328
1790423787.9930868,2.578832005383447
1790423787.9938028,2.195255015976727
1790423787.9938567,2.792270010104403
1790423787.9965174,1.6033969877753407
1790423787.9986634,1.1116999958176166
1790423788.0010095,1.1959649855270982
1790423788.0047145,1.1588890047278255
1790423788.0063543,1.531390007585287
1790423788.0068321,1.299186988035217
1790423788.0211172,1.6855739813763648
1790423788.021468,2.5663459964562207
1790423788.0236278,1.3943120138719678
1790423788.0265486,1.3322760059963912
1790423788.026859,1.235258998349309
1790423788.0285013,1.1201620218344033
1790423788.0329063,1.7897360085044056
1790423788.0335581,1.7234830011148006
1790423788.0339108,1.3732429943047464
1790423788.039022,2.0023670222144574
1790423788.0456567,4.287294985260814
1790423788.0474534,3.7127319956198335
1790423788.0478244,5.676807020790875
1790423788.0485694,3.851414017844945
1790423788.0490646,5.878332012798637
1790423788.051091,2.5113640003837645
1790423788.0512738,4.230917984386906
1790423788.0517037,3.649285004939884
1790423788.0523038,2.5681199913378805
1790423788.055446,1.4377089974004775
1790423788.058125,1.7654809926170856
1790423788.0683541,1.7553660145495087
1790423788.071282,1.8232059956062585
1790423788.0772214,1.715971011435613
1790423788.0852668,1.6707270115148276
1790423788.0875876,1.5043920138850808
1790423788.103358,1.7467039870098233
1790423788.1039436,1.5002019936218858
1790423788.1110218,2.5218869850505143
1790423788.1123178,2.0002129895146936
1790423788.1127164,1.5519919979851693
1790423788.1159143,1.4716479927301407
1790423788.1170747,2.081276004901156
1790423788.1181085,1.441000000340864
1790423788.1272879,2.8138589987065643
1790423788.1274433,3.8283930043689907
1790423788.128674,3.2389639818575233
1790423788.1306527,1.7886830028146505
1790423788.1386018,1.8229529960080981
1790423788.1414142,1.6303140146192163
1790423788.1465006,3.049755992833525
1790423788.1480753,5.1282490021549165
1790423788.1495888,3.0730199941899627
1790423788.149764,3.923178999684751
1790423788.1498525,5.442785011837259
1790423788.1506183,3.168358001857996
1790423788.1568372,2.0443639950826764
1790423788.163872,2.0564859732985497
1790423788.1681597,2.0354180014692247
1790423788.1682336,2.6663160242605954
1790423788.1730847,3.0994380067568272
1790423788.1745665,2.564378984970972
1790423788.1746416,2.528526005335152
1790423788.1798086,2.4989660014398396
1790423788.17988,2.6482020039111376
1790423788.1883945,1.7380029894411564
1790423788.1966863,2.2244210122153163
1790423788.1975482,1.7299119790550321
1790423788.204748,1.8462800071574748
1790423788.2066674,1.568522013258189
1790423788.2099705,1.6974690079223365
1790423788.2131996,1.761780004017055
1790423788.2155108,1.5567160153295845
1790423788.2186804,1.4761580096092075
1790423788.2203536,1.5435529930982739
1790423788.229669,1.8126060022041202
1790423788.232883,2.8590230213012546
1790423788.2342973,3.082553012063727
1790423788.2345848,2.485427976353094
1790423788.2346466,1.7489289748482406
1790423788.2429688,1.6601740207988769
1790423788.2500818,1.7942959966603667
1790423788.2522876,1.4507370069622993
1790423788.259919,1.636601984500885
1790423788.2729368,1.967666990822181
1790423788.2734165,1.616607012692839
1790423788.2786825,1.608950988156721
1790423788.285237,1.6655310173518956
1790423788.289379,2.4696310283616185
1790423788.2900612,2.5169579894281924
1790423788.2901375,2.130145992850885
1790423788.2921665,1.913368992973119
1790423788.2966022,2.3306389921344817
1790423788.2997587,3.7583590019494295
1790423788.3003411,3.014368994627148
1790423788.3004262,3.6688529944512993
1790423788.3009129,2.4150360259227455
1790423788.3046963,2.0029809966217726
1790423788.3051405,1.8777659861370921
1790423788.3101232,1.9782120070885867
1790423788.3109288,1.785684988135472
1790423788.3125272,1.4081969857215881
1790423788.3141804,1.3138999929651618
1790423788.3232923,1.6583400138188154
1790423788.326032,1.3988960126880556
1790423788.3293061,1.3454809959512204
1790423788.3363805,1.9411869870964438
1790423788.3364453,2.065476990537718
1790423788.3420658,1.3991319865453988
1790423788.3457592,1.2062159948982298
1790423788.3564425,1.632822008104995
1790423788.3567,2.3804649827070534
1790423788.3730006,1.6702419961802661
1790423788.3803687,1.9730310013983399
1790423788.3859575,1.857138006016612
1790423788.3863301,1.6930339916143566
1790423788.3877957,1.45580101525411
1790423788.3900375,2.231771999504417
1790423788.3902566,1.9484189979266375
1790423788.391551,1.2798169918823987
1790423788.3941216,1.2241299846209586
1790423788.3957386,1.1544250010047108
1790423788.3973198,1.4017049979884177
1790423788.398621,1.1987659963779151
1790423788.4060025,1.312640990363434
1790423788.4087455,1.6211860056500882
1790423788.4095688,1.4513340138364583
1790423788.4171467,1.5464909956790507
1790423788.4253175,1.534595008706674
1790423788.4267006,1.373222010442987
1790423788.4285364,1.3633230119012296
1790423788.4304707,1.8314409826416522
1790423788.4322684,1.3083390076644719
1790423788.4348326,1.3271480274852365
1790423788.450355,2.7137729921378195
1790423788.4511578,2.229303994681686
1790423788.4520826,1.8931799859274179
1790423788.4529638,1.6150459996424615
1790423788.466141,2.010019001318142
1790423788.4666235,1.9746010075323284
1790423788.4678206,1.6707689792383462
1790423788.4683316,1.5966409991960973
1790423788.4849823,1.8703289970289916
1790423788.4852993,1.639662019442767
1790423788.4890459,1.467000984121114
1790423788.4972992,1.3920519850216806
1790423788.5011618,2.222474984591827
1790423788.5032456,3.390899975784123
1790423788.503323,2.6409599813632667
1790423788.5037758,1.9399519951548427
1790423788.5099745,1.378772984026
1790423788.51358,1.2436060060281307
1790423788.5144558,1.4108539908193052
1790423788.5151117,1.311083004111424
1790423788.5179265,1.6919950139708817
1790423788.5261576,1.5503899776376784
1790423788.5268152,1.3571210147347301
1790423788.5333343,1.6782299790065736
1790423788.5347059,1.3601889950223267
1790423788.5363536,1.1874580231960863
1790423788.538154,1.2612860009539872
1790423788.5423224,1.1667849903460592
1790423788.5448067,1.2953249970450997
1790423788.5462475,1.2339979875832796
1790423788.5481088,1.5132800035644323
1790423788.5530345,1.501669001299888
1790423788.553353,1.346195989754051
1790423788.555288,1.1845809931401163
1790423788.5569406,1.4957620005588979
1790423788.5572658,1.4051189937163144
1790423788.5586314,1.2658789928536862
1790423788.5653605,1.3734300155192614
1790423788.5753784,2.3663289903197438
1790423788.5777426,3.0835579964332283
1790423788.5784402,3.0504890019074082
1790423788.578794,2.5296389940194786
1790423788.580157,2.9161970014683902
1790423788.5810535,1.7796510073821992
1790423788.5874643,3.093948995228857
1790423788.5879421,4.151165019720793
1790423788.590774,2.821985021000728
1790423788.5911715,3.6965709878131747
1790423788.591279,4.294829006539658
1790423788.5913444,2.628124988405034
1790423788.5959117,1.8334119813516736
1790423788.5993867,1.955446001375094
1790423788.6001165,1.6696800012141466
1790423788.607833,1.7520090041216463
1790423788.609381,1.4289910031948239
1790423788.6122887,2.15632701292634
1790423788.6125457,1.6478399920742959
1790423788.6135745,1.793494011508301
1790423788.6170332,1.717684994218871
1790423788.6177092,1.40105199534446
1790423788.6270456,2.164306992199272
1790423788.6273973,1.976097992155701
1790423788.6304076,1.390176999848336
1790423788.632,1.2990059913136065
1790423788.6348715,1.2086170027032495
1790423788.6375391,1.4951459888834506
1790423788.6379094,1.4327109965961426
1790423788.643076,2.8874869749415666
1790423788.6431384,2.4938930000644177
1790423788.6436772,1.4033470069989562
1790423788.6483915,1.2634760059881955
1790423788.6495645,1.1631399975158274
1790423788.6603947,2.533986000344157
1790423788.6609933,2.6079659874085337
1790423788.6621454,3.075609012739733
1790423788.6627336,2.3294860147871077
1790423788.6637478,1.407331001246348
1790423788.6638007,2.224032999947667
1790423788.6659734,1.352806983049959
1790423788.6665351,1.1402019881643355
1790423788.6762044,1.3387069921009243
1790423788.6798995,1.995491998968646
1790423788.681008,2.4821319966576993
1790423788.6810777,1.6941690118983388
1790423788.6819096,1.91243999870494
1790423788.6829705,1.5768420125823468
1790423788.6832464,1.329308986896649
1790423788.686488,1.9417709845583886
1790423788.6865444,1.5403029974550009
1790423788.688956,1.2649369891732931
1790423788.6892214,1.953942992258817
1790423788.6937587,1.5091520035639405
1790423788.6973631,1.6336590051651
1790423788.6984234,1.901370007544756
1790423788.6994498,1.6958519991021603
1790423788.7013998,1.4970969932619482
1790423788.7014997,2.0417329797055572
1790423788.7026336,1.1272559931967407
1790423788.7072477,1.1450439924374223
1790423788.710832,1.9409980159252882
1790423788.7128677,1.3801760214846581
1790423788.7150803,1.3242870045360178
1790423788.7156768,1.3817000144626945
1790423788.71626,1.170509000075981
1790423788.7236629,1.6798919823486358
1790423788.7272623,1.5599359758198261
1790423788.731054,1.4155749813653529
1790423788.7336216,1.2352680205367506
1790423788.7356315,1.2093099940102547
1790423788.7440758,2.4072229862213135
1790423788.7443752,2.1579799940809608
1790423788.7471926,1.3764770119450986
1790423788.7500803,1.6767680062912405
1790423788.750494,1.60214799689129
1790423788.7520545,1.4011469902470708
1790423788.7535262,1.4602229930460453
1790423788.7568858,2.0010939915664494
1790423788.7575915,1.5702949895057827
1790423788.7639043,1.3403140183072537
1790423788.7758937,2.305364003404975
1790423788.7761805,3.037368005607277
1790423788.776242,2.079464989947155
1790423788.7832608,3.5050899896305054
1790423788.7845411,3.6112639936618507
1790423788.7849422,2.429616026347503
1790423788.7850535,2.1533129911404103
1790423788.7851105,3.5806610248982906
1790423788.7864397,1.0953710007015616
1790423788.7887888,1.3554329925682396
1790423788.7908492,1.6810499946586788
1790423788.7911189,1.5058499993756413
1790423788.7956347,1.396151987137273
1790423788.7994394,1.2793909991160035
1790423788.8008406,1.2929560034535825
1790423788.8036945,1.4468670124188066
1790423788.8050773,1.2179370096419007
1790423788.8084486,1.2984380009584129
1790423788.8131697,1.5369259926956147
1790423788.8148172,1.3566109992098063
1790423788.8162022,1.2785150029230863
1790423788.8223705,2.23793598706834
1790423788.8232281,2.1049369825050235
1790423788.823588,1.6573210014030337
1790423788.8255956,1.2766229920089245
1790423788.8281436,1.2397679965943098
1790423788.8385448,1.873453991720453
1790423788.8392255,1.4126210007816553
1790423788.8427067,1.2758910015691072
1790423788.8443813,1.666429016040638
1790423788.8451827,1.219036988914013
1790423788.8467295,1.2266440025996417
1790423788.8486717,1.6426090151071548
1790423788.849013,1.5635250019840896
1790423788.8531556,1.250579982297495
1790423788.859531,1.5095889975782484
1790423788.859815,1.3450150145217776
1790423788.8632872,1.37652998091653
1790423788.863593,1.9892279815394431
1790423788.867594,1.2200470082461834
1790423788.870974,1.5457139816135168
1790423788.8716016,1.2184779916424304
1790423788.8733213,1.1183370079379529
1790423788.875828,1.2000339920632541
1790423788.8765707,1.3158389774616808
1790423788.8856275,1.4287160011008382
1790423788.8890853,1.462220010580495
1790423788.889752,1.4893189945723861
1790423788.899385,1.6482840001117438
1790423788.9008813,1.4005539997015148
1790423788.907221,1.6587600111961365
1790423788.9076574,1.5739439986646175
1790423788.9138198,1.3533179881051183
1790423788.9310498,2.1642500068992376
1790423788.9322445,1.6680010012350976
1790423788.932893,1.4071770128794014
1790423788.9366357,1.6802460013423115
1790423788.9475663,1.393201993778348
1790423788.9522824,1.6959590138867497
1790423788.9523585,2.2254369978327304
1790423788.9544163,1.379872002871707
1790423788.9583673,1.4514449867419899
1790423788.959949,1.6738459817133844
1790423788.9605582,1.773280993802473
1790423788.9666436,1.8271419976372272
1790423788.9678326,1.9409560190979391
1790423788.9685614,1.784425025107339
1790423788.9695604,1.828281005145982
1790423788.9721205,1.3051930000074208
1790423788.973394,1.2653529993258417
1790423788.9745688,1.164948014775291
1790423788.985406,1.5248929848894477
1790423788.9879239,1.987433002796024
1790423788.9887652,2.3837260087020695
1790423788.990434,3.3132389944512397
1790423788.9905534,2.3552500060759485
1790423788.9907994,1.5339149977080524
1790423788.9938464,1.6312710067722946
1790423788.99475,2.0846780098509043
1790423788.995746,1.493161980761215
1790423788.9961011,1.332562998868525
1790423789.0017705,1.3627029838971794
1790423789.0047755,1.2975730060134083
1790423789.0052783,1.2724639964289963
1790423789.0092807,1.2822250137105584
1790423789.0112836,1.2282649986445904
1790423789.0127258,1.1585890024434775
1790423789.015918,1.350264996290207
1790423789.0171168,1.1904140119440854
1790423789.01868,1.1487689916975796
1790423789.0209913,1.4894779887981713
1790423789.024145,1.207019988214597
1790423789.0267355,1.0776630078908056
1790423789.0294523,1.767789013683796
1790423789.0301874,1.5833840006962419
1790423789.0315566,1.1350720014888793
1790423789.035825,1.2722560204565525
1790423789.0438426,1.4937560190446675
1790423789.0469482,1.3748919882345945
1790423789.0517375,2.1390960027929395
1790423789.0533333,2.2004230122547597
1790423789.0545254,2.576978993602097
1790423789.0545995,2.171764994272962
1790423789.0595827,1.3169949816074222
1790423789.0638118,1.7283770139329135
1790423789.064495,1.3908039836678654
1790423789.0740511,2.239095018012449
1790423789.0741386,3.5460549988783896
1790423789.074726,3.391274978639558
1790423789.0747871,2.1867550094611943
1790423789.0800781,2.1932639938313514
1790423789.0801423,1.8103719921782613
1790423789.0873656,1.5678089985158294
1790423789.0880535,1.3937350013293326
1790423789.0906503,1.4458390069194138
1790423789.0919545,1.2954330013599247
1790423789.094733,1.171846000943333
1790423789.0981336,1.185455999802798
1790423789.1016068,1.1742900242097676
1790423789.1029313,1.1185050243511796
1790423789.1064138,3.2744229829404503
1790423789.1076922,2.8146250115241855
1790423789.10777,3.3123389875981957
1790423789.1078923,4.059936007251963
1790423789.1082833,2.558585023507476
1790423789.1160367,1.227414992172271
1790423789.1174455,1.2753119808621705
1790423789.1226883,3.0513560050167143
1790423789.1233022,2.2425779898185283
1790423789.1237566,1.774218020727858
1790423789.1244373,3.805354004725814
1790423789.1250267,1.2617580068763345
1790423789.1321754,1.2801839911844581
1790423789.1370263,1.8054439860861748
1790423789.1373117,1.5825759910512716
1790423789.1394145,1.521517988294363
1790423789.139882,1.528098015114665
1790423789.1448343,1.4831500011496246
1790423789.1448917,1.959438988706097
1790423789.1534305,1.6808520013000816
1790423789.154235,1.417977997334674
1790423789.167693,4.138820979278535
1790423789.167798,3.078797017224133
1790423789.1678917,3.7567279941868037
1790423789.1682014,3.3905929885804653
1790423789.1686761,2.4087950005196035
1790423789.172253,1.1793849989771843
1790423789.1739354,1.2565219949465245
1790423789.1744044,1.1325650266371667
1790423789.178195,1.3801699969917536
1790423789.179845,1.6296270187012851
1790423789.1846597,1.2525880010798573
1790423789.186334,1.198723999550566
1790423789.1892173,2.0288070081733167
1790423789.1902199,1.3989389990456402
1790423789.1906667,2.5682320119813085
1790423789.1955175,1.6098239866551012
1790423789.1961703,1.3859829923603684
1790423789.199067,1.31805898854509
1790423789.199564,1.2507580104283988
1790423789.2014658,1.716858008876443
1790423789.202946,2.221208007540554
1790423789.2033021,1.5446610050275922
1790423789.2041035,1.5438669943250716
1790423789.2047367,1.2934969854541123
1790423789.2094128,1.6299399721901864
1790423789.2098892,1.5299899969249964
1790423789.2113817,1.2413370131980628
1790423789.2132154,1.242361991899088
1790423789.2143493,1.123471010942012
1790423789.2158973,1.0987929999828339
1790423789.217337,1.075974985724315
1790423789.2209344,1.476303004892543
1790423789.225653,1.5814619837328792
1790423789.2311676,1.3673880021087825
1790423789.2318802,1.5337019867729396
1790423789.2349129,1.2175449810456485
1790423789.240278,1.9890679977834225
1790423789.241223,1.753707998432219
1790423789.241969,1.401314017130062
1790423789.2425456,1.1790579883381724
1790423789.248606,1.466849003918469
1790423789.2491937,1.1926729930564761
1790423789.2527983,1.6217539960052818
1790423789.2529175,2.1476800029631704
1790423789.253324,1.5256110054906458
1790423789.2619271,1.342009985819459
1790423789.2710462,1.494458003435284
1790423789.2716782,1.4432269963435829
1790423789.2737818,1.4832829765509814
1790423789.279257,1.453516015317291
1790423789.279553,1.333975000306964
1790423789.28254,1.1684229830279946
1790423789.2863746,1.4694819983560592
1790423789.286783,1.3888390094507486
1790423789.291309,2.8850630042143166
1790423789.2923472,2.89202100248076
1790423789.2927217,3.8383229984901845
1790423789.293189,3.0295440228655934
1790423789.293251,1.4889840094838291
1790423789.2980478,1.2417879770509899
1790423789.309009,1.382478978484869
1790423789.311345,1.2040380097460002
1790423789.3139038,1.1802669905591756
1790423789.323178,1.8041279981844127
1790423789.3237412,1.414275000570342
1790423789.3253062,1.1955549998674542
1790423789.3382607,2.0590600033756346
1790423789.3390348,1.6428920207545161
1790423789.3484838,1.9906959787476808
1790423789.3533359,1.4032079780008644
1790423789.357732,2.4037690018303692
1790423789.3587353,2.307970018591732
1790423789.3603315,3.0997319845482707
1790423789.3604083,2.2279629774857312
1790423789.3707993,1.473728014389053
1790423789.3722064,1.304309000261128
1790423789.3758392,1.3846780057065189
1790423789.3775623,1.6276609967462718
1790423789.3780432,1.1644430051092058
1790423789.3794045,1.0826989891938865
1790423789.3816826,1.1494490026962012
1790423789.3836224,1.0967919952236116
1790423789.388292,1.27018999774009
1790423789.3902085,1.599159004399553
1790423789.3920035,1.1810569849330932
1790423789.399387,1.333386986516416
1790423789.4038432,1.3620289973914623
1790423789.41564,1.4986190071795136
1790423789.4182987,1.2665170070249587
1790423789.4268756,1.462893997086212
1790423789.4274974,1.3982159725856036
1790423789.433465,1.3860439939890057
1790423789.434804,1.3295430107973516
1790423789.4365835,1.2411189964041114
1790423789.4413335,1.1930609762202948
1790423789.4460142,1.2109859962947667
1790423789.448565,1.8155559955630451
1790423789.4494164,1.8623499781824648
1790423789.449485,2.30397199629806
1790423789.4622326,2.179117000196129
1790423789.4622853,1.7880160012282431
1790423789.4665174,1.5002129948697984
1790423789.467482,1.9952739821746945
1790423789.4682324,1.4610819926019758
1790423789.4705997,1.7826019902713597
1790423789.471859,2.6145720039494336
1790423789.4736397,2.887234993977472
1790423789.4748917,3.4078170137945563
1790423789.4755151,3.6474050139077008
1790423789.4758832,3.528939007082954
1790423789.4763358,1.9219869864173234
1790423789.4766364,1.7366039974149317
1790423789.4819076,2.9761079931631684
1790423789.4827466,2.2741880093235523
1790423789.4832313,1.8807720043696463
1790423789.484051,1.2960000021848828
1790423789.4855351,1.3873989810235798
1790423789.4861147,1.181261002784595
1790423789.4938705,1.1785189853981137
1790423789.5052986,1.4169100031722337
1790423789.5113668,3.1185660045593977
1790423789.5114863,3.596278984332457
1790423789.511586,2.5415389973204583
1790423789.5124593,1.9461610063444823
1790423789.5129483,1.244642975507304
1790423789.5273085,1.7599589773453772
1790423789.54938,1.5905839973129332
1790423789.5553627,1.7969199980143458
1790423789.5570207,1.3885860098525882
1790423789.563077,1.5112019900698215
1790423789.5634367,1.4409789873752743
1790423789.5651765,1.1119770060759038
1790423789.5663445,1.0829140082933009
1790423789.568879,1.4076470106374472
1790423789.5706801,1.6995909973047674
1790423789.5729072,1.2000770075246692
1790423789.5810497,1.314549008384347
1790423789.5827854,1.3435230066534132
1790423789.5861633,1.3152729952707887
1790423789.5952277,1.1735550069715828
1790423789.601013,2.178966999053955
1790423789.6018422,1.684101007413119
1790423789.60612,1.5997989976312965
1790423789.6064203,1.4495170034933835
1790423789.6118166,1.6365979972761124
1790423789.6118798,2.3175700043793768
1790423789.6157365,2.003761997912079
1790423789.6165283,1.8833340145647526
1790423789.621948,1.2184850056655705
1790423789.6263657,1.372099999571219
1790423789.6282685,1.3040639751125127
1790423789.6301656,1.4717750018462539
1790423789.636081,1.3925950042903423
1790423789.6368222,1.5413709916174412
1790423789.6408527,2.225559001090005
1790423789.6409247,1.7867989954538643
1790423789.646626,1.6925130039453506
1790423789.6502635,1.4276760048232973
1790423789.6518836,1.449588977266103
1790423789.6528957,1.9133909954689443
1790423789.6558242,1.2999179889447987
1790423789.6570837,1.251400011824444
1790423789.6599824,1.3140139926690608
1790423789.6647782,1.3020199839957058
1790423789.6675344,1.259178010514006
1790423789.670884,1.3323169841896743
1790423789.6734605,1.2307589931879193
1790423789.681119,1.7624289903324097
1790423789.6816475,1.4995579840615392
1790423789.685079,1.3735709944739938
1790423789.6868901,1.3714610249735415
1790423789.693368,1.4317859895527363
1790423789.7034829,1.568669977132231
1790423789.709985,1.5837370010558516
1790423789.7216523,1.7585449968464673
1790423789.7274778,1.3865400105714798
1790423789.7322075,1.5346959989983588
1790423789.7326396,1.4955580118112266
1790423789.7354884,1.3765929907094687
1790423789.7473698,1.47570000262931
1790423789.748248,1.5950009983498603
1790423789.7514737,1.8653809966053814
1790423789.7588885,1.3644839928019792
1790423789.7591357,2.043674001470208
1790423789.7628427,1.1938050156459212
1790423789.7688117,1.4600830036215484
1790423789.772386,1.284366997424513
1790423789.7882,3.032916982192546
1790423789.7908683,2.521135989809409
1790423789.7909706,3.5696410050150007
1790423789.7917829,5.376820976380259
1790423789.7918434,4.113542992854491
1790423789.7919006,2.7294230239931494
1790423789.795712,2.0915939821861684
1790423789.7968757,1.9591989985201508
1790423789.797799,1.281145989196375
1790423789.8027692,1.3094900059513748
1790423789.8088276,1.3049159897491336
1790423789.8108625,1.911319006467238
1790423789.8117428,1.4395909965969622
1790423789.8135936,1.244115992449224
1790423789.814793,1.1905510036740452
1790423789.8222432,1.3158340007066727
1790423789.8269594,1.4653809776064008
1790423789.8317964,1.534676004666835
1790423789.832774,1.615796994883567
1790423789.8345985,1.2149399844929576
1790423789.8381608,1.1636179988272488
1790423789.8422596,1.2896569969598204
1790423789.848371,1.1596519907470793
1790423789.8511453,1.2320739915594459
1790423789.861456,2.085942978737876
1790423789.8615146,1.6419109888374805
1790423789.8637013,1.3119060022290796
1790423789.8648655,1.1573120136745274
1790423789.8723123,1.2077009887434542
1790423789.873819,1.1394030007068068
1790423789.8759692,1.6075220191851258
1790423789.876752,1.1852839961647987
1790423789.880322,1.4026749995537102
1790423789.8877778,1.3425399956759065
1790423789.905312,2.035738987615332
1790423789.9116702,1.3586679997388273
1790423789.912163,2.4181379994843155
1790423789.9167862,1.5578269958496094
1790423789.9259818,1.7541690031066537
1790423789.926852,1.5967219951562583
1790423789.9313736,1.634996006032452
1790423789.9317114,1.5362109988927841
1790423789.933676,1.3225749717094004
1790423789.9378603,1.1756719904951751
1790423789.9448595,1.1518439860083163
1790423789.950575,2.2304280137177557
1790423789.9506307,1.8279080104548484
1790423789.9528923,1.1801139917224646
1790423789.9584424,1.2979079911019653
1790423789.9587443,1.2217409966979176
1790423789.9610105,1.5613840078003705
1790423789.967086,1.7380670178681612
1790423789.968266,1.8386899901088327
1790423789.9689734,1.440443011233583
1790423789.9702902,1.3079890049993992
1790423789.9780238,1.7265390197280794
1790423789.982807,1.2733249750453979
1790423789.9871995,1.3206670118961483
1790423789.9916573,1.8172700074501336
1790423789.9919689,1.61639298312366
1790423789.9955816,1.2702239910140634
1790423790.000538,1.3076549803372473
1790423790.0054858,1.1504049762152135
1790423790.0101855,1.3093010056763887
1790423790.0157943,1.210079004522413
1790423790.0220098,1.4890250167809427
1790423790.026988,1.2828370090574026
1790423790.028616,1.2836690002586693
1790423790.0321245,1.2919229920953512
1790423790.0404286,1.4750830014236271
1790423790.0433393,2.021964988671243
1790423790.043397,1.672732993029058
1790423790.0453064,1.2453759845811874
1790423790.0459988,1.455749006709084
1790423790.0482655,1.1769379780162126
1790423790.053659,2.15925500378944
1790423790.0537713,1.7489500169176608
1790423790.0538309,2.8626980201806873
1790423790.057198,1.2916279956698418
1790423790.0576046,1.1984819720964879
1790423790.0610712,2.245361014502123
1790423790.0611727,1.9401219906285405
1790423790.0617812,1.3265199959278107
1790423790.065272,1.8322299874853343
1790423790.0653303,1.444461988285184
1790423790.0673912,1.3911900168750435
1790423790.0693753,1.169041992397979
1790423790.0733163,1.83788500726223
1790423790.0747063,2.566372015280649
1790423790.075238,2.412789996014908
1790423790.075661,2.1742320095654577
1790423790.0759969,1.282575016375631
1790423790.082342,1.3492389989551157
1790423790.0849662,1.908951991936192
1790423790.0856044,2.963566017569974
1790423790.086853,2.87896697409451
1790423790.0876398,2.0273429981898516
1790423790.0878968,2.769029000774026
1790423790.087946,1.673043007031083
1790423790.0945525,1.2560859904624522
1790423790.0992494,1.3146629789844155
1790423790.1058137,1.336824003374204
1790423790.108108,1.1520939879119396
1790423790.1131587,1.2157050077803433
1790423790.1263201,1.3571769814006984
1790423790.1286035,1.3109839928802103
1790423790.129946,1.3323370076250285
1790423790.1352935,1.2685820111073554
1790423790.1376362,1.2040900182910264
1790423790.1430945,1.2257469934411347
1790423790.1447983,1.1959430121351033
1790423790.1540923,1.501005986938253
1790423790.1608458,1.3945329992566258
1790423790.1627164,1.2251919833943248
1790423790.1715302,1.302106014918536
1790423790.1738136,1.3528680137824267
1790423790.1754615,1.740399020491168
1790423790.1761072,1.861127995653078
1790423790.1770039,1.6670229961164296
1790423790.178957,1.1518069950398058
1790423790.1820908,1.4110600168351084
1790423790.1829653,1.5409699990414083
1790423790.183556,1.2198780023027211
1790423790.189558,1.5629690024070442
1790423790.197945,1.1872339819092304
1790423790.2011957,1.2310820166021585
1790423790.2019062,1.3899199839215726
1790423790.2090416,1.2588009994942695
1790423790.2104528,1.2347879819571972
1790423790.2205057,2.2045220248401165
1790423790.2213738,2.515478990972042
1790423790.2214496,2.0290460088290274
1790423790.2278805,1.733050012262538
1790423790.230298,1.4739279868081212
1790423790.234738,1.9786749908234924
1790423790.2349775,2.8019169985782355
1790423790.2350276,1.7114930087700486
1790423790.2367427,1.1903780105058104
1790423790.2389283,1.1534120130818337
1790423790.243685,1.530785026261583
1790423790.2439783,1.3856139848940074
1790423790.2550995,1.391075988067314
1790423790.2646942,1.4223050093278289
1790423790.2727747,1.2566959776449949
1790423790.2863076,2.100334007991478
1790423790.2872574,1.7792909929994494
1790423790.2903612,2.9490629967767745
1790423790.292788,4.137815005378798
1790423790.2928605,3.3062470029108226
1790423790.2937894,3.4180549846496433
1790423790.2940435,3.9032459899317473
1790423790.2940958,1.7096409865189344
1790423790.2992125,1.1411739978939295
1790423790.314414,1.5820230182725936
1790423790.3150344,1.5354760107584298
1790423790.3209288,1.5277280181180686
1790423790.3223524,1.415178005117923
1790423790.325055,1.2381889973767102
1790423790.3279796,1.9993709865957499
1790423790.3292825,2.8507659735623747
1790423790.329654,2.651554998010397
1790423790.3308527,2.0900540112052113
1790423790.3313177,2.0186890033073723
1790423790.331416,1.4713809941895306
1790423790.3377628,1.3764339964836836
1790423790.344592,1.3504079834092408
1790423790.3465006,1.6237469972111285
1790423790.3473303,1.4608250057790428
1790423790.3536096,1.2644290109165013
1790423790.3604214,1.8083339964505285
1790423790.3604841,2.3924760171212256
1790423790.3623114,1.2293050240259618
1790423790.365058,1.2244419776834548
1790423790.3676038,2.537152002332732
1790423790.367723,2.139689982868731
1790423790.3682916,2.161415002774447
1790423790.3718078,1.3788749929517508
1790423790.3766708,1.1484360147733241
1790423790.3810036,1.1913549969904125
1790423790.386014,1.3968040002509952
1790423790.3943157,1.838384021539241
1790423790.3945649,1.6734270029701293
1790423790.4011173,2.8082320059183985
1790423790.4021137,3.2686489867046475
1790423790.4022338,1.752363983541727
1790423790.4023,2.8719430265482515
1790423790.4045687,1.7198350105900317
1790423790.4055178,1.4600660069845617
1790423790.405831,1.2553620035760105
1790423790.4102895,1.563247002195567
1790423790.4108257,1.2998880119994283
1790423790.4132962,1.8412030185572803
1790423790.415757,2.4514940159861
1790423790.4160714,3.567886014934629
1790423790.4173357,3.411159006645903
1790423790.4176934,2.4747559800744057
1790423790.4177697,3.3672230201773345
1790423790.4181821,1.4396430051419884
1790423790.4253123,1.0578990040812641
1790423790.430904,1.400711014866829
1790423790.4366236,1.2055789993610233
1790423790.4396424,1.4878060028422624
1790423790.4397304,1.9438049930613488
1790423790.4451697,1.2922580062877387
1790423790.446672,1.1726830271072686
1790423790.4559462,1.3464519870467484
1790423790.4624512,1.3061310164630413
1790423790.463745,1.1728490062523633
1790423790.4684074,1.169715978903696
1790423790.4739099,1.5012029907666147
1790423790.4806674,1.309539977228269
1790423790.483225,1.1574089876376092
1790423790.4849465,1.179181010229513
1790423790.4888628,1.7382219957653433
1790423790.489436,1.261196011910215
1790423790.4948184,1.2093200057279319
1790423790.4991746,1.3909720000810921
1790423790.5007231,1.4099990075919777
1790423790.5029533,1.419071020791307
1790423790.5046833,1.46843001130037
1790423790.5052247,1.3129129947628826
1790423790.513665,1.3416509900707752
1790423790.5153618,1.2686089903581887
1790423790.5249677,1.5581939951516688
1790423790.5253701,1.5290640003513545
1790423790.5280013,1.3766419724561274
1790423790.5284383,1.3007069937884808
1790423790.5348744,1.2527049984782934
1790423790.5371208,1.1742410133592784
1790423790.5457723,1.7136239912360907
1790423790.556506,2.1244359959382564
1790423790.5605228,1.765471010003239
1790423790.5715108,1.5803469868842512
1790423790.575233,1.6220980032812804
1790423790.5762095,1.7992680077441037
1790423790.5778341,1.4470530149992555
1790423790.5802207,1.4658879954367876
1790423790.5928946,2.2942089999560267
1790423790.5932646,1.9457110029179603
1790423790.5938118,1.8966280040331185
1790423790.5957298,1.3035750016570091
1790423790.6038835,2.8691940242424607
1790423790.6047065,2.6525610010139644
1790423790.6055033,2.8066539962310344
1790423790.6055975,2.374320989474654
1790423790.605653,4.06876698252745
1790423790.6080263,2.194157015765086
1790423790.6083248,2.0920710230711848
1790423790.608386,1.7061609833035618
1790423790.610261,1.5367839951068163
1790423790.6161053,1.4419500075746328
1790423790.6300862,1.6158350044861436
1790423790.6385825,1.7229249933734536
1790423790.640293,1.559116004500538
1790423790.6450675,1.8948060169350356
1790423790.645147,2.4930129875428975
1790423790.6455595,1.5670949942432344
1790423790.6511292,1.1681290052365512
1790423790.652955,1.8174739961978048
1790423790.653942,1.5549809904769063
1790423790.659917,1.2730800081044436
1790423790.6618745,1.1640950106084347
1790423790.663609,1.146177004557103
1790423790.6660843,1.3372960092965513
1790423790.666703,1.4150140050332993
1790423790.6675372,1.4437359932344407
1790423790.6695826,1.364316005492583
1790423790.6715212,1.130930002545938
1790423790.6781611,1.1341359931975603
1790423790.6851506,2.248887001769617
1790423790.685649,1.817299984395504
1790423790.68913,1.6877469897735864
1790423790.6891932,2.19251899397932
1790423790.6913002,1.9517949840519577
1790423790.691363,1.4987470058258623
1790423790.6927042,1.198829006170854
1790423790.6937888,1.0774099791888148
1790423790.6968338,1.241688005393371
1790423790.6998222,1.5198619803413749
1790423790.7008016,1.8906409968622029
1790423790.7014694,1.381762995151803
1790423790.7046306,1.2513149995356798
1790423790.7171907,1.8885330064222217
1790423790.7175438,2.717536990530789
1790423790.7311614,1.5643539954908192
1790423790.7334626,1.7368360131513327
1790423790.7355115,2.7162290061824024
1790423790.736535,1.9064840162172914
1790423790.7366083,2.4955870176199824
1790423790.7423115,1.858823001384735
1790423790.7426314,1.7720270261634141
1790423790.7440386,1.38435501139611
1790423790.7469165,1.3245969894342124
1790423790.7474055,1.357736997306347
1790423790.7512338,1.3752819795627147
1790423790.7524843,1.2410409981384873
1790423790.7531273,1.298666000366211
1790423790.7542071,1.0719510028138757
1790423790.757304,1.1030109890270978
1790423790.7589,1.3444510113913566
1790423790.7593405,1.3500229979399592
1790423790.761281,1.3519560161512345
1790423790.7616098,1.2533200206235051
1790423790.7627952,1.0527629929129034
1790423790.778309,1.576924987602979
1790423790.7850971,1.2800429831258953
1790423790.7874327,1.1961930140387267
1790423790.7966208,1.5050799993332475
1790423790.8010428,1.251626992598176
1790423790.8056748,2.147581981262192
1790423790.806729,1.7245319904759526
1790423790.8074458,3.201468993211165
1790423790.8080566,1.3179640227463096
1790423790.81239,1.476011995691806
1790423790.8131726,1.3626510044559836
1790423790.8156278,1.0963460081256926
1790423790.8179708,1.0867569944821298
1790423790.8202999,1.5894560201559216
1790423790.8203552,2.21318201511167
1790423790.8231816,1.7537779931444675
1790423790.8238153,1.3659090036526322
1790423790.8328369,1.316373993176967
1790423790.834459,1.6138980281539261
1790423790.8354514,1.830157998483628
1790423790.8363788,1.2969250092282891
1790423790.837772,1.1972500069532543
1790423790.8403978,2.421326993498951
1790423790.8413043,1.511089998530224
1790423790.841363,2.3612290096934885
1790423790.8450193,1.3464930234476924
1790423790.845619,1.329841004917398
1790423790.847275,1.1649999942164868
1790423790.8501446,1.9066630047746003
1790423790.8514357,2.592788980109617
1790423790.8525634,1.6367970092687756
1790423790.8526165,2.069990005111322
1790423790.8559,1.1934479989577085
1790423790.8588939,1.2527339858934283
1790423790.8602679,1.2766820145770907
1790423790.8607657,1.272293011425063
1790423790.8630958,1.1289349931757897
1790423790.8691185,1.3484900118783116
1790423790.8709493,1.301026000874117
1790423790.873578,1.179693004814908
1790423790.8784122,2.9512580076698214
1790423790.8789265,3.0257149774115533
1790423790.8793027,3.902747994288802
1790423790.8793736,2.444540004944429
1790423790.8835588,1.2212660221848637
1790423790.8879554,1.254393020644784
1790423790.890038,1.3925829844083637
1790423790.892184,1.2448399793356657
1790423790.8931053,1.5265959955286235
1790423790.9004438,2.205746015533805
1790423790.9009254,1.767385983839631
1790423790.900993,2.326804999029264
1790423790.9029753,1.5338020166382194
1790423790.9038417,1.2368850002530962
1790423790.9098227,1.7372810107190162
1790423790.9132276,1.2998890015296638
1790423790.9230447,1.3811059761792421
1790423790.9246986,1.5524520131293684
1790423790.9280078,1.251656998647377
1790423790.9316149,1.2898849963676184
1790423790.9347107,1.1556789977476
1790423790.9367356,1.278643001569435
1790423790.9383457,1.2970159878022969
1790423790.94446,1.3668689935002476
1790423790.949464,1.7054560012184083
1790423790.949524,2.1286770061124116
1790423790.9546678,1.6093699960038066
1790423790.9564,1.7207420023623854
1790423790.956713,1.4487559965346009
1790423790.9596257,1.3919210177846253
1790423790.9628124,1.6123249952215701
1790423790.9631042,1.381471985951066
1790423790.964485,1.2290760059840977
1790423790.9679368,1.1618179851211607
1790423790.9710543,1.2750260066241026
1790423790.9775915,1.3347070198506117
1790423790.979132,1.3650129840243608
1790423790.9827304,1.9287030154373497
1790423790.9827895,1.6536949842702597
1790423790.987436,1.237173011759296
1790423790.988779,1.1492310150060803
1790423790.9981766,1.4018919900991023
1790423791.0064492,2.4063930031843483
1790423791.007125,2.3013769823592156
1790423791.0073838,1.654837979003787
1790423791.0100417,1.368836994515732
1790423791.0131192,1.3915000017732382
1790423791.0143802,2.1550259843934327
1790423791.0155876,2.4610600084997714
1790423791.0156472,1.7811550060287118
1790423791.0176604,1.8455630051903427
1790423791.0177603,1.5433210064657032
1790423791.0284317,1.2151240080129355
1790423791.0304852,1.3373039837460965
1790423791.0322154,1.1968759936280549
1790423791.0357378,2.3844760144129395
1790423791.0358138,2.0364160009194165
1790423791.0365863,2.072537026833743
1790423791.037345,1.1460090172477067
1790423791.0442257,1.4337240136228502
1790423791.046088,1.1818759958259761
1790423791.047434,1.2128910166211426
1790423791.0501506,2.709335007239133
1790423791.05141,1.813376002246514
1790423791.0514655,2.266577008413151
1790423791.0593798,1.372128986986354
1790423791.065029,1.3100139913149178
1790423791.0708697,1.3111750013194978
1790423791.0754943,1.4403099776245654
1790423791.077645,1.8540289893280715
1790423791.0786257,1.9225940050091594
1790423791.082922,1.57905399100855
1790423791.091345,1.5692189917899668
1790423791.099562,1.4031800092197955
1790423791.1014316,1.4522899873554707
1790423791.1019769,1.4773639850318432
1790423791.1053658,1.7576079990249127
1790423791.107112,1.257124007679522
1790423791.111007,1.6413420089520514
1790423791.1113744,1.4847770216874778
1790423791.117065,1.1759850021917373
1790423791.1237369,1.391009020153433
1790423791.1278353,1.355318003334105
1790423791.1304224,1.66021499899216
1790423791.1314514,2.1880699787288904
1790423791.1323366,1.6379320004489273
1790423791.1331491,1.4886129938531667
1790423791.1380944,1.7577669932506979
1790423791.1383636,1.5040370053611696
1790423791.1437562,1.2910269724670798
1790423791.1459358,1.558430987643078
1790423791.14635,1.5499120054300874
1790423791.1507983,1.465387991629541
1790423791.1547873,1.9316469843033701
1790423791.155363,2.043615997536108
1790423791.1554232,1.7641900049056858
1790423791.1632102,1.436741993529722
1790423791.1677127,1.4842549862805754
1790423791.171324,1.5665440005250275
1790423791.1728325,1.4062219997867942
1790423791.1741824,1.3401249889284372
1790423791.1856244,2.207161975093186
1790423791.1856909,1.8258600030094385
1790423791.190182,2.1164239733479917
1790423791.190281,1.8219769990537316
1790423791.1916652,1.2865499884355813
1790423791.193699,1.3049189874436706
1790423791.1960528,1.9420940079726279
1790423791.1974168,1.8199369951616973
1790423791.1980314,1.31753901951015
1790423791.2017703,1.2050139775965363
1790423791.2043095,1.3402700133156031
1790423791.2162218,1.5718599897809327
1790423791.2216675,1.4399820065591484
1790423791.223155,1.300917996559292
1790423791.233112,1.9148790161125362
1790423791.2338061,1.4867110003251582
1790423791.241008,1.8183140200562775
1790423791.2419524,2.023210021434352
1790423791.2425277,1.2684859975706786
1790423791.2470376,1.1938140087295324
1790423791.25301,1.2054799881298095
1790423791.2634816,1.5180670015979558
1790423791.2637436,2.1970160014461726
1790423791.2664711,2.1978470031172037
1790423791.2671533,2.1526610071305186
1790423791.2672043,2.0593689987435937
1790423791.272544,3.6737409827765077
1790423791.2744799,3.478650003671646
1790423791.2757983,3.7991800054442137
1790423791.2765646,1.3893069990444928
1790423791.2788968,1.341049006441608
1790423791.2811291,1.2137879966758192
1790423791.290769,1.5464590105693787
1790423791.2919695,1.1922440025955439
1790423791.2937098,1.1814649915322661
1790423791.3044496,1.745367975672707
1790423791.3058927,1.3320819998625666
1790423791.315052,1.6884530195966363
1790423791.3188453,1.8608950194902718
1790423791.321848,1.5033289964776486
1790423791.3226979,1.7462020041421056
1790423791.323427,1.4648780052084476
1790423791.3252356,1.2393060023896396
1790423791.3283453,1.9518850021995604
1790423791.3284106,1.6651749901939183
1790423791.3309186,1.552943023853004
1790423791.3383744,1.4081609842833132
1790423791.341109,1.2202130164951086
1790423791.3504086,1.7058569937944412
1790423791.3597958,1.4281429757829756
1790423791.3620079,1.5943000034894794
1790423791.3638113,1.2447550252545625
1790423791.3666368,1.2146999943070114
1790423791.3714576,1.3277370017021894
1790423791.3767319,1.411061006365344
1790423791.3853521,1.3310869981069118
1790423791.3881323,1.658951019635424
1790423791.3893466,1.8737319915089756
1790423791.3903804,1.8631629936862737
1790423791.3982027,2.942360006272793
1790423791.3983338,3.753978991881013
1790423791.3983917,2.599389001261443
1790423791.398817,2.0023990073241293
1790423791.4010315,1.9887940143235028
1790423791.4012983,1.841891004005447
1790423791.4017894,1.1496990045998245
1790423791.4037392,1.214608026202768
1790423791.407485,1.639524009078741
1790423791.4123151,1.3171830214560032
1790423791.4159198,1.2050969817209989
1790423791.427607,1.4007930003572255
1790423791.4290748,1.2156220036558807
1790423791.4309857,1.21108497842215
1790423791.432725,1.3710189959965646
1790423791.4330015,1.195435004774481
1790423791.444986,1.4216879790183157
1790423791.4484859,1.353187020868063
1790423791.4510667,1.4843160170130432
1790423791.4525986,1.3491690042428672
1790423791.4529288,1.2526310165412724
1790423791.4642618,1.939037989359349
1790423791.464328,1.5562479966320097
1790423791.466184,1.768618996720761
1790423791.4667714,1.2296069762669504
1790423791.4702942,1.188897993415594
1790423791.4715166,1.1157479893881828
1790423791.4777582,1.139383006375283
1790423791.482398,1.3104389945510775
1790423791.4863145,1.2250190193299204
1790423791.489767,1.3197089720051736
1790423791.4939373,1.220433012349531
1790423791.499982,1.540572993690148
1790423791.5018618,1.456194993807003
1790423791.5026016,1.603268989128992
1790423791.5092437,1.7735539877321571
1790423791.509308,2.4295019975397736
1790423791.5117664,1.4411349839065224
1790423791.5136523,1.2442709994502366
1790423791.5186257,1.8655869935173541
1790423791.5195866,1.4257339935284108
1790423791.5213351,1.7393110028933734
1790423791.5220156,1.4117819955572486
1790423791.529616,1.3244260044302791
1790423791.531868,1.4533419744111598
1790423791.5330236,1.1480409884825349
1790423791.5344963,1.3346000050660223
1790423791.5352285,1.3882830098737031
1790423791.5372016,1.1048130108974874
1790423791.5453043,1.5228789998218417
1790423791.5471506,1.7278380109928548
1790423791.5480711,1.5685340040363371
1790423791.5523949,1.3027209788560867
1790423791.5537186,1.202421000925824
1790423791.5587392,2.015589998336509
1790423791.5594234,3.114766994258389
1790423791.5595422,2.096970012644306
1790423791.5602548,2.026778005529195
1790423791.5619526,1.1036999931093305
1790423791.563281,1.0611090110614896
1790423791.5660858,1.0693169897422194
1790423791.5710685,1.5638789918739349
1790423791.5728054,1.3188080047257245
1790423791.5756266,1.2515049893409014
1790423791.5812528,1.1719850008375943
1790423791.582689,1.1331530113238841
1790423791.5862222,1.3467349926941097
1790423791.593264,1.213584007928148
1790423791.5949872,1.17469800170511
1790423791.6085634,1.4523370191454887
1790423791.6108193,1.2951350072398782
1790423791.6159976,1.7605279863346368
1790423791.6181545,1.243857986992225
1790423791.6238616,1.1783289955928922
1790423791.633818,1.357175991870463
1790423791.636554,1.8775490170810372
1790423791.6366103,1.5462930023204535
1790423791.6390166,1.2759659730363637
1790423791.6394615,1.0831200052052736
1790423791.647709,1.4806149993091822
1790423791.6518512,1.6521840007044375
1790423791.6527195,1.2571309925988317
1790423791.661774,1.5597309975419194
1790423791.6684148,1.3241269916761667
1790423791.6738474,1.5669339918531477
1790423791.6742327,1.4721819898113608
1790423791.682318,1.3793760153930634
1790423791.685242,1.4466510037891567
1790423791.6865096,1.3709729828406125
1790423791.689884,1.2799100077245384
1790423791.6932871,1.3313080125954002
1790423791.6971755,1.5311430033762008
1790423791.6972437,1.9373460090719163
1790423791.701797,1.3245809823274612
1790423791.7087197,1.7141590069513768
1790423791.7100606,1.3311119982972741
1790423791.7121496,1.202976010972634
1790423791.715294,1.5406619932036847
1790423791.7163956,1.808903005439788
1790423791.7206526,1.7097920062951744
1790423791.7212873,1.4358469925355166
1790423791.7234714,1.876269991043955
1790423791.7237172,1.6904459916986525
1790423791.7252927,1.2462300073821098
1790423791.7409866,1.9836720020975918
1790423791.7435482,1.3432310079224408
1790423791.745225,1.5309639857150614
1790423791.745477,1.3540610088966787
1790423791.7481546,1.4926370058674365
1790423791.7487605,1.3152629835531116
1790423791.7513947,1.43535400275141
1790423791.7543209,1.2681660009548068
1790423791.7574162,1.4687420043628663
1790423791.7615972,1.5958680014591664
1790423791.762869,1.2596779852174222
1790423791.7683883,1.5122460026759654
1790423791.7688704,1.4943449932616204
1790423791.770364,1.2737369979731739
1790423791.7720554,1.1739670007955283
1790423791.7743108,1.5224640083033592
1790423791.775146,1.4836080081295222
1790423791.7757032,1.2115819845348597
1790423791.778461,1.097079017199576
1790423791.78319,1.2850600178353488
1790423791.791174,1.3875760196242481
1790423791.7965622,1.5869170019868761
1790423791.8002098,1.690450997557491
1790423791.8016145,2.591430995380506
1790423791.8026197,1.6556939808651805
1790423791.8026755,2.310949988896027
1790423791.8043313,1.4680259919259697
1790423791.8049712,1.34796102065593
1790423791.8077285,1.1430969752836972
1790423791.8099523,1.8615550070535392
1790423791.8115675,1.6053060244303197
1790423791.811624,2.208445977885276
1790423791.8141947,1.3678800023626536
1790423791.8190613,1.2739570229314268
1790423791.823995,1.3371260138228536
1790423791.8307357,1.4730789989698678
1790423791.8328643,1.2855950044468045
1790423791.8357313,1.3611239846795797
1790423791.8385851,1.283540012082085
1790423791.8448348,1.696242019534111
1790423791.845747,1.5895340184215456
1790423791.8523197,1.2093529803678393
1790423791.8567247,1.8222899816464633
1790423791.8569999,1.5616729797329754
1790423791.85967,1.7016899946611375
1790423791.8606002,1.6164870175998658
1790423791.8640776,1.3162420073058456
1790423791.8663669,1.2454699899535626
1790423791.8808715,1.6926900134421885
1790423791.889633,1.5572299889754504
1790423791.8994796,2.1363659761846066
1790423791.9002006,1.8009580089710653
1790423791.9002688,2.3469960142392665
1790423791.9019234,1.3618330121971667
1790423791.9035802,1.5499040018767118
1790423791.9045324,1.2928249780088663
1790423791.9056392,1.0980420047417283
1790423791.908246,1.1296930024400353
1790423791.9099913,1.2105040077585727
1790423791.9174688,1.5801249828655273
1790423791.9217243,1.2986360234208405
1790423791.9229424,1.2099780142307281
1790423791.9316218,1.4834720059297979
1790423791.9447753,1.3061239733360708
1790423791.947705,1.2910790101159364
1790423791.95,1.4208299980964512
1790423791.950656,1.4549019979313016
1790423791.95434,1.3946999970357865
1790423791.9558847,1.2034340179525316
1790423791.9571502,1.2565620127134025
1790423791.9583097,1.152276003267616
1790423791.9622343,1.3871559931430966
1790423791.9636817,1.160234009148553
1790423791.9702861,1.5284219989553094
1790423791.9717944,1.3552390155382454
1790423791.9773257,1.4488119923043996
1790423791.979315,1.3616590003948659
1790423791.9810803,1.2689399882219732
1790423791.9834929,1.5230140124913305
1790423791.9852781,1.4134929806459695
1790423791.99405,2.1020389976911247
1790423791.9944303,1.8127899966202676
1790423791.995639,2.009785996051505
1790423791.9996817,1.3889099936932325
1790423792.0010076,1.1649630032479763
1790423792.003909,1.2207450054120272
1790423792.008974,1.9693259964697063
1790423792.0093155,2.3656839912291616
1790423792.0111678,1.3847750087734312
1790423792.016359,2.827019983669743
1790423792.0170217,2.5869359960779548
1790423792.0175095,2.6052820030599833
1790423792.0175838,1.8904099997598678
1790423792.0208428,1.479439000831917
1790423792.0231168,1.6762080194894224
1790423792.0233603,1.453246019082144
1790423792.0315669,1.3984529941808432
1790423792.036194,1.6360789886675775
1790423792.036761,1.6415530117228627
1790423792.0444107,1.743911998346448
1790423792.045371,1.3802569883409888
1790423792.0466177,1.2390500050969422
1790423792.0474317,1.4189829817041755
1790423792.058744,1.4999370032455772
1790423792.0643847,1.410386001225561
1790423792.0678399,1.4628710050601512
1790423792.0717669,1.3291329960338771
1790423792.073184,1.3065109960734844
1790423792.075223,1.4185519830789417
1790423792.0799496,2.466069010552019
1790423792.0800204,1.9613989861682057
1790423792.0835547,2.283758018165827
1790423792.0840938,1.636979024624452
1790423792.0843832,2.533446007873863
1790423792.0864327,1.521154015790671
1790423792.086896,1.438748004147783
1790423792.091074,1.509517984231934
1790423792.0913563,2.240419009467587
1790423792.0986197,2.4570339883212
1790423792.0987206,3.089845005888492
1790423792.0997133,1.6586209821980447
1790423792.104085,1.5604700020048767
1790423792.1043577,1.4122489956207573
1790423792.1076262,1.129021984525025
1790423792.1172688,1.774709002347663
1790423792.118214,1.7525099974591285
1790423792.1285763,1.642649993300438
1790423792.1327493,1.372878992697224
1790423792.1360517,3.1929300166666508
1790423792.1369371,2.2333530068863183
1790423792.1370173,2.6872610033024102
1790423792.137286,2.0310569962020963
1790423792.1408722,1.62008500774391
1790423792.1425269,1.3481260102707893
1790423792.144746,1.3188489829190075
1790423792.1510892,1.5550079988315701
1790423792.1540694,1.295711990678683
1790423792.1555789,1.4219440054148436
1790423792.1586888,1.4575360110029578
1790423792.166738,1.556417002575472
1790423792.1680043,2.0106199954170734
1790423792.168658,1.3480140187311918
1790423792.1717482,1.4212780224625021
1790423792.181956,2.804768009809777
1790423792.1821802,2.4482019944116473
1790423792.1826048,4.117187985684723
1790423792.1838818,1.913221989525482
1790423792.1846058,1.6230150067713112
1790423792.1875005,2.040127001237124
1790423792.1886697,1.929846010170877
1790423792.1926372,1.7745989898685366
1790423792.1930282,1.5835269878152758
1790423792.2138343,1.6585209814365953
1790423792.2170432,1.6179749800357968
1790423792.2256596,2.3659539874643087
1790423792.2257557,1.9373950199224055
1790423792.2274725,2.938850986538455
1790423792.2288795,2.721044991631061
1790423792.229384,1.90279699745588
1790423792.2295358,2.6619340060278773
1790423792.2296078,3.0920360004529357
1790423792.2346823,1.4899270026944578
1790423792.2387567,1.3346319901756942
1790423792.2479088,1.4219520089682192
1790423792.2496653,1.4575200038962066
1790423792.2515254,1.3162130198907107
1790423792.2544382,1.2126890069339424
1790423792.2564452,1.4678309962619096
1790423792.2574365,1.54183799168095
1790423792.257697,1.1443760013207793
1790423792.26364,1.5678899944759905
1790423792.265537,1.264114020159468
1790423792.2676077,1.2051610101480037
1790423792.2712297,1.5688029816374183
1790423792.271501,1.3859320024494082
1790423792.2752259,1.3537259947042912
1790423792.2774277,1.7118460091296583
1790423792.2782676,1.6537500196136534
1790423792.2799244,1.3452690036501735
1790423792.2814827,1.1729099787771702
1790423792.2841024,1.3770539953839034
1790423792.2843642,1.2300820089876652
1790423792.2889783,1.1889799789059907
1790423792.291571,2.004590001888573
1790423792.2918515,1.572895998833701
1790423792.2955544,1.1534809891600162
1790423792.3061738,1.7609749920666218
1790423792.3087652,1.2936569983139634
1790423792.314115,2.4965039920061827
1790423792.3142216,1.6536339826416224
1790423792.3144746,2.355837990762666
1790423792.317052,2.3260329908225685
1790423792.3179297,2.2169970034155995
1790423792.3180032,1.4390639844350517
1790423792.3218052,3.635455999756232
1790423792.3221653,2.738256996963173
1790423792.3227656,2.5713810173328966
1790423792.3228176,2.172420994611457
1790423792.3257668,1.4358850021380931
1790423792.3260071,1.2289320002309978
1790423792.3291159,1.2376439990475774
1790423792.3360147,1.7921389953698963
1790423792.336299,1.5324609994422644
1790423792.3419,1.246847998118028
1790423792.34427,1.159267994808033
1790423792.3460104,1.1325439845677465
1790423792.349808,1.460311992559582
1790423792.3511133,1.2933440157212317
1790423792.3525405,1.183738000690937
1790423792.353981,1.1900149984285235
1790423792.3553343,1.3452109997160733
1790423792.3556418,1.2717310164589435
1790423792.3577147,1.1687499936670065
1790423792.3597577,1.3440549955703318
1790423792.3606927,1.837215997511521
1790423792.3613336,1.3197709922678769
1790423792.3640816,1.2796280207112432
1790423792.365687,1.4636139967478812
1790423792.3700347,1.2923699978273362
1790423792.3719747,1.1166420008521527
1790423792.3751488,1.9442590128164738
1790423792.3753939,1.7792620055843145
1790423792.3761823,1.9252289785072207
1790423792.3768375,1.3115479960106313
1790423792.393032,2.399940975010395
1790423792.3931088,1.9280060078017414
1790423792.3995786,1.3865040091332048
1790423792.4035878,1.3730389764532447
1790423792.407922,1.7724389908835292
1790423792.408746,1.5771189937368035
1790423792.4156451,1.2987449881620705
1790423792.4193902,1.4016009808983654
1790423792.421126,1.5916020201984793
1790423792.4214375,1.4472860202658921
1790423792.4230003,1.4639580040238798
1790423792.4238877,1.6175599885173142
1790423792.4246972,1.5197040047496557
1790423792.4272366,1.2538470036815852
1790423792.4298923,1.3876229932066053
1790423792.4331167,1.6354700201191008
1790423792.4437907,1.4520009863190353
1790423792.4486685,2.072184986900538
1790423792.4498205,1.8601049960125238
1790423792.4557161,1.9158219802193344
1790423792.4591198,1.4168519992381334
1790423792.4609315,1.548604981508106
1790423792.4664726,1.2316990178078413
1790423792.468616,1.1509099858812988
1790423792.4722457,1.2426740140654147
1790423792.473703,1.1945079895667732
1790423792.4777336,3.647270001238212
1790423792.479028,4.318614985095337
1790423792.4796898,4.491657979087904
1790423792.4801986,2.454205008689314
1790423792.4802635,3.5866019898094237
1790423792.482201,1.2921509915031493
1790423792.484603,1.1463139962870628
1790423792.4864757,1.3137669884599745
1790423792.5043106,1.6728919872548431
1790423792.5063472,1.4927049924153835
1790423792.5087616,1.4928579912520945
1790423792.5125196,1.9133110181428492
1790423792.5162597,2.1864539885427803
1790423792.5214474,1.6567739949095994
1790423792.5219228,1.5127870137803257
1790423792.5235794,1.332376996288076
1790423792.5262845,1.6758470155764371
1790423792.5272088,1.6739439743105322
1790423792.5304978,1.7311279952991754
1790423792.5337553,1.4632550009991974
1790423792.536171,1.3681559939868748
1790423792.539152,2.200443996116519
1790423792.539901,2.0181889995001256
1790423792.5399625,2.52325800829567
1790423792.5517344,1.6354320105165243
1790423792.5548613,1.320079987635836
1790423792.5560663,1.1967740138061345
1790423792.558164,1.1848330032080412
1790423792.5629888,1.34141999296844
1790423792.5650513,1.3196939835324883
1790423792.5662377,1.1773959849961102
1790423792.5685441,1.4770090056117624
1790423792.5689862,1.5171380073297769
1790423792.582148,1.529774017399177
1790423792.5889065,3.667868993943557
1790423792.5906258,2.6298019802197814
1790423792.5910704,3.672235005069524
1790423792.5912926,4.28430299507454
1790423792.5913756,5.292068002745509
1790423792.592207,1.5690090076532215
1790423792.6026344,1.791261020116508
1790423792.6035514,2.158107003197074
1790423792.6041572,1.3629189925268292
1790423792.606849,1.483991974964738
1790423792.6083922,1.3989769795443863
1790423792.610818,1.3113670283928514
1790423792.6125598,1.135344005888328
1790423792.614886,1.2830389896407723
1790423792.6236455,1.2600070040207356
1790423792.6251893,1.1719190224539489
1790423792.6344092,1.6535930044483393
1790423792.634754,1.5351820038631558
1790423792.639765,2.2498960024677217
1790423792.648011,1.538965996587649
1790423792.651858,1.3383720070123672
1790423792.6571643,1.3654739886987954
1790423792.6609774,1.959282992174849
1790423792.6610334,1.589149993378669
1790423792.663351,1.1186000192537904
1790423792.6727817,1.4026659773662686
1790423792.6794345,1.432920980732888
1790423792.6803129,1.6805590130388737
1790423792.6816745,1.352659019175917
1790423792.6852498,1.2089159863535315
1790423792.6923654,2.475305984262377
1790423792.6926644,3.1810799846425653
1790423792.6936474,2.7068999770563096
1790423792.693696,1.9316920079290867
1790423792.6982195,1.2931810051668435
1790423792.701442,1.355396001599729
1790423792.7019932,1.185008994070813
1790423792.7096334,1.259853015653789
1790423792.7118754,1.282910001464188
1790423792.718783,1.5588600072078407
1790423792.7233474,1.2539640010800213
1790423792.7255816,1.6260420088656247
1790423792.7292228,2.147538005374372
1790423792.73091,2.198381000198424
1790423792.7364,4.858121974393725
1790423792.736557,4.398185992613435
1790423792.7371705,4.3866169871762395
1790423792.7379622,3.853117988910526
1790423792.7382498,3.2752490078564733
1790423792.738323,2.4520249862689525
1790423792.7408776,2.101753023453057
1790423792.741768,1.8567010120023042
1790423792.7441115,2.2204370179679245
1790423792.7446578,2.1152849949430674
1790423792.744718,1.7450560117140412
1790423792.746234,1.297023001825437
1790423792.7485375,1.5005610184744
1790423792.749171,1.480450009694323
1790423792.7524238,1.3744919851887971
1790423792.7629888,2.0249640219844878
1790423792.7641082,1.958169013960287
1790423792.7719839,1.8732429889496416
1790423792.772682,1.6402199980802834
1790423792.7782562,1.6342579910997301
1790423792.7889585,2.588030998595059
1790423792.7903738,2.9968320159241557
1790423792.7905424,2.639345999341458
1790423792.7923825,3.1440970196854323
1790423792.793418,2.0411559962667525
1790423792.793725,2.996875991811976
1790423792.7940602,1.6681319975759834
1790423792.7986803,1.751531002810225
1790423792.7992935,1.4949550095479935
1790423792.8051054,1.5259310021065176
1790423792.8092418,1.8853019864764065
1790423792.8093655,2.4913499946705997
1790423792.8104162,2.239790977910161
1790423792.8189688,1.8214989977423102
1790423792.822825,1.7909909947775304
1790423792.8228867,2.409812994301319
1790423792.8306804,2.4937010020948946
1790423792.8326871,1.8371199839748442
1790423792.8413513,2.385892003076151
1790423792.842907,1.5380959957838058
1790423792.8457572,1.8565510108601302
1790423792.8491251,1.9457099842838943
1790423792.8543015,1.753004005877301
1790423792.859262,1.9222219998482615
1790423792.8605778,2.3000179789960384
1790423792.8614562,1.8447010079398751
1790423792.8643248,2.1298580104485154
1790423792.8655145,1.643368013901636
1790423792.871596,1.7411400040145963
1790423792.8740387,1.7723650089465082
1790423792.8767605,1.8494960095267743
1790423792.8875477,1.9240970141254365
1790423792.888678,2.0428270217962563
1790423792.8931289,1.7669450026005507
1790423792.901238,2.0065520075149834
1790423792.903401,1.7908380250446498
1790423792.9074416,3.421220026211813
1790423792.9077609,3.1073560239747167
1790423792.9083028,4.718270996818319
1790423792.9086096,3.0302410013973713
1790423792.9098437,2.0693810074590147
1790423792.9123096,1.4428129943553358
1790423792.9199288,1.730913994833827
1790423792.9233782,1.5993950073607266
1790423792.9260063,1.4070590259507298
1790423792.934533,1.6808359941933304
1790423792.9421318,2.2498369798995554
1790423792.9431248,1.8746849964372814
1790423792.9437466,1.4549810148309916
1790423792.946147,1.4315599983092397
1790423792.9474647,1.3067990075796843
1790423792.9497285,1.3031109992880374
1790423792.9562333,1.6640810063108802
1790423792.9602425,1.5200430061668158
1790423792.9622946,1.4670529926661402
1790423792.963583,1.3723600131925195
1790423792.9657648,1.613504980923608
1790423792.9682462,1.7056739889085293
1790423792.9689713,1.4805549872107804
1790423792.972603,1.3039259938523173
1790423792.9832282,2.38227000227198
1790423792.9832954,1.8685900140553713
1790423792.9881468,1.6949950077105314
1790423792.9953809,3.3446350134909153
1790423792.99547,2.5839840236585587
1790423792.9957275,1.7367899999953806
1790423792.9998841,1.427844981662929
1790423793.0055156,1.8492169911041856
1790423793.0060952,1.796344993636012
1790423793.0063465,1.3645580038428307
1790423793.0095391,1.2041569862049073
1790423793.0131195,1.1855709890369326
1790423793.014415,1.1951070046052337
1790423793.0216162,1.3719960115849972
1790423793.0224164,1.5699369832873344
1790423793.027951,1.3684849836863577
1790423793.033013,1.3626309810206294
1790423793.0341663,1.247626991244033
1790423793.036062,1.3129200087860227
1790423793.0465045,1.3363100006245077
1790423793.0566263,1.6031129925977439
1790423793.0571582,1.5016630059108138
1790423793.0666928,1.4856659981887788
1790423793.0674713,1.4500000106636435
1790423793.0693932,1.1904340062756091
1790423793.0710173,1.2752480106428266
1790423793.0736098,1.1448529839981347
1790423793.0793312,1.2935890117660165
1790423793.0810077,1.2260900111868978
1790423793.0827312,1.2073340185452253
1790423793.086505,1.8977170111611485
1790423793.087368,1.237884018337354
1790423793.0895512,1.204389991471544
1790423793.0913894,1.5268399729393423
1790423793.091784,1.4796780014876276
1790423793.0957453,1.147908013081178
1790423793.0973902,1.0989709990099072
1790423793.1014817,1.3137279893271625
1790423793.103019,1.1806809925474226
1790423793.1103702,1.4487740118056536
1790423793.1129417,1.2847439793404192
1790423793.1167347,1.4134080265648663
1790423793.1355543,1.7003559914883226
1790423793.1362581,1.5588669921271503
1790423793.1395583,1.2078889994882047
1790423793.141012,1.1715260043274611
1790423793.1537867,1.486805995227769
1790423793.1585462,1.270126987947151
1790423793.1638594,1.4823260135017335
1790423793.1660113,1.2022160226479173
1790423793.1689565,1.227564993314445
1790423793.171078,1.1866749846376479
1790423793.1722953,1.0852150153368711
1790423793.1747355,1.1204630136489868
1790423793.181881,1.340752001851797
1790423793.1870155,1.2702149979304522
1790423793.18862,1.4435320044867694
1790423793.1947656,1.9358690187800676
1790423793.1954844,1.4095139922574162
1790423793.1998038,1.310400984948501
1790423793.2020302,1.9453029963187873
1790423793.2021117,1.6673979989718646
1790423793.2065773,1.3329600042197853
1790423793.2087064,1.1463249975349754
1790423793.2133014,1.1535990051925182
1790423793.2189505,1.2597480090335011
1790423793.2307253,1.6714519879315048
1790423793.2320695,1.3339860015548766
1790423793.2376902,1.765146997058764
1790423793.2377596,2.3122229904402047
1790423793.239279,1.2101839820388705
1790423793.2431068,1.233173010405153
1790423793.2466033,1.2258419883437455
1790423793.2532132,1.4147340261843055
1790423793.2547336,1.357810979243368
1790423793.2595727,1.6054089937824756
1790423793.2638018,1.2170640111435205
1790423793.2665946,1.546619983855635
1790423793.2669852,1.4906440046615899
1790423793.2688007,1.230957976076752
1790423793.2714434,1.21191400103271
1790423793.272993,1.427509996574372
1790423793.2752736,1.253241003723815
1790423793.2808852,1.9949159759562463
1790423793.281487,1.309458981268108
1790423793.2830384,1.0858330060727894
1790423793.2845912,1.1294579890090972
1790423793.2869425,1.408189011272043
1790423793.300218,1.6256750095635653
1790423793.3015552,1.3239600230008364
1790423793.306758,1.2636710016522557
1790423793.3151896,1.4394359895959496
1790423793.3173609,1.1896759970113635
1790423793.3191357,1.264293008716777
1790423793.3201427,1.618185982806608
1790423793.3265529,1.6665110015310347
1790423793.3268917,1.4402739761862904
1790423793.3293273,1.2153350107837468
1790423793.332638,1.2172689894214272
1790423793.3345206,1.1277010198682547
1790423793.3419938,1.3677600072696805
1790423793.3445296,1.3980810181237757
1790423793.3450382,1.368319004541263
1790423793.3481202,1.4684420020785183
1790423793.3481786,1.9711240020114928
1790423793.3522618,1.1887250002473593
1790423793.3588364,1.800745987566188
1790423793.3642085,1.7004910041578114
1790423793.364559,1.5695409965701401
1790423793.3724272,1.6108670097310096
1790423793.3727908,1.3917319884058088
1790423793.3777037,1.1924610007554293
1790423793.3798614,1.518372999271378
1790423793.380141,1.3788409996777773
1790423793.3836436,1.177644997369498
1790423793.3896284,1.7169110069517046
1790423793.3902047,1.375012012431398
1790423793.3930042,1.3003789936192334
1790423793.3935761,1.3945600076112896
1790423793.3946702,1.086063013644889
1790423793.4036298,1.7448379949200898
1790423793.4148173,1.7844809917733073
1790423793.4192882,2.148327010218054
1790423793.4195833,1.5462280134670436
1790423793.4229758,1.2947869836352766
1790423793.425323,1.2329890159890056
1790423793.428443,2.4205869995057583
1790423793.4285483,2.5895739963743836
1790423793.4293885,1.5499739965889603
1790423793.43604,1.38718998641707
1790423793.4408653,1.5076189883984625
1790423793.4432466,1.228270004503429
1790423793.4487674,1.3643180136568844
1790423793.4510195,1.445144007448107
1790423793.4557521,1.831796020269394
1790423793.4558146,2.293746016221121
1790423793.4573007,1.1645839840639383
1790423793.4642475,1.3898540055379272
1790423793.4646766,1.2689149880316108
1790423793.4762847,1.6513459850102663
1790423793.4783025,1.271844987059012
1790423793.4806957,1.3322440208867192
1790423793.483007,1.235176983755082
1790423793.4898477,1.7237240099348128
1790423793.4901967,1.542996003990993
1790423793.4962573,1.472789008403197
1790423793.4990075,1.4872499741613865
1790423793.5015697,1.3540979998651892
1790423793.5103002,1.550846005557105
1790423793.5116951,1.2333799968473613
1790423793.517539,1.530812995042652
1790423793.5188692,2.1129050001036376
1790423793.520113,2.1235670137684792
1790423793.5204728,1.5952379908412695
1790423793.5316334,1.3464359799399972
1790423793.5336163,1.1822470114566386
1790423793.5365922,1.2319590023253113
1790423793.541359,1.4073470083530992
1790423793.5488794,1.5570529794786125
1790423793.5497978,1.91086798440665
1790423793.550863,1.9745810132008046
1790423793.553445,1.4559749979525805
1790423793.5542724,1.510122005129233
1790423793.555668,1.3884250074625015
1790423793.566279,1.5312439936678857
1790423793.569684,1.5857880061957985
1790423793.5733767,1.2786140141543
1790423793.574642,1.1827379930764437
1790423793.5767946,1.1755739978980273
1790423793.5784845,1.085088006220758
1790423793.5818906,1.271735003683716
1790423793.5840857,1.4527640014421195
1790423793.5867002,1.2225210084579885
1790423793.5902998,1.6871870029717684
1790423793.5913036,1.3603130064439029
1790423793.5965986,1.7244280024897307
1790423793.5972219,1.3377790164668113
1790423793.6027107,1.5720799856353551
1790423793.6033738,1.3317959965206683
1790423793.6049533,1.0839330207090825
1790423793.6065898,1.083368988474831
1790423793.6088636,1.1913749913219362
1790423793.6224957,1.4429909933824092
1790423793.6253703,1.3929179986007512
1790423793.6291192,1.304050994804129
1790423793.6305027,1.277852017665282
1790423793.6337674,1.151041011326015
1790423793.6370983,1.134966005338356
1790423793.6392698,1.1593480012379587
1790423793.6437688,1.6622290131635964
1790423793.6446304,1.6204860003199428
1790423793.6485555,1.3444139913190156
1790423793.6505957,1.277625997317955
1790423793.6565366,1.8946019990835339
1790423793.6577091,2.0248960063327104
1790423793.65974,2.747241989709437
1790423793.6602168,1.623978023417294
1790423793.6606722,2.485658013029024
1790423793.6622124,1.218565012095496
1790423793.6651328,1.2801410048268735
1790423793.669304,2.5211510073859245
1790423793.6694276,2.163124008802697
1790423793.670159,2.170075982576236
1790423793.6753511,1.4329649857245386
1790423793.6802146,1.3708820042666048
1790423793.6823354,1.3059350021649152
1790423793.6837175,1.2664099922403693
1790423793.6915224,1.2532619875855744
1790423793.6933565,1.1199250002391636
1790423793.6980553,1.2790759792551398
1790423793.7059853,1.2470799847505987
1790423793.7199562,3.257200005464256
1790423793.722182,3.7835820112377405
1790423793.7223423,3.3644019858911633
1790423793.7235892,3.1517370080109686
1790423793.7270405,1.6605340060777962
1790423793.727844,1.457812002627179
1790423793.7335699,1.2896140106022358
1790423793.7350883,1.1684010096359998
1790423793.7365074,1.137177983764559
1790423793.7393365,1.6198369849007577
1790423793.7399611,1.8506030028220266
1790423793.7407591,1.4114259975031018
1790423793.7425401,1.2936890125274658
1790423793.7434912,1.5325210115406662
1790423793.7443397,1.2166769884061068
1790423793.7457995,1.4520770055241883
1790423793.7493691,1.187984977150336
1790423793.7519662,1.152348006144166
1790423793.758059,1.233197981491685
1790423793.7619307,1.3171769969630986
1790423793.766997,1.5420160198118538
1790423793.7677445,1.7025260021910071
1790423793.76833,1.3235910155344754
1790423793.77388,1.1786429968196899
1790423793.7761176,2.1227829856798053
1790423793.7778091,2.9498749936465174
1790423793.777912,1.605436991667375
1790423793.777961,2.2740410058759153
1790423793.779185,1.1415019980631769
1790423793.7828298,1.097610016586259
1790423793.7909415,1.8614119908306748
1790423793.7915502,1.4543079887516797
1790423793.801406,1.574794005136937
1790423793.8045943,1.4280570030678064
1790423793.806689,2.086766005959362
1790423793.807601,2.0282640180084854
1790423793.8076577,1.3837759906891733
1790423793.8091905,1.0945319954771549
1790423793.8145928,1.9726580067072064
1790423793.8147056,1.6626610013190657
1790423793.8155506,1.858857023762539
1790423793.8159974,1.1479100212454796
1790423793.8289914,1.3556719932239503
1790423793.8363054,1.5711830055806786
1790423793.8380492,1.4513929781969637
1790423793.840175,1.727248018141836
1790423793.840822,1.4183339953888208
1790423793.8425162,1.1982569994870573
1790423793.84628,1.1992259824182838
1790423793.8485384,1.4851770247332752
1790423793.849207,1.7178200068883598
1790423793.854974,1.6758720157667994
1790423793.8550282,2.1767390135210007
1790423793.8602855,1.3758930144831538
1790423793.864939,1.586909027537331
1790423793.8653226,1.5673100133426487
1790423793.869502,1.493502000812441
1790423793.8719656,1.4298690075520426
1790423793.872698,1.493427000241354
1790423793.873835,1.7634310061112046
1790423793.8743682,1.2504420010372996
1790423793.8768988,1.1570789793040603
1790423793.8796203,1.5121049946174026
1790423793.8802788,1.5739340160507709
1790423793.8842883,1.2581979972310364
1790423793.8846948,2.0365199889056385
1790423793.886036,1.1496059887576848
1790423793.9054625,1.59691899898462
1790423793.9111214,2.1251529979053885
1790423793.9139934,1.4991910138633102
1790423793.9231367,1.4048620068933815
1790423793.928112,1.6770449874456972
1790423793.9287434,1.546965999295935
1790423793.934061,1.6145099943969399
1790423793.9348176,1.8058329878840595
1790423793.9357762,1.8024030141532421
1790423793.938887,1.5000640123616904
1790423793.939168,1.3733560044784099
1790423793.9448602,1.5227999829221517
1790423793.945958,1.8357869994360954
1790423793.9466321,1.3687490136362612
1790423793.9493911,1.6074900049716234
1790423793.9497497,1.5485830081161112
1790423793.9510622,1.1907490261364728
1790423793.9525275,1.1809630086645484
1790423793.957786,1.3421330077107996
1790423793.9608004,1.4513180067297071
1790423793.9612794,1.346092001767829
1790423793.975278,1.5232939913403243
1790423793.9772434,1.624124008230865
1790423793.9778237,1.6567379934713244
1790423793.983921,1.2671219883486629
1790423793.9858704,1.3600679812952876
1790423793.9941607,1.2555109860841185
1790423793.9972918,1.2374809884931892
1790423794.0051892,1.4165030152071267
1790423794.0069695,1.2108960072509944
1790423794.0097003,1.2763490085490048
1790423794.0244489,2.393714996287599
1790423794.0247498,2.6253900141455233
1790423794.0254323,2.1034049859736115
1790423794.0260794,1.321385003393516
1790423794.0310788,1.6619609959889203
1790423794.032337,1.3836879807058722
1790423794.0435991,1.4868350117467344
1790423794.044127,1.545537990750745
1790423794.0531178,1.4650899975094944
1790423794.0558136,1.4492679911199957
1790423794.056468,1.4869340229779482
1790423794.0609958,1.609141007065773
1790423794.0633671,1.3771960220765322
1790423794.0639925,1.4236299903132021
1790423794.0668423,1.1585540196392685
1790423794.0705886,1.2712370080407709
1790423794.0789208,1.4191110094543546
1790423794.0908973,1.7332629940938205
1790423794.0939295,1.3248460018076003
1790423794.0974972,1.4675399870611727
1790423794.0982,1.3103520032018423
1790423794.10186,1.2475069961510599
1790423794.1047158,1.755460980348289
1790423794.106073,2.323833992704749
1790423794.1063547,1.629162987228483
1790423794.1093383,1.637045992538333
1790423794.1102755,1.331740990281105
1790423794.1121912,1.0698910045903176
1790423794.113462,1.1946310114581138
1790423794.1137648,1.1465449933893979
1790423794.123748,2.4747290008235723
1790423794.123866,3.0030350026208907
1790423794.1243894,1.8396959931124002
1790423794.1299465,1.3040819903835654
1790423794.131385,1.192552997963503
1790423794.1320283,1.339619979262352
1790423794.135183,1.3681710115633905
1790423794.1397226,1.3314179959706962
1790423794.1434612,1.166018977528438
1790423794.150695,1.6378770233131945
1790423794.154149,1.2915159750264138
1790423794.1560771,1.604401011718437
1790423794.156769,1.4799099881201982
1790423794.16729,1.3682579738087952
1790423794.1717825,1.212463015690446
1790423794.181753,1.5171589911915362
1790423794.1972303,1.5354749921243638
1790423794.1991713,1.8243700033053756
1790423794.1999562,1.5509850054513663
1790423794.2027986,1.9933980074711144
1790423794.2036746,1.522862003184855
1790423794.2043674,1.367040997138247
1790423794.207558,1.2969769886694849
1790423794.211606,1.4381349901668727
1790423794.2229195,1.2720809900201857
1790423794.226955,1.308342005359009
1790423794.2325928,2.6502270193304867
1790423794.2332158,2.865574002498761
1790423794.23415,2.53988298936747
1790423794.2342455,1.6449549875687808
1790423794.2382548,1.1317770113237202
1790423794.2404964,1.8225410021841526
1790423794.240808,1.7369469860568643
1790423794.2427032,1.2067460047546774
1790423794.244451,1.4901270042173564
1790423794.2448084,1.4379830099642277
1790423794.2468362,1.187285000924021
1790423794.2515395,1.09769101254642
1790423794.2534583,1.1168550117872655
1790423794.256156,1.4129299961496145
1790423794.2583926,1.1903269914910197
1790423794.2609642,1.464343979023397
1790423794.265047,2.0142740104347467
1790423794.2656653,2.1993870032019913
1790423794.2657142,1.6220059769693762
1790423794.2758255,1.3890840054955333
1790423794.2821712,1.597972004674375
1790423794.2822416,2.1010460040997714
1790423794.2979236,1.7184400057885796
1790423794.2988467,1.7424150137230754
1790423794.3034816,1.6753380186855793
1790423794.3041155,1.4938770036678761
1790423794.3066018,1.1719790054485202
1790423794.314482,1.1801280197687447
1790423794.3168964,1.5122579934541136
1790423794.3192837,1.2631470162887126
1790423794.320848,1.3526099792215973
1790423794.3232062,1.162583997938782
1790423794.327247,1.0598439839668572
1790423794.3329709,1.6555189795326442
1790423794.3433075,1.532311987830326
1790423794.3486116,1.2319119996391237
1790423794.3558798,1.4505860162898898
1790423794.3562815,1.4372819860000163
1790423794.363517,1.4450199960265309
1790423794.365812,1.2479040015023202
1790423794.367078,1.1794079910032451
1790423794.3772283,2.595898986328393
1790423794.378497,2.9422150109894574
1790423794.3785949,2.175661997171119
1790423794.3804874,2.7770040032919496
1790423794.381107,1.9033999997191131
1790423794.3813508,1.2790359905920923
1790423794.3840013,1.10556700383313
1790423794.3911495,1.7424419929739088
1790423794.3915398,1.5000440180301666
1790423794.3960261,1.2672739976551384
1790423794.3971953,1.1613419919740409
1790423794.4031746,1.3453610008582473
1790423794.41028,1.714173995424062
1790423794.4103396,2.441501012071967
1790423794.4155755,1.3330679794307798
1790423794.4199698,1.533542003016919
1790423794.4232922,1.345457014394924
1790423794.4247515,1.335962995653972
1790423794.4272854,1.548904983792454
1790423794.4346569,1.3785049959551543
1790423794.4441924,2.3078119847923517
1790423794.4466317,3.9320150099229068
1790423794.4470835,3.468303009867668
1790423794.4478798,2.853024023352191
1790423794.4479547,2.515154017601162
1790423794.4480176,3.402548987651244
1790423794.4509423,1.7452510073781013
1790423794.4515412,1.3366540079005063
1790423794.4536636,1.2156839948147535
1790423794.4662275,2.4393569910898805
1790423794.4669285,1.8003160075750202
1790423794.473305,2.0575899980030954
1790423794.474028,1.5941680176183581
1790423794.4787223,1.4993289951235056
1790423794.4860764,1.6896789893507957
1790423794.492587,1.9914360018447042
1790423794.4935753,1.8618940084706992
1790423794.4955807,1.5851779899094254
1790423794.4992065,1.3862250198144466
1790423794.5008519,1.3892459974158555
1790423794.5046103,1.3938979827798903
1790423794.5137463,4.957041994202882
1790423794.5144172,4.249139019520953
1790423794.514524,3.6979900032747537
1790423794.514584,5.099309986690059
1790423794.514636,3.2731739920563996
1790423794.5187232,1.4488279994111508
1790423794.5244484,2.0292549743317068
1790423794.5258121,2.7005109877791256
1790423794.5268052,1.6796879936009645
1790423794.5299275,1.3556070043705404
1790423794.5340545,1.4615749823860824
1790423794.5354805,1.4169269998092204
1790423794.536749,1.2595669832080603
1790423794.5385158,1.2186919921077788
1790423794.5469522,1.3932650035712868
1790423794.5564313,1.8198629841208458
1790423794.5606005,1.7028599977493286
1790423794.5644457,2.4305219994857907
1790423794.5654805,2.7056319813709706
1790423794.5655582,2.175708010327071
1790423794.5676723,1.817003998439759
1790423794.568545,1.707489980617538
1790423794.5694978,1.7185450124088675
1790423794.574989,1.3707579928450286
1790423794.5811338,1.3869650138076395
1790423794.5847642,3.0364670092239976
1790423794.584929,2.735179994488135
1790423794.5850017,2.454373025102541
1790423794.5855403,2.1020440035499632
1790423794.5998952,2.524590992834419
1790423794.6009371,1.9989830034319311
1790423794.6099381,1.5516109997406602
1790423794.6173806,1.9784359901677817
1790423794.6174433,1.9836429855786264
1790423794.6214924,1.5093380061443895
1790423794.6293945,2.5735840026754886
1790423794.6297166,1.91829600953497
1790423794.6297855,2.4946389894466847
1790423794.6322615,1.268992986297235
1790423794.6377072,1.5700869844295084
1790423794.6383078,1.3254029909148812
1790423794.6432133,2.487927005859092
1790423794.6443274,1.5799840039107949
1790423794.6447542,3.5745509958360344
1790423794.6448185,2.8059740143362433
1790423794.6457405,1.3922849902883172
1790423794.6488957,1.2966780050192028
1790423794.6522033,1.279312011320144
1790423794.6611829,2.234163985121995
1790423794.662758,2.4652130086906254
1790423794.6628342,3.12035801471211
1790423794.6632273,1.6194759809877723
1790423794.669362,1.2208590051159263
1790423794.6727405,1.1101370037067682
1790423794.6843498,1.4346929965540767
1790423794.6845999,2.0943649869877845
1790423794.6880426,1.2170819973107427
1790423794.688529,1.2178719916846603
1790423794.6909995,1.2547600199468434
1790423794.6926131,1.2138269958086312
1790423794.6943326,1.1849590227939188
1790423794.6947713,1.2211170105729252
1790423794.6994417,1.1407120036892593
1790423794.7074983,1.3975290057715029
1790423794.713294,1.3553629978559911
1790423794.7170408,1.1571869836188853
1790423794.7410388,1.5601310005877167
1790423794.7452707,1.5103899932000786
1790423794.745893,1.6880749899428338
1790423794.7467296,1.4506090083159506
1790423794.751504,1.6409340023528785
1790423794.7581508,1.8670449790079147
1790423794.7590947,1.6927760152611881
1790423794.7693238,1.556822011480108
1790423794.7696335,2.3230309889186174
1790423794.7812283,1.9336300028953701
1790423794.7812881,2.4361960240639746
1790423794.7835357,1.3028480170760304
1790423794.790721,1.564558973768726
1790423794.7921615,1.4299989852588624
1790423794.7973669,2.1913429955020547
1790423794.7979767,2.0922569965478033
1790423794.7982605,1.7255310085602105
1790423794.8003044,1.2641120119951665
1790423794.8021982,1.167967013316229
1790423794.8036366,1.4290090184658766
1790423794.8052833,1.175732002593577
1790423794.8099372,1.4041039976291358
1790423794.813069,2.3070279858075082
1790423794.8131247,1.9040800107177347
1790423794.8139367,1.963320013601333
1790423794.8181975,2.12210402241908
1790423794.818528,2.095885021844879
1790423794.827749,1.847750012530014
1790423794.827808,2.4808510206639767
1790423794.8334022,1.3614709896501154
1790423794.834838,1.2277349887881428
1790423794.8409808,1.7920329992193729
1790423794.841091,2.4085179902613163
1790423794.841939,1.9786370103247464
1790423794.844702,1.511089998530224
1790423794.8453045,1.2444109888747334
1790423794.8511882,1.197561010485515
1790423794.8538086,1.1280150210950524
1790423794.8566227,1.2415200180839747
1790423794.8606894,1.3324689934961498
1790423794.8619313,1.1618960124906152
1790423794.8630862,1.1473859776742756
1790423794.8713262,1.3624449784401804
1790423794.8803484,1.4865320117678493
1790423794.8819818,1.1827499838545918
1790423794.8909278,1.549537992104888
1790423794.892531,1.2175730080343783
1790423794.8972447,1.8517589778639376
1790423794.8972976,1.5367110027000308
1790423794.901715,1.3225250004325062
1790423794.9078872,1.2138280144426972
1790423794.9163618,1.645608979742974
1790423794.9168775,1.4766879903618246
1790423794.9223564,1.182022999273613
1790423794.9275026,1.6430900141131133
1790423794.928074,1.2412880023475736
1790423794.9310327,2.076729986583814
1790423794.9315228,1.7369370034430176
1790423794.93923,1.3183499977458268
1790423794.9422178,1.2759260134771466
1790423794.9488866,2.9888089920859784
1790423794.9489937,2.6658079877961427
1790423794.9496617,2.465824014507234
1790423794.9499378,1.6062069917097688
1790423794.9530933,1.2208999833092093
1790423794.9562933,1.2412620126269758
1790423794.9598415,1.4384190144483
1790423794.9649417,2.973194990772754
1790423794.9663022,3.8412110006902367
1790423794.9668183,3.200633014785126
1790423794.9673188,1.6571999876759946
1790423794.9673789,2.4284380197059363
1790423794.9757283,3.3611260005272925
1790423794.97672,2.971073001390323
1790423794.9768295,2.5584450049791485
1790423794.9768884,3.548734006471932
1790423794.9813232,1.2370740005280823
1790423794.9840972,1.0843189957085997
1790423794.9861786,1.089641998987645
1790423794.9933596,1.3235239894129336
1790423794.9983103,1.9822909962385893
1790423794.9985523,2.6341590273659676
1790423794.999203,1.2876929831691086
1790423795.0088282,1.492481998866424
1790423795.014105,1.3091430009808391
1790423795.0188303,1.2489749933592975
1790423795.0225894,2.21023999620229
1790423795.0226486,1.7581229913048446
1790423795.0261781,1.1501029948703945
1790423795.0297778,1.6630039899609983
1790423795.030292,1.7932589980773628
1790423795.0386078,1.3292169896885753
1790423795.0443609,1.588582992553711
1790423795.047035,1.434111996786669
1790423795.0535953,1.43325500539504
1790423795.0610507,1.252376998309046
1790423795.0633497,1.3912410067860037
1790423795.064175,1.487524015828967
1790423795.0680292,1.3801640016026795
1790423795.0685608,1.358491979772225
1790423795.0771189,1.4912309998180717
1790423795.0813565,1.2737859797198325
1790423795.0835328,1.982163987122476
1790423795.0837655,1.775378012098372
1790423795.0841515,1.6274569788947701
1790423795.0911455,1.1424779950175434
1790423795.0957968,1.4216650160960853
1790423795.1067986,1.4405940019059926
1790423795.1088455,2.036008983850479
1790423795.1088977,1.610785984667018
1790423795.1116269,2.038949984125793
1790423795.1123564,2.3657309939153492
1790423795.1124325,2.27252600598149
1790423795.114592,1.204668020363897
1790423795.115976,1.1262149782851338
1790423795.1254811,1.515084004495293
1790423795.1285722,1.4459149970207363
1790423795.1365812,1.3758069835603237
1790423795.1375098,1.5197870088741183
1790423795.139256,1.0928880074061453
1790423795.1412003,1.3754039828199893
1790423795.1442723,1.204628002597019
1790423795.1557817,2.3508319864049554
1790423795.1560926,2.0752400159835815
1790423795.1564305,2.0376989850774407
1790423795.1585903,1.2130039976909757
1790423795.1605735,1.2083110050298274
1790423795.1624773,1.4426060079131275
1790423795.1627614,1.3302620209287852
1790423795.1660461,1.2324670096859336
1790423795.167765,1.2045360053889453
1790423795.171191,2.4088509962894022
1790423795.1722612,1.7897240177262574
1790423795.174246,1.418879022821784
1790423795.1763873,1.5184329822659492
1790423795.1766586,1.343661017017439
1790423795.1799104,1.3428610109258443
1790423795.1837564,1.6495760064572096
1790423795.184328,1.2564659991767257
1790423795.187391,1.4570099883712828
1790423795.191465,1.2127789959777147
1790423795.194615,1.3536009937524796
1790423795.195319,1.4066809962969273
1790423795.2047567,1.4239329902920872
1790423795.2093847,1.285186008317396
1790423795.2138267,1.3093019952066243
1790423795.217124,1.2021909933537245
1790423795.2200987,1.5802340058144182
1790423795.2206075,1.2687879789154977
1790423795.2223928,1.4722409832756966
1790423795.2229817,1.1604430037550628
1790423795.2319944,3.1207769934553653
1790423795.2326791,2.485995995812118
1790423795.2332182,1.9258210086263716
1790423795.233321,2.3535770014859736
1790423795.2373471,2.72422400303185
1790423795.238038,2.7472229849081486
1790423795.2381418,2.3149250191636384
1790423795.2388232,1.4670730161014944
1790423795.2500546,2.237743989098817
1790423795.2501223,2.8726290038321167
1790423795.2629561,1.6791810048744082
1790423795.2648385,1.4107709866948426
1790423795.275625,1.811435999115929
1790423795.2816055,1.3708120095543563
1790423795.2828956,1.2823949800804257
1790423795.2864637,1.1919850076083094
1790423795.2961297,1.3939319760538638
1790423795.299373,1.2461600126698613
1790423795.3034494,1.2040640285704285
1790423795.3120284,1.4630779915023595
1790423795.325586,2.6910910091828555
1790423795.32664,2.9619270062539726
1790423795.328029,1.379303983412683
1790423795.3373606,1.7316529992967844
1790423795.3508682,2.2770500218030065
1790423795.3517108,1.7733769782353193
1790423795.3563218,2.3438489879481494
1790423795.3564131,1.6042790084611624
1790423795.35674,2.281385997775942
1790423795.3583481,1.2078520085196942
1790423795.3602335,1.5392639907076955
1790423795.3607984,1.3571780000347644
1790423795.3691325,2.5175579939968884
1790423795.3692315,2.4147999938577414
1790423795.3788037,1.6501540085300803
1790423795.3821867,1.6456160228699446
1790423795.3877227,1.2990329996682703
1790423795.390628,1.3299699930939823
1790423795.3931916,1.187654008390382
1790423795.3986275,1.3863970234524459
1790423795.4013345,1.2230240099597722
1790423795.403312,1.1753799917642027
1790423795.4047265,1.164757995866239
1790423795.4091911,1.2901279842481017
1790423795.4120595,1.4159849961288273
1790423795.4185195,1.221963990246877
1790423795.4234333,1.1792349978350103
1790423795.4289029,1.5813499921932817
1790423795.429233,1.2137540034018457
1790423795.437472,2.861639019101858
1790423795.4385555,3.4761549904942513
1790423795.4393003,3.6802169925067574
1790423795.4399834,4.179395997198299
1790423795.4401944,3.1501060002483428
1790423795.4404645,1.8987109942827374
1790423795.4437644,1.2115089921280742
1790423795.446402,1.7935959913302213
1790423795.4464548,1.4310650003608316
1790423795.4486437,1.3210359902586788
1790423795.4489155,1.1806479888036847
1790423795.4527578,1.3479609915520996
1790423795.4585216,1.2448740017134696
1790423795.4604547,1.2436090037226677
1790423795.46258,1.360616006422788
1790423795.462932,1.2995809956919402
1790423795.4707801,3.0400639807339758
1790423795.471504,2.8579070058185607
1790423795.4718657,3.712589998031035
1790423795.4729347,3.391292004380375
1790423795.4734852,2.6963219861499965
1790423795.474313,2.0032460161019117
1790423795.4743738,1.4312169805634767
1790423795.4767945,1.0977330093737692
1790423795.4779837,1.0664089932106435
1790423795.479163,1.0456810123287141
1790423795.480907,1.3884500076528639
1790423795.4825497,1.1347989784553647
1790423795.486699,1.2418119877111167
1790423795.4879088,1.2018849956803024
1790423795.4902573,1.2315509957261384
1790423795.4940078,1.18305700016208
1790423795.4962509,1.2299679801799357
1790423795.497737,1.1471890029497445
1790423795.5005393,1.466774003347382
1790423795.5026507,1.1821590014733374
1790423795.5065222,1.327025005593896
1790423795.506914,1.2998820166103542
1790423795.5114748,1.3411850086413324
1790423795.5128422,1.3588820002041757
1790423795.513163,1.270276989089325
1790423795.51574,1.4791150169912726
1790423795.5201883,1.3948380073998123
1790423795.5286994,1.727260008919984
1790423795.529652,1.824097998905927
1790423795.5310364,2.1303819958120584
1790423795.5345933,2.0337750029284507
1790423795.535391,1.8128409865312278
1790423795.540813,3.0589720117859542
1790423795.5414562,2.5286969903390855
1790423795.5418131,2.0802250073757023
1790423795.5464747,2.297375991474837
1790423795.5491138,2.0674929837696254
1790423795.5491936,2.7032539946958423
1790423795.552073,1.8397480016574264
1790423795.5582883,2.1311390155460685
1790423795.5639987,2.2646260040346533
1790423795.5729759,2.93539697304368
1790423795.5741165,3.2717229914851487
1790423795.5756946,2.228989003924653
1790423795.5779622,1.4728090027347207
1790423795.5809503,1.5526729985140264
1790423795.5844445,1.444515015464276
1790423795.5859113,1.3538660132326186
1790423795.5886264,1.3655690127052367
1790423795.5954278,3.9414759958162904
1790423795.5958247,4.129167995415628
1790423795.5959198,2.154105983208865
1790423795.605613,2.6183229929301888
1790423795.6108088,2.4527649802621454
1790423795.614899,2.2404129849746823
1790423795.6225693,2.4384800053667277
1790423795.625789,1.7375809838995337
1790423795.6276608,1.3542590022552758
1790423795.6302264,1.4504620048683137
1790423795.6304886,1.266488980036229
1790423795.6337397,1.1001789825968444
1790423795.6417758,1.2482389865908772
1790423795.648612,1.1801499931607395
1790423795.6504598,1.4996870013419539
1790423795.6528606,1.3650530017912388
1790423795.6541355,1.144804002251476
1790423795.6578465,1.155442005256191
1790423795.6683013,3.2688119972590357
1790423795.6685803,4.301502020098269
1790423795.6686466,2.7401810220908374
1790423795.6810577,2.780217007966712
1790423795.6824956,1.4208480133675039
1790423795.6845348,1.2171349953860044
1790423795.688309,1.229582994710654
1790423795.692605,1.4002090028952807
1790423795.6943252,1.1406460253056139
1790423795.7021768,1.3960220094304532
1790423795.702675,1.349562022369355
1790423795.7093277,1.412632002029568
1790423795.7109826,1.5441429859492928
1790423795.7133093,1.148354000179097
1790423795.7176156,1.2198309996165335
1790423795.722448,3.4109000116586685
1790423795.7228658,3.4138099872507155
1790423795.7241054,1.6481000056955963
1790423795.725048,1.7746739904396236
1790423795.7294874,2.235922002000734
1790423795.7304287,1.6587849822826684
1790423795.7304785,2.3777900205459446
1790423795.739284,1.5178020112216473
1790423795.7396908,1.4476390206255019
1790423795.747824,1.5976009890437126
1790423795.7578166,1.5547240036539733
1790423795.7593348,1.2373079953249544
1790423795.762141,1.2495779956225306
1790423795.7672882,1.2395869998726994
1790423795.7678099,1.2329689925536513
1790423795.7706997,2.417020994471386
1790423795.771263,2.402073994744569
1790423795.7715046,1.906522986246273
1790423795.7789638,1.1711599945556372
1790423795.7881072,1.881753996713087
1790423795.788183,2.50607798807323
1790423795.7932806,1.2680799991358072
1790423795.7967734,1.2076560233253986
1790423795.7972858,1.1313910072203726
1790423795.7987742,1.1155690008308738
1790423795.8012054,1.1410500155761838
1790423795.8049886,1.303641009144485
1790423795.8053713,1.2075639970134944
1790423795.8070807,1.1041369871236384
1790423795.812881,1.052023988449946
1790423795.817682,1.343358977464959
1790423795.8213525,1.4821789809502661
1790423795.8219602,1.2426390021573752
1790423795.8250852,1.1137450055684894
1790423795.8278353,1.086809003027156
1790423795.8325741,1.4788729895371944
1790423795.8343313,1.1810669966507703
1790423795.8370695,1.1752350255846977
1790423795.8418727,2.351748989894986
1790423795.8425329,1.337193010840565
1790423795.8429217,2.4728960124775767
1790423795.847391,1.5190650010481477
1790423795.8522866,1.447711983928457
1790423795.8549876,1.2157740129623562
1790423795.8578596,1.0851989791262895
1790423795.8615088,2.4912600056268275
1790423795.8628585,1.7681779863778502
1790423795.8629346,2.622036001412198
1790423795.863236,1.4904520066920668
1790423795.8687754,1.1193320096936077
1790423795.8692243,1.0824920027516782
1790423795.8741724,1.1760500201489776
1790423795.8763158,1.1913290072698146
1790423795.8787148,1.1996639950666577
1790423795.879229,1.1743989889509976
1790423795.880498,1.165619003586471
1790423795.881866,1.0653180070221424
1790423795.883161,1.0495810129214078
1790423795.891291,1.5668960113544017
1790423795.8924222,1.1229290103074163
1790423795.8949666,1.0678049875423312
1790423795.8981762,1.0917460022028536
1790423795.8998222,1.0775999980978668
1790423795.907119,1.6155729827005416
1790423795.9072118,2.13215101393871
1790423795.9084384,1.133104000473395
1790423795.912942,1.0475989838596433
1790423795.9313066,5.306044011376798
1790423795.9337533,6.880519998958334
1790423795.9341648,6.230432976735756
1790423795.9359217,4.7966700221877545
1790423795.936411,3.1235780043061823
1790423795.9364684,4.557918990030885
1790423795.9381652,1.1268030211795121
1790423795.9420328,2.0450910087674856
1790423795.9426467,2.3410509747918695
1790423795.9435396,2.5861489993985742
1790423795.9467595,1.0888819815590978
1790423795.9606586,5.186377005884424
1790423795.9611015,5.071123014204204
1790423795.9612055,4.452622000826523
1790423795.9613128,3.6546500050462782
1790423795.9616208,1.508896006271243
1790423795.9650943,2.2794609831180423
1790423795.9656618,2.1869069896638393
1790423795.9664302,2.223721006885171
1790423795.967565,2.281774999573827
1790423795.9676561,1.6775239782873541
1790423795.9683335,1.6440139734186232
1790423795.96941,0.9888149797916412
1790423795.974086,1.1583479936234653
1790423795.9797792,1.6164049739018083
1790423795.9804554,1.4948130119591951
1790423795.9820068,1.465092005673796
1790423795.9825497,1.129861018853262
1790423795.9851112,1.3525200192816556
1790423795.9855404,1.087071985239163
1790423795.9877,1.018734008539468
1790423795.9894223,1.0746129846666008
1790423795.9945714,1.095624000299722
1790423795.9961424,1.0727419867180288
1790423795.998361,1.3016209995839745
1790423796.0040934,1.1469020100776106
1790423796.0154579,1.9807450007647276
1790423796.0180683,2.026277012191713
1790423796.0187745,1.6692770004738122
1790423796.022544,1.259067008504644
1790423796.027991,1.50339599349536
1790423796.0347095,1.3672490022145212
1790423796.036312,1.0989709990099072
1790423796.0415592,1.9337229896336794
1790423796.0481863,2.260860026581213
1790423796.0493069,2.3326259979512542
1790423796.0494356,1.746465015457943
1790423796.0514083,1.1414009786676615
1790423796.0525062,1.0902529757004231
1790423796.054542,1.3516050239559263
1790423796.0566247,1.2436560064088553
1790423796.0619047,1.148498005932197
1790423796.0639703,1.1217659921385348
1790423796.0675535,1.1088679893873632
1790423796.0740197,1.531225978396833
1790423796.0784874,1.1915229842998087
1790423796.0878057,1.3799529988318682
1790423796.0895486,1.2705590052064508
1790423796.0927396,1.3671009801328182
1790423796.0935276,1.6399879823438823
1790423796.0980241,1.208958012284711
1790423796.100956,1.4822630037087947
1790423796.1039846,1.245791994733736
1790423796.1062171,1.1426339915487915
1790423796.1272242,2.218963985797018
1790423796.1282706,1.9032490090467036
1790423796.131342,1.4571289939340204
1790423796.141174,1.6615159984212369
1790423796.1425002,1.3158509973436594
1790423796.1449862,1.4165249885991216
1790423796.1545355,2.6714600098785013
1790423796.1551929,2.4017470132093877
1790423796.1555328,2.0174240053165704
1790423796.1604204,1.9213909981772304
1790423796.1650202,1.290868007345125
1790423796.1697423,1.3197399966884404
1790423796.1728349,1.1673560074996203
1790423796.175017,1.4790720015298575
1790423796.1775453,1.1119410046376288
1790423796.179108,1.140091015258804
1790423796.1805294,1.258683012565598
1790423796.1825447,2.0077090011909604
1790423796.1836462,2.154054003767669
1790423796.183696,2.5641779939178377
1790423796.1847057,1.483555999584496
1790423796.189378,3.625247976742685
1790423796.1897326,3.003642021212727
1790423796.1898162,2.728087012656033
1790423796.1898768,3.657238994492218
1790423796.1905448,1.7889500013552606
1790423796.198435,1.1423699907027185
1790423796.1997945,1.1892910115420818
1790423796.2041636,1.128100004279986
1790423796.2118924,1.2933130201417953
1790423796.2141407,1.135269005317241
1790423796.2216735,1.5125680074561387
1790423796.221833,2.218348003225401
1790423796.2258732,1.3885929947718978
1790423796.2261577,1.2551499821711332
1790423796.2317522,1.079821988241747
1790423796.2360854,1.5604679938405752
1790423796.2367356,1.4184740139171481
1790423796.239265,1.1124640004709363
1790423796.2458658,1.1148210032843053
1790423796.2475326,1.0803519980981946
1790423796.2503946,1.323062984738499
1790423796.2535224,1.2185150117147714
1790423796.2581623,1.3051420100964606
1790423796.258578,1.3175269996281713
1790423796.259753,1.165724010206759
1790423796.2630012,1.0837219888344407
1790423796.2691345,1.1987159959971905
1790423796.2784064,1.3855790020897985
1790423796.2792177,1.5106209903024137
1790423796.2853642,1.5272189921233803
1790423796.288441,2.920338010881096
1790423796.289263,2.3433119931723922
1790423796.2893674,1.632461993722245
1790423796.2894185,2.966823987662792
1790423796.2909172,1.4093719946686178
1790423796.2911844,1.175217010313645
1790423796.2936392,1.9815069972537458
1790423796.2941904,1.5037079865578562
1790423796.3068893,1.1941510019823909
1790423796.311213,1.3142640236765146
1790423796.3124578,1.1535839876160026
1790423796.322457,1.2891920050606132
1790423796.3230782,1.3189839955884963
1790423796.3241751,1.0894110018853098
1790423796.3278594,1.1987680045422167
1790423796.3301427,1.189942006021738
1790423796.3326764,1.0682310094125569
1790423796.3344018,1.1138729751110077
1790423796.3364,1.1348089901730418
1790423796.340753,1.9343490130268037
1790423796.3449714,1.479177997680381
1790423796.345026,1.9502189825288951
1790423796.3476841,1.1015860072802752
1790423796.3510804,1.1783379886765033
1790423796.355549,1.6110909928102046
1790423796.3613753,1.2057420099154115
1790423796.363999,1.174759992863983
1790423796.3731375,1.591915002791211
1790423796.3737428,1.2322840048000216
1790423796.375544,1.1238669976592064
1790423796.3872676,1.6131850134115666
1790423796.3875105,1.350275008007884
1790423796.3946536,1.593343011336401
1790423796.3952096,1.3072059955447912
1790423796.3973403,1.075453998055309
1790423796.4032278,1.3096459733787924
1790423796.4137013,2.7841500123031437
1790423796.4148872,2.8261879924684763
1790423796.420715,3.306641010567546
1790423796.4214697,2.941031998489052
1790423796.4227567,2.031807991443202
1790423796.4234626,1.3999850198160857
1790423796.425537,1.2454759853426367
1790423796.4374573,1.978681015316397
1790423796.4375744,2.6476249913685024
1790423796.4420621,2.0844349928665906
1790423796.4503484,1.7112950154114515
1790423796.4697917,2.845942013664171
1790423796.4698482,2.374153002165258
1790423796.4743412,1.822939986595884
1790423796.47531,2.1236090105958283
1790423796.477291,1.7241070163436234
1790423796.4784045,2.393403003225103
1790423796.4785156,1.9464729994069785
1790423796.4796557,1.1325070227030665
1790423796.4807677,1.1045830033253878
1790423796.4828598,1.1267270019743592
1790423796.4839375,1.0695010132621974
1790423796.4895499,1.203873980557546
1790423796.4939466,1.2733860057778656
1790423796.4989219,1.4492039917968214
1790423796.505201,2.632490999531001
1790423796.516407,3.646808007033542
1790423796.5165236,5.158201005542651
1790423796.5178707,5.709543998818845
1790423796.5179486,4.3702450057026
1790423796.5180068,3.4686670114751905
1790423796.5201266,1.6370490193367004
1790423796.5205703,1.6393559926655143
1790423796.523464,1.1651010136120021
1790423796.5256832,1.4901130052749068
1790423796.5262208,1.1653199908323586
1790423796.5302176,1.1997550027444959
1790423796.532099,1.491547009209171
1790423796.5326154,1.1258489976171404
1790423796.5415316,2.0651849918067455
1790423796.5416598,2.754690998699516
1790423796.5428362,1.1679669842123985
1790423796.5465338,1.3639920216519386
1790423796.5499504,1.993032987229526
1790423796.552146,3.676898020785302
1790423796.5559306,2.2279559925664216
1790423796.5695958,4.453536006622016
1790423796.5704758,4.526959004579112
1790423796.570581,5.374419008148834
1790423796.5708628,3.709206997882575
1790423796.571554,1.6981860098894686
1790423796.5840974,3.634945984231308
1790423796.58417,3.1543319928459823
1790423796.5849342,3.26521199895069
1790423796.585742,1.1489389871712774
1790423796.591896,1.2371819757390767
1790423796.5970573,3.155390004394576
1790423796.5975378,2.7180149918422103
1790423796.5978553,1.3578390062320977
1790423796.5990496,1.185336004709825
1790423796.6020195,1.152537006419152
1790423796.603913,1.117665000492707
1790423796.614498,1.4738190220668912
1790423796.6174743,2.0595969981513917
1790423796.6175344,2.848361007636413
1790423796.6186538,1.309026003582403
1790423796.620938,1.110048993723467
1790423796.6223066,1.0745690087787807
1790423796.6256092,1.3526240072678775
1790423796.6319733,1.500067999586463
1790423796.6344364,1.448731985874474
1790423796.638093,1.7185049946419895
1790423796.6410162,1.8999989842996001
1790423796.650042,1.8064989999402314
1790423796.6521902,1.2879089917987585
1790423796.6553319,1.4406859991140664
1790423796.6588778,1.6499199846293777
1790423796.663517,1.8857479735743254
1790423796.663576,1.4780549972783774
1790423796.666344,1.1547489848453552
1790423796.6713903,1.5598780009895563
1790423796.6756587,1.0945969843305647
1790423796.680625,1.180329010821879
1790423796.6858041,1.6843379999045283
1790423796.6893334,1.162619999377057
1790423796.692618,1.1706290242727846
1790423796.6937037,1.0785080085042864
1790423796.6948123,1.0192439949605614
1790423796.698301,1.3853429991286248
1790423796.699118,1.4542049902956933
1790423796.7059243,1.1838900099974126
1790423796.7080295,1.0934680176433176
1790423796.7106738,1.1544430162757635
1790423796.7121427,1.1752569989766926
1790423796.7164302,1.5896149852778763
1790423796.7172222,1.8080550071317703
1790423796.7182257,1.7747009987942874
1790423796.7189803,1.1295290023554116
1790423796.721979,1.0277510154992342
1790423796.732692,2.5420250021852553
1790423796.7407193,2.4017029791139066
1790423796.7412615,2.524303999962285
1790423796.7420924,1.3631070032715797
1790423796.7435453,1.1986320023424923
1790423796.744527,1.7054169729817659
1790423796.7451882,1.385891024256125
1790423796.7477746,2.223785995738581
1790423796.749446,3.3885459997691214
1790423796.7496965,3.154009988065809
1790423796.7497587,2.4663950025569648
1790423796.7503068,1.7537240055389702
1790423796.7536004,1.246542000444606
1790423796.7538872,1.1459749948699027
1790423796.7574773,1.3354280090425164
1790423796.757906,1.1714489955920726
1790423796.7621615,1.1559499835129827
1790423796.7645314,1.1185070034116507
1790423796.7661297,1.1032529873773456
1790423796.7676153,1.0350079974159598
1790423796.7712042,2.4520339793525636
1790423796.771811,2.0652179955504835
1790423796.7718625,2.5603490066714585
1790423796.7820563,1.1971319909207523
1790423796.7881253,1.1862110113725066
1790423796.7915158,2.019501000177115
1790423796.7919242,1.8548380176071078
1790423796.7922916,1.6598299844190478
1790423796.7939053,1.057923014741391
1790423796.8070433,1.4503750135190785
1790423796.8107493,2.131842018570751
1790423796.8108027,1.630957005545497
1790423796.816784,1.3862269988749176
1790423796.8171656,1.2472429953049868
1790423796.8222685,1.9396650022827089
1790423796.8233347,2.501401992049068
1790423796.824226,1.9483109936118126
1790423796.8242846,3.066902019781992
1790423796.827332,2.158444025553763
1790423796.828951,2.720866003073752
1790423796.8297477,1.891959982458502
1790423796.8300014,2.0785320084542036
1790423796.8320682,1.511799986474216
1790423796.8328512,1.177082012873143
1790423796.8338587,1.0002850031014532
1790423796.84123,1.390104996971786
1790423796.84243,1.182422012789175
1790423796.846898,1.1053700000047684
1790423796.8508778,1.3691350177396089
1790423796.85593,1.5231280121952295
1790423796.856188,1.3221330009400845
1790423796.865406,1.791441987734288
1790423796.8668709,1.4539849944412708
1790423796.8694377,1.3660950062330812
1790423796.8735955,1.2063999893143773
1790423796.8841918,1.5768810117151588
1790423796.8847926,1.2637880281545222
1790423796.88852,2.421217010123655
1790423796.8898237,3.3138229919131845
1790423796.8915334,2.8809070063289255
1790423796.891851,4.078218014910817
1790423796.8923788,1.6217899974435568
1790423796.8924286,2.5866340147331357
1790423796.8943954,1.171748008346185
1790423796.896378,1.1919350072275847
1790423796.901261,1.0829149978235364
1790423796.9080267,1.0704880114644766
1790423796.909644,1.5363779966719449
1790423796.9136174,1.1876450153067708
1790423796.9249854,1.9509799894876778
1790423796.928525,1.662536000367254
1790423796.9290495,1.419625012204051
1790423796.9305227,1.189796021208167
1790423796.9319546,1.0683239961508662
1790423796.9376311,1.7091010231524706
1790423796.9431121,2.0672960090450943
1790423796.9435909,2.1333910117391497
1790423796.9438226,1.7709189851302654
1790423796.9453568,1.0873790015466511
1790423796.9480195,1.0386960057076067
1790423796.9526343,1.065204996848479
1790423796.9623296,2.9905909905210137
1790423796.962449,2.3482850228901953
1790423796.9628012,1.2250079889781773
1790423796.9654713,1.85215802048333
1790423796.9658155,1.665116986259818
1790423796.9709232,1.468681002734229
1790423796.9721348,1.2026220210827887
1790423796.9725645,1.2225640239194036
1790423796.9828706,1.3669309846591204
1790423796.9868207,1.343700976576656
1790423796.9873343,1.2814300134778023
1790423796.9896116,1.1350209824740887
1790423796.9918551,1.055986009305343
1790423796.9979367,1.132100005634129
1790423797.0053802,1.3401210017036647
1790423797.0068798,1.2333449849393219
1790423797.0117178,1.3060109922662377
1790423797.0122788,1.176963996840641
1790423797.0137181,1.314324006671086
1790423797.0139902,1.1959319817833602
1790423797.0156007,1.202157000079751
1790423797.018358,1.0927889961749315
1790423797.020988,1.9626680004876107
1790423797.025028,1.1570439964998513
1790423797.0291338,1.1288309760857373
1790423797.03127,1.778560021193698
1790423797.0320013,1.409986027283594
1790423797.0325875,1.178359001642093
1790423797.0340588,1.0958570055663586
1790423797.0441468,1.4813389861956239
1790423797.0445626,1.3699440169148147
1790423797.0464137,1.1802419903688133
1790423797.0507026,1.429559983080253
1790423797.0568461,1.2863209994975477
1790423797.0622256,1.2568329984787852
1790423797.072758,2.155385009245947
1790423797.0733962,1.9413339905440807
1790423797.0736833,1.4601770089939237
1790423797.0806859,1.8383029964752495
1790423797.0812385,1.2419549748301506
1790423797.0835264,1.1530240008141845
1790423797.085196,1.1296849988866597
1790423797.0867624,1.0535350011195987
1790423797.090235,1.8285230034962296
1790423797.0905457,1.7481640097685158
1790423797.0955846,2.4254310119431466
1790423797.095717,3.0018399993423373
1790423797.0986218,1.2599149777088314
1790423797.1026323,1.2312989856582135
1790423797.103765,1.1241839965805411
1790423797.1096919,3.1862400064710528
1790423797.1097844,2.812952996464446
1790423797.1102755,2.4674089800100774
1790423797.1159098,1.5117940201889724
1790423797.1162615,1.4592320076189935
1790423797.1210938,1.679278997471556
1790423797.1223953,1.164941000752151
1790423797.1236892,1.1926129809580743
1790423797.1258278,1.3554370088968426
1790423797.126076,1.212881994433701
1790423797.1275227,1.0749009961728007
1790423797.129036,1.0343350004404783
1790423797.13299,1.189559989143163
1790423797.136348,2.844446018571034
1790423797.1365378,2.6196899998467416
1790423797.1369562,2.1868469775654376
1790423797.1390588,1.0975589975714684
1790423797.1436532,1.0324530012439936
1790423797.1457562,1.0607280128169805
1790423797.148395,1.127867988543585
1790423797.1530018,1.575503993080929
1790423797.1535828,1.241171994479373
1790423797.1619902,1.7451779858674854
1790423797.1628466,1.252459012903273
1790423797.1703389,1.2408360198605806
1790423797.1726515,1.1155609972774982
1790423797.1776195,1.3045420055277646
1790423797.1787834,1.1561400024220347
1790423797.1902018,3.4873260010499507
1790423797.1902878,2.7184810023754835
1790423797.1912475,1.9930750131607056
1790423797.1920757,1.2667760020121932
1790423797.1956892,1.5681280056014657
1790423797.1966894,1.712719997158274
1790423797.1972597,1.2056910200044513
1790423797.2025497,1.368019002256915
1790423797.2070603,1.189119997434318
1790423797.2116,1.1945159931201488
1790423797.2145293,1.3242660206742585
1790423797.2151465,1.245124003617093
1790423797.2267556,1.3269940100144595
1790423797.2316525,1.7834729806054384
1790423797.2352686,1.5048380009829998
1790423797.235573,1.3133439933881164
1790423797.23816,1.0941420041490346
1790423797.2407773,2.027676993748173
1790423797.2415314,2.111318986862898
1790423797.2421033,1.3013730058446527
1790423797.2446501,1.6190460009966046
1790423797.2455354,1.8350789905525744
1790423797.2480857,1.7617359990254045
1790423797.2481468,1.4643270114902407
1790423797.2522335,1.061336020939052
1790423797.2589943,1.395975996274501
1790423797.2633858,1.129632000811398
1790423797.280696,3.555809991667047
1790423797.281585,2.3342779895756394
1790423797.2818608,1.699825981631875
1790423797.2858217,2.122806996339932
1790423797.286116,1.4181419974192977
1790423797.286532,2.3779199982527643
1790423797.2897305,1.3229160103946924
1790423797.2982726,1.1433449981268495
1790423797.3069725,2.650401002028957
1790423797.3071077,2.267470001243055
1790423797.3076706,1.6612450126558542
1790423797.319425,5.03949899575673
1790423797.3219943,6.695279007544741
1790423797.3234358,4.449565982213244
1790423797.323516,7.132886006729677
1790423797.3240435,6.236135988729075
1790423797.3243086,7.16813700273633
1790423797.32537,5.418271000962704
1790423797.326226,6.792300002416596
1790423797.3263452,3.751776006538421
1790423797.3268044,5.925328005105257
1790423797.3272138,5.804879008792341
1790423797.3279173,1.1058590025641024
1790423797.3346245,1.2795989750884473
1790423797.3366044,1.4129389892332256
1790423797.3374372,1.4537220122292638
1790423797.3392622,1.8175340082962066
1790423797.3395245,1.6863300115801394
1790423797.3400846,1.2172050192020833
1790423797.3441398,1.2532960099633783
1790423797.3463733,1.3759919966105372
1790423797.346965,1.5352450136560947
1790423797.3475556,1.1729170219041407
1790423797.3547957,1.0349380027037114
1790423797.3611395,2.3304250207729638
1790423797.3619535,1.1620350123848766
1790423797.363595,1.0537150083109736
1790423797.3670344,1.039508992107585
1790423797.3696086,1.155036996351555
1790423797.3734705,1.2239869975019246
1790423797.3779488,1.2436409888323396
1790423797.3975503,2.7126400091219693
1790423797.4027154,2.1775320055894554
1790423797.407621,3.035497007658705
1790423797.414103,8.120130019960925
1790423797.4145129,7.5753020064439625
1790423797.4146798,6.650408002315089
1790423797.419268,10.653345991158858
1790423797.4203875,11.357320996467024
1790423797.4217565,11.572565999813378
1790423797.4250205,6.738769996445626
1790423797.4255073,10.102152999024838
1790423797.42563,6.346509006107226
1790423797.4258208,7.9434330109506845
1790423797.4258862,7.132030004868284
1790423797.4266584,1.6289489867631346
1790423797.4311056,4.280295019270852
1790423797.4312274,3.5609319747891277
1790423797.431984,3.503599000396207
1790423797.4322836,2.7095509867649525
1790423797.4382296,1.4963110152166337
1790423797.4410262,1.5786779986228794
1790423797.4425268,1.4906660071574152
1790423797.443634,1.846746017690748
1790423797.4475853,1.4370669960044324
1790423797.4479096,2.2626099816989154
1790423797.4530888,2.010734984651208
1790423797.4560797,1.8634719890542328
1790423797.4589612,2.380462014116347
1790423797.4590812,2.9895390034653246
1790423797.4600368,2.355291013373062
1790423797.4619203,1.247521984623745
1790423797.4698741,1.6434279968962073
1790423797.4715223,1.4108309987932444
1790423797.4767365,1.2970840034540743
1790423797.487871,1.8636920140124857
1790423797.4887834,1.7642519960645586
1790423797.5026162,2.796949993353337
1790423797.5041113,2.16113799251616
1790423797.5052075,2.0488069858402014
1790423797.506834,1.4434759796131402
1790423797.5113819,2.372038987232372
1790423797.5183787,1.8898209964390844
1790423797.5222316,1.947326003573835
1790423797.525303,3.056015004403889
1790423797.5256274,2.2409700031857938
1790423797.5257432,2.893024997320026
1790423797.5362253,1.9135419861413538
1790423797.5512588,1.8521040037740022
1790423797.5589604,4.373998992377892
1790423797.559081,4.635374003555626
1790423797.559302,3.7592040025629103
1790423797.5593789,3.3065599855035543
1790423797.55977,2.6234440156258643
1790423797.5618804,1.3315289979800582
1790423797.5644176,1.4355750172398984
1790423797.5679915,1.601141004357487
1790423797.571508,1.7549220065120608
1790423797.575592,1.5627100074198097
1790423797.5774465,1.4185719774104655
1790423797.5991063,1.7217000131495297
1790423797.6012714,1.8656040192581713
1790423797.6019204,1.8177330202888697
1790423797.602881,1.5975199930835515
1790423797.603749,1.4599849819205701
1790423797.6086023,1.3545129913836718
1790423797.6117797,1.7881839885376394
1790423797.6130652,2.4864650040399283
1790423797.613143,2.183270000386983
1790423797.613424,1.408081006957218
1790423797.6155908,1.4975459780544043
1790423797.6196465,1.410648983437568
1790423797.6219246,1.2993940035812557
1790423797.625704,1.4574219821952283
1790423797.6282248,1.285403996007517
1790423797.6310167,2.4837700184434652
1790423797.6314328,2.4740680237300694
1790423797.632349,1.3214469945523888
1790423797.6389208,1.403589005349204
1790423797.6495512,1.4147509937174618
1790423797.6523519,1.7465369892306626
1790423797.653028,1.9534020102582872
1790423797.6559975,1.6008710081223398
1790423797.6576297,1.622853975277394
1790423797.6713855,3.115895000519231
1790423797.6716118,3.4180390066467226
1790423797.6726382,3.2340479956474155
1790423797.672726,2.7624200156424195
1790423797.6734326,1.3586310087703168
1790423797.6806703,1.7177730042021722
1790423797.6814864,1.1944819998461753
1790423797.6848762,1.0947110131382942
1790423797.6878765,1.0709739872254431
1790423797.6933343,1.1766190000344068
1790423797.6950977,1.2120340252295136
1790423797.696184,1.078504981705919
1790423797.6992333,1.2639829947147518
1790423797.699954,1.3216900115367025
1790423797.701026,1.0646280134096742
1790423797.7097952,1.3385149941314012
1790423797.7123783,1.1532040080055594
1790423797.7174335,1.493307005148381
1790423797.7198927,2.3192600056063384
1790423797.7211196,4.0222679963335395
1790423797.7216625,3.244111023377627
1790423797.7217252,3.649754013167694
1790423797.7226021,1.4740879996679723
1790423797.7357464,3.275408991612494
1790423797.7365184,3.196520992787555
1790423797.7369347,3.943761985283345
1790423797.7378411,1.3139039801899344
1790423797.7395082,1.222963008331135
1790423797.740719,1.2037090200465173
1790423797.7431617,1.0931130091194063
1790423797.7462604,1.078406989108771
1790423797.7493398,1.2922919995617121
1790423797.7584305,1.5691360167693347
1790423797.7592337,1.4742799976374954
1790423797.7598355,1.168749004136771
1790423797.7681808,1.3981550000607967
1790423797.7708063,1.4179209829308093
1790423797.7721152,1.8928069912362844
1790423797.7729068,1.9287120085209608
1790423797.7739305,1.8079360015690327
1790423797.7740397,2.46969802537933
1790423797.7761655,1.0362160101067275
1790423797.7826686,1.252482004929334
1790423797.7937644,1.678261993220076
1790423797.7945707,1.704977999906987
1790423797.802436,1.515694020781666
1790423797.8107522,2.2215420030988753
1790423797.8131394,1.6366129857487977
1790423797.8170924,1.811889000236988
1790423797.8201237,2.4811749754007906
1790423797.8204613,1.808736997190863
1790423797.8227038,1.3243629946373403
1790423797.8233228,1.2714859913103282
1790423797.8277864,1.294785994105041
1790423797.8327737,1.5860249986872077
1790423797.83581,1.2686759873759001
1790423797.838251,1.2749159941449761
1790423797.842422,2.310798008693382
1790423797.8425038,3.3765579864848405
1790423797.8425574,2.983573009259999
1790423797.8445096,1.1171369988005608
1790423797.8470612,1.2198940094094723
1790423797.8502169,1.1772929865401238
1790423797.8603575,1.3375119888223708
1790423797.869132,1.7086559964809567
1790423797.8694432,1.5253839956130832
1790423797.8739512,1.612425985513255
1790423797.8838582,1.4751370181329548
1790423797.8851252,1.9261559937149286
1790423797.8894706,2.161623997380957
1790423797.8906894,1.64500399841927
1790423797.8943985,1.2645789829548448
1790423797.8986008,1.2062549940310419
1790423797.9020252,1.2623739894479513
1790423797.9077182,1.1549179907888174
1790423797.9090059,1.2046330084558576
1790423797.9099143,1.627674006158486
1790423797.9127097,1.4899660018272698
1790423797.9135547,1.208739005960524
1790423797.9141326,1.1924440041184425
1790423797.928561,1.4867600111756474
1790423797.9318142,1.2785189901478589
1790423797.935488,1.2057270214427263
1790423797.9367568,1.1552390060387552
1790423797.9405248,1.2451480142772198
1790423797.9415984,1.066181983333081
1790423797.943112,1.3640059914905578
1790423797.943403,1.235567993717268
1790423797.9460864,1.2283429969102144
1790423797.9484935,1.0831960244104266
1790423797.9540944,1.0938939813058823
1790423797.9558277,1.048736012307927
1790423797.9633145,1.3102750235702842
1790423797.965518,1.179518993012607
1790423797.9702282,1.4153619995340705
1790423797.9708898,1.6356210107915103
1790423797.972905,1.340521004749462
1790423797.9839246,1.440365012967959
1790423797.9855266,1.593263994436711
1790423797.9859614,1.5444340242538601
1790423797.994585,2.241583017166704
1790423797.995876,2.5605080008972436
1790423797.995995,1.7890699964482337
1790423797.996459,1.5726480050943792
1790423798.0065556,2.0413059974089265
1790423798.006804,1.7028120055329055
1790423798.0216582,2.290497999638319
1790423798.0254521,1.9226220028940588
1790423798.0264125,1.6742869920562953
1790423798.032157,1.3574520125985146
1790423798.0381691,1.4142300060484558
1790423798.0406916,1.2251709995325655
1790423798.0492826,1.6694949881639332
1790423798.0589645,1.7161460127681494
1790423798.0607677,1.6188269946724176
1790423798.0611322,1.3524969981517643
1790423798.0672371,1.2059859873261303
1790423798.0690646,1.1982190189883113
1790423798.0732303,1.829269021982327
1790423798.0738974,2.056105004157871
1790423798.073948,1.5343300183303654
1790423798.0789359,1.0573299950920045
1790423798.0863948,1.3319260033313185
1790423798.0919797,1.3677859969902784
1790423798.095157,1.602038013515994
1790423798.0976872,1.2323929986450821
1790423798.0998018,1.4056679792702198
1790423798.1027162,1.1637720162980258
1790423798.1035874,1.4511140179820359
1790423798.1040971,1.103502989280969
1790423798.1089265,1.0526620026212186
1790423798.1128466,1.6991090087685734
1790423798.1178887,1.3454650179482996
1790423798.1260705,2.1882090077269822
1790423798.126972,1.3522310182452202
1790423798.1321328,1.978676998987794
1790423798.1322155,1.545546023407951
1790423798.1329024,1.6746869951020926
1790423798.1393995,1.1951930064242333
1790423798.142696,1.2273000029381365
1790423798.1523614,1.57050701091066
1790423798.1539695,1.2182060163468122
1790423798.164534,1.4711230178363621
1790423798.1683304,1.2710070004686713
1790423798.1818316,2.604175009764731
1790423798.1821747,1.9755160028580576
1790423798.1858115,2.609489019960165
1790423798.1863132,2.635290991747752
1790423798.1883457,1.2597869790624827
1790423798.1901727,1.3456929882522672
1790423798.1912594,1.0789849911816418
1790423798.1939495,1.1066019942518324
1790423798.1969035,1.1775899911299348
1790423798.198404,1.4002499810885638
1790423798.1986897,1.2836609967052937
1790423798.2058663,1.541175995953381
1790423798.2061598,1.4067010197322816
1790423798.213188,1.8834290094673634
1790423798.2136996,1.830198016250506
1790423798.2279124,1.731247000861913
1790423798.2285275,1.4322689967229962
1790423798.2317767,1.2257729831617326
1790423798.2339633,1.1456040083430707
1790423798.2363768,1.4071629848331213
1790423798.2364256,1.8503820174373686
1790423798.237982,1.1571150098461658
1790423798.2387192,1.3160610105842352
1790423798.247467,1.1492969933897257
1790423798.2581627,1.3498339976649731
1790423798.265678,1.5246060211211443
1790423798.269619,1.3347119966056198
1790423798.2712288,1.150022988440469
1790423798.2737334,1.1105989979114383
1790423798.2758121,1.136841980041936
1790423798.2787917,2.0294809946790338
1790423798.279051,1.783182000508532
1790423798.279556,1.6929600096773356
1790423798.280901,1.2000589922536165
1790423798.2833016,1.1584649910219014
1790423798.283793,1.1271479888819158
1790423798.2874057,1.0392830008640885
1790423798.2929351,1.3914930168539286
1790423798.2932353,1.230702007887885
1790423798.2981796,1.3831430114805698
1790423798.2987232,1.4292899868451059
1790423798.306634,1.223036990268156
1790423798.3072057,1.1896009964402765
1790423798.3099337,1.9976510084234178
1790423798.3103504,1.974792015971616
1790423798.3118954,1.1678430018946528
1790423798.3161032,1.2893520179204643
1790423798.3165255,1.1565610184334219
1790423798.318217,1.0626389994286
1790423798.3204725,1.4613379898946732
1790423798.3247156,1.2989219976589084
1790423798.3281298,2.1683179948013276
1790423798.3285065,2.960151992738247
1790423798.3287716,2.0204779866617173
1790423798.3295505,1.412516983691603
1790423798.332714,1.2279549846425653
1790423798.3332016,1.0821679898072034
1790423798.335325,1.3587289722636342
1790423798.3400044,1.616959023522213
1790423798.3404412,1.2235199974384159
1790423798.3427854,1.1052789923269302
1790423798.3456125,1.065914984792471
1790423798.3474326,1.0200839897152036
1790423798.3516078,2.349563001189381
1790423798.3518841,1.4431049930863082
1790423798.3526185,1.4265629870351404
1790423798.3680115,1.4974690275266767
1790423798.3733008,3.0659749754704535
1790423798.375611,3.0901590071152896
1790423798.3757935,2.4823429994285107
1790423798.3819573,1.9160550145898014
1790423798.3890598,1.5816770028322935
1790423798.3904822,1.412288984283805
1790423798.3937807,1.5275840123649687
1790423798.3962092,1.3140549999661744
1790423798.398971,1.477657991927117
1790423798.405119,1.5025599859654903
1790423798.4079683,1.3547249836847186
1790423798.4119778,1.6329700010828674
1790423798.4123895,1.531943998998031
1790423798.4139645,1.2458220007829368
1790423798.415594,1.2406280147843063
1790423798.4204648,1.890993007691577
1790423798.4212673,1.4545110170729458
1790423798.424609,1.6252560017164797
1790423798.4256918,1.5252860030159354
1790423798.4271426,1.2007329787593335
1790423798.4278483,1.241797988768667
1790423798.432503,1.455876015825197
1790423798.4331148,1.5747030265629292
1790423798.4331746,2.4914290115702897
1790423798.4374459,1.1224790068808943
1790423798.4385464,1.0925400129053742
1790423798.4426339,1.47197101614438
1790423798.4433537,1.327367004705593
1790423798.4468446,1.2274009932298213
1790423798.4491186,1.791708986274898
1790423798.4492779,1.5655140159651637
1790423798.4503803,1.093945000320673
1790423798.451612,1.0399300081189722
1790423798.4584658,1.3921569916419685
1790423798.4644768,1.3733349915128201
1790423798.4722383,2.7551960083656013
1790423798.4731638,1.9622849940788
1790423798.476852,1.5763190167490393
1790423798.477458,1.3738420093432069
1790423798.4812808,1.2273229949641973
1790423798.4842691,1.9248999888077378
1790423798.4843388,1.6100099892355502
1790423798.4945319,1.5084000187925994
1790423798.5048487,4.416278010467067
1790423798.5067725,7.224975997814909
1790423798.5075011,6.4092839893419296
1790423798.5099223,4.1660459828563035
1790423798.5102787,4.968128982000053
1790423798.5109162,6.057538994355127
1790423798.5119886,1.6926589887589216
1790423798.5148585,1.7007430142257363
1790423798.5159998,2.076856995699927
1790423798.5168755,1.541174977319315
1790423798.525341,1.2033609964419156
1790423798.541189,2.0420759974513203
1790423798.5469594,5.213942000409588
1790423798.548552,6.2082529766485095
1790423798.5517347,8.504288998665288
1790423798.5554783,7.764846988720819
1790423798.5559661,10.498371004359797
1790423798.5578494,8.182204997865483
1790423798.5586905,5.234899988863617
1790423798.558793,7.020958000794053
1790423798.561858,3.9947500044945627
1790423798.5629492,2.920508006354794
1790423798.5638247,1.5128769737202674
1790423798.5657105,1.2125700013712049
1790423798.5663283,1.3471079873852432
1790423798.5721104,1.3086329854559153
1790423798.5733416,1.8535749986767769
1790423798.5741215,1.5736150089651346
1790423798.5791276,1.3588079891633242
1790423798.5865014,1.920348993735388
1790423798.586567,2.5499039911665022
1790423798.5917656,1.5152250125538558
1790423798.5943344,1.776692020939663
1790423798.5953615,1.983173016924411
1790423798.601539,2.504286007024348
1790423798.6037438,3.746761998627335
1790423798.6107614,2.320618979865685
1790423798.6108289,2.9710709932260215
1790423798.6165333,1.6027110104914755
1790423798.6204767,2.025243011303246
1790423798.6263838,1.8094679981004447
1790423798.6272979,1.7679760057944804
1790423798.6329312,1.9502270151861012
1790423798.6355124,2.9947830189485103
1790423798.6357129,2.6515990030020475
1790423798.6367073,3.0709079874213785
1790423798.6375303,1.1936590017285198
1790423798.6416035,1.5262739907484502
1790423798.6422918,1.0927559924311936
1790423798.6442676,1.7293950077146292
1790423798.6467056,1.6893529973458499
1790423798.648018,2.4839940015226603
1790423798.6489568,2.2350670187734067
1790423798.6490188,1.8237800104543567
1790423798.6513317,1.1585489846765995
1790423798.654183,1.0778970026876777
1790423798.658999,1.168679998954758
1790423798.6609328,1.285445992834866
1790423798.6628091,2.6789649855345488
1790423798.663654,2.549019001889974
1790423798.6646323,2.9035369807388633
1790423798.6647468,2.5351780059281737
1790423798.6652396,1.4842480013612658
1790423798.6714873,1.2073770049028099
1790423798.6764088,1.0859540197998285
1790423798.6863537,1.3512570003513247
1790423798.687573,1.1273049749433994
1790423798.692942,1.4024830015841872
1790423798.6932254,1.2614059960469604
1790423798.6967528,2.8633360052481294
1790423798.697165,2.5807330093812197
1790423798.6972914,2.195893001044169
1790423798.6975443,1.7277629813179374
1790423798.706806,1.224988984176889
1790423798.7078943,1.0806270001921803
1790423798.7139869,1.3646430161315948
1790423798.7170322,1.1379360221326351
1790423798.718643,1.101645000744611
1790423798.7205017,1.3540329819079489
1790423798.7210498,1.1512959899846464
1790423798.7229855,1.0494909947738051
1790423798.72427,1.160867017460987
1790423798.7279987,1.6751310031395406
1790423798.7319024,1.0893330036196858
1790423798.7345526,2.130061009665951
1790423798.7358608,2.5302889989688993
1790423798.7379463,1.4344289957080036
1790423798.738684,1.2760359968524426
1790423798.7419446,1.8149160023313016
1790423798.7422373,1.4695659920107573
1790423798.761802,1.2803240097127855
1790423798.7643185,1.166441012173891
1790423798.7712271,1.4248809893615544
1790423798.773267,1.1744910152629018
1790423798.7746692,1.1679760063998401
1790423798.7859712,2.845115988748148
1790423798.7869003,3.103525988990441
1790423798.786995,2.2362669988069683
1790423798.7909954,1.5132490079849958
1790423798.7918167,1.469546987209469
1790423798.7925668,1.3103180099278688
1790423798.8014598,1.5129079984035343
1790423798.8069367,1.5186289965640754
1790423798.8075285,1.243075996171683
1790423798.8146155,1.263880985789001
1790423798.8215816,1.6708819894120097
1790423798.8223817,1.1894060007762164
1790423798.8253126,1.2730740127153695
1790423798.826822,1.165802008472383
1790423798.8273795,1.1761450150515884
1790423798.8351452,1.4001689851284027
1790423798.8357844,1.4707949885632843
1790423798.8364124,1.259281998500228
1790423798.837776,1.355280022835359
1790423798.8380923,1.2618809996638447
1790423798.843685,1.1255800200160593
1790423798.848303,1.2422639993019402
1790423798.854524,1.261972007341683
1790423798.85503,1.2180960038676858
1790423798.8564808,1.3644870196003467
1790423798.8570428,1.1689760140143335
1790423798.8615966,1.1454460036475211
1790423798.8657637,1.1280229955445975
1790423798.8704617,1.5299090009648353
1790423798.8710418,1.41573601285927
1790423798.8735912,1.7690219974610955
1790423798.8738477,1.5010380011517555
1790423798.8743296,1.268998021259904
1790423798.8777754,1.1249560047872365
1790423798.8796165,1.1096630187239498
1790423798.8843284,1.5242479857988656
1790423798.8851314,1.1257499863859266
1790423798.8862936,1.0736570111475885
1790423798.8910146,1.4976120146457106
1790423798.8970091,1.6604949778411537
1790423798.8976135,1.7128559993579984
1790423798.9002683,1.2076380080543458
1790423798.9018278,1.124358008382842
1790423798.9033291,1.2238320196047425
1790423798.904101,1.3830199895892292
1790423798.9179127,1.7907480068970472
1790423798.9190853,2.019562991335988
1790423798.920536,2.252572012366727
1790423798.9212136,2.1188899991102517
1790423798.9212663,1.6794819966889918
1790423798.9297557,1.2222480145283043
1790423798.9357264,1.7858539940789342
1790423798.9364471,1.1287779780104756
1790423798.9403615,1.2544060009531677
1790423798.951764,1.4554970257449895
1790423798.9538493,1.2427909823600203
1790423798.9551919,1.21142397983931
1790423798.9555938,1.1700940085574985
1790423798.9568524,1.158990984549746
1790423798.957328,1.1497219966258854
1790423798.961969,1.3583319960162044
1790423798.9622889,1.2781839759554714
1790423798.9724524,1.4141009887680411
1790423798.9749737,1.235032017575577
1790423798.9770935,1.6795179981272668
1790423798.9773295,1.5139309980440885
1790423798.981377,1.9198720110580325
1790423798.9836106,1.512959017418325
1790423798.984216,1.240003010025248
1790423798.986675,1.1235180136281997
1790423798.9883015,1.0485640086699277
1790423798.9908385,1.086024014512077
1790423798.9953146,1.3830240059178323
1790423798.9960582,1.3862190244253725
1790423799.0065887,2.5893989950418472
1790423799.006737,2.346641995245591
1790423799.0075321,2.1042499865870923
1790423799.0075805,2.690298017114401
1790423799.009364,1.2336770014371723
1790423799.01149,1.1773730220738798
1790423799.014247,1.0669600160326809
1790423799.028592,2.3196260153781623
1790423799.0287402,2.6696459972299635
1790423799.030028,1.2790669861715287
1790423799.0314162,1.13176298327744
1790423799.0394905,1.8948200158774853
1790423799.0408583,2.545852999901399
1790423799.040917,1.97225998272188
1790423799.0448172,1.1241970059927553
1790423799.049204,1.307711994741112
1790423799.0517042,1.0807050275616348
1790423799.0563326,1.7172399966511875
1790423799.0570722,1.4137339894659817
1790423799.0577815,1.2643600057344884
1790423799.059453,1.08191798790358
1790423799.068898,1.6684840084053576
1790423799.0701501,2.3330189869739115
1790423799.0730093,1.3414190034382045
1790423799.0735433,1.3776120031252503
1790423799.0786674,1.3240550179034472
1790423799.085321,1.3830400130245835
1790423799.0892444,1.4844659890513867
1790423799.0899673,1.7841189983300865
1790423799.0921881,1.2796179798897356
1790423799.0939586,1.10235798638314
1790423799.0998032,1.8711219890974462
1790423799.100675,2.3484730045311153
1790423799.1011267,1.8945350020658225
1790423799.1024218,1.0966669942718
1790423799.1063702,1.1770609999075532
1790423799.1176264,1.2734330084640533
1790423799.120236,1.3631029869429767
1790423799.1245396,1.1689639941323549
1790423799.126608,1.2379210093058646
1790423799.127079,1.2088709918316454
1790423799.1288981,1.494049996836111
1790423799.1298122,1.602971024112776
1790423799.131893,1.954025006853044
1790423799.1324112,2.0966919837519526
1790423799.133138,1.3780079898424447
1790423799.1344213,1.0686059831641614
1790423799.1366546,1.0641689877957106
1790423799.1460338,1.6473910072818398
1790423799.1467962,1.3803920010104775
1790423799.1494133,1.1223350011277944
1790423799.1526763,1.1060309770982713
1790423799.1538463,1.0675959929358214
1790423799.1569402,1.0796209971886128
1790423799.1592047,1.0569070000201464
1790423799.1638584,1.6233430069405586
1790423799.1644423,1.2165319931227714
1790423799.175641,1.558958989335224
1790423799.1838412,2.1847270254511386
1790423799.1848402,1.7967580060940236
1790423799.1853821,1.249616005225107
1790423799.1985943,1.7610409995540977
1790423799.2001812,1.4187130145728588
1790423799.2070403,1.434869016520679
1790423799.2085824,1.1625050101429224
1790423799.2134256,1.3524399837478995
1790423799.214188,1.5570919786114246
1790423799.2157798,1.0976349876727909
1790423799.2206953,1.696124003501609
1790423799.2210321,1.4443490072153509
1790423799.2372973,2.814396983012557
1790423799.238077,2.0616900001186877
1790423799.2383711,1.518719975138083
1790423799.2400982,1.253907015779987
1790423799.2414067,1.0905099916271865
1790423799.2442565,1.6571820015087724
1790423799.2453928,1.1275240103714168
1790423799.2471232,1.124364003771916
1790423799.2570937,1.2146160006523132
1790423799.2684991,2.4505530018359423
1790423799.2685723,1.9354550167918205
1790423799.2706149,1.8861910211853683
1790423799.2706745,1.5824660076759756
1790423799.272463,1.2828640174120665
1790423799.2870724,1.5623380022589117
1790423799.2891753,1.3285189925227314
1790423799.2995136,1.3081550132483244
1790423799.3060224,1.2666959955822676
1790423799.3093634,1.3410729879979044
1790423799.3120198,1.3672600034624338
1790423799.3125184,1.4045010029803962
1790423799.3145952,1.1888610024470836
1790423799.3169272,1.0709670023061335
1790423799.3233745,1.0889529949054122
1790423799.329645,1.3036669988650829
1790423799.3335881,1.0711500071920455
1790423799.3415215,4.604924994055182
1790423799.3420138,4.720830998849124
1790423799.3421683,4.3793279910460114
1790423799.3428488,4.473313019843772
1790423799.3431168,1.585827994858846
1790423799.3461778,1.6991790034808218
1790423799.346702,1.222967985086143
1790423799.3489604,1.0858680179808289
1790423799.3502412,1.1855279735755175
1790423799.357369,1.2840119889006019
1790423799.3586273,1.2489820073824376
1790423799.3606052,1.3525719987228513
1790423799.3618689,1.2565510114654899
1790423799.3628433,1.641573995584622
1790423799.3635798,1.0977729980368167
1790423799.3650591,1.11954499152489
1790423799.3712971,1.5332659822888672
1790423799.3735604,1.7500529938843101
1790423799.3736525,2.181556017603725
1790423799.3874066,1.7939399986062199
1790423799.3887982,1.5042089798953384
1790423799.3936214,1.3638850068673491
1790423799.411827,1.4685920032206923
1790423799.413841,1.1883790139108896
1790423799.4196498,1.292430009925738
1790423799.4224977,1.155717996880412
1790423799.4308658,2.885454014176503
1790423799.4309936,2.574461017502472
1790423799.43166,2.4205459922086447
1790423799.4329724,1.1730279948096722
1790423799.4354093,1.1920169927179813
1790423799.4359324,1.2383910070639104
1790423799.4386787,1.0927389957942069
1790423799.4405077,1.671167992753908
1790423799.4497602,1.5569759998470545
1790423799.4543538,1.267212996026501
1790423799.4579039,1.1711890110746026
1790423799.4633873,1.246070023626089
1790423799.4662457,1.3658679963555187
1790423799.4675338,1.140314998337999
1790423799.4720247,1.2031760124955326
1790423799.4742575,1.3203940179664642
1790423799.4755902,1.2521120079327375
1790423799.4769168,1.0987849964294583
1790423799.4804006,1.3561130035668612
1790423799.4835851,1.2684489774983376
1790423799.4880762,1.114938990212977
1790423799.4924679,1.2057840067427605
1790423799.494736,1.4953759964555502
1790423799.4955688,1.4647769858129323
1790423799.4990232,1.125447015510872
1790423799.5019917,1.2023519957438111
1790423799.5031135,1.1145540047436953
1790423799.5153735,1.3011269911658019
1790423799.5197313,2.073902986012399
1790423799.5208127,2.280229004099965
1790423799.5226755,1.3426360092125833
1790423799.525475,1.1274489806964993
1790423799.5279162,1.4164560125209391
1790423799.527977,1.9100930076092482
1790423799.5308437,1.1767739779315889
1790423799.5322642,1.0114939941558987
1790423799.5395312,1.2670340074691921
1790423799.5448482,1.17585199768655
1790423799.5466113,1.1225159978494048
1790423799.5506525,2.1886590111535043
1790423799.5552793,1.2310790189076215
1790423799.559269,2.1042510052211583
1790423799.5600762,2.0635509863495827
1790423799.5603406,1.6687859897501767
1790423799.5725605,1.3791669916827232
1790423799.5754287,1.3336540141608566
1790423799.5760512,1.3681600103154778
1790423799.5824609,2.668206987436861
1790423799.5825837,1.797534991055727
1790423799.5831056,1.5116410213522613
1790423799.5907211,1.2277950008865446
1790423799.6044412,1.4808529813308269
1790423799.612317,1.4916130166966468
1790423799.626135,2.678587014088407
1790423799.6420524,3.9231709961313754
1790423799.6432927,2.8345519967842847
1790423799.6552303,2.3663320171181113
1790423799.659763,1.9238040258642286
1790423799.659867,2.5987100088968873
1790423799.6667886,1.6954250168055296
1790423799.670916,2.0688140066340566
1790423799.6725953,1.3505840033758432
1790423799.6731765,1.194826007122174
1790423799.6831744,1.7033929761964828
1790423799.6837156,1.2216710019856691
1790423799.6876497,1.1866190179716796
1790423799.6882572,1.2327760050538927
1790423799.6900957,1.1743160139303654
1790423799.695976,1.336489018285647
1790423799.6965225,1.373516977764666
1790423799.6989608,1.8742439860943705
1790423799.6997035,1.990379998460412
1790423799.7008693,2.480811992427334
1790423799.7016969,2.1258039923850447
1790423799.7035792,1.0514140012674034
1790423799.7058692,1.825748011469841
1790423799.7071047,2.295054990099743
1790423799.707893,1.7781640053726733
1790423799.7138543,1.1655970010906458
1790423799.7204545,1.3328620116226375
1790423799.730588,1.6034759755712003
1790423799.738959,3.2527089933864772
1790423799.7391326,2.7100299776066095
1790423799.7393608,2.1836819942109287
1790423799.744309,1.1902959959115833
1790423799.7448876,1.1697069858200848
1790423799.7465205,1.3649370230268687
1790423799.7507935,1.8813629867509007
1790423799.7515712,1.193376025184989
1790423799.753874,1.0977739875670522
1790423799.7570817,1.1669670057017356
1790423799.7583885,1.1063319980166852
1790423799.7612367,1.4393369783647358
1790423799.7634373,1.3199360109865665
1790423799.7645252,1.6527919797226787
1790423799.7651608,1.2478209973778576
1790423799.7662432,1.075259002391249
1790423799.7727826,1.2669090065173805
1790423799.7734234,1.3311229995451868
1790423799.7745874,1.156901998911053
1790423799.782725,1.5683509991504252
1790423799.7836633,1.5915439871605486
1790423799.784454,1.1462900147307664
1790423799.7898316,1.7389649874530733
1790423799.7977183,1.3401239993982017
1790423799.8003788,1.2471149966586381
1790423799.8063815,1.4743909996468574
1790423799.8084028,1.4241889875847846
1790423799.8084528,1.825529005145654
1790423799.8103478,1.419359992723912
1790423799.8115416,1.0813819826580584
1790423799.812717,1.0481889767106622
1790423799.8214328,1.3704250159207731
1790423799.8219273,1.1582959850784391
1790423799.82756,1.1723449861165136
1790423799.8286521,1.0846739751286805
1790423799.831662,1.0867409873753786
1790423799.834069,1.0823370248544961
1790423799.837528,1.3812110119033605
1790423799.8381133,1.310634019318968
1790423799.8433602,1.0461090132594109
1790423799.8548357,1.5620880003552884
1790423799.8624187,1.7377159965690225
1790423799.863429,1.8579419993329793
1790423799.8640733,1.4920760004315525
1790423799.8667765,1.2286419805604964
1790423799.8790853,2.4201400228776038
1790423799.8798468,2.237876004073769
1790423799.880868,2.392182999756187
1790423799.8855054,1.2501300079748034
1790423799.8872712,1.5293850156012923
1790423799.8884377,1.1595149990171194
1790423799.8920662,1.1405879922676831
1790423799.8945127,1.1209450021851808
1790423799.8983564,1.61937897792086
1790423799.899228,1.2310270103625953
1790423799.9023755,1.6083180089481175
1790423799.906869,1.2193360016681254
1790423799.9116738,2.7406370209064335
1790423799.9119346,3.4801540023181587
1790423799.9126027,3.0185859941411763
1790423799.9126768,1.5937929856590927
1790423799.9224262,1.3822029868606478
1790423799.927174,1.4911300095263869
1790423799.9348483,2.9140409897081554
1790423799.9355674,2.9529969906434417
1790423799.9358723,2.7616489969659597
1790423799.9363723,2.5299930130131543
1790423799.9370675,1.1881840182468295
1790423799.9433303,1.5561119944322854
1790423799.9447048,1.3662909914273769
1790423799.945566,1.44316500518471
1790423799.9461076,1.160003012046218
1790423799.948242,1.0603530099615455
1790423799.9535732,1.041670999256894
1790423799.9604526,1.3638130039907992
1790423799.9680724,1.5362549747806042
1790423799.9688468,1.1578999983612448
1790423799.9746838,1.551107008708641
1790423799.9749491,1.3334869872778654
1790423799.9768162,1.1023080151062459
1790423799.9796464,2.4980439920909703
1790423799.9801927,2.3894260230008513
1790423799.9805632,2.1869349875487387
1790423799.9809456,2.2284150181803852
1790423799.988387,1.350228994851932
1790423799.9907677,1.2233360030222684
1790423799.992393,1.0919750202447176
1790423799.9973311,1.091076002921909
1790423800.0017357,1.7390900175087154
1790423800.0025575,1.1905530118383467
1790423800.0078216,1.093244005460292
1790423800.0160413,2.7025419985875487
1790423800.019266,1.30185202579014
1790423800.021566,1.449357980163768
1790423800.0221002,1.5819150139577687
1790423800.0228107,1.34149900986813
1790423800.024833,1.0337310086470097
1790423800.0307796,3.2099430100061
1790423800.0324845,3.5988330200780183
1790423800.0326722,4.1427030228078365
1790423800.0328038,2.9060369997750968
1790423800.033108,1.8278609786648303
1790423800.0376763,1.2263759854249656
1790423800.0381205,1.176603982457891
1790423800.0395443,1.067559001967311
1790423800.0427222,1.2661850196309388
1790423800.0531414,1.2856069952249527
1790423800.05605,1.4404900139197707
1790423800.0566063,1.5753129846416414
1790423800.0581968,1.1344689992256463
1790423800.064549,1.5681990189477801
1790423800.0651395,1.218157005496323
1790423800.0709221,1.4019650116097182
1790423800.0740259,1.1284550128038973
1790423800.0755155,1.2925240152981132
1790423800.0832841,1.367052987916395
1790423800.0841773,1.5756530046928674
1790423800.0917704,1.9579460204113275
1790423800.0924165,1.8260299984831363
1790423800.0954812,1.1114209773950279
1790423800.1083171,1.715222024358809
1790423800.1088655,1.460500992834568
1790423800.1104188,1.2317830114625394
1790423800.1114864,1.0606629948597401
1790423800.1177397,1.2524150079116225
1790423800.1220474,1.3945859973318875
1790423800.1238549,1.140055013820529
1790423800.1266658,1.463192980736494
1790423800.1298656,1.2863919837400317
1790423800.1309547,1.0801269963849336
1790423800.1331925,1.0708120244089514
1790423800.1355903,1.0215400252491236
1790423800.1371772,1.2859159905929118
1790423800.1391642,1.9055689917877316
1790423800.1410422,3.0084039899520576
1790423800.1411235,2.4055319954641163
1790423800.14191,1.2602219940163195
1790423800.1475124,1.0602870024740696
1790423800.1493683,1.4821600052528083
1790423800.1499565,1.2160420010332018
1790423800.1516623,1.2287510035093874
1790423800.1568024,1.2285640113987029
1790423800.1593053,2.220533002400771
1790423800.1594026,1.5558360028080642
1790423800.1599107,1.3350410154089332
1790423800.1653256,1.2622110079973936
1790423800.1656272,1.174804987385869
1790423800.1713865,1.1920459801331162
1790423800.1734648,1.120589004131034
1790423800.181246,1.2517300201579928
1790423800.186673,1.68174400459975
1790423800.1874766,1.173118012957275
1790423800.1921237,1.1225240014027804
1790423800.1984832,1.2576339941006154
1790423800.2006674,1.203987980261445
1790423800.2122784,1.9519560155458748
1790423800.2146804,1.3044769875705242
1790423800.2223847,1.5458340058103204
1790423800.2328684,3.3310040016658604
1790423800.2331321,4.292016994440928
1790423800.233197,2.9011239821556956
1790423800.2361672,1.37497199466452
1790423800.2385838,1.5440319839399308
1790423800.2442865,1.3130010047461838
1790423800.246209,1.4556570095010102
1790423800.2464778,1.2633770238608122
1790423800.2483342,1.1674980050884187
1790423800.248849,1.1526680027600378
1790423800.2508597,1.034644985338673
1790423800.2533538,1.142477005487308
1790423800.2626743,2.2921749914530665
1790423800.2632983,2.4369079910684377
1790423800.263401,1.9870320102199912
1790423800.2672546,1.3961360091343522
1790423800.2675104,1.221180020365864
1790423800.2723422,1.291271997615695
1790423800.2736232,2.0641349838115275
1790423800.2739353,1.5849490009713918
1790423800.2741845,1.3564490072894841
1790423800.2756784,1.1319490149617195
1790423800.27671,1.0238570102956146
1790423800.2817712,1.0780279990285635
1790423800.2831702,1.1046960134990513
1790423800.2851245,1.1362609802745283
1790423800.285637,1.1408169812057167
1790423800.2870753,1.2144770007580519
1790423800.297028,1.360513997497037
1790423800.3034399,1.5203240036498755
1790423800.303671,1.2709739967249334
1790423800.3084319,2.036196005064994
1790423800.308484,1.7386749968864024
1790423800.3123875,2.095614996505901
1790423800.31252,1.7444660188630223
1790423800.3127701,1.5126600046642125
1790423800.3139822,1.054631982697174
1790423800.3152397,1.038649003021419
1790423800.3206894,1.2903210008516908
1790423800.3237102,2.1205270022619516
1790423800.3247657,2.5343549787066877
1790423800.3248293,2.1427870087791234
1790423800.3282175,1.4211790112312883
1790423800.328632,1.4006319979671389
1790423800.3352933,1.9960329809691757
1790423800.33612,1.880069001344964
1790423800.339091,1.6414340061601251
1790423800.3412707,1.34134799009189
1790423800.3493342,1.6536290058866143
1790423800.3617547,2.433034998830408
1790423800.3618705,2.6900499942712486
1790423800.3635426,1.570954016642645
1790423800.364341,1.8974709964822978
1790423800.365264,1.7074849747586995
1790423800.3677578,1.3340350124053657
1790423800.3705437,1.5655840106774122
1790423803.6746595,1.3056669849902391
1790423803.6786873,1.5729430015198886
1790423803.6830242,1.2464860046748072
1790423803.6854308,1.1035659990739077
1790423803.6914144,1.1989189952146262
1790423803.6962118,4.043354012537748
1790423803.6966808,3.4476820146664977
1790423803.697259,2.0411369914654642
1790423803.6976128,3.607183985877782
1790423803.698169,1.4806470135226846
1790423803.6987054,1.0846539807971567
1790423803.7019129,1.0352320095989853
1790423803.7193382,2.8359020070638508
1790423803.7194088,3.526654007146135
1790423803.720708,2.1887500188313425
1790423803.7219355,1.2195129820611328
1790423803.723458,1.1907219886779785
1790423803.7277863,1.2459240097086877
1790423803.7282617,1.2059950095135719
1790423803.7294462,1.043987984303385
1790423803.737164,1.2787639861926436
1790423803.742839,1.277105009648949
1790423803.7464993,1.246728003025055
1790423803.756157,2.0225049811415374
1790423803.7567155,1.3960200012661517
1790423803.7635047,2.7770460001192987
1790423803.7643588,1.2729000009130687
1790423803.7734146,2.9896440100856125
1790423803.7751405,2.166474994737655
1790423803.7767408,2.8535349993035197
1790423803.7771022,2.487010002369061
1790423803.7779176,1.1684720229823142
1790423803.7793188,1.065099990228191
1790423803.7845027,1.15481301327236
1790423803.7883196,1.0621160035952926
1790423803.7904706,1.2555329885799438
1790423803.7979958,1.504446001490578
1790423803.798683,1.3964940153528005
1790423803.8053536,1.6242949932347983
1790423803.8056087,1.3969099964015186
1790423803.8109856,1.5707039856351912
1790423803.813982,1.4815770264249295
1790423803.8187304,1.8177849997300655
1790423803.8306954,4.121667006984353
1790423803.832147,3.5460959770716727
1790423803.8337896,2.87789199501276
1790423803.834302,4.211819003103301
1790423803.8352036,1.4045719872228801
1790423803.8355072,1.1969839979428798
1790423803.8435204,1.5969660016708076
1790423803.8482099,1.9536220061127096
1790423803.8490853,1.5619360201526433
1790423803.8517768,1.7435000045225024
1790423803.852573,1.1596179974731058
1790423803.8588252,1.5157010057009757
1790423803.861462,1.5472779923584312
1790423803.8655555,1.1544430162757635
1790423803.873906,1.8110809905920178
1790423803.8746078,1.9607449939940125
1790423803.8756561,1.4194029790814966
1790423803.877078,1.1570970236789435
1790423803.885097,1.304381003137678
1790423803.8854036,1.2259169889148325
1790423803.8960652,2.9085729911457747
1790423803.8975062,3.3244900114368647
1790423803.89775,4.001994006102905
1790423803.8978007,3.287098981672898
1790423803.899222,1.0730340145528316
1790423803.9051838,1.242765982169658
1790423803.9229,2.451452979585156
1790423803.9239922,2.3733950220048428
1790423803.924345,1.4357769978232682
1790423803.9277296,1.1470540193840861
1790423803.9290404,1.0572850005701184
1790423803.9323435,1.3676699891220778
1790423803.9429317,2.8555559983942658
1790423803.9430766,1.7385759856551886
1790423803.9434311,2.6083799893967807
1790423803.947721,1.2620649940799922
1790423803.952401,1.2263900134712458
1790423803.9546936,1.1619279976002872
1790423803.9564633,1.1388969724066556
1790423803.9576511,1.0903899965342134
1790423803.9640095,1.7089559987653047
1790423803.9652214,1.2033379753120244
1790423803.969866,1.161613006843254
1790423803.9760392,1.1760589841287583
1790423803.9812043,1.309620012762025
1790423803.9832776,1.6102529771160334
1790423803.983622,1.5845730085857213
1790423803.9883955,1.1527450114954263
1790423803.9898498,1.0734339884947985
1790423803.9916458,1.2043430178891867
1790423803.9936318,1.369520992739126
1790423803.9948666,1.1192320089321584
1790423804.002169,1.3329219946172088
1790423804.0043285,1.096714986488223
1790423804.0098028,1.2013570230919868
1790423804.014852,1.2752819748129696
1790423804.0274086,1.3886949745938182
1790423804.0295224,1.2347300071269274
1790423804.0331485,2.6112220075447112
1790423804.0334964,2.3689100053161383
1790423804.0340164,2.257028012536466
1790423804.0352032,1.278985000681132
1790423804.0357447,1.204589003464207
1790423804.040112,2.66465698950924
1790423804.0406868,2.809421013807878
1790423804.043515,1.481573999626562
1790423804.0487437,1.1497710074763745
1790423804.0505123,1.1085749720223248
1790423804.0526664,1.0804730118252337
1790423804.054511,1.1291529808659106
1790423804.0578618,1.1696169967763126
1790423804.0657299,3.157655999530107
1790423804.066066,3.0617309967055917
1790423804.0676913,3.681039990624413
1790423804.0692494,5.72859201929532
1790423804.0695105,4.76218800758943
1790423804.0698836,4.4837709865532815
1790423804.070438,3.487957001198083
1790423804.0706224,2.106800995534286
1790423804.072007,1.1450859892647713
1790423804.0767906,1.1172240192536265
1790423804.078998,1.1539600091055036
1790423804.0794237,1.1760199849959463
1790423804.084896,1.288209983613342
1790423804.0870917,1.2871730141341686
1790423804.0874693,1.2303919938858598
1790423804.08864,1.0713390074670315
1790423804.09069,1.0854629799723625
1790423804.0929368,1.021868985844776
1790423804.09483,0.988721993053332
1790423804.0980349,1.009355008136481
1790423804.1033177,2.307154005393386
1790423804.1036506,1.4990729978308082
1790423804.104068,1.2212010042276233
1790423804.107769,1.0784929909277707
1790423804.1152878,1.2356989900581539
1790423804.1212065,1.499478006735444
1790423804.127031,1.731293014017865
1790423804.1320481,2.1724849939346313
1790423804.1325824,1.8290699808858335
1790423804.1362875,1.5629450208507478
1790423804.1366892,1.497985009336844
1790423804.1530433,2.3112229828257114
1790423804.153859,2.232950006145984
1790423804.1539118,1.8537039868533611
1790423804.1573339,1.2770269822794944
1790423804.1676533,1.3672829954884946
1790423804.1789017,1.9340520084369928
1790423804.1811233,2.1983480255585164
1790423804.1819003,1.3742889859713614
1790423804.1923234,1.6258779796771705
1790423804.200385,1.8585569923743606
1790423804.2010698,1.6134589968714863
1790423804.2091422,1.9515820022206753
1790423804.2125058,2.2050599800422788
1790423804.221685,2.657352015376091
1790423804.2225,2.888280985644087
1790423804.224388,2.2353529930114746
1790423804.2248297,3.1352019868791103
1790423804.2249434,1.9597060163505375
1790423804.2251656,1.1970270134042948
1790423804.2313128,1.2510230008047074
1790423804.236905,1.7581339925527573
1790423804.2376513,1.5082189929671586
1790423804.2384226,1.5077359857968986
1790423804.2441323,1.3001119950786233
1790423804.248889,1.8849959888029844
1790423804.2500343,2.073524985462427
1790423804.2595692,2.899618004448712
1790423804.2600327,2.877434017136693
1790423804.2611413,2.114595001330599
1790423804.2612286,1.6509179840795696
1790423804.2639291,1.1918620148207992
1790423804.2684736,1.188443013234064
1790423804.2729409,1.3863829954061657
1790423804.2735486,1.5899449936114252
1790423804.2751417,1.0735040123108774
1790423804.276728,1.3816849968861789
1790423804.2774384,1.2415219971444458
1790423804.2868164,1.198387995827943
1790423804.2901545,1.5165320073720068
1790423804.290508,1.4206469932105392
1790423804.296491,1.5873810043558478
1790423804.2974374,1.8650399870239198
1790423804.2981834,1.2862459989264607
1790423804.299405,1.0594270133879036
1790423804.3043687,1.2710420123767108
1790423804.3048882,1.2727610010188073
1790423804.311547,1.5455969842150807
1790423804.3128214,1.1767590185627341
1790423804.3143938,1.1567120091058314
1790423804.3184412,1.1002179817296565
1790423804.3209014,1.108482014387846
1790423804.3251216,2.244222996523604
1790423804.3260427,2.277360006701201
1790423804.326421,1.4263179909903556
1790423804.3408914,1.59135099966079
1790423804.3464026,1.6233559872489423
1790423804.347162,1.8888719787355512
1790423804.3480313,1.2020780122838914
1790423804.362712,1.9450209802016616
1790423804.3636472,1.8242720107082278
1790423804.3651974,1.2745529820676893
1790423804.367737,1.390777004417032
1790423804.3682685,1.1979859846178442
1790423804.369747,1.2807189777959138
1790423804.3782794,1.2952409742865711
1790423804.3853369,1.6555929905734956
1790423804.3869007,1.2499399890657514
1790423804.3890214,1.1475890059955418
1790423804.3918684,1.68206897797063
1790423804.392811,1.7157319816760719
1790423804.3933053,1.080238027498126
1790423804.3982522,1.471191004384309
1790423804.3988752,1.4194170071277767
1790423804.4007387,1.6946649993769825
1790423804.4011507,1.6262910212390125
1790423804.4040437,1.2934910191688687
1790423804.404717,1.498839003033936
1790423804.405225,1.1723760107997805
1790423804.4178267,1.42258100095205
1790423804.4216945,1.5378830139525235
1790423804.424121,1.2134000135120004
1790423804.425888,1.3309250061865896
1790423804.4264486,1.2605340161826462
1790423804.4316885,1.5087570063769817
1790423804.43196,2.119686978403479
1790423804.441588,1.3540910149458796
1790423804.447242,1.4727840025443584
1790423804.4476974,1.3227819872554392
1790423804.4669259,1.8470039940439165
1790423804.482857,6.584406015463173
1790423804.4831655,5.389592988649383
1790423804.48361,3.153549012495205
1790423804.4837117,3.9584340120200068
1790423804.483769,5.250523012364283
1790423804.486637,1.0817010188475251
1790423804.489383,1.4325350057333708
1790423804.4899478,1.6052549763116986
1790423804.492853,1.2188680120743811
1790423804.4964545,1.1503689747769386
1790423804.5004277,1.26889199600555
1790423804.500965,1.3097469927743077
1790423804.5023506,1.0590589954517782
1790423804.5185454,2.2787520138081163
1790423804.5188813,1.9669650064315647
1790423804.5218709,2.047633024631068
1790423804.5226104,2.236168016679585
1790423804.5226655,2.2263849969021976
1790423804.524238,1.0721610160544515
1790423804.5292873,1.0138030047528446
1790423804.5315294,1.2599729816429317
1790423804.5415893,1.6614359919913113
1790423804.5441363,1.2028689961880445
1790423804.5471861,1.2154619907960296
1790423804.5501518,1.4592510124202818
1790423804.5529504,1.108326978283003
1790423804.555139,1.145212008850649
1790423804.562595,1.9000879838131368
1790423804.5683901,1.4060190005693585
1790423804.5733857,1.3905660016462207
1790423804.5814476,1.589816005434841
1790423804.5829656,1.1819589999504387
1790423804.5893316,2.256794017739594
1790423804.5921133,1.4953429927118123
1790423804.600781,2.912147989263758
1790423804.601897,3.49497701972723
1790423804.601996,4.621016996679828
1790423804.602246,3.0015440133865923
1790423804.608333,2.875175006920472
1790423804.60872,2.305219997651875
1790423804.6127703,1.749513001414016
1790423804.6163456,1.5741430106572807
1790423804.6187003,1.6265310114249587
1790423804.6223078,1.5027079789433628
1790423804.6235945,3.2462880189996213
1790423804.6240337,1.7152539803646505
1790423804.628475,1.5558940067421645
1790423804.6287389,1.3244599977042526
1790423804.6299722,1.1367900006007403
1790423804.634717,1.126308983657509
1790423804.642666,1.5599319885950536
1790423804.6435614,1.4886879944242537
1790423804.6454835,1.0788020153995603
1790423804.653029,3.198061021976173
1790423804.6547685,4.266249015927315
1790423804.6560373,3.6781459930352867
1790423804.6562624,4.394338000565767
1790423804.6568139,2.8936559974681586
1790423804.657505,1.5977139992173761
1790423804.6609614,1.519646990345791
1790423804.6610174,1.9908620161004364
1790423804.6753886,2.805555996019393
1790423804.6759915,1.3959010248072445
1790423804.6773396,1.107966003473848
1790423804.6818805,1.0189750173594803
1790423804.6834924,1.0141019884031266
1790423804.6939216,1.544575992738828
1790423804.6999524,2.089960005832836
1790423804.7009706,1.9380799785722047
1790423804.7033815,1.2108470255043358
1790423804.717199,2.0588549959938973
1790423804.7180753,1.6484999796375632
1790423804.7328324,2.0907369907945395
1790423804.7385898,1.5331190079450607
1790423804.7417555,1.407880976330489
1790423804.7436135,1.4306780067272484
1790423804.7473319,1.5513180114794523
1790423804.7478344,1.276627997867763
1790423804.7515025,1.3126010017003864
1790423804.765194,1.7664220067672431
1790423804.7669811,1.52861000970006
1790423804.7674444,1.366420998238027
1790423804.772971,1.9846150244120508
1790423804.773021,1.6203800041694194
1790423804.774941,1.220912003191188
1790423804.7792876,2.4824319989420474
1790423804.7794447,3.0843619897495955
1790423804.7799578,2.8297700046095997
1790423804.7822473,1.3134779874235392
1790423804.7827952,1.2243020173627883
1790423804.7876558,1.4348670083563775
1790423804.7907398,1.3312480004969984
1790423804.801005,1.3421110052149743
1790423804.8041458,1.198979007313028
1790423804.8076859,1.2440779828466475
1790423804.8082705,1.2078060244675726
1790423804.8122082,1.3488580007106066
1790423804.8222327,1.3149819860700518
1790423804.8246965,1.2146369845140725
1790423804.8287883,1.850108994403854
1790423804.8301158,1.6879169852472842
1790423804.8344712,1.1972789943683892
1790423804.8387132,1.249682012712583
1790423804.8413723,1.2538690061774105
1790423804.8437157,2.335729979677126
1790423804.8440871,2.296798978932202
1790423804.8448303,1.575769012561068
1790423804.8494122,1.4204710023477674
1790423804.8494754,1.872900000307709
1790423804.865552,1.7716930015012622
1790423804.8679955,1.6827959916554391
1790423804.8684802,1.259370008483529
1790423804.8756454,1.502273982623592
1790423804.878533,1.314736990025267
1790423804.8850229,1.2760570098180324
1790423804.893498,1.1813120217993855
1790423804.901302,1.3386929931584746
1790423804.9068706,1.1931089975405484
1790423804.9098306,1.2083790206816047
1790423804.9160109,1.807285996619612
1790423804.9194515,1.3320999860297889
1790423804.924379,2.425437996862456
1790423804.9245324,2.160039992304519
1790423804.924886,1.6138569917529821
1790423804.9296439,1.2005520111415535
1790423804.9326453,1.5018359990790486
1790423804.9334295,1.4383660163730383
1790423804.939293,1.311517000431195
1790423804.9396994,1.2602189963217825
1790423804.9456203,1.274689013371244
1790423804.9535325,1.1379900097381324
1790423804.9551451,1.2043820170219988
1790423804.9568033,1.6475810261908919
1790423804.9628115,1.3201379915699363
1790423804.9665773,1.255439012311399
1790423804.969413,1.1284140055067837
1790423804.9767132,1.2329610181041062
1790423804.978559,1.420854008756578
1790423804.991541,1.4101830020081252
1790423804.9951603,1.2291469902265817
1790423805.0002055,1.3824029883835465
1790423805.0017195,1.404157985234633
1790423805.008665,1.1217000137548894
1790423805.0106292,1.1760790075641125
1790423805.0117953,1.0704929882194847
1790423805.0142374,1.1889369925484061
1790423805.0159485,1.5834569931030273
1790423805.0163262,1.5284510154742748
1790423805.021087,1.1581240105442703
1790423805.0259254,1.2298600049689412
1790423805.0333588,1.4787889958824962
1790423805.0360494,1.268966996576637
1790423805.0383506,1.1533029901329428
1790423805.0457926,1.4675800048280507
1790423805.050088,2.329095994355157
1790423805.0503623,2.1692339796572924
1790423805.0504174,1.6360669978894293
1790423805.0572076,1.8265020044054836
1790423805.0583272,1.9314440141897649
1790423805.0592759,1.6506839892826974
1790423805.063664,1.308192004216835
1790423805.0701797,1.278228999581188
1790423805.0714877,1.2181479833088815
1790423805.0780997,1.3464519870467484
1790423805.0798545,1.1049550084862858
1790423805.0894518,1.226559019414708
1790423805.0997095,1.278791984077543
1790423805.102119,1.1885080020874739
1790423805.1091113,1.323077012784779
1790423805.1114633,1.285174977965653
1790423805.1146374,1.224767998792231
1790423805.119694,1.899506984045729
1790423805.1204712,1.1469930177554488
1790423805.122273,1.1855099874082953
1790423805.1233494,1.0685220186132938
1790423805.129921,1.3104419922456145
1790423805.1321561,1.5435529930982739
1790423805.1331284,1.369509001960978
1790423805.134584,1.1073820060119033
1790423805.1360142,1.4232019893825054
1790423805.1370337,1.8132549885194749
1790423805.1397657,1.3425940123852342
1790423805.143907,1.0877170134335756
1790423805.1463885,1.4435589837376028
1790423805.1512263,2.793735999148339
1790423805.1515582,3.0197050073184073
1790423805.1519897,2.630190982017666
1790423805.153549,1.1447580181993544
1790423805.1570003,1.117816980695352
1790423805.1583824,1.034574001096189
1790423805.1628652,1.0307070042472333
1790423805.1657655,1.0565340053290129
1790423805.1735818,1.6948450065683573
1790423805.1767406,1.4139599807094783
1790423805.179926,2.2120189969427884
1790423805.1804187,2.255855011753738
1790423805.1885624,1.3952130102552474
1790423805.195609,1.4989569899626076
1790423805.1964378,1.868485996965319
1790423805.1999474,1.3674389920197427
1790423805.2044954,1.151375996414572
1790423805.2065945,1.2403569999150932
1790423805.209493,1.3203730050008744
1790423805.2098572,1.2867660261690617
1790423805.2128901,1.2513120018411428
1790423805.217892,1.9002560002263635
1790423805.21834,1.5950340020935982
1790423805.2185676,1.1833719909191132
1790423805.2316377,1.4813980087637901
1790423805.2389314,2.473013009876013
1790423805.2389815,3.1351180223282427
1790423805.243984,1.557614014018327
1790423805.2464254,1.4750859991181642
1790423805.250132,1.4393620076589286
1790423805.2540128,1.9900559855159372
1790423805.2544513,1.9121890072710812
1790423805.2608016,1.5541480097454041
1790423805.2653735,1.5294199984055012
1790423805.2666388,1.173572993138805
1790423805.2683141,1.5482470043934882
1790423805.271843,1.658915978623554
1790423805.2811813,1.5729749866295606
1790423805.283443,1.2213360168971121
1790423805.2911894,1.4315510052256286
1790423805.2965593,1.851043984061107
1790423805.2967987,1.6668080061208457
1790423805.2990115,1.0816630092449486
1790423805.3015769,1.3820130261592567
1790423805.3048115,1.1471619945950806
1790423805.314657,1.4208669890649617
1790423805.3151937,1.1031629983335733
1790423805.3204803,1.3755600084550679
1790423805.3269224,1.1204830079805106
1790423805.3292687,1.0750530054792762
1790423805.336674,2.604848996270448
1790423805.3377151,1.6819070151541382
1790423805.338464,1.1158770066685975
1790423805.3417091,1.0576689965091646
1790423805.3523781,1.2751939939334989
1790423805.368548,2.443895995384082
1790423805.3703666,1.617775997146964
1790423805.3823302,1.3222249981481582
1790423805.3858056,1.9659750105347484
1790423805.3929784,5.193320015678182
1790423805.3931015,5.669787002261728
1790423805.3941584,3.0712260049767792
1790423805.3954964,1.7659360019024462
1790423805.3960843,1.3494689774233848
1790423805.397558,1.3561270025093108
1790423805.398268,1.6483090003021061
1790423805.398989,1.093158993171528
1790423805.402032,1.3643779966514558
1790423805.4022539,1.1731019767466933
1790423805.4051127,1.0219519899692386
1790423805.408663,2.015522011788562
1790423805.4116402,1.6731260111555457
1790423805.4131913,1.353628991637379
1790423805.4163103,1.7438349896110594
1790423805.420058,1.7290170071646571
1790423805.4215605,1.4783010119572282
1790423805.4234753,1.4109330077189952
1790423805.4254189,1.3323449820745736
1790423805.437933,1.9660789985209703
1790423805.440816,1.5172499988693744
1790423805.4454024,1.6038379981182516
1790423805.445458,2.136675000656396
1790423805.4512966,1.5610859845764935
1790423805.453556,1.4341319911181927
1790423805.455003,1.2867700133938342
1790423805.4596798,1.2880399881396443
1790423805.4650404,1.6126259870361537
1790423805.4682999,1.5683190140407532
1790423805.4705405,1.3498319895006716
1790423805.4788756,2.3464369878638536
1790423805.4791424,3.189492999808863
1790423805.4792109,2.159600000595674
1790423805.4829898,1.9435790018178523
1790423805.489577,2.023232984356582
1790423805.4942865,1.7389910062775016
1790423805.4960291,1.4740799961145967
1790423805.5060842,1.8412090139463544
1790423805.5095863,1.9441939948592335
1790423805.510185,1.72956200549379
1790423805.5141804,1.7533149803057313
1790423805.518743,1.9479689945001155
1790423805.5221882,2.6465639821253717
1790423805.5237908,2.7751709858421236
1790423805.5241096,3.7512369744945318
1790423805.52419,1.9881509942933917
1790423805.5292764,1.7099219840019941
1790423805.533166,1.9801580056082457
1790423805.534002,2.0102979906369
1790423805.534739,1.5601070190314204
1790423805.5364869,1.3487169926520437
1790423805.546148,2.150129002984613
1790423805.548335,3.567208012100309
1790423805.5490692,2.7418159879744053
1790423805.5502334,2.9637479747179896
1790423805.550333,2.5397590070497245
1790423805.55169,1.9634699856396765
1790423805.55256,1.6125680122058839
1790423805.5553274,1.7610920185688883
1790423805.5556345,1.6101950022857636
1790423805.5742984,3.6072189977858216
1790423805.5754435,4.146573977777734
1790423805.578706,6.504685006802902
1790423805.57946,5.1463279814925045
1790423805.579762,4.303650988731533
1790423805.580429,3.887083992594853
1790423805.580513,3.4472379775252193
1790423805.5808055,3.2274979748763144
1790423805.582699,1.3333589886315167
1790423805.5839427,1.234849012689665
1790423805.595506,1.966317999176681
1790423805.6035085,2.0106120209675282
1790423805.6049426,1.422425004420802
1790423805.607378,1.4642890018876642
1790423805.6241686,2.0074760250281543
1790423805.6246388,1.6543240053579211
1790423805.6304922,1.7498180095572025
1790423805.6310856,1.542151003377512
1790423805.6361098,1.6984489921014756
1790423805.6387055,1.396684005158022
1790423805.6445637,1.749154005665332
1790423805.652456,2.778110996587202
1790423805.6530092,4.018298001028597
1790423805.6554146,3.7835330003872514
1790423805.655822,5.0607279990799725
1790423805.6559978,3.5288170038256794
1790423805.656107,2.8373530076351017
1790423805.6564662,1.8637359899003059
1790423805.660141,3.1441680039279163
1790423805.6603603,2.388070977758616
1790423805.6604416,2.1455329842865467
1790423805.6604955,2.9847069818060845
1790423805.6737282,1.3323509774636477
1790423805.6761608,1.5316990029532462
1790423805.6771426,1.5322010149247944
1790423805.6780744,1.5758119989186525
1790423805.6801136,1.369768986478448
1790423805.6803436,1.1716570006683469
1790423805.6829906,1.3535429898183793
1790423805.684365,2.2625609999522567
1790423805.6850035,1.9233530038036406
1790423805.6857035,1.701552013400942
1790423805.686486,1.2005699973087758
1790423805.6897182,1.126257993746549
1790423805.6933434,1.8138399755116552
1790423805.6940372,1.1098639806732535
1790423805.6992607,1.1002260143868625
1790423805.7023234,1.4001499803271145
1790423805.7028203,1.3773700047750026
1790423805.7041974,1.1310280242469162
1790423805.7126203,2.759444003459066
1790423805.712916,2.6386829849798232
1790423805.7133427,2.4571090179961175
1790423805.7137327,1.6261250129900873
1790423805.7151499,1.2566970253828913
1790423805.7156084,1.1411019950173795
1790423805.734971,5.608939012745395
1790423805.7367313,3.9319409988820553
1790423805.7381856,4.998086980776861
1790423805.7389739,7.299145974684507
1790423805.740243,3.5025469842366874
1790423805.7408369,2.418429998215288
1790423805.740945,3.635550005128607
1790423805.7415168,1.265608996618539
1790423805.7467167,1.1855860066134483
1790423805.750412,1.9331179792061448
1790423805.7508814,2.80415199813433
1790423805.7510045,2.012602984905243
1790423805.7580335,1.3062289799563587
1790423805.7823303,3.2460599904879928
1790423805.7873528,3.448589995969087
1790423805.7893832,3.7085330113768578
1790423805.7917414,3.686395997647196
1790423805.7928746,2.642064995598048
1790423805.7962463,2.0600179850589484
1790423805.7991374,2.8777279949281365
1790423805.8058434,1.8144710047636181
1790423805.813984,3.5814160073641688
1790423805.8199127,2.9885299736633897
1790423805.8362503,9.72385102068074
1790423805.837978,5.050698993727565
1790423805.8383112,10.171954985707998
1790423805.8383799,6.345116009470075
1790423805.8399208,1.3031359994783998
1790423805.8475797,1.573820976773277
1790423805.849989,1.3428029778879136
1790423805.8515658,1.4677970029879361
1790423805.852017,1.245727005880326
1790423805.8533537,1.125366019550711
1790423805.859295,1.6926109965424985
1790423805.8597872,1.679751992924139
1790423805.8760674,1.965423987712711
1790423805.8790572,1.8688369891606271
1790423805.8841794,1.2663139787036926
1790423805.8886688,1.503773994045332
1790423805.898011,1.9619720114860684
1790423805.8981237,3.085131000261754
1790423805.8991308,3.6316289915703237
1790423805.8991797,2.4341320095118135
1790423805.9092686,1.899988972581923
1790423805.9118688,1.3249189942143857
1790423805.9146812,1.6535030154045671
1790423805.9152253,1.2739619996864349
1790423805.915718,1.028854021569714
1790423805.919037,2.6055049966089427
1790423805.9203527,3.184508008416742
1790423805.920799,3.1520619813818485
1790423805.9217384,2.6914729969576
1790423805.9221091,3.9545799954794347
1790423805.9230583,2.6963560085278004
1790423805.9238052,2.4048140039667487
1790423805.9254975,1.1264149798080325
1790423805.931849,1.0394529963377863
1790423805.9352179,1.477057987358421
1790423805.9361796,1.306253980146721
1790423805.937236,1.049076992785558
1790423805.9395542,1.037067995639518
1790423805.9409149,1.1738440080080181
1790423805.9413383,1.1448019940871745
1790423805.9437513,1.0125380067620426
1790423805.9496927,1.1340659984853119
1790423805.9554355,1.168896007584408
1790423805.965343,2.4108899815473706
1790423805.9731152,1.8346330034546554
1790423805.9778242,1.848809013608843
1790423805.9825692,2.1449610067065805
1790423805.9864213,1.6369730001315475
1790423805.9879045,1.2825310113839805
1790423805.99598,1.7861619999166578
1790423805.996824,1.4907879813108593
1790423805.9982202,1.1021129903383553
1790423805.9996936,1.175955985672772
1790423806.000449,1.4693360135424882
1790423806.00125,1.140834006946534
1790423806.002681,1.0180390090681612
1790423806.0069146,1.7326419765595347
1790423806.0094428,1.308164995862171
1790423806.011987,1.5036480035632849
1790423806.0125,1.098725013434887
1790423806.0165427,1.0227230086456984
1790423806.0182302,0.9738240041770041
1790423806.0243795,4.277250001905486
1790423806.0253587,3.750272997422144
1790423806.0286856,2.3941629915498197
1790423806.0289676,2.126812993083149
1790423806.0293572,1.9631529867183417
1790423806.0311878,1.3234289945103228
1790423806.0316374,1.299201016081497
1790423806.036086,1.3408530212473124
1790423806.0412903,1.438677019905299
1790423806.0449772,1.1781880166381598
1790423806.0472605,1.0924770031124353
1790423806.051566,1.433030003681779
1790423806.0522661,1.2475179973989725
1790423806.054256,1.1094490182586014
1790423806.0554147,1.0458319738972932
1790423806.059827,1.4212910027708858
1790423806.060563,1.0722030128818005
1790423806.063203,1.0984319960698485
1790423806.0751188,1.9027060188818723
1790423806.0757542,2.0137679821345955
1790423806.0771627,2.2762819717172533
1790423806.0853841,1.735586003633216
1790423806.086072,1.6476880118716508
1790423806.0872073,1.126607006881386
1790423806.092049,1.2328159937169403
1790423806.0955906,2.502575982362032
1790423806.0962665,1.108188007492572
1790423806.1060095,1.3212659978307784
1790423806.11254,1.67460399097763
1790423806.1133058,1.406351977493614
1790423806.116022,1.2413710064720362
1790423806.117121,1.0913209989666939
1790423806.1198332,1.1125789897050709
1790423806.1227093,1.0605679999571294
1790423806.1262004,1.3598060177173465
1790423806.126699,1.4112089993432164
1790423806.1281357,1.142741006333381
1790423806.1319306,1.1349050037097186
1790423806.134733,1.2037310225423425
1790423806.1426468,1.3008579844608903
1790423806.1555822,3.127773990854621
1790423806.1557405,2.681935002328828
1790423806.1564496,1.2847670004703104
1790423806.165997,1.3317879929672927
1790423806.167799,1.4459469821304083
1790423806.1684859,1.3564570108428597
1790423806.1695466,1.0521920048631728
1790423806.1710815,1.2303219991736114
1790423806.1831002,1.4480660029221326
1790423806.1836052,1.346159988315776
1790423806.18482,1.1349619890097529
1790423806.1971421,1.4401630032807589
1790423806.2200084,2.8618249925784767
1790423806.2224085,1.5344679995905608
1790423806.2246668,1.3494820159394294
1790423806.2261784,1.0845849756151438
1790423806.2301865,1.5196849999483675
1790423806.231089,1.6218429955188185
1790423806.2326682,1.4913130144122988
1790423806.2334294,1.316672976827249
1790423806.2385333,2.070616988930851
1790423806.2386105,2.2802009771112353
1790423806.252462,2.731396001763642
1790423806.2535372,2.6619389827828854
1790423806.2535937,1.6085389943327755
1790423806.2561789,1.122416986618191
1790423806.2580445,1.8498999997973442
1790423806.2594414,1.8951189995277673
1790423806.2595923,2.794558007735759
1790423806.2611732,2.266766008688137
1790423806.2620962,2.2204100096132606
1790423806.2621586,2.441971009830013
1790423806.27828,1.5713140019215643
1790423806.2838416,1.3055470190010965
1790423806.2865415,1.4306599914561957
1790423806.2885473,1.3623190170619637
1790423806.291134,1.7170009959954768
1790423806.2924085,1.2645880051422864
1790423806.2952092,1.5549000236205757
1790423806.2958257,1.5375310031231493
1790423806.2971864,1.1852739844471216
1790423806.2995708,1.3819229789078236
1790423806.3046968,1.5606899978592992
1790423806.305238,1.5396539820358157
1790423806.3085501,1.730391988530755
1790423806.3090038,1.7600680002942681
1790423806.3145308,2.0572310022544116
1790423806.3152893,1.4340189809445292
1790423806.3180187,1.0840139875654131
1790423806.3221276,1.0323000024072826
1790423806.3243968,1.7656770069152117
1790423806.325322,1.7740360053721815
1790423806.326109,1.1711190163623542
1790423806.3297877,1.159109000582248
1790423806.3309677,1.1722140188794583
1790423806.3338013,1.0660109983291477
1790423806.3377612,1.021376985590905
1790423806.3395226,1.1975860106758773
1790423806.345235,1.2605410011019558
1790423806.3507903,1.2354709906503558
1790423806.353384,1.0515550093259662
1790423806.3645744,1.8062159942928702
1790423806.36627,2.5033860001713037
1790423806.3675785,2.6047979772556573
1790423806.367686,2.017474005697295
1790423806.368107,1.6840389871504158
1790423806.3695238,1.4082530105952173
1790423806.3721366,1.9995750044472516
1790423806.3754423,3.2961019896902144
1790423806.3762844,2.7773100009653717
1790423806.377359,2.2728220210410655
1790423806.3826878,2.3795129964128137
1790423806.3830516,3.7321349955163896
1790423806.387847,2.4204240180552006
1790423806.3886995,2.2500919876620173
1790423806.3891933,1.7256999853998423
1790423806.3933127,2.053286007139832
1790423806.3939729,1.760057988576591
1790423806.3955176,2.194440981838852
1790423806.3965786,1.8816950032487512
1790423806.3978167,2.1178050083108246
1790423806.3986337,1.7072780174203217
1790423806.4006553,1.86950498027727
1790423806.4056365,1.8822159909177572
1790423806.405991,1.5591669944114983
1790423806.4097283,1.36124697746709
1790423806.415411,1.5447009936906397
1790423806.4179208,1.6563409881200641
1790423806.4182208,1.383077003993094
1790423806.4234426,1.794776995666325
1790423806.4235132,2.327530994080007
1790423806.4309583,2.0481400133576244
1790423806.4336095,1.8768860027194023
1790423806.436065,1.7070849717129022
1790423806.4404964,2.3504369892179966
1790423806.4412334,1.8610320112202317
1790423806.452277,3.0490240023937076
1790423806.4537268,3.1375270045828074
1790423806.4554195,3.881696000462398
1790423806.455525,3.232827002648264
1790423806.4560487,1.8403239955659956
1790423806.466986,1.7119700205512345
1790423806.4678721,1.7497620137874037
1790423806.4725163,2.5971019931603223
1790423806.4732378,1.7570490017533302
1790423806.4756603,1.9609899900387973
1790423806.475741,2.4931970110628754
1790423806.478241,1.49714999133721
1790423806.4802785,1.6326500044669956
1790423806.4834282,1.3576580095104873
1790423806.4836779,2.067972003715113
1790423806.489183,1.161011983640492
1790423806.4905577,1.176932011730969
1790423806.4933372,1.2907230120617896
1790423806.4936392,1.1656569840852171
1790423806.496562,1.2020439899060875
1790423806.4976993,1.1291889823041856
1790423806.505797,1.271010987693444
1790423806.5093782,1.5675689792260528
1790423806.509676,1.3468629913404584
1790423806.5112123,1.1960839910898358
1790423806.5142457,1.1180620058439672
1790423806.5164287,1.136433013016358
1790423806.5203295,2.091728994855657
1790423806.5208974,1.756242010742426
1790423806.5209587,2.3529579921159893
1790423806.5244703,1.7163009906653315
1790423806.5250022,1.2756840151268989
1790423806.528946,1.09783501829952
1790423806.5402288,1.6131470038089901
1790423806.541207,1.7226230120286345
1790423806.546195,1.1774770100601017
1790423806.5535455,1.3713919906876981
1790423806.5564919,1.2674469908233732
1790423806.5593498,1.2029049976263195
1790423806.5621493,1.1471030011307448
1790423806.5638642,1.1531320051290095
1790423806.5666723,1.3496669998858124
1790423806.5680652,1.1756230087485164
1790423806.5714974,1.2255710025783628
1790423806.5733323,1.1657470022328198
1790423806.578642,1.6873279819265008
1790423806.580882,2.7142319886479527
1790423806.5812182,2.5657789956312627
1790423806.581293,1.8873700173571706
1790423806.5908394,1.3294400123413652
1790423806.5996332,1.4920959947630763
1790423806.601822,1.6512760194018483
1790423806.606279,2.4557360156904906
1790423806.6070833,2.7037739928346127
1790423806.6071997,2.87403300171718
1790423806.6080632,1.7761439958121628
1790423806.6086564,1.3240980042610317
1790423806.6119468,1.2406540045049042
1790423806.614432,1.1637749848887324
1790423806.616452,1.109079021262005
1790423806.6176574,1.0659789841156453
1790423806.620163,1.1123270087409765
1790423806.62281,1.4423850225284696
1790423806.6365077,1.5163840143941343
1790423806.637523,1.7595649987924844
1790423806.6390338,1.165614026831463
1790423806.6412094,1.3530979922506958
1790423806.6433032,1.1533359938766807
1790423806.6469026,1.1542879801709205
1790423806.658666,3.100369998719543
1790423806.658785,3.858933981973678
1790423806.6589046,2.7475169918034226
1790423806.659467,2.2671220067422837
1790423806.6656122,1.582344004418701
1790423806.6699784,1.5086749917827547
1790423806.6845639,1.5019069833215326
1790423806.6882029,1.272249995963648
1790423806.692318,1.4935520011931658
1790423806.6923702,2.1397239761427045
1790423806.695549,1.1241190077271312
1790423806.7024386,1.2703480024356395
1790423806.7074943,2.324594999663532
1790423806.7075646,1.979063992621377
1790423806.7079318,1.6694199875928462
1790423806.7105396,1.4580939896404743
1790423806.71087,1.3436350272968411
1790423806.7125225,1.1262129992246628
1790423806.716057,2.1627829992212355
1790423806.7181058,2.4939939903561026
1790423806.7182372,3.694130980875343
1790423806.7189245,2.6657340058591217
1790423806.7189877,1.798535988200456
1790423806.7268305,1.5267039998434484
1790423806.7278802,1.722880988381803
1790423806.7290459,1.7906090070027858
1790423806.7302034,1.51964501128532
1790423806.7304804,1.339359994744882
1790423806.7335572,1.2219280179124326
1790423806.7354906,1.27065199194476
1790423806.7359874,1.274862006539479
1790423806.7370305,1.0353469988331199
1790423806.741097,1.2168769899290055
1790423806.744674,1.0894850129261613
1790423806.747926,2.5094659940805286
1790423806.747988,2.1616459998767823
1790423806.7487187,1.3535589969251305
1790423806.7585723,1.6347319760825485
1790423806.75932,1.36499700602144
1790423806.7610834,1.2974510027561337
1790423806.7686884,1.255698996828869
1790423806.7721837,1.2568200181704015
1790423806.7776763,1.9279670086689293
1790423806.777946,2.060612983768806
1790423806.781959,1.222154009155929
1790423806.7833545,1.2554740242194384
1790423806.7840865,1.3155509950593114
1790423806.7857366,1.1090069892816246
1790423806.787688,1.0531739972066134
1790423806.7922313,1.7014500044751912
1790423806.7986073,1.2538899900391698
1790423806.8020766,1.4092960045672953
1790423806.8059392,2.3074380005709827
1790423806.8062017,1.9302880100440234
1790423806.8070078,1.622326992219314
1790423806.8087082,1.146182999946177
1790423806.8117604,1.1211690143682063
1790423806.815352,1.0743570164777339
1790423806.8184712,1.2003270094282925
1790423806.8197875,1.1394930188544095
1790423806.821711,1.2260799994692206
1790423806.8242242,1.0963910026475787
1790423806.8288717,1.291831023991108
1790423806.829327,1.158667990239337
1790423806.834789,3.1380380096379668
1790423806.8349051,3.6054069933015853
1790423806.836067,1.7266740032937378
1790423806.8368144,3.099647001363337
1790423806.837401,1.321797986747697
1790423806.8430822,1.10507698263973
1790423806.8458195,1.069621997885406
1790423806.8495831,1.144353998824954
1790423806.8518112,1.2592540006153286
1790423806.854112,1.1943670106120408
1790423806.8545942,1.1998740083072335
1790423806.8580167,1.0808469960466027
1790423806.8592072,1.088942983187735
1790423806.8615503,1.2173949799034745
1790423806.8675098,1.1773550068028271
1790423806.8732862,1.2104320048820227
1790423806.87609,1.3289840135257691
1790423806.8881178,1.4326399832498282
1790423806.89034,1.3961209915578365
1790423806.8940988,1.2651779979933053
1790423806.8977184,1.2493729882407933
1790423806.9090178,2.536319982027635
1790423806.909098,2.552580990595743
1790423806.9111671,1.6776150150690228
1790423806.912524,1.26731998170726
1790423806.9144897,1.358187000732869
1790423806.9164426,1.1625209881458431
1790423806.9245944,1.2552719854284078
1790423806.9266362,1.8106630013789982
1790423806.9272072,1.3614509953185916
1790423806.929171,1.105679024476558
1790423806.9324036,1.5016590186860412
1790423806.9352999,1.2038089917041361
1790423806.9369862,1.1379789793863893
1790423806.9413493,1.6937549808062613
1790423806.9458141,1.4093969948589802
1790423806.9520328,1.377548003802076
1790423806.9526365,1.2702389794867486
1790423806.9545994,1.158244995167479
1790423806.9616816,1.4601299772039056
1790423806.9631548,1.2104679772164673
1790423806.9667702,1.1358810006640851
1790423806.9724455,1.2575559958349913
1790423806.973891,1.3530320138670504
1790423806.981817,1.2053530081175268
1790423806.983265,1.1141939903609455
1790423806.997584,2.101774007314816
1790423806.9977484,1.7475839995313436
1790423806.9990234,1.2658399937208742
1790423807.0020294,1.408270007232204
1790423807.0050755,1.4475320058409125
1790423807.0057425,1.3949150161352009
1790423807.007055,1.2075199920218438
1790423807.0141973,1.7404810059815645
1790423807.0146134,1.694862003205344
1790423807.0170102,1.6480199992656708
1790423807.0175292,1.408142998116091
1790423807.0190287,1.164460991276428
1790423807.0256622,1.212439005030319
1790423807.0262473,1.2460099824238569
1790423807.0300972,1.5791339974384755
1790423807.031159,1.7185260076075792
1790423807.036754,1.2218240008223802
1790423807.038156,1.1218439904041588
1790423807.0432727,1.170210016425699
1790423807.0524964,2.2168529976624995
1790423807.0525503,1.6794049879536033
1790423807.055983,1.1363450030330569
1790423807.058046,1.0898140026256442
1790423807.0601692,1.2230280262883753
1790423807.0618877,1.6177220095414668
1790423807.0643632,1.4495060022454709
1790423807.0649388,1.263960002688691
1790423807.0712483,1.2144369829911739
1790423807.081284,1.6421340114902705
1790423807.0827835,1.1624750040937215
1790423807.0885925,2.2858669981360435
1790423807.0888665,1.514782983576879
1790423807.089692,1.530143985291943
1790423807.0937946,1.35577202308923
1790423807.0960147,1.3075380120426416
1790423807.098581,1.129923010012135
1790423807.0998912,1.19345000712201
1790423807.1117694,1.9075550080742687
1790423807.118514,1.3988580030854791
1790423807.1211047,1.8888500053435564
1790423807.1217468,1.6540809883736074
1790423807.1273265,1.186912995763123
1790423807.1342783,1.2845669989474118
1790423807.1389499,1.3238289975561202
1790423807.1428344,1.1765039816964418
1790423807.149437,1.6416340076830238
1790423807.1495104,2.120811986969784
1790423807.1529648,1.246767002157867
1790423807.1554546,1.4803509984631091
1790423807.155775,1.3611229951493442
1790423807.16471,1.2173989962320775
1790423807.1724467,1.7218079883605242
1790423807.1730278,1.4367270050570369
1790423807.1794155,1.1980380222667009
1790423807.1833184,1.274153997655958
1790423807.1848812,1.2890629877801985
1790423807.1853774,1.193570002214983
1790423807.1867025,1.207987021189183
1790423807.1940784,1.1974859808105975
1790423807.196459,1.3480689958669245
1790423807.1996005,1.2577040179166943
1790423807.2030275,1.2266109988559037
1790423807.2079387,1.5447469777427614
1790423807.2087352,1.481344981584698
1790423807.2120013,1.27785699442029
1790423807.228314,1.427392999175936
1790423807.230118,1.46255997242406
1790423807.231572,1.262393983779475
1790423807.2334924,1.1656790156848729
1790423807.236363,1.1063370038755238
1790423807.2410793,1.4899620146024972
1790423807.2541013,1.8626730015967041
1790423807.2548203,1.4601880102418363
1790423807.2597616,3.4491000114940107
1790423807.2598596,3.102592017967254
1790423807.2599456,2.37236701650545
1790423807.260021,4.213943990180269
1790423807.2613118,1.2048719800077379
1790423807.2629743,1.295681984629482
1790423807.2662256,1.1837070051115006
1790423807.2681034,1.1394339962862432
1790423807.2740498,1.5603220090270042
1790423807.2759213,1.2781010009348392
1790423807.277902,1.9726669997908175
1790423807.279352,2.789119986118749
1790423807.279469,2.1664050000254065
1790423807.279842,1.9323299929965287
1790423807.2842824,1.1028459994122386
1790423807.2856812,1.075868000043556
1790423807.287617,1.2386970047373325
1790423807.2894056,1.114317012252286
1790423807.291259,1.5352869813796133
1790423807.291497,1.3489040138665587
1790423807.3079674,1.4815949834883213
1790423807.3122158,1.516254007583484
1790423807.3231192,2.3688499932177365
1790423807.3237147,1.9929280097130686
1790423807.324012,1.4137609978206456
1790423807.327084,1.085239986423403
1790423807.330344,1.7728249949868768
1790423807.331395,1.7881479870993644
1790423807.332786,1.2183460057713091
1790423807.3391826,1.1836109915748239
1790423807.340668,1.2229589920025319
1790423807.344092,1.8840959819499403
1790423807.3443646,1.6808670188765973
1790423807.3451312,1.4275439898483455
1790423807.3478367,1.551716006360948
1790423807.348567,1.69914701837115
1790423807.3490968,1.2496999988798052
1790423807.3551948,1.2893989915028214
1790423807.3559968,1.4442539832089096
1790423807.3565624,1.2123759952373803
1790423807.359029,1.6591009916737676
1790423807.359865,1.5279029903467745
1790423807.3620188,1.5993689885362983
1790423807.3643456,1.2606109958142042
1790423807.3735237,2.470901992637664
1790423807.374019,1.7119749973062426
1790423807.3842099,1.5169309917837381
1790423807.3885944,1.3037690077908337
1790423807.3924725,1.3802649918943644
1790423807.3984663,1.2314630148466676
1790423807.4038212,1.6103679954539984
1790423807.4038723,2.1032679942436516
1790423807.4105432,1.3444680080283433
1790423807.4164245,1.2620310008060187
1790423807.421115,1.9028960086870939
1790423807.4214563,1.659509987803176
1790423807.4223986,1.8066759803332388
1790423807.4243796,1.9729530031327158
1790423807.4246874,1.5419029805343598
1790423807.4254677,1.5099440061021596
1790423807.4284737,1.6287640028167516
1790423807.4293103,1.1733980209100991
1790423807.4312916,1.4373449957929552
1790423807.4313428,1.878955983556807
1790423807.435517,1.071899983799085
1790423807.4382226,1.4329660043586046
1790423807.4384725,1.2483590107876807
1790423807.4423103,1.262470002984628
1790423807.4435484,1.0935640020761639
1790423807.4474096,1.0811420215759426
1790423807.4589233,1.4735329896211624
1790423807.460764,1.371082995319739
1790423807.466829,2.196214016294107
1790423807.4669495,2.704421989619732
1790423807.4691904,3.12966899946332
1790423807.4702408,2.9188509797677398
1790423807.4706726,2.4456579994875938
1790423807.4710777,2.495615975931287
1790423807.4715784,1.7420589865650982
1790423807.4756734,1.5002810105215758
1790423807.4759316,1.3324049941729754
1790423807.4771278,1.0707270121201873
1790423807.4787924,1.074256986612454
1790423807.4821384,1.3373309921007603
1790423807.4844258,1.1754339793697
1790423807.4869847,1.1578639969229698
1790423807.50166,1.7749970138538629
1790423807.5043914,1.2434959935490042
1790423807.5114083,1.650198013521731
1790423807.5120535,1.5879579877946526
1790423807.5141165,1.3662390119861811
1790423807.522241,3.037048998521641
1790423807.5227537,2.575663005700335
1790423807.5231695,1.9725619931705296
1790423807.5235884,1.8020459974650294
1790423807.525302,1.1262100015301257
1790423807.528803,2.730706997681409
1790423807.529003,2.26683501387015
1790423807.5294485,1.3712630025111139
1790423807.533145,1.1457529908511788
1790423807.5360615,1.2319809757173061
1790423807.5394156,1.135648024501279
1790423807.5432432,2.2033090062905103
1790423807.5440867,2.3810070124454796
1790423807.5444407,1.8604020006023347
1790423807.5447838,1.531112997327
1790423807.5468984,1.8271399894729257
1790423807.5469587,1.4883520198054612
1790423807.5485332,1.0797080176416785
1790423807.5521996,1.078064989997074
1790423807.5593662,2.0725009962916374
1790423807.5594518,2.973041991936043
1790423807.5645723,1.8667139811441302
1790423807.569722,2.6322330231778324
1790423807.572359,2.104086015606299
1790423807.57293,4.647925990866497
1790423807.5734317,3.696675004903227
1790423807.5734837,2.526706986827776
1790423807.5799174,1.5818920219317079
1790423807.581056,1.923412986798212
1790423807.5823553,1.2901790032628924
1790423807.584178,1.7238309956155717
1790423807.586286,1.6886020021047443
1790423807.587868,2.256898005725816
1790423807.5892751,1.79324098280631
1790423807.5904343,1.578096009325236
1790423807.5907576,1.3775559782516211
1790423807.5946093,1.4113759971223772
1790423807.6014357,1.6936410102061927
1790423807.6085305,1.5828439791221172
1790423807.6106036,1.6826159844640642
1790423807.6109064,1.5087999927345663
1790423807.6140318,1.2858990230597556
1790423807.6145298,1.2534370180219412
1790423807.6292,1.725458016153425
1790423807.6293423,2.342355001019314
1790423807.630515,1.1649249936453998
1790423807.6317856,1.142413995694369
1790423807.6345682,1.2021129950881004
1790423807.6366436,1.1242250038776547
1790423807.6398492,1.2011709914077073
1790423807.643166,1.6921760106924921
1790423807.6434727,1.422381988959387
1790423807.6442266,1.4202279853634536
1790423807.6512558,1.3817239960189909
1790423807.65712,1.5432059881277382
1790423807.6604095,1.2616430176422
1790423807.66354,1.2794960057362914
1790423807.6656787,2.13031200109981
1790423807.6657448,1.7609019996598363
1790423807.6660466,1.5450810024049133
1790423807.6695802,1.2953680125065148
1790423807.6701767,1.1953059874940664
1790423807.6717436,1.0883529903367162
1790423807.6744382,1.4460079837590456
1790423807.6744907,1.8111800018232316
1790423807.6885061,3.8316459977068007
1790423807.6889684,3.202813008101657
1790423807.6894069,4.134098999202251
1790423807.689477,2.581525011919439
1790423807.6898088,2.282865025335923
1790423807.6929526,1.3361079909373075
1790423807.6946533,1.4428449794650078
1790423807.6949086,1.2535199930425733
1790423807.696834,1.0946190159302205
1790423807.704931,2.0386990217957646
1790423807.7102983,1.9331100047565997
1790423807.7111268,1.7541660054121166
1790423807.713937,1.29699197714217
1790423807.7212439,1.7130539927165955
1790423807.7221353,1.663847011514008
1790423807.7264447,1.3785520277451724
1790423807.743341,1.5251029981300235
1790423807.747123,1.2105979840271175
1790423807.7523065,1.3610260211862624
1790423807.7607715,1.4717660087626427
1790423807.764801,1.1887629807461053
1790423807.7687242,1.3615200005006045
1790423807.770322,1.1675709974952042
1790423807.7744272,1.176219986518845
1790423807.779395,1.1123779986519367
1790423807.7837384,1.5463969903066754
1790423807.7899327,1.2443619780242443
1790423807.791677,1.3840229948982596
1790423807.7919877,1.226819003932178
1790423807.7934246,1.0894500010181218
1790423807.7947583,1.0258980037178844
1790423807.7984512,1.3792770041618496
1790423807.800243,1.20511298882775
1790423807.801411,1.1598799901548773
1790423807.805903,1.9600240048021078
1790423807.8065116,2.0629520004149526
1790423807.8065827,1.6928319819271564
1790423807.8079636,1.0987560090143234
1790423807.8121285,2.438875992083922
1790423807.8136106,2.224214986199513
1790423807.814101,3.43974499264732
1790423807.8146727,2.678620017832145
1790423807.81491,1.2915120169054717
1790423807.8165329,1.1179559805896133
1790423807.8201046,1.0970529983751476
1790423807.8224921,1.095626997994259
1790423807.8286028,1.5442649892065674
1790423807.8331244,1.2233159795869142
1790423807.8393173,1.4724810025654733
1790423807.8476398,1.67427200358361
1790423807.84807,1.5448110061697662
1790423807.8493423,1.171136973425746
1790423807.852305,2.138965006452054
1790423807.8528683,1.545168022857979
1790423807.8531563,2.4340859963558614
1790423807.8547432,1.2247840058989823
1790423807.8552568,1.3134189939592034
1790423807.8607826,1.325503020780161
1790423807.8622427,1.151479984400794
1790423807.864411,1.151929987827316
1790423807.8717904,1.1887549771927297
1790423807.8783598,1.803653984097764
1790423807.8787966,2.706154016777873
1790423807.879671,1.4001430245116353
1790423807.8819754,1.6145459958352149
1790423807.88222,1.3638279924634844
1790423807.8837197,1.1276869918219745
1790423807.8878648,1.308795006480068
1790423807.8925803,1.8743980035651475
1790423807.8933718,1.6639039968140423
1790423807.8939312,1.2486150080803782
1790423807.9037728,1.60566798876971
1790423807.9072623,1.5240600041579455
1790423807.9076188,1.4298789901658893
1790423807.909533,1.3720770075451583
1790423807.912506,1.1505049769766629
1790423807.9157386,1.1566529865376651
1790423807.9267051,1.4364020025823265
1790423807.9323726,3.133871010504663
1790423807.933721,3.4799159911926836
1790423807.9338493,4.155441012699157
1790423807.9347246,3.3770970185287297
1790423807.9347944,2.412180998362601
1790423807.9371932,1.3008920068386942
1790423807.9395056,1.094198989449069
1790423807.9442677,1.9193170010112226
1790423807.9443266,1.554324000608176
1790423807.9486103,1.7742479976732284
1790423807.9489803,1.7419770010747015
1790423807.9504495,1.3553769967984408
1790423807.9516182,1.8336939974687994
1790423807.952391,1.5284680121112615
1790423807.955965,1.0868629906326532
1790423807.9600277,1.1860970116686076
1790423807.960629,1.2910219957120717
1790423807.966902,1.3975579931866378
1790423807.9819117,1.6565760015510023
1790423807.9874575,1.2982000189367682
1790423807.9972785,1.6635259962640703
1790423808.0042212,1.2254290049895644
1790423808.0055273,1.1956269736401737
1790423808.0077837,1.3394269917625934
1790423808.0142517,1.3894450094085187
1790423808.0226429,2.8977309993933886
1790423808.022813,2.560504013672471
1790423808.0233305,1.5570999821648002
1790423808.0249653,1.5294810000341386
1790423808.025578,1.2853280059061944
1790423808.0357022,1.1839400103781372
1790423808.0389998,1.8243090016767383
1790423808.0397074,1.916501991217956
1790423808.0404727,1.4610280049964786
1790423808.0430036,1.1566100001800805
1790423808.0459516,1.1209240183234215
1790423808.0499353,1.2585500080604106
1790423808.051235,1.9326030160300434
1790423808.052299,1.679583016084507
1790423808.0528083,1.271993009140715
1790423808.0551262,1.225465995958075
1790423808.06011,1.1969490151386708
1790423808.0685818,1.6957360203377903
1790423808.0692718,1.478520018281415
1790423808.0710592,1.7662720056250691
1790423808.0714836,1.3797099818475544
1790423808.0739994,1.2772770132869482
1790423808.0761683,1.0872340062633157
1790423808.0791898,1.2935409904457629
1790423808.0821953,1.2171629932709038
1790423808.1031587,1.404220995027572
1790423808.1057334,2.287435025209561
1790423808.1058545,1.9915349839720875
1790423808.1069214,1.9386430212762207
1790423808.1079443,1.384353992762044
1790423808.1084838,1.2031060177832842
1790423808.1099062,1.0247229947708547
1790423808.1123872,1.0869030083995312
1790423808.123561,1.4032539911568165
1790423808.1257029,1.234171009855345
1790423808.1284294,1.3006330118514597
1790423808.131242,1.3170370075386018
1790423808.1393738,1.2288450088817626
1790423808.1440628,1.5443939773831517
1790423808.1445713,1.4735579898115247
1790423808.1483755,1.1177929991390556
1790423808.1525347,1.3592420145869255
1790423808.1562824,1.1965050071012229
1790423808.1624146,1.5569440147373825
1790423808.162489,2.0941639959346503
1790423808.1669664,1.3838039885740727
1790423808.1723056,1.2289220176171511
1790423808.176497,2.1568500087596476
1790423808.1771514,1.7054449999704957
1790423808.1772153,2.4407500168308616
1790423808.1793082,1.5146999794524163
1790423808.1795805,1.355310989310965
1790423808.183954,1.183326996397227
1790423808.1910305,1.5077059797476977
1790423808.1933868,1.1397890048101544
1790423808.1956465,1.4265909849200398
1790423808.1957028,1.8840699922293425
1790423808.1991835,1.128955977037549
1790423808.2048051,1.3441329938359559
1790423808.206273,1.4596660039387643
1790423808.2070346,1.424818008672446
1790423808.208492,1.1081129778176546
1790423808.2121725,2.268641983391717
1790423808.2127411,2.4181559856515378
1790423808.213992,2.5145779945887625
1790423808.2141254,1.9429349922575057
1790423808.2144098,1.404645008733496
1790423808.217411,1.078217988833785
1790423808.2297459,1.8700689834076911
1790423808.2306733,1.79828199907206
1790423808.2315629,1.603688986506313
1790423808.2360468,2.153482986614108
1790423808.236438,2.07617599517107
1790423808.2373247,1.2695089972112328
1790423808.2380607,1.3175269996281713
1790423808.2404702,1.1278309975750744
1790423808.2421293,1.1656939750537276
1790423808.251322,1.4941070112399757
1790423808.2529075,1.4124370063655078
1790423808.253813,1.5454549866262823
1790423808.2553742,1.303339988226071
1790423808.255877,1.3276439858600497
1790423808.259731,2.1690500143449754
1790423808.2604318,1.92872597835958
1790423808.2607474,1.476414006901905
1790423808.2652035,1.5624520019628108
1790423808.2659733,1.3771930243819952
1790423808.269808,1.526670006569475
1790423808.271255,1.829290995374322
1790423808.2721364,1.3962450029794127
1790423808.2721894,2.2307369799818844
1790423808.2752717,1.1928380117751658
1790423808.2794902,1.7649930086918175
1790423808.279994,1.349069003481418
1790423808.2823083,1.2480790028348565
1790423808.2866368,1.1491409968584776
1790423808.3035865,2.416197006823495
1790423808.3036468,2.545092022046447
1790423808.3064537,1.2832219945266843
1790423808.3160698,1.6662590205669403
1790423808.3215997,1.554732007207349
1790423808.3320532,2.2530360147356987
1790423808.333129,1.534077018732205
1790423808.334428,1.2101989996153861
1790423808.3380535,1.58993000513874
1790423808.3383276,1.4367809926625341
1790423808.3404179,1.4196670090314
1790423808.3461893,1.7181599978357553
1790423808.3477056,1.8714150064624846
1790423808.3489377,2.07068701274693
1790423808.350965,4.638746002456173
1790423808.3514328,3.606439015129581
1790423808.3520062,2.727883984334767
1790423808.3522418,3.294939990155399
1790423808.352291,2.3702229955233634
1790423808.359159,3.2026060216594487
1790423808.3595262,4.048956994665787
1790423808.3595889,3.065122989937663
1790423808.3597267,2.369196998188272
1790423808.3602364,2.049902977887541
1790423808.3619914,1.1625619954429567
1790423808.3637407,1.133785001002252
1790423808.3815224,1.642507006181404
1790423808.383035,1.1987689940724522
1790423808.3868892,1.3126530102454126
1790423808.3900552,1.2135299912188202
1790423808.3919268,1.1186579940840602
1790423808.397593,1.5252529992721975
1790423808.3981707,1.2309599842410535
1790423808.3996027,1.3210629986133426
1790423808.4009147,1.3020139886066318
1790423808.4099429,1.292914996156469
1790423808.414664,1.8313909822609276
1790423808.415544,1.6346450138371438
1790423808.41611,1.2584390060510486
1790423808.421387,1.2260910007171333
1790423808.427706,1.3557369820773602
1790423808.4283168,1.2203739897813648
1790423808.4374893,1.4438320067711174
1790423808.4390094,1.1742039932869375
1790423808.440456,1.190119975944981
1790423808.4424627,2.7376469806768
1790423808.443902,2.0483249973040074
1790423808.4440024,3.2453989842906594
1790423808.4440603,2.6369609986431897
1790423808.4523425,1.2428440095391124
1790423808.4586003,1.2794169888366014
1790423808.460436,1.2540880125015974
1790423808.4721348,1.4384700043592602
1790423808.4759731,1.4813650050200522
1790423808.4787543,1.2312569888308644
1790423808.4840336,1.2854539963882416
1790423808.484657,1.3530099822673947
1790423808.4858332,1.0966469999402761
1790423808.4885995,1.0922089859377593
1790423808.4912264,1.4552020002156496
1790423808.4918013,1.1995920212939382
1790423808.496066,1.1203920003026724
1790423808.5023837,1.5341209946200252
1790423808.5026248,1.3026490050833672
1790423808.5050998,1.325431017903611
1790423808.5092068,1.109672011807561
1790423808.5125134,1.3529499992728233
1790423808.5148377,1.201705017592758
1790423808.5187132,1.4442560204770416
1790423808.5194955,1.401056011673063
1790423808.5235095,1.2549780076369643
1790423808.5286763,1.354752021143213
1790423808.5301678,1.2267269776202738
1790423808.532769,1.1396000045351684
1790423808.5357058,1.162995002232492
1790423808.538317,1.1186319752596319
1790423808.542739,1.260774995898828
1790423808.546501,1.962700014701113
1790423808.5481625,2.9911070014350116
1790423808.548258,1.7498180095572025
1790423808.5483215,2.3882930108811706
1790423808.5515282,1.3371480163186789
1790423808.5549695,1.465887005906552
1790423808.555276,1.3438639871310443
1790423808.5607512,1.2947059876751155
1790423808.5621562,1.173908996861428
1790423808.5640674,1.1539320112206042
1790423808.565855,1.2018760025966913
1790423808.573767,2.4670339771546423
1790423808.5740683,1.456766010960564
1790423808.5744588,1.3295430107973516
1790423808.5765011,1.1195550032425672
1790423808.5832806,4.024200985440984
1790423808.583442,5.237834993749857
1790423808.5845525,3.0365109851118177
1790423808.5848513,6.242082017706707
1790423808.5853996,3.3825139980763197
1790423808.5855396,5.820974998641759
1790423808.5856054,4.85582000692375
1790423808.5862641,2.0747529924847186
1790423808.5901814,1.5077930002007633
1790423808.590422,2.141862001735717
1790423808.5904875,1.1938690149690956
1790423808.5934596,1.1086709855590016
1790423808.6016252,1.3821650063619018
1790423808.606348,1.9256400119047612
1790423808.6066432,1.788637018762529
1790423808.6073596,1.4242179749999195
1790423808.6142478,1.2953580007888377
1790423808.6180034,1.1717220186255872
1790423808.6194022,1.095401996280998
1790423808.6274548,1.5433790103998035
1790423808.6287262,1.2609410041477531
1790423808.6292524,1.2595079897437245
1790423808.6303964,1.0561710223555565
1790423808.633982,1.1279720056336373
1790423808.6361837,1.0736399854067713
1790423808.6382003,1.0910860146395862
1790423808.6490204,1.5935070114210248
1790423808.6490731,2.0513559866230935
1790423808.6521559,1.7436860071029514
1790423808.6522202,1.303010998526588
1790423808.6557558,1.4988190087024122
1790423808.656981,1.217210025060922
1790423808.6584475,1.1243709886912256
1790423808.6601734,1.0861190094146878
1790423808.6616755,1.4928520249668509
1790423808.6621895,1.1128979967907071
1790423808.6664135,1.0405060020275414
1790423808.6703987,1.4172119845170528
1790423808.6740897,1.2158429890405387
1790423808.6908774,2.370767993852496
1790423808.6909602,1.9664559804368764
1790423808.6912646,1.5064430190250278
1790423808.6932886,1.1410410224925727
1790423808.7048469,1.4951280027162284
1790423808.7076085,1.3275490200612694
1790423808.711549,1.444616005755961
1790423808.7229292,1.3259980187285691
1790423808.725437,1.4100839907769114
1790423808.7298014,1.490321010351181
1790423808.7304287,1.5512419922742993
1790423808.734934,1.6901560011319816
1790423808.735003,2.178239024942741
1790423808.7354429,1.5113689878489822
1790423808.740977,1.848323008744046
1790423808.741237,1.4572800137102604
1790423808.7442758,1.1303839855827391
1790423808.747837,1.33817401365377
1790423808.7483056,1.3592510076705366
1790423808.7547588,1.382035989081487
1790423808.7559092,1.1411360173951834
1790423808.7687564,1.5322489780373871
1790423808.7712636,1.5502749884035438
1790423808.7745934,1.371462014503777
1790423808.7769778,1.8768139998428524
1790423808.777812,1.25715701142326
1790423808.788066,1.7524489958304912
1790423808.7892,1.5448139747604728
1790423808.789563,1.3849719834979624
1790423808.8024783,1.4333089930005372
1790423808.8089223,1.304006000282243
1790423808.8144083,2.0462899992708117
1790423808.8148808,1.3101530203130096
1790423808.815293,2.330779010662809
1790423808.8174932,1.2192369904369116
1790423808.8191378,1.1241440079174936
1790423808.8239863,1.2748859880957752
1790423808.8335145,1.4133669901639223
1790423808.8365617,1.269535016035661
1790423808.8491445,1.3629909954033792
1790423808.8558075,1.3689410116057843
1790423808.8593214,1.9607760186772794
1790423808.859403,1.6008699894882739
1790423808.861912,1.1382740049157292
1790423808.863914,1.716942002531141
1790423808.864717,2.1961299935355783
1790423808.8654008,1.4786710089538246
1790423808.8677351,1.2006600154563785
1790423808.8738117,1.1993400112260133
1790423808.88352,1.3479619810823351
1790423808.884766,1.1499589891172945
1790423808.8862596,1.1245420027989894
1790423808.8876307,1.14812797983177
1790423808.8886588,1.0209080064669251
1790423808.8912325,1.2400429986882955
1790423808.8938332,1.4168749912641943
1790423808.8962896,1.6353829996660352
1790423808.9003072,1.3047139800619334
1790423808.9029908,1.2225420214235783
1790423808.9040804,1.0816529975272715
1790423808.907665,1.165617984952405
1790423808.9087365,1.063296978827566
1790423808.9125607,1.3708040060009807
1790423808.918909,1.25327700516209
1790423808.9205046,1.2127119989600033
1790423808.927387,1.8761279934551567
1790423808.9279306,1.3390890089794993
1790423808.9302008,1.147339993622154
1790423808.9388747,1.259206997929141
1790423808.942805,1.3201760011725128
1790423808.9486167,1.2208289990667254
1790423808.9524775,1.4554489753209054
1790423808.9545221,1.1821080115623772
1790423808.9611,1.4075759972911328
1790423808.9632607,1.164855988463387
1790423808.976759,1.5627490065526217
1790423808.9969482,1.9040860061068088
1790423808.9976382,1.5400639967992902
1790423809.0006633,1.8213970179203898
1790423809.0015373,1.6633050108794123
1790423809.0073197,1.2252040032763034
1790423809.0118656,1.563806988997385
1790423809.0122964,1.4704609930049628
1790423809.0140996,1.1482469853945076
1790423809.0208814,1.3639299722854048
1790423809.0225575,1.400867011398077
1790423809.0383205,2.159952011425048
1790423809.0384054,2.3396500037051737
1790423809.0425587,1.2378129758872092
1790423809.0447996,1.3684600125998259
1790423809.045453,1.316564012086019
1790423809.0470464,1.1943179997615516
1790423809.0571356,1.4538760005962104
1790423809.0582767,1.132026984123513
1790423809.0621014,1.2528219958767295
1790423809.0663707,1.2468679924495518
1790423809.0735288,1.350191014353186
1790423809.0739696,1.2466740154195577
1790423809.0758345,1.3985980185680091
1790423809.0777593,1.2506020138971508
1790423809.0859385,1.302298012888059
1790423809.089191,1.184860011562705
1790423809.0969884,2.4153090198524296
1790423809.0979226,2.548980002757162
1790423809.0985856,2.606559981359169
1790423809.0988488,1.450718002161011
1790423809.1111445,1.4850250154267997
1790423809.1155105,1.2867869809269905
1790423809.1195967,1.3917640026193112
1790423809.125265,1.4027010183781385
1790423809.1384761,2.2754360106773674
1790423809.138534,1.7921840189956129
1790423809.14174,1.306972000747919
1790423809.149352,2.2358389978762716
1790423809.1494272,1.745635992847383
1790423809.1500864,1.7724130011629313
1790423809.151977,1.4486669970210642
1790423809.1524885,1.2333990016486496
1790423809.1550627,1.1550269846338779
1790423809.1572824,1.1926440056413412
1790423809.1617687,1.7000770021695644
1790423809.16232,1.2949639931321144
1790423809.166847,1.5348940214607865
1790423809.1679652,1.1958219984080642
1790423809.1710122,1.256527000805363
1790423809.176339,1.4751609996892512
1790423809.1804547,1.5536400023847818
1790423809.1808717,1.5309900045394897
1790423809.1853821,1.235225994605571
1790423809.198421,1.5200400084722787
1790423809.200137,1.3148180150892586
1790423809.2016652,1.3391609827522188
1790423809.2042365,1.2487299973145127
1790423809.2073998,1.1202610039617866
1790423809.2118652,1.3949410058557987
1790423809.2235734,1.4012400060892105
1790423809.2316222,1.6233120113611221
1790423809.234529,1.8356440123170614
1790423809.2346005,2.2675369982607663
1790423809.236286,1.2428530026227236
1790423809.2450037,2.247151016490534
1790423809.245056,1.8020099960267544
1790423809.2502518,1.7228090146090835
1790423809.2512105,1.7442489915993065
1790423809.256904,1.4046630240045488
1790423809.2599452,1.2453429808374494
1790423809.2635262,1.3577239878941327
1790423809.2641094,1.261940982658416
1790423809.2666862,1.1011729948222637
1790423809.2706392,1.2572100094985217
1790423809.2722435,1.2814969813916832
1790423809.2758565,2.243516006274149
1790423809.2763824,1.8515810079406947
1790423809.2766273,1.5864750021137297
1790423809.2817945,1.1166860058438033
1790423809.2844236,1.1044970015063882
1790423809.285692,1.1330469860695302
1790423809.293887,1.2792000197805464
1790423809.2951436,1.162444008514285
1790423809.297268,1.1560370039660484
1790423809.3001952,1.5868220070842654
1790423809.3007417,2.5244620046578348
1790423809.3030367,2.441799995722249
1790423809.3031688,2.964240004075691
1790423809.3037834,2.163942001061514
1790423809.3062096,1.0873840074054897
1790423809.310729,1.2146889930590987
1790423809.3138833,1.1704899952746928
1790423809.317193,1.7155649838969111
1790423809.32112,1.4090769982431084
1790423809.322797,1.1446099961176515
1790423809.326211,1.11412099795416
1790423809.3299134,1.203841995447874
1790423809.3327966,1.8869400082621723
1790423809.3344805,2.181001997087151
1790423809.3354037,2.5982179795391858
1790423809.335558,2.325648005353287
1790423809.3359816,1.4915339997969568
1790423809.3393452,1.6157829959411174
1790423809.3395894,1.3746629992965609
1790423809.3435965,1.9055360171478242
1790423809.3445818,2.454361005220562
1790423809.3465087,2.334479009732604
1790423809.347033,2.092793001793325
1790423809.347175,3.567958017811179
1790423809.3478763,1.9585709960665554
1790423809.3517282,1.501485996413976
1790423809.3572018,1.4198340068105608
1790423809.3616915,2.9372110147960484
1790423809.3618362,3.5167729947715998
1790423809.3619847,2.8439390007406473
1790423809.3641016,2.971731999423355
1790423809.3647554,2.030181000009179
1790423809.3648305,1.7433399916626513
1790423809.3650649,2.941284008556977
1790423809.3667734,1.0940700012724847
1790423809.3694022,1.4883700059726834
1790423809.3701804,1.131046999944374
1790423809.3726082,1.297216978855431
1790423809.3737335,1.1167530028615147
1790423809.3820841,1.6212860064115375
1790423809.382647,1.2097480066586286
1790423809.3838425,1.1172950034961104
1790423809.387347,1.256849995115772
1790423809.3939037,1.249767025001347
1790423809.400728,1.4587329933419824
1790423809.4049904,1.1480379907879978
1790423809.414789,1.7855569894891232
1790423809.4152796,1.763355016009882
1790423809.4172838,1.1289999820291996
1790423809.4272974,1.48085699765943
1790423809.4358006,1.3078670017421246
1790423809.4414403,1.4771480055060238
1790423809.4421074,1.452797994716093
1790423809.4468775,1.1959599796682596
1790423809.450473,1.2262229865882546
1790423809.4523463,1.8648219993337989
1790423809.4531753,1.5163889911491424
1790423809.4567015,1.2079690059181303
1790423809.4604187,1.2009170022793114
1790423809.4690473,1.6887330275494605
1790423809.4698915,1.538817014079541
1790423809.470794,1.578986004460603
1790423809.4739149,1.1458059889264405
1790423809.4782932,1.1523959983605891
1790423809.4798672,1.1353750014677644
1790423809.484809,1.538659998914227
1790423809.4877093,1.2350070173852146
1790423809.4913747,1.3700309791602194
1790423809.5028124,1.553170004626736
1790423809.5073805,1.2780739925801754
1790423809.51002,1.1850879818666726
1790423809.5144508,1.779048005118966
1790423809.5176747,1.661082002101466
1790423809.5268316,2.231802005553618
1790423809.527624,2.065186999971047
1790423809.5308115,2.561955014243722
1790423809.5308757,2.0105820149183273
1790423809.53312,1.555213995743543
1790423809.5335681,1.4223250036593527
1790423809.5432494,3.1040399917401373
1790423809.5433204,2.56997998803854
1790423809.5445132,3.0066669860389084
1790423809.5449867,1.5071730013005435
1790423809.5452847,2.4189369869418442
1790423809.5563898,2.584922011010349
1790423809.55685,3.5373450082261115
1790423809.5586202,2.2172309982124716
1790423809.5587063,2.90934499935247
1790423809.5595422,1.9324109889566898
1790423809.5838304,2.2102430230006576
1790423809.5880978,2.1535810083150864
1790423809.5921016,2.900042018154636
1790423809.5949605,4.997128009563312
1790423809.596174,3.2805060036480427
1790423809.5967839,4.672484996262938
1790423809.5982456,2.861470013158396
1790423809.6016278,3.374060004716739
1790423809.6023586,3.320869989693165
1790423809.6046052,3.6968630156479776
1790423809.604665,2.297936996910721
1790423809.6084588,2.3538219975307584
1790423809.6109395,3.43750900356099
1790423809.613199,4.572721023578197
1790423809.613604,3.9705929812043905
1790423809.6148267,2.553505008108914
1790423809.6200056,4.8175939882639796
1790423809.6204941,4.330661002313718
1790423809.6214874,4.063700005644932
1790423809.6220279,3.801130980718881
1790423809.6273172,2.3609710042364895
1790423809.6299374,2.2069809783715755
1790423809.6314554,2.949273999547586
1790423809.641935,3.1360919820144773
1790423809.6444476,1.8260029901284724
1790423809.6545172,2.232219005236402
1790423809.6593478,2.848023024853319
1790423809.6631696,3.369431011378765
1790423809.6637402,3.031931002624333
1790423809.6677861,2.076314005535096
1790423809.6716669,2.6044389815069735
1790423809.6728437,1.986900984775275
1790423809.6740544,2.379609999479726
1790423809.6808684,2.1633960132021457
1790423809.6861436,2.0394150051288307
1790423809.6942887,4.4382729975041
1790423809.6944184,3.8002249784767628
1790423809.6951833,2.5917000020854175
1790423809.7006397,2.201420982601121
1790423809.705639,4.592129000229761
1790423809.70582,4.349227994680405
1790423809.706204,3.679913002997637
