timestamp,src_ip,src_port,dst_ip,dst_port,packet_length,label
0.8564045429229736,127.0.0.1,8080,127.0.0.1,44604,0,benign
1.5995688438415527,127.0.0.1,56678,127.0.0.1,8080,0,benign
1.613110065460205,127.0.0.1,8080,127.0.0.1,56678,0,benign
1.6260652542114258,127.0.0.1,56678,127.0.0.1,8080,0,benign
1.650094747543335,127.0.0.1,8080,127.0.0.1,56678,0,benign
1.6653611660003662,127.0.0.1,56678,127.0.0.1,8080,0,benign
1.6874513626098633,127.0.0.1,56678,127.0.0.1,8080,163,benign
1.6932802200317383,127.0.0.1,8080,127.0.0.1,56678,0,benign
1.7005975246429443,127.0.0.1,56684,127.0.0.1,8080,0,benign
1.706758975982666,127.0.0.1,8080,127.0.0.1,56684,0,benign
1.7137770652770996,127.0.0.1,56684,127.0.0.1,8080,0,benign
1.7178797721862793,127.0.0.1,8080,127.0.0.1,56684,0,benign
1.7217671871185303,127.0.0.1,56688,127.0.0.1,8080,0,benign
1.7301185131072998,127.0.0.1,8080,127.0.0.1,56688,0,benign
1.7467148303985596,127.0.0.1,56688,127.0.0.1,8080,0,benign
1.7606472969055176,127.0.0.1,8080,127.0.0.1,56688,0,benign
1.7712037563323975,127.0.0.1,56684,127.0.0.1,8080,163,benign
1.7800631523132324,127.0.0.1,8080,127.0.0.1,56684,0,benign
1.7858645915985107,127.0.0.1,56688,127.0.0.1,8080,0,benign
1.7912800312042236,127.0.0.1,56688,127.0.0.1,8080,163,benign
1.7993018627166748,127.0.0.1,8080,127.0.0.1,56688,0,benign
1.806424617767334,127.0.0.1,56690,127.0.0.1,8080,0,benign
1.81093430519104,127.0.0.1,8080,127.0.0.1,56690,0,benign
1.8169808387756348,127.0.0.1,56690,127.0.0.1,8080,0,benign
1.8363761901855469,127.0.0.1,8080,127.0.0.1,56690,0,benign
1.848384141921997,127.0.0.1,56702,127.0.0.1,8080,0,benign
1.8555450439453125,127.0.0.1,8080,127.0.0.1,56702,0,benign
1.8700697422027588,127.0.0.1,56702,127.0.0.1,8080,0,benign
1.8935790061950684,127.0.0.1,56712,127.0.0.1,8080,0,benign
1.9101715087890625,127.0.0.1,8080,127.0.0.1,56712,0,benign
1.9377555847167969,127.0.0.1,56712,127.0.0.1,8080,0,benign
1.9654223918914795,127.0.0.1,56712,127.0.0.1,8080,163,benign
1.9844143390655518,127.0.0.1,8080,127.0.0.1,56712,0,benign
1.9940543174743652,127.0.0.1,8080,127.0.0.1,56702,0,benign
2.008975028991699,127.0.0.1,8080,127.0.0.1,56712,0,benign
2.017843246459961,127.0.0.1,56702,127.0.0.1,8080,0,benign
2.029794216156006,127.0.0.1,56690,127.0.0.1,8080,0,benign
2.0507683753967285,127.0.0.1,56690,127.0.0.1,8080,163,benign
2.067730665206909,127.0.0.1,8080,127.0.0.1,56690,0,benign
2.0832481384277344,127.0.0.1,56702,127.0.0.1,8080,163,benign
2.1001694202423096,127.0.0.1,8080,127.0.0.1,56702,0,benign
2.1192657947540283,127.0.0.1,56724,127.0.0.1,8080,0,benign
2.1352858543395996,127.0.0.1,8080,127.0.0.1,56724,0,benign
2.158653497695923,127.0.0.1,56724,127.0.0.1,8080,0,benign
2.180393934249878,127.0.0.1,8080,127.0.0.1,56724,0,benign
2.1958396434783936,127.0.0.1,56736,127.0.0.1,8080,0,benign
2.2014176845550537,127.0.0.1,8080,127.0.0.1,56736,0,benign
2.228520393371582,127.0.0.1,56736,127.0.0.1,8080,0,benign
2.2471954822540283,127.0.0.1,56742,127.0.0.1,8080,0,benign
2.2671456336975098,127.0.0.1,8080,127.0.0.1,56742,0,benign
2.2845187187194824,127.0.0.1,56742,127.0.0.1,8080,0,benign
2.3065690994262695,127.0.0.1,56736,127.0.0.1,8080,163,benign
2.3329806327819824,127.0.0.1,8080,127.0.0.1,56736,0,benign
2.3408496379852295,127.0.0.1,56724,127.0.0.1,8080,163,benign
2.3437464237213135,127.0.0.1,8080,127.0.0.1,56724,0,benign
2.3483071327209473,127.0.0.1,56742,127.0.0.1,8080,163,benign
2.3525278568267822,127.0.0.1,8080,127.0.0.1,56742,0,benign
2.367537260055542,127.0.0.1,8080,127.0.0.1,56736,0,benign
2.3754069805145264,127.0.0.1,8080,127.0.0.1,56742,0,benign
2.38484263420105,127.0.0.1,56750,127.0.0.1,8080,0,benign
2.4018170833587646,127.0.0.1,8080,127.0.0.1,56750,0,benign
2.408841609954834,127.0.0.1,56750,127.0.0.1,8080,0,benign
2.4203484058380127,127.0.0.1,56750,127.0.0.1,8080,163,benign
2.445828676223755,127.0.0.1,8080,127.0.0.1,56750,0,benign
2.4663541316986084,127.0.0.1,8080,127.0.0.1,56750,0,benign
2.485422372817993,127.0.0.1,56766,127.0.0.1,8080,0,benign
2.4906251430511475,127.0.0.1,8080,127.0.0.1,56766,0,benign
2.4990899562835693,127.0.0.1,56766,127.0.0.1,8080,0,benign
2.5121347904205322,127.0.0.1,56766,127.0.0.1,8080,163,benign
2.528611183166504,127.0.0.1,8080,127.0.0.1,56766,0,benign
2.551434278488159,127.0.0.1,8080,127.0.0.1,56766,0,benign
2.56711745262146,127.0.0.1,56778,127.0.0.1,8080,0,benign
2.5822973251342773,127.0.0.1,8080,127.0.0.1,56778,0,benign
2.6157374382019043,127.0.0.1,56778,127.0.0.1,8080,0,benign
2.6509170532226562,127.0.0.1,56778,127.0.0.1,8080,163,benign
2.683330535888672,127.0.0.1,8080,127.0.0.1,56778,0,benign
2.7120413780212402,127.0.0.1,8080,127.0.0.1,56778,0,benign
2.7587506771087646,127.0.0.1,56790,127.0.0.1,8080,0,benign
2.7661471366882324,127.0.0.1,8080,127.0.0.1,56790,0,benign
2.8011622428894043,127.0.0.1,56790,127.0.0.1,8080,0,benign
2.8147361278533936,127.0.0.1,8080,127.0.0.1,56790,0,benign
2.8231201171875,127.0.0.1,56790,127.0.0.1,8080,0,benign
2.8309295177459717,127.0.0.1,56790,127.0.0.1,8080,163,benign
2.843374490737915,127.0.0.1,8080,127.0.0.1,56790,0,benign
2.858515739440918,127.0.0.1,56800,127.0.0.1,8080,0,benign
2.868323802947998,127.0.0.1,8080,127.0.0.1,56800,0,benign
2.872833490371704,127.0.0.1,56800,127.0.0.1,8080,0,benign
2.876586437225342,127.0.0.1,8080,127.0.0.1,56800,0,benign
2.8819539546966553,127.0.0.1,56808,127.0.0.1,8080,0,benign
2.8893866539001465,127.0.0.1,8080,127.0.0.1,56808,0,benign
2.900352716445923,127.0.0.1,56808,127.0.0.1,8080,0,benign
2.9105947017669678,127.0.0.1,8080,127.0.0.1,56808,0,benign
2.9260568618774414,127.0.0.1,56800,127.0.0.1,8080,0,benign
2.9348437786102295,127.0.0.1,56808,127.0.0.1,8080,0,benign
2.9394567012786865,127.0.0.1,56800,127.0.0.1,8080,163,benign
2.9468698501586914,127.0.0.1,8080,127.0.0.1,56800,0,benign
2.9507226943969727,127.0.0.1,56822,127.0.0.1,8080,0,benign
2.9650673866271973,127.0.0.1,8080,127.0.0.1,56822,0,benign
2.9772064685821533,127.0.0.1,56822,127.0.0.1,8080,0,benign
2.997758626937866,127.0.0.1,56826,127.0.0.1,8080,0,benign
3.0125794410705566,127.0.0.1,8080,127.0.0.1,56826,0,benign
3.02787184715271,127.0.0.1,56826,127.0.0.1,8080,0,benign
3.044685125350952,127.0.0.1,8080,127.0.0.1,56822,0,benign
3.0702121257781982,127.0.0.1,8080,127.0.0.1,56826,0,benign
3.0933756828308105,127.0.0.1,56834,127.0.0.1,8080,0,benign
3.1045448780059814,127.0.0.1,8080,127.0.0.1,56834,0,benign
3.120434284210205,127.0.0.1,56834,127.0.0.1,8080,0,benign
3.181255340576172,127.0.0.1,56848,127.0.0.1,8080,0,benign
3.215935707092285,127.0.0.1,8080,127.0.0.1,56834,0,benign
3.2381744384765625,127.0.0.1,8080,127.0.0.1,56848,0,benign
3.2557544708251953,127.0.0.1,56848,127.0.0.1,8080,0,benign
3.280656099319458,127.0.0.1,56826,127.0.0.1,8080,0,benign
3.295382022857666,127.0.0.1,56858,127.0.0.1,8080,0,benign
3.3139545917510986,127.0.0.1,56822,127.0.0.1,8080,0,benign
3.3419885635375977,127.0.0.1,8080,127.0.0.1,56858,0,benign
3.350203037261963,127.0.0.1,56858,127.0.0.1,8080,0,benign
3.359779119491577,127.0.0.1,56826,127.0.0.1,8080,163,benign
3.369502067565918,127.0.0.1,8080,127.0.0.1,56826,0,benign
3.3741261959075928,127.0.0.1,8080,127.0.0.1,56848,0,benign
3.3779449462890625,127.0.0.1,8080,127.0.0.1,56858,0,benign
3.3808844089508057,127.0.0.1,56822,127.0.0.1,8080,163,benign
3.385638952255249,127.0.0.1,8080,127.0.0.1,56822,0,benign
3.389468193054199,127.0.0.1,56834,127.0.0.1,8080,163,benign
3.395026683807373,127.0.0.1,8080,127.0.0.1,56834,0,benign
3.3993520736694336,127.0.0.1,56858,127.0.0.1,8080,163,benign
3.4041919708251953,127.0.0.1,8080,127.0.0.1,56858,0,benign
3.420454263687134,127.0.0.1,56848,127.0.0.1,8080,163,benign
3.440795421600342,127.0.0.1,8080,127.0.0.1,56848,0,benign
3.4567389488220215,127.0.0.1,56808,127.0.0.1,8080,163,benign
3.4682717323303223,127.0.0.1,8080,127.0.0.1,56808,0,benign
3.4720165729522705,127.0.0.1,56862,127.0.0.1,8080,0,benign
3.4743916988372803,127.0.0.1,8080,127.0.0.1,56862,0,benign
3.4830210208892822,127.0.0.1,56862,127.0.0.1,8080,0,benign
3.489105701446533,127.0.0.1,56866,127.0.0.1,8080,0,benign
3.498004674911499,127.0.0.1,8080,127.0.0.1,56866,0,benign
3.5118913650512695,127.0.0.1,56866,127.0.0.1,8080,0,benign
3.524735927581787,127.0.0.1,56874,127.0.0.1,8080,0,benign
3.5306105613708496,127.0.0.1,8080,127.0.0.1,56874,0,benign
3.5346808433532715,127.0.0.1,56874,127.0.0.1,8080,0,benign
3.539125442504883,127.0.0.1,8080,127.0.0.1,56862,0,benign
3.547797679901123,127.0.0.1,8080,127.0.0.1,56866,0,benign
3.5721757411956787,127.0.0.1,8080,127.0.0.1,56874,0,benign
3.5796265602111816,127.0.0.1,56874,127.0.0.1,8080,0,benign
3.5935704708099365,127.0.0.1,56866,127.0.0.1,8080,163,benign
3.6087019443511963,127.0.0.1,56862,127.0.0.1,8080,0,benign
3.6347484588623047,127.0.0.1,8080,127.0.0.1,56866,0,benign
3.6441900730133057,127.0.0.1,56890,127.0.0.1,8080,0,benign
3.651209831237793,127.0.0.1,8080,127.0.0.1,56890,0,benign
3.6582047939300537,127.0.0.1,56890,127.0.0.1,8080,0,benign
3.66805362701416,127.0.0.1,56890,127.0.0.1,8080,163,benign
3.673793315887451,127.0.0.1,8080,127.0.0.1,56890,0,benign
3.6798717975616455,127.0.0.1,8080,127.0.0.1,56890,0,benign
3.683626174926758,127.0.0.1,56862,127.0.0.1,8080,163,benign
3.687373161315918,127.0.0.1,8080,127.0.0.1,56862,0,benign
3.692415952682495,127.0.0.1,56874,127.0.0.1,8080,163,benign
3.7077436447143555,127.0.0.1,8080,127.0.0.1,56874,0,benign
3.736809015274048,127.0.0.1,56900,127.0.0.1,8080,0,benign
3.8095386028289795,127.0.0.1,8080,127.0.0.1,56900,0,benign
3.8631527423858643,127.0.0.1,56900,127.0.0.1,8080,0,benign
3.9836573600769043,127.0.0.1,8080,127.0.0.1,56900,0,benign
4.021965503692627,127.0.0.1,56900,127.0.0.1,8080,163,benign
4.044633626937866,127.0.0.1,8080,127.0.0.1,56900,0,benign
4.0533623695373535,127.0.0.1,56904,127.0.0.1,8080,0,benign
4.059902906417847,127.0.0.1,8080,127.0.0.1,56904,0,benign
4.075616359710693,127.0.0.1,56904,127.0.0.1,8080,0,benign
4.085970878601074,127.0.0.1,8080,127.0.0.1,56904,0,benign
4.0949389934539795,127.0.0.1,56908,127.0.0.1,8080,0,benign
4.100988388061523,127.0.0.1,8080,127.0.0.1,56908,0,benign
4.113129138946533,127.0.0.1,56908,127.0.0.1,8080,0,benign
4.125086069107056,127.0.0.1,8080,127.0.0.1,56908,0,benign
4.13019061088562,127.0.0.1,56922,127.0.0.1,8080,0,benign
4.1444923877716064,127.0.0.1,8080,127.0.0.1,56922,0,benign
4.152025461196899,127.0.0.1,56922,127.0.0.1,8080,0,benign
4.160110712051392,127.0.0.1,56908,127.0.0.1,8080,163,benign
4.1685028076171875,127.0.0.1,8080,127.0.0.1,56908,0,benign
4.2010438442230225,127.0.0.1,56904,127.0.0.1,8080,0,benign
4.236070871353149,127.0.0.1,56904,127.0.0.1,8080,163,benign
4.267554998397827,127.0.0.1,8080,127.0.0.1,56904,0,benign
4.311572074890137,127.0.0.1,8080,127.0.0.1,56922,0,benign
4.332886695861816,127.0.0.1,56922,127.0.0.1,8080,0,benign
4.348307132720947,127.0.0.1,56922,127.0.0.1,8080,163,benign
4.356882333755493,127.0.0.1,8080,127.0.0.1,56922,0,benign
4.361618995666504,127.0.0.1,56926,127.0.0.1,8080,0,benign
4.368704795837402,127.0.0.1,8080,127.0.0.1,56926,0,benign
4.373034954071045,127.0.0.1,56926,127.0.0.1,8080,0,benign
4.378939867019653,127.0.0.1,8080,127.0.0.1,56926,0,benign
4.386486768722534,127.0.0.1,56926,127.0.0.1,8080,163,benign
4.408684730529785,127.0.0.1,8080,127.0.0.1,56926,0,benign
4.426076650619507,127.0.0.1,56932,127.0.0.1,8080,0,benign
4.429839849472046,127.0.0.1,8080,127.0.0.1,56932,0,benign
4.43320894241333,127.0.0.1,56932,127.0.0.1,8080,0,benign
4.4370341300964355,127.0.0.1,56932,127.0.0.1,8080,163,benign
4.444470405578613,127.0.0.1,8080,127.0.0.1,56932,0,benign
4.448228359222412,127.0.0.1,8080,127.0.0.1,56932,0,benign
4.4543633460998535,127.0.0.1,56946,127.0.0.1,8080,0,benign
4.456888437271118,127.0.0.1,8080,127.0.0.1,56946,0,benign
4.459986925125122,127.0.0.1,56946,127.0.0.1,8080,0,benign
4.4631664752960205,127.0.0.1,56946,127.0.0.1,8080,163,benign
4.466637372970581,127.0.0.1,8080,127.0.0.1,56946,0,benign
4.478588581085205,127.0.0.1,8080,127.0.0.1,56946,0,benign
4.4833996295928955,127.0.0.1,56962,127.0.0.1,8080,0,benign
4.4865171909332275,127.0.0.1,8080,127.0.0.1,56962,0,benign
4.489888906478882,127.0.0.1,56962,127.0.0.1,8080,0,benign
4.49301552772522,127.0.0.1,56962,127.0.0.1,8080,163,benign
4.495934247970581,127.0.0.1,8080,127.0.0.1,56962,0,benign
4.500916481018066,127.0.0.1,8080,127.0.0.1,56962,0,benign
4.505034685134888,127.0.0.1,56976,127.0.0.1,8080,0,benign
4.516817808151245,127.0.0.1,8080,127.0.0.1,56976,0,benign
4.533234357833862,127.0.0.1,56976,127.0.0.1,8080,0,benign
4.544160604476929,127.0.0.1,56976,127.0.0.1,8080,163,benign
4.547744035720825,127.0.0.1,8080,127.0.0.1,56976,0,benign
4.565577507019043,127.0.0.1,8080,127.0.0.1,56976,0,benign
4.581031322479248,127.0.0.1,56992,127.0.0.1,8080,0,benign
4.591517925262451,127.0.0.1,8080,127.0.0.1,56992,0,benign
4.603641986846924,127.0.0.1,56992,127.0.0.1,8080,0,benign
4.610875368118286,127.0.0.1,8080,127.0.0.1,56992,0,benign
4.620601654052734,127.0.0.1,57000,127.0.0.1,8080,0,benign
4.632178068161011,127.0.0.1,8080,127.0.0.1,57000,0,benign
4.637423515319824,127.0.0.1,57000,127.0.0.1,8080,0,benign
4.649240493774414,127.0.0.1,57000,127.0.0.1,8080,163,benign
4.663223505020142,127.0.0.1,8080,127.0.0.1,57000,0,benign
4.683477401733398,127.0.0.1,56992,127.0.0.1,8080,163,benign
4.694021701812744,127.0.0.1,8080,127.0.0.1,56992,0,benign
4.701822519302368,127.0.0.1,8080,127.0.0.1,57000,0,benign
4.708898305892944,127.0.0.1,57008,127.0.0.1,8080,0,benign
4.714970827102661,127.0.0.1,8080,127.0.0.1,57008,0,benign
4.718379974365234,127.0.0.1,57008,127.0.0.1,8080,0,benign
4.725108623504639,127.0.0.1,8080,127.0.0.1,57008,0,benign
4.73158860206604,127.0.0.1,57014,127.0.0.1,8080,0,benign
4.734854459762573,127.0.0.1,8080,127.0.0.1,57014,0,benign
4.74019193649292,127.0.0.1,57014,127.0.0.1,8080,0,benign
4.749325752258301,127.0.0.1,57008,127.0.0.1,8080,163,benign
4.75815749168396,127.0.0.1,8080,127.0.0.1,57008,0,benign
4.77917742729187,127.0.0.1,8080,127.0.0.1,57014,0,benign
4.785890102386475,127.0.0.1,57014,127.0.0.1,8080,163,benign
4.789896249771118,127.0.0.1,8080,127.0.0.1,57014,0,benign
4.794884443283081,127.0.0.1,57022,127.0.0.1,8080,0,benign
4.80245566368103,127.0.0.1,8080,127.0.0.1,57022,0,benign
4.8107898235321045,127.0.0.1,57022,127.0.0.1,8080,0,benign
4.817532539367676,127.0.0.1,8080,127.0.0.1,57022,0,benign
4.821080446243286,127.0.0.1,57026,127.0.0.1,8080,0,benign
4.824559450149536,127.0.0.1,8080,127.0.0.1,57026,0,benign
4.829536437988281,127.0.0.1,57026,127.0.0.1,8080,0,benign
4.834251880645752,127.0.0.1,57028,127.0.0.1,8080,0,benign
4.839209079742432,127.0.0.1,8080,127.0.0.1,57028,0,benign
4.842119455337524,127.0.0.1,57028,127.0.0.1,8080,0,benign
4.8491528034210205,127.0.0.1,8080,127.0.0.1,57026,0,benign
4.874264478683472,127.0.0.1,8080,127.0.0.1,57028,0,benign
4.898582935333252,127.0.0.1,57032,127.0.0.1,8080,0,benign
4.917320489883423,127.0.0.1,8080,127.0.0.1,57032,0,benign
4.92529821395874,127.0.0.1,57032,127.0.0.1,8080,0,benign
4.9378297328948975,127.0.0.1,57028,127.0.0.1,8080,163,benign
4.9479591846466064,127.0.0.1,8080,127.0.0.1,57028,0,benign
4.95170259475708,127.0.0.1,57048,127.0.0.1,8080,0,benign
4.9558515548706055,127.0.0.1,8080,127.0.0.1,57048,0,benign
4.958696365356445,127.0.0.1,57048,127.0.0.1,8080,0,benign
4.961156368255615,127.0.0.1,57032,127.0.0.1,8080,163,benign
4.9641664028167725,127.0.0.1,8080,127.0.0.1,57032,0,benign
4.971798419952393,127.0.0.1,8080,127.0.0.1,57032,0,benign
4.994838714599609,127.0.0.1,8080,127.0.0.1,57048,0,benign
5.002955436706543,127.0.0.1,57026,127.0.0.1,8080,0,benign
5.011895179748535,127.0.0.1,57022,127.0.0.1,8080,0,benign
5.016104221343994,127.0.0.1,57048,127.0.0.1,8080,0,benign
5.023046493530273,127.0.0.1,57022,127.0.0.1,8080,163,benign
5.033437252044678,127.0.0.1,8080,127.0.0.1,57022,0,benign
5.037288188934326,127.0.0.1,57026,127.0.0.1,8080,163,benign
5.042124032974243,127.0.0.1,8080,127.0.0.1,57026,0,benign
5.045496702194214,127.0.0.1,57048,127.0.0.1,8080,163,benign
5.048588275909424,127.0.0.1,8080,127.0.0.1,57048,0,benign
5.051489591598511,127.0.0.1,57060,127.0.0.1,8080,0,benign
5.054335117340088,127.0.0.1,8080,127.0.0.1,57060,0,benign
5.057176113128662,127.0.0.1,57060,127.0.0.1,8080,0,benign
5.062177419662476,127.0.0.1,8080,127.0.0.1,57060,0,benign
5.068282127380371,127.0.0.1,57060,127.0.0.1,8080,0,benign
5.078299283981323,127.0.0.1,57062,127.0.0.1,8080,0,benign
5.0854597091674805,127.0.0.1,8080,127.0.0.1,57062,0,benign
5.092254161834717,127.0.0.1,57062,127.0.0.1,8080,0,benign
5.10029935836792,127.0.0.1,57068,127.0.0.1,8080,0,benign
5.106554269790649,127.0.0.1,8080,127.0.0.1,57068,0,benign
5.109798192977905,127.0.0.1,57068,127.0.0.1,8080,0,benign
5.112360239028931,127.0.0.1,57062,127.0.0.1,8080,163,benign
5.116612195968628,127.0.0.1,8080,127.0.0.1,57062,0,benign
5.12138557434082,127.0.0.1,8080,127.0.0.1,57062,0,benign
5.136791944503784,127.0.0.1,57060,127.0.0.1,8080,163,benign
5.14005446434021,127.0.0.1,8080,127.0.0.1,57060,0,benign
5.147395610809326,127.0.0.1,57068,127.0.0.1,8080,163,benign
5.151987552642822,127.0.0.1,8080,127.0.0.1,57068,0,benign
5.156023979187012,127.0.0.1,8080,127.0.0.1,57068,0,benign
5.16843581199646,127.0.0.1,57078,127.0.0.1,8080,0,benign
5.173269033432007,127.0.0.1,8080,127.0.0.1,57078,0,benign
5.177294015884399,127.0.0.1,57078,127.0.0.1,8080,0,benign
5.182708263397217,127.0.0.1,8080,127.0.0.1,57078,0,benign
5.190375328063965,127.0.0.1,57078,127.0.0.1,8080,0,benign
5.195953845977783,127.0.0.1,57078,127.0.0.1,8080,163,benign
5.202397346496582,127.0.0.1,8080,127.0.0.1,57078,0,benign
5.216445446014404,127.0.0.1,57082,127.0.0.1,8080,0,benign
5.236008882522583,127.0.0.1,8080,127.0.0.1,57082,0,benign
5.248230457305908,127.0.0.1,57082,127.0.0.1,8080,0,benign
5.253448963165283,127.0.0.1,57092,127.0.0.1,8080,0,benign
5.256789922714233,127.0.0.1,8080,127.0.0.1,57092,0,benign
5.260425090789795,127.0.0.1,57092,127.0.0.1,8080,0,benign
5.263652563095093,127.0.0.1,8080,127.0.0.1,57082,0,benign
5.2694854736328125,127.0.0.1,57082,127.0.0.1,8080,163,benign
5.274555683135986,127.0.0.1,8080,127.0.0.1,57082,0,benign
5.278127193450928,127.0.0.1,57092,127.0.0.1,8080,163,benign
5.2845375537872314,127.0.0.1,8080,127.0.0.1,57092,0,benign
5.28936767578125,127.0.0.1,8080,127.0.0.1,57092,0,benign
5.294584274291992,127.0.0.1,57096,127.0.0.1,8080,0,benign
5.2979981899261475,127.0.0.1,8080,127.0.0.1,57096,0,benign
5.309741020202637,127.0.0.1,57096,127.0.0.1,8080,0,benign
5.31496262550354,127.0.0.1,57096,127.0.0.1,8080,163,benign
5.320293426513672,127.0.0.1,8080,127.0.0.1,57096,0,benign
5.334714889526367,127.0.0.1,8080,127.0.0.1,57096,0,benign
5.3424973487854,127.0.0.1,57108,127.0.0.1,8080,0,benign
5.356613874435425,127.0.0.1,8080,127.0.0.1,57108,0,benign
5.368392705917358,127.0.0.1,57108,127.0.0.1,8080,0,benign
5.383651971817017,127.0.0.1,57108,127.0.0.1,8080,163,benign
5.399056434631348,127.0.0.1,8080,127.0.0.1,57108,0,benign
5.425044059753418,127.0.0.1,8080,127.0.0.1,57108,0,benign
5.434772253036499,127.0.0.1,57118,127.0.0.1,8080,0,benign
5.43914794921875,127.0.0.1,8080,127.0.0.1,57118,0,benign
5.445752859115601,127.0.0.1,57118,127.0.0.1,8080,0,benign
5.456678867340088,127.0.0.1,57118,127.0.0.1,8080,163,benign
5.473827362060547,127.0.0.1,8080,127.0.0.1,57118,0,benign
5.4902589321136475,127.0.0.1,8080,127.0.0.1,57118,0,benign
5.494627475738525,127.0.0.1,57124,127.0.0.1,8080,0,benign
5.501485824584961,127.0.0.1,8080,127.0.0.1,57124,0,benign
5.511903524398804,127.0.0.1,57124,127.0.0.1,8080,0,benign
5.5165181159973145,127.0.0.1,57124,127.0.0.1,8080,163,benign
5.519813776016235,127.0.0.1,8080,127.0.0.1,57124,0,benign
5.5327911376953125,127.0.0.1,8080,127.0.0.1,57124,0,benign
5.547656059265137,127.0.0.1,57126,127.0.0.1,8080,0,benign
5.55286431312561,127.0.0.1,8080,127.0.0.1,57126,0,benign
5.5563929080963135,127.0.0.1,57126,127.0.0.1,8080,0,benign
5.559816360473633,127.0.0.1,8080,127.0.0.1,57126,0,benign
5.5636231899261475,127.0.0.1,57126,127.0.0.1,8080,163,benign
5.567732334136963,127.0.0.1,8080,127.0.0.1,57126,0,benign
5.573914527893066,127.0.0.1,57128,127.0.0.1,8080,0,benign
5.577792644500732,127.0.0.1,8080,127.0.0.1,57128,0,benign
5.582456827163696,127.0.0.1,57128,127.0.0.1,8080,0,benign
5.588639497756958,127.0.0.1,57128,127.0.0.1,8080,163,benign
5.591543674468994,127.0.0.1,8080,127.0.0.1,57128,0,benign
5.595288991928101,127.0.0.1,8080,127.0.0.1,57128,0,benign
5.598881006240845,127.0.0.1,57140,127.0.0.1,8080,0,benign
5.605039119720459,127.0.0.1,8080,127.0.0.1,57140,0,benign
5.609653472900391,127.0.0.1,57140,127.0.0.1,8080,0,benign
5.616253614425659,127.0.0.1,57146,127.0.0.1,8080,0,benign
5.619652271270752,127.0.0.1,8080,127.0.0.1,57146,0,benign
5.622811794281006,127.0.0.1,57146,127.0.0.1,8080,0,benign
5.626304864883423,127.0.0.1,57140,127.0.0.1,8080,163,benign
5.629197120666504,127.0.0.1,8080,127.0.0.1,57140,0,benign
5.6373984813690186,127.0.0.1,57146,127.0.0.1,8080,163,benign
5.6431121826171875,127.0.0.1,8080,127.0.0.1,57146,0,benign
5.655818462371826,127.0.0.1,8080,127.0.0.1,57140,0,benign
5.666281461715698,127.0.0.1,8080,127.0.0.1,57146,0,benign
5.679330587387085,127.0.0.1,36198,127.0.0.1,8080,0,benign
5.68322229385376,127.0.0.1,8080,127.0.0.1,36198,0,benign
5.686975717544556,127.0.0.1,36198,127.0.0.1,8080,0,benign
5.690176248550415,127.0.0.1,36202,127.0.0.1,8080,0,benign
5.693031072616577,127.0.0.1,8080,127.0.0.1,36202,0,benign
5.696202039718628,127.0.0.1,36202,127.0.0.1,8080,0,benign
5.70124077796936,127.0.0.1,8080,127.0.0.1,36198,0,benign
5.708432912826538,127.0.0.1,8080,127.0.0.1,36202,0,benign
5.723790645599365,127.0.0.1,36202,127.0.0.1,8080,0,benign
5.72905969619751,127.0.0.1,36198,127.0.0.1,8080,0,benign
5.732353925704956,127.0.0.1,36204,127.0.0.1,8080,0,benign
5.7474610805511475,127.0.0.1,8080,127.0.0.1,36204,0,benign
5.770854711532593,127.0.0.1,36204,127.0.0.1,8080,0,benign
5.7908172607421875,127.0.0.1,36202,127.0.0.1,8080,163,benign
5.794757843017578,127.0.0.1,8080,127.0.0.1,36202,0,benign
5.797617435455322,127.0.0.1,8080,127.0.0.1,36204,0,benign
5.800382614135742,127.0.0.1,36206,127.0.0.1,8080,0,benign
5.803706169128418,127.0.0.1,8080,127.0.0.1,36206,0,benign
5.809824705123901,127.0.0.1,36206,127.0.0.1,8080,0,benign
5.812607288360596,127.0.0.1,36198,127.0.0.1,8080,163,benign
5.817080020904541,127.0.0.1,8080,127.0.0.1,36198,0,benign
5.823609828948975,127.0.0.1,8080,127.0.0.1,36206,0,benign
5.842108249664307,127.0.0.1,36206,127.0.0.1,8080,0,benign
5.85298228263855,127.0.0.1,36204,127.0.0.1,8080,0,benign
5.85677695274353,127.0.0.1,36206,127.0.0.1,8080,163,benign
5.859723329544067,127.0.0.1,8080,127.0.0.1,36206,0,benign
5.862242221832275,127.0.0.1,36216,127.0.0.1,8080,0,benign
5.865123748779297,127.0.0.1,8080,127.0.0.1,36216,0,benign
5.867852687835693,127.0.0.1,36216,127.0.0.1,8080,0,benign
5.872625112533569,127.0.0.1,36204,127.0.0.1,8080,163,benign
5.876026630401611,127.0.0.1,8080,127.0.0.1,36204,0,benign
5.878700017929077,127.0.0.1,8080,127.0.0.1,36216,0,benign
5.881090879440308,127.0.0.1,36226,127.0.0.1,8080,0,benign
5.883875608444214,127.0.0.1,8080,127.0.0.1,36226,0,benign
5.896892309188843,127.0.0.1,36226,127.0.0.1,8080,0,benign
5.9079811573028564,127.0.0.1,36226,127.0.0.1,8080,163,benign
5.917486190795898,127.0.0.1,8080,127.0.0.1,36226,0,benign
5.921566724777222,127.0.0.1,8080,127.0.0.1,36226,0,benign
5.924417734146118,127.0.0.1,36216,127.0.0.1,8080,0,benign
5.928721904754639,127.0.0.1,36216,127.0.0.1,8080,163,benign
5.93338418006897,127.0.0.1,8080,127.0.0.1,36216,0,benign
5.937101364135742,127.0.0.1,36236,127.0.0.1,8080,0,benign
5.939880847930908,127.0.0.1,8080,127.0.0.1,36236,0,benign
5.942713022232056,127.0.0.1,36236,127.0.0.1,8080,0,benign
5.946575880050659,127.0.0.1,8080,127.0.0.1,36236,0,benign
5.953956127166748,127.0.0.1,36236,127.0.0.1,8080,163,benign
5.9588706493377686,127.0.0.1,8080,127.0.0.1,36236,0,benign
5.966259479522705,127.0.0.1,36250,127.0.0.1,8080,0,benign
5.972562074661255,127.0.0.1,8080,127.0.0.1,36250,0,benign
5.9808971881866455,127.0.0.1,36250,127.0.0.1,8080,0,benign
5.995185613632202,127.0.0.1,8080,127.0.0.1,36250,0,benign
6.000208616256714,127.0.0.1,36250,127.0.0.1,8080,163,benign
6.004760980606079,127.0.0.1,8080,127.0.0.1,36250,0,benign
6.007258892059326,127.0.0.1,36266,127.0.0.1,8080,0,benign
6.0112926959991455,127.0.0.1,8080,127.0.0.1,36266,0,benign
6.016618013381958,127.0.0.1,36266,127.0.0.1,8080,0,benign
6.027544260025024,127.0.0.1,36266,127.0.0.1,8080,163,benign
6.03432559967041,127.0.0.1,8080,127.0.0.1,36266,0,benign
6.038340330123901,127.0.0.1,8080,127.0.0.1,36266,0,benign
6.047027349472046,127.0.0.1,36270,127.0.0.1,8080,0,benign
6.055656671524048,127.0.0.1,8080,127.0.0.1,36270,0,benign
6.060102701187134,127.0.0.1,36270,127.0.0.1,8080,0,benign
6.0631866455078125,127.0.0.1,8080,127.0.0.1,36270,0,benign
6.068857669830322,127.0.0.1,36270,127.0.0.1,8080,163,benign
6.072829961776733,127.0.0.1,8080,127.0.0.1,36270,0,benign
6.076759576797485,127.0.0.1,36276,127.0.0.1,8080,0,benign
6.082489252090454,127.0.0.1,8080,127.0.0.1,36276,0,benign
6.089226245880127,127.0.0.1,36276,127.0.0.1,8080,0,benign
6.092535018920898,127.0.0.1,36276,127.0.0.1,8080,163,benign
6.097115516662598,127.0.0.1,8080,127.0.0.1,36276,0,benign
6.100443124771118,127.0.0.1,8080,127.0.0.1,36276,0,benign
6.103574991226196,127.0.0.1,36278,127.0.0.1,8080,0,benign
6.11585545539856,127.0.0.1,8080,127.0.0.1,36278,0,benign
6.122138977050781,127.0.0.1,36278,127.0.0.1,8080,0,benign
6.1255598068237305,127.0.0.1,36278,127.0.0.1,8080,163,benign
6.128281354904175,127.0.0.1,8080,127.0.0.1,36278,0,benign
6.131031513214111,127.0.0.1,8080,127.0.0.1,36278,0,benign
6.133496284484863,127.0.0.1,36286,127.0.0.1,8080,0,benign
6.136113166809082,127.0.0.1,8080,127.0.0.1,36286,0,benign
6.1499645709991455,127.0.0.1,36286,127.0.0.1,8080,0,benign
6.15310263633728,127.0.0.1,8080,127.0.0.1,36286,0,benign
6.156052827835083,127.0.0.1,36286,127.0.0.1,8080,163,benign
6.159487962722778,127.0.0.1,8080,127.0.0.1,36286,0,benign
6.163015365600586,127.0.0.1,36288,127.0.0.1,8080,0,benign
6.167235612869263,127.0.0.1,8080,127.0.0.1,36288,0,benign
6.177113771438599,127.0.0.1,36288,127.0.0.1,8080,0,benign
6.181425333023071,127.0.0.1,8080,127.0.0.1,36288,0,benign
6.189521551132202,127.0.0.1,36296,127.0.0.1,8080,0,benign
6.1977643966674805,127.0.0.1,8080,127.0.0.1,36296,0,benign
6.204521417617798,127.0.0.1,36296,127.0.0.1,8080,0,benign
6.207865953445435,127.0.0.1,36288,127.0.0.1,8080,163,benign
6.213414430618286,127.0.0.1,8080,127.0.0.1,36288,0,benign
6.218538522720337,127.0.0.1,36308,127.0.0.1,8080,0,benign
6.226741790771484,127.0.0.1,8080,127.0.0.1,36308,0,benign
6.23241925239563,127.0.0.1,36308,127.0.0.1,8080,0,benign
6.2384254932403564,127.0.0.1,8080,127.0.0.1,36296,0,benign
6.243988513946533,127.0.0.1,8080,127.0.0.1,36308,0,benign
6.249278783798218,127.0.0.1,36314,127.0.0.1,8080,0,benign
6.253180742263794,127.0.0.1,8080,127.0.0.1,36314,0,benign
6.256704092025757,127.0.0.1,36314,127.0.0.1,8080,0,benign
6.2607340812683105,127.0.0.1,36308,127.0.0.1,8080,0,benign
6.2687294483184814,127.0.0.1,36296,127.0.0.1,8080,0,benign
6.271855592727661,127.0.0.1,36296,127.0.0.1,8080,163,benign
6.274645805358887,127.0.0.1,8080,127.0.0.1,36296,0,benign
6.277353525161743,127.0.0.1,8080,127.0.0.1,36314,0,benign
6.283623218536377,127.0.0.1,36314,127.0.0.1,8080,0,benign
6.288279056549072,127.0.0.1,36308,127.0.0.1,8080,163,benign
6.292649507522583,127.0.0.1,8080,127.0.0.1,36308,0,benign
6.2964465618133545,127.0.0.1,36316,127.0.0.1,8080,0,benign
6.300475597381592,127.0.0.1,8080,127.0.0.1,36316,0,benign
6.303288221359253,127.0.0.1,36316,127.0.0.1,8080,0,benign
6.3101966381073,127.0.0.1,8080,127.0.0.1,36316,0,benign
6.318911790847778,127.0.0.1,36314,127.0.0.1,8080,163,benign
6.323539972305298,127.0.0.1,8080,127.0.0.1,36314,0,benign
6.3266847133636475,127.0.0.1,36316,127.0.0.1,8080,0,benign
6.331254005432129,127.0.0.1,36316,127.0.0.1,8080,163,benign
6.3382556438446045,127.0.0.1,8080,127.0.0.1,36316,0,benign
6.340919017791748,127.0.0.1,36318,127.0.0.1,8080,0,benign
6.3460612297058105,127.0.0.1,8080,127.0.0.1,36318,0,benign
6.349815607070923,127.0.0.1,36318,127.0.0.1,8080,0,benign
6.355046033859253,127.0.0.1,36320,127.0.0.1,8080,0,benign
6.3607871532440186,127.0.0.1,8080,127.0.0.1,36320,0,benign
6.36921238899231,127.0.0.1,36320,127.0.0.1,8080,0,benign
6.374504804611206,127.0.0.1,8080,127.0.0.1,36318,0,benign
6.378993988037109,127.0.0.1,8080,127.0.0.1,36320,0,benign
6.383930921554565,127.0.0.1,36318,127.0.0.1,8080,163,benign
6.387525796890259,127.0.0.1,8080,127.0.0.1,36318,0,benign
6.391849517822266,127.0.0.1,36322,127.0.0.1,8080,0,benign
6.394796848297119,127.0.0.1,8080,127.0.0.1,36322,0,benign
6.3992063999176025,127.0.0.1,36322,127.0.0.1,8080,0,benign
6.402317047119141,127.0.0.1,8080,127.0.0.1,36322,0,benign
6.409570217132568,127.0.0.1,36320,127.0.0.1,8080,0,benign
6.414273500442505,127.0.0.1,36322,127.0.0.1,8080,0,benign
6.417096138000488,127.0.0.1,36322,127.0.0.1,8080,163,benign
6.4252400398254395,127.0.0.1,8080,127.0.0.1,36322,0,benign
6.433735609054565,127.0.0.1,36332,127.0.0.1,8080,0,benign
6.439150810241699,127.0.0.1,8080,127.0.0.1,36332,0,benign
6.447414875030518,127.0.0.1,36332,127.0.0.1,8080,0,benign
6.451838493347168,127.0.0.1,36348,127.0.0.1,8080,0,benign
6.456028938293457,127.0.0.1,8080,127.0.0.1,36348,0,benign
6.463815927505493,127.0.0.1,36348,127.0.0.1,8080,0,benign
6.473553419113159,127.0.0.1,8080,127.0.0.1,36332,0,benign
6.477851867675781,127.0.0.1,8080,127.0.0.1,36348,0,benign
6.484464645385742,127.0.0.1,36348,127.0.0.1,8080,0,benign
6.492128372192383,127.0.0.1,36332,127.0.0.1,8080,0,benign
6.502143144607544,127.0.0.1,36364,127.0.0.1,8080,0,benign
6.510908603668213,127.0.0.1,8080,127.0.0.1,36364,0,benign
6.526499509811401,127.0.0.1,36364,127.0.0.1,8080,0,benign
6.532592535018921,127.0.0.1,36348,127.0.0.1,8080,163,benign
6.542999744415283,127.0.0.1,8080,127.0.0.1,36364,0,benign
6.548780679702759,127.0.0.1,8080,127.0.0.1,36348,0,benign
6.561588525772095,127.0.0.1,36372,127.0.0.1,8080,0,benign
6.5681962966918945,127.0.0.1,8080,127.0.0.1,36372,0,benign
6.575031995773315,127.0.0.1,36320,127.0.0.1,8080,163,benign
6.591751337051392,127.0.0.1,8080,127.0.0.1,36320,0,benign
6.60649037361145,127.0.0.1,36372,127.0.0.1,8080,0,benign
6.635197877883911,127.0.0.1,8080,127.0.0.1,36372,0,benign
6.6684887409210205,127.0.0.1,36372,127.0.0.1,8080,163,benign
6.693252801895142,127.0.0.1,8080,127.0.0.1,36372,0,benign
6.7298688888549805,127.0.0.1,36332,127.0.0.1,8080,163,benign
6.76648473739624,127.0.0.1,8080,127.0.0.1,36332,0,benign
6.799797296524048,127.0.0.1,36364,127.0.0.1,8080,163,benign
6.93030858039856,127.0.0.1,8080,127.0.0.1,36364,0,benign
6.983154058456421,127.0.0.1,36374,127.0.0.1,8080,0,benign
7.009563446044922,127.0.0.1,8080,127.0.0.1,36374,0,benign
7.034630060195923,127.0.0.1,36374,127.0.0.1,8080,0,benign
7.06241512298584,127.0.0.1,36386,127.0.0.1,8080,0,benign
7.096571922302246,127.0.0.1,8080,127.0.0.1,36386,0,benign
7.140373468399048,127.0.0.1,36386,127.0.0.1,8080,0,benign
7.154858589172363,127.0.0.1,36374,127.0.0.1,8080,163,benign
7.160903692245483,127.0.0.1,8080,127.0.0.1,36374,0,benign
7.167438268661499,127.0.0.1,36386,127.0.0.1,8080,163,benign
7.171445369720459,127.0.0.1,8080,127.0.0.1,36386,0,benign
7.192501783370972,127.0.0.1,8080,127.0.0.1,36374,0,benign
7.241525411605835,127.0.0.1,8080,127.0.0.1,36386,0,benign
7.271549940109253,127.0.0.1,36390,127.0.0.1,8080,0,benign
7.294245004653931,127.0.0.1,8080,127.0.0.1,36390,0,benign
7.300287246704102,127.0.0.1,36390,127.0.0.1,8080,0,benign
7.317272901535034,127.0.0.1,8080,127.0.0.1,36390,0,benign
7.347384929656982,127.0.0.1,36394,127.0.0.1,8080,0,benign
7.362200975418091,127.0.0.1,8080,127.0.0.1,36394,0,benign
7.37018084526062,127.0.0.1,36394,127.0.0.1,8080,0,benign
7.386228322982788,127.0.0.1,36390,127.0.0.1,8080,0,benign
7.395943641662598,127.0.0.1,8080,127.0.0.1,36394,0,benign
7.435234308242798,127.0.0.1,36404,127.0.0.1,8080,0,benign
7.475344896316528,127.0.0.1,8080,127.0.0.1,36404,0,benign
7.522653818130493,127.0.0.1,36404,127.0.0.1,8080,0,benign
7.5414817333221436,127.0.0.1,36408,127.0.0.1,8080,0,benign
7.561988830566406,127.0.0.1,8080,127.0.0.1,36408,0,benign
7.596489667892456,127.0.0.1,36408,127.0.0.1,8080,0,benign
7.620284080505371,127.0.0.1,8080,127.0.0.1,36404,0,benign
7.628030776977539,127.0.0.1,36424,127.0.0.1,8080,0,benign
7.6359663009643555,127.0.0.1,8080,127.0.0.1,36424,0,benign
7.651232719421387,127.0.0.1,36424,127.0.0.1,8080,0,benign
7.669477701187134,127.0.0.1,8080,127.0.0.1,36408,0,benign
7.681952953338623,127.0.0.1,8080,127.0.0.1,36424,0,benign
7.702899932861328,127.0.0.1,36404,127.0.0.1,8080,163,benign
7.715626239776611,127.0.0.1,8080,127.0.0.1,36404,0,benign
7.747926235198975,127.0.0.1,36390,127.0.0.1,8080,163,benign
7.759042739868164,127.0.0.1,8080,127.0.0.1,36390,0,benign
7.790283441543579,127.0.0.1,36424,127.0.0.1,8080,163,benign
7.812314987182617,127.0.0.1,36438,127.0.0.1,8080,0,benign
7.836172342300415,127.0.0.1,8080,127.0.0.1,36438,0,benign
7.903383255004883,127.0.0.1,8080,127.0.0.1,36424,0,benign
7.928782224655151,127.0.0.1,36438,127.0.0.1,8080,0,benign
7.95786190032959,127.0.0.1,36408,127.0.0.1,8080,0,benign
7.973429918289185,127.0.0.1,36394,127.0.0.1,8080,0,benign
7.994330883026123,127.0.0.1,8080,127.0.0.1,36438,0,benign
8.02087116241455,127.0.0.1,36438,127.0.0.1,8080,163,benign
8.051899671554565,127.0.0.1,36408,127.0.0.1,8080,163,benign
8.15593409538269,127.0.0.1,8080,127.0.0.1,36408,0,benign
8.207658529281616,127.0.0.1,8080,127.0.0.1,36438,0,benign
8.228640794754028,127.0.0.1,36452,127.0.0.1,8080,0,benign
8.240540504455566,127.0.0.1,8080,127.0.0.1,36452,0,benign
8.27415919303894,127.0.0.1,36452,127.0.0.1,8080,0,benign
8.291920900344849,127.0.0.1,36394,127.0.0.1,8080,163,benign
8.30150580406189,127.0.0.1,8080,127.0.0.1,36394,0,benign
8.306629180908203,127.0.0.1,36452,127.0.0.1,8080,163,benign
8.32194709777832,127.0.0.1,8080,127.0.0.1,36452,0,benign
8.336880922317505,127.0.0.1,8080,127.0.0.1,36452,0,benign
8.350049495697021,127.0.0.1,36458,127.0.0.1,8080,0,benign
8.367010354995728,127.0.0.1,8080,127.0.0.1,36458,0,benign
8.389485120773315,127.0.0.1,36458,127.0.0.1,8080,0,benign
8.421971082687378,127.0.0.1,36468,127.0.0.1,8080,0,benign
8.443212032318115,127.0.0.1,8080,127.0.0.1,36468,0,benign
8.452142477035522,127.0.0.1,36468,127.0.0.1,8080,0,benign
8.468490600585938,127.0.0.1,8080,127.0.0.1,36458,0,benign
8.48348617553711,127.0.0.1,36482,127.0.0.1,8080,0,benign
8.526527881622314,127.0.0.1,8080,127.0.0.1,36482,0,benign
8.559702634811401,127.0.0.1,36482,127.0.0.1,8080,0,benign
8.579331398010254,127.0.0.1,8080,127.0.0.1,36468,0,benign
8.588703632354736,127.0.0.1,36486,127.0.0.1,8080,0,benign
8.594728708267212,127.0.0.1,8080,127.0.0.1,36486,0,benign
8.609030961990356,127.0.0.1,36486,127.0.0.1,8080,0,benign
8.62235403060913,127.0.0.1,8080,127.0.0.1,36482,0,benign
8.627907991409302,127.0.0.1,36458,127.0.0.1,8080,163,benign
8.641643524169922,127.0.0.1,8080,127.0.0.1,36458,0,benign
8.65799880027771,127.0.0.1,8080,127.0.0.1,36486,0,benign
8.669230222702026,127.0.0.1,36482,127.0.0.1,8080,0,benign
8.705477237701416,127.0.0.1,36468,127.0.0.1,8080,0,benign
8.720602750778198,127.0.0.1,36486,127.0.0.1,8080,0,benign
8.72557258605957,127.0.0.1,36498,127.0.0.1,8080,0,benign
8.729095458984375,127.0.0.1,8080,127.0.0.1,36498,0,benign
8.740779399871826,127.0.0.1,36498,127.0.0.1,8080,0,benign
8.762489557266235,127.0.0.1,36510,127.0.0.1,8080,0,benign
8.774853944778442,127.0.0.1,8080,127.0.0.1,36510,0,benign
8.844789028167725,127.0.0.1,36510,127.0.0.1,8080,0,benign
8.884878873825073,127.0.0.1,8080,127.0.0.1,36498,0,benign
8.906193017959595,127.0.0.1,36512,127.0.0.1,8080,0,benign
8.91710901260376,127.0.0.1,8080,127.0.0.1,36512,0,benign
8.922108888626099,127.0.0.1,36512,127.0.0.1,8080,0,benign
8.929080963134766,127.0.0.1,8080,127.0.0.1,36510,0,benign
8.940775394439697,127.0.0.1,36468,127.0.0.1,8080,163,benign
8.95359182357788,127.0.0.1,8080,127.0.0.1,36468,0,benign
8.975017786026001,127.0.0.1,8080,127.0.0.1,36512,0,benign
8.996684074401855,127.0.0.1,36512,127.0.0.1,8080,0,benign
9.008288145065308,127.0.0.1,36510,127.0.0.1,8080,0,benign
9.017507553100586,127.0.0.1,36498,127.0.0.1,8080,0,benign
9.026661157608032,127.0.0.1,36512,127.0.0.1,8080,163,benign
9.034455299377441,127.0.0.1,8080,127.0.0.1,36512,0,benign
9.051928520202637,127.0.0.1,36498,127.0.0.1,8080,163,benign
9.064436435699463,127.0.0.1,8080,127.0.0.1,36498,0,benign
9.071131944656372,127.0.0.1,36486,127.0.0.1,8080,163,benign
9.081583976745605,127.0.0.1,8080,127.0.0.1,36486,0,benign
9.084842443466187,127.0.0.1,36482,127.0.0.1,8080,163,benign
9.091901063919067,127.0.0.1,8080,127.0.0.1,36482,0,benign
9.098952770233154,127.0.0.1,36510,127.0.0.1,8080,163,benign
9.104336738586426,127.0.0.1,8080,127.0.0.1,36510,0,benign
9.108887672424316,127.0.0.1,36528,127.0.0.1,8080,0,benign
9.113114356994629,127.0.0.1,8080,127.0.0.1,36528,0,benign
9.11722207069397,127.0.0.1,36528,127.0.0.1,8080,0,benign
9.128875017166138,127.0.0.1,8080,127.0.0.1,36528,0,benign
9.14173412322998,127.0.0.1,36528,127.0.0.1,8080,0,benign
9.149502277374268,127.0.0.1,36528,127.0.0.1,8080,163,benign
9.158373832702637,127.0.0.1,8080,127.0.0.1,36528,0,benign
9.172040462493896,127.0.0.1,36536,127.0.0.1,8080,0,benign
9.177804708480835,127.0.0.1,8080,127.0.0.1,36536,0,benign
9.185262203216553,127.0.0.1,36536,127.0.0.1,8080,0,benign
9.189905881881714,127.0.0.1,36550,127.0.0.1,8080,0,benign
9.194841623306274,127.0.0.1,8080,127.0.0.1,36550,0,benign
9.205024480819702,127.0.0.1,36550,127.0.0.1,8080,0,benign
9.2111976146698,127.0.0.1,36536,127.0.0.1,8080,163,benign
9.215949058532715,127.0.0.1,8080,127.0.0.1,36536,0,benign
9.226185321807861,127.0.0.1,36550,127.0.0.1,8080,163,benign
9.235923290252686,127.0.0.1,8080,127.0.0.1,36550,0,benign
9.240581512451172,127.0.0.1,8080,127.0.0.1,36536,0,benign
9.244877815246582,127.0.0.1,8080,127.0.0.1,36550,0,benign
9.258068799972534,127.0.0.1,36554,127.0.0.1,8080,0,benign
9.278552770614624,127.0.0.1,8080,127.0.0.1,36554,0,benign
9.289529085159302,127.0.0.1,36554,127.0.0.1,8080,0,benign
9.319969415664673,127.0.0.1,36570,127.0.0.1,8080,0,benign
9.360800743103027,127.0.0.1,8080,127.0.0.1,36570,0,benign
9.373545169830322,127.0.0.1,36570,127.0.0.1,8080,0,benign
9.377537250518799,127.0.0.1,36554,127.0.0.1,8080,163,benign
9.387587308883667,127.0.0.1,8080,127.0.0.1,36554,0,benign
9.402943134307861,127.0.0.1,36570,127.0.0.1,8080,163,benign
9.4089195728302,127.0.0.1,8080,127.0.0.1,36570,0,benign
9.417150974273682,127.0.0.1,36586,127.0.0.1,8080,0,benign
9.421329975128174,127.0.0.1,8080,127.0.0.1,36586,0,benign
9.425368309020996,127.0.0.1,36586,127.0.0.1,8080,0,benign
9.440123081207275,127.0.0.1,36586,127.0.0.1,8080,163,benign
9.447790622711182,127.0.0.1,8080,127.0.0.1,36586,0,benign
9.452732801437378,127.0.0.1,36600,127.0.0.1,8080,0,benign
9.459417343139648,127.0.0.1,8080,127.0.0.1,36600,0,benign
9.463808298110962,127.0.0.1,36600,127.0.0.1,8080,0,benign
9.469510316848755,127.0.0.1,36612,127.0.0.1,8080,0,benign
9.47290825843811,127.0.0.1,8080,127.0.0.1,36612,0,benign
9.479910135269165,127.0.0.1,36612,127.0.0.1,8080,0,benign
9.486712455749512,127.0.0.1,36628,127.0.0.1,8080,0,benign
9.492887020111084,127.0.0.1,8080,127.0.0.1,36628,0,benign
9.497649669647217,127.0.0.1,36628,127.0.0.1,8080,0,benign
9.501218318939209,127.0.0.1,36612,127.0.0.1,8080,163,benign
9.505815029144287,127.0.0.1,8080,127.0.0.1,36612,0,benign
9.511376142501831,127.0.0.1,36600,127.0.0.1,8080,163,benign
9.51811170578003,127.0.0.1,8080,127.0.0.1,36600,0,benign
9.522874355316162,127.0.0.1,36634,127.0.0.1,8080,0,benign
9.529177188873291,127.0.0.1,8080,127.0.0.1,36634,0,benign
9.537857055664062,127.0.0.1,36634,127.0.0.1,8080,0,benign
9.547690391540527,127.0.0.1,36628,127.0.0.1,8080,163,benign
9.552465200424194,127.0.0.1,8080,127.0.0.1,36628,0,benign
9.556614398956299,127.0.0.1,36644,127.0.0.1,8080,0,benign
9.561709880828857,127.0.0.1,8080,127.0.0.1,36644,0,benign
9.565799474716187,127.0.0.1,36634,127.0.0.1,8080,163,benign
9.569602251052856,127.0.0.1,36644,127.0.0.1,8080,0,benign
9.574204206466675,127.0.0.1,8080,127.0.0.1,36634,0,benign
9.587216854095459,127.0.0.1,36658,127.0.0.1,8080,0,benign
9.593910455703735,127.0.0.1,8080,127.0.0.1,36658,0,benign
9.597224473953247,127.0.0.1,36658,127.0.0.1,8080,0,benign
9.59970998764038,127.0.0.1,36666,127.0.0.1,8080,0,benign
9.602626085281372,127.0.0.1,8080,127.0.0.1,36666,0,benign
9.607228994369507,127.0.0.1,36666,127.0.0.1,8080,0,benign
9.613365411758423,127.0.0.1,36666,127.0.0.1,8080,163,benign
9.624887228012085,127.0.0.1,8080,127.0.0.1,36666,0,benign
9.634139776229858,127.0.0.1,36644,127.0.0.1,8080,163,benign
9.639815092086792,127.0.0.1,8080,127.0.0.1,36644,0,benign
9.643832683563232,127.0.0.1,36658,127.0.0.1,8080,163,benign
9.650593042373657,127.0.0.1,8080,127.0.0.1,36658,0,benign
9.656771421432495,127.0.0.1,36680,127.0.0.1,8080,0,benign
9.663498401641846,127.0.0.1,8080,127.0.0.1,36680,0,benign
9.698286533355713,127.0.0.1,36680,127.0.0.1,8080,0,benign
9.70507025718689,127.0.0.1,36680,127.0.0.1,8080,163,benign
9.733053922653198,127.0.0.1,8080,127.0.0.1,36680,0,benign
9.758734703063965,127.0.0.1,36692,127.0.0.1,8080,0,benign
9.782121419906616,127.0.0.1,8080,127.0.0.1,36692,0,benign
9.795668363571167,127.0.0.1,36692,127.0.0.1,8080,0,benign
9.819168090820312,127.0.0.1,36692,127.0.0.1,8080,163,benign
9.825748920440674,127.0.0.1,8080,127.0.0.1,36692,0,benign
9.83081340789795,127.0.0.1,36698,127.0.0.1,8080,0,benign
9.83484959602356,127.0.0.1,8080,127.0.0.1,36698,0,benign
9.84281039237976,127.0.0.1,36698,127.0.0.1,8080,0,benign
9.852389812469482,127.0.0.1,36698,127.0.0.1,8080,163,benign
9.865453720092773,127.0.0.1,8080,127.0.0.1,36698,0,benign
9.86931037902832,127.0.0.1,8080,127.0.0.1,36554,138,benign
9.875924110412598,127.0.0.1,36554,127.0.0.1,8080,0,benign
9.884067058563232,127.0.0.1,8080,127.0.0.1,36570,138,benign
9.890052556991577,127.0.0.1,36570,127.0.0.1,8080,0,benign
9.902796268463135,127.0.0.1,36706,127.0.0.1,8080,0,benign
9.943875789642334,127.0.0.1,8080,127.0.0.1,36706,0,benign
9.972963571548462,127.0.0.1,36706,127.0.0.1,8080,0,benign
9.981255769729614,127.0.0.1,8080,127.0.0.1,36570,56,benign
9.992169857025146,127.0.0.1,36570,127.0.0.1,8080,0,benign
10.000699996948242,127.0.0.1,36706,127.0.0.1,8080,163,benign
10.012561082839966,127.0.0.1,8080,127.0.0.1,36706,0,benign
10.018017530441284,127.0.0.1,36708,127.0.0.1,8080,0,benign
10.022767543792725,127.0.0.1,8080,127.0.0.1,36708,0,benign
10.03507375717163,127.0.0.1,36708,127.0.0.1,8080,0,benign
10.05664324760437,127.0.0.1,8080,127.0.0.1,36586,138,benign
10.069087028503418,127.0.0.1,36586,127.0.0.1,8080,0,benign
10.079817056655884,127.0.0.1,36570,127.0.0.1,8080,163,benign
10.09088134765625,127.0.0.1,8080,127.0.0.1,36570,0,benign
10.108853340148926,127.0.0.1,8080,127.0.0.1,36600,138,benign
10.14326524734497,127.0.0.1,36600,127.0.0.1,8080,0,benign
10.158350706100464,127.0.0.1,36708,127.0.0.1,8080,163,benign
10.178246259689331,127.0.0.1,8080,127.0.0.1,36708,0,benign
10.189924001693726,127.0.0.1,8080,127.0.0.1,36554,56,benign
10.207872152328491,127.0.0.1,36554,127.0.0.1,8080,0,benign
10.21523118019104,127.0.0.1,8080,127.0.0.1,36586,56,benign
10.219547033309937,127.0.0.1,36586,127.0.0.1,8080,0,benign
10.226619482040405,127.0.0.1,8080,127.0.0.1,36628,138,benign
10.235086917877197,127.0.0.1,36628,127.0.0.1,8080,0,benign
10.249861240386963,127.0.0.1,8080,127.0.0.1,36600,56,benign
10.256770372390747,127.0.0.1,36600,127.0.0.1,8080,0,benign
10.261229038238525,127.0.0.1,8080,127.0.0.1,36628,56,benign
10.28742003440857,127.0.0.1,36628,127.0.0.1,8080,0,benign
10.304916620254517,127.0.0.1,8080,127.0.0.1,36612,138,benign
10.310529708862305,127.0.0.1,36612,127.0.0.1,8080,0,benign
10.32587742805481,127.0.0.1,8080,127.0.0.1,36634,138,benign
10.330843687057495,127.0.0.1,36634,127.0.0.1,8080,0,benign
10.33694338798523,127.0.0.1,8080,127.0.0.1,36634,56,benign
10.341266870498657,127.0.0.1,36634,127.0.0.1,8080,0,benign
10.348881244659424,127.0.0.1,36716,127.0.0.1,8080,0,benign
10.367868185043335,127.0.0.1,8080,127.0.0.1,36716,0,benign
10.383817195892334,127.0.0.1,36716,127.0.0.1,8080,0,benign
10.402185916900635,127.0.0.1,36732,127.0.0.1,8080,0,benign
10.413997888565063,127.0.0.1,8080,127.0.0.1,36732,0,benign
10.431999921798706,127.0.0.1,36732,127.0.0.1,8080,0,benign
10.440428256988525,127.0.0.1,8080,127.0.0.1,36612,56,benign
10.455689907073975,127.0.0.1,36612,127.0.0.1,8080,0,benign
10.497885704040527,127.0.0.1,8080,127.0.0.1,36644,138,benign
10.613856315612793,127.0.0.1,36644,127.0.0.1,8080,0,benign
10.628826141357422,127.0.0.1,8080,127.0.0.1,36644,56,benign
10.67393445968628,127.0.0.1,36644,127.0.0.1,8080,0,benign
10.685590267181396,127.0.0.1,8080,127.0.0.1,36570,138,benign
10.691084146499634,127.0.0.1,36732,127.0.0.1,8080,163,benign
10.69701886177063,127.0.0.1,8080,127.0.0.1,36732,0,benign
10.713254690170288,127.0.0.1,8080,127.0.0.1,36658,138,benign
10.732780456542969,127.0.0.1,36658,127.0.0.1,8080,0,benign
10.737327814102173,127.0.0.1,36600,127.0.0.1,8080,163,benign
10.751013278961182,127.0.0.1,8080,127.0.0.1,36658,56,benign
10.755111932754517,127.0.0.1,36658,127.0.0.1,8080,0,benign
10.75966191291809,127.0.0.1,36746,127.0.0.1,8080,0,benign
10.771485090255737,127.0.0.1,8080,127.0.0.1,36746,0,benign
10.775867462158203,127.0.0.1,36746,127.0.0.1,8080,0,benign
10.779873847961426,127.0.0.1,8080,127.0.0.1,36666,138,benign
10.787356853485107,127.0.0.1,36666,127.0.0.1,8080,0,benign
10.79387640953064,127.0.0.1,8080,127.0.0.1,36666,56,benign
10.800221681594849,127.0.0.1,36666,127.0.0.1,8080,0,benign
10.811147928237915,127.0.0.1,36752,127.0.0.1,8080,0,benign
10.815739154815674,127.0.0.1,8080,127.0.0.1,36752,0,benign
10.819758653640747,127.0.0.1,36752,127.0.0.1,8080,0,benign
10.825321197509766,127.0.0.1,36746,127.0.0.1,8080,163,benign
10.830999851226807,127.0.0.1,36716,127.0.0.1,8080,163,benign
10.834393978118896,127.0.0.1,8080,127.0.0.1,36746,0,benign
10.837433815002441,127.0.0.1,8080,127.0.0.1,36716,0,benign
10.844091415405273,127.0.0.1,8080,127.0.0.1,36680,138,benign
10.856689214706421,127.0.0.1,36680,127.0.0.1,8080,0,benign
10.859720945358276,127.0.0.1,8080,127.0.0.1,36680,56,benign
10.862946510314941,127.0.0.1,36680,127.0.0.1,8080,0,benign
10.866657972335815,127.0.0.1,36752,127.0.0.1,8080,163,benign
10.86980676651001,127.0.0.1,8080,127.0.0.1,36752,0,benign
10.873661994934082,127.0.0.1,36758,127.0.0.1,8080,0,benign
10.880506038665771,127.0.0.1,8080,127.0.0.1,36758,0,benign
10.883733987808228,127.0.0.1,36758,127.0.0.1,8080,0,benign
10.89709186553955,127.0.0.1,8080,127.0.0.1,36692,138,benign
10.910851240158081,127.0.0.1,36692,127.0.0.1,8080,0,benign
10.917258739471436,127.0.0.1,36644,127.0.0.1,8080,163,benign
10.921252489089966,127.0.0.1,8080,127.0.0.1,36692,56,benign
10.924931526184082,127.0.0.1,36692,127.0.0.1,8080,0,benign
10.930121421813965,127.0.0.1,36634,127.0.0.1,8080,163,benign
10.937413215637207,127.0.0.1,8080,127.0.0.1,36600,138,benign
10.942548513412476,127.0.0.1,36680,127.0.0.1,8080,163,benign
10.946531295776367,127.0.0.1,8080,127.0.0.1,36680,0,benign
10.954440593719482,127.0.0.1,8080,127.0.0.1,36706,138,benign
10.960191488265991,127.0.0.1,36706,127.0.0.1,8080,0,benign
10.963000535964966,127.0.0.1,36758,127.0.0.1,8080,163,benign
10.965734720230103,127.0.0.1,8080,127.0.0.1,36758,0,benign
10.969155311584473,127.0.0.1,8080,127.0.0.1,36706,56,benign
10.977343082427979,127.0.0.1,36706,127.0.0.1,8080,0,benign
10.984708786010742,127.0.0.1,8080,127.0.0.1,36698,138,benign
10.991191148757935,127.0.0.1,36698,127.0.0.1,8080,0,benign
10.99642038345337,127.0.0.1,8080,127.0.0.1,36698,56,benign
11.003354549407959,127.0.0.1,36698,127.0.0.1,8080,0,benign
11.006711959838867,127.0.0.1,8080,127.0.0.1,36708,138,benign
11.019383192062378,127.0.0.1,36708,127.0.0.1,8080,0,benign
11.025062322616577,127.0.0.1,8080,127.0.0.1,36644,138,benign
11.032000064849854,127.0.0.1,8080,127.0.0.1,36680,138,benign
11.039159536361694,127.0.0.1,8080,127.0.0.1,36634,138,benign
11.042564153671265,127.0.0.1,8080,127.0.0.1,36708,56,benign
11.04749846458435,127.0.0.1,36708,127.0.0.1,8080,0,benign
11.056632995605469,127.0.0.1,36586,127.0.0.1,8080,163,benign
11.061004161834717,127.0.0.1,8080,127.0.0.1,36586,0,benign
11.065200090408325,127.0.0.1,8080,127.0.0.1,36586,194,benign
11.06840991973877,127.0.0.1,36586,127.0.0.1,8080,0,benign
11.083718538284302,127.0.0.1,36706,127.0.0.1,8080,163,benign
11.087774991989136,127.0.0.1,8080,127.0.0.1,36706,0,benign
11.093322277069092,127.0.0.1,36698,127.0.0.1,8080,163,benign
11.098117589950562,127.0.0.1,8080,127.0.0.1,36698,0,benign
11.101426839828491,127.0.0.1,8080,127.0.0.1,36706,138,benign
11.10387921333313,127.0.0.1,8080,127.0.0.1,36698,138,benign
11.106664419174194,127.0.0.1,36570,127.0.0.1,8080,0,benign
11.11004376411438,127.0.0.1,8080,127.0.0.1,36570,56,benign
11.114337682723999,127.0.0.1,36570,127.0.0.1,8080,0,benign
11.122613668441772,127.0.0.1,36708,127.0.0.1,8080,163,benign
11.134155511856079,127.0.0.1,8080,127.0.0.1,36708,0,benign
11.15041971206665,127.0.0.1,8080,127.0.0.1,36708,138,benign
11.159038305282593,127.0.0.1,36612,127.0.0.1,8080,163,benign
11.162606000900269,127.0.0.1,8080,127.0.0.1,36612,0,benign
11.165549755096436,127.0.0.1,36666,127.0.0.1,8080,163,benign
11.168802738189697,127.0.0.1,8080,127.0.0.1,36666,0,benign
11.17130422592163,127.0.0.1,8080,127.0.0.1,36612,138,benign
11.17649793624878,127.0.0.1,36612,127.0.0.1,8080,0,benign
11.180844068527222,127.0.0.1,8080,127.0.0.1,36612,56,benign
11.183552503585815,127.0.0.1,36612,127.0.0.1,8080,0,benign
11.187188148498535,127.0.0.1,36692,127.0.0.1,8080,163,benign
11.191966533660889,127.0.0.1,8080,127.0.0.1,36692,0,benign
11.197887659072876,127.0.0.1,8080,127.0.0.1,36666,194,benign
11.201363325119019,127.0.0.1,36666,127.0.0.1,8080,0,benign
11.20987844467163,127.0.0.1,8080,127.0.0.1,36692,138,benign
11.220707178115845,127.0.0.1,36570,127.0.0.1,8080,163,benign
11.23059868812561,127.0.0.1,8080,127.0.0.1,36570,138,benign
11.2400221824646,127.0.0.1,36600,127.0.0.1,8080,0,benign
11.24669337272644,127.0.0.1,8080,127.0.0.1,36600,56,benign
11.25324273109436,127.0.0.1,36586,127.0.0.1,8080,163,benign
11.256226539611816,127.0.0.1,36600,127.0.0.1,8080,0,benign
11.25989055633545,127.0.0.1,36666,127.0.0.1,8080,163,benign
11.26282787322998,127.0.0.1,8080,127.0.0.1,36586,138,benign
11.267030715942383,127.0.0.1,36600,127.0.0.1,8080,163,benign
11.272186040878296,127.0.0.1,36634,127.0.0.1,8080,0,benign
11.2754967212677,127.0.0.1,36680,127.0.0.1,8080,0,benign
11.28017258644104,127.0.0.1,36644,127.0.0.1,8080,0,benign
11.283385276794434,127.0.0.1,8080,127.0.0.1,36680,56,benign
11.28708004951477,127.0.0.1,8080,127.0.0.1,36644,56,benign
11.290834665298462,127.0.0.1,36644,127.0.0.1,8080,0,benign
11.296495914459229,127.0.0.1,36680,127.0.0.1,8080,0,benign
11.300866842269897,127.0.0.1,8080,127.0.0.1,36600,138,benign
11.307953596115112,127.0.0.1,8080,127.0.0.1,36666,138,benign
11.311004161834717,127.0.0.1,8080,127.0.0.1,36634,56,benign
11.313453197479248,127.0.0.1,36634,127.0.0.1,8080,0,benign
11.317139148712158,127.0.0.1,36612,127.0.0.1,8080,163,benign
11.324282884597778,127.0.0.1,36628,127.0.0.1,8080,163,benign
11.329551935195923,127.0.0.1,36706,127.0.0.1,8080,0,benign
11.33634352684021,127.0.0.1,8080,127.0.0.1,36698,56,benign
11.339777708053589,127.0.0.1,36698,127.0.0.1,8080,0,benign
11.345281839370728,127.0.0.1,8080,127.0.0.1,36612,138,benign
11.348174333572388,127.0.0.1,36658,127.0.0.1,8080,163,benign
11.355318307876587,127.0.0.1,8080,127.0.0.1,36658,0,benign
11.359242677688599,127.0.0.1,36708,127.0.0.1,8080,0,benign
11.367186069488525,127.0.0.1,8080,127.0.0.1,36706,56,benign
11.371111631393433,127.0.0.1,36706,127.0.0.1,8080,0,benign
11.37337350845337,127.0.0.1,8080,127.0.0.1,36628,138,benign
11.376116514205933,127.0.0.1,36628,127.0.0.1,8080,0,benign
11.378709554672241,127.0.0.1,8080,127.0.0.1,36628,56,benign
11.382728338241577,127.0.0.1,36628,127.0.0.1,8080,0,benign
11.392874956130981,127.0.0.1,36680,127.0.0.1,8080,163,benign
11.39823293685913,127.0.0.1,36698,127.0.0.1,8080,163,benign
11.402713298797607,127.0.0.1,8080,127.0.0.1,36658,138,benign
11.409300327301025,127.0.0.1,36658,127.0.0.1,8080,0,benign
11.417450904846191,127.0.0.1,8080,127.0.0.1,36658,56,benign
11.421883583068848,127.0.0.1,36658,127.0.0.1,8080,0,benign
11.425853490829468,127.0.0.1,8080,127.0.0.1,36708,56,benign
11.433942317962646,127.0.0.1,36708,127.0.0.1,8080,0,benign
11.437107563018799,127.0.0.1,36634,127.0.0.1,8080,163,benign
11.440306186676025,127.0.0.1,8080,127.0.0.1,36680,138,benign
11.445285558700562,127.0.0.1,8080,127.0.0.1,36698,138,benign
11.448762893676758,127.0.0.1,8080,127.0.0.1,36634,138,benign
11.451802492141724,127.0.0.1,36706,127.0.0.1,8080,163,benign
11.456515550613403,127.0.0.1,36570,127.0.0.1,8080,0,benign
11.469439029693604,127.0.0.1,36692,127.0.0.1,8080,0,benign
11.479755878448486,127.0.0.1,8080,127.0.0.1,36692,56,benign
11.484193086624146,127.0.0.1,36692,127.0.0.1,8080,0,benign
11.488409042358398,127.0.0.1,8080,127.0.0.1,36570,56,benign
11.492739200592041,127.0.0.1,36570,127.0.0.1,8080,0,benign
11.502916097640991,127.0.0.1,8080,127.0.0.1,36706,138,benign
11.509231328964233,127.0.0.1,36628,127.0.0.1,8080,163,benign
11.517486810684204,127.0.0.1,36570,127.0.0.1,8080,163,benign
11.523831605911255,127.0.0.1,8080,127.0.0.1,36628,138,benign
11.534723997116089,127.0.0.1,36692,127.0.0.1,8080,163,benign
11.545851945877075,127.0.0.1,8080,127.0.0.1,36570,138,benign
11.555015087127686,127.0.0.1,36586,127.0.0.1,8080,0,benign
11.566280126571655,127.0.0.1,8080,127.0.0.1,36586,56,benign
11.583343029022217,127.0.0.1,36586,127.0.0.1,8080,0,benign
11.588478088378906,127.0.0.1,8080,127.0.0.1,36692,138,benign
11.59395456314087,127.0.0.1,36708,127.0.0.1,8080,163,benign
11.596964359283447,127.0.0.1,36600,127.0.0.1,8080,0,benign
11.60517168045044,127.0.0.1,8080,127.0.0.1,36708,138,benign
11.613337278366089,127.0.0.1,36666,127.0.0.1,8080,0,benign
11.61796259880066,127.0.0.1,8080,127.0.0.1,36666,56,benign
11.620584964752197,127.0.0.1,8080,127.0.0.1,36600,56,benign
11.625657081604004,127.0.0.1,36600,127.0.0.1,8080,0,benign
11.62954568862915,127.0.0.1,36666,127.0.0.1,8080,0,benign
11.641034841537476,127.0.0.1,36586,127.0.0.1,8080,163,benign
11.653618812561035,127.0.0.1,36658,127.0.0.1,8080,163,benign
11.675687074661255,127.0.0.1,36770,127.0.0.1,8080,0,benign
11.692739248275757,127.0.0.1,8080,127.0.0.1,36770,0,benign
11.758503675460815,127.0.0.1,36770,127.0.0.1,8080,0,benign
11.791617393493652,127.0.0.1,36612,127.0.0.1,8080,0,benign
11.81786823272705,127.0.0.1,36770,127.0.0.1,8080,163,benign
11.838403224945068,127.0.0.1,8080,127.0.0.1,36770,0,benign
11.9102144241333,127.0.0.1,8080,127.0.0.1,36612,56,benign
11.956045866012573,127.0.0.1,36612,127.0.0.1,8080,0,benign
11.98173475265503,127.0.0.1,8080,127.0.0.1,36586,138,benign
12.02164363861084,127.0.0.1,8080,127.0.0.1,36658,138,benign
12.046727418899536,127.0.0.1,36600,127.0.0.1,8080,163,benign
12.052839994430542,127.0.0.1,36666,127.0.0.1,8080,163,benign
12.05596375465393,127.0.0.1,8080,127.0.0.1,36680,56,benign
12.059558868408203,127.0.0.1,36680,127.0.0.1,8080,0,benign
12.062891960144043,127.0.0.1,8080,127.0.0.1,36600,138,benign
12.06638789176941,127.0.0.1,8080,127.0.0.1,36666,138,benign
12.070646047592163,127.0.0.1,36554,127.0.0.1,8080,163,benign
12.075704097747803,127.0.0.1,8080,127.0.0.1,36554,0,benign
12.080153226852417,127.0.0.1,36644,127.0.0.1,8080,163,benign
12.084634780883789,127.0.0.1,36698,127.0.0.1,8080,0,benign
12.097191333770752,127.0.0.1,36634,127.0.0.1,8080,0,benign
12.106993913650513,127.0.0.1,36706,127.0.0.1,8080,0,benign
12.117995500564575,127.0.0.1,8080,127.0.0.1,36706,56,benign
12.136832475662231,127.0.0.1,8080,127.0.0.1,36634,56,benign
12.141335725784302,127.0.0.1,36706,127.0.0.1,8080,0,benign
12.144318103790283,127.0.0.1,8080,127.0.0.1,36698,56,benign
12.147389888763428,127.0.0.1,36634,127.0.0.1,8080,0,benign
12.152401208877563,127.0.0.1,8080,127.0.0.1,36554,138,benign
12.161612272262573,127.0.0.1,36554,127.0.0.1,8080,0,benign
12.170181274414062,127.0.0.1,36698,127.0.0.1,8080,0,benign
12.178473711013794,127.0.0.1,8080,127.0.0.1,36554,56,benign
12.182040214538574,127.0.0.1,36554,127.0.0.1,8080,0,benign
12.184561252593994,127.0.0.1,8080,127.0.0.1,36644,194,benign
12.187243938446045,127.0.0.1,36644,127.0.0.1,8080,0,benign
12.190053939819336,127.0.0.1,36644,127.0.0.1,8080,163,benign
12.193588256835938,127.0.0.1,36628,127.0.0.1,8080,0,benign
12.198249816894531,127.0.0.1,36570,127.0.0.1,8080,0,benign
12.202240228652954,127.0.0.1,8080,127.0.0.1,36628,56,benign
12.204957962036133,127.0.0.1,36628,127.0.0.1,8080,0,benign
12.208749771118164,127.0.0.1,8080,127.0.0.1,36570,56,benign
12.21146821975708,127.0.0.1,36570,127.0.0.1,8080,0,benign
12.21612000465393,127.0.0.1,36698,127.0.0.1,8080,163,benign
12.221179962158203,127.0.0.1,36692,127.0.0.1,8080,0,benign
12.226707696914673,127.0.0.1,8080,127.0.0.1,36692,56,benign
12.232460260391235,127.0.0.1,36692,127.0.0.1,8080,0,benign
12.235209226608276,127.0.0.1,36628,127.0.0.1,8080,163,benign
12.237924814224243,127.0.0.1,8080,127.0.0.1,36644,138,benign
12.241376638412476,127.0.0.1,8080,127.0.0.1,36708,56,benign
12.245486736297607,127.0.0.1,36708,127.0.0.1,8080,0,benign
12.24906063079834,127.0.0.1,8080,127.0.0.1,36698,138,benign
12.253910064697266,127.0.0.1,8080,127.0.0.1,36628,138,benign
12.260987997055054,127.0.0.1,36570,127.0.0.1,8080,163,benign
12.264312982559204,127.0.0.1,36692,127.0.0.1,8080,163,benign
12.266936779022217,127.0.0.1,8080,127.0.0.1,36570,138,benign
12.272355556488037,127.0.0.1,36554,127.0.0.1,8080,163,benign
12.27716851234436,127.0.0.1,8080,127.0.0.1,36692,138,benign
12.280746698379517,127.0.0.1,36658,127.0.0.1,8080,0,benign
12.284236431121826,127.0.0.1,36586,127.0.0.1,8080,0,benign
12.288457155227661,127.0.0.1,8080,127.0.0.1,36586,56,benign
12.2988862991333,127.0.0.1,36586,127.0.0.1,8080,0,benign
12.303933382034302,127.0.0.1,36708,127.0.0.1,8080,163,benign
12.308971643447876,127.0.0.1,8080,127.0.0.1,36658,56,benign
12.314321517944336,127.0.0.1,36658,127.0.0.1,8080,0,benign
12.323597431182861,127.0.0.1,8080,127.0.0.1,36554,138,benign
12.326769590377808,127.0.0.1,36778,127.0.0.1,8080,0,benign
12.329868078231812,127.0.0.1,8080,127.0.0.1,36778,0,benign
12.336567401885986,127.0.0.1,36778,127.0.0.1,8080,0,benign
12.339799165725708,127.0.0.1,8080,127.0.0.1,36708,138,benign
12.344098567962646,127.0.0.1,36778,127.0.0.1,8080,163,benign
12.34832501411438,127.0.0.1,8080,127.0.0.1,36778,0,benign
12.351206302642822,127.0.0.1,36666,127.0.0.1,8080,0,benign
12.355944156646729,127.0.0.1,36600,127.0.0.1,8080,0,benign
12.358962297439575,127.0.0.1,8080,127.0.0.1,36666,56,benign
12.361634492874146,127.0.0.1,8080,127.0.0.1,36600,56,benign
12.364591121673584,127.0.0.1,36666,127.0.0.1,8080,0,benign
12.3683762550354,127.0.0.1,36600,127.0.0.1,8080,0,benign
12.372648239135742,127.0.0.1,36680,127.0.0.1,8080,163,benign
12.376464366912842,127.0.0.1,8080,127.0.0.1,36680,194,benign
12.381139516830444,127.0.0.1,36600,127.0.0.1,8080,163,benign
12.385057926177979,127.0.0.1,36634,127.0.0.1,8080,163,benign
12.388646602630615,127.0.0.1,8080,127.0.0.1,36600,138,benign
12.394361734390259,127.0.0.1,8080,127.0.0.1,36634,194,benign
12.403663158416748,127.0.0.1,36634,127.0.0.1,8080,0,benign
12.407920122146606,127.0.0.1,36586,127.0.0.1,8080,163,benign
12.41183876991272,127.0.0.1,36680,127.0.0.1,8080,163,benign
12.414530754089355,127.0.0.1,8080,127.0.0.1,36680,138,benign
12.422921180725098,127.0.0.1,8080,127.0.0.1,36586,138,benign
12.430554151535034,127.0.0.1,36790,127.0.0.1,8080,0,benign
12.440592765808105,127.0.0.1,8080,127.0.0.1,36790,0,benign
12.453460693359375,127.0.0.1,36644,127.0.0.1,8080,0,benign
12.459828615188599,127.0.0.1,36698,127.0.0.1,8080,0,benign
12.46356987953186,127.0.0.1,36790,127.0.0.1,8080,0,benign
12.478882551193237,127.0.0.1,8080,127.0.0.1,36644,56,benign
12.49078917503357,127.0.0.1,36644,127.0.0.1,8080,0,benign
12.496340990066528,127.0.0.1,36658,127.0.0.1,8080,163,benign
12.500872611999512,127.0.0.1,36790,127.0.0.1,8080,163,benign
12.506823778152466,127.0.0.1,8080,127.0.0.1,36790,0,benign
12.513643264770508,127.0.0.1,36628,127.0.0.1,8080,0,benign
12.517167806625366,127.0.0.1,8080,127.0.0.1,36698,56,benign
12.519683837890625,127.0.0.1,36698,127.0.0.1,8080,0,benign
12.52374005317688,127.0.0.1,36666,127.0.0.1,8080,163,benign
12.529215335845947,127.0.0.1,8080,127.0.0.1,36658,138,benign
12.533583879470825,127.0.0.1,36692,127.0.0.1,8080,0,benign
12.539086818695068,127.0.0.1,36570,127.0.0.1,8080,0,benign
12.543377876281738,127.0.0.1,8080,127.0.0.1,36570,56,benign
12.547541618347168,127.0.0.1,36570,127.0.0.1,8080,0,benign
12.552483081817627,127.0.0.1,8080,127.0.0.1,36628,56,benign
12.564470767974854,127.0.0.1,36628,127.0.0.1,8080,0,benign
12.569705963134766,127.0.0.1,36706,127.0.0.1,8080,163,benign
12.573943138122559,127.0.0.1,8080,127.0.0.1,36692,56,benign
12.582582235336304,127.0.0.1,36692,127.0.0.1,8080,0,benign
12.598036289215088,127.0.0.1,8080,127.0.0.1,36666,138,benign
12.615942001342773,127.0.0.1,8080,127.0.0.1,36706,194,benign
12.620832920074463,127.0.0.1,36706,127.0.0.1,8080,0,benign
12.629292011260986,127.0.0.1,36692,127.0.0.1,8080,163,benign
12.639778852462769,127.0.0.1,36706,127.0.0.1,8080,163,benign
12.651191473007202,127.0.0.1,8080,127.0.0.1,36692,138,benign
12.660319805145264,127.0.0.1,36708,127.0.0.1,8080,0,benign
12.671885013580322,127.0.0.1,36554,127.0.0.1,8080,0,benign
12.674864053726196,127.0.0.1,8080,127.0.0.1,36708,56,benign
12.67715835571289,127.0.0.1,8080,127.0.0.1,36554,56,benign
12.679725885391235,127.0.0.1,36708,127.0.0.1,8080,0,benign
12.682717323303223,127.0.0.1,36554,127.0.0.1,8080,0,benign
12.689403533935547,127.0.0.1,8080,127.0.0.1,36706,138,benign
12.693728923797607,127.0.0.1,36570,127.0.0.1,8080,163,benign
12.696643829345703,127.0.0.1,36554,127.0.0.1,8080,163,benign
12.699479103088379,127.0.0.1,8080,127.0.0.1,36570,138,benign
12.702250480651855,127.0.0.1,8080,127.0.0.1,36554,138,benign
12.714143753051758,127.0.0.1,36800,127.0.0.1,8080,0,benign
12.726186513900757,127.0.0.1,8080,127.0.0.1,36800,0,benign
12.739673852920532,127.0.0.1,36800,127.0.0.1,8080,0,benign
12.747530460357666,127.0.0.1,36804,127.0.0.1,8080,0,benign
12.752751588821411,127.0.0.1,8080,127.0.0.1,36804,0,benign
12.757961750030518,127.0.0.1,36804,127.0.0.1,8080,0,benign
12.770344495773315,127.0.0.1,36800,127.0.0.1,8080,163,benign
12.773558616638184,127.0.0.1,8080,127.0.0.1,36800,0,benign
12.776100873947144,127.0.0.1,36814,127.0.0.1,8080,0,benign
12.78147578239441,127.0.0.1,36824,127.0.0.1,8080,0,benign
12.786782503128052,127.0.0.1,8080,127.0.0.1,36814,0,benign
12.799938678741455,127.0.0.1,8080,127.0.0.1,36824,0,benign
12.81226921081543,127.0.0.1,36814,127.0.0.1,8080,0,benign
12.822145223617554,127.0.0.1,36824,127.0.0.1,8080,0,benign
12.837917566299438,127.0.0.1,36586,127.0.0.1,8080,0,benign
12.84363842010498,127.0.0.1,36600,127.0.0.1,8080,0,benign
12.864932775497437,127.0.0.1,36680,127.0.0.1,8080,0,benign
12.875818014144897,127.0.0.1,8080,127.0.0.1,36586,56,benign
12.879088401794434,127.0.0.1,36586,127.0.0.1,8080,0,benign
12.885080337524414,127.0.0.1,8080,127.0.0.1,36680,56,benign
12.894352674484253,127.0.0.1,8080,127.0.0.1,36600,56,benign
12.898058891296387,127.0.0.1,36680,127.0.0.1,8080,0,benign
12.901657819747925,127.0.0.1,36600,127.0.0.1,8080,0,benign
12.908938646316528,127.0.0.1,36698,127.0.0.1,8080,163,benign
12.913548707962036,127.0.0.1,36804,127.0.0.1,8080,163,benign
12.917404651641846,127.0.0.1,8080,127.0.0.1,36804,0,benign
12.924388647079468,127.0.0.1,8080,127.0.0.1,36698,138,benign
12.930620908737183,127.0.0.1,36814,127.0.0.1,8080,163,benign
12.93359375,127.0.0.1,8080,127.0.0.1,36814,0,benign
12.936793327331543,127.0.0.1,36680,127.0.0.1,8080,163,benign
12.941908597946167,127.0.0.1,36658,127.0.0.1,8080,0,benign
12.94931674003601,127.0.0.1,36824,127.0.0.1,8080,163,benign
12.964512825012207,127.0.0.1,8080,127.0.0.1,36658,56,benign
12.985092878341675,127.0.0.1,8080,127.0.0.1,36824,0,benign
12.994457006454468,127.0.0.1,36658,127.0.0.1,8080,0,benign
13.005406618118286,127.0.0.1,8080,127.0.0.1,36680,138,benign
13.015202760696411,127.0.0.1,36586,127.0.0.1,8080,163,benign
13.030824422836304,127.0.0.1,36658,127.0.0.1,8080,163,benign
13.038864850997925,127.0.0.1,8080,127.0.0.1,36586,138,benign
13.045076847076416,127.0.0.1,8080,127.0.0.1,36666,56,benign
13.052099227905273,127.0.0.1,36666,127.0.0.1,8080,0,benign
13.055097341537476,127.0.0.1,8080,127.0.0.1,36658,138,benign
13.058041095733643,127.0.0.1,36708,127.0.0.1,8080,163,benign
13.060717582702637,127.0.0.1,36692,127.0.0.1,8080,0,benign
13.06450605392456,127.0.0.1,8080,127.0.0.1,36692,56,benign
13.067455768585205,127.0.0.1,36692,127.0.0.1,8080,0,benign
13.070226669311523,127.0.0.1,36600,127.0.0.1,8080,163,benign
13.072772979736328,127.0.0.1,8080,127.0.0.1,36708,138,benign
13.090175151824951,127.0.0.1,36706,127.0.0.1,8080,0,benign
13.094489336013794,127.0.0.1,36634,127.0.0.1,8080,163,benign
13.09725022315979,127.0.0.1,8080,127.0.0.1,36600,138,benign
13.10084843635559,127.0.0.1,36570,127.0.0.1,8080,0,benign
13.106666803359985,127.0.0.1,8080,127.0.0.1,36706,56,benign
13.111522436141968,127.0.0.1,8080,127.0.0.1,36570,56,benign
13.121012926101685,127.0.0.1,36570,127.0.0.1,8080,0,benign
13.125240325927734,127.0.0.1,8080,127.0.0.1,36634,138,benign
13.128599405288696,127.0.0.1,36634,127.0.0.1,8080,0,benign
13.136061668395996,127.0.0.1,36706,127.0.0.1,8080,0,benign
13.14441442489624,127.0.0.1,8080,127.0.0.1,36634,56,benign
13.147423028945923,127.0.0.1,36634,127.0.0.1,8080,0,benign
13.153412580490112,127.0.0.1,36628,127.0.0.1,8080,163,benign
13.165731191635132,127.0.0.1,36554,127.0.0.1,8080,0,benign
13.170763492584229,127.0.0.1,8080,127.0.0.1,36554,56,benign
13.173511266708374,127.0.0.1,36554,127.0.0.1,8080,0,benign
13.180250644683838,127.0.0.1,8080,127.0.0.1,36628,194,benign
13.186628341674805,127.0.0.1,36628,127.0.0.1,8080,0,benign
13.193022012710571,127.0.0.1,36666,127.0.0.1,8080,163,benign
13.199043035507202,127.0.0.1,8080,127.0.0.1,36666,138,benign
13.201893091201782,127.0.0.1,36628,127.0.0.1,8080,163,benign
13.206675291061401,127.0.0.1,36828,127.0.0.1,8080,0,benign
13.21192216873169,127.0.0.1,8080,127.0.0.1,36828,0,benign
13.215509414672852,127.0.0.1,36828,127.0.0.1,8080,0,benign
13.232422351837158,127.0.0.1,36828,127.0.0.1,8080,163,benign
13.24019193649292,127.0.0.1,8080,127.0.0.1,36828,0,benign
13.24382495880127,127.0.0.1,8080,127.0.0.1,36628,138,benign
13.246572732925415,127.0.0.1,36698,127.0.0.1,8080,0,benign
13.252358198165894,127.0.0.1,8080,127.0.0.1,36698,56,benign
13.30458116531372,127.0.0.1,36698,127.0.0.1,8080,0,benign
13.30919623374939,127.0.0.1,36680,127.0.0.1,8080,0,benign
13.317405462265015,127.0.0.1,8080,127.0.0.1,36680,56,benign
13.322856664657593,127.0.0.1,36680,127.0.0.1,8080,0,benign
13.32616925239563,127.0.0.1,36706,127.0.0.1,8080,163,benign
13.33633279800415,127.0.0.1,36680,127.0.0.1,8080,163,benign
13.34344744682312,127.0.0.1,8080,127.0.0.1,36706,138,benign
13.34859561920166,127.0.0.1,36586,127.0.0.1,8080,0,benign
13.352480173110962,127.0.0.1,8080,127.0.0.1,36586,56,benign
13.359419345855713,127.0.0.1,36586,127.0.0.1,8080,0,benign
13.364494800567627,127.0.0.1,8080,127.0.0.1,36658,56,benign
13.36944842338562,127.0.0.1,8080,127.0.0.1,36680,138,benign
13.37903618812561,127.0.0.1,36658,127.0.0.1,8080,0,benign
13.402742147445679,127.0.0.1,36554,127.0.0.1,8080,163,benign
13.419268131256104,127.0.0.1,36658,127.0.0.1,8080,163,benign
13.42223072052002,127.0.0.1,36708,127.0.0.1,8080,0,benign
13.427063941955566,127.0.0.1,8080,127.0.0.1,36554,138,benign
13.441767454147339,127.0.0.1,8080,127.0.0.1,36658,138,benign
13.449377298355103,127.0.0.1,36698,127.0.0.1,8080,163,benign
13.45676875114441,127.0.0.1,8080,127.0.0.1,36708,56,benign
13.464997291564941,127.0.0.1,36708,127.0.0.1,8080,0,benign
13.468132257461548,127.0.0.1,8080,127.0.0.1,36698,138,benign
13.470520973205566,127.0.0.1,8080,127.0.0.1,36600,56,benign
13.475708961486816,127.0.0.1,36600,127.0.0.1,8080,0,benign
13.47988224029541,127.0.0.1,36842,127.0.0.1,8080,0,benign
13.48481297492981,127.0.0.1,8080,127.0.0.1,36842,0,benign
13.489090204238892,127.0.0.1,36842,127.0.0.1,8080,0,benign
13.492935419082642,127.0.0.1,36842,127.0.0.1,8080,163,benign
13.498787641525269,127.0.0.1,8080,127.0.0.1,36842,0,benign
13.503409385681152,127.0.0.1,8080,127.0.0.1,36666,56,benign
13.507308721542358,127.0.0.1,36666,127.0.0.1,8080,0,benign
13.510685205459595,127.0.0.1,36600,127.0.0.1,8080,163,benign
13.520545482635498,127.0.0.1,36586,127.0.0.1,8080,163,benign
13.535438060760498,127.0.0.1,8080,127.0.0.1,36600,138,benign
13.54202938079834,127.0.0.1,36628,127.0.0.1,8080,0,benign
13.54769778251648,127.0.0.1,8080,127.0.0.1,36628,56,benign
13.552427291870117,127.0.0.1,36628,127.0.0.1,8080,0,benign
13.557448148727417,127.0.0.1,36644,127.0.0.1,8080,163,benign
13.561334371566772,127.0.0.1,8080,127.0.0.1,36586,138,benign
13.564276695251465,127.0.0.1,8080,127.0.0.1,36644,194,benign
13.567081212997437,127.0.0.1,36644,127.0.0.1,8080,0,benign
13.569477081298828,127.0.0.1,36644,127.0.0.1,8080,163,benign
13.573148965835571,127.0.0.1,36692,127.0.0.1,8080,163,benign
13.57623028755188,127.0.0.1,36706,127.0.0.1,8080,0,benign
13.586277484893799,127.0.0.1,8080,127.0.0.1,36680,56,benign
13.593244552612305,127.0.0.1,36680,127.0.0.1,8080,0,benign
13.607918739318848,127.0.0.1,8080,127.0.0.1,36644,138,benign
13.627420663833618,127.0.0.1,8080,127.0.0.1,36706,56,benign
13.633542537689209,127.0.0.1,36706,127.0.0.1,8080,0,benign
13.641973495483398,127.0.0.1,8080,127.0.0.1,36692,138,benign
13.646282196044922,127.0.0.1,36692,127.0.0.1,8080,0,benign
13.649982929229736,127.0.0.1,8080,127.0.0.1,36692,56,benign
13.662075281143188,127.0.0.1,36692,127.0.0.1,8080,0,benign
13.669321060180664,127.0.0.1,36658,127.0.0.1,8080,0,benign
13.67270278930664,127.0.0.1,36554,127.0.0.1,8080,0,benign
13.675625562667847,127.0.0.1,8080,127.0.0.1,36658,56,benign
13.678951025009155,127.0.0.1,36658,127.0.0.1,8080,0,benign
13.681635856628418,127.0.0.1,36698,127.0.0.1,8080,0,benign
13.68431544303894,127.0.0.1,8080,127.0.0.1,36554,56,benign
13.68683934211731,127.0.0.1,36554,127.0.0.1,8080,0,benign
13.690293788909912,127.0.0.1,8080,127.0.0.1,36698,56,benign
13.69357943534851,127.0.0.1,36698,127.0.0.1,8080,0,benign
13.702441453933716,127.0.0.1,36554,127.0.0.1,8080,163,benign
13.707319498062134,127.0.0.1,8080,127.0.0.1,36554,138,benign
13.710525751113892,127.0.0.1,36680,127.0.0.1,8080,163,benign
13.717557907104492,127.0.0.1,8080,127.0.0.1,36600,56,benign
13.72186279296875,127.0.0.1,36600,127.0.0.1,8080,0,benign
13.725621461868286,127.0.0.1,36666,127.0.0.1,8080,163,benign
13.731244325637817,127.0.0.1,8080,127.0.0.1,36680,138,benign
13.734723806381226,127.0.0.1,8080,127.0.0.1,36666,194,benign
13.741225481033325,127.0.0.1,36698,127.0.0.1,8080,163,benign
13.747764825820923,127.0.0.1,36586,127.0.0.1,8080,0,benign
13.749961137771606,127.0.0.1,8080,127.0.0.1,36586,56,benign
13.75236463546753,127.0.0.1,36586,127.0.0.1,8080,0,benign
13.7547128200531,127.0.0.1,8080,127.0.0.1,36698,138,benign
13.7588529586792,127.0.0.1,36666,127.0.0.1,8080,163,benign
13.762311458587646,127.0.0.1,36570,127.0.0.1,8080,163,benign
13.765127897262573,127.0.0.1,8080,127.0.0.1,36666,138,benign
13.767946481704712,127.0.0.1,36634,127.0.0.1,8080,163,benign
13.77280068397522,127.0.0.1,8080,127.0.0.1,36570,138,benign
13.782115936279297,127.0.0.1,36570,127.0.0.1,8080,0,benign
13.787572860717773,127.0.0.1,8080,127.0.0.1,36570,56,benign
13.791576623916626,127.0.0.1,36570,127.0.0.1,8080,0,benign
13.794682025909424,127.0.0.1,8080,127.0.0.1,36634,194,benign
13.796932220458984,127.0.0.1,36634,127.0.0.1,8080,0,benign
13.799805641174316,127.0.0.1,36644,127.0.0.1,8080,0,benign
13.80515742301941,127.0.0.1,8080,127.0.0.1,36644,56,benign
13.808716297149658,127.0.0.1,36644,127.0.0.1,8080,0,benign
13.811593055725098,127.0.0.1,36586,127.0.0.1,8080,163,benign
13.814091682434082,127.0.0.1,36600,127.0.0.1,8080,163,benign
13.816803693771362,127.0.0.1,36554,127.0.0.1,8080,0,benign
13.819520473480225,127.0.0.1,8080,127.0.0.1,36554,56,benign
13.822006940841675,127.0.0.1,36554,127.0.0.1,8080,0,benign
13.824957132339478,127.0.0.1,8080,127.0.0.1,36586,138,benign
13.83108401298523,127.0.0.1,8080,127.0.0.1,36600,138,benign
13.8333580493927,127.0.0.1,36634,127.0.0.1,8080,163,benign
13.836129426956177,127.0.0.1,36680,127.0.0.1,8080,0,benign
13.838494062423706,127.0.0.1,36554,127.0.0.1,8080,163,benign
13.848383665084839,127.0.0.1,8080,127.0.0.1,36680,56,benign
13.857099056243896,127.0.0.1,36680,127.0.0.1,8080,0,benign
13.866354942321777,127.0.0.1,36570,127.0.0.1,8080,163,benign
13.873059034347534,127.0.0.1,8080,127.0.0.1,36634,138,benign
13.879320621490479,127.0.0.1,8080,127.0.0.1,36554,138,benign
13.886724710464478,127.0.0.1,8080,127.0.0.1,36570,138,benign
13.890336513519287,127.0.0.1,36658,127.0.0.1,8080,163,benign
13.894360303878784,127.0.0.1,36612,127.0.0.1,8080,163,benign
13.89701223373413,127.0.0.1,36698,127.0.0.1,8080,0,benign
13.900242567062378,127.0.0.1,8080,127.0.0.1,36698,56,benign
13.905254125595093,127.0.0.1,36698,127.0.0.1,8080,0,benign
13.908447027206421,127.0.0.1,8080,127.0.0.1,36658,138,benign
13.916756868362427,127.0.0.1,36658,127.0.0.1,8080,0,benign
13.924931764602661,127.0.0.1,8080,127.0.0.1,36658,56,benign
13.935685873031616,127.0.0.1,36658,127.0.0.1,8080,0,benign
13.940425872802734,127.0.0.1,8080,127.0.0.1,36612,194,benign
13.942848920822144,127.0.0.1,36612,127.0.0.1,8080,0,benign
13.955220222473145,127.0.0.1,36666,127.0.0.1,8080,0,benign
13.964439392089844,127.0.0.1,8080,127.0.0.1,36666,56,benign
13.987100601196289,127.0.0.1,36666,127.0.0.1,8080,0,benign
13.99532413482666,127.0.0.1,36644,127.0.0.1,8080,163,benign
14.014955520629883,127.0.0.1,36612,127.0.0.1,8080,163,benign
14.037034511566162,127.0.0.1,8080,127.0.0.1,36644,138,benign
14.044249773025513,127.0.0.1,36644,127.0.0.1,8080,0,benign
14.048841953277588,127.0.0.1,8080,127.0.0.1,36644,56,benign
14.052438497543335,127.0.0.1,36644,127.0.0.1,8080,0,benign
14.058567523956299,127.0.0.1,8080,127.0.0.1,36600,56,benign
14.066108703613281,127.0.0.1,8080,127.0.0.1,36612,138,benign
14.09776258468628,127.0.0.1,36600,127.0.0.1,8080,0,benign
14.107107877731323,127.0.0.1,36658,127.0.0.1,8080,163,benign
14.118143320083618,127.0.0.1,36586,127.0.0.1,8080,0,benign
14.126153707504272,127.0.0.1,8080,127.0.0.1,36586,56,benign
14.135534524917603,127.0.0.1,36586,127.0.0.1,8080,0,benign
14.155222415924072,127.0.0.1,36666,127.0.0.1,8080,163,benign
14.185003757476807,127.0.0.1,8080,127.0.0.1,36658,138,benign
14.207303047180176,127.0.0.1,8080,127.0.0.1,36666,138,benign
14.228027582168579,127.0.0.1,36554,127.0.0.1,8080,0,benign
14.257480382919312,127.0.0.1,36634,127.0.0.1,8080,0,benign
14.266336441040039,127.0.0.1,8080,127.0.0.1,36634,56,benign
14.277412414550781,127.0.0.1,36634,127.0.0.1,8080,0,benign
14.28947639465332,127.0.0.1,36586,127.0.0.1,8080,163,benign
14.296400547027588,127.0.0.1,36570,127.0.0.1,8080,0,benign
14.30140471458435,127.0.0.1,8080,127.0.0.1,36554,56,benign
14.30626654624939,127.0.0.1,8080,127.0.0.1,36570,56,benign
14.31755518913269,127.0.0.1,36554,127.0.0.1,8080,0,benign
14.327379703521729,127.0.0.1,36570,127.0.0.1,8080,0,benign
14.339699268341064,127.0.0.1,8080,127.0.0.1,36586,138,benign
14.346352100372314,127.0.0.1,36600,127.0.0.1,8080,163,benign
14.370072603225708,127.0.0.1,36570,127.0.0.1,8080,163,benign
14.379619121551514,127.0.0.1,8080,127.0.0.1,36600,138,benign
14.386463642120361,127.0.0.1,36554,127.0.0.1,8080,163,benign
14.390779972076416,127.0.0.1,36680,127.0.0.1,8080,163,benign
14.402843952178955,127.0.0.1,8080,127.0.0.1,36570,138,benign
14.429645299911499,127.0.0.1,36634,127.0.0.1,8080,163,benign
14.444079875946045,127.0.0.1,8080,127.0.0.1,36554,138,benign
14.472745656967163,127.0.0.1,8080,127.0.0.1,36680,138,benign
14.503560304641724,127.0.0.1,36680,127.0.0.1,8080,0,benign
14.519812107086182,127.0.0.1,8080,127.0.0.1,36680,56,benign
14.53464150428772,127.0.0.1,36680,127.0.0.1,8080,0,benign
14.544545412063599,127.0.0.1,8080,127.0.0.1,36634,138,benign
14.549232959747314,127.0.0.1,36698,127.0.0.1,8080,163,benign
14.553995132446289,127.0.0.1,36612,127.0.0.1,8080,0,benign
14.557515382766724,127.0.0.1,8080,127.0.0.1,36698,194,benign
14.562250137329102,127.0.0.1,36698,127.0.0.1,8080,0,benign
14.56917428970337,127.0.0.1,8080,127.0.0.1,36612,56,benign
14.573740482330322,127.0.0.1,36612,127.0.0.1,8080,0,benign
14.585099935531616,127.0.0.1,36658,127.0.0.1,8080,0,benign
14.588821411132812,127.0.0.1,36666,127.0.0.1,8080,0,benign
14.593250274658203,127.0.0.1,8080,127.0.0.1,36666,56,benign
14.598803997039795,127.0.0.1,36666,127.0.0.1,8080,0,benign
14.605132818222046,127.0.0.1,8080,127.0.0.1,36658,56,benign
14.608293056488037,127.0.0.1,36658,127.0.0.1,8080,0,benign
14.610816955566406,127.0.0.1,36644,127.0.0.1,8080,163,benign
14.614483833312988,127.0.0.1,36628,127.0.0.1,8080,163,benign
14.617179870605469,127.0.0.1,36692,127.0.0.1,8080,163,benign
14.625324010848999,127.0.0.1,8080,127.0.0.1,36644,138,benign
14.629885911941528,127.0.0.1,36644,127.0.0.1,8080,0,benign
14.636260509490967,127.0.0.1,8080,127.0.0.1,36644,56,benign
14.640291690826416,127.0.0.1,36644,127.0.0.1,8080,0,benign
14.642682790756226,127.0.0.1,36586,127.0.0.1,8080,0,benign
14.645342111587524,127.0.0.1,8080,127.0.0.1,36628,138,benign
14.650995254516602,127.0.0.1,36628,127.0.0.1,8080,0,benign
14.661147117614746,127.0.0.1,8080,127.0.0.1,36628,56,benign
14.666851043701172,127.0.0.1,36628,127.0.0.1,8080,0,benign
14.67068362236023,127.0.0.1,8080,127.0.0.1,36692,194,benign
14.67415165901184,127.0.0.1,36692,127.0.0.1,8080,0,benign
14.676749467849731,127.0.0.1,8080,127.0.0.1,36586,56,benign
14.680320739746094,127.0.0.1,36586,127.0.0.1,8080,0,benign
14.68423581123352,127.0.0.1,36612,127.0.0.1,8080,163,benign
14.6872239112854,127.0.0.1,8080,127.0.0.1,36612,138,benign
14.694422960281372,127.0.0.1,36666,127.0.0.1,8080,163,benign
14.704938888549805,127.0.0.1,36600,127.0.0.1,8080,0,benign
14.711050987243652,127.0.0.1,8080,127.0.0.1,36600,56,benign
14.714048624038696,127.0.0.1,36600,127.0.0.1,8080,0,benign
14.718307971954346,127.0.0.1,8080,127.0.0.1,36570,56,benign
14.725427627563477,127.0.0.1,36570,127.0.0.1,8080,0,benign
14.734962701797485,127.0.0.1,8080,127.0.0.1,36666,138,benign
14.74065351486206,127.0.0.1,36698,127.0.0.1,8080,163,benign
14.74611520767212,127.0.0.1,8080,127.0.0.1,36554,56,benign
14.750835180282593,127.0.0.1,36554,127.0.0.1,8080,0,benign
14.75380253791809,127.0.0.1,8080,127.0.0.1,36698,138,benign
14.756807565689087,127.0.0.1,36680,127.0.0.1,8080,163,benign
14.759729623794556,127.0.0.1,36600,127.0.0.1,8080,163,benign
14.762023210525513,127.0.0.1,36634,127.0.0.1,8080,0,benign
14.765740633010864,127.0.0.1,8080,127.0.0.1,36634,56,benign
14.769078969955444,127.0.0.1,36634,127.0.0.1,8080,0,benign
14.775103330612183,127.0.0.1,36692,127.0.0.1,8080,163,benign
14.779545783996582,127.0.0.1,8080,127.0.0.1,36680,138,benign
14.787766218185425,127.0.0.1,36554,127.0.0.1,8080,163,benign
14.791097640991211,127.0.0.1,8080,127.0.0.1,36680,56,benign
14.79466438293457,127.0.0.1,36680,127.0.0.1,8080,0,benign
14.799712896347046,127.0.0.1,8080,127.0.0.1,36600,138,benign
14.804624795913696,127.0.0.1,36708,127.0.0.1,8080,163,benign
14.809098482131958,127.0.0.1,36658,127.0.0.1,8080,163,benign
14.814296245574951,127.0.0.1,36634,127.0.0.1,8080,163,benign
14.82052230834961,127.0.0.1,36612,127.0.0.1,8080,0,benign
14.831118822097778,127.0.0.1,8080,127.0.0.1,36612,56,benign
14.841587781906128,127.0.0.1,36612,127.0.0.1,8080,0,benign
14.848012208938599,127.0.0.1,36586,127.0.0.1,8080,163,benign
14.850815534591675,127.0.0.1,36666,127.0.0.1,8080,0,benign
14.85392713546753,127.0.0.1,8080,127.0.0.1,36666,56,benign
14.856843709945679,127.0.0.1,36666,127.0.0.1,8080,0,benign
14.869601964950562,127.0.0.1,8080,127.0.0.1,36692,138,benign
14.882695198059082,127.0.0.1,36698,127.0.0.1,8080,0,benign
14.89774775505066,127.0.0.1,8080,127.0.0.1,36698,56,benign
14.915086269378662,127.0.0.1,36698,127.0.0.1,8080,0,benign
14.932056665420532,127.0.0.1,8080,127.0.0.1,36554,138,benign
14.941058874130249,127.0.0.1,36706,127.0.0.1,8080,163,benign
14.946959495544434,127.0.0.1,8080,127.0.0.1,36658,138,benign
14.95035696029663,127.0.0.1,36658,127.0.0.1,8080,0,benign
14.953112602233887,127.0.0.1,8080,127.0.0.1,36658,56,benign
14.956005334854126,127.0.0.1,8080,127.0.0.1,36708,138,benign
14.9587881565094,127.0.0.1,36708,127.0.0.1,8080,0,benign
14.966169595718384,127.0.0.1,8080,127.0.0.1,36708,56,benign
14.97044062614441,127.0.0.1,36708,127.0.0.1,8080,0,benign
14.97704029083252,127.0.0.1,8080,127.0.0.1,36586,138,benign
14.9848153591156,127.0.0.1,8080,127.0.0.1,36586,56,benign
15.004497051239014,127.0.0.1,36666,127.0.0.1,8080,163,benign
15.029063701629639,127.0.0.1,36658,127.0.0.1,8080,0,benign
15.038465738296509,127.0.0.1,36586,127.0.0.1,8080,0,benign
15.045699119567871,127.0.0.1,8080,127.0.0.1,36634,138,benign
15.050249576568604,127.0.0.1,36698,127.0.0.1,8080,163,benign
15.059261322021484,127.0.0.1,8080,127.0.0.1,36706,138,benign
15.073671579360962,127.0.0.1,36706,127.0.0.1,8080,0,benign
15.085989475250244,127.0.0.1,8080,127.0.0.1,36706,56,benign
15.091865301132202,127.0.0.1,36706,127.0.0.1,8080,0,benign
15.09693694114685,127.0.0.1,8080,127.0.0.1,36600,56,benign
15.100197792053223,127.0.0.1,36600,127.0.0.1,8080,0,benign
15.103534460067749,127.0.0.1,8080,127.0.0.1,36666,138,benign
15.107084274291992,127.0.0.1,8080,127.0.0.1,36698,138,benign
15.111324071884155,127.0.0.1,36600,127.0.0.1,8080,163,benign
15.118386268615723,127.0.0.1,36586,127.0.0.1,8080,163,benign
15.123121976852417,127.0.0.1,8080,127.0.0.1,36600,138,benign
15.126407623291016,127.0.0.1,8080,127.0.0.1,36586,138,benign
15.131274461746216,127.0.0.1,36706,127.0.0.1,8080,163,benign
15.141437530517578,127.0.0.1,36708,127.0.0.1,8080,163,benign
15.146876096725464,127.0.0.1,8080,127.0.0.1,36706,138,benign
15.151127099990845,127.0.0.1,8080,127.0.0.1,36692,56,benign
15.16091799736023,127.0.0.1,36692,127.0.0.1,8080,0,benign
15.165233373641968,127.0.0.1,36612,127.0.0.1,8080,163,benign
15.170274257659912,127.0.0.1,36628,127.0.0.1,8080,163,benign
15.17998743057251,127.0.0.1,36554,127.0.0.1,8080,0,benign
15.193192481994629,127.0.0.1,8080,127.0.0.1,36708,138,benign
15.207399606704712,127.0.0.1,8080,127.0.0.1,36554,56,benign
15.214617252349854,127.0.0.1,36554,127.0.0.1,8080,0,benign
15.219354629516602,127.0.0.1,36644,127.0.0.1,8080,163,benign
15.222705841064453,127.0.0.1,8080,127.0.0.1,36612,138,benign
15.225477933883667,127.0.0.1,36634,127.0.0.1,8080,0,benign
15.228257656097412,127.0.0.1,36612,127.0.0.1,8080,0,benign
15.233526706695557,127.0.0.1,8080,127.0.0.1,36634,56,benign
15.24189019203186,127.0.0.1,36634,127.0.0.1,8080,0,benign
15.245592594146729,127.0.0.1,8080,127.0.0.1,36612,56,benign
15.253576040267944,127.0.0.1,36612,127.0.0.1,8080,0,benign
15.26210331916809,127.0.0.1,8080,127.0.0.1,36628,138,benign
15.269192218780518,127.0.0.1,36628,127.0.0.1,8080,0,benign
15.274430751800537,127.0.0.1,8080,127.0.0.1,36628,56,benign
15.278749227523804,127.0.0.1,36628,127.0.0.1,8080,0,benign
15.282686233520508,127.0.0.1,8080,127.0.0.1,36644,138,benign
15.285814046859741,127.0.0.1,36644,127.0.0.1,8080,0,benign
15.289942979812622,127.0.0.1,8080,127.0.0.1,36644,56,benign
15.299927949905396,127.0.0.1,36644,127.0.0.1,8080,0,benign
15.320021152496338,127.0.0.1,36680,127.0.0.1,8080,163,benign
15.332809448242188,127.0.0.1,8080,127.0.0.1,36680,138,benign
15.342995882034302,127.0.0.1,8080,127.0.0.1,36680,56,benign
15.348609685897827,127.0.0.1,36666,127.0.0.1,8080,0,benign
15.354081392288208,127.0.0.1,36698,127.0.0.1,8080,0,benign
15.366736888885498,127.0.0.1,36680,127.0.0.1,8080,0,benign
15.377613544464111,127.0.0.1,8080,127.0.0.1,36666,56,benign
15.403253316879272,127.0.0.1,8080,127.0.0.1,36698,56,benign
15.412901163101196,127.0.0.1,36692,127.0.0.1,8080,163,benign
15.416456699371338,127.0.0.1,36680,127.0.0.1,8080,163,benign
15.419663906097412,127.0.0.1,36698,127.0.0.1,8080,0,benign
15.433530330657959,127.0.0.1,36666,127.0.0.1,8080,0,benign
15.449137687683105,127.0.0.1,36600,127.0.0.1,8080,0,benign
15.465216875076294,127.0.0.1,8080,127.0.0.1,36692,138,benign
15.469855785369873,127.0.0.1,8080,127.0.0.1,36680,138,benign
15.472594499588013,127.0.0.1,36698,127.0.0.1,8080,163,benign
15.475516557693481,127.0.0.1,36586,127.0.0.1,8080,0,benign
15.47904920578003,127.0.0.1,8080,127.0.0.1,36698,138,benign
15.483167886734009,127.0.0.1,36666,127.0.0.1,8080,163,benign
15.488731622695923,127.0.0.1,8080,127.0.0.1,36600,56,benign
15.493622303009033,127.0.0.1,8080,127.0.0.1,36586,56,benign
15.500251054763794,127.0.0.1,8080,127.0.0.1,36666,138,benign
15.510501623153687,127.0.0.1,36600,127.0.0.1,8080,0,benign
15.514713764190674,127.0.0.1,36586,127.0.0.1,8080,0,benign
15.518123149871826,127.0.0.1,8080,127.0.0.1,36706,56,benign
15.522565603256226,127.0.0.1,36706,127.0.0.1,8080,0,benign
15.525617599487305,127.0.0.1,36634,127.0.0.1,8080,163,benign
15.532119989395142,127.0.0.1,36600,127.0.0.1,8080,163,benign
15.543691396713257,127.0.0.1,36644,127.0.0.1,8080,163,benign
15.548569202423096,127.0.0.1,8080,127.0.0.1,36634,138,benign
15.552973985671997,127.0.0.1,36706,127.0.0.1,8080,163,benign
15.555977821350098,127.0.0.1,36708,127.0.0.1,8080,0,benign
15.558520317077637,127.0.0.1,8080,127.0.0.1,36644,138,benign
15.561183452606201,127.0.0.1,8080,127.0.0.1,36600,138,benign
15.563763856887817,127.0.0.1,8080,127.0.0.1,36706,138,benign
15.56619930267334,127.0.0.1,8080,127.0.0.1,36708,56,benign
15.571802616119385,127.0.0.1,36708,127.0.0.1,8080,0,benign
15.574454545974731,127.0.0.1,36586,127.0.0.1,8080,163,benign
15.58123254776001,127.0.0.1,8080,127.0.0.1,36586,138,benign
15.585299968719482,127.0.0.1,36658,127.0.0.1,8080,163,benign
15.59280014038086,127.0.0.1,8080,127.0.0.1,36680,56,benign
15.5957932472229,127.0.0.1,36680,127.0.0.1,8080,0,benign
15.598328590393066,127.0.0.1,8080,127.0.0.1,36658,138,benign
15.602753162384033,127.0.0.1,8080,127.0.0.1,36658,56,benign
15.607597827911377,127.0.0.1,36692,127.0.0.1,8080,0,benign
15.613155603408813,127.0.0.1,36658,127.0.0.1,8080,0,benign
15.62039852142334,127.0.0.1,36666,127.0.0.1,8080,0,benign
15.625768184661865,127.0.0.1,36698,127.0.0.1,8080,0,benign
15.62843108177185,127.0.0.1,8080,127.0.0.1,36666,56,benign
15.631023168563843,127.0.0.1,8080,127.0.0.1,36692,56,benign
15.637433052062988,127.0.0.1,36692,127.0.0.1,8080,0,benign
15.640990972518921,127.0.0.1,8080,127.0.0.1,36698,56,benign
15.643510818481445,127.0.0.1,36698,127.0.0.1,8080,0,benign
15.649402379989624,127.0.0.1,36854,127.0.0.1,8080,0,benign
15.657490730285645,127.0.0.1,36666,127.0.0.1,8080,0,benign
15.663299083709717,127.0.0.1,8080,127.0.0.1,36854,0,benign
15.672110080718994,127.0.0.1,36854,127.0.0.1,8080,0,benign
15.680207967758179,127.0.0.1,36628,127.0.0.1,8080,163,benign
15.685860633850098,127.0.0.1,36698,127.0.0.1,8080,163,benign
15.688634157180786,127.0.0.1,36554,127.0.0.1,8080,163,benign
15.69174337387085,127.0.0.1,36854,127.0.0.1,8080,163,benign
15.694326639175415,127.0.0.1,8080,127.0.0.1,36854,0,benign
15.697568655014038,127.0.0.1,8080,127.0.0.1,36628,138,benign
15.700511932373047,127.0.0.1,36628,127.0.0.1,8080,0,benign
15.702972888946533,127.0.0.1,8080,127.0.0.1,36634,56,benign
15.705268859863281,127.0.0.1,36634,127.0.0.1,8080,0,benign
15.709405899047852,127.0.0.1,8080,127.0.0.1,36628,56,benign
15.714715242385864,127.0.0.1,36628,127.0.0.1,8080,0,benign
15.719199895858765,127.0.0.1,8080,127.0.0.1,36698,138,benign
15.722715139389038,127.0.0.1,8080,127.0.0.1,36554,138,benign
15.727298498153687,127.0.0.1,8080,127.0.0.1,36554,56,benign
15.733388662338257,127.0.0.1,36554,127.0.0.1,8080,0,benign
15.750192165374756,127.0.0.1,36600,127.0.0.1,8080,0,benign
15.754281282424927,127.0.0.1,36644,127.0.0.1,8080,0,benign
15.757682800292969,127.0.0.1,8080,127.0.0.1,36644,56,benign
15.760319948196411,127.0.0.1,8080,127.0.0.1,36706,56,benign
15.762753009796143,127.0.0.1,8080,127.0.0.1,36600,56,benign
15.765668392181396,127.0.0.1,36706,127.0.0.1,8080,0,benign
15.76999044418335,127.0.0.1,36600,127.0.0.1,8080,0,benign
15.78054141998291,127.0.0.1,36634,127.0.0.1,8080,163,benign
15.785031795501709,127.0.0.1,36644,127.0.0.1,8080,0,benign
15.788266658782959,127.0.0.1,8080,127.0.0.1,36634,138,benign
15.790786504745483,127.0.0.1,36612,127.0.0.1,8080,163,benign
15.794329643249512,127.0.0.1,36706,127.0.0.1,8080,163,benign
15.79753851890564,127.0.0.1,36570,127.0.0.1,8080,163,benign
15.80003833770752,127.0.0.1,8080,127.0.0.1,36612,194,benign
15.803022623062134,127.0.0.1,36612,127.0.0.1,8080,0,benign
15.80600643157959,127.0.0.1,8080,127.0.0.1,36586,56,benign
15.808498859405518,127.0.0.1,36586,127.0.0.1,8080,0,benign
15.81100869178772,127.0.0.1,8080,127.0.0.1,36706,138,benign
15.81346344947815,127.0.0.1,8080,127.0.0.1,36570,138,benign
15.81597352027893,127.0.0.1,8080,127.0.0.1,36570,56,benign
15.820055723190308,127.0.0.1,36600,127.0.0.1,8080,163,benign
15.831499099731445,127.0.0.1,36692,127.0.0.1,8080,163,benign
15.844907283782959,127.0.0.1,36570,127.0.0.1,8080,0,benign
15.849000692367554,127.0.0.1,36586,127.0.0.1,8080,163,benign
15.854674339294434,127.0.0.1,8080,127.0.0.1,36600,138,benign
15.86025357246399,127.0.0.1,8080,127.0.0.1,36692,138,benign
15.862995147705078,127.0.0.1,8080,127.0.0.1,36586,138,benign
15.865793466567993,127.0.0.1,36570,127.0.0.1,8080,163,benign
15.868654251098633,127.0.0.1,8080,127.0.0.1,36570,138,benign
15.871713399887085,127.0.0.1,36658,127.0.0.1,8080,163,benign
15.877873659133911,127.0.0.1,36698,127.0.0.1,8080,0,benign
15.898296117782593,127.0.0.1,8080,127.0.0.1,36698,56,benign
15.914520263671875,127.0.0.1,36698,127.0.0.1,8080,0,benign
15.917269945144653,127.0.0.1,8080,127.0.0.1,36658,138,benign
15.92384123802185,127.0.0.1,8080,127.0.0.1,36658,56,benign
15.933010339736938,127.0.0.1,36644,127.0.0.1,8080,163,benign
15.936591863632202,127.0.0.1,36658,127.0.0.1,8080,0,benign
15.93954610824585,127.0.0.1,36554,127.0.0.1,8080,163,benign
15.942180156707764,127.0.0.1,36634,127.0.0.1,8080,0,benign
15.949558973312378,127.0.0.1,8080,127.0.0.1,36644,138,benign
15.966288566589355,127.0.0.1,8080,127.0.0.1,36644,56,benign
15.970749855041504,127.0.0.1,36644,127.0.0.1,8080,0,benign
15.973581314086914,127.0.0.1,8080,127.0.0.1,36554,138,benign
15.976341009140015,127.0.0.1,8080,127.0.0.1,36554,56,benign
15.980901956558228,127.0.0.1,36658,127.0.0.1,8080,163,benign
15.989463567733765,127.0.0.1,8080,127.0.0.1,36634,56,benign
15.99465036392212,127.0.0.1,8080,127.0.0.1,36658,138,benign
15.998042583465576,127.0.0.1,36666,127.0.0.1,8080,163,benign
16.00115704536438,127.0.0.1,36634,127.0.0.1,8080,0,benign
16.00393033027649,127.0.0.1,36554,127.0.0.1,8080,0,benign
16.008561611175537,127.0.0.1,8080,127.0.0.1,36666,138,benign
16.011215925216675,127.0.0.1,8080,127.0.0.1,36666,56,benign
16.0140597820282,127.0.0.1,36666,127.0.0.1,8080,0,benign
16.017723560333252,127.0.0.1,36706,127.0.0.1,8080,0,benign
16.027579307556152,127.0.0.1,8080,127.0.0.1,36706,56,benign
16.03158211708069,127.0.0.1,36706,127.0.0.1,8080,0,benign
16.034816026687622,127.0.0.1,36666,127.0.0.1,8080,163,benign
16.044251918792725,127.0.0.1,36554,127.0.0.1,8080,163,benign
16.050095319747925,127.0.0.1,8080,127.0.0.1,36600,56,benign
16.06145143508911,127.0.0.1,8080,127.0.0.1,36666,138,benign
16.070258140563965,127.0.0.1,8080,127.0.0.1,36692,56,benign
16.08991503715515,127.0.0.1,36600,127.0.0.1,8080,0,benign
16.099949836730957,127.0.0.1,36692,127.0.0.1,8080,0,benign
16.11238431930542,127.0.0.1,8080,127.0.0.1,36554,138,benign
16.116404056549072,127.0.0.1,36644,127.0.0.1,8080,163,benign
16.120936393737793,127.0.0.1,36600,127.0.0.1,8080,163,benign
16.125102281570435,127.0.0.1,36628,127.0.0.1,8080,163,benign
16.128655672073364,127.0.0.1,8080,127.0.0.1,36644,138,benign
16.131977796554565,127.0.0.1,8080,127.0.0.1,36586,56,benign
16.13478946685791,127.0.0.1,36586,127.0.0.1,8080,0,benign
16.140017986297607,127.0.0.1,8080,127.0.0.1,36600,138,benign
16.143916606903076,127.0.0.1,36570,127.0.0.1,8080,0,benign
16.14816927909851,127.0.0.1,8080,127.0.0.1,36570,56,benign
16.151902675628662,127.0.0.1,8080,127.0.0.1,36628,138,benign
16.155815362930298,127.0.0.1,8080,127.0.0.1,36628,56,benign
16.160151720046997,127.0.0.1,36634,127.0.0.1,8080,163,benign
16.16908073425293,127.0.0.1,36628,127.0.0.1,8080,0,benign
16.173523426055908,127.0.0.1,36570,127.0.0.1,8080,0,benign
16.17685079574585,127.0.0.1,8080,127.0.0.1,36634,138,benign
16.179445505142212,127.0.0.1,36586,127.0.0.1,8080,163,benign
16.18430781364441,127.0.0.1,8080,127.0.0.1,36586,138,benign
16.188722372055054,127.0.0.1,36570,127.0.0.1,8080,163,benign
16.194721698760986,127.0.0.1,36698,127.0.0.1,8080,163,benign
16.19872808456421,127.0.0.1,8080,127.0.0.1,36570,138,benign
16.205535650253296,127.0.0.1,8080,127.0.0.1,36698,138,benign
16.211926460266113,127.0.0.1,36692,127.0.0.1,8080,163,benign
16.215365171432495,127.0.0.1,8080,127.0.0.1,36698,56,benign
16.21823287010193,127.0.0.1,36698,127.0.0.1,8080,0,benign
16.22081756591797,127.0.0.1,8080,127.0.0.1,36692,138,benign
16.235187292099,127.0.0.1,36658,127.0.0.1,8080,0,benign
16.24108624458313,127.0.0.1,8080,127.0.0.1,36658,56,benign
16.24552059173584,127.0.0.1,36658,127.0.0.1,8080,0,benign
16.248414278030396,127.0.0.1,36698,127.0.0.1,8080,163,benign
16.251147031784058,127.0.0.1,8080,127.0.0.1,36698,138,benign
16.254000186920166,127.0.0.1,36612,127.0.0.1,8080,163,benign
16.26404619216919,127.0.0.1,8080,127.0.0.1,36612,194,benign
16.269209384918213,127.0.0.1,36612,127.0.0.1,8080,0,benign
16.274027585983276,127.0.0.1,36666,127.0.0.1,8080,0,benign
16.27879238128662,127.0.0.1,8080,127.0.0.1,36666,56,benign
16.287732124328613,127.0.0.1,8080,127.0.0.1,36554,56,benign
16.2994704246521,127.0.0.1,36554,127.0.0.1,8080,0,benign
16.30717921257019,127.0.0.1,36666,127.0.0.1,8080,0,benign
16.31993293762207,127.0.0.1,8080,127.0.0.1,36644,56,benign
16.325992584228516,127.0.0.1,36644,127.0.0.1,8080,0,benign
16.341275930404663,127.0.0.1,36600,127.0.0.1,8080,0,benign
16.35055112838745,127.0.0.1,8080,127.0.0.1,36600,56,benign
16.358869791030884,127.0.0.1,36612,127.0.0.1,8080,163,benign
16.363317489624023,127.0.0.1,36600,127.0.0.1,8080,0,benign
16.36722493171692,127.0.0.1,36666,127.0.0.1,8080,163,benign
16.371217727661133,127.0.0.1,8080,127.0.0.1,36612,138,benign
16.37658429145813,127.0.0.1,8080,127.0.0.1,36634,56,benign
16.386554718017578,127.0.0.1,36634,127.0.0.1,8080,0,benign
16.392166137695312,127.0.0.1,36680,127.0.0.1,8080,163,benign
16.395244598388672,127.0.0.1,8080,127.0.0.1,36666,138,benign
16.401553869247437,127.0.0.1,36586,127.0.0.1,8080,0,benign
16.407392501831055,127.0.0.1,8080,127.0.0.1,36680,138,benign
16.41104006767273,127.0.0.1,8080,127.0.0.1,36680,56,benign
16.41373324394226,127.0.0.1,36680,127.0.0.1,8080,0,benign
16.416311025619507,127.0.0.1,36570,127.0.0.1,8080,0,benign
16.418795585632324,127.0.0.1,8080,127.0.0.1,36586,56,benign
16.425185680389404,127.0.0.1,36586,127.0.0.1,8080,0,benign
16.432792901992798,127.0.0.1,36644,127.0.0.1,8080,163,benign
16.44226050376892,127.0.0.1,8080,127.0.0.1,36570,56,benign
16.457568407058716,127.0.0.1,36570,127.0.0.1,8080,0,benign
16.462631225585938,127.0.0.1,36600,127.0.0.1,8080,163,benign
16.466132640838623,127.0.0.1,8080,127.0.0.1,36644,138,benign
16.477033376693726,127.0.0.1,8080,127.0.0.1,36600,138,benign
16.485785245895386,127.0.0.1,36692,127.0.0.1,8080,0,benign
16.489620208740234,127.0.0.1,8080,127.0.0.1,36692,56,benign
16.493351936340332,127.0.0.1,36692,127.0.0.1,8080,0,benign
16.500611305236816,127.0.0.1,36586,127.0.0.1,8080,163,benign
16.50728988647461,127.0.0.1,36570,127.0.0.1,8080,163,benign
16.516592741012573,127.0.0.1,36698,127.0.0.1,8080,0,benign
16.538751363754272,127.0.0.1,8080,127.0.0.1,36698,56,benign
16.545159339904785,127.0.0.1,36698,127.0.0.1,8080,0,benign
16.556569576263428,127.0.0.1,8080,127.0.0.1,36586,138,benign
16.588436603546143,127.0.0.1,8080,127.0.0.1,36570,138,benign
16.60092568397522,127.0.0.1,36680,127.0.0.1,8080,163,benign
16.618271589279175,127.0.0.1,36554,127.0.0.1,8080,163,benign
16.624515056610107,127.0.0.1,8080,127.0.0.1,36680,138,benign
16.63046360015869,127.0.0.1,36698,127.0.0.1,8080,163,benign
16.63347578048706,127.0.0.1,8080,127.0.0.1,36554,138,benign
16.638095378875732,127.0.0.1,8080,127.0.0.1,36554,56,benign
16.64084005355835,127.0.0.1,36554,127.0.0.1,8080,0,benign
16.643611907958984,127.0.0.1,8080,127.0.0.1,36698,138,benign
16.64846706390381,127.0.0.1,36612,127.0.0.1,8080,0,benign
16.65750479698181,127.0.0.1,8080,127.0.0.1,36612,56,benign
16.66686487197876,127.0.0.1,36612,127.0.0.1,8080,0,benign
16.675462245941162,127.0.0.1,36634,127.0.0.1,8080,163,benign
16.679776906967163,127.0.0.1,8080,127.0.0.1,36666,56,benign
16.684452295303345,127.0.0.1,36666,127.0.0.1,8080,0,benign
16.689122915267944,127.0.0.1,8080,127.0.0.1,36634,138,benign
16.692802667617798,127.0.0.1,8080,127.0.0.1,36634,56,benign
16.69759178161621,127.0.0.1,36634,127.0.0.1,8080,0,benign
16.702720165252686,127.0.0.1,36554,127.0.0.1,8080,163,benign
16.717336177825928,127.0.0.1,36666,127.0.0.1,8080,163,benign
16.7248592376709,127.0.0.1,8080,127.0.0.1,36554,138,benign
16.728378772735596,127.0.0.1,8080,127.0.0.1,36666,138,benign
16.73311686515808,127.0.0.1,36644,127.0.0.1,8080,0,benign
16.73635458946228,127.0.0.1,8080,127.0.0.1,36644,56,benign
16.740406036376953,127.0.0.1,36644,127.0.0.1,8080,0,benign
16.74531602859497,127.0.0.1,36600,127.0.0.1,8080,0,benign
16.747853994369507,127.0.0.1,8080,127.0.0.1,36600,56,benign
16.750277280807495,127.0.0.1,36600,127.0.0.1,8080,0,benign
16.755340576171875,127.0.0.1,36644,127.0.0.1,8080,163,benign
16.76226305961609,127.0.0.1,36708,127.0.0.1,8080,163,benign
16.79897713661194,127.0.0.1,36628,127.0.0.1,8080,163,benign
16.807124853134155,127.0.0.1,8080,127.0.0.1,36644,138,benign
16.812219381332397,127.0.0.1,36570,127.0.0.1,8080,0,benign
16.820461988449097,127.0.0.1,36586,127.0.0.1,8080,0,benign
16.824126482009888,127.0.0.1,8080,127.0.0.1,36586,56,benign
16.82672882080078,127.0.0.1,8080,127.0.0.1,36708,138,benign
16.829463243484497,127.0.0.1,36708,127.0.0.1,8080,0,benign
16.83216881752014,127.0.0.1,36858,127.0.0.1,8080,0,benign
16.8560311794281,127.0.0.1,8080,127.0.0.1,36858,0,benign
16.861868143081665,127.0.0.1,36858,127.0.0.1,8080,0,benign
16.865055799484253,127.0.0.1,8080,127.0.0.1,36708,56,benign
16.868327617645264,127.0.0.1,36708,127.0.0.1,8080,0,benign
16.874114751815796,127.0.0.1,36586,127.0.0.1,8080,0,benign
16.883917808532715,127.0.0.1,8080,127.0.0.1,36628,138,benign
16.88705277442932,127.0.0.1,8080,127.0.0.1,36628,56,benign
16.889782667160034,127.0.0.1,8080,127.0.0.1,36570,56,benign
16.89236569404602,127.0.0.1,36628,127.0.0.1,8080,0,benign
16.896994590759277,127.0.0.1,36570,127.0.0.1,8080,0,benign
16.900277137756348,127.0.0.1,36858,127.0.0.1,8080,163,benign
16.90783166885376,127.0.0.1,8080,127.0.0.1,36858,0,benign
16.912018060684204,127.0.0.1,36600,127.0.0.1,8080,163,benign
16.917553186416626,127.0.0.1,36680,127.0.0.1,8080,0,benign
16.929192304611206,127.0.0.1,36698,127.0.0.1,8080,0,benign
16.93637251853943,127.0.0.1,8080,127.0.0.1,36680,56,benign
16.939776182174683,127.0.0.1,36680,127.0.0.1,8080,0,benign
16.94330406188965,127.0.0.1,8080,127.0.0.1,36600,138,benign
16.947937965393066,127.0.0.1,8080,127.0.0.1,36698,56,benign
16.950965881347656,127.0.0.1,36692,127.0.0.1,8080,163,benign
16.955190181732178,127.0.0.1,36628,127.0.0.1,8080,163,benign
16.957671403884888,127.0.0.1,36698,127.0.0.1,8080,0,benign
16.96037721633911,127.0.0.1,36570,127.0.0.1,8080,163,benign
16.96464490890503,127.0.0.1,8080,127.0.0.1,36692,138,benign
16.969589233398438,127.0.0.1,8080,127.0.0.1,36692,56,benign
16.973326206207275,127.0.0.1,8080,127.0.0.1,36628,138,benign
16.980704307556152,127.0.0.1,36586,127.0.0.1,8080,163,benign
16.985467433929443,127.0.0.1,36698,127.0.0.1,8080,163,benign
16.998316287994385,127.0.0.1,36692,127.0.0.1,8080,0,benign
17.00312066078186,127.0.0.1,36554,127.0.0.1,8080,0,benign
17.006759881973267,127.0.0.1,8080,127.0.0.1,36570,138,benign
17.009424924850464,127.0.0.1,8080,127.0.0.1,36586,138,benign
17.013128995895386,127.0.0.1,8080,127.0.0.1,36698,138,benign
17.016316175460815,127.0.0.1,36666,127.0.0.1,8080,0,benign
17.021262645721436,127.0.0.1,8080,127.0.0.1,36554,56,benign
17.028547048568726,127.0.0.1,8080,127.0.0.1,36666,56,benign
17.03833770751953,127.0.0.1,36634,127.0.0.1,8080,163,benign
17.047322511672974,127.0.0.1,36554,127.0.0.1,8080,0,benign
17.054131507873535,127.0.0.1,36666,127.0.0.1,8080,0,benign
17.059374570846558,127.0.0.1,8080,127.0.0.1,36634,138,benign
17.06835675239563,127.0.0.1,8080,127.0.0.1,36634,56,benign
17.074150800704956,127.0.0.1,36612,127.0.0.1,8080,163,benign
17.08223557472229,127.0.0.1,8080,127.0.0.1,36612,194,benign
17.087456226348877,127.0.0.1,36612,127.0.0.1,8080,0,benign
17.090862035751343,127.0.0.1,8080,127.0.0.1,36644,56,benign
17.100192308425903,127.0.0.1,36644,127.0.0.1,8080,0,benign
17.113305807113647,127.0.0.1,36692,127.0.0.1,8080,163,benign
17.11960482597351,127.0.0.1,36634,127.0.0.1,8080,0,benign
17.13019824028015,127.0.0.1,36860,127.0.0.1,8080,0,benign
17.133204221725464,127.0.0.1,8080,127.0.0.1,36860,0,benign
17.13557243347168,127.0.0.1,36860,127.0.0.1,8080,0,benign
17.139024257659912,127.0.0.1,36862,127.0.0.1,8080,0,benign
17.143872499465942,127.0.0.1,8080,127.0.0.1,36862,0,benign
17.153623580932617,127.0.0.1,36862,127.0.0.1,8080,0,benign
17.160276174545288,127.0.0.1,36860,127.0.0.1,8080,163,benign
17.16403841972351,127.0.0.1,8080,127.0.0.1,36860,0,benign
17.1671085357666,127.0.0.1,8080,127.0.0.1,36692,138,benign
17.17286705970764,127.0.0.1,36658,127.0.0.1,8080,163,benign
17.177844524383545,127.0.0.1,36634,127.0.0.1,8080,163,benign
17.180166959762573,127.0.0.1,8080,127.0.0.1,36658,138,benign
17.18893313407898,127.0.0.1,8080,127.0.0.1,36634,138,benign
17.2026047706604,127.0.0.1,36658,127.0.0.1,8080,0,benign
17.211025953292847,127.0.0.1,8080,127.0.0.1,36658,56,benign
17.214744091033936,127.0.0.1,36644,127.0.0.1,8080,163,benign
17.222503185272217,127.0.0.1,36600,127.0.0.1,8080,0,benign
17.227062702178955,127.0.0.1,36862,127.0.0.1,8080,163,benign
17.229832649230957,127.0.0.1,8080,127.0.0.1,36600,56,benign
17.23312783241272,127.0.0.1,8080,127.0.0.1,36862,0,benign
17.24113941192627,127.0.0.1,36600,127.0.0.1,8080,0,benign
17.245285511016846,127.0.0.1,36658,127.0.0.1,8080,0,benign
17.254592418670654,127.0.0.1,8080,127.0.0.1,36644,138,benign
17.258591890335083,127.0.0.1,36658,127.0.0.1,8080,163,benign
17.262755393981934,127.0.0.1,36612,127.0.0.1,8080,163,benign
17.267271041870117,127.0.0.1,36628,127.0.0.1,8080,0,benign
17.271698474884033,127.0.0.1,36666,127.0.0.1,8080,163,benign
17.277815580368042,127.0.0.1,8080,127.0.0.1,36628,56,benign
17.281705856323242,127.0.0.1,8080,127.0.0.1,36570,56,benign
17.2876136302948,127.0.0.1,36570,127.0.0.1,8080,0,benign
17.293768405914307,127.0.0.1,36628,127.0.0.1,8080,0,benign
17.2978618144989,127.0.0.1,8080,127.0.0.1,36698,56,benign
17.301642656326294,127.0.0.1,36698,127.0.0.1,8080,0,benign
17.30452823638916,127.0.0.1,8080,127.0.0.1,36658,138,benign
17.308599710464478,127.0.0.1,36570,127.0.0.1,8080,163,benign
17.31464433670044,127.0.0.1,8080,127.0.0.1,36612,138,benign
17.329012155532837,127.0.0.1,8080,127.0.0.1,36666,138,benign
17.34033966064453,127.0.0.1,36586,127.0.0.1,8080,0,benign
17.345881700515747,127.0.0.1,8080,127.0.0.1,36586,56,benign
17.351361751556396,127.0.0.1,8080,127.0.0.1,36570,138,benign
17.355969667434692,127.0.0.1,36680,127.0.0.1,8080,163,benign
17.365991353988647,127.0.0.1,8080,127.0.0.1,36680,138,benign
17.37433671951294,127.0.0.1,8080,127.0.0.1,36680,56,benign
17.37714195251465,127.0.0.1,36628,127.0.0.1,8080,163,benign
17.380887985229492,127.0.0.1,36680,127.0.0.1,8080,0,benign
17.38739013671875,127.0.0.1,36586,127.0.0.1,8080,0,benign
17.392947912216187,127.0.0.1,8080,127.0.0.1,36628,138,benign
17.39625334739685,127.0.0.1,36698,127.0.0.1,8080,163,benign
17.39964532852173,127.0.0.1,8080,127.0.0.1,36698,138,benign
17.402193307876587,127.0.0.1,36680,127.0.0.1,8080,163,benign
17.405884981155396,127.0.0.1,36708,127.0.0.1,8080,163,benign
17.40873384475708,127.0.0.1,8080,127.0.0.1,36692,56,benign
17.41180682182312,127.0.0.1,36692,127.0.0.1,8080,0,benign
17.41502857208252,127.0.0.1,36600,127.0.0.1,8080,163,benign
17.433839559555054,127.0.0.1,8080,127.0.0.1,36680,138,benign
17.440645217895508,127.0.0.1,8080,127.0.0.1,36708,194,benign
17.447804927825928,127.0.0.1,36708,127.0.0.1,8080,0,benign
17.45256495475769,127.0.0.1,8080,127.0.0.1,36600,138,benign
17.45729660987854,127.0.0.1,36634,127.0.0.1,8080,0,benign
17.460826873779297,127.0.0.1,36586,127.0.0.1,8080,163,benign
17.464943408966064,127.0.0.1,8080,127.0.0.1,36634,56,benign
17.475051879882812,127.0.0.1,36644,127.0.0.1,8080,0,benign
17.484251499176025,127.0.0.1,8080,127.0.0.1,36586,138,benign
17.497640371322632,127.0.0.1,8080,127.0.0.1,36644,56,benign
17.503113269805908,127.0.0.1,36692,127.0.0.1,8080,163,benign
17.507214069366455,127.0.0.1,36634,127.0.0.1,8080,0,benign
17.512176990509033,127.0.0.1,36874,127.0.0.1,8080,0,benign
17.51660466194153,127.0.0.1,8080,127.0.0.1,36874,0,benign
17.519707918167114,127.0.0.1,36874,127.0.0.1,8080,0,benign
17.523348093032837,127.0.0.1,36644,127.0.0.1,8080,0,benign
17.53065824508667,127.0.0.1,36790,127.0.0.1,8080,0,benign
17.53674578666687,127.0.0.1,8080,127.0.0.1,36790,56,benign
17.542049646377563,127.0.0.1,36790,127.0.0.1,8080,0,benign
17.545742988586426,127.0.0.1,36708,127.0.0.1,8080,163,benign
17.555662870407104,127.0.0.1,36746,127.0.0.1,8080,163,benign
17.564086198806763,127.0.0.1,8080,127.0.0.1,36708,138,benign
17.573772430419922,127.0.0.1,36658,127.0.0.1,8080,0,benign
17.58046865463257,127.0.0.1,36666,127.0.0.1,8080,163,benign
17.59406042098999,127.0.0.1,8080,127.0.0.1,36746,138,benign
17.610073804855347,127.0.0.1,8080,127.0.0.1,36666,194,benign
17.614556312561035,127.0.0.1,36666,127.0.0.1,8080,0,benign
17.61823058128357,127.0.0.1,36790,127.0.0.1,8080,163,benign
17.621251821517944,127.0.0.1,8080,127.0.0.1,36658,56,benign
17.624236822128296,127.0.0.1,36658,127.0.0.1,8080,0,benign
17.631057262420654,127.0.0.1,8080,127.0.0.1,36790,138,benign
17.649966955184937,127.0.0.1,36666,127.0.0.1,8080,163,benign
17.661038875579834,127.0.0.1,36570,127.0.0.1,8080,163,benign
17.672229766845703,127.0.0.1,8080,127.0.0.1,36666,138,benign
17.681476593017578,127.0.0.1,36758,127.0.0.1,8080,163,benign
17.69419240951538,127.0.0.1,8080,127.0.0.1,36758,0,benign
17.69844150543213,127.0.0.1,36586,127.0.0.1,8080,0,benign
17.702113151550293,127.0.0.1,8080,127.0.0.1,36586,56,benign
17.709733724594116,127.0.0.1,36586,127.0.0.1,8080,0,benign
17.71282958984375,127.0.0.1,8080,127.0.0.1,36570,138,benign
17.715468406677246,127.0.0.1,8080,127.0.0.1,36758,194,benign
17.718518495559692,127.0.0.1,36758,127.0.0.1,8080,0,benign
17.72105383872986,127.0.0.1,36658,127.0.0.1,8080,163,benign
17.728084087371826,127.0.0.1,36716,127.0.0.1,8080,0,benign
17.732338428497314,127.0.0.1,8080,127.0.0.1,36716,56,benign
17.738201141357422,127.0.0.1,36716,127.0.0.1,8080,0,benign
17.741246938705444,127.0.0.1,8080,127.0.0.1,36658,138,benign
17.750341176986694,127.0.0.1,36716,127.0.0.1,8080,163,benign
17.761260271072388,127.0.0.1,8080,127.0.0.1,36716,138,benign
17.766769647598267,127.0.0.1,36758,127.0.0.1,8080,163,benign
17.769717931747437,127.0.0.1,36692,127.0.0.1,8080,163,benign
17.773070335388184,127.0.0.1,36600,127.0.0.1,8080,0,benign
17.777515172958374,127.0.0.1,36706,127.0.0.1,8080,163,benign
17.792313814163208,127.0.0.1,36634,127.0.0.1,8080,0,benign
17.804158449172974,127.0.0.1,36586,127.0.0.1,8080,163,benign
17.806838512420654,127.0.0.1,8080,127.0.0.1,36634,56,benign
17.80922245979309,127.0.0.1,8080,127.0.0.1,36600,56,benign
17.818057775497437,127.0.0.1,36600,127.0.0.1,8080,0,benign
17.83195972442627,127.0.0.1,36628,127.0.0.1,8080,163,benign
17.836710453033447,127.0.0.1,8080,127.0.0.1,36758,138,benign
17.843196868896484,127.0.0.1,8080,127.0.0.1,36692,138,benign
17.845890283584595,127.0.0.1,36634,127.0.0.1,8080,0,benign
17.848559379577637,127.0.0.1,8080,127.0.0.1,36706,138,benign
17.851886749267578,127.0.0.1,8080,127.0.0.1,36706,56,benign
17.857316732406616,127.0.0.1,8080,127.0.0.1,36586,138,benign
17.862852096557617,127.0.0.1,36706,127.0.0.1,8080,0,benign
17.867647409439087,127.0.0.1,36634,127.0.0.1,8080,163,benign
17.87008047103882,127.0.0.1,8080,127.0.0.1,36628,138,benign
17.873916387557983,127.0.0.1,8080,127.0.0.1,36628,56,benign
17.87688684463501,127.0.0.1,36708,127.0.0.1,8080,0,benign
17.8860502243042,127.0.0.1,8080,127.0.0.1,36708,56,benign
17.889763116836548,127.0.0.1,36708,127.0.0.1,8080,0,benign
17.896450519561768,127.0.0.1,8080,127.0.0.1,36634,138,benign
17.90095567703247,127.0.0.1,36628,127.0.0.1,8080,0,benign
17.911346912384033,127.0.0.1,36746,127.0.0.1,8080,0,benign
17.922163486480713,127.0.0.1,8080,127.0.0.1,36746,56,benign
17.926552057266235,127.0.0.1,36746,127.0.0.1,8080,0,benign
17.9341139793396,127.0.0.1,36790,127.0.0.1,8080,0,benign
17.941653728485107,127.0.0.1,36628,127.0.0.1,8080,163,benign
17.946820497512817,127.0.0.1,8080,127.0.0.1,36790,56,benign
17.95796251296997,127.0.0.1,36790,127.0.0.1,8080,0,benign
17.970630645751953,127.0.0.1,8080,127.0.0.1,36628,138,benign
17.977213859558105,127.0.0.1,36706,127.0.0.1,8080,163,benign
17.98119282722473,127.0.0.1,36666,127.0.0.1,8080,0,benign
17.986586809158325,127.0.0.1,8080,127.0.0.1,36706,138,benign
18.00611448287964,127.0.0.1,36790,127.0.0.1,8080,163,benign
18.02762269973755,127.0.0.1,8080,127.0.0.1,36666,56,benign
18.04565668106079,127.0.0.1,36666,127.0.0.1,8080,0,benign
18.079753637313843,127.0.0.1,36770,127.0.0.1,8080,163,benign
18.096023559570312,127.0.0.1,8080,127.0.0.1,36790,138,benign
18.10653328895569,127.0.0.1,36658,127.0.0.1,8080,0,benign
18.118519067764282,127.0.0.1,36570,127.0.0.1,8080,0,benign
18.123456716537476,127.0.0.1,8080,127.0.0.1,36570,56,benign
18.127029180526733,127.0.0.1,8080,127.0.0.1,36658,56,benign
18.146227598190308,127.0.0.1,8080,127.0.0.1,36770,194,benign
18.15078616142273,127.0.0.1,36770,127.0.0.1,8080,0,benign
18.15606117248535,127.0.0.1,36658,127.0.0.1,8080,0,benign
18.163583040237427,127.0.0.1,36600,127.0.0.1,8080,163,benign
18.178072929382324,127.0.0.1,36570,127.0.0.1,8080,0,benign
18.181366443634033,127.0.0.1,36716,127.0.0.1,8080,0,benign
18.18516182899475,127.0.0.1,36666,127.0.0.1,8080,163,benign
18.193923950195312,127.0.0.1,8080,127.0.0.1,36600,138,benign
18.20646595954895,127.0.0.1,36770,127.0.0.1,8080,163,benign
18.210798978805542,127.0.0.1,8080,127.0.0.1,36666,138,benign
18.21415638923645,127.0.0.1,8080,127.0.0.1,36716,56,benign
18.219340801239014,127.0.0.1,36716,127.0.0.1,8080,0,benign
18.226995944976807,127.0.0.1,8080,127.0.0.1,36770,138,benign
18.231444835662842,127.0.0.1,36746,127.0.0.1,8080,163,benign
18.24369788169861,127.0.0.1,8080,127.0.0.1,36746,138,benign
18.248685836791992,127.0.0.1,36692,127.0.0.1,8080,0,benign
18.25452494621277,127.0.0.1,36758,127.0.0.1,8080,0,benign
18.265803813934326,127.0.0.1,8080,127.0.0.1,36758,56,benign
18.274463891983032,127.0.0.1,36758,127.0.0.1,8080,0,benign
18.2826144695282,127.0.0.1,37004,127.0.0.1,8080,0,benign
18.286054372787476,127.0.0.1,8080,127.0.0.1,37004,0,benign
18.293341398239136,127.0.0.1,37004,127.0.0.1,8080,0,benign
18.32158637046814,127.0.0.1,36778,127.0.0.1,8080,163,benign
18.333016872406006,127.0.0.1,36586,127.0.0.1,8080,0,benign
18.33682417869568,127.0.0.1,8080,127.0.0.1,36692,56,benign
18.34310555458069,127.0.0.1,8080,127.0.0.1,36586,56,benign
18.352283000946045,127.0.0.1,36692,127.0.0.1,8080,0,benign
18.36210584640503,127.0.0.1,36658,127.0.0.1,8080,163,benign
18.368112802505493,127.0.0.1,36570,127.0.0.1,8080,163,benign
18.371521472930908,127.0.0.1,8080,127.0.0.1,36778,138,benign
18.37451696395874,127.0.0.1,36778,127.0.0.1,8080,0,benign
18.386716842651367,127.0.0.1,8080,127.0.0.1,36778,56,benign
18.39189386367798,127.0.0.1,36778,127.0.0.1,8080,0,benign
18.39727783203125,127.0.0.1,36634,127.0.0.1,8080,0,benign
18.407968997955322,127.0.0.1,36586,127.0.0.1,8080,0,benign
18.412517309188843,127.0.0.1,8080,127.0.0.1,36634,56,benign
18.417290210723877,127.0.0.1,8080,127.0.0.1,36658,138,benign
18.421975135803223,127.0.0.1,8080,127.0.0.1,36570,138,benign
18.425536155700684,127.0.0.1,36758,127.0.0.1,8080,163,benign
18.42912769317627,127.0.0.1,36634,127.0.0.1,8080,0,benign
18.43456721305847,127.0.0.1,37004,127.0.0.1,8080,163,benign
18.451066970825195,127.0.0.1,8080,127.0.0.1,37004,0,benign
18.480409622192383,127.0.0.1,8080,127.0.0.1,36758,138,benign
18.49153447151184,127.0.0.1,36628,127.0.0.1,8080,0,benign
18.500380277633667,127.0.0.1,8080,127.0.0.1,36628,56,benign
18.517630338668823,127.0.0.1,36692,127.0.0.1,8080,163,benign
18.539911031723022,127.0.0.1,36634,127.0.0.1,8080,163,benign
18.561558485031128,127.0.0.1,36628,127.0.0.1,8080,0,benign
18.565959692001343,127.0.0.1,36716,127.0.0.1,8080,163,benign
18.570967435836792,127.0.0.1,8080,127.0.0.1,36634,138,benign
18.59817099571228,127.0.0.1,8080,127.0.0.1,36770,138,benign
18.605751752853394,127.0.0.1,36600,127.0.0.1,8080,163,benign
18.61207127571106,127.0.0.1,8080,127.0.0.1,36824,138,benign
18.619349002838135,127.0.0.1,36692,127.0.0.1,8080,0,benign
18.62356162071228,127.0.0.1,8080,127.0.0.1,36600,194,benign
18.63575005531311,127.0.0.1,36600,127.0.0.1,8080,0,benign
18.641180515289307,127.0.0.1,36842,127.0.0.1,8080,163,benign
18.648338556289673,127.0.0.1,36854,127.0.0.1,8080,163,benign
18.65298843383789,127.0.0.1,8080,127.0.0.1,36842,138,benign
18.656854152679443,127.0.0.1,36658,127.0.0.1,8080,163,benign
18.66049575805664,127.0.0.1,36692,127.0.0.1,8080,163,benign
18.66514492034912,127.0.0.1,8080,127.0.0.1,36854,138,benign
18.670401334762573,127.0.0.1,36814,127.0.0.1,8080,0,benign
18.676242351531982,127.0.0.1,8080,127.0.0.1,36814,56,benign
18.6822612285614,127.0.0.1,8080,127.0.0.1,36854,56,benign
18.69253396987915,127.0.0.1,36814,127.0.0.1,8080,0,benign
18.697337865829468,127.0.0.1,36790,127.0.0.1,8080,163,benign
18.703031063079834,127.0.0.1,8080,127.0.0.1,36658,138,benign
18.7064847946167,127.0.0.1,8080,127.0.0.1,36658,56,benign
18.71028447151184,127.0.0.1,36628,127.0.0.1,8080,163,benign
18.714105129241943,127.0.0.1,36658,127.0.0.1,8080,0,benign
18.71820616722107,127.0.0.1,8080,127.0.0.1,36692,138,benign
18.721782684326172,127.0.0.1,36658,127.0.0.1,8080,163,benign
18.725969314575195,127.0.0.1,8080,127.0.0.1,36790,138,benign
18.729490041732788,127.0.0.1,8080,127.0.0.1,36628,138,benign
18.734248638153076,127.0.0.1,36628,127.0.0.1,8080,0,benign
18.73770546913147,127.0.0.1,36612,127.0.0.1,8080,0,benign
18.740818977355957,127.0.0.1,8080,127.0.0.1,36628,56,benign
18.74564838409424,127.0.0.1,36628,127.0.0.1,8080,0,benign
18.74987506866455,127.0.0.1,8080,127.0.0.1,36612,56,benign
18.753227949142456,127.0.0.1,36666,127.0.0.1,8080,163,benign
18.760680198669434,127.0.0.1,8080,127.0.0.1,36658,138,benign
18.764033794403076,127.0.0.1,36612,127.0.0.1,8080,0,benign
18.767211198806763,127.0.0.1,8080,127.0.0.1,36666,194,benign
18.784260034561157,127.0.0.1,36666,127.0.0.1,8080,0,benign
18.812264442443848,127.0.0.1,36854,127.0.0.1,8080,0,benign
18.83082628250122,127.0.0.1,36634,127.0.0.1,8080,163,benign
18.847934007644653,127.0.0.1,8080,127.0.0.1,36634,138,benign
18.85378909111023,127.0.0.1,8080,127.0.0.1,36634,56,benign
18.85659909248352,127.0.0.1,36634,127.0.0.1,8080,0,benign
18.861819744110107,127.0.0.1,36716,127.0.0.1,8080,0,benign
18.869325876235962,127.0.0.1,36858,127.0.0.1,8080,0,benign
18.87211012840271,127.0.0.1,8080,127.0.0.1,36716,56,benign
18.8768048286438,127.0.0.1,8080,127.0.0.1,36858,56,benign
18.88057541847229,127.0.0.1,36634,127.0.0.1,8080,163,benign
18.884591341018677,127.0.0.1,36814,127.0.0.1,8080,163,benign
18.88806676864624,127.0.0.1,36716,127.0.0.1,8080,0,benign
18.89113163948059,127.0.0.1,36858,127.0.0.1,8080,0,benign
18.894652843475342,127.0.0.1,36716,127.0.0.1,8080,163,benign
18.899173498153687,127.0.0.1,8080,127.0.0.1,36634,138,benign
18.901594877243042,127.0.0.1,8080,127.0.0.1,36814,138,benign
18.905429363250732,127.0.0.1,36628,127.0.0.1,8080,163,benign
18.90999436378479,127.0.0.1,36612,127.0.0.1,8080,163,benign
18.919825792312622,127.0.0.1,8080,127.0.0.1,36716,138,benign
18.930617094039917,127.0.0.1,8080,127.0.0.1,36628,138,benign
18.934406042099,127.0.0.1,8080,127.0.0.1,36612,138,benign
18.93772792816162,127.0.0.1,36752,127.0.0.1,8080,0,benign
18.943084478378296,127.0.0.1,8080,127.0.0.1,36752,56,benign
18.948418140411377,127.0.0.1,36600,127.0.0.1,8080,163,benign
18.953629732131958,127.0.0.1,36752,127.0.0.1,8080,0,benign
18.956719636917114,127.0.0.1,36698,127.0.0.1,8080,163,benign
18.960283517837524,127.0.0.1,8080,127.0.0.1,36600,138,benign
18.963130235671997,127.0.0.1,36858,127.0.0.1,8080,163,benign
18.965425968170166,127.0.0.1,36706,127.0.0.1,8080,0,benign
18.968911170959473,127.0.0.1,36824,127.0.0.1,8080,0,benign
18.972158670425415,127.0.0.1,36770,127.0.0.1,8080,0,benign
18.983376502990723,127.0.0.1,8080,127.0.0.1,36698,194,benign
18.98642611503601,127.0.0.1,8080,127.0.0.1,36770,56,benign
18.996859312057495,127.0.0.1,8080,127.0.0.1,36706,56,benign
19.01514959335327,127.0.0.1,8080,127.0.0.1,36824,56,benign
19.01918339729309,127.0.0.1,36824,127.0.0.1,8080,0,benign
19.027311086654663,127.0.0.1,8080,127.0.0.1,36858,138,benign
19.038209915161133,127.0.0.1,36778,127.0.0.1,8080,163,benign
19.0441837310791,127.0.0.1,36706,127.0.0.1,8080,0,benign
19.060890436172485,127.0.0.1,36770,127.0.0.1,8080,0,benign
19.08149766921997,127.0.0.1,8080,127.0.0.1,36778,138,benign
19.118781089782715,127.0.0.1,8080,127.0.0.1,36778,56,benign
19.14954161643982,127.0.0.1,36824,127.0.0.1,8080,163,benign
19.15414071083069,127.0.0.1,36842,127.0.0.1,8080,0,benign
19.157973527908325,127.0.0.1,8080,127.0.0.1,36842,56,benign
19.16071915626526,127.0.0.1,36842,127.0.0.1,8080,0,benign
19.16447615623474,127.0.0.1,36770,127.0.0.1,8080,163,benign
19.16864800453186,127.0.0.1,36778,127.0.0.1,8080,0,benign
19.173054218292236,127.0.0.1,8080,127.0.0.1,36824,138,benign
19.180171251296997,127.0.0.1,8080,127.0.0.1,36770,138,benign
19.19062352180481,127.0.0.1,36842,127.0.0.1,8080,163,benign
19.20341157913208,127.0.0.1,36778,127.0.0.1,8080,163,benign
19.213154315948486,127.0.0.1,36692,127.0.0.1,8080,0,benign
19.224589109420776,127.0.0.1,8080,127.0.0.1,36790,56,benign
19.229076385498047,127.0.0.1,36790,127.0.0.1,8080,0,benign
19.231770992279053,127.0.0.1,36698,127.0.0.1,8080,163,benign
19.2340247631073,127.0.0.1,36706,127.0.0.1,8080,163,benign
19.236668586730957,127.0.0.1,8080,127.0.0.1,36842,138,benign
19.239118337631226,127.0.0.1,36854,127.0.0.1,8080,163,benign
19.241864681243896,127.0.0.1,36658,127.0.0.1,8080,0,benign
19.24803328514099,127.0.0.1,36554,127.0.0.1,8080,163,benign
19.252777576446533,127.0.0.1,8080,127.0.0.1,36658,56,benign
19.255730152130127,127.0.0.1,36658,127.0.0.1,8080,0,benign
19.26027774810791,127.0.0.1,8080,127.0.0.1,36692,56,benign
19.26435160636902,127.0.0.1,36692,127.0.0.1,8080,0,benign
19.271886587142944,127.0.0.1,36658,127.0.0.1,8080,163,benign
19.27937388420105,127.0.0.1,8080,127.0.0.1,36778,138,benign
19.28457736968994,127.0.0.1,8080,127.0.0.1,36698,138,benign
19.28713059425354,127.0.0.1,8080,127.0.0.1,36706,138,benign
19.28950333595276,127.0.0.1,36692,127.0.0.1,8080,163,benign
19.293762683868408,127.0.0.1,8080,127.0.0.1,36854,138,benign
19.297316551208496,127.0.0.1,8080,127.0.0.1,36854,56,benign
19.300066471099854,127.0.0.1,36752,127.0.0.1,8080,163,benign
19.30242609977722,127.0.0.1,36854,127.0.0.1,8080,0,benign
19.30522656440735,127.0.0.1,8080,127.0.0.1,36554,138,benign
19.30903434753418,127.0.0.1,8080,127.0.0.1,36554,56,benign
19.320191383361816,127.0.0.1,36554,127.0.0.1,8080,0,benign
19.323895692825317,127.0.0.1,8080,127.0.0.1,36658,138,benign
19.32964038848877,127.0.0.1,36634,127.0.0.1,8080,0,benign
19.33313226699829,127.0.0.1,36814,127.0.0.1,8080,0,benign
19.33555316925049,127.0.0.1,8080,127.0.0.1,36814,56,benign
19.33796501159668,127.0.0.1,8080,127.0.0.1,36692,138,benign
19.341445446014404,127.0.0.1,8080,127.0.0.1,36752,138,benign
19.344632625579834,127.0.0.1,36570,127.0.0.1,8080,163,benign
19.358821392059326,127.0.0.1,36814,127.0.0.1,8080,0,benign
19.377521514892578,127.0.0.1,36554,127.0.0.1,8080,163,benign
19.387715578079224,127.0.0.1,8080,127.0.0.1,36634,56,benign
19.39055371284485,127.0.0.1,8080,127.0.0.1,36612,56,benign
19.394566535949707,127.0.0.1,36612,127.0.0.1,8080,0,benign
19.406102895736694,127.0.0.1,8080,127.0.0.1,36570,194,benign
19.409541606903076,127.0.0.1,36634,127.0.0.1,8080,0,benign
19.41684603691101,127.0.0.1,36570,127.0.0.1,8080,0,benign
19.420700311660767,127.0.0.1,8080,127.0.0.1,36554,138,benign
19.423919677734375,127.0.0.1,36790,127.0.0.1,8080,163,benign
19.428703784942627,127.0.0.1,36600,127.0.0.1,8080,0,benign
19.432950258255005,127.0.0.1,36628,127.0.0.1,8080,0,benign
19.435648918151855,127.0.0.1,36716,127.0.0.1,8080,0,benign
19.43884778022766,127.0.0.1,8080,127.0.0.1,36600,56,benign
19.44212007522583,127.0.0.1,8080,127.0.0.1,36628,56,benign
19.44497323036194,127.0.0.1,36600,127.0.0.1,8080,0,benign
19.44825792312622,127.0.0.1,36628,127.0.0.1,8080,0,benign
19.451359272003174,127.0.0.1,8080,127.0.0.1,36716,56,benign
19.45387101173401,127.0.0.1,8080,127.0.0.1,36790,138,benign
19.457236289978027,127.0.0.1,36854,127.0.0.1,8080,163,benign
19.461960315704346,127.0.0.1,36716,127.0.0.1,8080,0,benign
19.46464514732361,127.0.0.1,8080,127.0.0.1,36854,138,benign
19.46712827682495,127.0.0.1,36634,127.0.0.1,8080,163,benign
19.475455284118652,127.0.0.1,36570,127.0.0.1,8080,163,benign
19.49003267288208,127.0.0.1,36858,127.0.0.1,8080,0,benign
19.50434708595276,127.0.0.1,8080,127.0.0.1,36858,56,benign
19.509961128234863,127.0.0.1,36716,127.0.0.1,8080,163,benign
19.514442205429077,127.0.0.1,36858,127.0.0.1,8080,0,benign
19.51876926422119,127.0.0.1,8080,127.0.0.1,36634,138,benign
19.52576780319214,127.0.0.1,8080,127.0.0.1,36570,138,benign
19.53202176094055,127.0.0.1,8080,127.0.0.1,36716,138,benign
19.543351411819458,127.0.0.1,8080,127.0.0.1,36824,56,benign
19.551239728927612,127.0.0.1,36824,127.0.0.1,8080,0,benign
19.555420398712158,127.0.0.1,36770,127.0.0.1,8080,0,benign
19.55796527862549,127.0.0.1,8080,127.0.0.1,36770,56,benign
19.560741186141968,127.0.0.1,36824,127.0.0.1,8080,163,benign
19.56319284439087,127.0.0.1,36770,127.0.0.1,8080,0,benign
19.566723346710205,127.0.0.1,8080,127.0.0.1,36824,138,benign
19.570751905441284,127.0.0.1,36666,127.0.0.1,8080,163,benign
19.57961392402649,127.0.0.1,36634,127.0.0.1,8080,0,benign
19.59737753868103,127.0.0.1,36698,127.0.0.1,8080,163,benign
19.603379249572754,127.0.0.1,8080,127.0.0.1,36778,56,benign
19.610966682434082,127.0.0.1,8080,127.0.0.1,36634,56,benign
19.615575313568115,127.0.0.1,8080,127.0.0.1,36854,56,benign
19.61840510368347,127.0.0.1,36778,127.0.0.1,8080,0,benign
19.621455669403076,127.0.0.1,36854,127.0.0.1,8080,0,benign
19.635252237319946,127.0.0.1,36634,127.0.0.1,8080,0,benign
19.64198398590088,127.0.0.1,36570,127.0.0.1,8080,163,benign
19.647707223892212,127.0.0.1,8080,127.0.0.1,36666,138,benign
19.653310775756836,127.0.0.1,8080,127.0.0.1,36612,56,benign
19.658395051956177,127.0.0.1,36612,127.0.0.1,8080,0,benign
19.662975072860718,127.0.0.1,8080,127.0.0.1,36698,138,benign
19.67201542854309,127.0.0.1,8080,127.0.0.1,36570,138,benign
19.676451683044434,127.0.0.1,36570,127.0.0.1,8080,0,benign
19.68466591835022,127.0.0.1,8080,127.0.0.1,36570,56,benign
19.69142460823059,127.0.0.1,36854,127.0.0.1,8080,163,benign
19.694451570510864,127.0.0.1,36600,127.0.0.1,8080,163,benign
19.697110414505005,127.0.0.1,8080,127.0.0.1,36858,56,benign
19.70116424560547,127.0.0.1,36858,127.0.0.1,8080,0,benign
19.70596671104431,127.0.0.1,36778,127.0.0.1,8080,163,benign
19.708847761154175,127.0.0.1,8080,127.0.0.1,36854,138,benign
19.714176177978516,127.0.0.1,36570,127.0.0.1,8080,0,benign
19.71751308441162,127.0.0.1,8080,127.0.0.1,36778,138,benign
19.720214128494263,127.0.0.1,8080,127.0.0.1,36600,138,benign
19.724080801010132,127.0.0.1,36612,127.0.0.1,8080,163,benign
19.72880721092224,127.0.0.1,8080,127.0.0.1,36612,138,benign
19.733224630355835,127.0.0.1,36692,127.0.0.1,8080,163,benign
19.736692667007446,127.0.0.1,36554,127.0.0.1,8080,163,benign
19.74071192741394,127.0.0.1,8080,127.0.0.1,36692,194,benign
19.752819061279297,127.0.0.1,8080,127.0.0.1,36554,138,benign
19.76547932624817,127.0.0.1,8080,127.0.0.1,36554,56,benign
19.769259452819824,127.0.0.1,36554,127.0.0.1,8080,0,benign
19.77351188659668,127.0.0.1,8080,127.0.0.1,36716,56,benign
19.777304887771606,127.0.0.1,36716,127.0.0.1,8080,0,benign
19.78064751625061,127.0.0.1,36692,127.0.0.1,8080,163,benign
19.783679723739624,127.0.0.1,36570,127.0.0.1,8080,163,benign
19.786758422851562,127.0.0.1,8080,127.0.0.1,36692,138,benign
19.789740800857544,127.0.0.1,36716,127.0.0.1,8080,163,benign
19.799129962921143,127.0.0.1,36706,127.0.0.1,8080,163,benign
19.80151057243347,127.0.0.1,36634,127.0.0.1,8080,163,benign
19.804104566574097,127.0.0.1,8080,127.0.0.1,36570,138,benign
19.810812950134277,127.0.0.1,36770,127.0.0.1,8080,0,benign
19.821471452713013,127.0.0.1,8080,127.0.0.1,36770,56,benign
19.828309297561646,127.0.0.1,36770,127.0.0.1,8080,0,benign
19.832799673080444,127.0.0.1,36554,127.0.0.1,8080,163,benign
19.836124420166016,127.0.0.1,8080,127.0.0.1,36716,138,benign
19.83935809135437,127.0.0.1,36658,127.0.0.1,8080,0,benign
19.8438458442688,127.0.0.1,36924,127.0.0.1,8080,0,benign
19.847031831741333,127.0.0.1,8080,127.0.0.1,36924,56,benign
19.851796627044678,127.0.0.1,8080,127.0.0.1,36658,56,benign
19.85910415649414,127.0.0.1,36924,127.0.0.1,8080,0,benign
19.864565134048462,127.0.0.1,36658,127.0.0.1,8080,0,benign
19.87411093711853,127.0.0.1,8080,127.0.0.1,36634,138,benign
19.881322383880615,127.0.0.1,8080,127.0.0.1,36706,138,benign
19.8854079246521,127.0.0.1,8080,127.0.0.1,36706,56,benign
19.896955013275146,127.0.0.1,8080,127.0.0.1,36554,138,benign
19.90990972518921,127.0.0.1,36666,127.0.0.1,8080,0,benign
19.913383960723877,127.0.0.1,8080,127.0.0.1,36666,56,benign
19.916027784347534,127.0.0.1,36666,127.0.0.1,8080,0,benign
19.926467895507812,127.0.0.1,36706,127.0.0.1,8080,0,benign
19.936468839645386,127.0.0.1,37018,127.0.0.1,8080,0,benign
19.950084924697876,127.0.0.1,36858,127.0.0.1,8080,163,benign
19.95407748222351,127.0.0.1,8080,127.0.0.1,36858,138,benign
19.95855736732483,127.0.0.1,8080,127.0.0.1,36698,56,benign
19.963951587677002,127.0.0.1,36698,127.0.0.1,8080,0,benign
19.969011068344116,127.0.0.1,36698,127.0.0.1,8080,163,benign
19.977277755737305,127.0.0.1,8080,127.0.0.1,36854,56,benign
19.980246782302856,127.0.0.1,36854,127.0.0.1,8080,0,benign
19.98339557647705,127.0.0.1,36770,127.0.0.1,8080,163,benign
19.99650740623474,127.0.0.1,36790,127.0.0.1,8080,163,benign
20.00297784805298,127.0.0.1,37216,127.0.0.1,8080,0,benign
20.007805347442627,127.0.0.1,8080,127.0.0.1,37216,0,benign
20.012558460235596,127.0.0.1,37216,127.0.0.1,8080,0,benign
20.015196084976196,127.0.0.1,36600,127.0.0.1,8080,0,benign
20.017602682113647,127.0.0.1,36612,127.0.0.1,8080,0,benign
20.0207417011261,127.0.0.1,36778,127.0.0.1,8080,0,benign
20.025967597961426,127.0.0.1,8080,127.0.0.1,36778,56,benign
20.031010627746582,127.0.0.1,8080,127.0.0.1,36612,56,benign
20.038004636764526,127.0.0.1,36612,127.0.0.1,8080,0,benign
20.04769778251648,127.0.0.1,8080,127.0.0.1,36698,138,benign
20.05682945251465,127.0.0.1,36628,127.0.0.1,8080,163,benign
20.067206144332886,127.0.0.1,36778,127.0.0.1,8080,0,benign
20.07076096534729,127.0.0.1,8080,127.0.0.1,36770,138,benign
20.07564115524292,127.0.0.1,8080,127.0.0.1,36790,138,benign
20.081035137176514,127.0.0.1,36790,127.0.0.1,8080,0,benign
20.099998474121094,127.0.0.1,8080,127.0.0.1,36790,56,benign
20.104377031326294,127.0.0.1,36790,127.0.0.1,8080,0,benign
20.10943913459778,127.0.0.1,8080,127.0.0.1,36600,56,benign
20.114497184753418,127.0.0.1,36600,127.0.0.1,8080,0,benign
20.12352752685547,127.0.0.1,36752,127.0.0.1,8080,163,benign
20.132054328918457,127.0.0.1,36666,127.0.0.1,8080,163,benign
20.134856462478638,127.0.0.1,37216,127.0.0.1,8080,163,benign
20.14656949043274,127.0.0.1,8080,127.0.0.1,37216,0,benign
20.177290201187134,127.0.0.1,8080,127.0.0.1,36628,138,benign
20.185739040374756,127.0.0.1,8080,127.0.0.1,36628,56,benign
20.21024990081787,127.0.0.1,8080,127.0.0.1,36752,138,benign
20.219714164733887,127.0.0.1,36752,127.0.0.1,8080,0,benign
20.224489212036133,127.0.0.1,8080,127.0.0.1,36752,56,benign
20.229028701782227,127.0.0.1,36752,127.0.0.1,8080,0,benign
20.233086347579956,127.0.0.1,8080,127.0.0.1,36666,138,benign
20.23710346221924,127.0.0.1,36628,127.0.0.1,8080,0,benign
20.24422264099121,127.0.0.1,36600,127.0.0.1,8080,163,benign
20.24983811378479,127.0.0.1,8080,127.0.0.1,36600,138,benign
20.26185917854309,127.0.0.1,36854,127.0.0.1,8080,163,benign
20.272671699523926,127.0.0.1,36824,127.0.0.1,8080,163,benign
20.296274185180664,127.0.0.1,36752,127.0.0.1,8080,163,benign
20.309518098831177,127.0.0.1,8080,127.0.0.1,36854,138,benign
20.333582639694214,127.0.0.1,36692,127.0.0.1,8080,0,benign
20.346805572509766,127.0.0.1,8080,127.0.0.1,36692,56,benign
20.36392331123352,127.0.0.1,36692,127.0.0.1,8080,0,benign
20.374364376068115,127.0.0.1,8080,127.0.0.1,36570,56,benign
20.38439130783081,127.0.0.1,36570,127.0.0.1,8080,0,benign
20.391844272613525,127.0.0.1,37032,127.0.0.1,8080,0,benign
20.396276235580444,127.0.0.1,8080,127.0.0.1,36824,138,benign
20.40090560913086,127.0.0.1,36824,127.0.0.1,8080,0,benign
20.40805697441101,127.0.0.1,8080,127.0.0.1,36824,56,benign
20.421927452087402,127.0.0.1,36824,127.0.0.1,8080,0,benign
20.42890954017639,127.0.0.1,8080,127.0.0.1,36752,138,benign
20.43629264831543,127.0.0.1,36804,127.0.0.1,8080,163,benign
20.4398250579834,127.0.0.1,8080,127.0.0.1,36804,0,benign
20.445563316345215,127.0.0.1,36706,127.0.0.1,8080,163,benign
20.44890809059143,127.0.0.1,8080,127.0.0.1,36716,56,benign
20.454818725585938,127.0.0.1,36716,127.0.0.1,8080,0,benign
20.4620680809021,127.0.0.1,8080,127.0.0.1,36804,194,benign
20.473743677139282,127.0.0.1,36804,127.0.0.1,8080,0,benign
20.483479261398315,127.0.0.1,8080,127.0.0.1,36706,138,benign
20.493627071380615,127.0.0.1,8080,127.0.0.1,36706,56,benign
20.496757984161377,127.0.0.1,36634,127.0.0.1,8080,0,benign
20.501009941101074,127.0.0.1,36554,127.0.0.1,8080,0,benign
20.504904747009277,127.0.0.1,36706,127.0.0.1,8080,0,benign
20.50849962234497,127.0.0.1,8080,127.0.0.1,36634,56,benign
20.521957397460938,127.0.0.1,8080,127.0.0.1,36858,56,benign
20.5395290851593,127.0.0.1,8080,127.0.0.1,36554,56,benign
20.56825017929077,127.0.0.1,36858,127.0.0.1,8080,0,benign
20.594106912612915,127.0.0.1,36634,127.0.0.1,8080,0,benign
20.62675166130066,127.0.0.1,36554,127.0.0.1,8080,0,benign
20.635040521621704,127.0.0.1,8080,127.0.0.1,37018,0,benign
20.639814138412476,127.0.0.1,36634,127.0.0.1,8080,163,benign
20.64325761795044,127.0.0.1,8080,127.0.0.1,36634,138,benign
20.649090051651,127.0.0.1,8080,127.0.0.1,36770,56,benign
20.656487941741943,127.0.0.1,36770,127.0.0.1,8080,0,benign
20.66641330718994,127.0.0.1,36554,127.0.0.1,8080,163,benign
20.678147315979004,127.0.0.1,8080,127.0.0.1,36554,138,benign
20.694863080978394,127.0.0.1,36692,127.0.0.1,8080,163,benign
20.709086179733276,127.0.0.1,36698,127.0.0.1,8080,0,benign
20.737469911575317,127.0.0.1,8080,127.0.0.1,36698,56,benign
20.76308274269104,127.0.0.1,36698,127.0.0.1,8080,0,benign
20.777534008026123,127.0.0.1,8080,127.0.0.1,36692,138,benign
20.78514575958252,127.0.0.1,36666,127.0.0.1,8080,0,benign
20.78991150856018,127.0.0.1,8080,127.0.0.1,36666,56,benign
20.797377586364746,127.0.0.1,36666,127.0.0.1,8080,0,benign
20.807676076889038,127.0.0.1,36628,127.0.0.1,8080,163,benign
20.813876390457153,127.0.0.1,8080,127.0.0.1,36628,138,benign
20.82317805290222,127.0.0.1,8080,127.0.0.1,36628,56,benign
20.83757495880127,127.0.0.1,36628,127.0.0.1,8080,0,benign
20.85596799850464,127.0.0.1,36600,127.0.0.1,8080,0,benign
20.875890016555786,127.0.0.1,8080,127.0.0.1,36600,56,benign
20.8878014087677,127.0.0.1,36600,127.0.0.1,8080,0,benign
20.904435634613037,127.0.0.1,36628,127.0.0.1,8080,163,benign
20.914195775985718,127.0.0.1,36854,127.0.0.1,8080,0,benign
20.926512241363525,127.0.0.1,8080,127.0.0.1,36854,56,benign
20.932990789413452,127.0.0.1,8080,127.0.0.1,36628,138,benign
20.938146591186523,127.0.0.1,36600,127.0.0.1,8080,163,benign
20.952213287353516,127.0.0.1,36854,127.0.0.1,8080,0,benign
20.96637225151062,127.0.0.1,8080,127.0.0.1,36600,138,benign
20.98919177055359,127.0.0.1,8080,127.0.0.1,37032,0,benign
20.99628496170044,127.0.0.1,36752,127.0.0.1,8080,0,benign
21.00329065322876,127.0.0.1,8080,127.0.0.1,36752,56,benign
21.01301908493042,127.0.0.1,36752,127.0.0.1,8080,0,benign
21.027745008468628,127.0.0.1,36706,127.0.0.1,8080,163,benign
21.04670476913452,127.0.0.1,36752,127.0.0.1,8080,163,benign
21.064839363098145,127.0.0.1,8080,127.0.0.1,36706,138,benign
21.08444595336914,127.0.0.1,8080,127.0.0.1,36706,56,benign
21.093058824539185,127.0.0.1,36706,127.0.0.1,8080,0,benign
21.096322298049927,127.0.0.1,8080,127.0.0.1,36752,138,benign
21.098584413528442,127.0.0.1,36854,127.0.0.1,8080,163,benign
21.103310585021973,127.0.0.1,8080,127.0.0.1,36854,138,benign
21.110142707824707,127.0.0.1,36666,127.0.0.1,8080,163,benign
21.122621059417725,127.0.0.1,36706,127.0.0.1,8080,163,benign
21.132334232330322,127.0.0.1,8080,127.0.0.1,36666,138,benign
21.14352774620056,127.0.0.1,8080,127.0.0.1,36706,138,benign
21.150127410888672,127.0.0.1,37228,127.0.0.1,8080,0,benign
21.156869649887085,127.0.0.1,8080,127.0.0.1,37228,0,benign
21.173198461532593,127.0.0.1,37228,127.0.0.1,8080,0,benign
21.18374752998352,127.0.0.1,36924,127.0.0.1,8080,163,benign
21.18843650817871,127.0.0.1,36698,127.0.0.1,8080,163,benign
21.197014331817627,127.0.0.1,36790,127.0.0.1,8080,163,benign
21.203916788101196,127.0.0.1,8080,127.0.0.1,36924,138,benign
21.210770845413208,127.0.0.1,36924,127.0.0.1,8080,0,benign
21.215696096420288,127.0.0.1,8080,127.0.0.1,36924,56,benign
21.228940725326538,127.0.0.1,36924,127.0.0.1,8080,0,benign
21.234692096710205,127.0.0.1,8080,127.0.0.1,36698,138,benign
21.242064476013184,127.0.0.1,8080,127.0.0.1,36634,56,benign
21.247838973999023,127.0.0.1,36634,127.0.0.1,8080,0,benign
21.25316309928894,127.0.0.1,36658,127.0.0.1,8080,163,benign
21.261752605438232,127.0.0.1,37228,127.0.0.1,8080,163,benign
21.266759395599365,127.0.0.1,8080,127.0.0.1,37228,0,benign
21.27373743057251,127.0.0.1,8080,127.0.0.1,36790,138,benign
21.279329299926758,127.0.0.1,36790,127.0.0.1,8080,0,benign
21.294577598571777,127.0.0.1,8080,127.0.0.1,36790,56,benign
21.300928115844727,127.0.0.1,36790,127.0.0.1,8080,0,benign
21.306201457977295,127.0.0.1,8080,127.0.0.1,36658,138,benign
21.315312147140503,127.0.0.1,8080,127.0.0.1,36658,56,benign
21.322123289108276,127.0.0.1,8080,127.0.0.1,36554,56,benign
21.32648491859436,127.0.0.1,36814,127.0.0.1,8080,163,benign
21.330071687698364,127.0.0.1,36554,127.0.0.1,8080,0,benign
21.33621120452881,127.0.0.1,36658,127.0.0.1,8080,0,benign
21.34384822845459,127.0.0.1,8080,127.0.0.1,36814,194,benign
21.351710557937622,127.0.0.1,36814,127.0.0.1,8080,0,benign
21.363698959350586,127.0.0.1,36858,127.0.0.1,8080,163,benign
21.369141340255737,127.0.0.1,36692,127.0.0.1,8080,0,benign
21.37562346458435,127.0.0.1,8080,127.0.0.1,36858,138,benign
21.382435083389282,127.0.0.1,8080,127.0.0.1,36858,56,benign
21.38904881477356,127.0.0.1,36858,127.0.0.1,8080,0,benign
21.399177312850952,127.0.0.1,36634,127.0.0.1,8080,163,benign
21.406160354614258,127.0.0.1,8080,127.0.0.1,36692,56,benign
21.409740209579468,127.0.0.1,36692,127.0.0.1,8080,0,benign
21.413155794143677,127.0.0.1,8080,127.0.0.1,36634,138,benign
21.41804313659668,127.0.0.1,36600,127.0.0.1,8080,0,benign
21.422353267669678,127.0.0.1,36628,127.0.0.1,8080,0,benign
21.428260564804077,127.0.0.1,8080,127.0.0.1,36600,56,benign
21.433446884155273,127.0.0.1,8080,127.0.0.1,36628,56,benign
21.437257766723633,127.0.0.1,36600,127.0.0.1,8080,0,benign
21.447978734970093,127.0.0.1,36628,127.0.0.1,8080,0,benign
21.468249082565308,127.0.0.1,36858,127.0.0.1,8080,163,benign
21.475297451019287,127.0.0.1,36628,127.0.0.1,8080,163,benign
21.48173975944519,127.0.0.1,36770,127.0.0.1,8080,163,benign
21.486429452896118,127.0.0.1,8080,127.0.0.1,36858,138,benign
21.491576433181763,127.0.0.1,36752,127.0.0.1,8080,0,benign
21.496697902679443,127.0.0.1,8080,127.0.0.1,36752,56,benign
21.504948377609253,127.0.0.1,36752,127.0.0.1,8080,0,benign
21.51265239715576,127.0.0.1,8080,127.0.0.1,36628,138,benign
21.51867365837097,127.0.0.1,8080,127.0.0.1,36770,138,benign
21.52241039276123,127.0.0.1,8080,127.0.0.1,36770,56,benign
21.525657653808594,127.0.0.1,36770,127.0.0.1,8080,0,benign
21.529903888702393,127.0.0.1,8080,127.0.0.1,36854,56,benign
21.539742708206177,127.0.0.1,36854,127.0.0.1,8080,0,benign
21.546153783798218,127.0.0.1,8080,127.0.0.1,36666,56,benign
21.55709958076477,127.0.0.1,36666,127.0.0.1,8080,0,benign
21.56893014907837,127.0.0.1,36770,127.0.0.1,8080,163,benign
21.59122061729431,127.0.0.1,36698,127.0.0.1,8080,0,benign
21.61636447906494,127.0.0.1,36706,127.0.0.1,8080,0,benign
21.641587495803833,127.0.0.1,8080,127.0.0.1,36698,56,benign
21.65364670753479,127.0.0.1,8080,127.0.0.1,36706,56,benign
21.663390159606934,127.0.0.1,36752,127.0.0.1,8080,163,benign
21.686819791793823,127.0.0.1,8080,127.0.0.1,36770,138,attack
21.70363974571228,127.0.0.1,36706,127.0.0.1,8080,0,attack
21.72714638710022,127.0.0.1,36698,127.0.0.1,8080,0,attack
21.79712677001953,127.0.0.1,36570,127.0.0.1,8080,163,attack
21.83840250968933,127.0.0.1,8080,127.0.0.1,36752,138,attack
21.876460313796997,127.0.0.1,8080,127.0.0.1,36570,138,attack
21.929279088974,127.0.0.1,8080,127.0.0.1,36570,56,attack
21.96574115753174,127.0.0.1,36570,127.0.0.1,8080,0,attack
22.045989513397217,127.0.0.1,36698,127.0.0.1,8080,163,attack
22.066404819488525,127.0.0.1,8080,127.0.0.1,36698,138,attack
22.12018632888794,127.0.0.1,36612,127.0.0.1,8080,163,attack
22.140024423599243,127.0.0.1,8080,127.0.0.1,36612,138,attack
22.19080090522766,127.0.0.1,36612,127.0.0.1,8080,0,attack
22.19638729095459,127.0.0.1,8080,127.0.0.1,36612,56,attack
22.20279860496521,127.0.0.1,36612,127.0.0.1,8080,0,attack
22.209367036819458,127.0.0.1,36554,127.0.0.1,8080,163,attack
22.214356422424316,127.0.0.1,36790,127.0.0.1,8080,163,attack
22.21976089477539,127.0.0.1,8080,127.0.0.1,36554,138,attack
22.23168396949768,127.0.0.1,8080,127.0.0.1,36554,56,attack
22.239734888076782,127.0.0.1,8080,127.0.0.1,36790,138,attack
22.255300998687744,127.0.0.1,36790,127.0.0.1,8080,0,attack
22.2693452835083,127.0.0.1,8080,127.0.0.1,36790,56,attack
22.290421724319458,127.0.0.1,36612,127.0.0.1,8080,163,attack
22.300127267837524,127.0.0.1,36634,127.0.0.1,8080,0,attack
22.305606365203857,127.0.0.1,8080,127.0.0.1,36634,56,attack
22.311954736709595,127.0.0.1,36554,127.0.0.1,8080,0,attack
22.32394313812256,127.0.0.1,36790,127.0.0.1,8080,0,attack
22.346864938735962,127.0.0.1,36706,127.0.0.1,8080,163,attack
22.360158920288086,127.0.0.1,36634,127.0.0.1,8080,0,attack
22.37545156478882,127.0.0.1,8080,127.0.0.1,36612,138,attack
22.386713981628418,127.0.0.1,8080,127.0.0.1,36706,138,attack
22.401682138442993,127.0.0.1,36600,127.0.0.1,8080,163,attack
22.411125421524048,127.0.0.1,8080,127.0.0.1,36600,194,attack
22.43941068649292,127.0.0.1,36600,127.0.0.1,8080,0,attack
22.4569149017334,127.0.0.1,36716,127.0.0.1,8080,0,attack
22.473754167556763,127.0.0.1,36666,127.0.0.1,8080,0,attack
22.48802137374878,127.0.0.1,8080,127.0.0.1,36666,56,attack
22.497287034988403,127.0.0.1,8080,127.0.0.1,36716,56,attack
22.501266717910767,127.0.0.1,36716,127.0.0.1,8080,0,attack
22.50631594657898,127.0.0.1,36666,127.0.0.1,8080,0,attack
22.514941453933716,127.0.0.1,8080,127.0.0.1,36554,138,attack
22.53475570678711,127.0.0.1,36858,127.0.0.1,8080,163,attack
22.5657742023468,127.0.0.1,8080,127.0.0.1,36858,194,attack
22.61078429222107,127.0.0.1,36858,127.0.0.1,8080,0,attack
22.654780864715576,127.0.0.1,36698,127.0.0.1,8080,163,attack
22.673754930496216,127.0.0.1,36612,127.0.0.1,8080,0,attack
22.69173812866211,127.0.0.1,8080,127.0.0.1,36612,56,attack
22.7164249420166,127.0.0.1,36612,127.0.0.1,8080,0,attack
22.73237442970276,127.0.0.1,8080,127.0.0.1,36698,138,attack
22.762490272521973,127.0.0.1,36586,127.0.0.1,8080,163,attack
22.796755075454712,127.0.0.1,36770,127.0.0.1,8080,0,attack
22.8215970993042,127.0.0.1,8080,127.0.0.1,36770,56,attack
22.84905743598938,127.0.0.1,36770,127.0.0.1,8080,0,attack
22.875592470169067,127.0.0.1,8080,127.0.0.1,36586,138,attack
22.93337845802307,127.0.0.1,36752,127.0.0.1,8080,0,attack
22.957590579986572,127.0.0.1,8080,127.0.0.1,36752,56,attack
22.96641516685486,127.0.0.1,36752,127.0.0.1,8080,0,attack
22.98146963119507,127.0.0.1,36858,127.0.0.1,8080,163,attack
22.996765613555908,127.0.0.1,8080,127.0.0.1,36858,138,attack
23.02002191543579,127.0.0.1,8080,127.0.0.1,36628,56,attack
23.03477430343628,127.0.0.1,36628,127.0.0.1,8080,0,attack
23.05320692062378,127.0.0.1,36752,127.0.0.1,8080,163,attack
23.06753182411194,127.0.0.1,8080,127.0.0.1,36752,138,attack
23.089059114456177,127.0.0.1,36854,127.0.0.1,8080,0,attack
23.109274864196777,127.0.0.1,8080,127.0.0.1,36854,56,attack
23.138713598251343,127.0.0.1,36854,127.0.0.1,8080,0,attack
23.154080867767334,127.0.0.1,36628,127.0.0.1,8080,163,attack
23.16956114768982,127.0.0.1,8080,127.0.0.1,36600,56,attack
23.184024572372437,127.0.0.1,36600,127.0.0.1,8080,0,attack
23.199599266052246,127.0.0.1,8080,127.0.0.1,36628,138,attack
23.205986976623535,127.0.0.1,36692,127.0.0.1,8080,163,attack
23.2096905708313,127.0.0.1,36770,127.0.0.1,8080,163,attack
23.2425754070282,127.0.0.1,36778,127.0.0.1,8080,163,attack
23.268980503082275,127.0.0.1,8080,127.0.0.1,36692,138,attack
23.30482816696167,127.0.0.1,36554,127.0.0.1,8080,0,attack
23.34945249557495,127.0.0.1,8080,127.0.0.1,36692,56,attack
23.372731685638428,127.0.0.1,36692,127.0.0.1,8080,0,attack
23.389142751693726,127.0.0.1,8080,127.0.0.1,36770,138,attack
23.39766216278076,127.0.0.1,8080,127.0.0.1,36778,138,attack
23.402234315872192,127.0.0.1,8080,127.0.0.1,36778,56,attack
23.407350778579712,127.0.0.1,36778,127.0.0.1,8080,0,attack
23.42013931274414,127.0.0.1,8080,127.0.0.1,36554,56,attack
23.429670572280884,127.0.0.1,36554,127.0.0.1,8080,0,attack
23.4587345123291,127.0.0.1,8080,127.0.0.1,36698,56,attack
23.47324252128601,127.0.0.1,36698,127.0.0.1,8080,0,attack
23.48936128616333,127.0.0.1,36692,127.0.0.1,8080,163,attack
23.507649660110474,127.0.0.1,36854,127.0.0.1,8080,163,attack
23.513280153274536,127.0.0.1,8080,127.0.0.1,36692,138,attack
23.529954195022583,127.0.0.1,36698,127.0.0.1,8080,163,attack
23.543509006500244,127.0.0.1,8080,127.0.0.1,36854,138,attack
23.55215620994568,127.0.0.1,8080,127.0.0.1,36698,138,attack
23.564541578292847,127.0.0.1,36716,127.0.0.1,8080,163,attack
23.5825936794281,127.0.0.1,8080,127.0.0.1,36716,194,attack
23.59878396987915,127.0.0.1,36716,127.0.0.1,8080,0,attack
23.62113928794861,127.0.0.1,36666,127.0.0.1,8080,163,attack
23.64342951774597,127.0.0.1,36586,127.0.0.1,8080,0,attack
23.668226957321167,127.0.0.1,8080,127.0.0.1,36586,56,attack
23.700653076171875,127.0.0.1,36586,127.0.0.1,8080,0,attack
23.742368698120117,127.0.0.1,8080,127.0.0.1,36666,138,attack
23.797126531600952,127.0.0.1,8080,127.0.0.1,36666,56,attack
23.836145639419556,127.0.0.1,36554,127.0.0.1,8080,163,attack
23.887219667434692,127.0.0.1,36666,127.0.0.1,8080,0,attack
23.932828903198242,127.0.0.1,8080,127.0.0.1,36554,138,attack
23.963572025299072,127.0.0.1,36778,127.0.0.1,8080,163,attack
24.005234956741333,127.0.0.1,8080,127.0.0.1,36858,56,attack
24.032747983932495,127.0.0.1,36858,127.0.0.1,8080,0,attack
24.049384117126465,127.0.0.1,8080,127.0.0.1,36778,138,attack
24.077823638916016,127.0.0.1,36600,127.0.0.1,8080,163,attack
24.093533992767334,127.0.0.1,8080,127.0.0.1,36600,138,attack
24.153203010559082,127.0.0.1,36858,127.0.0.1,8080,163,attack
24.17774486541748,127.0.0.1,36666,127.0.0.1,8080,163,attack
24.249326705932617,127.0.0.1,8080,127.0.0.1,36752,56,attack
24.300588846206665,127.0.0.1,36752,127.0.0.1,8080,0,attack
24.325876474380493,127.0.0.1,8080,127.0.0.1,36858,138,attack
24.350263357162476,127.0.0.1,36586,127.0.0.1,8080,163,attack
24.378422737121582,127.0.0.1,8080,127.0.0.1,36666,138,attack
24.392306327819824,127.0.0.1,36706,127.0.0.1,8080,163,attack
24.42204713821411,127.0.0.1,8080,127.0.0.1,36586,138,attack
24.44742465019226,127.0.0.1,8080,127.0.0.1,36706,194,attack
24.47823691368103,127.0.0.1,36706,127.0.0.1,8080,0,attack
24.497035264968872,127.0.0.1,36628,127.0.0.1,8080,0,attack
24.505104780197144,127.0.0.1,36752,127.0.0.1,8080,163,attack
24.512853860855103,127.0.0.1,8080,127.0.0.1,36752,138,attack
24.51719617843628,127.0.0.1,36770,127.0.0.1,8080,0,attack
24.520872354507446,127.0.0.1,8080,127.0.0.1,36628,56,attack
24.5240375995636,127.0.0.1,36628,127.0.0.1,8080,0,attack
24.53042197227478,127.0.0.1,36628,127.0.0.1,8080,163,attack
24.56523084640503,127.0.0.1,8080,127.0.0.1,36770,56,attack
24.590054750442505,127.0.0.1,36770,127.0.0.1,8080,0,attack
24.63105058670044,127.0.0.1,36706,127.0.0.1,8080,163,attack
24.638224124908447,127.0.0.1,8080,127.0.0.1,36628,138,attack
24.66521644592285,127.0.0.1,8080,127.0.0.1,36706,138,attack
24.725305318832397,127.0.0.1,36814,127.0.0.1,8080,163,attack
24.738545656204224,127.0.0.1,36692,127.0.0.1,8080,0,attack
24.744964122772217,127.0.0.1,8080,127.0.0.1,36692,56,attack
24.74961519241333,127.0.0.1,36770,127.0.0.1,8080,163,attack
24.757266521453857,127.0.0.1,36692,127.0.0.1,8080,0,attack
24.7612087726593,127.0.0.1,8080,127.0.0.1,36814,194,attack
24.766052961349487,127.0.0.1,36814,127.0.0.1,8080,0,attack
24.784203052520752,127.0.0.1,36716,127.0.0.1,8080,163,attack
24.800198554992676,127.0.0.1,8080,127.0.0.1,36770,138,attack
24.832409381866455,127.0.0.1,36698,127.0.0.1,8080,0,attack
24.885226726531982,127.0.0.1,36854,127.0.0.1,8080,0,attack
24.90727972984314,127.0.0.1,8080,127.0.0.1,36698,56,attack
24.93484115600586,127.0.0.1,8080,127.0.0.1,36854,56,attack
24.94869327545166,127.0.0.1,8080,127.0.0.1,36716,138,attack
24.97248339653015,127.0.0.1,36692,127.0.0.1,8080,163,attack
25.014599561691284,127.0.0.1,36612,127.0.0.1,8080,163,attack
25.040342330932617,127.0.0.1,36698,127.0.0.1,8080,0,attack
25.064428091049194,127.0.0.1,8080,127.0.0.1,36692,138,attack
25.104742527008057,127.0.0.1,36854,127.0.0.1,8080,163,attack
25.202030658721924,127.0.0.1,36600,127.0.0.1,8080,163,attack
25.220693349838257,127.0.0.1,8080,127.0.0.1,36854,138,attack
25.227604389190674,127.0.0.1,8080,127.0.0.1,36854,56,attack
25.23773455619812,127.0.0.1,36644,127.0.0.1,8080,0,attack
25.244600296020508,127.0.0.1,36706,127.0.0.1,8080,0,attack
25.253958702087402,127.0.0.1,8080,127.0.0.1,36706,56,attack
25.26526689529419,127.0.0.1,36692,127.0.0.1,8080,163,attack
25.276989936828613,127.0.0.1,8080,127.0.0.1,36644,56,attack
25.284719467163086,127.0.0.1,36706,127.0.0.1,8080,0,attack
25.293256759643555,127.0.0.1,36854,127.0.0.1,8080,0,attack
25.300178289413452,127.0.0.1,8080,127.0.0.1,36600,138,attack
25.30420446395874,127.0.0.1,8080,127.0.0.1,36692,138,attack
25.31468152999878,127.0.0.1,36634,127.0.0.1,8080,163,attack
25.331192016601562,127.0.0.1,36644,127.0.0.1,8080,0,attack
25.339640378952026,127.0.0.1,8080,127.0.0.1,36634,138,attack
25.35197877883911,127.0.0.1,36612,127.0.0.1,8080,163,attack
25.376638889312744,127.0.0.1,8080,127.0.0.1,36612,138,attack
25.420318365097046,127.0.0.1,36924,127.0.0.1,8080,0,attack
25.439109086990356,127.0.0.1,8080,127.0.0.1,36924,56,attack
25.490042686462402,127.0.0.1,36924,127.0.0.1,8080,0,attack
25.514361143112183,127.0.0.1,36732,127.0.0.1,8080,163,attack
25.54710078239441,127.0.0.1,36716,127.0.0.1,8080,0,attack
25.558112382888794,127.0.0.1,8080,127.0.0.1,36716,56,attack
25.578614473342896,127.0.0.1,36644,127.0.0.1,8080,163,attack
25.593769788742065,127.0.0.1,36752,127.0.0.1,8080,163,attack
25.614315032958984,127.0.0.1,36716,127.0.0.1,8080,0,attack
25.62696599960327,127.0.0.1,8080,127.0.0.1,36732,138,attack
25.637234687805176,127.0.0.1,36732,127.0.0.1,8080,0,attack
25.64401865005493,127.0.0.1,36554,127.0.0.1,8080,0,attack
25.676011562347412,127.0.0.1,8080,127.0.0.1,36554,56,attack
25.697612047195435,127.0.0.1,8080,127.0.0.1,36732,56,attack
25.702937841415405,127.0.0.1,36732,127.0.0.1,8080,0,attack
25.706557273864746,127.0.0.1,36554,127.0.0.1,8080,0,attack
25.71578860282898,127.0.0.1,8080,127.0.0.1,36644,138,attack
25.723991870880127,127.0.0.1,8080,127.0.0.1,36752,138,attack
25.731852293014526,127.0.0.1,8080,127.0.0.1,36752,56,attack
25.73967719078064,127.0.0.1,36716,127.0.0.1,8080,163,attack
25.742482900619507,127.0.0.1,36752,127.0.0.1,8080,0,attack
25.745515823364258,127.0.0.1,36708,127.0.0.1,8080,0,attack
25.783429384231567,127.0.0.1,36658,127.0.0.1,8080,0,attack
25.793905019760132,127.0.0.1,8080,127.0.0.1,36708,56,attack
25.805530786514282,127.0.0.1,36708,127.0.0.1,8080,0,attack
25.81080460548401,127.0.0.1,8080,127.0.0.1,36658,56,attack
25.82074999809265,127.0.0.1,36658,127.0.0.1,8080,0,attack
25.830425262451172,127.0.0.1,36752,127.0.0.1,8080,163,attack
25.839263916015625,127.0.0.1,36924,127.0.0.1,8080,163,attack
25.85749340057373,127.0.0.1,8080,127.0.0.1,36716,138,attack
25.865346908569336,127.0.0.1,36732,127.0.0.1,8080,163,attack
25.86847686767578,127.0.0.1,36790,127.0.0.1,8080,0,attack
25.889332056045532,127.0.0.1,8080,127.0.0.1,36790,56,attack
25.903005123138428,127.0.0.1,8080,127.0.0.1,36752,138,attack
25.912457704544067,127.0.0.1,36658,127.0.0.1,8080,163,attack
25.915559768676758,127.0.0.1,36790,127.0.0.1,8080,0,attack
25.920450448989868,127.0.0.1,8080,127.0.0.1,36924,138,attack
25.92423963546753,127.0.0.1,36554,127.0.0.1,8080,163,attack
25.937329530715942,127.0.0.1,8080,127.0.0.1,36732,138,attack
25.943334102630615,127.0.0.1,8080,127.0.0.1,36658,138,attack
25.947249174118042,127.0.0.1,8080,127.0.0.1,36554,138,attack
25.950153589248657,127.0.0.1,36692,127.0.0.1,8080,0,attack
25.95304560661316,127.0.0.1,36600,127.0.0.1,8080,0,attack
25.961170196533203,127.0.0.1,8080,127.0.0.1,36692,56,attack
25.97986602783203,127.0.0.1,8080,127.0.0.1,36600,56,attack
25.992250680923462,127.0.0.1,36600,127.0.0.1,8080,0,attack
25.999319791793823,127.0.0.1,36698,127.0.0.1,8080,163,attack
26.013220071792603,127.0.0.1,36708,127.0.0.1,8080,163,attack
26.031415224075317,127.0.0.1,36634,127.0.0.1,8080,0,attack
26.055221557617188,127.0.0.1,8080,127.0.0.1,36634,56,attack
26.061434984207153,127.0.0.1,8080,127.0.0.1,36698,194,attack
26.069135904312134,127.0.0.1,36698,127.0.0.1,8080,0,attack
26.076831579208374,127.0.0.1,36854,127.0.0.1,8080,163,attack
26.082374095916748,127.0.0.1,36570,127.0.0.1,8080,163,attack
26.08906626701355,127.0.0.1,8080,127.0.0.1,36612,56,attack
26.092323064804077,127.0.0.1,36612,127.0.0.1,8080,0,attack
26.095215559005737,127.0.0.1,36692,127.0.0.1,8080,0,attack
26.097989797592163,127.0.0.1,8080,127.0.0.1,36708,138,attack
26.11187195777893,127.0.0.1,8080,127.0.0.1,36854,138,attack
26.12139081954956,127.0.0.1,8080,127.0.0.1,36854,56,attack
26.14161491394043,127.0.0.1,36770,127.0.0.1,8080,163,attack
26.16982364654541,127.0.0.1,36854,127.0.0.1,8080,0,attack
26.18209481239319,127.0.0.1,36634,127.0.0.1,8080,0,attack
26.22724962234497,127.0.0.1,8080,127.0.0.1,36570,138,attack
26.237859964370728,127.0.0.1,8080,127.0.0.1,36570,56,attack
26.24753761291504,127.0.0.1,8080,127.0.0.1,36770,194,attack
26.263563871383667,127.0.0.1,36770,127.0.0.1,8080,0,attack
26.276844024658203,127.0.0.1,36692,127.0.0.1,8080,163,attack
26.281890869140625,127.0.0.1,36570,127.0.0.1,8080,0,attack
26.288041353225708,127.0.0.1,8080,127.0.0.1,36692,138,attack
26.293895721435547,127.0.0.1,36858,127.0.0.1,8080,163,attack
26.300762176513672,127.0.0.1,8080,127.0.0.1,36644,56,attack
26.315997838974,127.0.0.1,36644,127.0.0.1,8080,0,attack
26.33971929550171,127.0.0.1,8080,127.0.0.1,36858,138,attack
26.356353282928467,127.0.0.1,8080,127.0.0.1,36858,56,attack
26.3600652217865,127.0.0.1,36570,127.0.0.1,8080,163,attack
26.364558696746826,127.0.0.1,36858,127.0.0.1,8080,0,attack
26.369980335235596,127.0.0.1,36716,127.0.0.1,8080,0,attack
26.37642216682434,127.0.0.1,8080,127.0.0.1,36716,56,attack
26.382688283920288,127.0.0.1,36716,127.0.0.1,8080,0,attack
26.389402151107788,127.0.0.1,8080,127.0.0.1,36570,138,attack
26.39763855934143,127.0.0.1,36752,127.0.0.1,8080,0,attack
26.410502433776855,127.0.0.1,8080,127.0.0.1,36752,56,attack
26.42155385017395,127.0.0.1,36752,127.0.0.1,8080,0,attack
26.425490617752075,127.0.0.1,36732,127.0.0.1,8080,0,attack
26.428465127944946,127.0.0.1,8080,127.0.0.1,36924,56,attack
26.43471908569336,127.0.0.1,36924,127.0.0.1,8080,0,attack
26.439581155776978,127.0.0.1,8080,127.0.0.1,36732,56,attack
26.442654848098755,127.0.0.1,36732,127.0.0.1,8080,0,attack
26.497119665145874,127.0.0.1,36716,127.0.0.1,8080,163,attack
26.508058309555054,127.0.0.1,36554,127.0.0.1,8080,0,attack
26.522579431533813,127.0.0.1,36658,127.0.0.1,8080,0,attack
26.54309606552124,127.0.0.1,8080,127.0.0.1,36658,56,attack
26.54880666732788,127.0.0.1,8080,127.0.0.1,36554,56,attack
26.55917477607727,127.0.0.1,36658,127.0.0.1,8080,0,benign
26.586004495620728,127.0.0.1,36554,127.0.0.1,8080,0,benign
26.612746000289917,127.0.0.1,8080,127.0.0.1,36716,138,benign
26.6523916721344,127.0.0.1,36858,127.0.0.1,8080,163,benign
26.668779134750366,127.0.0.1,36732,127.0.0.1,8080,163,benign
26.694374799728394,127.0.0.1,8080,127.0.0.1,36858,138,benign
26.711407899856567,127.0.0.1,8080,127.0.0.1,36732,138,benign
26.720507621765137,127.0.0.1,36854,127.0.0.1,8080,163,benign
26.73137879371643,127.0.0.1,36554,127.0.0.1,8080,163,benign
26.737836837768555,127.0.0.1,8080,127.0.0.1,36854,138,benign
26.77485680580139,127.0.0.1,8080,127.0.0.1,36854,56,benign
26.78649401664734,127.0.0.1,8080,127.0.0.1,36554,138,benign
26.810493230819702,127.0.0.1,8080,127.0.0.1,36634,138,benign
26.847585678100586,127.0.0.1,36708,127.0.0.1,8080,0,benign
26.910260915756226,127.0.0.1,8080,127.0.0.1,36554,138,benign
26.9406795501709,127.0.0.1,8080,127.0.0.1,36708,56,benign
26.998504400253296,127.0.0.1,8080,127.0.0.1,36770,194,benign
27.016305446624756,127.0.0.1,36770,127.0.0.1,8080,0,benign
27.04339098930359,127.0.0.1,36708,127.0.0.1,8080,0,benign
27.076005220413208,127.0.0.1,8080,127.0.0.1,37420,0,benign
27.111858367919922,127.0.0.1,37622,127.0.0.1,8080,0,benign
27.18508529663086,127.0.0.1,8080,127.0.0.1,37622,0,benign
27.239713430404663,127.0.0.1,37622,127.0.0.1,8080,0,benign
27.344569444656372,127.0.0.1,37622,127.0.0.1,8080,163,benign
27.361953020095825,127.0.0.1,8080,127.0.0.1,37622,0,benign
27.413962602615356,127.0.0.1,36814,127.0.0.1,8080,163,benign
27.456931829452515,127.0.0.1,8080,127.0.0.1,36854,56,benign
27.467674255371094,127.0.0.1,36854,127.0.0.1,8080,0,benign
27.47119665145874,127.0.0.1,36708,127.0.0.1,8080,163,benign
27.48513102531433,127.0.0.1,8080,127.0.0.1,36814,138,benign
27.502956867218018,127.0.0.1,36814,127.0.0.1,8080,0,benign
27.524006366729736,127.0.0.1,8080,127.0.0.1,36814,56,benign
27.554535388946533,127.0.0.1,36814,127.0.0.1,8080,0,benign
27.59093427658081,127.0.0.1,36706,127.0.0.1,8080,0,benign
27.617278814315796,127.0.0.1,8080,127.0.0.1,36706,56,benign
27.70026731491089,127.0.0.1,36924,127.0.0.1,8080,163,benign
27.76113510131836,127.0.0.1,8080,127.0.0.1,36708,138,benign
27.797048568725586,127.0.0.1,36706,127.0.0.1,8080,0,benign
27.816888332366943,127.0.0.1,8080,127.0.0.1,36924,194,benign
27.85635805130005,127.0.0.1,36924,127.0.0.1,8080,0,benign
27.988600254058838,127.0.0.1,36770,127.0.0.1,8080,163,benign
28.005232572555542,127.0.0.1,36586,127.0.0.1,8080,163,benign
28.04860830307007,127.0.0.1,36790,127.0.0.1,8080,0,benign
28.082128763198853,127.0.0.1,8080,127.0.0.1,36804,56,benign
28.09946870803833,127.0.0.1,36804,127.0.0.1,8080,0,benign
28.108449697494507,127.0.0.1,8080,127.0.0.1,36770,138,benign
28.125829935073853,127.0.0.1,36924,127.0.0.1,8080,163,benign
28.151509523391724,127.0.0.1,8080,127.0.0.1,36586,138,benign
28.16697907447815,127.0.0.1,8080,127.0.0.1,36790,56,benign
28.20868730545044,127.0.0.1,36790,127.0.0.1,8080,0,benign
28.272682666778564,127.0.0.1,8080,127.0.0.1,36924,138,benign
28.331916570663452,127.0.0.1,36732,127.0.0.1,8080,163,benign
28.395934343338013,127.0.0.1,8080,127.0.0.1,36732,138,benign
28.433637142181396,127.0.0.1,36732,127.0.0.1,8080,0,benign
28.465108394622803,127.0.0.1,36804,127.0.0.1,8080,163,benign
28.502237558364868,127.0.0.1,8080,127.0.0.1,36732,56,benign
28.54901146888733,127.0.0.1,36732,127.0.0.1,8080,0,benign
28.588443994522095,127.0.0.1,8080,127.0.0.1,36804,138,benign
28.6031973361969,127.0.0.1,36570,127.0.0.1,8080,0,benign
28.61078929901123,127.0.0.1,36716,127.0.0.1,8080,0,benign
28.61825156211853,127.0.0.1,8080,127.0.0.1,36716,56,benign
28.625222206115723,127.0.0.1,8080,127.0.0.1,36570,56,benign
28.630815744400024,127.0.0.1,36732,127.0.0.1,8080,163,benign
28.66691541671753,127.0.0.1,36716,127.0.0.1,8080,0,benign
28.71626305580139,127.0.0.1,8080,127.0.0.1,36732,138,benign
28.733712434768677,127.0.0.1,36716,127.0.0.1,8080,163,benign
28.754785537719727,127.0.0.1,36570,127.0.0.1,8080,0,benign
28.769821643829346,127.0.0.1,8080,127.0.0.1,36634,56,benign
28.787221431732178,127.0.0.1,36634,127.0.0.1,8080,0,benign
28.795313119888306,127.0.0.1,36814,127.0.0.1,8080,163,benign
28.802552700042725,127.0.0.1,8080,127.0.0.1,36716,138,benign
28.86951208114624,127.0.0.1,36554,127.0.0.1,8080,0,benign
28.898456811904907,127.0.0.1,8080,127.0.0.1,36814,138,benign
28.9524347782135,127.0.0.1,36790,127.0.0.1,8080,163,benign
28.973562002182007,127.0.0.1,8080,127.0.0.1,36554,56,benign
28.98469591140747,127.0.0.1,36554,127.0.0.1,8080,0,benign
28.9925639629364,127.0.0.1,8080,127.0.0.1,36790,138,benign
28.998225688934326,127.0.0.1,36854,127.0.0.1,8080,163,benign
29.004268169403076,127.0.0.1,36706,127.0.0.1,8080,163,benign
29.018483638763428,127.0.0.1,8080,127.0.0.1,36854,138,benign
29.033629894256592,127.0.0.1,8080,127.0.0.1,36854,56,benign
29.056709051132202,127.0.0.1,36854,127.0.0.1,8080,0,benign
29.061426162719727,127.0.0.1,8080,127.0.0.1,36708,56,benign
29.068543672561646,127.0.0.1,36708,127.0.0.1,8080,0,benign
29.079599142074585,127.0.0.1,8080,127.0.0.1,36706,138,benign
29.101484298706055,127.0.0.1,8080,127.0.0.1,36706,56,benign
29.123444080352783,127.0.0.1,36706,127.0.0.1,8080,0,benign
29.138347387313843,127.0.0.1,37424,127.0.0.1,8080,0,benign
29.176769018173218,127.0.0.1,36570,127.0.0.1,8080,163,benign
29.230526447296143,127.0.0.1,36554,127.0.0.1,8080,163,benign
29.24698257446289,127.0.0.1,8080,127.0.0.1,36770,56,benign
29.256754636764526,127.0.0.1,36770,127.0.0.1,8080,0,benign
29.271058559417725,127.0.0.1,36634,127.0.0.1,8080,163,benign
29.320343017578125,127.0.0.1,36644,127.0.0.1,8080,163,benign
29.337857007980347,127.0.0.1,8080,127.0.0.1,36586,56,benign
29.369307041168213,127.0.0.1,36586,127.0.0.1,8080,0,benign
29.44634771347046,127.0.0.1,36770,127.0.0.1,8080,163,benign
29.48419761657715,127.0.0.1,8080,127.0.0.1,36634,138,benign
29.499533891677856,127.0.0.1,36924,127.0.0.1,8080,0,benign
29.507771492004395,127.0.0.1,8080,127.0.0.1,36924,56,benign
29.51914095878601,127.0.0.1,36924,127.0.0.1,8080,0,benign
29.535218477249146,127.0.0.1,36708,127.0.0.1,8080,163,benign
29.557965517044067,127.0.0.1,8080,127.0.0.1,36570,138,benign
29.600021600723267,127.0.0.1,36854,127.0.0.1,8080,163,benign
29.616290807724,127.0.0.1,36804,127.0.0.1,8080,0,benign
29.621889114379883,127.0.0.1,8080,127.0.0.1,36804,56,benign
29.631365299224854,127.0.0.1,8080,127.0.0.1,36644,138,benign
29.646304607391357,127.0.0.1,36698,127.0.0.1,8080,163,benign
29.66359257698059,127.0.0.1,8080,127.0.0.1,36554,138,benign
29.67392325401306,127.0.0.1,8080,127.0.0.1,36644,56,benign
29.678026914596558,127.0.0.1,36804,127.0.0.1,8080,0,benign
29.68928813934326,127.0.0.1,8080,127.0.0.1,36770,138,benign
29.697400331497192,127.0.0.1,36644,127.0.0.1,8080,0,benign
29.704062700271606,127.0.0.1,8080,127.0.0.1,36708,138,benign
29.708430767059326,127.0.0.1,36732,127.0.0.1,8080,0,benign
29.71170139312744,127.0.0.1,8080,127.0.0.1,36732,56,benign
29.718839406967163,127.0.0.1,8080,127.0.0.1,36854,138,benign
29.721906185150146,127.0.0.1,8080,127.0.0.1,36698,138,benign
29.724976539611816,127.0.0.1,8080,127.0.0.1,36698,56,benign
29.728593587875366,127.0.0.1,8080,127.0.0.1,36716,56,benign
29.733593702316284,127.0.0.1,36716,127.0.0.1,8080,0,benign
29.739346027374268,127.0.0.1,36924,127.0.0.1,8080,163,benign
29.745737314224243,127.0.0.1,37632,127.0.0.1,8080,0,benign
29.75569176673889,127.0.0.1,8080,127.0.0.1,37632,0,benign
29.7590913772583,127.0.0.1,37632,127.0.0.1,8080,0,benign
29.764732599258423,127.0.0.1,36732,127.0.0.1,8080,0,benign
29.7731192111969,127.0.0.1,36790,127.0.0.1,8080,0,benign
29.78388524055481,127.0.0.1,8080,127.0.0.1,36790,56,benign
29.788731813430786,127.0.0.1,8080,127.0.0.1,36924,138,benign
29.79512882232666,127.0.0.1,36698,127.0.0.1,8080,0,benign
29.80038595199585,127.0.0.1,36814,127.0.0.1,8080,0,benign
29.81665563583374,127.0.0.1,8080,127.0.0.1,36814,56,benign
29.83102059364319,127.0.0.1,36814,127.0.0.1,8080,0,benign
29.854440927505493,127.0.0.1,36804,127.0.0.1,8080,163,benign
29.860106945037842,127.0.0.1,8080,127.0.0.1,36804,138,benign
29.865368366241455,127.0.0.1,37632,127.0.0.1,8080,163,benign
29.87121868133545,127.0.0.1,8080,127.0.0.1,37632,0,benign
29.877190351486206,127.0.0.1,36790,127.0.0.1,8080,0,benign
29.8967342376709,127.0.0.1,8080,127.0.0.1,37424,0,benign
29.91383385658264,127.0.0.1,36778,127.0.0.1,8080,0,attack
29.932331323623657,127.0.0.1,8080,127.0.0.1,36706,138,attack
29.953593969345093,127.0.0.1,8080,127.0.0.1,36770,56,attack
29.967055797576904,127.0.0.1,8080,127.0.0.1,36708,56,attack
29.986053943634033,127.0.0.1,36770,127.0.0.1,8080,0,attack
29.99067711830139,127.0.0.1,36708,127.0.0.1,8080,0,attack
30.0006320476532,127.0.0.1,36658,127.0.0.1,8080,0,attack
30.01577091217041,127.0.0.1,36732,127.0.0.1,8080,0,attack
30.019983768463135,127.0.0.1,8080,127.0.0.1,36732,56,attack
30.028648376464844,127.0.0.1,36732,127.0.0.1,8080,0,attack
30.033981561660767,127.0.0.1,36570,127.0.0.1,8080,0,attack
30.053657054901123,127.0.0.1,8080,127.0.0.1,36570,56,attack
30.074479579925537,127.0.0.1,8080,127.0.0.1,36658,56,attack
30.081529140472412,127.0.0.1,36570,127.0.0.1,8080,0,attack
30.090134382247925,127.0.0.1,36658,127.0.0.1,8080,0,attack
30.093775510787964,127.0.0.1,36804,127.0.0.1,8080,0,attack
30.09847903251648,127.0.0.1,36570,127.0.0.1,8080,163,attack
30.101557970046997,127.0.0.1,8080,127.0.0.1,36570,138,attack
30.105610609054565,127.0.0.1,36732,127.0.0.1,8080,163,attack
30.127923488616943,127.0.0.1,36790,127.0.0.1,8080,0,attack
30.132068395614624,127.0.0.1,8080,127.0.0.1,36790,56,attack
30.143197298049927,127.0.0.1,8080,127.0.0.1,36804,56,attack
30.15139675140381,127.0.0.1,36790,127.0.0.1,8080,0,attack
30.156026601791382,127.0.0.1,36804,127.0.0.1,8080,0,attack
30.170355319976807,127.0.0.1,8080,127.0.0.1,36732,138,attack
30.203665256500244,127.0.0.1,36628,127.0.0.1,8080,0,attack
30.272618532180786,127.0.0.1,8080,127.0.0.1,36628,56,attack
30.28365468978882,127.0.0.1,36770,127.0.0.1,8080,163,attack
30.290241479873657,127.0.0.1,36628,127.0.0.1,8080,0,attack
30.294203758239746,127.0.0.1,36658,127.0.0.1,8080,163,attack
30.300532579421997,127.0.0.1,36804,127.0.0.1,8080,163,attack
30.306402921676636,127.0.0.1,36666,127.0.0.1,8080,0,attack
30.319738149642944,127.0.0.1,36600,127.0.0.1,8080,163,attack
30.336641788482666,127.0.0.1,8080,127.0.0.1,36770,138,attack
30.346964597702026,127.0.0.1,8080,127.0.0.1,36658,138,attack
30.39172649383545,127.0.0.1,8080,127.0.0.1,36804,138,attack
30.411075353622437,127.0.0.1,36628,127.0.0.1,8080,163,attack
30.4362952709198,127.0.0.1,8080,127.0.0.1,36666,56,attack
30.45725417137146,127.0.0.1,36666,127.0.0.1,8080,0,attack
30.48202919960022,127.0.0.1,36708,127.0.0.1,8080,163,attack
30.506778717041016,127.0.0.1,8080,127.0.0.1,36600,138,attack
30.530377626419067,127.0.0.1,8080,127.0.0.1,36554,56,attack
30.5392427444458,127.0.0.1,36554,127.0.0.1,8080,0,attack
30.55358099937439,127.0.0.1,8080,127.0.0.1,36628,138,attack
30.588162660598755,127.0.0.1,8080,127.0.0.1,36708,138,attack
30.617166757583618,127.0.0.1,36634,127.0.0.1,8080,163,attack
30.637635946273804,127.0.0.1,36814,127.0.0.1,8080,163,attack
30.645156621932983,127.0.0.1,8080,127.0.0.1,36634,194,attack
30.64865803718567,127.0.0.1,36634,127.0.0.1,8080,0,attack
30.653151750564575,127.0.0.1,8080,127.0.0.1,36814,138,attack
30.657769203186035,127.0.0.1,8080,127.0.0.1,36814,56,attack
30.66120409965515,127.0.0.1,36706,127.0.0.1,8080,0,attack
30.677490711212158,127.0.0.1,36924,127.0.0.1,8080,163,attack
30.697446584701538,127.0.0.1,36634,127.0.0.1,8080,163,attack
30.705219984054565,127.0.0.1,36814,127.0.0.1,8080,0,attack
30.71221137046814,127.0.0.1,36692,127.0.0.1,8080,163,attack
30.734373331069946,127.0.0.1,8080,127.0.0.1,36924,138,attack
30.754807710647583,127.0.0.1,36924,127.0.0.1,8080,0,attack
30.77666997909546,127.0.0.1,8080,127.0.0.1,36706,56,attack
30.813818216323853,127.0.0.1,8080,127.0.0.1,36924,56,attack
30.83609962463379,127.0.0.1,36924,127.0.0.1,8080,0,attack
30.84842610359192,127.0.0.1,8080,127.0.0.1,36634,138,attack
30.883774757385254,127.0.0.1,8080,127.0.0.1,36692,194,attack
30.91324806213379,127.0.0.1,36692,127.0.0.1,8080,0,attack
30.926910400390625,127.0.0.1,36612,127.0.0.1,8080,163,attack
30.944932222366333,127.0.0.1,36924,127.0.0.1,8080,163,attack
30.950051069259644,127.0.0.1,8080,127.0.0.1,36612,138,attack
30.96537160873413,127.0.0.1,36612,127.0.0.1,8080,0,attack
30.980663776397705,127.0.0.1,8080,127.0.0.1,36612,56,attack
30.995851755142212,127.0.0.1,36612,127.0.0.1,8080,0,attack
31.00752091407776,127.0.0.1,36706,127.0.0.1,8080,0,attack
31.01639413833618,127.0.0.1,8080,127.0.0.1,36924,138,attack
31.021442651748657,127.0.0.1,36554,127.0.0.1,8080,163,attack
31.033085584640503,127.0.0.1,8080,127.0.0.1,36554,138,attack
31.041622161865234,127.0.0.1,36790,127.0.0.1,8080,163,attack
31.062912702560425,127.0.0.1,8080,127.0.0.1,36790,138,attack
31.07518219947815,127.0.0.1,37466,127.0.0.1,8080,0,attack
31.084296941757202,127.0.0.1,36612,127.0.0.1,8080,163,attack
31.096495628356934,127.0.0.1,37778,127.0.0.1,8080,0,attack
31.104896306991577,127.0.0.1,8080,127.0.0.1,37778,0,attack
31.1264328956604,127.0.0.1,37778,127.0.0.1,8080,0,attack
31.140886306762695,127.0.0.1,37778,127.0.0.1,8080,163,attack
31.163148164749146,127.0.0.1,8080,127.0.0.1,37778,0,attack
31.173436164855957,127.0.0.1,8080,127.0.0.1,36612,138,attack
31.197781801223755,127.0.0.1,36570,127.0.0.1,8080,0,attack
31.20971441268921,127.0.0.1,36732,127.0.0.1,8080,0,attack
31.224010944366455,127.0.0.1,8080,127.0.0.1,36570,56,attack
31.23460626602173,127.0.0.1,8080,127.0.0.1,36732,56,attack
31.245930433273315,127.0.0.1,36698,127.0.0.1,8080,163,attack
31.2606520652771,127.0.0.1,36570,127.0.0.1,8080,0,attack
31.266058683395386,127.0.0.1,36732,127.0.0.1,8080,0,attack
31.284462690353394,127.0.0.1,8080,127.0.0.1,36698,194,attack
31.30987238883972,127.0.0.1,36698,127.0.0.1,8080,0,attack
31.361387968063354,127.0.0.1,36666,127.0.0.1,8080,163,attack
31.39537525177002,127.0.0.1,36770,127.0.0.1,8080,0,attack
31.426029443740845,127.0.0.1,36804,127.0.0.1,8080,0,attack
31.474698305130005,127.0.0.1,36658,127.0.0.1,8080,0,attack
31.512521266937256,127.0.0.1,8080,127.0.0.1,36770,56,attack
31.55902075767517,127.0.0.1,8080,127.0.0.1,36804,56,attack
31.72000765800476,127.0.0.1,8080,127.0.0.1,36658,56,benign
31.941849946975708,127.0.0.1,36804,127.0.0.1,8080,0,benign
32.0460901260376,127.0.0.1,36658,127.0.0.1,8080,0,benign
32.07882738113403,127.0.0.1,36770,127.0.0.1,8080,0,benign
32.17463207244873,127.0.0.1,8080,127.0.0.1,36666,138,benign
32.24768614768982,127.0.0.1,37476,127.0.0.1,8080,0,benign
32.29095530509949,127.0.0.1,36628,127.0.0.1,8080,0,benign
32.3085401058197,127.0.0.1,8080,127.0.0.1,36708,56,benign
32.31883645057678,127.0.0.1,36708,127.0.0.1,8080,0,benign
32.37644147872925,127.0.0.1,8080,127.0.0.1,36600,56,benign
32.41975498199463,127.0.0.1,8080,127.0.0.1,36628,56,benign
32.4520378112793,127.0.0.1,36600,127.0.0.1,8080,0,benign
32.4654541015625,127.0.0.1,36600,127.0.0.1,8080,0,benign
32.49384117126465,127.0.0.1,36628,127.0.0.1,8080,0,benign
32.511555910110474,127.0.0.1,37790,127.0.0.1,8080,0,benign
32.529388427734375,127.0.0.1,8080,127.0.0.1,37790,0,benign
32.5424427986145,127.0.0.1,37790,127.0.0.1,8080,0,benign
32.59519004821777,127.0.0.1,36804,127.0.0.1,8080,163,benign
32.61214089393616,127.0.0.1,37790,127.0.0.1,8080,163,benign
32.634807109832764,127.0.0.1,8080,127.0.0.1,37790,0,benign
32.66715097427368,127.0.0.1,36708,127.0.0.1,8080,163,benign
32.702744483947754,127.0.0.1,8080,127.0.0.1,36804,138,benign
32.715325355529785,127.0.0.1,8080,127.0.0.1,36708,138,benign
32.728498220443726,127.0.0.1,36600,127.0.0.1,8080,163,benign
32.74954438209534,127.0.0.1,8080,127.0.0.1,36600,138,benign
32.76565217971802,127.0.0.1,36634,127.0.0.1,8080,0,benign
32.77208113670349,127.0.0.1,36924,127.0.0.1,8080,0,benign
32.78503680229187,127.0.0.1,8080,127.0.0.1,36634,56,benign
32.794469118118286,127.0.0.1,8080,127.0.0.1,36924,56,benign
32.81109547615051,127.0.0.1,36924,127.0.0.1,8080,0,benign
32.84484648704529,127.0.0.1,36634,127.0.0.1,8080,0,benign
32.86394286155701,127.0.0.1,36658,127.0.0.1,8080,163,benign
32.87816643714905,127.0.0.1,36628,127.0.0.1,8080,163,benign
32.91653800010681,127.0.0.1,8080,127.0.0.1,36658,138,benign
32.9318368434906,127.0.0.1,8080,127.0.0.1,36628,138,benign
32.93690085411072,127.0.0.1,37478,127.0.0.1,8080,0,benign
32.9431939125061,127.0.0.1,8080,127.0.0.1,36634,56,benign
32.95013499259949,127.0.0.1,8080,127.0.0.1,36732,56,benign
32.95847225189209,127.0.0.1,36732,127.0.0.1,8080,0,benign
32.967522621154785,127.0.0.1,36628,127.0.0.1,8080,163,benign
32.976463317871094,127.0.0.1,36634,127.0.0.1,8080,0,benign
32.9809250831604,127.0.0.1,8080,127.0.0.1,36628,138,benign
32.985732316970825,127.0.0.1,36858,127.0.0.1,8080,0,benign
32.99463629722595,127.0.0.1,8080,127.0.0.1,36858,56,benign
33.00095319747925,127.0.0.1,36858,127.0.0.1,8080,0,benign
33.007004737854004,127.0.0.1,36600,127.0.0.1,8080,163,benign
33.01902151107788,127.0.0.1,36706,127.0.0.1,8080,0,benign
33.03055381774902,127.0.0.1,36924,127.0.0.1,8080,0,benign
33.051985025405884,127.0.0.1,8080,127.0.0.1,36706,56,benign
33.07290434837341,127.0.0.1,8080,127.0.0.1,36924,56,benign
33.12157416343689,127.0.0.1,36706,127.0.0.1,8080,0,benign
33.13426089286804,127.0.0.1,36554,127.0.0.1,8080,163,benign
33.15861248970032,127.0.0.1,36924,127.0.0.1,8080,0,benign
33.16768431663513,127.0.0.1,8080,127.0.0.1,36600,138,benign
33.19039821624756,127.0.0.1,36600,127.0.0.1,8080,0,benign
33.23707151412964,127.0.0.1,8080,127.0.0.1,36600,56,benign
33.25098466873169,127.0.0.1,36600,127.0.0.1,8080,0,benign
33.262290954589844,127.0.0.1,36692,127.0.0.1,8080,0,benign
33.28899621963501,127.0.0.1,36666,127.0.0.1,8080,0,benign
33.297950983047485,127.0.0.1,8080,127.0.0.1,36554,138,benign
33.306376695632935,127.0.0.1,8080,127.0.0.1,36554,56,benign
33.316699743270874,127.0.0.1,8080,127.0.0.1,36666,56,benign
33.32147145271301,127.0.0.1,36634,127.0.0.1,8080,163,benign
33.32576107978821,127.0.0.1,8080,127.0.0.1,36692,56,benign
33.33129262924194,127.0.0.1,36666,127.0.0.1,8080,0,benign
33.35399866104126,127.0.0.1,36554,127.0.0.1,8080,0,benign
33.39419221878052,127.0.0.1,36692,127.0.0.1,8080,0,benign
33.457093954086304,127.0.0.1,8080,127.0.0.1,36634,138,benign
33.47911310195923,127.0.0.1,36858,127.0.0.1,8080,163,benign
33.498687505722046,127.0.0.1,8080,127.0.0.1,36858,138,benign
33.51482152938843,127.0.0.1,36692,127.0.0.1,8080,163,benign
33.53249454498291,127.0.0.1,36666,127.0.0.1,8080,163,benign
33.539894580841064,127.0.0.1,8080,127.0.0.1,36692,138,benign
33.549280643463135,127.0.0.1,36600,127.0.0.1,8080,163,benign
33.5813524723053,127.0.0.1,8080,127.0.0.1,36666,138,benign
33.6057071685791,127.0.0.1,8080,127.0.0.1,36600,138,benign
33.617130279541016,127.0.0.1,36554,127.0.0.1,8080,163,benign
33.634504318237305,127.0.0.1,8080,127.0.0.1,36554,138,benign
33.65845322608948,127.0.0.1,36708,127.0.0.1,8080,163,benign
33.669973373413086,127.0.0.1,36790,127.0.0.1,8080,0,benign
33.68719553947449,127.0.0.1,8080,127.0.0.1,36790,56,benign
33.716174602508545,127.0.0.1,36800,127.0.0.1,8080,163,benign
33.7342734336853,127.0.0.1,36790,127.0.0.1,8080,0,benign
33.74018335342407,127.0.0.1,8080,127.0.0.1,36708,138,benign
33.75124979019165,127.0.0.1,8080,127.0.0.1,36708,56,benign
33.76322913169861,127.0.0.1,8080,127.0.0.1,36800,194,benign
33.76869487762451,127.0.0.1,36708,127.0.0.1,8080,0,benign
33.79101777076721,127.0.0.1,36716,127.0.0.1,8080,163,benign
33.8395471572876,127.0.0.1,8080,127.0.0.1,36716,194,benign
33.85248947143555,127.0.0.1,36716,127.0.0.1,8080,0,benign
33.86080050468445,127.0.0.1,36708,127.0.0.1,8080,163,benign
33.90925693511963,127.0.0.1,36804,127.0.0.1,8080,0,benign
33.91884636878967,127.0.0.1,36790,127.0.0.1,8080,163,benign
33.927072286605835,127.0.0.1,8080,127.0.0.1,36804,56,benign
33.94027590751648,127.0.0.1,36924,127.0.0.1,8080,163,benign
33.95497179031372,127.0.0.1,36804,127.0.0.1,8080,0,benign
33.973886489868164,127.0.0.1,8080,127.0.0.1,36708,138,benign
33.990429162979126,127.0.0.1,36628,127.0.0.1,8080,0,benign
34.01154685020447,127.0.0.1,8080,127.0.0.1,36628,56,benign
34.03699994087219,127.0.0.1,36628,127.0.0.1,8080,0,benign
34.06650638580322,127.0.0.1,8080,127.0.0.1,36790,138,benign
34.08223748207092,127.0.0.1,8080,127.0.0.1,36924,138,benign
34.11523175239563,127.0.0.1,36804,127.0.0.1,8080,163,benign
34.12069344520569,127.0.0.1,36732,127.0.0.1,8080,163,benign
34.134116649627686,127.0.0.1,8080,127.0.0.1,36804,138,benign
34.156869411468506,127.0.0.1,8080,127.0.0.1,36732,194,benign
34.18858313560486,127.0.0.1,36732,127.0.0.1,8080,0,benign
34.21295428276062,127.0.0.1,36778,127.0.0.1,8080,163,benign
34.23814582824707,127.0.0.1,8080,127.0.0.1,36778,194,benign
34.24456262588501,127.0.0.1,36778,127.0.0.1,8080,0,benign
34.24910116195679,127.0.0.1,36732,127.0.0.1,8080,163,benign
34.26098608970642,127.0.0.1,36716,127.0.0.1,8080,163,benign
34.276747703552246,127.0.0.1,8080,127.0.0.1,36732,138,benign
34.29732799530029,127.0.0.1,8080,127.0.0.1,36634,56,benign
34.319798946380615,127.0.0.1,36634,127.0.0.1,8080,0,benign
34.337859869003296,127.0.0.1,8080,127.0.0.1,36716,138,benign
34.34508275985718,127.0.0.1,8080,127.0.0.1,36858,56,benign
34.35060405731201,127.0.0.1,36858,127.0.0.1,8080,0,benign
34.35506248474121,127.0.0.1,8080,127.0.0.1,36692,56,benign
34.36284255981445,127.0.0.1,36692,127.0.0.1,8080,0,benign
34.40937399864197,127.0.0.1,36600,127.0.0.1,8080,0,benign
34.4381365776062,127.0.0.1,36666,127.0.0.1,8080,0,benign
34.45169162750244,127.0.0.1,8080,127.0.0.1,36666,56,benign
34.492939949035645,127.0.0.1,36666,127.0.0.1,8080,0,benign
34.51310324668884,127.0.0.1,36692,127.0.0.1,8080,163,benign
34.54242300987244,127.0.0.1,8080,127.0.0.1,36600,56,benign
34.58343172073364,127.0.0.1,36600,127.0.0.1,8080,0,benign
34.645885705947876,127.0.0.1,36634,127.0.0.1,8080,163,benign
34.678739070892334,127.0.0.1,8080,127.0.0.1,36692,138,benign
34.70761680603027,127.0.0.1,8080,127.0.0.1,36634,138,benign
34.720882177352905,127.0.0.1,36554,127.0.0.1,8080,0,benign
34.75622248649597,127.0.0.1,8080,127.0.0.1,36554,56,benign
34.78656768798828,127.0.0.1,36554,127.0.0.1,8080,0,benign
34.80363607406616,127.0.0.1,36666,127.0.0.1,8080,163,benign
34.81908702850342,127.0.0.1,36858,127.0.0.1,8080,163,benign
34.8419976234436,127.0.0.1,36800,127.0.0.1,8080,0,benign
34.855308055877686,127.0.0.1,37646,127.0.0.1,8080,0,benign
34.890790700912476,127.0.0.1,8080,127.0.0.1,36666,138,benign
34.90389275550842,127.0.0.1,8080,127.0.0.1,36858,138,benign
34.91909718513489,127.0.0.1,36600,127.0.0.1,8080,163,benign
34.930323123931885,127.0.0.1,36706,127.0.0.1,8080,163,benign
34.933738470077515,127.0.0.1,8080,127.0.0.1,36600,138,benign
34.94007682800293,127.0.0.1,8080,127.0.0.1,36706,194,benign
34.94645667076111,127.0.0.1,36706,127.0.0.1,8080,0,benign
34.96673941612244,127.0.0.1,36708,127.0.0.1,8080,0,benign
34.983006954193115,127.0.0.1,8080,127.0.0.1,36708,56,benign
34.99801588058472,127.0.0.1,46650,127.0.0.1,8080,0,benign
35.0073401927948,127.0.0.1,8080,127.0.0.1,46650,0,benign
35.040226459503174,127.0.0.1,46650,127.0.0.1,8080,0,benign
35.046562910079956,127.0.0.1,36708,127.0.0.1,8080,0,benign
35.063074588775635,127.0.0.1,46650,127.0.0.1,8080,163,benign
35.08078408241272,127.0.0.1,8080,127.0.0.1,46650,0,benign
35.116844177246094,127.0.0.1,46658,127.0.0.1,8080,0,benign
35.12972664833069,127.0.0.1,8080,127.0.0.1,46658,0,benign
35.137152433395386,127.0.0.1,46658,127.0.0.1,8080,0,benign
35.14092135429382,127.0.0.1,46658,127.0.0.1,8080,163,benign
35.144115924835205,127.0.0.1,8080,127.0.0.1,46658,0,benign
35.14819312095642,127.0.0.1,36708,127.0.0.1,8080,163,benign
35.15571475028992,127.0.0.1,8080,127.0.0.1,36708,138,benign
35.16032695770264,127.0.0.1,36770,127.0.0.1,8080,163,benign
35.1705904006958,127.0.0.1,36790,127.0.0.1,8080,0,benign
35.19698882102966,127.0.0.1,36804,127.0.0.1,8080,0,benign
35.22266101837158,127.0.0.1,36924,127.0.0.1,8080,0,benign
35.23813581466675,127.0.0.1,8080,127.0.0.1,36924,56,benign
35.249080419540405,127.0.0.1,8080,127.0.0.1,36804,56,benign
35.25468182563782,127.0.0.1,8080,127.0.0.1,36790,56,benign
35.26321721076965,127.0.0.1,36554,127.0.0.1,8080,163,benign
35.28033757209778,127.0.0.1,36800,127.0.0.1,8080,163,benign
35.29710102081299,127.0.0.1,36924,127.0.0.1,8080,0,benign
35.32420754432678,127.0.0.1,8080,127.0.0.1,36770,138,benign
35.3443877696991,127.0.0.1,8080,127.0.0.1,36770,56,benign
35.35259294509888,127.0.0.1,36770,127.0.0.1,8080,0,benign
35.3563551902771,127.0.0.1,36804,127.0.0.1,8080,0,benign
35.35959243774414,127.0.0.1,36732,127.0.0.1,8080,0,benign
35.36579179763794,127.0.0.1,8080,127.0.0.1,36732,56,benign
35.3773295879364,127.0.0.1,36732,127.0.0.1,8080,0,benign
35.40340447425842,127.0.0.1,36790,127.0.0.1,8080,0,benign
35.422338008880615,127.0.0.1,8080,127.0.0.1,36554,138,benign
35.45274615287781,127.0.0.1,8080,127.0.0.1,36800,194,benign
35.481767654418945,127.0.0.1,36800,127.0.0.1,8080,0,benign
35.50462245941162,127.0.0.1,36716,127.0.0.1,8080,0,benign
35.52526307106018,127.0.0.1,8080,127.0.0.1,36716,56,benign
35.5377402305603,127.0.0.1,36716,127.0.0.1,8080,0,benign
35.55655026435852,127.0.0.1,36924,127.0.0.1,8080,0,benign
35.58562254905701,127.0.0.1,36716,127.0.0.1,8080,0,benign
35.605427503585815,127.0.0.1,8080,127.0.0.1,36924,56,benign
35.63055491447449,127.0.0.1,8080,127.0.0.1,36716,56,benign
35.64626860618591,127.0.0.1,36924,127.0.0.1,8080,0,benign
35.66346526145935,127.0.0.1,36924,127.0.0.1,8080,163,benign
35.69427442550659,127.0.0.1,36716,127.0.0.1,8080,0,benign
35.710768938064575,127.0.0.1,36570,127.0.0.1,8080,0,benign
35.72409439086914,127.0.0.1,8080,127.0.0.1,36924,138,benign
35.75127553939819,127.0.0.1,8080,127.0.0.1,36570,56,benign
35.77482891082764,127.0.0.1,36570,127.0.0.1,8080,0,benign
35.813013553619385,127.0.0.1,36658,127.0.0.1,8080,163,benign
35.836881160736084,127.0.0.1,8080,127.0.0.1,36706,56,benign
35.862189054489136,127.0.0.1,36706,127.0.0.1,8080,0,benign
35.892152309417725,127.0.0.1,36716,127.0.0.1,8080,163,benign
35.91008114814758,127.0.0.1,8080,127.0.0.1,36658,138,benign
35.94278287887573,127.0.0.1,36706,127.0.0.1,8080,163,benign
35.95396661758423,127.0.0.1,8080,127.0.0.1,36716,138,benign
35.960339069366455,127.0.0.1,8080,127.0.0.1,36706,138,benign
35.97032451629639,127.0.0.1,36570,127.0.0.1,8080,163,benign
35.98808932304382,127.0.0.1,8080,127.0.0.1,36570,138,benign
36.01153087615967,127.0.0.1,8080,127.0.0.1,36666,56,benign
36.04103136062622,127.0.0.1,36666,127.0.0.1,8080,0,benign
36.06527924537659,127.0.0.1,8080,127.0.0.1,37876,0,benign
36.09021186828613,127.0.0.1,36666,127.0.0.1,8080,0,benign
36.1258647441864,127.0.0.1,8080,127.0.0.1,37892,0,benign
36.1489474773407,127.0.0.1,36666,127.0.0.1,8080,163,benign
36.16274404525757,127.0.0.1,36814,127.0.0.1,8080,163,benign
36.1751766204834,127.0.0.1,46870,127.0.0.1,8080,0,benign
36.20129728317261,127.0.0.1,8080,127.0.0.1,46870,0,benign
36.23240280151367,127.0.0.1,46870,127.0.0.1,8080,0,benign
36.258310317993164,127.0.0.1,46870,127.0.0.1,8080,163,benign
36.30466890335083,127.0.0.1,8080,127.0.0.1,46870,0,benign
36.32829236984253,127.0.0.1,36612,127.0.0.1,8080,163,benign
36.33948349952698,127.0.0.1,8080,127.0.0.1,36666,138,benign
36.346641063690186,127.0.0.1,8080,127.0.0.1,36814,138,benign
36.35600209236145,127.0.0.1,8080,127.0.0.1,36814,56,benign
36.37177228927612,127.0.0.1,36814,127.0.0.1,8080,0,benign
36.37954807281494,127.0.0.1,36644,127.0.0.1,8080,163,benign
36.3848090171814,127.0.0.1,8080,127.0.0.1,36612,138,benign
36.3880410194397,127.0.0.1,8080,127.0.0.1,36612,56,benign
36.40051531791687,127.0.0.1,36628,127.0.0.1,8080,0,benign
36.419594526290894,127.0.0.1,36612,127.0.0.1,8080,0,benign
36.43479919433594,127.0.0.1,37902,127.0.0.1,8080,0,benign
36.45723080635071,127.0.0.1,8080,127.0.0.1,36628,56,benign
36.47221899032593,127.0.0.1,8080,127.0.0.1,36644,138,benign
36.48899817466736,127.0.0.1,8080,127.0.0.1,36644,56,benign
36.503573179244995,127.0.0.1,36628,127.0.0.1,8080,0,benign
36.518176317214966,127.0.0.1,36612,127.0.0.1,8080,163,benign
36.52768278121948,127.0.0.1,36644,127.0.0.1,8080,0,benign
36.53099727630615,127.0.0.1,36814,127.0.0.1,8080,163,benign
36.5339674949646,127.0.0.1,36800,127.0.0.1,8080,163,benign
36.54663825035095,127.0.0.1,8080,127.0.0.1,36612,138,benign
36.55231523513794,127.0.0.1,36790,127.0.0.1,8080,0,benign
36.559199810028076,127.0.0.1,8080,127.0.0.1,36790,56,benign
36.57905387878418,127.0.0.1,36644,127.0.0.1,8080,163,benign
36.63957858085632,127.0.0.1,8080,127.0.0.1,36814,138,benign
36.667815923690796,127.0.0.1,36790,127.0.0.1,8080,0,benign
36.683268547058105,127.0.0.1,8080,127.0.0.1,36800,138,benign
36.69581460952759,127.0.0.1,8080,127.0.0.1,36800,56,benign
36.72553563117981,127.0.0.1,36800,127.0.0.1,8080,0,benign
36.738199949264526,127.0.0.1,8080,127.0.0.1,36644,138,benign
36.74325633049011,127.0.0.1,36770,127.0.0.1,8080,163,benign
36.75465655326843,127.0.0.1,8080,127.0.0.1,36770,194,benign
36.780333518981934,127.0.0.1,36790,127.0.0.1,8080,163,benign
36.786221504211426,127.0.0.1,8080,127.0.0.1,36790,138,benign
36.7989444732666,127.0.0.1,46878,127.0.0.1,8080,0,benign
36.82628107070923,127.0.0.1,8080,127.0.0.1,46878,0,benign
36.830562591552734,127.0.0.1,46878,127.0.0.1,8080,0,benign
36.83434510231018,127.0.0.1,36770,127.0.0.1,8080,163,benign
36.838841915130615,127.0.0.1,46878,127.0.0.1,8080,163,benign
36.84743642807007,127.0.0.1,8080,127.0.0.1,46878,0,benign
36.85112380981445,127.0.0.1,46880,127.0.0.1,8080,0,benign
36.86406970024109,127.0.0.1,8080,127.0.0.1,46880,0,benign
36.87748670578003,127.0.0.1,46880,127.0.0.1,8080,0,benign
36.886223554611206,127.0.0.1,36924,127.0.0.1,8080,0,benign
36.89113998413086,127.0.0.1,8080,127.0.0.1,36924,56,benign
36.894753217697144,127.0.0.1,36924,127.0.0.1,8080,0,benign
36.897464752197266,127.0.0.1,36698,127.0.0.1,8080,163,benign
36.90137434005737,127.0.0.1,8080,127.0.0.1,36770,138,benign
36.904545068740845,127.0.0.1,36924,127.0.0.1,8080,163,benign
36.910603046417236,127.0.0.1,46880,127.0.0.1,8080,163,benign
36.914676904678345,127.0.0.1,8080,127.0.0.1,46880,0,benign
36.920377254486084,127.0.0.1,8080,127.0.0.1,36698,194,benign
36.92464804649353,127.0.0.1,36698,127.0.0.1,8080,0,benign
36.928369760513306,127.0.0.1,36716,127.0.0.1,8080,0,benign
36.93115234375,127.0.0.1,8080,127.0.0.1,36658,56,benign
36.93392300605774,127.0.0.1,8080,127.0.0.1,36716,56,benign
36.94104862213135,127.0.0.1,36658,127.0.0.1,8080,0,benign
36.94749617576599,127.0.0.1,8080,127.0.0.1,36924,138,benign
36.95861101150513,127.0.0.1,36628,127.0.0.1,8080,163,benign
36.9630811214447,127.0.0.1,36716,127.0.0.1,8080,0,benign
36.969252586364746,127.0.0.1,36706,127.0.0.1,8080,0,benign
36.97248077392578,127.0.0.1,8080,127.0.0.1,36628,138,benign
36.975841999053955,127.0.0.1,8080,127.0.0.1,36706,56,benign
36.98096179962158,127.0.0.1,8080,127.0.0.1,36570,56,benign
37.001121044158936,127.0.0.1,36570,127.0.0.1,8080,0,benign
37.01169228553772,127.0.0.1,36752,127.0.0.1,8080,163,benign
37.01789569854736,127.0.0.1,8080,127.0.0.1,36752,138,benign
37.02538847923279,127.0.0.1,8080,127.0.0.1,36752,56,benign
37.03811740875244,127.0.0.1,36752,127.0.0.1,8080,0,benign
37.0605685710907,127.0.0.1,36706,127.0.0.1,8080,0,benign
37.06915235519409,127.0.0.1,36586,127.0.0.1,8080,163,benign
37.072991371154785,127.0.0.1,8080,127.0.0.1,36586,194,benign
37.08115220069885,127.0.0.1,36586,127.0.0.1,8080,0,benign
37.088441610336304,127.0.0.1,8080,127.0.0.1,36666,56,benign
37.10107207298279,127.0.0.1,36666,127.0.0.1,8080,0,benign
37.11986780166626,127.0.0.1,36706,127.0.0.1,8080,163,benign
37.123080253601074,127.0.0.1,36752,127.0.0.1,8080,163,benign
37.12907314300537,127.0.0.1,8080,127.0.0.1,36706,138,benign
37.13454556465149,127.0.0.1,36658,127.0.0.1,8080,163,benign
37.146727561950684,127.0.0.1,37918,127.0.0.1,8080,0,benign
37.15267777442932,127.0.0.1,8080,127.0.0.1,36752,138,benign
37.160102128982544,127.0.0.1,8080,127.0.0.1,36658,138,benign
37.168412923812866,127.0.0.1,36698,127.0.0.1,8080,163,benign
37.1723198890686,127.0.0.1,8080,127.0.0.1,36698,138,benign
37.17524218559265,127.0.0.1,36612,127.0.0.1,8080,0,benign
37.17825794219971,127.0.0.1,8080,127.0.0.1,37902,0,benign
37.18259906768799,127.0.0.1,36644,127.0.0.1,8080,0,benign
37.186553716659546,127.0.0.1,8080,127.0.0.1,36612,56,benign
37.19535970687866,127.0.0.1,8080,127.0.0.1,36644,56,benign
37.20400619506836,127.0.0.1,8080,127.0.0.1,36814,56,benign
37.22679686546326,127.0.0.1,36814,127.0.0.1,8080,0,benign
37.2342746257782,127.0.0.1,36644,127.0.0.1,8080,0,benign
37.23782300949097,127.0.0.1,36612,127.0.0.1,8080,0,benign
37.240681648254395,127.0.0.1,46896,127.0.0.1,8080,0,benign
37.244946241378784,127.0.0.1,8080,127.0.0.1,46896,0,benign
37.25252056121826,127.0.0.1,46896,127.0.0.1,8080,0,benign
37.259366035461426,127.0.0.1,37922,127.0.0.1,8080,0,benign
37.26230239868164,127.0.0.1,36600,127.0.0.1,8080,163,benign
37.27112603187561,127.0.0.1,36666,127.0.0.1,8080,163,benign
37.27772283554077,127.0.0.1,8080,127.0.0.1,36600,194,benign
37.292189598083496,127.0.0.1,36600,127.0.0.1,8080,0,benign
37.30051851272583,127.0.0.1,36644,127.0.0.1,8080,163,benign
37.338282346725464,127.0.0.1,8080,127.0.0.1,36790,56,benign
37.37696671485901,127.0.0.1,36790,127.0.0.1,8080,0,benign
37.39740228652954,127.0.0.1,36814,127.0.0.1,8080,163,benign
37.43674111366272,127.0.0.1,36790,127.0.0.1,8080,163,benign
37.46259260177612,127.0.0.1,46896,127.0.0.1,8080,163,benign
37.496471643447876,127.0.0.1,8080,127.0.0.1,46896,0,benign
37.50876045227051,127.0.0.1,8080,127.0.0.1,36666,138,benign
37.51919913291931,127.0.0.1,36586,127.0.0.1,8080,163,benign
37.53972339630127,127.0.0.1,36770,127.0.0.1,8080,0,benign
37.55492901802063,127.0.0.1,36924,127.0.0.1,8080,0,benign
37.58505821228027,127.0.0.1,8080,127.0.0.1,36644,138,benign
37.59875440597534,127.0.0.1,8080,127.0.0.1,36924,56,benign
37.609933376312256,127.0.0.1,8080,127.0.0.1,36770,56,benign
37.61525869369507,127.0.0.1,36770,127.0.0.1,8080,0,benign
37.62196755409241,127.0.0.1,36924,127.0.0.1,8080,0,benign
37.62986636161804,127.0.0.1,8080,127.0.0.1,36814,138,benign
37.64067530632019,127.0.0.1,8080,127.0.0.1,36790,138,benign
37.657214879989624,127.0.0.1,8080,127.0.0.1,36586,138,benign
37.686352491378784,127.0.0.1,8080,127.0.0.1,36628,56,benign
37.69766449928284,127.0.0.1,36628,127.0.0.1,8080,0,benign
37.72882533073425,127.0.0.1,8080,127.0.0.1,36804,194,benign
37.76161813735962,127.0.0.1,36770,127.0.0.1,8080,163,benign
37.78068137168884,127.0.0.1,36716,127.0.0.1,8080,0,benign
37.79373002052307,127.0.0.1,46998,127.0.0.1,8080,0,benign
37.80740761756897,127.0.0.1,8080,127.0.0.1,46998,0,benign
37.815086364746094,127.0.0.1,46998,127.0.0.1,8080,0,benign
37.823437213897705,127.0.0.1,8080,127.0.0.1,36924,138,benign
37.833128213882446,127.0.0.1,36746,127.0.0.1,8080,0,benign
37.84146189689636,127.0.0.1,8080,127.0.0.1,36746,56,benign
37.85116267204285,127.0.0.1,36746,127.0.0.1,8080,0,benign
37.86249804496765,127.0.0.1,8080,127.0.0.1,36554,138,benign
37.86721420288086,127.0.0.1,36554,127.0.0.1,8080,0,benign
37.87396454811096,127.0.0.1,36778,127.0.0.1,8080,163,benign
37.87771654129028,127.0.0.1,8080,127.0.0.1,36554,56,benign
37.881115674972534,127.0.0.1,36554,127.0.0.1,8080,0,benign
37.91227889060974,127.0.0.1,8080,127.0.0.1,36586,194,benign
37.930386543273926,127.0.0.1,46676,127.0.0.1,8080,0,benign
37.94190835952759,127.0.0.1,36628,127.0.0.1,8080,0,benign
37.95600867271423,127.0.0.1,8080,127.0.0.1,36628,56,benign
37.96955990791321,127.0.0.1,8080,127.0.0.1,36658,56,benign
37.975953578948975,127.0.0.1,8080,127.0.0.1,36706,56,benign
37.98119139671326,127.0.0.1,36658,127.0.0.1,8080,0,benign
37.98628902435303,127.0.0.1,36706,127.0.0.1,8080,0,benign
37.99515628814697,127.0.0.1,8080,127.0.0.1,36770,138,benign
38.012091636657715,127.0.0.1,8080,127.0.0.1,36778,138,benign
38.026140451431274,127.0.0.1,36708,127.0.0.1,8080,0,benign
38.034456729888916,127.0.0.1,36692,127.0.0.1,8080,163,benign
38.04031586647034,127.0.0.1,8080,127.0.0.1,36708,56,benign
38.0508074760437,127.0.0.1,36708,127.0.0.1,8080,0,benign
38.062002420425415,127.0.0.1,36628,127.0.0.1,8080,0,benign
38.070335388183594,127.0.0.1,46998,127.0.0.1,8080,163,benign
38.079819440841675,127.0.0.1,8080,127.0.0.1,46998,0,benign
38.089725732803345,127.0.0.1,36658,127.0.0.1,8080,163,benign
38.10150480270386,127.0.0.1,8080,127.0.0.1,36692,194,benign
38.131781816482544,127.0.0.1,36692,127.0.0.1,8080,0,benign
38.20362997055054,127.0.0.1,36612,127.0.0.1,8080,0,benign
38.21041965484619,127.0.0.1,8080,127.0.0.1,36612,56,benign
38.22178387641907,127.0.0.1,8080,127.0.0.1,36658,138,benign
38.24275827407837,127.0.0.1,36708,127.0.0.1,8080,163,benign
38.258365631103516,127.0.0.1,36628,127.0.0.1,8080,163,benign
38.27870273590088,127.0.0.1,8080,127.0.0.1,36708,138,benign
38.290013790130615,127.0.0.1,36612,127.0.0.1,8080,0,benign
38.30452251434326,127.0.0.1,36634,127.0.0.1,8080,0,benign
38.31654143333435,127.0.0.1,8080,127.0.0.1,36790,56,benign
38.31970024108887,127.0.0.1,8080,127.0.0.1,36634,56,benign
38.322686433792114,127.0.0.1,36790,127.0.0.1,8080,0,benign
38.33593416213989,127.0.0.1,36634,127.0.0.1,8080,0,benign
38.34556460380554,127.0.0.1,8080,127.0.0.1,36628,138,benign
38.3654363155365,127.0.0.1,8080,127.0.0.1,36666,56,benign
38.374212980270386,127.0.0.1,36666,127.0.0.1,8080,0,benign
38.3827109336853,127.0.0.1,36698,127.0.0.1,8080,163,benign
38.39358377456665,127.0.0.1,8080,127.0.0.1,36698,138,benign
38.39699029922485,127.0.0.1,36600,127.0.0.1,8080,0,benign
38.4030179977417,127.0.0.1,36800,127.0.0.1,8080,0,benign
38.40736937522888,127.0.0.1,8080,127.0.0.1,36600,56,benign
38.41240167617798,127.0.0.1,8080,127.0.0.1,36800,56,benign
38.419039487838745,127.0.0.1,36600,127.0.0.1,8080,0,benign
38.43517017364502,127.0.0.1,36692,127.0.0.1,8080,163,benign
38.44909691810608,127.0.0.1,36800,127.0.0.1,8080,0,benign
38.45691227912903,127.0.0.1,36800,127.0.0.1,8080,163,benign
38.47080588340759,127.0.0.1,8080,127.0.0.1,36692,138,benign
38.50208616256714,127.0.0.1,36634,127.0.0.1,8080,163,benign
38.52917551994324,127.0.0.1,8080,127.0.0.1,36644,56,benign
38.56135320663452,127.0.0.1,36644,127.0.0.1,8080,0,benign
38.60458993911743,127.0.0.1,36790,127.0.0.1,8080,163,benign
38.62155866622925,127.0.0.1,8080,127.0.0.1,36800,138,benign
38.62943458557129,127.0.0.1,36586,127.0.0.1,8080,163,benign
38.634857416152954,127.0.0.1,36752,127.0.0.1,8080,0,benign
38.6406991481781,127.0.0.1,8080,127.0.0.1,36752,56,benign
38.64404034614563,127.0.0.1,36752,127.0.0.1,8080,0,benign
38.646764516830444,127.0.0.1,8080,127.0.0.1,36634,138,benign
38.654332637786865,127.0.0.1,8080,127.0.0.1,36790,138,benign
38.659332275390625,127.0.0.1,8080,127.0.0.1,36586,138,benign
38.669671297073364,127.0.0.1,36612,127.0.0.1,8080,163,benign
38.68308734893799,127.0.0.1,36814,127.0.0.1,8080,0,benign
38.70357322692871,127.0.0.1,8080,127.0.0.1,36814,56,benign
38.72523260116577,127.0.0.1,36814,127.0.0.1,8080,0,benign
38.740811586380005,127.0.0.1,36804,127.0.0.1,8080,163,benign
38.74662685394287,127.0.0.1,8080,127.0.0.1,36612,138,benign
38.75537347793579,127.0.0.1,36666,127.0.0.1,8080,163,benign
38.766361236572266,127.0.0.1,8080,127.0.0.1,36804,138,benign
38.80626344680786,127.0.0.1,36924,127.0.0.1,8080,0,benign
38.86156678199768,127.0.0.1,8080,127.0.0.1,36924,56,benign
38.87610340118408,127.0.0.1,8080,127.0.0.1,36804,56,benign
38.92060303688049,127.0.0.1,8080,127.0.0.1,36666,138,benign
38.94575810432434,127.0.0.1,36924,127.0.0.1,8080,0,benign
38.99179792404175,127.0.0.1,8080,127.0.0.1,46676,0,benign
39.0341260433197,127.0.0.1,36804,127.0.0.1,8080,0,benign
39.057902336120605,127.0.0.1,36814,127.0.0.1,8080,163,benign
39.080572843551636,127.0.0.1,36716,127.0.0.1,8080,163,benign
39.09779357910156,127.0.0.1,36644,127.0.0.1,8080,163,benign
39.11543273925781,127.0.0.1,36778,127.0.0.1,8080,0,benign
39.143415451049805,127.0.0.1,36770,127.0.0.1,8080,0,benign
39.17369794845581,127.0.0.1,8080,127.0.0.1,36716,138,benign
39.19690728187561,127.0.0.1,36716,127.0.0.1,8080,0,benign
39.2132351398468,127.0.0.1,8080,127.0.0.1,36814,138,benign
39.218966484069824,127.0.0.1,8080,127.0.0.1,36716,56,benign
39.228113889694214,127.0.0.1,36716,127.0.0.1,8080,0,benign
39.240458726882935,127.0.0.1,8080,127.0.0.1,36644,138,benign
39.25798583030701,127.0.0.1,8080,127.0.0.1,36778,56,benign
39.27424693107605,127.0.0.1,8080,127.0.0.1,36770,56,benign
39.282005310058594,127.0.0.1,36770,127.0.0.1,8080,0,benign
39.29201531410217,127.0.0.1,36778,127.0.0.1,8080,0,benign
39.33311986923218,127.0.0.1,36716,127.0.0.1,8080,163,benign
39.337910652160645,127.0.0.1,36804,127.0.0.1,8080,163,benign
39.341856479644775,127.0.0.1,36708,127.0.0.1,8080,0,benign
39.357601165771484,127.0.0.1,36658,127.0.0.1,8080,0,benign
39.38402962684631,127.0.0.1,36770,127.0.0.1,8080,163,benign
39.407145500183105,127.0.0.1,8080,127.0.0.1,36708,56,benign
39.41612195968628,127.0.0.1,8080,127.0.0.1,36658,56,benign
39.423118591308594,127.0.0.1,36708,127.0.0.1,8080,0,benign
39.427294969558716,127.0.0.1,36658,127.0.0.1,8080,0,benign
39.43059539794922,127.0.0.1,8080,127.0.0.1,36716,138,benign
39.43453574180603,127.0.0.1,8080,127.0.0.1,36628,56,benign
39.43833827972412,127.0.0.1,36628,127.0.0.1,8080,0,benign
39.44845771789551,127.0.0.1,8080,127.0.0.1,36804,138,benign
39.46764898300171,127.0.0.1,8080,127.0.0.1,36770,138,benign
39.47720527648926,127.0.0.1,36752,127.0.0.1,8080,163,benign
39.48562264442444,127.0.0.1,36698,127.0.0.1,8080,0,benign
39.49499177932739,127.0.0.1,36628,127.0.0.1,8080,163,benign
39.499534130096436,127.0.0.1,8080,127.0.0.1,36752,138,benign
39.51109528541565,127.0.0.1,8080,127.0.0.1,36628,138,benign
39.51973247528076,127.0.0.1,36692,127.0.0.1,8080,0,benign
39.526541233062744,127.0.0.1,8080,127.0.0.1,36692,56,benign
39.5305061340332,127.0.0.1,36692,127.0.0.1,8080,0,benign
39.534958839416504,127.0.0.1,8080,127.0.0.1,36698,56,benign
39.54457473754883,127.0.0.1,36698,127.0.0.1,8080,0,benign
39.549889087677,127.0.0.1,36698,127.0.0.1,8080,163,benign
39.562167167663574,127.0.0.1,36708,127.0.0.1,8080,163,benign
39.569082736968994,127.0.0.1,36800,127.0.0.1,8080,0,benign
39.57784414291382,127.0.0.1,36586,127.0.0.1,8080,0,benign
39.60389590263367,127.0.0.1,36790,127.0.0.1,8080,0,benign
39.631203174591064,127.0.0.1,36634,127.0.0.1,8080,0,benign
39.63716745376587,127.0.0.1,8080,127.0.0.1,36800,56,benign
39.6415069103241,127.0.0.1,8080,127.0.0.1,36790,56,benign
39.64833164215088,127.0.0.1,8080,127.0.0.1,36634,56,benign
39.67372155189514,127.0.0.1,8080,127.0.0.1,36586,56,benign
39.68480396270752,127.0.0.1,36634,127.0.0.1,8080,0,benign
39.688777446746826,127.0.0.1,36800,127.0.0.1,8080,0,benign
39.69815373420715,127.0.0.1,36586,127.0.0.1,8080,0,benign
39.70216679573059,127.0.0.1,8080,127.0.0.1,36698,138,benign
39.71650171279907,127.0.0.1,36790,127.0.0.1,8080,0,benign
39.72091007232666,127.0.0.1,8080,127.0.0.1,36708,138,benign
39.72371006011963,127.0.0.1,46682,127.0.0.1,8080,0,benign
39.733365535736084,127.0.0.1,36692,127.0.0.1,8080,163,benign
39.74207305908203,127.0.0.1,8080,127.0.0.1,36612,56,benign
39.75778532028198,127.0.0.1,36612,127.0.0.1,8080,0,benign
39.77533483505249,127.0.0.1,36612,127.0.0.1,8080,0,benign
39.77875757217407,127.0.0.1,8080,127.0.0.1,36692,138,benign
39.78568649291992,127.0.0.1,36800,127.0.0.1,8080,163,benign
39.79915428161621,127.0.0.1,36666,127.0.0.1,8080,0,benign
39.823827266693115,127.0.0.1,8080,127.0.0.1,36666,56,benign
39.84218788146973,127.0.0.1,36746,127.0.0.1,8080,163,benign
39.8496527671814,127.0.0.1,36666,127.0.0.1,8080,0,benign
39.85920071601868,127.0.0.1,8080,127.0.0.1,36800,138,benign
39.88228106498718,127.0.0.1,36658,127.0.0.1,8080,163,benign
39.890907764434814,127.0.0.1,8080,127.0.0.1,36746,138,benign
39.90633177757263,127.0.0.1,36746,127.0.0.1,8080,0,benign
39.920546770095825,127.0.0.1,36814,127.0.0.1,8080,0,benign
39.930959939956665,127.0.0.1,8080,127.0.0.1,36746,56,benign
39.94255208969116,127.0.0.1,36746,127.0.0.1,8080,0,benign
39.97714042663574,127.0.0.1,36644,127.0.0.1,8080,0,benign
39.99186682701111,127.0.0.1,8080,127.0.0.1,36814,56,benign
40.0023512840271,127.0.0.1,36814,127.0.0.1,8080,0,benign
40.00860238075256,127.0.0.1,36666,127.0.0.1,8080,163,benign
40.01343011856079,127.0.0.1,8080,127.0.0.1,36658,138,benign
40.02273201942444,127.0.0.1,36924,127.0.0.1,8080,163,benign
40.030821800231934,127.0.0.1,8080,127.0.0.1,36666,138,benign
40.03958344459534,127.0.0.1,8080,127.0.0.1,36644,56,benign
40.047707319259644,127.0.0.1,36746,127.0.0.1,8080,163,benign
40.0655472278595,127.0.0.1,36644,127.0.0.1,8080,0,benign
40.06923961639404,127.0.0.1,8080,127.0.0.1,36924,138,benign
40.07227873802185,127.0.0.1,8080,127.0.0.1,36924,56,benign
40.07776856422424,127.0.0.1,36924,127.0.0.1,8080,0,benign
40.085068702697754,127.0.0.1,8080,127.0.0.1,36746,138,benign
40.09124946594238,127.0.0.1,47112,127.0.0.1,8080,0,benign
40.10943150520325,127.0.0.1,8080,127.0.0.1,47112,0,benign
40.12208914756775,127.0.0.1,47112,127.0.0.1,8080,0,benign
40.1358437538147,127.0.0.1,8080,127.0.0.1,36698,56,benign
40.139147996902466,127.0.0.1,8080,127.0.0.1,36658,56,benign
40.145843505859375,127.0.0.1,36658,127.0.0.1,8080,0,benign
40.15641164779663,127.0.0.1,36600,127.0.0.1,8080,163,benign
40.1630220413208,127.0.0.1,36716,127.0.0.1,8080,163,benign
40.18548321723938,127.0.0.1,47112,127.0.0.1,8080,163,benign
40.20494079589844,127.0.0.1,8080,127.0.0.1,47112,0,benign
40.21705627441406,127.0.0.1,36698,127.0.0.1,8080,0,benign
40.22135138511658,127.0.0.1,8080,127.0.0.1,36600,138,benign
40.234625577926636,127.0.0.1,36708,127.0.0.1,8080,0,benign
40.24508285522461,127.0.0.1,8080,127.0.0.1,36708,56,benign
40.24806785583496,127.0.0.1,36708,127.0.0.1,8080,0,benign
40.25144052505493,127.0.0.1,8080,127.0.0.1,36716,138,benign
40.2574667930603,127.0.0.1,36708,127.0.0.1,8080,163,benign
40.26046800613403,127.0.0.1,36790,127.0.0.1,8080,0,benign
40.263484477996826,127.0.0.1,8080,127.0.0.1,46784,0,benign
40.26683163642883,127.0.0.1,8080,127.0.0.1,36790,56,benign
40.27465462684631,127.0.0.1,36790,127.0.0.1,8080,0,benign
40.27935028076172,127.0.0.1,36628,127.0.0.1,8080,163,benign
40.2993381023407,127.0.0.1,8080,127.0.0.1,36708,138,benign
40.32658100128174,127.0.0.1,36658,127.0.0.1,8080,163,benign
40.338226556777954,127.0.0.1,8080,127.0.0.1,36628,138,benign
40.3447904586792,127.0.0.1,36746,127.0.0.1,8080,163,benign
40.35669469833374,127.0.0.1,8080,127.0.0.1,36658,138,benign
40.37895369529724,127.0.0.1,8080,127.0.0.1,36666,56,benign
40.387234687805176,127.0.0.1,36666,127.0.0.1,8080,0,benign
40.39230012893677,127.0.0.1,36800,127.0.0.1,8080,163,benign
40.39846968650818,127.0.0.1,8080,127.0.0.1,36746,138,benign
40.4171462059021,127.0.0.1,8080,127.0.0.1,36800,194,benign
40.4369752407074,127.0.0.1,36800,127.0.0.1,8080,0,benign
40.44574737548828,127.0.0.1,36698,127.0.0.1,8080,163,benign
40.45010948181152,127.0.0.1,36800,127.0.0.1,8080,163,benign
40.45409393310547,127.0.0.1,8080,127.0.0.1,36698,138,benign
40.45796275138855,127.0.0.1,36586,127.0.0.1,8080,0,benign
40.46306252479553,127.0.0.1,36692,127.0.0.1,8080,0,benign
40.473149061203,127.0.0.1,8080,127.0.0.1,36586,56,benign
40.48627734184265,127.0.0.1,8080,127.0.0.1,36800,138,benign
40.49654245376587,127.0.0.1,36814,127.0.0.1,8080,163,benign
40.51083755493164,127.0.0.1,36586,127.0.0.1,8080,0,benign
40.546000480651855,127.0.0.1,36790,127.0.0.1,8080,163,benign
40.60416650772095,127.0.0.1,8080,127.0.0.1,36692,56,benign
40.615180253982544,127.0.0.1,36692,127.0.0.1,8080,0,benign
40.63818025588989,127.0.0.1,8080,127.0.0.1,36814,138,benign
40.653252601623535,127.0.0.1,8080,127.0.0.1,36814,56,benign
40.66540026664734,127.0.0.1,36814,127.0.0.1,8080,0,benign
40.6727659702301,127.0.0.1,8080,127.0.0.1,36790,138,benign
40.676324129104614,127.0.0.1,36770,127.0.0.1,8080,0,benign
40.68572998046875,127.0.0.1,8080,127.0.0.1,36770,56,benign
40.69506883621216,127.0.0.1,36814,127.0.0.1,8080,163,benign
40.711681842803955,127.0.0.1,46802,127.0.0.1,8080,0,benign
40.718814849853516,127.0.0.1,36770,127.0.0.1,8080,0,benign
40.72235631942749,127.0.0.1,36666,127.0.0.1,8080,163,benign
40.725722312927246,127.0.0.1,8080,127.0.0.1,36814,138,benign
40.72941732406616,127.0.0.1,8080,127.0.0.1,36570,56,benign
40.740018129348755,127.0.0.1,8080,127.0.0.1,36644,56,benign
40.74913215637207,127.0.0.1,36570,127.0.0.1,8080,0,benign
40.76617932319641,127.0.0.1,36644,127.0.0.1,8080,0,benign
40.78029990196228,127.0.0.1,8080,127.0.0.1,36666,138,benign
40.795822620391846,127.0.0.1,36858,127.0.0.1,8080,163,benign
40.802666664123535,127.0.0.1,8080,127.0.0.1,46798,0,benign
40.809892416000366,127.0.0.1,36804,127.0.0.1,8080,163,benign
40.820005893707275,127.0.0.1,8080,127.0.0.1,36858,194,benign
40.86391353607178,127.0.0.1,36858,127.0.0.1,8080,0,benign
40.880428075790405,127.0.0.1,36600,127.0.0.1,8080,0,benign
40.888368368148804,127.0.0.1,8080,127.0.0.1,36804,194,benign
40.89867115020752,127.0.0.1,36804,127.0.0.1,8080,0,benign
40.916197776794434,127.0.0.1,36716,127.0.0.1,8080,0,benign
40.94718956947327,127.0.0.1,8080,127.0.0.1,36600,56,benign
40.96870136260986,127.0.0.1,8080,127.0.0.1,36716,56,benign
40.99956798553467,127.0.0.1,36600,127.0.0.1,8080,0,benign
41.00740146636963,127.0.0.1,36644,127.0.0.1,8080,163,benign
41.01498532295227,127.0.0.1,36716,127.0.0.1,8080,0,benign
41.03071212768555,127.0.0.1,8080,127.0.0.1,36644,138,benign
41.04062008857727,127.0.0.1,36708,127.0.0.1,8080,0,benign
41.05589246749878,127.0.0.1,8080,127.0.0.1,36708,56,benign
41.06485605239868,127.0.0.1,36600,127.0.0.1,8080,163,benign
41.071409940719604,127.0.0.1,36708,127.0.0.1,8080,0,benign
41.07991647720337,127.0.0.1,8080,127.0.0.1,36600,138,benign
41.09677982330322,127.0.0.1,36708,127.0.0.1,8080,163,benign
41.11975407600403,127.0.0.1,36628,127.0.0.1,8080,0,benign
41.13519763946533,127.0.0.1,36658,127.0.0.1,8080,0,benign
41.143197536468506,127.0.0.1,8080,127.0.0.1,36628,56,benign
41.14718508720398,127.0.0.1,8080,127.0.0.1,36658,56,benign
41.15013265609741,127.0.0.1,36570,127.0.0.1,8080,163,benign
41.15439796447754,127.0.0.1,36658,127.0.0.1,8080,0,benign
41.16003680229187,127.0.0.1,36628,127.0.0.1,8080,0,benign
41.16883397102356,127.0.0.1,8080,127.0.0.1,36708,138,benign
41.179216623306274,127.0.0.1,8080,127.0.0.1,36570,138,benign
41.19739365577698,127.0.0.1,36746,127.0.0.1,8080,0,benign
41.207754373550415,127.0.0.1,8080,127.0.0.1,36746,56,benign
41.21401858329773,127.0.0.1,36746,127.0.0.1,8080,0,benign
41.220107316970825,127.0.0.1,36770,127.0.0.1,8080,163,benign
41.22326064109802,127.0.0.1,47126,127.0.0.1,8080,0,benign
41.22786355018616,127.0.0.1,8080,127.0.0.1,47126,0,benign
41.23202919960022,127.0.0.1,47126,127.0.0.1,8080,0,benign
41.23810076713562,127.0.0.1,36698,127.0.0.1,8080,0,benign
41.24854564666748,127.0.0.1,8080,127.0.0.1,36698,56,benign
41.25900983810425,127.0.0.1,36698,127.0.0.1,8080,0,benign
41.26772379875183,127.0.0.1,8080,127.0.0.1,36770,138,benign
41.27263379096985,127.0.0.1,36612,127.0.0.1,8080,163,benign
41.27875828742981,127.0.0.1,36658,127.0.0.1,8080,163,benign
41.28306174278259,127.0.0.1,36800,127.0.0.1,8080,0,benign
41.28579235076904,127.0.0.1,8080,127.0.0.1,36800,56,benign
41.288479804992676,127.0.0.1,36800,127.0.0.1,8080,0,benign
41.291245222091675,127.0.0.1,36746,127.0.0.1,8080,163,benign
41.30667185783386,127.0.0.1,47126,127.0.0.1,8080,163,benign
41.32330012321472,127.0.0.1,8080,127.0.0.1,47126,0,benign
41.335031270980835,127.0.0.1,36698,127.0.0.1,8080,163,benign
41.338475704193115,127.0.0.1,8080,127.0.0.1,36612,138,benign
41.34263825416565,127.0.0.1,36612,127.0.0.1,8080,0,benign
41.34819841384888,127.0.0.1,8080,127.0.0.1,36658,138,benign
41.351961612701416,127.0.0.1,36790,127.0.0.1,8080,0,benign
41.35872960090637,127.0.0.1,8080,127.0.0.1,36790,56,benign
41.36860466003418,127.0.0.1,8080,127.0.0.1,36612,56,benign
41.39048457145691,127.0.0.1,36790,127.0.0.1,8080,0,benign
41.396528482437134,127.0.0.1,8080,127.0.0.1,36746,138,benign
41.405556440353394,127.0.0.1,8080,127.0.0.1,36698,138,benign
41.40961146354675,127.0.0.1,36628,127.0.0.1,8080,163,benign
41.41264533996582,127.0.0.1,36612,127.0.0.1,8080,0,benign
41.416168451309204,127.0.0.1,8080,127.0.0.1,36628,138,benign
41.42277812957764,127.0.0.1,36634,127.0.0.1,8080,163,benign
41.435577630996704,127.0.0.1,8080,127.0.0.1,46802,0,benign
41.455084562301636,127.0.0.1,8080,127.0.0.1,36814,56,benign
41.45933938026428,127.0.0.1,36814,127.0.0.1,8080,0,benign
41.464215993881226,127.0.0.1,36612,127.0.0.1,8080,163,benign
41.46681237220764,127.0.0.1,36752,127.0.0.1,8080,163,benign
41.46961855888367,127.0.0.1,46806,127.0.0.1,8080,0,benign
41.47345995903015,127.0.0.1,8080,127.0.0.1,36634,138,benign
41.47839069366455,127.0.0.1,36634,127.0.0.1,8080,0,benign
41.48546123504639,127.0.0.1,8080,127.0.0.1,36634,56,benign
41.49180769920349,127.0.0.1,36634,127.0.0.1,8080,0,benign
41.502816915512085,127.0.0.1,36666,127.0.0.1,8080,0,benign
41.50839066505432,127.0.0.1,8080,127.0.0.1,36612,138,benign
41.511454820632935,127.0.0.1,8080,127.0.0.1,36752,138,benign
41.51404404640198,127.0.0.1,8080,127.0.0.1,36752,56,benign
41.5167281627655,127.0.0.1,36800,127.0.0.1,8080,163,benign
41.519426584243774,127.0.0.1,8080,127.0.0.1,36666,56,benign
41.52182674407959,127.0.0.1,8080,127.0.0.1,36800,138,benign
41.52669143676758,127.0.0.1,36666,127.0.0.1,8080,0,benign
41.53019094467163,127.0.0.1,36752,127.0.0.1,8080,0,benign
41.5334153175354,127.0.0.1,36634,127.0.0.1,8080,163,benign
41.540892601013184,127.0.0.1,36790,127.0.0.1,8080,163,benign
41.550044536590576,127.0.0.1,8080,127.0.0.1,36634,138,benign
41.55908012390137,127.0.0.1,8080,127.0.0.1,36790,138,benign
41.56846785545349,127.0.0.1,36752,127.0.0.1,8080,163,benign
41.57508182525635,127.0.0.1,8080,127.0.0.1,36752,138,benign
41.587949991226196,127.0.0.1,36586,127.0.0.1,8080,163,benign
41.600173234939575,127.0.0.1,36644,127.0.0.1,8080,0,benign
41.61666989326477,127.0.0.1,36600,127.0.0.1,8080,0,benign
41.625537157058716,127.0.0.1,8080,127.0.0.1,36600,56,benign
41.63547921180725,127.0.0.1,36600,127.0.0.1,8080,0,benign
41.64730668067932,127.0.0.1,8080,127.0.0.1,36644,56,benign
41.652480125427246,127.0.0.1,8080,127.0.0.1,36586,138,benign
41.65903878211975,127.0.0.1,8080,127.0.0.1,36586,56,benign
41.666542291641235,127.0.0.1,36644,127.0.0.1,8080,0,benign
41.66959738731384,127.0.0.1,36586,127.0.0.1,8080,0,benign
41.67339539527893,127.0.0.1,36732,127.0.0.1,8080,163,benign
41.67760515213013,127.0.0.1,36586,127.0.0.1,8080,163,benign
41.68916201591492,127.0.0.1,8080,127.0.0.1,36732,138,benign
41.70221710205078,127.0.0.1,36732,127.0.0.1,8080,0,benign
41.71150302886963,127.0.0.1,8080,127.0.0.1,36732,56,benign
41.716453075408936,127.0.0.1,36732,127.0.0.1,8080,0,benign
41.726725816726685,127.0.0.1,8080,127.0.0.1,36586,138,benign
41.737526178359985,127.0.0.1,36644,127.0.0.1,8080,163,benign
41.74808073043823,127.0.0.1,36570,127.0.0.1,8080,0,benign
41.75390315055847,127.0.0.1,36634,127.0.0.1,8080,163,benign
41.78567719459534,127.0.0.1,8080,127.0.0.1,36716,56,benign
41.82054567337036,127.0.0.1,36716,127.0.0.1,8080,0,benign
41.955666065216064,127.0.0.1,36804,127.0.0.1,8080,163,benign
42.07429003715515,127.0.0.1,8080,127.0.0.1,36634,138,benign
42.08505439758301,127.0.0.1,36628,127.0.0.1,8080,0,benign
42.08915901184082,127.0.0.1,8080,127.0.0.1,36804,138,benign
42.094746828079224,127.0.0.1,8080,127.0.0.1,36628,56,benign
42.09799313545227,127.0.0.1,36778,127.0.0.1,8080,163,benign
42.104039907455444,127.0.0.1,36628,127.0.0.1,8080,0,benign
42.13066554069519,127.0.0.1,36716,127.0.0.1,8080,163,benign
42.14931654930115,127.0.0.1,8080,127.0.0.1,36778,138,benign
42.15819239616394,127.0.0.1,46934,127.0.0.1,8080,0,benign
42.16406726837158,127.0.0.1,8080,127.0.0.1,36716,138,benign
42.17007327079773,127.0.0.1,36698,127.0.0.1,8080,163,benign
42.17802357673645,127.0.0.1,8080,127.0.0.1,36814,56,benign
42.187031269073486,127.0.0.1,36814,127.0.0.1,8080,0,benign
42.19503045082092,127.0.0.1,8080,127.0.0.1,36698,138,benign
42.200830936431885,127.0.0.1,8080,127.0.0.1,36698,56,benign
42.20393419265747,127.0.0.1,36628,127.0.0.1,8080,163,benign
42.207294940948486,127.0.0.1,36698,127.0.0.1,8080,0,benign
42.21507930755615,127.0.0.1,47266,127.0.0.1,8080,0,benign
42.244227170944214,127.0.0.1,8080,127.0.0.1,47266,0,benign
42.25000357627869,127.0.0.1,47266,127.0.0.1,8080,0,benign
42.25335168838501,127.0.0.1,8080,127.0.0.1,36628,138,benign
42.256876707077026,127.0.0.1,36698,127.0.0.1,8080,163,benign
42.26096510887146,127.0.0.1,36644,127.0.0.1,8080,163,benign
42.265620708465576,127.0.0.1,8080,127.0.0.1,36698,138,benign
42.27604269981384,127.0.0.1,36752,127.0.0.1,8080,0,benign
42.286728858947754,127.0.0.1,36800,127.0.0.1,8080,0,benign
42.30112361907959,127.0.0.1,8080,127.0.0.1,36800,56,benign
42.30529189109802,127.0.0.1,8080,127.0.0.1,36752,56,benign
42.30846095085144,127.0.0.1,8080,127.0.0.1,36644,194,benign
42.31373190879822,127.0.0.1,36644,127.0.0.1,8080,0,benign
42.32746481895447,127.0.0.1,36746,127.0.0.1,8080,163,benign
42.33612847328186,127.0.0.1,36800,127.0.0.1,8080,0,benign
42.34350538253784,127.0.0.1,36770,127.0.0.1,8080,163,benign
42.356648445129395,127.0.0.1,36752,127.0.0.1,8080,0,benign
42.36014175415039,127.0.0.1,8080,127.0.0.1,36746,138,benign
42.36983847618103,127.0.0.1,36746,127.0.0.1,8080,0,benign
42.38888502120972,127.0.0.1,8080,127.0.0.1,36746,56,benign
42.39710545539856,127.0.0.1,36746,127.0.0.1,8080,0,benign
42.402788162231445,127.0.0.1,8080,127.0.0.1,36770,194,benign
42.40705752372742,127.0.0.1,36770,127.0.0.1,8080,0,benign
42.410619258880615,127.0.0.1,36612,127.0.0.1,8080,163,benign
42.41434288024902,127.0.0.1,36814,127.0.0.1,8080,163,benign
42.420477867126465,127.0.0.1,36554,127.0.0.1,8080,0,benign
42.42428541183472,127.0.0.1,8080,127.0.0.1,36554,56,benign
42.430667877197266,127.0.0.1,36554,127.0.0.1,8080,0,benign
42.434059143066406,127.0.0.1,36666,127.0.0.1,8080,163,benign
42.44943690299988,127.0.0.1,8080,127.0.0.1,36612,138,benign
42.4673912525177,127.0.0.1,36612,127.0.0.1,8080,0,benign
42.48685836791992,127.0.0.1,8080,127.0.0.1,36612,56,benign
42.50872611999512,127.0.0.1,36612,127.0.0.1,8080,0,benign
42.5207085609436,127.0.0.1,8080,127.0.0.1,36814,138,benign
42.53000235557556,127.0.0.1,47266,127.0.0.1,8080,163,benign
42.53771638870239,127.0.0.1,8080,127.0.0.1,47266,0,benign
42.551876068115234,127.0.0.1,8080,127.0.0.1,36666,138,benign
42.5815806388855,127.0.0.1,8080,127.0.0.1,36666,56,benign
42.598870515823364,127.0.0.1,47282,127.0.0.1,8080,0,benign
42.62183213233948,127.0.0.1,8080,127.0.0.1,47282,0,benign
42.62913656234741,127.0.0.1,47282,127.0.0.1,8080,0,benign
42.64194703102112,127.0.0.1,36752,127.0.0.1,8080,163,benign
42.65820240974426,127.0.0.1,36800,127.0.0.1,8080,163,benign
42.66413927078247,127.0.0.1,36666,127.0.0.1,8080,0,benign
42.68293619155884,127.0.0.1,8080,127.0.0.1,36752,138,benign
42.691011905670166,127.0.0.1,36554,127.0.0.1,8080,163,benign
42.69824504852295,127.0.0.1,8080,127.0.0.1,36800,138,benign
42.704951763153076,127.0.0.1,47282,127.0.0.1,8080,163,benign
42.71557903289795,127.0.0.1,8080,127.0.0.1,47282,0,benign
42.72826790809631,127.0.0.1,8080,127.0.0.1,36554,138,benign
42.73157739639282,127.0.0.1,36586,127.0.0.1,8080,0,benign
42.734004735946655,127.0.0.1,8080,127.0.0.1,36586,56,benign
42.73893475532532,127.0.0.1,36586,127.0.0.1,8080,0,benign
42.75951862335205,127.0.0.1,36634,127.0.0.1,8080,0,benign
42.76824903488159,127.0.0.1,36612,127.0.0.1,8080,163,benign
42.774768590927124,127.0.0.1,36770,127.0.0.1,8080,163,benign
42.779820680618286,127.0.0.1,8080,127.0.0.1,36612,138,benign
42.78631591796875,127.0.0.1,36658,127.0.0.1,8080,163,benign
42.79675769805908,127.0.0.1,8080,127.0.0.1,36804,56,benign
42.800060510635376,127.0.0.1,8080,127.0.0.1,36778,56,benign
42.80311465263367,127.0.0.1,8080,127.0.0.1,36634,56,benign
42.80681109428406,127.0.0.1,36804,127.0.0.1,8080,0,benign
42.80981779098511,127.0.0.1,36778,127.0.0.1,8080,0,benign
42.81903696060181,127.0.0.1,8080,127.0.0.1,36770,138,benign
42.83042287826538,127.0.0.1,8080,127.0.0.1,36658,138,benign
42.84048533439636,127.0.0.1,36570,127.0.0.1,8080,163,benign
42.84882712364197,127.0.0.1,8080,127.0.0.1,36658,56,benign
42.85245871543884,127.0.0.1,36634,127.0.0.1,8080,0,benign
42.85550379753113,127.0.0.1,36658,127.0.0.1,8080,0,benign
42.85848093032837,127.0.0.1,8080,127.0.0.1,36570,194,benign
42.86251902580261,127.0.0.1,36570,127.0.0.1,8080,0,benign
42.865745306015015,127.0.0.1,36634,127.0.0.1,8080,163,benign
42.873812675476074,127.0.0.1,36716,127.0.0.1,8080,0,benign
42.90877056121826,127.0.0.1,36628,127.0.0.1,8080,0,benign
42.91756463050842,127.0.0.1,8080,127.0.0.1,36628,56,benign
42.9262318611145,127.0.0.1,8080,127.0.0.1,46934,0,benign
42.93029236793518,127.0.0.1,8080,127.0.0.1,36634,138,benign
42.93461585044861,127.0.0.1,8080,127.0.0.1,36716,56,benign
42.95234155654907,127.0.0.1,36628,127.0.0.1,8080,0,benign
42.963480949401855,127.0.0.1,36716,127.0.0.1,8080,0,benign
42.96908140182495,127.0.0.1,36658,127.0.0.1,8080,163,benign
42.97256422042847,127.0.0.1,8080,127.0.0.1,36658,138,benign
42.975157260894775,127.0.0.1,36570,127.0.0.1,8080,163,benign
42.98003029823303,127.0.0.1,8080,127.0.0.1,36570,138,benign
42.985307455062866,127.0.0.1,36698,127.0.0.1,8080,0,benign
43.00014925003052,127.0.0.1,8080,127.0.0.1,36698,56,benign
43.02716565132141,127.0.0.1,36698,127.0.0.1,8080,0,benign
43.0353786945343,127.0.0.1,36698,127.0.0.1,8080,163,benign
43.04125785827637,127.0.0.1,36600,127.0.0.1,8080,163,benign
43.052602767944336,127.0.0.1,8080,127.0.0.1,36698,138,benign
43.0699417591095,127.0.0.1,36814,127.0.0.1,8080,0,benign
43.088088512420654,127.0.0.1,8080,127.0.0.1,36814,56,benign
43.10491347312927,127.0.0.1,36814,127.0.0.1,8080,0,benign
43.12076282501221,127.0.0.1,36692,127.0.0.1,8080,163,benign
43.137399435043335,127.0.0.1,8080,127.0.0.1,36600,138,benign
43.157673835754395,127.0.0.1,36600,127.0.0.1,8080,0,benign
43.17943000793457,127.0.0.1,8080,127.0.0.1,36600,56,benign
43.19916486740112,127.0.0.1,36600,127.0.0.1,8080,0,benign
43.21806716918945,127.0.0.1,8080,127.0.0.1,36692,194,benign
43.23693799972534,127.0.0.1,36692,127.0.0.1,8080,0,benign
43.24978804588318,127.0.0.1,36628,127.0.0.1,8080,163,benign
43.25349569320679,127.0.0.1,36716,127.0.0.1,8080,163,benign
43.25668907165527,127.0.0.1,36554,127.0.0.1,8080,0,benign
43.26167821884155,127.0.0.1,36800,127.0.0.1,8080,0,benign
43.265145778656006,127.0.0.1,8080,127.0.0.1,36752,56,benign
43.269145488739014,127.0.0.1,36752,127.0.0.1,8080,0,benign
43.28587055206299,127.0.0.1,36778,127.0.0.1,8080,163,benign
43.332695722579956,127.0.0.1,8080,127.0.0.1,36628,138,benign
43.34536671638489,127.0.0.1,36732,127.0.0.1,8080,163,benign
43.357428789138794,127.0.0.1,8080,127.0.0.1,36716,138,benign
43.36469030380249,127.0.0.1,8080,127.0.0.1,36554,56,benign
43.367976665496826,127.0.0.1,36692,127.0.0.1,8080,163,benign
43.370599031448364,127.0.0.1,8080,127.0.0.1,36800,56,benign
43.37461733818054,127.0.0.1,36800,127.0.0.1,8080,0,benign
43.381699323654175,127.0.0.1,36554,127.0.0.1,8080,0,benign
43.38717842102051,127.0.0.1,8080,127.0.0.1,36778,138,benign
43.39161443710327,127.0.0.1,8080,127.0.0.1,36732,138,benign
43.39525246620178,127.0.0.1,36732,127.0.0.1,8080,0,benign
43.40033030509949,127.0.0.1,8080,127.0.0.1,36732,56,benign
43.41490983963013,127.0.0.1,36732,127.0.0.1,8080,0,benign
43.43265128135681,127.0.0.1,36612,127.0.0.1,8080,0,benign
43.44223618507385,127.0.0.1,8080,127.0.0.1,36692,138,benign
43.44888496398926,127.0.0.1,8080,127.0.0.1,36612,56,benign
43.46966361999512,127.0.0.1,36612,127.0.0.1,8080,0,benign
43.48035550117493,127.0.0.1,36800,127.0.0.1,8080,163,benign
43.4840567111969,127.0.0.1,36752,127.0.0.1,8080,163,benign
43.52333974838257,127.0.0.1,36770,127.0.0.1,8080,0,benign
43.537646532058716,127.0.0.1,8080,127.0.0.1,36770,56,benign
43.546106576919556,127.0.0.1,36770,127.0.0.1,8080,0,benign
43.567304611206055,127.0.0.1,8080,127.0.0.1,36752,138,benign
43.61474537849426,127.0.0.1,8080,127.0.0.1,36800,138,benign
43.75727415084839,127.0.0.1,36554,127.0.0.1,8080,163,benign
43.80637741088867,127.0.0.1,8080,127.0.0.1,36554,138,benign
43.83555316925049,127.0.0.1,36658,127.0.0.1,8080,0,benign
43.88798999786377,127.0.0.1,36804,127.0.0.1,8080,0,benign
43.95854067802429,127.0.0.1,8080,127.0.0.1,36804,56,benign
44.0092294216156,127.0.0.1,36804,127.0.0.1,8080,0,benign
44.040071964263916,127.0.0.1,36790,127.0.0.1,8080,163,benign
44.04676556587219,127.0.0.1,8080,127.0.0.1,36698,56,benign
44.05237317085266,127.0.0.1,36698,127.0.0.1,8080,0,benign
44.064072608947754,127.0.0.1,36924,127.0.0.1,8080,163,benign
44.092504024505615,127.0.0.1,8080,127.0.0.1,36790,138,benign
44.13278603553772,127.0.0.1,8080,127.0.0.1,36924,138,benign
44.147833585739136,127.0.0.1,36698,127.0.0.1,8080,163,benign
44.22961711883545,127.0.0.1,36804,127.0.0.1,8080,163,benign
44.250296115875244,127.0.0.1,8080,127.0.0.1,36698,138,benign
44.263667821884155,127.0.0.1,8080,127.0.0.1,36804,138,benign
44.2769992351532,127.0.0.1,36778,127.0.0.1,8080,163,benign
44.28803062438965,127.0.0.1,36600,127.0.0.1,8080,163,benign
44.354471921920776,127.0.0.1,8080,127.0.0.1,36778,138,benign
44.38876819610596,127.0.0.1,36628,127.0.0.1,8080,0,benign
44.412710666656494,127.0.0.1,8080,127.0.0.1,36800,56,benign
44.434064626693726,127.0.0.1,36800,127.0.0.1,8080,0,benign
44.47529602050781,127.0.0.1,36644,127.0.0.1,8080,163,benign
44.51168370246887,127.0.0.1,8080,127.0.0.1,36600,138,benign
44.559598445892334,127.0.0.1,36658,127.0.0.1,8080,163,benign
44.565256118774414,127.0.0.1,36692,127.0.0.1,8080,0,benign
44.56897282600403,127.0.0.1,8080,127.0.0.1,36692,56,benign
44.57241153717041,127.0.0.1,36692,127.0.0.1,8080,0,benign
44.57714128494263,127.0.0.1,8080,127.0.0.1,36628,56,benign
44.580347537994385,127.0.0.1,8080,127.0.0.1,36644,194,benign
44.58514356613159,127.0.0.1,8080,127.0.0.1,36658,138,benign
44.62361407279968,127.0.0.1,8080,127.0.0.1,36658,56,benign
44.64079666137695,127.0.0.1,36770,127.0.0.1,8080,163,benign
44.68033051490784,127.0.0.1,36628,127.0.0.1,8080,0,benign
44.78384351730347,127.0.0.1,36658,127.0.0.1,8080,0,benign
44.824456453323364,127.0.0.1,8080,127.0.0.1,36752,56,benign
44.85030746459961,127.0.0.1,8080,127.0.0.1,36770,138,benign
44.91996097564697,127.0.0.1,36752,127.0.0.1,8080,0,benign
44.947420597076416,127.0.0.1,36732,127.0.0.1,8080,163,benign
44.993279457092285,127.0.0.1,8080,127.0.0.1,36732,194,benign
45.031962394714355,127.0.0.1,36732,127.0.0.1,8080,0,benign
45.04142642021179,127.0.0.1,36752,127.0.0.1,8080,163,benign
45.05030584335327,127.0.0.1,36800,127.0.0.1,8080,163,benign
45.0568425655365,127.0.0.1,36666,127.0.0.1,8080,163,benign
45.072710275650024,127.0.0.1,8080,127.0.0.1,36752,138,benign
45.101680278778076,127.0.0.1,8080,127.0.0.1,36800,138,benign
45.12259840965271,127.0.0.1,36716,127.0.0.1,8080,0,benign
45.15159630775452,127.0.0.1,8080,127.0.0.1,36666,138,benign
45.16328501701355,127.0.0.1,36746,127.0.0.1,8080,163,benign
45.19370746612549,127.0.0.1,8080,127.0.0.1,36716,56,benign
45.20509696006775,127.0.0.1,36716,127.0.0.1,8080,0,benign
45.20875263214111,127.0.0.1,36628,127.0.0.1,8080,163,benign
45.212379693984985,127.0.0.1,8080,127.0.0.1,36746,138,benign
45.21947646141052,127.0.0.1,36746,127.0.0.1,8080,0,benign
45.22294521331787,127.0.0.1,47010,127.0.0.1,8080,0,benign
45.22753858566284,127.0.0.1,8080,127.0.0.1,36746,56,benign
45.23117113113403,127.0.0.1,36746,127.0.0.1,8080,0,benign
45.23440146446228,127.0.0.1,8080,127.0.0.1,36628,138,benign
45.23875880241394,127.0.0.1,36658,127.0.0.1,8080,163,benign
45.24489092826843,127.0.0.1,36924,127.0.0.1,8080,0,benign
45.24908113479614,127.0.0.1,36790,127.0.0.1,8080,0,benign
45.25281524658203,127.0.0.1,8080,127.0.0.1,36790,56,benign
45.26266026496887,127.0.0.1,36790,127.0.0.1,8080,0,benign
45.26612591743469,127.0.0.1,8080,127.0.0.1,36924,56,benign
45.26950287818909,127.0.0.1,8080,127.0.0.1,36658,138,benign
45.27259874343872,127.0.0.1,36924,127.0.0.1,8080,0,benign
45.2773597240448,127.0.0.1,36698,127.0.0.1,8080,0,benign
45.28344511985779,127.0.0.1,36924,127.0.0.1,8080,163,benign
45.28853368759155,127.0.0.1,36746,127.0.0.1,8080,163,benign
45.29225397109985,127.0.0.1,36778,127.0.0.1,8080,0,benign
45.296390771865845,127.0.0.1,36804,127.0.0.1,8080,0,benign
45.2991943359375,127.0.0.1,8080,127.0.0.1,36698,56,benign
45.303868532180786,127.0.0.1,8080,127.0.0.1,36804,56,benign
45.3068323135376,127.0.0.1,8080,127.0.0.1,36778,56,benign
45.31116771697998,127.0.0.1,36698,127.0.0.1,8080,0,benign
45.31547546386719,127.0.0.1,36804,127.0.0.1,8080,0,benign
45.31858825683594,127.0.0.1,36778,127.0.0.1,8080,0,benign
45.32209038734436,127.0.0.1,8080,127.0.0.1,36924,138,benign
45.32738924026489,127.0.0.1,8080,127.0.0.1,36746,138,benign
45.33201503753662,127.0.0.1,36790,127.0.0.1,8080,163,benign
45.33845067024231,127.0.0.1,36600,127.0.0.1,8080,0,benign
45.342628717422485,127.0.0.1,8080,127.0.0.1,36790,138,benign
45.348055362701416,127.0.0.1,36692,127.0.0.1,8080,163,benign
45.35907602310181,127.0.0.1,47024,127.0.0.1,8080,0,benign
45.362714529037476,127.0.0.1,36644,127.0.0.1,8080,0,benign
45.366013288497925,127.0.0.1,36706,127.0.0.1,8080,163,benign
45.36971187591553,127.0.0.1,8080,127.0.0.1,36600,56,benign
45.3783061504364,127.0.0.1,36804,127.0.0.1,8080,163,benign
45.394636154174805,127.0.0.1,36600,127.0.0.1,8080,0,benign
45.41642928123474,127.0.0.1,8080,127.0.0.1,36770,56,benign
45.42937088012695,127.0.0.1,36770,127.0.0.1,8080,0,benign
45.4490647315979,127.0.0.1,47368,127.0.0.1,8080,0,benign
45.50382709503174,127.0.0.1,8080,127.0.0.1,47368,0,benign
45.536027908325195,127.0.0.1,47368,127.0.0.1,8080,0,benign
45.56964945793152,127.0.0.1,8080,127.0.0.1,36706,194,benign
45.60360598564148,127.0.0.1,36706,127.0.0.1,8080,0,benign
45.667263984680176,127.0.0.1,8080,127.0.0.1,36692,194,benign
45.82866454124451,127.0.0.1,36692,127.0.0.1,8080,0,benign
45.91894602775574,127.0.0.1,36716,127.0.0.1,8080,163,benign
45.96265459060669,127.0.0.1,47368,127.0.0.1,8080,163,benign
45.998910665512085,127.0.0.1,8080,127.0.0.1,47368,0,benign
46.032203674316406,127.0.0.1,8080,127.0.0.1,36804,138,benign
46.055346965789795,127.0.0.1,8080,127.0.0.1,36716,138,benign
46.092992067337036,127.0.0.1,36770,127.0.0.1,8080,163,benign
46.115548849105835,127.0.0.1,8080,127.0.0.1,36770,138,benign
46.12211751937866,127.0.0.1,36692,127.0.0.1,8080,163,benign
46.127113580703735,127.0.0.1,36698,127.0.0.1,8080,163,benign
46.13114380836487,127.0.0.1,8080,127.0.0.1,36692,138,benign
46.13417148590088,127.0.0.1,36800,127.0.0.1,8080,0,benign
46.13744902610779,127.0.0.1,36666,127.0.0.1,8080,0,benign
46.14107012748718,127.0.0.1,36752,127.0.0.1,8080,0,benign
46.15369749069214,127.0.0.1,8080,127.0.0.1,36800,56,benign
46.16956853866577,127.0.0.1,36800,127.0.0.1,8080,0,benign
46.18348574638367,127.0.0.1,8080,127.0.0.1,36752,56,benign
46.19217228889465,127.0.0.1,8080,127.0.0.1,36666,56,benign
46.195974826812744,127.0.0.1,36666,127.0.0.1,8080,0,benign
46.199878454208374,127.0.0.1,8080,127.0.0.1,36698,138,benign
46.21066999435425,127.0.0.1,36732,127.0.0.1,8080,163,benign
46.21631836891174,127.0.0.1,36752,127.0.0.1,8080,0,benign
46.2232928276062,127.0.0.1,8080,127.0.0.1,36732,194,benign
46.24082136154175,127.0.0.1,36732,127.0.0.1,8080,0,benign
46.24599766731262,127.0.0.1,36628,127.0.0.1,8080,0,benign
46.25024700164795,127.0.0.1,8080,127.0.0.1,47010,0,benign
46.253363370895386,127.0.0.1,8080,127.0.0.1,36628,56,benign
46.25659108161926,127.0.0.1,47034,127.0.0.1,8080,0,benign
46.25930643081665,127.0.0.1,36778,127.0.0.1,8080,163,benign
46.262211322784424,127.0.0.1,36628,127.0.0.1,8080,0,benign
46.26666736602783,127.0.0.1,8080,127.0.0.1,36778,138,benign
46.270490407943726,127.0.0.1,47040,127.0.0.1,8080,0,benign
46.27644181251526,127.0.0.1,36658,127.0.0.1,8080,0,benign
46.279335021972656,127.0.0.1,8080,127.0.0.1,36658,56,benign
46.282342195510864,127.0.0.1,36658,127.0.0.1,8080,0,benign
46.28710460662842,127.0.0.1,36706,127.0.0.1,8080,163,benign
46.29001712799072,127.0.0.1,36746,127.0.0.1,8080,0,benign
46.29275059700012,127.0.0.1,36924,127.0.0.1,8080,0,benign
46.29824185371399,127.0.0.1,8080,127.0.0.1,36746,56,benign
46.30101990699768,127.0.0.1,8080,127.0.0.1,36924,56,benign
46.304195165634155,127.0.0.1,8080,127.0.0.1,36706,138,benign
46.30864429473877,127.0.0.1,36924,127.0.0.1,8080,0,benign
46.31265735626221,127.0.0.1,36746,127.0.0.1,8080,0,benign
46.31758952140808,127.0.0.1,47370,127.0.0.1,8080,0,benign
46.322779417037964,127.0.0.1,8080,127.0.0.1,47370,0,benign
46.32850909233093,127.0.0.1,47370,127.0.0.1,8080,0,benign
46.33190369606018,127.0.0.1,47370,127.0.0.1,8080,163,benign
46.33509135246277,127.0.0.1,8080,127.0.0.1,47370,0,benign
46.3381450176239,127.0.0.1,36790,127.0.0.1,8080,0,benign
46.341410875320435,127.0.0.1,8080,127.0.0.1,47024,0,benign
46.345282793045044,127.0.0.1,36800,127.0.0.1,8080,163,benign
46.34866166114807,127.0.0.1,8080,127.0.0.1,36716,138,benign
46.351677656173706,127.0.0.1,36692,127.0.0.1,8080,163,benign
46.354756593704224,127.0.0.1,47452,127.0.0.1,8080,0,benign
46.35786175727844,127.0.0.1,8080,127.0.0.1,47452,0,benign
46.36066937446594,127.0.0.1,47452,127.0.0.1,8080,0,benign
46.363401651382446,127.0.0.1,36666,127.0.0.1,8080,0,benign
46.36865830421448,127.0.0.1,36658,127.0.0.1,8080,0,benign
46.371227502822876,127.0.0.1,8080,127.0.0.1,36658,56,benign
46.37653470039368,127.0.0.1,8080,127.0.0.1,36666,56,benign
46.3792667388916,127.0.0.1,36666,127.0.0.1,8080,0,benign
46.383317708969116,127.0.0.1,8080,127.0.0.1,36800,138,benign
46.385677099227905,127.0.0.1,8080,127.0.0.1,36692,138,benign
46.38803005218506,127.0.0.1,36924,127.0.0.1,8080,163,benign
46.39207577705383,127.0.0.1,36658,127.0.0.1,8080,0,benign
46.395615100860596,127.0.0.1,47452,127.0.0.1,8080,163,benign
46.400386095047,127.0.0.1,8080,127.0.0.1,47452,0,benign
46.405328035354614,127.0.0.1,8080,127.0.0.1,36924,138,benign
46.41047430038452,127.0.0.1,36554,127.0.0.1,8080,163,benign
46.42291855812073,127.0.0.1,36790,127.0.0.1,8080,0,benign
46.448694944381714,127.0.0.1,8080,127.0.0.1,36790,56,benign
46.45641469955444,127.0.0.1,8080,127.0.0.1,36554,194,benign
46.46038365364075,127.0.0.1,36554,127.0.0.1,8080,0,benign
46.471415281295776,127.0.0.1,36658,127.0.0.1,8080,163,benign
46.49461841583252,127.0.0.1,36790,127.0.0.1,8080,0,benign
46.51443147659302,127.0.0.1,36752,127.0.0.1,8080,163,benign
46.535433530807495,127.0.0.1,36666,127.0.0.1,8080,163,benign
46.5487277507782,127.0.0.1,36778,127.0.0.1,8080,0,benign
46.56182503700256,127.0.0.1,8080,127.0.0.1,36778,56,benign
46.60451889038086,127.0.0.1,8080,127.0.0.1,36658,138,benign
46.64101839065552,127.0.0.1,36554,127.0.0.1,8080,163,benign
46.65435457229614,127.0.0.1,36778,127.0.0.1,8080,0,benign
46.66845202445984,127.0.0.1,8080,127.0.0.1,36752,138,benign
46.676857233047485,127.0.0.1,36770,127.0.0.1,8080,163,benign
46.68798565864563,127.0.0.1,8080,127.0.0.1,36666,138,benign
46.70056748390198,127.0.0.1,8080,127.0.0.1,36554,138,benign
46.70809078216553,127.0.0.1,36732,127.0.0.1,8080,0,benign
46.71581482887268,127.0.0.1,8080,127.0.0.1,36770,138,benign
46.72653126716614,127.0.0.1,8080,127.0.0.1,36732,56,benign
46.73019862174988,127.0.0.1,8080,127.0.0.1,36770,56,benign
46.73482847213745,127.0.0.1,36732,127.0.0.1,8080,0,benign
46.73938488960266,127.0.0.1,36770,127.0.0.1,8080,0,benign
46.76157903671265,127.0.0.1,36600,127.0.0.1,8080,163,benign
46.788602352142334,127.0.0.1,8080,127.0.0.1,36644,56,benign
46.79585528373718,127.0.0.1,36644,127.0.0.1,8080,0,benign
46.80200719833374,127.0.0.1,8080,127.0.0.1,36600,138,benign
46.80501914024353,127.0.0.1,8080,127.0.0.1,36600,56,benign
46.813068866729736,127.0.0.1,36600,127.0.0.1,8080,0,benign
46.83163499832153,127.0.0.1,36600,127.0.0.1,8080,0,benign
46.92135548591614,127.0.0.1,36770,127.0.0.1,8080,163,benign
47.066033363342285,127.0.0.1,36628,127.0.0.1,8080,0,benign
47.17251205444336,127.0.0.1,36644,127.0.0.1,8080,163,benign
47.20872449874878,127.0.0.1,8080,127.0.0.1,36770,138,benign
47.23955035209656,127.0.0.1,8080,127.0.0.1,36644,138,benign
47.25771617889404,127.0.0.1,36746,127.0.0.1,8080,0,benign
47.26488947868347,127.0.0.1,8080,127.0.0.1,47126,0,benign
47.26915454864502,127.0.0.1,8080,127.0.0.1,36746,56,benign
47.278231143951416,127.0.0.1,8080,127.0.0.1,36628,56,benign
47.284162759780884,127.0.0.1,36746,127.0.0.1,8080,0,benign
47.303353786468506,127.0.0.1,36628,127.0.0.1,8080,0,benign
47.32286977767944,127.0.0.1,36628,127.0.0.1,8080,163,benign
47.32688021659851,127.0.0.1,36790,127.0.0.1,8080,163,benign
47.332557916641235,127.0.0.1,36746,127.0.0.1,8080,163,benign
47.338648557662964,127.0.0.1,36600,127.0.0.1,8080,163,benign
47.35781002044678,127.0.0.1,36716,127.0.0.1,8080,0,benign
47.36103320121765,127.0.0.1,8080,127.0.0.1,36716,56,benign
47.36408972740173,127.0.0.1,36716,127.0.0.1,8080,0,benign
47.382604122161865,127.0.0.1,36732,127.0.0.1,8080,163,benign
47.39599561691284,127.0.0.1,36778,127.0.0.1,8080,163,benign
47.42577123641968,127.0.0.1,36692,127.0.0.1,8080,0,benign
47.45919346809387,127.0.0.1,36800,127.0.0.1,8080,0,benign
47.539517641067505,127.0.0.1,8080,127.0.0.1,36628,138,benign
47.55529594421387,127.0.0.1,36716,127.0.0.1,8080,163,benign
47.592135429382324,127.0.0.1,8080,127.0.0.1,36790,138,benign
47.65548610687256,127.0.0.1,36924,127.0.0.1,8080,0,benign
47.78789234161377,127.0.0.1,8080,127.0.0.1,36600,138,benign
47.82311964035034,127.0.0.1,8080,127.0.0.1,36800,56,benign
47.844123125076294,127.0.0.1,8080,127.0.0.1,36924,56,benign
47.863168239593506,127.0.0.1,8080,127.0.0.1,36692,56,benign
47.881710052490234,127.0.0.1,8080,127.0.0.1,36778,138,benign
47.90037751197815,127.0.0.1,8080,127.0.0.1,36746,138,benign
47.929763078689575,127.0.0.1,36800,127.0.0.1,8080,0,benign
47.945292949676514,127.0.0.1,36692,127.0.0.1,8080,0,benign
47.95957374572754,127.0.0.1,8080,127.0.0.1,36732,138,benign
47.984052658081055,127.0.0.1,8080,127.0.0.1,36716,138,benign
48.01801681518555,127.0.0.1,36924,127.0.0.1,8080,0,benign
48.05378341674805,127.0.0.1,36658,127.0.0.1,8080,0,benign
48.060258626937866,127.0.0.1,8080,127.0.0.1,36658,56,benign
48.06669759750366,127.0.0.1,36658,127.0.0.1,8080,0,benign
48.074727296829224,127.0.0.1,36924,127.0.0.1,8080,163,benign
48.08127474784851,127.0.0.1,36800,127.0.0.1,8080,163,benign
48.092368364334106,127.0.0.1,8080,127.0.0.1,36924,138,benign
48.11151313781738,127.0.0.1,36554,127.0.0.1,8080,0,benign
48.1480655670166,127.0.0.1,36752,127.0.0.1,8080,0,benign
48.1573691368103,127.0.0.1,36666,127.0.0.1,8080,0,benign
48.163750648498535,127.0.0.1,8080,127.0.0.1,36752,56,benign
48.17419099807739,127.0.0.1,8080,127.0.0.1,36666,56,benign
48.19285321235657,127.0.0.1,8080,127.0.0.1,36554,56,benign
48.19999122619629,127.0.0.1,36666,127.0.0.1,8080,0,benign
48.214067697525024,127.0.0.1,36752,127.0.0.1,8080,0,benign
48.2247200012207,127.0.0.1,36554,127.0.0.1,8080,0,benign
48.231457233428955,127.0.0.1,47132,127.0.0.1,8080,0,benign
48.248793840408325,127.0.0.1,8080,127.0.0.1,36800,138,benign
48.25338959693909,127.0.0.1,36666,127.0.0.1,8080,163,benign
48.275355100631714,127.0.0.1,8080,127.0.0.1,36666,138,benign
48.290563344955444,127.0.0.1,36554,127.0.0.1,8080,163,benign
48.3239426612854,127.0.0.1,8080,127.0.0.1,36554,138,benign
48.34169387817383,127.0.0.1,36804,127.0.0.1,8080,163,benign
48.361135482788086,127.0.0.1,8080,127.0.0.1,36804,138,benign
48.415855884552,127.0.0.1,8080,127.0.0.1,36804,56,benign
48.43130326271057,127.0.0.1,36804,127.0.0.1,8080,0,benign
48.45004153251648,127.0.0.1,36644,127.0.0.1,8080,0,benign
48.47825241088867,127.0.0.1,36770,127.0.0.1,8080,0,benign
48.50613498687744,127.0.0.1,8080,127.0.0.1,36644,56,benign
48.52905631065369,127.0.0.1,8080,127.0.0.1,36770,56,benign
48.55302929878235,127.0.0.1,36644,127.0.0.1,8080,0,benign
48.56297826766968,127.0.0.1,36770,127.0.0.1,8080,0,benign
48.56654500961304,127.0.0.1,47454,127.0.0.1,8080,0,benign
48.597230434417725,127.0.0.1,8080,127.0.0.1,47454,0,benign
48.61413335800171,127.0.0.1,47454,127.0.0.1,8080,0,benign
48.62451505661011,127.0.0.1,47454,127.0.0.1,8080,163,benign
48.65355825424194,127.0.0.1,8080,127.0.0.1,47454,0,benign
48.66908288002014,127.0.0.1,36658,127.0.0.1,8080,163,benign
48.677918910980225,127.0.0.1,8080,127.0.0.1,36658,138,benign
48.695648431777954,127.0.0.1,36790,127.0.0.1,8080,0,benign
48.72377610206604,127.0.0.1,36628,127.0.0.1,8080,0,benign
48.73679804801941,127.0.0.1,8080,127.0.0.1,36628,56,benign
48.761950731277466,127.0.0.1,8080,127.0.0.1,36790,56,benign
48.79674816131592,127.0.0.1,36628,127.0.0.1,8080,0,benign
48.821682929992676,127.0.0.1,36790,127.0.0.1,8080,0,benign
48.841429233551025,127.0.0.1,36804,127.0.0.1,8080,163,benign
48.865485429763794,127.0.0.1,36732,127.0.0.1,8080,0,benign
48.88846516609192,127.0.0.1,36746,127.0.0.1,8080,0,benign
48.894474267959595,127.0.0.1,36716,127.0.0.1,8080,0,benign
48.90101432800293,127.0.0.1,36778,127.0.0.1,8080,0,benign
48.907121658325195,127.0.0.1,36600,127.0.0.1,8080,0,benign
48.91172981262207,127.0.0.1,8080,127.0.0.1,36716,56,benign
48.91622066497803,127.0.0.1,8080,127.0.0.1,36778,56,benign
48.92340588569641,127.0.0.1,47140,127.0.0.1,8080,0,benign
48.9284245967865,127.0.0.1,8080,127.0.0.1,36600,56,benign
48.935651540756226,127.0.0.1,8080,127.0.0.1,36746,56,benign
48.94435930252075,127.0.0.1,36746,127.0.0.1,8080,0,benign
48.94782614707947,127.0.0.1,8080,127.0.0.1,36732,56,benign
48.95097851753235,127.0.0.1,36600,127.0.0.1,8080,0,benign
48.95447373390198,127.0.0.1,36732,127.0.0.1,8080,0,benign
48.957459926605225,127.0.0.1,36716,127.0.0.1,8080,0,benign
48.95999574661255,127.0.0.1,36778,127.0.0.1,8080,0,benign
48.96329307556152,127.0.0.1,8080,127.0.0.1,36804,138,benign
48.96871519088745,127.0.0.1,36790,127.0.0.1,8080,163,benign
48.976806640625,127.0.0.1,36628,127.0.0.1,8080,163,benign
48.98034858703613,127.0.0.1,8080,127.0.0.1,36790,138,benign
48.98352789878845,127.0.0.1,8080,127.0.0.1,36628,138,benign
48.98790526390076,127.0.0.1,36746,127.0.0.1,8080,163,benign
48.99439287185669,127.0.0.1,8080,127.0.0.1,36600,56,benign
48.997167110443115,127.0.0.1,36600,127.0.0.1,8080,0,benign
49.00166392326355,127.0.0.1,36600,127.0.0.1,8080,163,benign
49.00396680831909,127.0.0.1,8080,127.0.0.1,36732,56,benign
49.00671863555908,127.0.0.1,36732,127.0.0.1,8080,0,benign
49.00949263572693,127.0.0.1,47622,127.0.0.1,8080,0,benign
49.012630224227905,127.0.0.1,8080,127.0.0.1,47622,0,benign
49.01630973815918,127.0.0.1,47622,127.0.0.1,8080,0,benign
49.02459645271301,127.0.0.1,8080,127.0.0.1,36600,138,benign
49.030311822891235,127.0.0.1,47622,127.0.0.1,8080,163,benign
49.0329794883728,127.0.0.1,8080,127.0.0.1,47622,0,benign
49.035595178604126,127.0.0.1,36924,127.0.0.1,8080,163,benign
49.04149532318115,127.0.0.1,8080,127.0.0.1,36924,194,benign
49.0528781414032,127.0.0.1,36924,127.0.0.1,8080,0,benign
49.05798292160034,127.0.0.1,36666,127.0.0.1,8080,163,benign
49.06210780143738,127.0.0.1,36658,127.0.0.1,8080,0,benign
49.069371938705444,127.0.0.1,36706,127.0.0.1,8080,0,benign
49.07920026779175,127.0.0.1,8080,127.0.0.1,36658,56,benign
49.08803701400757,127.0.0.1,8080,127.0.0.1,36706,56,benign
49.09283447265625,127.0.0.1,36658,127.0.0.1,8080,0,benign
49.10276484489441,127.0.0.1,36706,127.0.0.1,8080,0,benign
49.1103835105896,127.0.0.1,8080,127.0.0.1,36666,138,benign
49.11714172363281,127.0.0.1,36800,127.0.0.1,8080,163,benign
49.12540316581726,127.0.0.1,36706,127.0.0.1,8080,163,benign
49.1331844329834,127.0.0.1,8080,127.0.0.1,36800,138,benign
49.14070749282837,127.0.0.1,8080,127.0.0.1,36706,138,benign
49.14488625526428,127.0.0.1,36746,127.0.0.1,8080,163,benign
49.15331792831421,127.0.0.1,36778,127.0.0.1,8080,163,benign
49.15940761566162,127.0.0.1,36628,127.0.0.1,8080,0,benign
49.16760516166687,127.0.0.1,8080,127.0.0.1,36628,56,benign
49.17178010940552,127.0.0.1,8080,127.0.0.1,36746,138,benign
49.17553758621216,127.0.0.1,36628,127.0.0.1,8080,0,benign
49.17980432510376,127.0.0.1,8080,127.0.0.1,36778,138,benign
49.1845006942749,127.0.0.1,36732,127.0.0.1,8080,163,benign
49.187076568603516,127.0.0.1,8080,127.0.0.1,36732,138,benign
49.19154763221741,127.0.0.1,36628,127.0.0.1,8080,163,benign
49.19629263877869,127.0.0.1,8080,127.0.0.1,36804,56,benign
49.214730739593506,127.0.0.1,36804,127.0.0.1,8080,0,benign
49.23587727546692,127.0.0.1,8080,127.0.0.1,36628,138,benign
49.24089455604553,127.0.0.1,8080,127.0.0.1,36692,56,benign
49.24423885345459,127.0.0.1,36692,127.0.0.1,8080,0,benign
49.248863697052,127.0.0.1,36804,127.0.0.1,8080,163,benign
49.262582540512085,127.0.0.1,36814,127.0.0.1,8080,0,benign
49.266815423965454,127.0.0.1,8080,127.0.0.1,36804,138,benign
49.271655797958374,127.0.0.1,36752,127.0.0.1,8080,163,benign
49.274139404296875,127.0.0.1,36770,127.0.0.1,8080,163,benign
49.276270627975464,127.0.0.1,36554,127.0.0.1,8080,0,benign
49.28163290023804,127.0.0.1,8080,127.0.0.1,36752,138,benign
49.28409266471863,127.0.0.1,8080,127.0.0.1,36752,56,benign
49.286662101745605,127.0.0.1,8080,127.0.0.1,36814,56,benign
49.289509296417236,127.0.0.1,8080,127.0.0.1,36554,56,benign
49.293991804122925,127.0.0.1,36716,127.0.0.1,8080,163,benign
49.2964026927948,127.0.0.1,36752,127.0.0.1,8080,0,benign
49.29879951477051,127.0.0.1,36554,127.0.0.1,8080,0,benign
49.30087614059448,127.0.0.1,36814,127.0.0.1,8080,0,benign
49.3030469417572,127.0.0.1,8080,127.0.0.1,36770,138,benign
49.30554747581482,127.0.0.1,8080,127.0.0.1,36770,56,benign
49.30811142921448,127.0.0.1,36770,127.0.0.1,8080,0,benign
49.31201958656311,127.0.0.1,8080,127.0.0.1,36716,194,benign
49.31836271286011,127.0.0.1,36716,127.0.0.1,8080,0,benign
49.3203649520874,127.0.0.1,36814,127.0.0.1,8080,163,benign
49.32269597053528,127.0.0.1,36600,127.0.0.1,8080,0,benign
49.32487678527832,127.0.0.1,8080,127.0.0.1,36814,138,benign
49.32698202133179,127.0.0.1,8080,127.0.0.1,36600,56,benign
49.32895565032959,127.0.0.1,36554,127.0.0.1,8080,163,benign
49.330841302871704,127.0.0.1,36692,127.0.0.1,8080,163,benign
49.33326506614685,127.0.0.1,8080,127.0.0.1,36554,138,benign
49.335081577301025,127.0.0.1,36600,127.0.0.1,8080,0,benign
49.337077379226685,127.0.0.1,36716,127.0.0.1,8080,163,benign
49.33987307548523,127.0.0.1,8080,127.0.0.1,36692,138,benign
49.34259486198425,127.0.0.1,8080,127.0.0.1,36716,138,benign
49.34479284286499,127.0.0.1,36666,127.0.0.1,8080,0,benign
49.347039222717285,127.0.0.1,36800,127.0.0.1,8080,0,benign
49.34916019439697,127.0.0.1,8080,127.0.0.1,36666,56,benign
49.35139203071594,127.0.0.1,36666,127.0.0.1,8080,0,benign
49.35373520851135,127.0.0.1,36770,127.0.0.1,8080,163,benign
49.3616840839386,127.0.0.1,36706,127.0.0.1,8080,0,benign
49.370128870010376,127.0.0.1,8080,127.0.0.1,36800,56,benign
49.378929138183594,127.0.0.1,36800,127.0.0.1,8080,0,benign
49.384430170059204,127.0.0.1,8080,127.0.0.1,36770,138,benign
49.38736271858215,127.0.0.1,36778,127.0.0.1,8080,0,benign
49.39057183265686,127.0.0.1,36746,127.0.0.1,8080,0,benign
49.39282822608948,127.0.0.1,8080,127.0.0.1,36746,56,benign
49.39733099937439,127.0.0.1,8080,127.0.0.1,36706,56,benign
49.39987087249756,127.0.0.1,36746,127.0.0.1,8080,0,benign
49.402931451797485,127.0.0.1,36706,127.0.0.1,8080,0,benign
49.406829595565796,127.0.0.1,36746,127.0.0.1,8080,163,benign
49.41151738166809,127.0.0.1,36706,127.0.0.1,8080,163,benign
49.420817852020264,127.0.0.1,8080,127.0.0.1,36778,56,benign
49.42864513397217,127.0.0.1,8080,127.0.0.1,36732,56,benign
49.43474841117859,127.0.0.1,36732,127.0.0.1,8080,0,benign
49.43894171714783,127.0.0.1,36778,127.0.0.1,8080,0,benign
49.444963693618774,127.0.0.1,8080,127.0.0.1,36746,138,benign
49.44865608215332,127.0.0.1,8080,127.0.0.1,36706,138,benign
49.45167851448059,127.0.0.1,36800,127.0.0.1,8080,163,benign
49.45635724067688,127.0.0.1,8080,127.0.0.1,36628,56,benign
49.459861516952515,127.0.0.1,36628,127.0.0.1,8080,0,benign
49.46708559989929,127.0.0.1,8080,127.0.0.1,36800,138,benign
49.48244285583496,127.0.0.1,36732,127.0.0.1,8080,163,benign
49.48755359649658,127.0.0.1,8080,127.0.0.1,36732,138,benign
49.49150776863098,127.0.0.1,36666,127.0.0.1,8080,163,benign
49.49459409713745,127.0.0.1,8080,127.0.0.1,36666,138,benign
49.49710988998413,127.0.0.1,36752,127.0.0.1,8080,163,benign
49.501526832580566,127.0.0.1,36804,127.0.0.1,8080,0,benign
49.50459575653076,127.0.0.1,8080,127.0.0.1,36804,56,benign
49.50729846954346,127.0.0.1,36804,127.0.0.1,8080,0,benign
49.509876012802124,127.0.0.1,36628,127.0.0.1,8080,163,benign
49.51258063316345,127.0.0.1,36570,127.0.0.1,8080,163,benign
49.51595211029053,127.0.0.1,8080,127.0.0.1,36752,138,benign
49.52716588973999,127.0.0.1,8080,127.0.0.1,36752,56,benign
49.54440355300903,127.0.0.1,8080,127.0.0.1,36628,138,benign
49.547435998916626,127.0.0.1,8080,127.0.0.1,36814,56,benign
49.55043411254883,127.0.0.1,36814,127.0.0.1,8080,0,benign
49.55298662185669,127.0.0.1,36752,127.0.0.1,8080,0,benign
49.55548357963562,127.0.0.1,47314,127.0.0.1,8080,0,benign
49.55805253982544,127.0.0.1,8080,127.0.0.1,36570,194,benign
49.5608856678009,127.0.0.1,36570,127.0.0.1,8080,0,benign
49.56397199630737,127.0.0.1,36634,127.0.0.1,8080,163,benign
49.5712776184082,127.0.0.1,8080,127.0.0.1,36634,194,benign
49.5746808052063,127.0.0.1,8080,127.0.0.1,36554,56,benign
49.58081102371216,127.0.0.1,36554,127.0.0.1,8080,0,benign
49.59150147438049,127.0.0.1,36804,127.0.0.1,8080,163,benign
49.59560179710388,127.0.0.1,47632,127.0.0.1,8080,0,benign
49.59925651550293,127.0.0.1,8080,127.0.0.1,47632,0,benign
49.60479235649109,127.0.0.1,47632,127.0.0.1,8080,0,benign
49.609482765197754,127.0.0.1,47632,127.0.0.1,8080,163,benign
49.61177325248718,127.0.0.1,8080,127.0.0.1,47632,0,benign
49.618051528930664,127.0.0.1,36716,127.0.0.1,8080,0,benign
49.62499189376831,127.0.0.1,36692,127.0.0.1,8080,0,benign
49.63651371002197,127.0.0.1,8080,127.0.0.1,36716,56,benign
49.647106409072876,127.0.0.1,36716,127.0.0.1,8080,0,benign
49.65272045135498,127.0.0.1,8080,127.0.0.1,36804,138,benign
49.65600299835205,127.0.0.1,8080,127.0.0.1,36692,56,benign
49.66135096549988,127.0.0.1,36692,127.0.0.1,8080,0,benign
49.666454792022705,127.0.0.1,36554,127.0.0.1,8080,163,benign
49.67043614387512,127.0.0.1,36692,127.0.0.1,8080,163,benign
49.67522859573364,127.0.0.1,36770,127.0.0.1,8080,0,benign
49.69059753417969,127.0.0.1,8080,127.0.0.1,36628,138,benign
49.70016837120056,127.0.0.1,36666,127.0.0.1,8080,0,benign
49.70241379737854,127.0.0.1,36814,127.0.0.1,8080,0,benign
49.705400466918945,127.0.0.1,8080,127.0.0.1,36814,56,benign
49.70783352851868,127.0.0.1,8080,127.0.0.1,36658,56,benign
49.71079230308533,127.0.0.1,8080,127.0.0.1,36666,56,benign
49.71451663970947,127.0.0.1,36658,127.0.0.1,8080,0,benign
49.717400789260864,127.0.0.1,36814,127.0.0.1,8080,0,benign
49.71997690200806,127.0.0.1,36666,127.0.0.1,8080,0,benign
49.72468614578247,127.0.0.1,36814,127.0.0.1,8080,163,benign
49.73063778877258,127.0.0.1,36698,127.0.0.1,8080,0,benign
49.73651885986328,127.0.0.1,8080,127.0.0.1,36698,56,benign
49.74360680580139,127.0.0.1,47548,127.0.0.1,8080,0,benign
49.7465705871582,127.0.0.1,36698,127.0.0.1,8080,0,benign
49.749077796936035,127.0.0.1,36634,127.0.0.1,8080,163,benign
49.752522468566895,127.0.0.1,8080,127.0.0.1,36814,138,benign
49.7556517124176,127.0.0.1,8080,127.0.0.1,36634,194,benign
49.75918388366699,127.0.0.1,36634,127.0.0.1,8080,0,benign
49.763569593429565,127.0.0.1,36634,127.0.0.1,8080,163,benign
49.7670476436615,127.0.0.1,8080,127.0.0.1,36634,138,benign
49.77060580253601,127.0.0.1,47912,127.0.0.1,8080,0,benign
49.7776153087616,127.0.0.1,8080,127.0.0.1,47912,0,benign
49.783804416656494,127.0.0.1,47912,127.0.0.1,8080,0,benign
49.786312103271484,127.0.0.1,36644,127.0.0.1,8080,163,benign
49.78882050514221,127.0.0.1,47912,127.0.0.1,8080,163,benign
49.79205894470215,127.0.0.1,8080,127.0.0.1,47912,0,benign
49.79552173614502,127.0.0.1,36790,127.0.0.1,8080,0,benign
49.798357248306274,127.0.0.1,36600,127.0.0.1,8080,0,benign
49.800344944000244,127.0.0.1,36692,127.0.0.1,8080,0,benign
49.80313229560852,127.0.0.1,8080,127.0.0.1,36692,56,benign
49.806618213653564,127.0.0.1,36692,127.0.0.1,8080,0,benign
49.809282302856445,127.0.0.1,8080,127.0.0.1,36790,56,benign
49.81161189079285,127.0.0.1,8080,127.0.0.1,36600,56,benign
49.814290046691895,127.0.0.1,36600,127.0.0.1,8080,0,benign
49.819363594055176,127.0.0.1,36790,127.0.0.1,8080,0,benign
49.83535861968994,127.0.0.1,8080,127.0.0.1,36644,138,benign
49.85001063346863,127.0.0.1,36790,127.0.0.1,8080,163,attack
49.880730867385864,127.0.0.1,36698,127.0.0.1,8080,163,attack
49.89883065223694,127.0.0.1,8080,127.0.0.1,36790,138,attack
49.908966064453125,127.0.0.1,36804,127.0.0.1,8080,0,attack
49.93749690055847,127.0.0.1,36586,127.0.0.1,8080,0,attack
49.94551086425781,127.0.0.1,36752,127.0.0.1,8080,0,attack
49.95015478134155,127.0.0.1,8080,127.0.0.1,36586,56,attack
49.95240902900696,127.0.0.1,8080,127.0.0.1,36752,56,attack
49.95590424537659,127.0.0.1,8080,127.0.0.1,36804,56,attack
49.963253021240234,127.0.0.1,8080,127.0.0.1,36698,138,attack
49.96637535095215,127.0.0.1,36586,127.0.0.1,8080,0,attack
49.968976736068726,127.0.0.1,36804,127.0.0.1,8080,0,attack
49.98460650444031,127.0.0.1,36752,127.0.0.1,8080,0,attack
49.99027895927429,127.0.0.1,36600,127.0.0.1,8080,163,attack
49.99524998664856,127.0.0.1,8080,127.0.0.1,47536,0,attack
50.00738263130188,127.0.0.1,36586,127.0.0.1,8080,163,attack
50.01229500770569,127.0.0.1,47550,127.0.0.1,8080,0,attack
50.01628088951111,127.0.0.1,8080,127.0.0.1,36600,138,attack
50.02927613258362,127.0.0.1,8080,127.0.0.1,36586,138,attack
50.037761926651,127.0.0.1,36554,127.0.0.1,8080,163,attack
50.048619508743286,127.0.0.1,36692,127.0.0.1,8080,163,attack
50.06065011024475,127.0.0.1,8080,127.0.0.1,36554,194,attack
50.06687355041504,127.0.0.1,36628,127.0.0.1,8080,0,attack
50.07090759277344,127.0.0.1,36554,127.0.0.1,8080,0,attack
50.07547569274902,127.0.0.1,47924,127.0.0.1,8080,0,attack
50.08406686782837,127.0.0.1,8080,127.0.0.1,47924,0,attack
50.09386587142944,127.0.0.1,47924,127.0.0.1,8080,0,attack
50.107269525527954,127.0.0.1,8080,127.0.0.1,36692,138,attack
50.11122179031372,127.0.0.1,36658,127.0.0.1,8080,163,attack
50.11791133880615,127.0.0.1,47924,127.0.0.1,8080,163,attack
50.12572383880615,127.0.0.1,8080,127.0.0.1,47924,0,attack
50.13270592689514,127.0.0.1,8080,127.0.0.1,36628,56,attack
50.13645887374878,127.0.0.1,36628,127.0.0.1,8080,0,attack
50.13855600357056,127.0.0.1,8080,127.0.0.1,36658,194,attack
50.14064288139343,127.0.0.1,36804,127.0.0.1,8080,163,attack
50.154396533966064,127.0.0.1,8080,127.0.0.1,36804,138,attack
50.173078536987305,127.0.0.1,36628,127.0.0.1,8080,163,attack
50.18780255317688,127.0.0.1,8080,127.0.0.1,47548,0,attack
50.192513942718506,127.0.0.1,36814,127.0.0.1,8080,0,attack
50.197715759277344,127.0.0.1,8080,127.0.0.1,36814,56,attack
50.20291757583618,127.0.0.1,36666,127.0.0.1,8080,163,attack
50.20840620994568,127.0.0.1,36814,127.0.0.1,8080,0,attack
50.21320605278015,127.0.0.1,36800,127.0.0.1,8080,163,attack
50.22132635116577,127.0.0.1,8080,127.0.0.1,36628,138,attack
50.228678941726685,127.0.0.1,8080,127.0.0.1,36666,138,attack
50.2346248626709,127.0.0.1,8080,127.0.0.1,36666,56,attack
50.237876415252686,127.0.0.1,36666,127.0.0.1,8080,0,attack
50.240837812423706,127.0.0.1,8080,127.0.0.1,36800,138,attack
50.24404835700989,127.0.0.1,8080,127.0.0.1,36800,56,attack
50.24949812889099,127.0.0.1,36814,127.0.0.1,8080,163,attack
50.27415156364441,127.0.0.1,36800,127.0.0.1,8080,0,attack
50.2876410484314,127.0.0.1,36634,127.0.0.1,8080,0,attack
50.309569120407104,127.0.0.1,8080,127.0.0.1,36634,56,attack
50.31647706031799,127.0.0.1,36634,127.0.0.1,8080,0,attack
50.32521319389343,127.0.0.1,8080,127.0.0.1,36814,138,attack
50.332706928253174,127.0.0.1,36554,127.0.0.1,8080,163,attack
50.35103440284729,127.0.0.1,47562,127.0.0.1,8080,0,attack
50.3542742729187,127.0.0.1,8080,127.0.0.1,36554,138,attack
50.35786056518555,127.0.0.1,36634,127.0.0.1,8080,163,attack
50.361488342285156,127.0.0.1,8080,127.0.0.1,36634,138,attack
50.367175817489624,127.0.0.1,47932,127.0.0.1,8080,0,attack
50.37043881416321,127.0.0.1,8080,127.0.0.1,47932,0,attack
50.37350010871887,127.0.0.1,47932,127.0.0.1,8080,0,attack
50.37757134437561,127.0.0.1,47932,127.0.0.1,8080,163,attack
50.38162016868591,127.0.0.1,8080,127.0.0.1,47932,0,attack
50.38483452796936,127.0.0.1,36644,127.0.0.1,8080,0,attack
50.39144849777222,127.0.0.1,36790,127.0.0.1,8080,0,attack
50.39515161514282,127.0.0.1,8080,127.0.0.1,36644,56,attack
50.39907884597778,127.0.0.1,36644,127.0.0.1,8080,0,attack
50.403120040893555,127.0.0.1,36658,127.0.0.1,8080,163,attack
50.40986180305481,127.0.0.1,36698,127.0.0.1,8080,0,attack
50.41375756263733,127.0.0.1,8080,127.0.0.1,36790,56,attack
50.41704797744751,127.0.0.1,8080,127.0.0.1,36698,56,attack
50.422709465026855,127.0.0.1,8080,127.0.0.1,36658,138,attack
50.42880320549011,127.0.0.1,36698,127.0.0.1,8080,0,attack
50.43559288978577,127.0.0.1,36790,127.0.0.1,8080,0,attack
50.44297194480896,127.0.0.1,36600,127.0.0.1,8080,0,attack
50.44604539871216,127.0.0.1,8080,127.0.0.1,47550,0,attack
50.448853731155396,127.0.0.1,8080,127.0.0.1,36600,56,attack
50.45177507400513,127.0.0.1,36600,127.0.0.1,8080,0,attack
50.45845866203308,127.0.0.1,36790,127.0.0.1,8080,163,attack
50.462459564208984,127.0.0.1,36586,127.0.0.1,8080,0,attack
50.465221643447876,127.0.0.1,8080,127.0.0.1,36586,56,attack
50.47095060348511,127.0.0.1,36586,127.0.0.1,8080,0,attack
50.473395586013794,127.0.0.1,8080,127.0.0.1,36790,138,attack
50.47630310058594,127.0.0.1,36692,127.0.0.1,8080,0,attack
50.48146176338196,127.0.0.1,8080,127.0.0.1,36692,56,attack
50.48542141914368,127.0.0.1,36692,127.0.0.1,8080,0,attack
50.48873853683472,127.0.0.1,36692,127.0.0.1,8080,163,attack
50.494433641433716,127.0.0.1,36586,127.0.0.1,8080,163,attack
50.49707102775574,127.0.0.1,8080,127.0.0.1,36804,56,attack
50.500412702560425,127.0.0.1,36804,127.0.0.1,8080,0,attack
50.50346231460571,127.0.0.1,8080,127.0.0.1,36692,138,attack
50.50726056098938,127.0.0.1,8080,127.0.0.1,36586,138,attack
50.5113582611084,127.0.0.1,36628,127.0.0.1,8080,0,attack
50.52682566642761,127.0.0.1,47584,127.0.0.1,8080,0,attack
50.54397535324097,127.0.0.1,8080,127.0.0.1,36628,56,attack
50.56059265136719,127.0.0.1,47576,127.0.0.1,8080,0,attack
50.57874417304993,127.0.0.1,36628,127.0.0.1,8080,0,attack
50.58502221107483,127.0.0.1,36804,127.0.0.1,8080,163,attack
50.58821773529053,127.0.0.1,8080,127.0.0.1,47562,0,attack
50.600974559783936,127.0.0.1,36814,127.0.0.1,8080,0,attack
50.642181634902954,127.0.0.1,47936,127.0.0.1,8080,0,attack
50.67337512969971,127.0.0.1,8080,127.0.0.1,47936,0,attack
50.68742752075195,127.0.0.1,47936,127.0.0.1,8080,0,attack
50.704946994781494,127.0.0.1,8080,127.0.0.1,36804,138,attack
50.7234947681427,127.0.0.1,47942,127.0.0.1,8080,0,attack
50.72646474838257,127.0.0.1,8080,127.0.0.1,47942,0,attack
50.732200145721436,127.0.0.1,47942,127.0.0.1,8080,0,attack
50.73547434806824,127.0.0.1,47936,127.0.0.1,8080,163,attack
50.73922276496887,127.0.0.1,8080,127.0.0.1,47936,0,attack
50.74500775337219,127.0.0.1,8080,127.0.0.1,36554,138,attack
50.750893115997314,127.0.0.1,36858,127.0.0.1,8080,0,attack
50.75760793685913,127.0.0.1,8080,127.0.0.1,36858,56,attack
50.77346754074097,127.0.0.1,36858,127.0.0.1,8080,0,attack
50.78346633911133,127.0.0.1,36600,127.0.0.1,8080,163,attack
50.787747383117676,127.0.0.1,8080,127.0.0.1,46708,138,attack
50.79226088523865,127.0.0.1,46708,127.0.0.1,8080,0,attack
50.79779362678528,127.0.0.1,8080,127.0.0.1,46716,138,attack
50.806477785110474,127.0.0.1,46716,127.0.0.1,8080,0,attack
50.82524800300598,127.0.0.1,8080,127.0.0.1,36698,56,attack
50.85098075866699,127.0.0.1,36698,127.0.0.1,8080,0,attack
50.88719344139099,127.0.0.1,8080,127.0.0.1,36716,138,attack
50.896620750427246,127.0.0.1,8080,127.0.0.1,36658,138,attack
50.901997327804565,127.0.0.1,8080,127.0.0.1,46728,138,attack
50.90558743476868,127.0.0.1,46728,127.0.0.1,8080,0,attack
50.91007924079895,127.0.0.1,8080,127.0.0.1,36854,138,attack
50.91330289840698,127.0.0.1,8080,127.0.0.1,36666,138,attack
50.91606783866882,127.0.0.1,8080,127.0.0.1,36666,56,attack
50.91973948478699,127.0.0.1,8080,127.0.0.1,36924,138,attack
50.93884038925171,127.0.0.1,8080,127.0.0.1,36634,138,attack
50.9538414478302,127.0.0.1,8080,127.0.0.1,36634,56,attack
50.96995997428894,127.0.0.1,8080,127.0.0.1,36814,138,attack
50.97686409950256,127.0.0.1,8080,127.0.0.1,36814,56,attack
50.98136568069458,127.0.0.1,8080,127.0.0.1,36706,138,attack
50.98787307739258,127.0.0.1,36814,127.0.0.1,8080,0,attack
51.009472131729126,127.0.0.1,8080,127.0.0.1,46754,138,attack
51.017255544662476,127.0.0.1,46754,127.0.0.1,8080,0,attack
51.0204861164093,127.0.0.1,8080,127.0.0.1,36600,138,attack
51.02484345436096,127.0.0.1,8080,127.0.0.1,36600,56,attack
51.02876043319702,127.0.0.1,8080,127.0.0.1,46744,138,attack
51.035649061203,127.0.0.1,46744,127.0.0.1,8080,0,attack
51.04944586753845,127.0.0.1,8080,127.0.0.1,36628,138,attack
51.05584383010864,127.0.0.1,47696,127.0.0.1,8080,0,attack
51.086501598358154,127.0.0.1,36628,127.0.0.1,8080,0,attack
51.15622615814209,127.0.0.1,8080,127.0.0.1,36628,56,attack
51.16402769088745,127.0.0.1,36600,127.0.0.1,8080,0,attack
51.20397758483887,127.0.0.1,36666,127.0.0.1,8080,0,attack
51.24725675582886,127.0.0.1,36692,127.0.0.1,8080,0,attack
51.3227915763855,127.0.0.1,8080,127.0.0.1,36692,56,attack
51.3691349029541,127.0.0.1,36698,127.0.0.1,8080,163,attack
51.37551259994507,127.0.0.1,36790,127.0.0.1,8080,163,attack
51.394179821014404,127.0.0.1,36692,127.0.0.1,8080,0,attack
51.4095242023468,127.0.0.1,36634,127.0.0.1,8080,0,attack
51.413076877593994,127.0.0.1,8080,127.0.0.1,36698,138,attack
51.41931653022766,127.0.0.1,8080,127.0.0.1,36790,194,attack
51.43103575706482,127.0.0.1,36790,127.0.0.1,8080,0,attack
51.434914112091064,127.0.0.1,36732,127.0.0.1,8080,163,attack
51.443949460983276,127.0.0.1,36666,127.0.0.1,8080,163,attack
51.44899010658264,127.0.0.1,36628,127.0.0.1,8080,0,attack
51.45485329627991,127.0.0.1,8080,127.0.0.1,36732,138,attack
51.4636504650116,127.0.0.1,8080,127.0.0.1,36732,56,attack
51.46750259399414,127.0.0.1,8080,127.0.0.1,36666,138,attack
51.47092390060425,127.0.0.1,36600,127.0.0.1,8080,163,attack
51.47502255439758,127.0.0.1,36554,127.0.0.1,8080,0,attack
51.48280930519104,127.0.0.1,48052,127.0.0.1,8080,0,attack
51.49126744270325,127.0.0.1,8080,127.0.0.1,48052,0,attack
51.50336694717407,127.0.0.1,48052,127.0.0.1,8080,0,attack
51.50796604156494,127.0.0.1,8080,127.0.0.1,36600,138,attack
51.51266026496887,127.0.0.1,36692,127.0.0.1,8080,163,attack
51.521923303604126,127.0.0.1,8080,127.0.0.1,36554,56,attack
51.52660870552063,127.0.0.1,36790,127.0.0.1,8080,163,attack
51.52978324890137,127.0.0.1,48052,127.0.0.1,8080,163,attack
51.53610014915466,127.0.0.1,8080,127.0.0.1,48052,0,attack
51.54019904136658,127.0.0.1,36858,127.0.0.1,8080,163,attack
51.54400825500488,127.0.0.1,8080,127.0.0.1,36692,138,attack
51.55207014083862,127.0.0.1,36554,127.0.0.1,8080,0,attack
51.55525469779968,127.0.0.1,8080,127.0.0.1,36790,138,attack
51.55913329124451,127.0.0.1,36628,127.0.0.1,8080,163,attack
51.56267309188843,127.0.0.1,8080,127.0.0.1,36858,138,attack
51.567954778671265,127.0.0.1,36858,127.0.0.1,8080,0,attack
51.57478594779968,127.0.0.1,8080,127.0.0.1,36858,56,attack
51.579232692718506,127.0.0.1,36858,127.0.0.1,8080,0,attack
51.58552837371826,127.0.0.1,36814,127.0.0.1,8080,163,benign
51.5944447517395,127.0.0.1,8080,127.0.0.1,36628,138,benign
51.61699938774109,127.0.0.1,8080,127.0.0.1,36814,138,benign
51.66942286491394,127.0.0.1,36716,127.0.0.1,8080,0,benign
51.801461696624756,127.0.0.1,36634,127.0.0.1,8080,163,benign
51.99286389350891,127.0.0.1,8080,127.0.0.1,36716,56,benign
52.03441762924194,127.0.0.1,8080,127.0.0.1,36658,56,benign
52.22740912437439,127.0.0.1,36658,127.0.0.1,8080,0,benign
52.3021023273468,127.0.0.1,8080,127.0.0.1,36634,138,benign
52.35665512084961,127.0.0.1,36858,127.0.0.1,8080,163,benign
52.380863428115845,127.0.0.1,36716,127.0.0.1,8080,0,benign
52.4025297164917,127.0.0.1,36706,127.0.0.1,8080,0,benign
52.407958030700684,127.0.0.1,36854,127.0.0.1,8080,0,benign
52.41129970550537,127.0.0.1,36924,127.0.0.1,8080,0,benign
52.4195077419281,127.0.0.1,8080,127.0.0.1,36924,56,benign
52.42341685295105,127.0.0.1,8080,127.0.0.1,36706,56,benign
52.4382438659668,127.0.0.1,8080,127.0.0.1,36854,56,benign
52.453532218933105,127.0.0.1,36706,127.0.0.1,8080,0,benign
52.45830154418945,127.0.0.1,36924,127.0.0.1,8080,0,benign
52.46259665489197,127.0.0.1,48066,127.0.0.1,8080,0,benign
52.468809604644775,127.0.0.1,8080,127.0.0.1,48066,0,benign
52.47559404373169,127.0.0.1,48066,127.0.0.1,8080,0,benign
52.47908926010132,127.0.0.1,8080,127.0.0.1,36858,138,benign
52.4845986366272,127.0.0.1,36752,127.0.0.1,8080,163,benign
52.49165463447571,127.0.0.1,8080,127.0.0.1,36732,56,benign
52.500301122665405,127.0.0.1,36732,127.0.0.1,8080,0,benign
52.50554895401001,127.0.0.1,36854,127.0.0.1,8080,0,benign
52.50895023345947,127.0.0.1,8080,127.0.0.1,36752,194,benign
52.51286339759827,127.0.0.1,8080,127.0.0.1,47696,0,benign
52.51697087287903,127.0.0.1,36554,127.0.0.1,8080,163,benign
52.52068495750427,127.0.0.1,36698,127.0.0.1,8080,0,benign
52.52388262748718,127.0.0.1,8080,127.0.0.1,36698,56,benign
52.53265571594238,127.0.0.1,8080,127.0.0.1,36554,138,benign
52.536219358444214,127.0.0.1,48080,127.0.0.1,8080,0,benign
52.54633927345276,127.0.0.1,8080,127.0.0.1,48080,0,benign
52.54936408996582,127.0.0.1,36698,127.0.0.1,8080,0,benign
52.553160190582275,127.0.0.1,48080,127.0.0.1,8080,0,benign
52.55553603172302,127.0.0.1,48066,127.0.0.1,8080,163,benign
52.55801820755005,127.0.0.1,8080,127.0.0.1,48066,0,benign
52.561047077178955,127.0.0.1,36666,127.0.0.1,8080,0,benign
52.56450653076172,127.0.0.1,8080,127.0.0.1,36666,56,benign
52.56801962852478,127.0.0.1,36854,127.0.0.1,8080,163,benign
52.57111835479736,127.0.0.1,36666,127.0.0.1,8080,0,benign
52.574352741241455,127.0.0.1,48080,127.0.0.1,8080,163,benign
52.5837881565094,127.0.0.1,8080,127.0.0.1,48080,0,benign
52.61078500747681,127.0.0.1,36600,127.0.0.1,8080,0,benign
52.62547063827515,127.0.0.1,8080,127.0.0.1,36600,56,benign
52.63475275039673,127.0.0.1,8080,127.0.0.1,36854,138,benign
52.650187492370605,127.0.0.1,36600,127.0.0.1,8080,0,benign
52.68015170097351,127.0.0.1,36658,127.0.0.1,8080,163,benign
52.70713686943054,127.0.0.1,36692,127.0.0.1,8080,0,benign
52.74873948097229,127.0.0.1,8080,127.0.0.1,36692,56,benign
52.77991342544556,127.0.0.1,36692,127.0.0.1,8080,0,benign
52.83724665641785,127.0.0.1,8080,127.0.0.1,36658,138,benign
52.97628450393677,127.0.0.1,36790,127.0.0.1,8080,0,benign
53.11368203163147,127.0.0.1,36814,127.0.0.1,8080,0,benign
53.44486355781555,127.0.0.1,36628,127.0.0.1,8080,0,benign
53.48811650276184,127.0.0.1,8080,127.0.0.1,36628,56,benign
53.508307456970215,127.0.0.1,8080,127.0.0.1,36790,56,benign
53.52432942390442,127.0.0.1,8080,127.0.0.1,36814,56,benign
53.57004261016846,127.0.0.1,36790,127.0.0.1,8080,0,benign
53.628798723220825,127.0.0.1,36628,127.0.0.1,8080,0,benign
53.6614146232605,127.0.0.1,36814,127.0.0.1,8080,0,benign
53.670644998550415,127.0.0.1,36814,127.0.0.1,8080,163,benign
53.67559242248535,127.0.0.1,36666,127.0.0.1,8080,163,benign
53.67970156669617,127.0.0.1,8080,127.0.0.1,36612,138,benign
53.68422603607178,127.0.0.1,8080,127.0.0.1,36554,138,benign
53.68722701072693,127.0.0.1,36770,127.0.0.1,8080,163,benign
53.693965911865234,127.0.0.1,54070,127.0.0.1,8080,0,benign
53.69999170303345,127.0.0.1,8080,127.0.0.1,36770,194,benign
53.70503234863281,127.0.0.1,36770,127.0.0.1,8080,0,benign
53.71143960952759,127.0.0.1,36800,127.0.0.1,8080,0,benign
53.767762660980225,127.0.0.1,8080,127.0.0.1,36800,56,benign
53.844619035720825,127.0.0.1,36628,127.0.0.1,8080,163,benign
53.99964928627014,127.0.0.1,36800,127.0.0.1,8080,0,benign
54.04520511627197,127.0.0.1,36716,127.0.0.1,8080,163,benign
54.199195861816406,127.0.0.1,36658,127.0.0.1,8080,163,benign
54.260014295578,127.0.0.1,8080,127.0.0.1,36628,138,benign
54.336437463760376,127.0.0.1,8080,127.0.0.1,36658,138,benign
54.58443999290466,127.0.0.1,54938,127.0.0.1,8080,0,benign
54.59001660346985,127.0.0.1,8080,127.0.0.1,54938,0,benign
54.64377737045288,127.0.0.1,54938,127.0.0.1,8080,0,benign
54.697529554367065,127.0.0.1,8080,127.0.0.1,36716,138,benign
54.92705321311951,127.0.0.1,36770,127.0.0.1,8080,163,benign
55.128750801086426,127.0.0.1,54938,127.0.0.1,8080,167,benign
55.158963680267334,127.0.0.1,8080,127.0.0.1,54938,0,benign
55.2340133190155,127.0.0.1,36800,127.0.0.1,8080,163,benign
55.272032499313354,127.0.0.1,8080,127.0.0.1,36770,138,benign
55.34188508987427,127.0.0.1,54074,127.0.0.1,8080,0,benign
55.47265434265137,127.0.0.1,8080,127.0.0.1,36800,138,benign
55.48739433288574,127.0.0.1,36790,127.0.0.1,8080,0,benign
55.513103008270264,127.0.0.1,36814,127.0.0.1,8080,0,benign
55.52533149719238,127.0.0.1,36924,127.0.0.1,8080,0,benign
55.53427076339722,127.0.0.1,8080,127.0.0.1,36924,56,benign
55.54294729232788,127.0.0.1,8080,127.0.0.1,36814,56,benign
55.56103539466858,127.0.0.1,8080,127.0.0.1,36790,56,benign
55.581077098846436,127.0.0.1,36814,127.0.0.1,8080,0,benign
55.64254379272461,127.0.0.1,36790,127.0.0.1,8080,0,benign
55.734477281570435,127.0.0.1,36924,127.0.0.1,8080,0,benign
55.90396165847778,127.0.0.1,46920,127.0.0.1,8081,167,benign
55.95122194290161,127.0.0.1,8081,127.0.0.1,46920,0,benign
55.97377586364746,127.0.0.1,8080,127.0.0.1,54066,0,benign
56.022212743759155,127.0.0.1,8080,127.0.0.1,36732,56,benign
56.04974031448364,127.0.0.1,36732,127.0.0.1,8080,0,benign
56.082632064819336,127.0.0.1,36814,127.0.0.1,8080,163,benign
56.147982597351074,127.0.0.1,54086,127.0.0.1,8080,0,benign
56.20677399635315,127.0.0.1,36746,127.0.0.1,8080,163,benign
56.266029357910156,127.0.0.1,36752,127.0.0.1,8080,163,benign
56.401888608932495,127.0.0.1,36924,127.0.0.1,8080,163,benign
56.45096683502197,127.0.0.1,8080,127.0.0.1,36814,138,benign
56.46844553947449,127.0.0.1,36666,127.0.0.1,8080,0,benign
56.47331237792969,127.0.0.1,8080,127.0.0.1,36746,138,benign
56.475994348526,127.0.0.1,36746,127.0.0.1,8080,0,benign
56.47961091995239,127.0.0.1,8080,127.0.0.1,36666,56,benign
56.485949754714966,127.0.0.1,36666,127.0.0.1,8080,0,benign
56.48986744880676,127.0.0.1,8080,127.0.0.1,36752,138,benign
56.49281573295593,127.0.0.1,36752,127.0.0.1,8080,0,benign
56.50518345832825,127.0.0.1,8080,127.0.0.1,36752,56,benign
56.51270627975464,127.0.0.1,36752,127.0.0.1,8080,0,benign
56.517417430877686,127.0.0.1,8080,127.0.0.1,36746,56,benign
56.5221049785614,127.0.0.1,36746,127.0.0.1,8080,0,benign
56.52557587623596,127.0.0.1,8080,127.0.0.1,36924,138,benign
56.52954316139221,127.0.0.1,36612,127.0.0.1,8080,0,benign
56.532886266708374,127.0.0.1,8080,127.0.0.1,36612,56,benign
56.53670883178711,127.0.0.1,36612,127.0.0.1,8080,0,benign
56.53986382484436,127.0.0.1,36746,127.0.0.1,8080,163,benign
56.545018434524536,127.0.0.1,36554,127.0.0.1,8080,0,benign
56.554327726364136,127.0.0.1,8080,127.0.0.1,54070,0,benign
56.56425642967224,127.0.0.1,8080,127.0.0.1,36746,138,benign
56.56773495674133,127.0.0.1,8080,127.0.0.1,36554,56,benign
56.57165718078613,127.0.0.1,36732,127.0.0.1,8080,163,benign
56.58956789970398,127.0.0.1,36554,127.0.0.1,8080,0,benign
56.74033260345459,127.0.0.1,36612,127.0.0.1,8080,163,benign
56.813934326171875,127.0.0.1,36790,127.0.0.1,8080,163,benign
56.85990309715271,127.0.0.1,36628,127.0.0.1,8080,0,benign
56.95866060256958,127.0.0.1,36658,127.0.0.1,8080,0,benign
56.98264765739441,127.0.0.1,8080,127.0.0.1,36628,56,benign
57.02326798439026,127.0.0.1,36752,127.0.0.1,8080,163,benign
57.048399209976196,127.0.0.1,8080,127.0.0.1,36732,138,benign
57.07079792022705,127.0.0.1,36716,127.0.0.1,8080,0,benign
57.09207057952881,127.0.0.1,8080,127.0.0.1,36658,56,benign
57.10531783103943,127.0.0.1,36658,127.0.0.1,8080,0,benign
57.12907934188843,127.0.0.1,8080,127.0.0.1,36612,138,benign
57.13588833808899,127.0.0.1,36858,127.0.0.1,8080,163,benign
57.146517276763916,127.0.0.1,8080,127.0.0.1,36790,138,benign
57.16311264038086,127.0.0.1,36628,127.0.0.1,8080,0,benign
57.18282604217529,127.0.0.1,8080,127.0.0.1,54074,0,benign
57.19803977012634,127.0.0.1,36770,127.0.0.1,8080,0,benign
57.21716928482056,127.0.0.1,8080,127.0.0.1,36752,138,benign
57.232428789138794,127.0.0.1,8080,127.0.0.1,36716,56,benign
57.247016191482544,127.0.0.1,8080,127.0.0.1,36770,56,benign
57.26584577560425,127.0.0.1,36770,127.0.0.1,8080,0,benign
57.27552652359009,127.0.0.1,8080,127.0.0.1,36800,56,benign
57.28898000717163,127.0.0.1,36716,127.0.0.1,8080,0,benign
57.30108857154846,127.0.0.1,36800,127.0.0.1,8080,0,benign
57.318753719329834,127.0.0.1,8080,127.0.0.1,36858,194,benign
57.32222938537598,127.0.0.1,36858,127.0.0.1,8080,0,benign
57.32552623748779,127.0.0.1,54944,127.0.0.1,8080,0,benign
57.330893993377686,127.0.0.1,8080,127.0.0.1,54944,0,benign
57.336862325668335,127.0.0.1,54944,127.0.0.1,8080,0,benign
57.3506293296814,127.0.0.1,36858,127.0.0.1,8080,163,benign
57.365249156951904,127.0.0.1,8081,127.0.0.1,46956,198,benign
57.37171244621277,127.0.0.1,46956,127.0.0.1,8081,0,benign
57.375096559524536,127.0.0.1,36804,127.0.0.1,8080,163,benign
57.38189768791199,127.0.0.1,8080,127.0.0.1,54086,0,benign
57.38715600967407,127.0.0.1,36628,127.0.0.1,8080,163,benign
57.39874887466431,127.0.0.1,36666,127.0.0.1,8080,163,benign
57.40642714500427,127.0.0.1,8080,127.0.0.1,36858,138,benign
57.41618871688843,127.0.0.1,8080,127.0.0.1,36804,138,benign
57.42476773262024,127.0.0.1,36804,127.0.0.1,8080,0,benign
57.42872190475464,127.0.0.1,8080,127.0.0.1,36804,56,benign
57.434895277023315,127.0.0.1,36804,127.0.0.1,8080,0,benign
57.448338747024536,127.0.0.1,8080,127.0.0.1,36814,56,benign
57.458221673965454,127.0.0.1,36814,127.0.0.1,8080,0,benign
57.48982071876526,127.0.0.1,8080,127.0.0.1,36628,138,benign
57.51444220542908,127.0.0.1,8080,127.0.0.1,36666,138,benign
57.51778244972229,127.0.0.1,36770,127.0.0.1,8080,163,benign
57.52069807052612,127.0.0.1,54944,127.0.0.1,8080,163,benign
57.5241813659668,127.0.0.1,8080,127.0.0.1,54944,0,benign
57.528080224990845,127.0.0.1,36924,127.0.0.1,8080,0,benign
57.53123497962952,127.0.0.1,8080,127.0.0.1,36924,56,benign
57.535332441329956,127.0.0.1,8080,127.0.0.1,36770,138,benign
57.541077852249146,127.0.0.1,54102,127.0.0.1,8080,0,benign
57.547056436538696,127.0.0.1,54134,127.0.0.1,8080,0,benign
57.5523681640625,127.0.0.1,54118,127.0.0.1,8080,0,benign
57.57300329208374,127.0.0.1,54958,127.0.0.1,8080,0,benign
57.5984103679657,127.0.0.1,8080,127.0.0.1,54958,0,benign
57.60334491729736,127.0.0.1,54958,127.0.0.1,8080,0,benign
57.611183404922485,127.0.0.1,8080,127.0.0.1,36746,56,benign
57.619773864746094,127.0.0.1,36746,127.0.0.1,8080,0,benign
57.625789642333984,127.0.0.1,36634,127.0.0.1,8080,163,benign
57.63529419898987,127.0.0.1,54126,127.0.0.1,8080,0,benign
57.64758801460266,127.0.0.1,36924,127.0.0.1,8080,0,benign
57.66734528541565,127.0.0.1,8080,127.0.0.1,36634,194,benign
57.69798922538757,127.0.0.1,36634,127.0.0.1,8080,0,benign
57.71136832237244,127.0.0.1,36814,127.0.0.1,8080,163,benign
57.73808717727661,127.0.0.1,54140,127.0.0.1,8080,0,benign
57.748064279556274,127.0.0.1,54968,127.0.0.1,8080,0,benign
57.76568150520325,127.0.0.1,8080,127.0.0.1,54968,0,benign
57.84294533729553,127.0.0.1,54968,127.0.0.1,8080,0,benign
57.88690996170044,127.0.0.1,36732,127.0.0.1,8080,0,benign
57.93900728225708,127.0.0.1,36804,127.0.0.1,8080,163,benign
57.96130657196045,127.0.0.1,8080,127.0.0.1,36814,138,benign
57.97150993347168,127.0.0.1,36790,127.0.0.1,8080,0,benign
57.9915337562561,127.0.0.1,36778,127.0.0.1,8080,0,benign
58.0043580532074,127.0.0.1,36692,127.0.0.1,8080,163,benign
58.01832437515259,127.0.0.1,36612,127.0.0.1,8080,0,benign
58.0371036529541,127.0.0.1,36858,127.0.0.1,8080,0,benign
58.05123424530029,127.0.0.1,8080,127.0.0.1,36612,56,benign
58.05865144729614,127.0.0.1,36804,127.0.0.1,8080,163,benign
58.06151747703552,127.0.0.1,36612,127.0.0.1,8080,0,benign
58.06423735618591,127.0.0.1,8080,127.0.0.1,36692,138,benign
58.080082178115845,127.0.0.1,8081,127.0.0.1,46956,138,benign
58.09448313713074,127.0.0.1,8080,127.0.0.1,36858,56,benign
58.11051058769226,127.0.0.1,8080,127.0.0.1,36804,138,benign
58.11576008796692,127.0.0.1,36858,127.0.0.1,8080,0,benign
58.12477231025696,127.0.0.1,36778,127.0.0.1,8080,163,benign
58.1327645778656,127.0.0.1,54844,127.0.0.1,8080,0,benign
58.1402804851532,127.0.0.1,8080,127.0.0.1,36778,138,benign
58.14400124549866,127.0.0.1,36600,127.0.0.1,8080,163,benign
58.14776372909546,127.0.0.1,36658,127.0.0.1,8080,163,benign
58.15776228904724,127.0.0.1,46870,127.0.0.1,8081,167,benign
58.16795516014099,127.0.0.1,8081,127.0.0.1,46870,0,benign
58.173645973205566,127.0.0.1,8080,127.0.0.1,36600,138,benign
58.18554759025574,127.0.0.1,8080,127.0.0.1,36658,138,benign
58.201595306396484,127.0.0.1,36658,127.0.0.1,8080,0,benign
58.20528435707092,127.0.0.1,8080,127.0.0.1,36658,56,benign
58.216978311538696,127.0.0.1,36658,127.0.0.1,8080,0,benign
58.2244017124176,127.0.0.1,36706,127.0.0.1,8080,163,benign
58.22920846939087,127.0.0.1,8080,127.0.0.1,36706,194,benign
58.235787868499756,127.0.0.1,36706,127.0.0.1,8080,0,benign
58.24472641944885,127.0.0.1,36658,127.0.0.1,8080,163,benign
58.24950289726257,127.0.0.1,36800,127.0.0.1,8080,0,benign
58.25217843055725,127.0.0.1,8080,127.0.0.1,36800,56,benign
58.255595445632935,127.0.0.1,8080,127.0.0.1,36658,138,benign
58.261168479919434,127.0.0.1,36644,127.0.0.1,8080,163,benign
58.27317452430725,127.0.0.1,36800,127.0.0.1,8080,0,benign
58.28361916542053,127.0.0.1,36612,127.0.0.1,8080,163,benign
58.29269099235535,127.0.0.1,8080,127.0.0.1,36644,138,benign
58.3065447807312,127.0.0.1,8080,127.0.0.1,36612,138,benign
58.31168508529663,127.0.0.1,36814,127.0.0.1,8080,0,benign
58.316885471343994,127.0.0.1,8080,127.0.0.1,36814,56,benign
58.32248258590698,127.0.0.1,36698,127.0.0.1,8080,0,benign
58.325401067733765,127.0.0.1,36924,127.0.0.1,8080,0,benign
58.32983756065369,127.0.0.1,36732,127.0.0.1,8080,163,benign
58.33412218093872,127.0.0.1,8080,127.0.0.1,36854,56,benign
58.34042429924011,127.0.0.1,8080,127.0.0.1,36924,56,benign
58.34320640563965,127.0.0.1,8080,127.0.0.1,36698,56,benign
58.34708786010742,127.0.0.1,36854,127.0.0.1,8080,0,benign
58.35357666015625,127.0.0.1,36924,127.0.0.1,8080,0,benign
58.36621713638306,127.0.0.1,8080,127.0.0.1,36732,194,benign
58.37816381454468,127.0.0.1,36732,127.0.0.1,8080,0,benign
58.393967151641846,127.0.0.1,36752,127.0.0.1,8080,163,benign
58.40871071815491,127.0.0.1,36790,127.0.0.1,8080,163,benign
58.44446015357971,127.0.0.1,36706,127.0.0.1,8080,163,benign
58.49567246437073,127.0.0.1,36814,127.0.0.1,8080,0,benign
58.50644898414612,127.0.0.1,36698,127.0.0.1,8080,0,benign
58.52199411392212,127.0.0.1,36814,127.0.0.1,8080,163,benign
58.526386976242065,127.0.0.1,36854,127.0.0.1,8080,163,benign
58.54495644569397,127.0.0.1,8080,127.0.0.1,36752,138,benign
58.56295371055603,127.0.0.1,8080,127.0.0.1,36752,56,benign
58.57494115829468,127.0.0.1,36752,127.0.0.1,8080,0,benign
58.57793354988098,127.0.0.1,8080,127.0.0.1,36706,138,benign
58.58152985572815,127.0.0.1,8080,127.0.0.1,36790,138,benign
58.58530879020691,127.0.0.1,46956,127.0.0.1,8081,0,benign
58.58963227272034,127.0.0.1,36692,127.0.0.1,8080,0,benign
58.59231758117676,127.0.0.1,36790,127.0.0.1,8080,0,benign
58.59631633758545,127.0.0.1,8081,127.0.0.1,46956,60,benign
58.599506855010986,127.0.0.1,46956,127.0.0.1,8081,0,benign
58.603721618652344,127.0.0.1,8080,127.0.0.1,36692,56,benign
58.60855054855347,127.0.0.1,8080,127.0.0.1,36790,56,benign
58.616273164749146,127.0.0.1,36752,127.0.0.1,8080,163,benign
58.61931371688843,127.0.0.1,36692,127.0.0.1,8080,0,benign
58.622135162353516,127.0.0.1,36628,127.0.0.1,8080,163,benign
58.62477517127991,127.0.0.1,36790,127.0.0.1,8080,0,benign
58.62733840942383,127.0.0.1,36804,127.0.0.1,8080,0,benign
58.630025148391724,127.0.0.1,8080,127.0.0.1,54844,0,benign
58.63337469100952,127.0.0.1,8080,127.0.0.1,36804,56,benign
58.636277198791504,127.0.0.1,36804,127.0.0.1,8080,0,benign
58.6393837928772,127.0.0.1,8080,127.0.0.1,36854,138,benign
58.644213914871216,127.0.0.1,8080,127.0.0.1,36814,138,benign
58.64729189872742,127.0.0.1,8080,127.0.0.1,36752,138,benign
58.65011405944824,127.0.0.1,36554,127.0.0.1,8080,163,benign
58.66036915779114,127.0.0.1,8081,127.0.0.1,46860,198,benign
58.66588306427002,127.0.0.1,46860,127.0.0.1,8081,0,benign
58.674890756607056,127.0.0.1,54870,127.0.0.1,8080,0,benign
58.681400775909424,127.0.0.1,36778,127.0.0.1,8080,0,benign
58.68610215187073,127.0.0.1,54856,127.0.0.1,8080,0,benign
58.689369440078735,127.0.0.1,8080,127.0.0.1,36778,56,benign
58.69575834274292,127.0.0.1,8080,127.0.0.1,36628,138,benign
58.70021200180054,127.0.0.1,36628,127.0.0.1,8080,0,benign
58.7034912109375,127.0.0.1,8080,127.0.0.1,36628,56,benign
58.70733952522278,127.0.0.1,36628,127.0.0.1,8080,0,benign
58.710456132888794,127.0.0.1,8080,127.0.0.1,36554,194,benign
58.713948249816895,127.0.0.1,36554,127.0.0.1,8080,0,benign
58.71878147125244,127.0.0.1,36600,127.0.0.1,8080,0,benign
58.742045879364014,127.0.0.1,8080,127.0.0.1,36600,56,benign
58.74521994590759,127.0.0.1,36600,127.0.0.1,8080,0,benign
58.74879813194275,127.0.0.1,36778,127.0.0.1,8080,0,benign
58.75524663925171,127.0.0.1,54874,127.0.0.1,8080,0,benign
58.75896716117859,127.0.0.1,54888,127.0.0.1,8080,0,benign
58.762166261672974,127.0.0.1,36658,127.0.0.1,8080,0,benign
58.76857852935791,127.0.0.1,8080,127.0.0.1,36658,56,benign
58.77144908905029,127.0.0.1,46860,127.0.0.1,8081,167,benign
58.77552652359009,127.0.0.1,8081,127.0.0.1,46860,0,benign
58.781538248062134,127.0.0.1,36658,127.0.0.1,8080,0,benign
58.78454566001892,127.0.0.1,46844,127.0.0.1,8081,167,benign
58.78994297981262,127.0.0.1,8081,127.0.0.1,46844,0,benign
58.7928261756897,127.0.0.1,46956,127.0.0.1,8081,167,benign
58.79882335662842,127.0.0.1,8081,127.0.0.1,46956,0,benign
58.80271601676941,127.0.0.1,36612,127.0.0.1,8080,0,benign
58.810630559921265,127.0.0.1,36644,127.0.0.1,8080,0,benign
58.81639575958252,127.0.0.1,8080,127.0.0.1,36644,56,benign
58.827136516571045,127.0.0.1,8080,127.0.0.1,36612,56,benign
58.830995321273804,127.0.0.1,36612,127.0.0.1,8080,0,benign
58.83532118797302,127.0.0.1,36778,127.0.0.1,8080,163,benign
58.848490476608276,127.0.0.1,36644,127.0.0.1,8080,0,benign
58.85656476020813,127.0.0.1,36800,127.0.0.1,8080,163,benign
58.86622714996338,127.0.0.1,8080,127.0.0.1,36778,138,benign
58.881019592285156,127.0.0.1,55730,127.0.0.1,8080,0,benign
58.88810634613037,127.0.0.1,8080,127.0.0.1,55730,0,benign
58.89280891418457,127.0.0.1,55730,127.0.0.1,8080,0,benign
58.920573711395264,127.0.0.1,36554,127.0.0.1,8080,163,benign
59.02746272087097,127.0.0.1,8080,127.0.0.1,36800,138,benign
59.09184718132019,127.0.0.1,8080,127.0.0.1,36800,56,benign
59.12778091430664,127.0.0.1,36612,127.0.0.1,8080,163,benign
59.1768262386322,127.0.0.1,36800,127.0.0.1,8080,0,benign
59.18532657623291,127.0.0.1,8080,127.0.0.1,36554,138,benign
59.1913640499115,127.0.0.1,46910,127.0.0.1,8081,167,benign
59.19576930999756,127.0.0.1,8081,127.0.0.1,46910,0,benign
59.21037149429321,127.0.0.1,8080,127.0.0.1,36612,138,benign
59.235820055007935,127.0.0.1,55730,127.0.0.1,8080,167,benign
59.244848012924194,127.0.0.1,8080,127.0.0.1,55730,0,benign
59.26978349685669,127.0.0.1,36732,127.0.0.1,8080,163,benign
59.29087567329407,127.0.0.1,36706,127.0.0.1,8080,0,benign
59.305031538009644,127.0.0.1,8080,127.0.0.1,36706,56,benign
59.32054591178894,127.0.0.1,36706,127.0.0.1,8080,0,benign
59.33177638053894,127.0.0.1,8080,127.0.0.1,36732,194,benign
59.344199895858765,127.0.0.1,36732,127.0.0.1,8080,0,benign
59.367459297180176,127.0.0.1,36644,127.0.0.1,8080,163,benign
59.39252519607544,127.0.0.1,36804,127.0.0.1,8080,163,benign
59.40594959259033,127.0.0.1,8080,127.0.0.1,36644,138,benign
59.41614389419556,127.0.0.1,8080,127.0.0.1,36804,194,benign
59.431702852249146,127.0.0.1,36804,127.0.0.1,8080,0,benign
59.447036266326904,127.0.0.1,36814,127.0.0.1,8080,0,benign
59.46715950965881,127.0.0.1,36854,127.0.0.1,8080,0,benign
59.4750292301178,127.0.0.1,36752,127.0.0.1,8080,0,benign
59.48864126205444,127.0.0.1,8080,127.0.0.1,54870,0,benign
59.52468299865723,127.0.0.1,8080,127.0.0.1,36814,56,benign
59.53435754776001,127.0.0.1,8080,127.0.0.1,36752,56,benign
59.54670739173889,127.0.0.1,8080,127.0.0.1,36854,56,benign
59.555554151535034,127.0.0.1,36752,127.0.0.1,8080,0,benign
59.56072473526001,127.0.0.1,36706,127.0.0.1,8080,163,benign
59.569074392318726,127.0.0.1,36732,127.0.0.1,8080,163,benign
59.580233335494995,127.0.0.1,8080,127.0.0.1,54856,0,benign
59.585482358932495,127.0.0.1,36814,127.0.0.1,8080,0,benign
59.58982491493225,127.0.0.1,36854,127.0.0.1,8080,0,benign
59.59402012825012,127.0.0.1,8081,127.0.0.1,46890,138,benign
59.6042046546936,127.0.0.1,8081,127.0.0.1,46890,60,benign
59.6075222492218,127.0.0.1,46890,127.0.0.1,8081,0,benign
59.61051154136658,127.0.0.1,8081,127.0.0.1,47060,138,benign
59.621185064315796,127.0.0.1,36698,127.0.0.1,8080,163,benign
59.62525415420532,127.0.0.1,36644,127.0.0.1,8080,163,benign
59.63069534301758,127.0.0.1,8080,127.0.0.1,36698,138,benign
59.64104914665222,127.0.0.1,8080,127.0.0.1,36644,138,benign
59.657947063446045,127.0.0.1,47274,127.0.0.1,8082,167,benign
59.67319202423096,127.0.0.1,8082,127.0.0.1,47274,0,benign
59.689117670059204,127.0.0.1,36586,127.0.0.1,8080,0,benign
59.70437479019165,127.0.0.1,8080,127.0.0.1,36586,56,benign
59.73643469810486,127.0.0.1,36586,127.0.0.1,8080,0,benign
59.750693798065186,127.0.0.1,36570,127.0.0.1,8080,163,benign
59.75970697402954,127.0.0.1,36692,127.0.0.1,8080,163,benign
59.80119347572327,127.0.0.1,36814,127.0.0.1,8080,0,benign
59.816832065582275,127.0.0.1,8080,127.0.0.1,36854,56,benign
59.83570957183838,127.0.0.1,36854,127.0.0.1,8080,0,benign
59.85303282737732,127.0.0.1,8080,127.0.0.1,36814,56,benign
59.87699341773987,127.0.0.1,8080,127.0.0.1,36570,194,benign
59.92123293876648,127.0.0.1,36570,127.0.0.1,8080,0,benign
60.003005504608154,127.0.0.1,8080,127.0.0.1,36692,194,benign
60.038294076919556,127.0.0.1,36692,127.0.0.1,8080,0,benign
60.10070776939392,127.0.0.1,36658,127.0.0.1,8080,163,benign
60.13743281364441,127.0.0.1,36814,127.0.0.1,8080,0,benign
60.18602418899536,127.0.0.1,36586,127.0.0.1,8080,163,benign
60.21701097488403,127.0.0.1,36732,127.0.0.1,8080,0,benign
60.23939514160156,127.0.0.1,8080,127.0.0.1,36732,56,benign
60.24655199050903,127.0.0.1,56524,127.0.0.1,8080,0,benign
60.253379106521606,127.0.0.1,47192,127.0.0.1,8081,0,benign
60.2831346988678,127.0.0.1,8080,127.0.0.1,36658,194,benign
60.29910326004028,127.0.0.1,8081,127.0.0.1,47192,0,benign
60.31512761116028,127.0.0.1,36658,127.0.0.1,8080,0,benign
60.337984561920166,127.0.0.1,47192,127.0.0.1,8081,0,benign
60.36144828796387,127.0.0.1,8080,127.0.0.1,36586,138,benign
60.372809410095215,127.0.0.1,36628,127.0.0.1,8080,0,benign
60.375534534454346,127.0.0.1,8080,127.0.0.1,36628,56,benign
60.3895480632782,127.0.0.1,47192,127.0.0.1,8081,167,benign
60.39852166175842,127.0.0.1,8081,127.0.0.1,47192,0,benign
60.41064810752869,127.0.0.1,36800,127.0.0.1,8080,163,benign
60.438456535339355,127.0.0.1,47288,127.0.0.1,8082,0,benign
60.4887011051178,127.0.0.1,8082,127.0.0.1,47288,0,benign
60.55558109283447,127.0.0.1,47288,127.0.0.1,8082,0,benign
60.58093619346619,127.0.0.1,36666,127.0.0.1,8080,0,benign
60.595956325531006,127.0.0.1,8080,127.0.0.1,56500,0,benign
60.60169959068298,127.0.0.1,57136,127.0.0.1,8080,0,benign
60.60785412788391,127.0.0.1,8080,127.0.0.1,57136,0,benign
60.61556792259216,127.0.0.1,57136,127.0.0.1,8080,0,benign
60.61882257461548,127.0.0.1,8080,127.0.0.1,36666,56,benign
60.62215209007263,127.0.0.1,56522,127.0.0.1,8080,0,benign
60.630852460861206,127.0.0.1,36732,127.0.0.1,8080,0,benign
60.65319013595581,127.0.0.1,56514,127.0.0.1,8080,0,benign
60.66101002693176,127.0.0.1,36628,127.0.0.1,8080,0,benign
60.6778085231781,127.0.0.1,36666,127.0.0.1,8080,0,benign
60.68952989578247,127.0.0.1,8080,127.0.0.1,36800,138,benign
60.705002307891846,127.0.0.1,36800,127.0.0.1,8080,0,benign
60.7115695476532,127.0.0.1,8080,127.0.0.1,36800,56,benign
60.71467185020447,127.0.0.1,36800,127.0.0.1,8080,0,benign
60.71823167800903,127.0.0.1,36706,127.0.0.1,8080,0,benign
60.7261278629303,127.0.0.1,57136,127.0.0.1,8080,163,benign
60.73403072357178,127.0.0.1,8080,127.0.0.1,57136,0,benign
60.752931356430054,127.0.0.1,8080,127.0.0.1,36706,56,benign
60.82902240753174,127.0.0.1,56536,127.0.0.1,8080,0,benign
60.875046491622925,127.0.0.1,36628,127.0.0.1,8080,163,benign
60.90523624420166,127.0.0.1,47288,127.0.0.1,8082,167,benign
60.92428970336914,127.0.0.1,8082,127.0.0.1,47288,0,benign
60.94200801849365,127.0.0.1,8081,127.0.0.1,46942,198,benign
60.99417734146118,127.0.0.1,46942,127.0.0.1,8081,0,benign
61.03501915931702,127.0.0.1,36858,127.0.0.1,8080,0,benign
61.09799766540527,127.0.0.1,8080,127.0.0.1,36858,56,benign
61.134430170059204,127.0.0.1,8080,127.0.0.1,36628,138,benign
61.173377990722656,127.0.0.1,47060,127.0.0.1,8081,0,benign
61.22673940658569,127.0.0.1,46942,127.0.0.1,8081,0,benign
61.28864145278931,127.0.0.1,8081,127.0.0.1,46942,0,benign
61.312591791152954,127.0.0.1,46942,127.0.0.1,8081,0,benign
61.34160113334656,127.0.0.1,36706,127.0.0.1,8080,0,benign
61.35810852050781,127.0.0.1,57146,127.0.0.1,8080,0,benign
61.36981391906738,127.0.0.1,8080,127.0.0.1,57146,0,benign
61.38495945930481,127.0.0.1,57146,127.0.0.1,8080,0,benign
61.39200758934021,127.0.0.1,56552,127.0.0.1,8080,0,benign
61.39484930038452,127.0.0.1,36644,127.0.0.1,8080,0,benign
61.40087413787842,127.0.0.1,36698,127.0.0.1,8080,0,benign
61.409162759780884,127.0.0.1,8081,127.0.0.1,47060,60,benign
61.45129990577698,127.0.0.1,8080,127.0.0.1,36644,56,benign
61.461771726608276,127.0.0.1,8080,127.0.0.1,36698,56,benign
61.47009563446045,127.0.0.1,47060,127.0.0.1,8081,0,benign
61.48313903808594,127.0.0.1,36858,127.0.0.1,8080,0,benign
61.49763250350952,127.0.0.1,36698,127.0.0.1,8080,0,benign
61.52240753173828,127.0.0.1,47060,127.0.0.1,8081,0,benign
61.537681341171265,127.0.0.1,8081,127.0.0.1,47060,0,benign
61.58666944503784,127.0.0.1,47060,127.0.0.1,8081,0,benign
61.606146574020386,127.0.0.1,8082,127.0.0.1,47258,198,benign
61.61443758010864,127.0.0.1,47258,127.0.0.1,8082,0,benign
61.621497631073,127.0.0.1,36800,127.0.0.1,8080,163,benign
61.62744903564453,127.0.0.1,36698,127.0.0.1,8080,163,benign
61.63166332244873,127.0.0.1,36706,127.0.0.1,8080,163,benign
61.66049385070801,127.0.0.1,56560,127.0.0.1,8080,0,benign
61.69726848602295,127.0.0.1,8080,127.0.0.1,36800,138,benign
61.80732440948486,127.0.0.1,57162,127.0.0.1,8080,0,benign
62.02208638191223,127.0.0.1,8080,127.0.0.1,57162,0,benign
62.16585898399353,127.0.0.1,57162,127.0.0.1,8080,0,benign
62.23673152923584,127.0.0.1,57162,127.0.0.1,8080,163,benign
62.40658259391785,127.0.0.1,8080,127.0.0.1,57162,0,benign
62.469645500183105,127.0.0.1,8080,127.0.0.1,36698,138,benign
62.52123785018921,127.0.0.1,57146,127.0.0.1,8080,167,benign
62.57656502723694,127.0.0.1,8080,127.0.0.1,57146,0,benign
62.61800956726074,127.0.0.1,8080,127.0.0.1,36706,138,benign
62.63681507110596,127.0.0.1,36586,127.0.0.1,8080,0,benign
62.642505407333374,127.0.0.1,8080,127.0.0.1,56524,0,benign
62.645790576934814,127.0.0.1,8080,127.0.0.1,36586,56,benign
62.6487398147583,127.0.0.1,36658,127.0.0.1,8080,163,benign
62.65226340293884,127.0.0.1,36644,127.0.0.1,8080,0,benign
62.65630602836609,127.0.0.1,8080,127.0.0.1,36658,138,benign
62.65912747383118,127.0.0.1,36658,127.0.0.1,8080,0,benign
62.663148403167725,127.0.0.1,8080,127.0.0.1,36658,56,benign
62.668415784835815,127.0.0.1,36658,127.0.0.1,8080,0,benign
62.67117762565613,127.0.0.1,57164,127.0.0.1,8080,0,benign
62.67442584037781,127.0.0.1,8080,127.0.0.1,57164,0,benign
62.67682766914368,127.0.0.1,57164,127.0.0.1,8080,0,benign
62.67964792251587,127.0.0.1,36778,127.0.0.1,8080,163,benign
62.682687282562256,127.0.0.1,57168,127.0.0.1,8080,0,benign
62.6863157749176,127.0.0.1,8080,127.0.0.1,57168,0,benign
62.69366955757141,127.0.0.1,57168,127.0.0.1,8080,0,benign
62.69656944274902,127.0.0.1,8080,127.0.0.1,36778,138,benign
62.70020914077759,127.0.0.1,8080,127.0.0.1,36778,56,benign
62.70295691490173,127.0.0.1,36732,127.0.0.1,8080,163,benign
62.70558476448059,127.0.0.1,8080,127.0.0.1,56514,0,benign
62.70842218399048,127.0.0.1,8080,127.0.0.1,56522,0,benign
62.7147581577301,127.0.0.1,36644,127.0.0.1,8080,163,benign
62.71943998336792,127.0.0.1,57164,127.0.0.1,8080,167,benign
62.724398612976074,127.0.0.1,8080,127.0.0.1,57164,0,benign
62.74283170700073,127.0.0.1,57168,127.0.0.1,8080,167,benign
62.75501346588135,127.0.0.1,8080,127.0.0.1,57168,0,benign
62.76107382774353,127.0.0.1,56574,127.0.0.1,8080,0,benign
62.76831030845642,127.0.0.1,8080,127.0.0.1,36732,138,benign
62.79388689994812,127.0.0.1,8080,127.0.0.1,36732,56,benign
62.819913387298584,127.0.0.1,8080,127.0.0.1,36644,138,benign
62.836350202560425,127.0.0.1,36732,127.0.0.1,8080,0,benign
62.85158061981201,127.0.0.1,8080,127.0.0.1,56536,0,benign
62.87414479255676,127.0.0.1,47198,127.0.0.1,8081,0,benign
62.890626430511475,127.0.0.1,8081,127.0.0.1,47198,0,benign
62.9407525062561,127.0.0.1,47198,127.0.0.1,8081,0,benign
62.94625377655029,127.0.0.1,36628,127.0.0.1,8080,0,benign
62.9490749835968,127.0.0.1,8080,127.0.0.1,36628,56,benign
62.952632665634155,127.0.0.1,36732,127.0.0.1,8080,163,benign
62.958970069885254,127.0.0.1,36586,127.0.0.1,8080,0,benign
62.96240592002869,127.0.0.1,36628,127.0.0.1,8080,0,benign
62.96588587760925,127.0.0.1,8080,127.0.0.1,56552,0,benign
62.96943783760071,127.0.0.1,57172,127.0.0.1,8080,0,benign
62.97722601890564,127.0.0.1,8080,127.0.0.1,57172,0,benign
63.01061248779297,127.0.0.1,57172,127.0.0.1,8080,0,benign
63.02028822898865,127.0.0.1,36692,127.0.0.1,8080,163,benign
63.028160095214844,127.0.0.1,36778,127.0.0.1,8080,0,benign
63.034481048583984,127.0.0.1,56570,127.0.0.1,8080,0,benign
63.04798722267151,127.0.0.1,8080,127.0.0.1,47418,138,benign
63.08533310890198,127.0.0.1,47198,127.0.0.1,8081,167,benign
63.12130284309387,127.0.0.1,47418,127.0.0.1,8080,0,benign
63.13839364051819,127.0.0.1,8081,127.0.0.1,47198,0,benign
63.18264818191528,127.0.0.1,57172,127.0.0.1,8080,163,benign
63.20137310028076,127.0.0.1,8080,127.0.0.1,57172,0,benign
63.21904516220093,127.0.0.1,36778,127.0.0.1,8080,163,benign
63.24864935874939,127.0.0.1,57178,127.0.0.1,8080,0,benign
63.28223729133606,127.0.0.1,8080,127.0.0.1,57178,0,benign
63.305424451828,127.0.0.1,57178,127.0.0.1,8080,0,benign
63.31680154800415,127.0.0.1,36570,127.0.0.1,8080,163,benign
63.334585666656494,127.0.0.1,57180,127.0.0.1,8080,0,benign
63.3577561378479,127.0.0.1,8080,127.0.0.1,57180,0,benign
63.371936559677124,127.0.0.1,57180,127.0.0.1,8080,0,benign
63.386537075042725,127.0.0.1,57180,127.0.0.1,8080,167,benign
63.393829345703125,127.0.0.1,8080,127.0.0.1,57180,0,benign
63.41001892089844,127.0.0.1,36698,127.0.0.1,8080,0,benign
63.41968846321106,127.0.0.1,36800,127.0.0.1,8080,0,benign
63.43231272697449,127.0.0.1,8080,127.0.0.1,56560,0,benign
63.446398973464966,127.0.0.1,8080,127.0.0.1,36800,56,benign
63.461018562316895,127.0.0.1,36800,127.0.0.1,8080,0,benign
63.47717094421387,127.0.0.1,8080,127.0.0.1,36698,56,benign
63.484071493148804,127.0.0.1,8080,127.0.0.1,47432,138,benign
63.487329959869385,127.0.0.1,47432,127.0.0.1,8080,0,benign
63.49668645858765,127.0.0.1,8080,127.0.0.1,36658,138,benign
63.52127528190613,127.0.0.1,8080,127.0.0.1,36804,56,benign
63.539138317108154,127.0.0.1,36804,127.0.0.1,8080,0,benign
63.5475811958313,127.0.0.1,57480,127.0.0.1,8080,0,benign
63.55699276924133,127.0.0.1,36924,127.0.0.1,8080,163,benign
63.57315516471863,127.0.0.1,36804,127.0.0.1,8080,163,benign
63.59524941444397,127.0.0.1,8080,127.0.0.1,36924,138,benign
63.614060401916504,127.0.0.1,8080,127.0.0.1,36804,138,benign
63.61834740638733,127.0.0.1,36586,127.0.0.1,8080,163,benign
63.62901711463928,127.0.0.1,36858,127.0.0.1,8080,0,benign
63.639002323150635,127.0.0.1,36778,127.0.0.1,8080,0,benign
63.64729118347168,127.0.0.1,8080,127.0.0.1,36778,56,benign
63.65066194534302,127.0.0.1,36778,127.0.0.1,8080,0,benign
63.66008925437927,127.0.0.1,8080,127.0.0.1,36858,56,benign
63.663007974624634,127.0.0.1,36858,127.0.0.1,8080,0,benign
63.6657657623291,127.0.0.1,36858,127.0.0.1,8080,163,benign
63.66877555847168,127.0.0.1,57464,127.0.0.1,8080,0,benign
63.685285329818726,127.0.0.1,8080,127.0.0.1,36586,138,benign
63.70107293128967,127.0.0.1,8080,127.0.0.1,57454,0,benign
63.70640444755554,127.0.0.1,8080,127.0.0.1,36858,138,benign
63.71056914329529,127.0.0.1,36570,127.0.0.1,8080,0,benign
63.71387219429016,127.0.0.1,36752,127.0.0.1,8080,163,benign
63.71786308288574,127.0.0.1,8080,127.0.0.1,36570,56,benign
63.72887635231018,127.0.0.1,8080,127.0.0.1,57446,0,benign
63.73211717605591,127.0.0.1,36778,127.0.0.1,8080,163,benign
63.73676323890686,127.0.0.1,36570,127.0.0.1,8080,0,benign
63.7399468421936,127.0.0.1,36628,127.0.0.1,8080,163,benign
63.743815422058105,127.0.0.1,55296,127.0.0.1,8080,0,benign
63.746644258499146,127.0.0.1,8080,127.0.0.1,55296,0,benign
63.75326657295227,127.0.0.1,55296,127.0.0.1,8080,0,benign
63.75633382797241,127.0.0.1,55296,127.0.0.1,8080,163,benign
63.77205419540405,127.0.0.1,8080,127.0.0.1,55296,0,benign
63.78445267677307,127.0.0.1,8080,127.0.0.1,36752,138,benign
63.78859186172485,127.0.0.1,8080,127.0.0.1,57468,0,benign
63.794803857803345,127.0.0.1,8080,127.0.0.1,36778,138,benign
63.79772615432739,127.0.0.1,8080,127.0.0.1,36644,56,benign
63.800609827041626,127.0.0.1,36644,127.0.0.1,8080,0,benign
63.803473472595215,127.0.0.1,8080,127.0.0.1,36628,138,benign
63.807854890823364,127.0.0.1,36628,127.0.0.1,8080,0,benign
63.81083273887634,127.0.0.1,8080,127.0.0.1,36628,56,benign
63.8136932849884,127.0.0.1,36628,127.0.0.1,8080,0,benign
63.81761813163757,127.0.0.1,55302,127.0.0.1,8080,0,benign
63.824453353881836,127.0.0.1,8080,127.0.0.1,55302,0,benign
63.83007311820984,127.0.0.1,55302,127.0.0.1,8080,0,benign
63.833704471588135,127.0.0.1,55302,127.0.0.1,8080,163,benign
63.83929252624512,127.0.0.1,8080,127.0.0.1,55302,0,benign
63.847997188568115,127.0.0.1,36746,127.0.0.1,8080,163,benign
63.85207438468933,127.0.0.1,36692,127.0.0.1,8080,0,benign
63.8581120967865,127.0.0.1,8080,127.0.0.1,36692,56,benign
63.863887548446655,127.0.0.1,36692,127.0.0.1,8080,0,benign
63.867231369018555,127.0.0.1,36628,127.0.0.1,8080,163,benign
63.8703875541687,127.0.0.1,8080,127.0.0.1,36746,138,benign
63.87342953681946,127.0.0.1,8080,127.0.0.1,36746,56,benign
63.87658929824829,127.0.0.1,36746,127.0.0.1,8080,0,benign
63.88182210922241,127.0.0.1,8080,127.0.0.1,36628,138,benign
63.890432357788086,127.0.0.1,36570,127.0.0.1,8080,163,benign
63.89524555206299,127.0.0.1,8081,127.0.0.1,47134,198,benign
63.899179220199585,127.0.0.1,47134,127.0.0.1,8081,0,benign
63.91820931434631,127.0.0.1,36658,127.0.0.1,8080,0,benign
63.93223834037781,127.0.0.1,8080,127.0.0.1,36570,138,benign
63.95035266876221,127.0.0.1,57504,127.0.0.1,8080,0,benign
63.99400019645691,127.0.0.1,8080,127.0.0.1,57480,0,benign
64.04294061660767,127.0.0.1,8080,127.0.0.1,36658,56,benign
64.07073450088501,127.0.0.1,36732,127.0.0.1,8080,163,benign
64.08609890937805,127.0.0.1,36658,127.0.0.1,8080,0,benign
64.1090292930603,127.0.0.1,8080,127.0.0.1,36732,138,benign
64.13107538223267,127.0.0.1,36804,127.0.0.1,8080,0,benign
64.16221284866333,127.0.0.1,36924,127.0.0.1,8080,0,benign
64.16757345199585,127.0.0.1,8080,127.0.0.1,36732,56,benign
64.1902596950531,127.0.0.1,8080,127.0.0.1,36924,56,benign
64.2069981098175,127.0.0.1,8080,127.0.0.1,36804,56,benign
64.22018027305603,127.0.0.1,36924,127.0.0.1,8080,0,benign
64.23398232460022,127.0.0.1,36658,127.0.0.1,8080,163,benign
64.24783372879028,127.0.0.1,36746,127.0.0.1,8080,163,benign
64.27196764945984,127.0.0.1,36732,127.0.0.1,8080,0,benign
64.30512833595276,127.0.0.1,8080,127.0.0.1,57464,0,benign
64.34140229225159,127.0.0.1,36586,127.0.0.1,8080,0,benign
64.46047043800354,127.0.0.1,8080,127.0.0.1,36586,56,benign
64.5145468711853,127.0.0.1,8080,127.0.0.1,36658,138,benign
64.59667634963989,127.0.0.1,8080,127.0.0.1,36746,138,benign
64.67708706855774,127.0.0.1,36800,127.0.0.1,8080,163,benign
64.69385981559753,127.0.0.1,36586,127.0.0.1,8080,0,benign
64.698903799057,127.0.0.1,8080,127.0.0.1,36858,56,benign
64.71243262290955,127.0.0.1,36858,127.0.0.1,8080,0,benign
64.72136211395264,127.0.0.1,8080,127.0.0.1,36800,138,benign
64.73103332519531,127.0.0.1,8080,127.0.0.1,36800,56,benign
64.74571800231934,127.0.0.1,36644,127.0.0.1,8080,163,benign
64.77145957946777,127.0.0.1,8081,127.0.0.1,47192,138,benign
64.77497982978821,127.0.0.1,36924,127.0.0.1,8080,163,benign
64.79248595237732,127.0.0.1,36732,127.0.0.1,8080,163,benign
64.79807949066162,127.0.0.1,36800,127.0.0.1,8080,0,benign
64.80126214027405,127.0.0.1,8080,127.0.0.1,36644,138,benign
64.8043007850647,127.0.0.1,36752,127.0.0.1,8080,0,benign
64.80741500854492,127.0.0.1,8080,127.0.0.1,36752,56,benign
64.81126403808594,127.0.0.1,8080,127.0.0.1,36778,56,benign
64.82734537124634,127.0.0.1,36778,127.0.0.1,8080,0,benign
64.84549880027771,127.0.0.1,36804,127.0.0.1,8080,0,benign
64.89798951148987,127.0.0.1,8080,127.0.0.1,36924,138,benign
64.9210958480835,127.0.0.1,8080,127.0.0.1,36732,138,benign
64.92693543434143,127.0.0.1,57508,127.0.0.1,8080,0,benign
64.93063235282898,127.0.0.1,36752,127.0.0.1,8080,0,benign
64.93934726715088,127.0.0.1,36778,127.0.0.1,8080,163,benign
64.95303153991699,127.0.0.1,36692,127.0.0.1,8080,163,benign
65.00502634048462,127.0.0.1,57490,127.0.0.1,8080,0,benign
65.01706194877625,127.0.0.1,55310,127.0.0.1,8080,0,benign
65.03538393974304,127.0.0.1,8080,127.0.0.1,55310,0,benign
65.05050468444824,127.0.0.1,55310,127.0.0.1,8080,0,benign
65.05620074272156,127.0.0.1,8080,127.0.0.1,36778,138,benign
65.05874252319336,127.0.0.1,8080,127.0.0.1,36692,138,benign
65.06172585487366,127.0.0.1,36586,127.0.0.1,8080,163,benign
65.0644166469574,127.0.0.1,55316,127.0.0.1,8080,0,benign
65.06731057167053,127.0.0.1,8080,127.0.0.1,55316,0,benign
65.0695481300354,127.0.0.1,55316,127.0.0.1,8080,0,benign
65.07441401481628,127.0.0.1,36628,127.0.0.1,8080,0,benign
65.07973194122314,127.0.0.1,8080,127.0.0.1,36628,56,benign
65.08667755126953,127.0.0.1,36628,127.0.0.1,8080,0,benign
65.08899211883545,127.0.0.1,8080,127.0.0.1,36586,138,benign
65.0926079750061,127.0.0.1,8080,127.0.0.1,57504,0,benign
65.09554314613342,127.0.0.1,36570,127.0.0.1,8080,0,benign
65.10021495819092,127.0.0.1,55316,127.0.0.1,8080,163,benign
65.10892009735107,127.0.0.1,8080,127.0.0.1,55316,0,benign
65.12759327888489,127.0.0.1,8080,127.0.0.1,36570,56,benign
65.14533042907715,127.0.0.1,8082,127.0.0.1,38002,138,benign
65.17043995857239,127.0.0.1,36752,127.0.0.1,8080,163,benign
65.17778658866882,127.0.0.1,55328,127.0.0.1,8080,0,benign
65.18040180206299,127.0.0.1,8080,127.0.0.1,55328,0,benign
65.20153975486755,127.0.0.1,55328,127.0.0.1,8080,0,benign
65.29787874221802,127.0.0.1,57516,127.0.0.1,8080,0,benign
65.37317299842834,127.0.0.1,36570,127.0.0.1,8080,0,benign
65.4279556274414,127.0.0.1,55310,127.0.0.1,8080,167,benign
65.44947004318237,127.0.0.1,8080,127.0.0.1,55310,0,benign
65.4898042678833,127.0.0.1,8080,127.0.0.1,36752,138,benign
65.5090720653534,127.0.0.1,55328,127.0.0.1,8080,163,benign
65.55546116828918,127.0.0.1,8080,127.0.0.1,55328,0,benign
65.57456040382385,127.0.0.1,55338,127.0.0.1,8080,0,benign
65.58453059196472,127.0.0.1,8080,127.0.0.1,55338,0,benign
65.5960624217987,127.0.0.1,55338,127.0.0.1,8080,0,benign
65.62235617637634,127.0.0.1,55338,127.0.0.1,8080,163,benign
65.6300528049469,127.0.0.1,8080,127.0.0.1,55338,0,benign
65.6438717842102,127.0.0.1,36746,127.0.0.1,8080,0,benign
65.65494275093079,127.0.0.1,36658,127.0.0.1,8080,0,benign
65.66624093055725,127.0.0.1,47134,127.0.0.1,8081,167,benign
65.67757630348206,127.0.0.1,8081,127.0.0.1,47134,0,benign
65.69729709625244,127.0.0.1,36570,127.0.0.1,8080,163,benign
65.71063280105591,127.0.0.1,8080,127.0.0.1,36790,138,benign
65.71497178077698,127.0.0.1,8080,127.0.0.1,36790,56,benign
65.71879076957703,127.0.0.1,36658,127.0.0.1,8080,163,benign
65.72192287445068,127.0.0.1,56204,127.0.0.1,8080,163,benign
65.7280523777008,127.0.0.1,8080,127.0.0.1,56204,0,benign
65.73799085617065,127.0.0.1,36790,127.0.0.1,8080,0,benign
65.74537920951843,127.0.0.1,8081,127.0.0.1,47160,138,benign
65.77092218399048,127.0.0.1,36698,127.0.0.1,8080,0,benign
65.78934288024902,127.0.0.1,8080,127.0.0.1,36658,138,benign
65.80311107635498,127.0.0.1,36924,127.0.0.1,8080,0,benign
65.82584857940674,127.0.0.1,8080,127.0.0.1,36924,56,benign
65.83630633354187,127.0.0.1,36800,127.0.0.1,8080,163,benign
65.84795713424683,127.0.0.1,36924,127.0.0.1,8080,0,benign
65.86220002174377,127.0.0.1,8080,127.0.0.1,36800,138,benign
65.86673855781555,127.0.0.1,47192,127.0.0.1,8081,167,benign
65.88109874725342,127.0.0.1,8081,127.0.0.1,47192,0,benign
65.8840754032135,127.0.0.1,8080,127.0.0.1,55296,0,benign
65.88672947883606,127.0.0.1,36746,127.0.0.1,8080,163,benign
65.88961124420166,127.0.0.1,47258,127.0.0.1,8082,167,benign
65.89379000663757,127.0.0.1,8082,127.0.0.1,47258,0,benign
65.89709067344666,127.0.0.1,8080,127.0.0.1,55302,0,benign
65.90189790725708,127.0.0.1,36804,127.0.0.1,8080,0,benign
65.90646982192993,127.0.0.1,8080,127.0.0.1,36804,56,benign
65.91007280349731,127.0.0.1,8080,127.0.0.1,36746,138,benign
65.91565442085266,127.0.0.1,36804,127.0.0.1,8080,0,benign
65.91848254203796,127.0.0.1,36924,127.0.0.1,8080,163,benign
65.92407488822937,127.0.0.1,8082,127.0.0.1,47288,138,benign
65.92886686325073,127.0.0.1,8080,127.0.0.1,36924,138,benign
65.93246030807495,127.0.0.1,36790,127.0.0.1,8080,163,benign
65.9463906288147,127.0.0.1,36706,127.0.0.1,8080,163,benign
65.95948147773743,127.0.0.1,36732,127.0.0.1,8080,0,benign
65.97138047218323,127.0.0.1,36612,127.0.0.1,8080,0,benign
65.98626708984375,127.0.0.1,8080,127.0.0.1,36732,56,benign
65.99365377426147,127.0.0.1,8080,127.0.0.1,36612,56,benign
66.00216937065125,127.0.0.1,36612,127.0.0.1,8080,0,benign
66.00474333763123,127.0.0.1,36732,127.0.0.1,8080,0,benign
66.00918340682983,127.0.0.1,8080,127.0.0.1,36790,138,benign
66.0216896533966,127.0.0.1,36692,127.0.0.1,8080,163,benign
66.02625155448914,127.0.0.1,8080,127.0.0.1,36706,138,benign
66.03281474113464,127.0.0.1,8080,127.0.0.1,36706,56,benign
66.03761386871338,127.0.0.1,8080,127.0.0.1,36692,138,benign
66.05333304405212,127.0.0.1,36804,127.0.0.1,8080,163,benign
66.07873249053955,127.0.0.1,36706,127.0.0.1,8080,0,benign
66.11247944831848,127.0.0.1,36586,127.0.0.1,8080,0,benign
66.11774563789368,127.0.0.1,8080,127.0.0.1,36692,56,benign
66.11966562271118,127.0.0.1,8080,127.0.0.1,36586,56,benign
66.12282133102417,127.0.0.1,8080,127.0.0.1,36814,56,benign
66.12943625450134,127.0.0.1,36814,127.0.0.1,8080,0,benign
66.13386845588684,127.0.0.1,36586,127.0.0.1,8080,0,benign
66.13630986213684,127.0.0.1,36692,127.0.0.1,8080,0,benign
66.153085231781,127.0.0.1,55310,127.0.0.1,8080,0,benign
66.16961193084717,127.0.0.1,8080,127.0.0.1,36804,138,benign
66.17752194404602,127.0.0.1,36586,127.0.0.1,8080,163,benign
66.18254661560059,127.0.0.1,36628,127.0.0.1,8080,163,benign
66.18765687942505,127.0.0.1,8081,127.0.0.1,47134,138,benign
66.19506430625916,127.0.0.1,47134,127.0.0.1,8081,0,benign
66.2169680595398,127.0.0.1,8081,127.0.0.1,47134,60,benign
66.23390769958496,127.0.0.1,47134,127.0.0.1,8081,0,benign
66.24168729782104,127.0.0.1,55328,127.0.0.1,8080,0,benign
66.24492239952087,127.0.0.1,36858,127.0.0.1,8080,163,benign
66.26240611076355,127.0.0.1,55316,127.0.0.1,8080,0,benign
66.3009762763977,127.0.0.1,36778,127.0.0.1,8080,163,benign
66.31956505775452,127.0.0.1,36658,127.0.0.1,8080,0,benign
66.32448410987854,127.0.0.1,47160,127.0.0.1,8081,0,benign
66.33020758628845,127.0.0.1,8081,127.0.0.1,47160,60,benign
66.35546088218689,127.0.0.1,47160,127.0.0.1,8081,0,benign
66.36662340164185,127.0.0.1,8080,127.0.0.1,36658,56,benign
66.38035798072815,127.0.0.1,55338,127.0.0.1,8080,0,benign
66.39055585861206,127.0.0.1,8080,127.0.0.1,36586,138,benign
66.39527297019958,127.0.0.1,8080,127.0.0.1,36628,194,benign
66.4000654220581,127.0.0.1,36628,127.0.0.1,8080,0,benign
66.40396213531494,127.0.0.1,36800,127.0.0.1,8080,0,benign
66.42355418205261,127.0.0.1,8080,127.0.0.1,36800,56,benign
66.42812514305115,127.0.0.1,36800,127.0.0.1,8080,0,benign
66.43353772163391,127.0.0.1,56208,127.0.0.1,8080,0,benign
66.45246171951294,127.0.0.1,8080,127.0.0.1,56208,0,benign
66.48422956466675,127.0.0.1,56208,127.0.0.1,8080,0,benign
66.51325821876526,127.0.0.1,56210,127.0.0.1,8080,0,benign
66.5979516506195,127.0.0.1,8080,127.0.0.1,56210,0,benign
66.74658393859863,127.0.0.1,56210,127.0.0.1,8080,0,benign
66.77273344993591,127.0.0.1,8080,127.0.0.1,36778,138,benign
66.7955596446991,127.0.0.1,8080,127.0.0.1,36778,56,benign
66.80947828292847,127.0.0.1,8080,127.0.0.1,36858,138,benign
66.82835960388184,127.0.0.1,36858,127.0.0.1,8080,0,benign
66.85695457458496,127.0.0.1,8080,127.0.0.1,36858,56,benign
66.91096758842468,127.0.0.1,36858,127.0.0.1,8080,0,benign
66.93632125854492,127.0.0.1,56210,127.0.0.1,8080,163,benign
66.9563479423523,127.0.0.1,8080,127.0.0.1,56210,0,benign
66.98032259941101,127.0.0.1,36778,127.0.0.1,8080,0,benign
67.0150556564331,127.0.0.1,36658,127.0.0.1,8080,0,benign
67.0315113067627,127.0.0.1,36612,127.0.0.1,8080,163,benign
67.03639698028564,127.0.0.1,56208,127.0.0.1,8080,163,benign
67.05145287513733,127.0.0.1,8080,127.0.0.1,56208,0,benign
67.07172775268555,127.0.0.1,36746,127.0.0.1,8080,0,benign
67.09088778495789,127.0.0.1,8080,127.0.0.1,36746,56,benign
67.10108017921448,127.0.0.1,36858,127.0.0.1,8080,163,benign
67.12087416648865,127.0.0.1,8080,127.0.0.1,36612,138,benign
67.14521741867065,127.0.0.1,8080,127.0.0.1,36858,138,benign
67.17897868156433,127.0.0.1,36732,127.0.0.1,8080,163,benign
67.19612765312195,127.0.0.1,36746,127.0.0.1,8080,0,benign
67.20701336860657,127.0.0.1,36924,127.0.0.1,8080,0,benign
67.20989322662354,127.0.0.1,47288,127.0.0.1,8082,0,benign
67.2133777141571,127.0.0.1,8080,127.0.0.1,36924,56,benign
67.2157998085022,127.0.0.1,8082,127.0.0.1,47288,60,benign
67.21984624862671,127.0.0.1,36924,127.0.0.1,8080,0,benign
67.22270917892456,127.0.0.1,47288,127.0.0.1,8082,0,benign
67.24536442756653,127.0.0.1,8080,127.0.0.1,36732,138,benign
67.26407599449158,127.0.0.1,36790,127.0.0.1,8080,0,benign
67.27574038505554,127.0.0.1,36634,127.0.0.1,8080,163,benign
67.27978754043579,127.0.0.1,8080,127.0.0.1,36790,56,benign
67.28369545936584,127.0.0.1,55340,127.0.0.1,8080,0,benign
67.2879991531372,127.0.0.1,55350,127.0.0.1,8080,0,benign
67.2918872833252,127.0.0.1,36790,127.0.0.1,8080,0,benign
67.2984037399292,127.0.0.1,36746,127.0.0.1,8080,163,benign
67.30465126037598,127.0.0.1,36924,127.0.0.1,8080,163,benign
67.30831861495972,127.0.0.1,8080,127.0.0.1,55310,0,benign
67.31589579582214,127.0.0.1,36698,127.0.0.1,8080,163,benign
67.33507800102234,127.0.0.1,8080,127.0.0.1,36634,194,benign
67.34737014770508,127.0.0.1,36634,127.0.0.1,8080,0,benign
67.36833071708679,127.0.0.1,36804,127.0.0.1,8080,0,benign
67.38265085220337,127.0.0.1,8080,127.0.0.1,36804,56,benign
67.38905954360962,127.0.0.1,36804,127.0.0.1,8080,0,benign
67.40392708778381,127.0.0.1,47134,127.0.0.1,8081,167,benign
67.41979503631592,127.0.0.1,8081,127.0.0.1,47134,0,benign
67.43183851242065,127.0.0.1,8080,127.0.0.1,36924,138,benign
67.45175981521606,127.0.0.1,8080,127.0.0.1,36746,138,benign
67.45953893661499,127.0.0.1,8080,127.0.0.1,55316,0,benign
67.47425889968872,127.0.0.1,8080,127.0.0.1,36698,138,benign
67.48282098770142,127.0.0.1,36698,127.0.0.1,8080,0,benign
67.50348043441772,127.0.0.1,8080,127.0.0.1,36698,56,benign
67.50849890708923,127.0.0.1,8082,127.0.0.1,38002,138,benign
67.51756691932678,127.0.0.1,36698,127.0.0.1,8080,0,benign
67.52066493034363,127.0.0.1,36634,127.0.0.1,8080,163,benign
67.525306224823,127.0.0.1,8080,127.0.0.1,55338,0,benign
67.53192067146301,127.0.0.1,8080,127.0.0.1,55328,0,benign
67.53531002998352,127.0.0.1,36586,127.0.0.1,8080,0,benign
67.53855156898499,127.0.0.1,8080,127.0.0.1,36586,56,benign
67.54621481895447,127.0.0.1,8080,127.0.0.1,36634,138,benign
67.55889964103699,127.0.0.1,47160,127.0.0.1,8081,167,benign
67.56411576271057,127.0.0.1,8081,127.0.0.1,47160,0,benign
67.56659293174744,127.0.0.1,36586,127.0.0.1,8080,0,benign
67.56905579566956,127.0.0.1,36698,127.0.0.1,8080,163,benign
67.57326793670654,127.0.0.1,8080,127.0.0.1,36698,138,benign
67.5788881778717,127.0.0.1,36658,127.0.0.1,8080,0,benign
67.58459615707397,127.0.0.1,8080,127.0.0.1,56060,0,benign
67.59072756767273,127.0.0.1,8082,127.0.0.1,47258,138,benign
67.59705877304077,127.0.0.1,8080,127.0.0.1,36658,56,benign
67.59995079040527,127.0.0.1,36658,127.0.0.1,8080,0,benign
67.60495376586914,127.0.0.1,36554,127.0.0.1,8080,163,benign
67.61617469787598,127.0.0.1,8080,127.0.0.1,36554,194,benign
67.62462401390076,127.0.0.1,36554,127.0.0.1,8080,0,benign
67.62921905517578,127.0.0.1,36698,127.0.0.1,8080,163,benign
67.65297484397888,127.0.0.1,36858,127.0.0.1,8080,0,benign
67.6626148223877,127.0.0.1,8080,127.0.0.1,56068,0,benign
67.67523050308228,127.0.0.1,36924,127.0.0.1,8080,0,benign
67.68560218811035,127.0.0.1,8080,127.0.0.1,36924,56,benign
67.6917040348053,127.0.0.1,36924,127.0.0.1,8080,0,benign
67.69717216491699,127.0.0.1,8080,127.0.0.1,36858,56,benign
67.70344376564026,127.0.0.1,8080,127.0.0.1,36698,194,benign
67.71012568473816,127.0.0.1,36858,127.0.0.1,8080,0,benign
67.71259427070618,127.0.0.1,8082,127.0.0.1,38002,138,benign
67.72767901420593,127.0.0.1,38002,127.0.0.1,8082,0,benign
67.73584175109863,127.0.0.1,8082,127.0.0.1,38002,60,benign
67.74101829528809,127.0.0.1,38002,127.0.0.1,8082,0,benign
67.74578595161438,127.0.0.1,36698,127.0.0.1,8080,0,benign
67.74828839302063,127.0.0.1,8080,127.0.0.1,36634,56,benign
67.75248217582703,127.0.0.1,36634,127.0.0.1,8080,0,benign
67.75929546356201,127.0.0.1,36612,127.0.0.1,8080,163,benign
67.76185774803162,127.0.0.1,36698,127.0.0.1,8080,163,benign
67.76467990875244,127.0.0.1,8080,127.0.0.1,36746,56,benign
67.76903319358826,127.0.0.1,36746,127.0.0.1,8080,0,benign
67.77305364608765,127.0.0.1,36554,127.0.0.1,8080,163,benign
67.7784628868103,127.0.0.1,8080,127.0.0.1,36612,138,benign
67.78320336341858,127.0.0.1,36612,127.0.0.1,8080,0,benign
67.78778505325317,127.0.0.1,36924,127.0.0.1,8080,163,benign
67.79465174674988,127.0.0.1,8080,127.0.0.1,36612,56,benign
67.79852795600891,127.0.0.1,36612,127.0.0.1,8080,0,benign
67.80113744735718,127.0.0.1,36628,127.0.0.1,8080,163,benign
67.80371189117432,127.0.0.1,36644,127.0.0.1,8080,163,benign
67.80751395225525,127.0.0.1,8080,127.0.0.1,36554,138,benign
67.81260561943054,127.0.0.1,47178,127.0.0.1,8081,167,benign
67.81877326965332,127.0.0.1,8081,127.0.0.1,47178,0,benign
67.82420039176941,127.0.0.1,36732,127.0.0.1,8080,0,benign
67.82960104942322,127.0.0.1,8080,127.0.0.1,36790,56,benign
67.83388471603394,127.0.0.1,36790,127.0.0.1,8080,0,benign
67.83762717247009,127.0.0.1,8080,127.0.0.1,36698,138,benign
67.84122490882874,127.0.0.1,8080,127.0.0.1,36924,138,benign
67.84528279304504,127.0.0.1,36612,127.0.0.1,8080,163,benign
67.85536456108093,127.0.0.1,8080,127.0.0.1,36628,138,benign
67.85877704620361,127.0.0.1,36628,127.0.0.1,8080,0,benign
67.86719536781311,127.0.0.1,8080,127.0.0.1,36628,56,benign
67.86983036994934,127.0.0.1,36628,127.0.0.1,8080,0,benign
67.87291526794434,127.0.0.1,8080,127.0.0.1,36644,194,benign
67.8752748966217,127.0.0.1,36644,127.0.0.1,8080,0,benign
67.87786746025085,127.0.0.1,8080,127.0.0.1,36732,56,benign
67.88191151618958,127.0.0.1,8080,127.0.0.1,36612,138,benign
67.88513016700745,127.0.0.1,36746,127.0.0.1,8080,163,benign
67.88785886764526,127.0.0.1,36778,127.0.0.1,8080,0,benign
67.89179611206055,127.0.0.1,36692,127.0.0.1,8080,0,benign
67.89505934715271,127.0.0.1,8080,127.0.0.1,36692,56,benign
67.90008592605591,127.0.0.1,8080,127.0.0.1,36778,56,benign
67.90360069274902,127.0.0.1,8080,127.0.0.1,36746,138,benign
67.90632796287537,127.0.0.1,56070,127.0.0.1,8080,0,benign
67.9089732170105,127.0.0.1,36692,127.0.0.1,8080,0,benign
67.91355776786804,127.0.0.1,36778,127.0.0.1,8080,0,benign
67.94882369041443,127.0.0.1,36658,127.0.0.1,8080,163,benign
67.95853853225708,127.0.0.1,36644,127.0.0.1,8080,163,benign
67.96399307250977,127.0.0.1,47258,127.0.0.1,8082,0,benign
67.9822199344635,127.0.0.1,56074,127.0.0.1,8080,0,benign
68.01638841629028,127.0.0.1,8082,127.0.0.1,47258,60,benign
68.02755689620972,127.0.0.1,47258,127.0.0.1,8082,0,benign
68.05409216880798,127.0.0.1,8080,127.0.0.1,36658,138,benign
68.07833123207092,127.0.0.1,8080,127.0.0.1,36644,138,benign
68.10646653175354,127.0.0.1,36858,127.0.0.1,8080,163,benign
68.17224168777466,127.0.0.1,36634,127.0.0.1,8080,163,benign
68.19209361076355,127.0.0.1,36732,127.0.0.1,8080,0,benign
68.21064138412476,127.0.0.1,56904,127.0.0.1,8080,0,benign
68.22861742973328,127.0.0.1,8080,127.0.0.1,56904,0,benign
68.23770713806152,127.0.0.1,56904,127.0.0.1,8080,0,benign
68.2563374042511,127.0.0.1,8080,127.0.0.1,36858,138,benign
68.27729868888855,127.0.0.1,8080,127.0.0.1,36634,138,benign
68.28006291389465,127.0.0.1,36716,127.0.0.1,8080,163,benign
68.28462314605713,127.0.0.1,8080,127.0.0.1,36716,138,benign
68.29329872131348,127.0.0.1,8080,127.0.0.1,36716,56,benign
68.29923748970032,127.0.0.1,56904,127.0.0.1,8080,167,benign
68.30661606788635,127.0.0.1,8080,127.0.0.1,56904,0,benign
68.32458233833313,127.0.0.1,36716,127.0.0.1,8080,0,benign
68.35081887245178,127.0.0.1,36732,127.0.0.1,8080,163,benign
68.35666632652283,127.0.0.1,8080,127.0.0.1,36732,138,benign
68.36373615264893,127.0.0.1,36554,127.0.0.1,8080,0,benign
68.36760973930359,127.0.0.1,8080,127.0.0.1,36554,56,benign
68.37270736694336,127.0.0.1,36554,127.0.0.1,8080,0,benign
68.37665843963623,127.0.0.1,36554,127.0.0.1,8080,163,benign
68.38738226890564,127.0.0.1,36924,127.0.0.1,8080,0,benign
68.39554834365845,127.0.0.1,36698,127.0.0.1,8080,0,benign
68.400475025177,127.0.0.1,8080,127.0.0.1,36554,138,benign
68.40323448181152,127.0.0.1,8080,127.0.0.1,36698,56,benign
68.40723943710327,127.0.0.1,8080,127.0.0.1,36924,56,benign
68.41454291343689,127.0.0.1,36924,127.0.0.1,8080,0,benign
68.4229793548584,127.0.0.1,36698,127.0.0.1,8080,0,benign
68.43838167190552,127.0.0.1,36716,127.0.0.1,8080,163,benign
68.46088147163391,127.0.0.1,36612,127.0.0.1,8080,0,benign
68.46370577812195,127.0.0.1,56076,127.0.0.1,8080,0,benign
68.46617650985718,127.0.0.1,8080,127.0.0.1,36612,56,benign
68.47077679634094,127.0.0.1,36612,127.0.0.1,8080,0,benign
68.47477054595947,127.0.0.1,56908,127.0.0.1,8080,0,benign
68.48437643051147,127.0.0.1,8080,127.0.0.1,56908,0,benign
68.49934649467468,127.0.0.1,56908,127.0.0.1,8080,0,benign
68.50639629364014,127.0.0.1,56908,127.0.0.1,8080,163,benign
68.5114426612854,127.0.0.1,8080,127.0.0.1,56908,0,benign
68.51481938362122,127.0.0.1,8080,127.0.0.1,36716,138,benign
68.51713991165161,127.0.0.1,36924,127.0.0.1,8080,163,benign
68.52473163604736,127.0.0.1,36746,127.0.0.1,8080,0,benign
68.53144192695618,127.0.0.1,8080,127.0.0.1,56070,0,benign
68.54162836074829,127.0.0.1,8080,127.0.0.1,36746,56,benign
68.54769587516785,127.0.0.1,36746,127.0.0.1,8080,0,benign
68.55319595336914,127.0.0.1,8082,127.0.0.1,47274,138,benign
68.56202745437622,127.0.0.1,47274,127.0.0.1,8082,0,benign
68.56581258773804,127.0.0.1,8082,127.0.0.1,47274,60,benign
68.5706729888916,127.0.0.1,47274,127.0.0.1,8082,0,benign
68.57414531707764,127.0.0.1,36612,127.0.0.1,8080,163,benign
68.57916569709778,127.0.0.1,8080,127.0.0.1,36924,138,benign
68.5833170413971,127.0.0.1,8080,127.0.0.1,36612,138,benign
68.61654925346375,127.0.0.1,36858,127.0.0.1,8080,0,benign
68.6314480304718,127.0.0.1,8080,127.0.0.1,56074,0,benign
68.65395593643188,127.0.0.1,8080,127.0.0.1,36658,56,benign
68.68298101425171,127.0.0.1,36658,127.0.0.1,8080,0,benign
68.69543743133545,127.0.0.1,36658,127.0.0.1,8080,0,benign
68.71382284164429,127.0.0.1,36644,127.0.0.1,8080,0,benign
68.73883986473083,127.0.0.1,8080,127.0.0.1,36644,56,benign
68.77413415908813,127.0.0.1,36644,127.0.0.1,8080,0,benign
68.77871084213257,127.0.0.1,8080,127.0.0.1,36858,56,benign
68.79230856895447,127.0.0.1,36858,127.0.0.1,8080,0,benign
68.8034119606018,127.0.0.1,36746,127.0.0.1,8080,163,benign
68.82566118240356,127.0.0.1,36634,127.0.0.1,8080,0,benign
68.83218884468079,127.0.0.1,8080,127.0.0.1,36634,56,benign
68.83922958374023,127.0.0.1,8080,127.0.0.1,36746,138,benign
68.84269118309021,127.0.0.1,36658,127.0.0.1,8080,163,benign
68.84526467323303,127.0.0.1,36634,127.0.0.1,8080,0,benign
68.84788584709167,127.0.0.1,36698,127.0.0.1,8080,163,benign
68.85220265388489,127.0.0.1,36692,127.0.0.1,8080,163,benign
68.8694212436676,127.0.0.1,8080,127.0.0.1,36658,138,benign
68.87732172012329,127.0.0.1,8080,127.0.0.1,36698,138,benign
68.88475632667542,127.0.0.1,47242,127.0.0.1,8081,167,benign
68.89049887657166,127.0.0.1,8081,127.0.0.1,47242,0,benign
68.8958625793457,127.0.0.1,8080,127.0.0.1,36692,194,benign
68.909841299057,127.0.0.1,36692,127.0.0.1,8080,0,benign
68.94746327400208,127.0.0.1,36644,127.0.0.1,8080,163,benign
68.97189545631409,127.0.0.1,58028,127.0.0.1,8080,0,benign
68.98913526535034,127.0.0.1,8080,127.0.0.1,58028,0,benign
68.99989295005798,127.0.0.1,58028,127.0.0.1,8080,0,benign
69.03790068626404,127.0.0.1,8080,127.0.0.1,36752,138,benign
69.044673204422,127.0.0.1,36752,127.0.0.1,8080,0,benign
69.0541000366211,127.0.0.1,58028,127.0.0.1,8080,167,benign
69.06597876548767,127.0.0.1,8080,127.0.0.1,58028,0,benign
69.07850766181946,127.0.0.1,8080,127.0.0.1,57320,0,benign
69.08386945724487,127.0.0.1,8080,127.0.0.1,36554,56,benign
69.08711171150208,127.0.0.1,36554,127.0.0.1,8080,0,benign
69.09252071380615,127.0.0.1,36858,127.0.0.1,8080,163,benign
69.09909391403198,127.0.0.1,8080,127.0.0.1,36858,138,benign
69.10309839248657,127.0.0.1,8080,127.0.0.1,57274,0,benign
69.11480617523193,127.0.0.1,36716,127.0.0.1,8080,0,benign
69.13224649429321,127.0.0.1,8080,127.0.0.1,57310,0,benign
69.13955402374268,127.0.0.1,8080,127.0.0.1,36716,56,benign
69.14685916900635,127.0.0.1,36716,127.0.0.1,8080,0,benign
69.15166163444519,127.0.0.1,36554,127.0.0.1,8080,163,benign
69.1550521850586,127.0.0.1,47176,127.0.0.1,8081,167,benign
69.1576931476593,127.0.0.1,8081,127.0.0.1,47176,0,benign
69.1612114906311,127.0.0.1,8080,127.0.0.1,36554,138,benign
69.16860485076904,127.0.0.1,47134,127.0.0.1,8081,167,benign
69.17785167694092,127.0.0.1,8081,127.0.0.1,47134,0,benign
69.19400787353516,127.0.0.1,36634,127.0.0.1,8080,0,benign
69.21286487579346,127.0.0.1,36778,127.0.0.1,8080,0,benign
69.22093892097473,127.0.0.1,8080,127.0.0.1,36634,56,benign
69.22505497932434,127.0.0.1,8080,127.0.0.1,36778,56,benign
69.23515343666077,127.0.0.1,36634,127.0.0.1,8080,0,benign
69.2420380115509,127.0.0.1,36778,127.0.0.1,8080,0,benign
69.24488139152527,127.0.0.1,8082,127.0.0.1,47298,198,benign
69.2480583190918,127.0.0.1,47298,127.0.0.1,8082,0,benign
69.25107073783875,127.0.0.1,8081,127.0.0.1,47112,138,benign
69.25740265846252,127.0.0.1,47112,127.0.0.1,8081,0,benign
69.27067947387695,127.0.0.1,8081,127.0.0.1,47112,60,benign
69.27811622619629,127.0.0.1,47112,127.0.0.1,8081,0,benign
69.29297208786011,127.0.0.1,36778,127.0.0.1,8080,163,benign
69.30416989326477,127.0.0.1,58040,127.0.0.1,8080,0,benign
69.31297659873962,127.0.0.1,8080,127.0.0.1,58040,0,benign
69.31999039649963,127.0.0.1,58040,127.0.0.1,8080,0,benign
69.32687902450562,127.0.0.1,58040,127.0.0.1,8080,163,benign
69.33206987380981,127.0.0.1,8080,127.0.0.1,58040,0,benign
69.33522820472717,127.0.0.1,8080,127.0.0.1,36778,138,benign
69.3424334526062,127.0.0.1,36924,127.0.0.1,8080,0,benign
69.35819101333618,127.0.0.1,8080,127.0.0.1,36804,56,benign
69.37354779243469,127.0.0.1,8080,127.0.0.1,36924,56,benign
69.38522672653198,127.0.0.1,36924,127.0.0.1,8080,0,benign
69.38949799537659,127.0.0.1,36804,127.0.0.1,8080,0,benign
69.39831399917603,127.0.0.1,36692,127.0.0.1,8080,163,benign
69.4154121875763,127.0.0.1,36634,127.0.0.1,8080,163,benign
69.42481446266174,127.0.0.1,8080,127.0.0.1,36692,138,benign
69.4346022605896,127.0.0.1,36692,127.0.0.1,8080,0,benign
69.44550490379333,127.0.0.1,8080,127.0.0.1,36692,56,benign
69.44964957237244,127.0.0.1,36692,127.0.0.1,8080,0,benign
69.45452070236206,127.0.0.1,8080,127.0.0.1,36634,138,benign
69.46950721740723,127.0.0.1,36658,127.0.0.1,8080,0,benign
69.49905371665955,127.0.0.1,8080,127.0.0.1,36658,56,benign
69.50687742233276,127.0.0.1,8080,127.0.0.1,36752,56,benign
69.51080918312073,127.0.0.1,36658,127.0.0.1,8080,0,benign
69.51591348648071,127.0.0.1,36644,127.0.0.1,8080,163,benign
69.5285656452179,127.0.0.1,47112,127.0.0.1,8081,167,benign
69.53669166564941,127.0.0.1,8081,127.0.0.1,47112,0,benign
69.55181002616882,127.0.0.1,36732,127.0.0.1,8080,163,benign
69.56419610977173,127.0.0.1,8080,127.0.0.1,36644,138,benign
69.56830668449402,127.0.0.1,36644,127.0.0.1,8080,0,benign
69.57128572463989,127.0.0.1,8080,127.0.0.1,36644,56,benign
69.5758044719696,127.0.0.1,36644,127.0.0.1,8080,0,benign
69.58119225502014,127.0.0.1,8080,127.0.0.1,36858,56,benign
69.58546447753906,127.0.0.1,36858,127.0.0.1,8080,0,benign
69.58846378326416,127.0.0.1,8080,127.0.0.1,36732,194,benign
69.59217572212219,127.0.0.1,36658,127.0.0.1,8080,163,benign
69.59941983222961,127.0.0.1,36732,127.0.0.1,8080,0,benign
69.60443449020386,127.0.0.1,57356,127.0.0.1,8080,0,benign
69.61031436920166,127.0.0.1,57348,127.0.0.1,8080,0,benign
69.6206443309784,127.0.0.1,36586,127.0.0.1,8080,163,benign
69.62352800369263,127.0.0.1,8080,127.0.0.1,36658,138,benign
69.63031053543091,127.0.0.1,36554,127.0.0.1,8080,0,benign
69.63472628593445,127.0.0.1,36644,127.0.0.1,8080,163,benign
69.63853096961975,127.0.0.1,36752,127.0.0.1,8080,163,benign
69.6427092552185,127.0.0.1,8080,127.0.0.1,36554,56,benign
69.64610552787781,127.0.0.1,8080,127.0.0.1,36586,138,benign
69.6485755443573,127.0.0.1,36586,127.0.0.1,8080,0,benign
69.6518964767456,127.0.0.1,8080,127.0.0.1,36644,138,benign
69.66535663604736,127.0.0.1,8080,127.0.0.1,36586,56,benign
69.67538833618164,127.0.0.1,36586,127.0.0.1,8080,0,benign
69.68121099472046,127.0.0.1,8080,127.0.0.1,36752,138,benign
69.6870698928833,127.0.0.1,36554,127.0.0.1,8080,0,benign
69.69119262695312,127.0.0.1,57358,127.0.0.1,8080,0,benign
69.695556640625,127.0.0.1,36778,127.0.0.1,8080,0,benign
69.6991868019104,127.0.0.1,8080,127.0.0.1,36778,56,benign
69.70366358757019,127.0.0.1,36692,127.0.0.1,8080,163,benign
69.70691776275635,127.0.0.1,36778,127.0.0.1,8080,0,benign
69.71076822280884,127.0.0.1,8080,127.0.0.1,36692,138,benign
69.71323990821838,127.0.0.1,58056,127.0.0.1,8080,0,benign
69.71579909324646,127.0.0.1,8080,127.0.0.1,58056,0,benign
69.72108483314514,127.0.0.1,58056,127.0.0.1,8080,0,benign
69.72637414932251,127.0.0.1,58062,127.0.0.1,8080,0,benign
69.73201036453247,127.0.0.1,8080,127.0.0.1,58062,0,benign
69.73753619194031,127.0.0.1,58062,127.0.0.1,8080,0,benign
69.74778652191162,127.0.0.1,47298,127.0.0.1,8082,167,benign
69.75396370887756,127.0.0.1,8082,127.0.0.1,47298,0,benign
69.76194524765015,127.0.0.1,36554,127.0.0.1,8080,163,benign
69.76428890228271,127.0.0.1,36732,127.0.0.1,8080,163,benign
69.77570700645447,127.0.0.1,58056,127.0.0.1,8080,163,benign
69.78178596496582,127.0.0.1,8080,127.0.0.1,58056,0,benign
69.7864716053009,127.0.0.1,58062,127.0.0.1,8080,163,benign
69.78929328918457,127.0.0.1,8080,127.0.0.1,58062,0,benign
69.79255437850952,127.0.0.1,36634,127.0.0.1,8080,0,benign
69.7969663143158,127.0.0.1,8080,127.0.0.1,36634,56,benign
69.79945397377014,127.0.0.1,36634,127.0.0.1,8080,0,benign
69.80186033248901,127.0.0.1,8080,127.0.0.1,36554,138,benign
69.80521965026855,127.0.0.1,36924,127.0.0.1,8080,163,benign
69.81315851211548,127.0.0.1,8080,127.0.0.1,36732,138,benign
69.81603288650513,127.0.0.1,58076,127.0.0.1,8080,0,benign
69.81989884376526,127.0.0.1,8080,127.0.0.1,58076,0,benign
69.8239860534668,127.0.0.1,58076,127.0.0.1,8080,0,benign
69.82859778404236,127.0.0.1,8080,127.0.0.1,36924,194,benign
69.83125448226929,127.0.0.1,36924,127.0.0.1,8080,0,benign
69.83438563346863,127.0.0.1,58076,127.0.0.1,8080,167,benign
69.83703541755676,127.0.0.1,8080,127.0.0.1,58076,0,benign
69.84184193611145,127.0.0.1,8080,127.0.0.1,57348,0,benign
69.8483304977417,127.0.0.1,8080,127.0.0.1,57356,0,benign
69.85832142829895,127.0.0.1,36924,127.0.0.1,8080,163,benign
69.86132287979126,127.0.0.1,57374,127.0.0.1,8080,0,benign
69.8753490447998,127.0.0.1,8080,127.0.0.1,36924,138,benign
69.87839031219482,127.0.0.1,58692,127.0.0.1,8080,0,benign
69.88566899299622,127.0.0.1,8080,127.0.0.1,58692,0,benign
69.89133214950562,127.0.0.1,58692,127.0.0.1,8080,0,benign
69.89517164230347,127.0.0.1,58692,127.0.0.1,8080,167,benign
69.89803791046143,127.0.0.1,8080,127.0.0.1,58692,0,benign
69.90116548538208,127.0.0.1,8080,127.0.0.1,57758,0,benign
69.9038724899292,127.0.0.1,8080,127.0.0.1,57744,0,benign
69.9082703590393,127.0.0.1,58704,127.0.0.1,8080,0,benign
69.91541242599487,127.0.0.1,8080,127.0.0.1,58704,0,benign
69.92404556274414,127.0.0.1,58704,127.0.0.1,8080,0,benign
69.9272096157074,127.0.0.1,58704,127.0.0.1,8080,167,benign
69.93197512626648,127.0.0.1,8080,127.0.0.1,58704,0,benign
69.94160103797913,127.0.0.1,36858,127.0.0.1,8080,0,benign
69.95694231987,127.0.0.1,36804,127.0.0.1,8080,0,benign
69.96544814109802,127.0.0.1,8080,127.0.0.1,36858,56,benign
69.9688491821289,127.0.0.1,36858,127.0.0.1,8080,0,benign
69.97325086593628,127.0.0.1,8080,127.0.0.1,36804,56,benign
69.97616934776306,127.0.0.1,36804,127.0.0.1,8080,0,benign
69.97880935668945,127.0.0.1,36644,127.0.0.1,8080,163,benign
69.9841480255127,127.0.0.1,36804,127.0.0.1,8080,163,benign
70.00190782546997,127.0.0.1,8080,127.0.0.1,36644,138,benign
70.01089811325073,127.0.0.1,8080,127.0.0.1,36804,138,benign
70.01662611961365,127.0.0.1,58716,127.0.0.1,8080,0,benign
70.02074122428894,127.0.0.1,8080,127.0.0.1,58716,0,benign
70.03316307067871,127.0.0.1,58716,127.0.0.1,8080,0,benign
70.0611982345581,127.0.0.1,58716,127.0.0.1,8080,167,benign
70.0910792350769,127.0.0.1,8080,127.0.0.1,58716,0,benign
70.10579681396484,127.0.0.1,36746,127.0.0.1,8080,0,benign
70.11324453353882,127.0.0.1,8080,127.0.0.1,36746,56,benign
70.12451815605164,127.0.0.1,36746,127.0.0.1,8080,0,benign
70.12790179252625,127.0.0.1,36692,127.0.0.1,8080,163,benign
70.13364171981812,127.0.0.1,8080,127.0.0.1,36692,194,benign
70.1381995677948,127.0.0.1,36554,127.0.0.1,8080,0,benign
70.15342974662781,127.0.0.1,8080,127.0.0.1,36554,56,benign
70.1740665435791,127.0.0.1,36692,127.0.0.1,8080,0,benign
70.18312668800354,127.0.0.1,36692,127.0.0.1,8080,163,benign
70.19088220596313,127.0.0.1,36554,127.0.0.1,8080,0,benign
70.21274495124817,127.0.0.1,36554,127.0.0.1,8080,163,benign
70.22150468826294,127.0.0.1,36658,127.0.0.1,8080,0,benign
70.22714447975159,127.0.0.1,8080,127.0.0.1,36692,138,benign
70.2343008518219,127.0.0.1,8080,127.0.0.1,36554,138,benign
70.24998617172241,127.0.0.1,36586,127.0.0.1,8080,0,benign
70.25542545318604,127.0.0.1,8080,127.0.0.1,36658,56,benign
70.2664430141449,127.0.0.1,36658,127.0.0.1,8080,0,benign
70.2713725566864,127.0.0.1,8080,127.0.0.1,36586,56,benign
70.28274130821228,127.0.0.1,36586,127.0.0.1,8080,0,benign
70.30192184448242,127.0.0.1,58730,127.0.0.1,8080,0,benign
70.43750596046448,127.0.0.1,8080,127.0.0.1,58730,0,benign
70.45294618606567,127.0.0.1,58730,127.0.0.1,8080,0,benign
70.46116375923157,127.0.0.1,36634,127.0.0.1,8080,163,benign
70.46675753593445,127.0.0.1,58730,127.0.0.1,8080,167,benign
70.46940302848816,127.0.0.1,8080,127.0.0.1,58730,0,benign
70.48207974433899,127.0.0.1,8080,127.0.0.1,36634,194,benign
70.4959123134613,127.0.0.1,36698,127.0.0.1,8080,163,benign
70.49945402145386,127.0.0.1,36746,127.0.0.1,8080,163,benign
70.5023581981659,127.0.0.1,8080,127.0.0.1,36698,194,benign
70.51812362670898,127.0.0.1,36698,127.0.0.1,8080,0,benign
70.52918648719788,127.0.0.1,36698,127.0.0.1,8080,163,benign
70.54886221885681,127.0.0.1,8080,127.0.0.1,36746,138,benign
70.55439710617065,127.0.0.1,8080,127.0.0.1,36698,138,benign
70.55942845344543,127.0.0.1,8080,127.0.0.1,36804,56,benign
70.56455731391907,127.0.0.1,8080,127.0.0.1,36644,56,benign
70.56883192062378,127.0.0.1,36804,127.0.0.1,8080,0,benign
70.58449530601501,127.0.0.1,36644,127.0.0.1,8080,0,benign
70.60697340965271,127.0.0.1,36804,127.0.0.1,8080,163,benign
70.6145031452179,127.0.0.1,36634,127.0.0.1,8080,163,benign
70.62076902389526,127.0.0.1,8080,127.0.0.1,36804,138,benign
70.62419009208679,127.0.0.1,8080,127.0.0.1,36634,138,benign
70.62743020057678,127.0.0.1,36554,127.0.0.1,8080,0,benign
70.63144755363464,127.0.0.1,8080,127.0.0.1,36692,56,benign
70.63685202598572,127.0.0.1,8080,127.0.0.1,36554,56,benign
70.65076398849487,127.0.0.1,36692,127.0.0.1,8080,0,benign
70.66439771652222,127.0.0.1,36554,127.0.0.1,8080,0,benign
70.68148040771484,127.0.0.1,36644,127.0.0.1,8080,163,benign
70.69975686073303,127.0.0.1,8080,127.0.0.1,36644,138,benign
70.708979845047,127.0.0.1,36858,127.0.0.1,8080,163,benign
70.72447800636292,127.0.0.1,47274,127.0.0.1,8082,167,benign
70.73601269721985,127.0.0.1,8082,127.0.0.1,47274,0,benign
70.74121499061584,127.0.0.1,8080,127.0.0.1,36858,194,benign
70.75937008857727,127.0.0.1,36858,127.0.0.1,8080,0,benign
70.78242230415344,127.0.0.1,36732,127.0.0.1,8080,163,benign
70.81784152984619,127.0.0.1,58746,127.0.0.1,8080,0,benign
70.82712745666504,127.0.0.1,8080,127.0.0.1,58746,0,benign
70.83974242210388,127.0.0.1,58746,127.0.0.1,8080,0,benign
70.86153435707092,127.0.0.1,58746,127.0.0.1,8080,167,benign
70.88238024711609,127.0.0.1,8080,127.0.0.1,58746,0,benign
70.90168142318726,127.0.0.1,36746,127.0.0.1,8080,0,benign
70.9210569858551,127.0.0.1,8080,127.0.0.1,36732,194,benign
70.93962621688843,127.0.0.1,8080,127.0.0.1,36746,56,benign
70.95159792900085,127.0.0.1,36732,127.0.0.1,8080,0,benign
70.96908760070801,127.0.0.1,36746,127.0.0.1,8080,0,benign
71.03674030303955,127.0.0.1,36554,127.0.0.1,8080,163,benign
71.06595516204834,127.0.0.1,8080,127.0.0.1,36554,138,benign
71.10051584243774,127.0.0.1,36698,127.0.0.1,8080,0,benign
71.1160192489624,127.0.0.1,8080,127.0.0.1,36698,56,benign
71.14310193061829,127.0.0.1,36698,127.0.0.1,8080,0,benign
71.1651542186737,127.0.0.1,36692,127.0.0.1,8080,163,benign
71.19537329673767,127.0.0.1,36658,127.0.0.1,8080,163,benign
71.20272612571716,127.0.0.1,8080,127.0.0.1,36692,138,benign
71.21148228645325,127.0.0.1,8080,127.0.0.1,36658,194,benign
71.24123620986938,127.0.0.1,36658,127.0.0.1,8080,0,benign
71.29438710212708,127.0.0.1,58756,127.0.0.1,8080,0,benign
71.31658220291138,127.0.0.1,8080,127.0.0.1,58756,0,benign
71.35539150238037,127.0.0.1,58756,127.0.0.1,8080,0,benign
71.36530780792236,127.0.0.1,36746,127.0.0.1,8080,163,benign
71.37218761444092,127.0.0.1,58756,127.0.0.1,8080,167,benign
71.38449573516846,127.0.0.1,8080,127.0.0.1,58756,0,benign
71.39908051490784,127.0.0.1,8080,127.0.0.1,36746,138,benign
71.41019368171692,127.0.0.1,36692,127.0.0.1,8080,163,benign
71.41682744026184,127.0.0.1,8080,127.0.0.1,36706,56,benign
71.4272198677063,127.0.0.1,36706,127.0.0.1,8080,0,benign
71.43339443206787,127.0.0.1,36858,127.0.0.1,8080,163,benign
71.46938109397888,127.0.0.1,36770,127.0.0.1,8080,163,benign
71.49090027809143,127.0.0.1,8080,127.0.0.1,36692,138,benign
71.49647378921509,127.0.0.1,58194,127.0.0.1,8080,0,benign
71.50038170814514,127.0.0.1,36644,127.0.0.1,8080,0,benign
71.5079779624939,127.0.0.1,8080,127.0.0.1,36644,56,benign
71.5202305316925,127.0.0.1,36644,127.0.0.1,8080,0,benign
71.53566431999207,127.0.0.1,8080,127.0.0.1,36858,138,benign
71.55809354782104,127.0.0.1,36586,127.0.0.1,8080,163,benign
71.57924890518188,127.0.0.1,58204,127.0.0.1,8080,0,benign
71.62662267684937,127.0.0.1,8080,127.0.0.1,36770,138,benign
71.6469213962555,127.0.0.1,8080,127.0.0.1,36586,138,benign
71.69764351844788,127.0.0.1,36716,127.0.0.1,8080,163,benign
71.81781554222107,127.0.0.1,8080,127.0.0.1,36716,194,benign
71.91640901565552,127.0.0.1,36716,127.0.0.1,8080,0,benign
71.94944763183594,127.0.0.1,47948,127.0.0.1,8080,0,benign
71.96290469169617,127.0.0.1,8080,127.0.0.1,47948,0,benign
71.98582696914673,127.0.0.1,47948,127.0.0.1,8080,0,benign
72.00443434715271,127.0.0.1,8080,127.0.0.1,36554,56,benign
72.14184021949768,127.0.0.1,36554,127.0.0.1,8080,0,benign
72.21173810958862,127.0.0.1,47956,127.0.0.1,8080,0,benign
72.24431443214417,127.0.0.1,8080,127.0.0.1,47956,0,benign
72.270339012146,127.0.0.1,47956,127.0.0.1,8080,0,benign
72.30527758598328,127.0.0.1,36698,127.0.0.1,8080,163,benign
72.3128092288971,127.0.0.1,36554,127.0.0.1,8080,163,benign
72.31626915931702,127.0.0.1,8080,127.0.0.1,58186,0,benign
72.35041618347168,127.0.0.1,36634,127.0.0.1,8080,0,benign
72.35365557670593,127.0.0.1,8080,127.0.0.1,36634,56,benign
72.35844111442566,127.0.0.1,47948,127.0.0.1,8080,163,benign
72.36309361457825,127.0.0.1,8080,127.0.0.1,47948,0,benign
72.36776280403137,127.0.0.1,47956,127.0.0.1,8080,167,benign
72.3725438117981,127.0.0.1,8080,127.0.0.1,47956,0,benign
72.39047122001648,127.0.0.1,8080,127.0.0.1,36698,138,benign
72.41635704040527,127.0.0.1,8080,127.0.0.1,36698,56,benign
72.42595338821411,127.0.0.1,36698,127.0.0.1,8080,0,benign
72.43375182151794,127.0.0.1,8080,127.0.0.1,36554,138,benign
72.45066213607788,127.0.0.1,36634,127.0.0.1,8080,0,benign
72.48046135902405,127.0.0.1,36716,127.0.0.1,8080,163,benign
72.5000114440918,127.0.0.1,8081,127.0.0.1,47178,138,benign
72.50799107551575,127.0.0.1,36746,127.0.0.1,8080,0,benign
72.52678060531616,127.0.0.1,8080,127.0.0.1,36716,138,benign
72.5336365699768,127.0.0.1,47972,127.0.0.1,8080,0,benign
72.54326391220093,127.0.0.1,8080,127.0.0.1,47972,0,benign
72.54916214942932,127.0.0.1,47972,127.0.0.1,8080,0,benign
72.5569519996643,127.0.0.1,8080,127.0.0.1,36800,56,benign
72.56585478782654,127.0.0.1,36800,127.0.0.1,8080,0,benign
72.58046579360962,127.0.0.1,47972,127.0.0.1,8080,163,benign
72.58309507369995,127.0.0.1,8080,127.0.0.1,47972,0,benign
72.58660984039307,127.0.0.1,36644,127.0.0.1,8080,163,benign
72.59331965446472,127.0.0.1,8080,127.0.0.1,36746,56,benign
72.60965967178345,127.0.0.1,36746,127.0.0.1,8080,0,benign
72.62733554840088,127.0.0.1,8080,127.0.0.1,36644,138,benign
72.63623428344727,127.0.0.1,36746,127.0.0.1,8080,163,benign
72.64103984832764,127.0.0.1,36790,127.0.0.1,8080,0,benign
72.6511583328247,127.0.0.1,8080,127.0.0.1,36790,56,benign
72.65827775001526,127.0.0.1,36790,127.0.0.1,8080,0,benign
72.66155242919922,127.0.0.1,58210,127.0.0.1,8080,0,benign
72.6642804145813,127.0.0.1,8080,127.0.0.1,36746,138,benign
72.67236638069153,127.0.0.1,36706,127.0.0.1,8080,163,benign
72.67856860160828,127.0.0.1,8080,127.0.0.1,36706,138,benign
72.68324899673462,127.0.0.1,36692,127.0.0.1,8080,0,benign
72.6865336894989,127.0.0.1,8080,127.0.0.1,58194,0,benign
72.68970251083374,127.0.0.1,8080,127.0.0.1,36692,56,benign
72.69243454933167,127.0.0.1,36692,127.0.0.1,8080,0,benign
72.7060558795929,127.0.0.1,47984,127.0.0.1,8080,0,benign
72.72856283187866,127.0.0.1,8080,127.0.0.1,47984,0,benign
72.74042582511902,127.0.0.1,47984,127.0.0.1,8080,0,benign
72.74437475204468,127.0.0.1,47984,127.0.0.1,8080,167,benign
72.75818634033203,127.0.0.1,8080,127.0.0.1,47984,0,benign
72.76415157318115,127.0.0.1,36634,127.0.0.1,8080,163,benign
72.77323961257935,127.0.0.1,36770,127.0.0.1,8080,0,benign
72.77667212486267,127.0.0.1,8080,127.0.0.1,58204,0,benign
72.78100967407227,127.0.0.1,36858,127.0.0.1,8080,0,benign
72.78783702850342,127.0.0.1,8080,127.0.0.1,36858,56,benign
72.7977557182312,127.0.0.1,8080,127.0.0.1,36770,56,benign
72.80019521713257,127.0.0.1,36770,127.0.0.1,8080,0,benign
72.80676364898682,127.0.0.1,36858,127.0.0.1,8080,0,benign
72.81515598297119,127.0.0.1,8080,127.0.0.1,36634,138,benign
72.82264924049377,127.0.0.1,36790,127.0.0.1,8080,163,benign
72.84231948852539,127.0.0.1,36586,127.0.0.1,8080,0,benign
72.87366271018982,127.0.0.1,8080,127.0.0.1,36586,56,benign
72.89169239997864,127.0.0.1,36770,127.0.0.1,8080,163,benign
72.8993706703186,127.0.0.1,36586,127.0.0.1,8080,0,benign
72.9034321308136,127.0.0.1,8080,127.0.0.1,36790,138,benign
72.90684127807617,127.0.0.1,8080,127.0.0.1,36770,138,benign
72.91192984580994,127.0.0.1,36698,127.0.0.1,8080,163,benign
72.92335939407349,127.0.0.1,58218,127.0.0.1,8080,0,benign
72.92805790901184,127.0.0.1,8080,127.0.0.1,36698,138,benign
72.93816828727722,127.0.0.1,58222,127.0.0.1,8080,0,benign
72.97363328933716,127.0.0.1,8081,127.0.0.1,47176,138,benign
72.98510551452637,127.0.0.1,36554,127.0.0.1,8080,0,benign
72.99866819381714,127.0.0.1,8080,127.0.0.1,36554,56,benign
73.02563905715942,127.0.0.1,36554,127.0.0.1,8080,0,benign
73.04912114143372,127.0.0.1,36858,127.0.0.1,8080,163,benign
73.05776691436768,127.0.0.1,8080,127.0.0.1,36858,138,benign
73.06781435012817,127.0.0.1,8081,127.0.0.1,47178,60,benign
73.0971269607544,127.0.0.1,47178,127.0.0.1,8081,0,benign
73.18095564842224,127.0.0.1,58234,127.0.0.1,8080,0,benign
73.22835159301758,127.0.0.1,36716,127.0.0.1,8080,0,benign
73.25580763816833,127.0.0.1,36800,127.0.0.1,8080,163,benign
73.29422640800476,127.0.0.1,8080,127.0.0.1,36800,138,benign
73.31444787979126,127.0.0.1,8080,127.0.0.1,36800,56,benign
73.36609506607056,127.0.0.1,36800,127.0.0.1,8080,0,benign
73.39514470100403,127.0.0.1,36644,127.0.0.1,8080,0,benign
73.41879510879517,127.0.0.1,8080,127.0.0.1,36644,56,benign
73.46131777763367,127.0.0.1,8080,127.0.0.1,36716,56,benign
73.4839940071106,127.0.0.1,36644,127.0.0.1,8080,0,benign
73.57309436798096,127.0.0.1,36716,127.0.0.1,8080,0,benign
73.60794138908386,127.0.0.1,36732,127.0.0.1,8080,163,benign
73.61318397521973,127.0.0.1,36692,127.0.0.1,8080,163,benign
73.61848378181458,127.0.0.1,47178,127.0.0.1,8081,167,benign
73.6553750038147,127.0.0.1,8081,127.0.0.1,47178,0,benign
73.67219066619873,127.0.0.1,47986,127.0.0.1,8080,0,benign
73.6872501373291,127.0.0.1,8080,127.0.0.1,47986,0,benign
73.69400095939636,127.0.0.1,47986,127.0.0.1,8080,0,benign
73.72654938697815,127.0.0.1,8080,127.0.0.1,36732,138,benign
73.75501894950867,127.0.0.1,36732,127.0.0.1,8080,0,benign
73.7798478603363,127.0.0.1,8080,127.0.0.1,36732,56,benign
73.80890011787415,127.0.0.1,36732,127.0.0.1,8080,0,benign
73.8460636138916,127.0.0.1,47986,127.0.0.1,8080,163,benign
73.85973596572876,127.0.0.1,8080,127.0.0.1,47986,0,benign
73.86448931694031,127.0.0.1,8080,127.0.0.1,36692,138,benign
73.87287330627441,127.0.0.1,36706,127.0.0.1,8080,0,benign
73.88434743881226,127.0.0.1,36746,127.0.0.1,8080,0,benign
73.91167640686035,127.0.0.1,8080,127.0.0.1,58210,0,benign
73.9445424079895,127.0.0.1,8080,127.0.0.1,36746,56,benign
73.9705650806427,127.0.0.1,8080,127.0.0.1,36706,56,benign
73.99482321739197,127.0.0.1,36706,127.0.0.1,8080,0,benign
74.01021122932434,127.0.0.1,36716,127.0.0.1,8080,163,benign
74.0359673500061,127.0.0.1,36746,127.0.0.1,8080,0,benign
74.04422926902771,127.0.0.1,8080,127.0.0.1,36716,138,benign
74.06567478179932,127.0.0.1,36658,127.0.0.1,8080,163,benign
74.07663083076477,127.0.0.1,36732,127.0.0.1,8080,163,benign
74.08150935173035,127.0.0.1,36634,127.0.0.1,8080,0,benign
74.0877149105072,127.0.0.1,8080,127.0.0.1,36634,56,benign
74.09108924865723,127.0.0.1,36634,127.0.0.1,8080,0,benign
74.10124516487122,127.0.0.1,8080,127.0.0.1,36658,138,benign
74.12219548225403,127.0.0.1,36644,127.0.0.1,8080,163,benign
74.13235759735107,127.0.0.1,36658,127.0.0.1,8080,0,benign
74.13729166984558,127.0.0.1,8080,127.0.0.1,36732,138,benign
74.13997006416321,127.0.0.1,8080,127.0.0.1,36658,56,benign
74.14601063728333,127.0.0.1,36658,127.0.0.1,8080,0,benign
74.15257287025452,127.0.0.1,36770,127.0.0.1,8080,0,benign
74.1905517578125,127.0.0.1,36790,127.0.0.1,8080,0,benign
74.21347403526306,127.0.0.1,8080,127.0.0.1,36770,56,benign
74.26488995552063,127.0.0.1,36770,127.0.0.1,8080,0,benign
74.26930570602417,127.0.0.1,8080,127.0.0.1,36790,56,benign
74.2747437953949,127.0.0.1,36790,127.0.0.1,8080,0,benign
74.28326892852783,127.0.0.1,8080,127.0.0.1,36644,138,benign
74.31450629234314,127.0.0.1,36658,127.0.0.1,8080,163,benign
74.34655928611755,127.0.0.1,8080,127.0.0.1,36658,138,benign
74.35337471961975,127.0.0.1,36770,127.0.0.1,8080,163,benign
74.36043810844421,127.0.0.1,48666,127.0.0.1,8080,0,benign
74.37012839317322,127.0.0.1,8081,127.0.0.1,47160,198,benign
74.37562012672424,127.0.0.1,47160,127.0.0.1,8081,0,benign
74.38620853424072,127.0.0.1,47150,127.0.0.1,8081,167,benign
74.39530539512634,127.0.0.1,8081,127.0.0.1,47150,0,benign
74.39995265007019,127.0.0.1,8081,127.0.0.1,47122,0,benign
74.4075677394867,127.0.0.1,47122,127.0.0.1,8081,0,benign
74.42582488059998,127.0.0.1,48686,127.0.0.1,8080,0,benign
74.44703221321106,127.0.0.1,8080,127.0.0.1,48676,0,benign
74.45572113990784,127.0.0.1,49576,127.0.0.1,8080,0,benign
74.46046018600464,127.0.0.1,8080,127.0.0.1,49576,0,benign
74.46686863899231,127.0.0.1,49576,127.0.0.1,8080,0,benign
74.4764461517334,127.0.0.1,49576,127.0.0.1,8080,163,benign
74.48132133483887,127.0.0.1,8080,127.0.0.1,49576,0,benign
74.48832726478577,127.0.0.1,8080,127.0.0.1,48672,0,benign
74.49344515800476,127.0.0.1,48704,127.0.0.1,8080,0,benign
74.5024299621582,127.0.0.1,49584,127.0.0.1,8080,0,benign
74.5211353302002,127.0.0.1,8080,127.0.0.1,49584,0,benign
74.54601216316223,127.0.0.1,49584,127.0.0.1,8080,0,benign
74.55728530883789,127.0.0.1,49584,127.0.0.1,8080,163,benign
74.57167387008667,127.0.0.1,8080,127.0.0.1,49584,0,benign
74.57619571685791,127.0.0.1,47288,127.0.0.1,8082,167,benign
74.58438324928284,127.0.0.1,8082,127.0.0.1,47288,0,benign
74.58959150314331,127.0.0.1,8080,127.0.0.1,48666,0,benign
74.60222959518433,127.0.0.1,47160,127.0.0.1,8081,167,benign
74.60984683036804,127.0.0.1,8081,127.0.0.1,47160,0,benign
74.61888122558594,127.0.0.1,8081,127.0.0.1,47130,0,benign
74.6265881061554,127.0.0.1,47130,127.0.0.1,8081,0,benign
74.63551068305969,127.0.0.1,48710,127.0.0.1,8080,0,benign
74.64619588851929,127.0.0.1,36800,127.0.0.1,8080,163,benign
74.66934490203857,127.0.0.1,48688,127.0.0.1,8080,0,benign
74.67943596839905,127.0.0.1,8080,127.0.0.1,54010,138,benign
74.68264198303223,127.0.0.1,54010,127.0.0.1,8080,0,benign
74.68993949890137,127.0.0.1,8080,127.0.0.1,54058,138,benign
74.69880700111389,127.0.0.1,54058,127.0.0.1,8080,0,benign
74.71469950675964,127.0.0.1,48722,127.0.0.1,8080,0,benign
74.7254536151886,127.0.0.1,8080,127.0.0.1,36716,138,benign
74.74375486373901,127.0.0.1,8080,127.0.0.1,54066,138,benign
74.75122666358948,127.0.0.1,54066,127.0.0.1,8080,0,benign
74.7561902999878,127.0.0.1,8080,127.0.0.1,36804,138,benign
74.76438307762146,127.0.0.1,36804,127.0.0.1,8080,0,benign
74.77473163604736,127.0.0.1,8081,127.0.0.1,47242,198,benign
74.81413650512695,127.0.0.1,8080,127.0.0.1,36692,138,benign
74.83497858047485,127.0.0.1,47242,127.0.0.1,8081,0,benign
74.8487331867218,127.0.0.1,8080,127.0.0.1,36858,138,benign
74.86314392089844,127.0.0.1,36858,127.0.0.1,8080,0,benign
74.87338066101074,127.0.0.1,8080,127.0.0.1,48686,0,benign
74.88795232772827,127.0.0.1,8080,127.0.0.1,36804,56,benign
74.89749121665955,127.0.0.1,36804,127.0.0.1,8080,0,benign
74.90416693687439,127.0.0.1,8080,127.0.0.1,36858,56,benign
74.914785861969,127.0.0.1,36858,127.0.0.1,8080,0,benign
74.9225115776062,127.0.0.1,8080,127.0.0.1,36746,138,benign
74.92612910270691,127.0.0.1,8080,127.0.0.1,36658,138,benign
74.9394040107727,127.0.0.1,36658,127.0.0.1,8080,0,benign
74.9458703994751,127.0.0.1,8080,127.0.0.1,36658,56,benign
74.97069263458252,127.0.0.1,36658,127.0.0.1,8080,0,benign
74.9740400314331,127.0.0.1,49586,127.0.0.1,8080,0,benign
74.97681593894958,127.0.0.1,8080,127.0.0.1,49586,0,benign
74.98002552986145,127.0.0.1,49586,127.0.0.1,8080,0,benign
74.98495745658875,127.0.0.1,8080,127.0.0.1,36706,138,benign
75.01614999771118,127.0.0.1,8080,127.0.0.1,36554,138,benign
75.02098035812378,127.0.0.1,8080,127.0.0.1,48704,0,benign
75.03111743927002,127.0.0.1,8080,127.0.0.1,36770,138,benign
75.03726696968079,127.0.0.1,8080,127.0.0.1,36634,138,benign
75.05165505409241,127.0.0.1,8080,127.0.0.1,36800,194,benign
75.05800151824951,127.0.0.1,36800,127.0.0.1,8080,0,benign
75.06122136116028,127.0.0.1,48736,127.0.0.1,8080,0,benign
75.0637800693512,127.0.0.1,8080,127.0.0.1,54042,138,benign
75.11874222755432,127.0.0.1,54042,127.0.0.1,8080,0,benign
75.15194153785706,127.0.0.1,49598,127.0.0.1,8080,0,benign
75.17800760269165,127.0.0.1,8080,127.0.0.1,49598,0,benign
75.18637800216675,127.0.0.1,49598,127.0.0.1,8080,0,benign
75.19236993789673,127.0.0.1,36804,127.0.0.1,8080,163,benign
75.19607090950012,127.0.0.1,36644,127.0.0.1,8080,163,benign
75.21647071838379,127.0.0.1,8080,127.0.0.1,36804,0,benign
75.29931902885437,127.0.0.1,49586,127.0.0.1,8080,163,benign
75.31536674499512,127.0.0.1,8080,127.0.0.1,49586,0,benign
75.36167526245117,127.0.0.1,48726,127.0.0.1,8080,0,benign
75.37784719467163,127.0.0.1,8080,127.0.0.1,36804,138,benign
75.38529992103577,127.0.0.1,48748,127.0.0.1,8080,0,benign
75.39378428459167,127.0.0.1,8080,127.0.0.1,36644,138,benign
75.40136742591858,127.0.0.1,36644,127.0.0.1,8080,0,benign
75.40523338317871,127.0.0.1,8080,127.0.0.1,36644,56,benign
75.420658826828,127.0.0.1,36644,127.0.0.1,8080,0,benign
75.46488451957703,127.0.0.1,49604,127.0.0.1,8080,0,benign
75.47582507133484,127.0.0.1,8080,127.0.0.1,49604,0,benign
75.50299763679504,127.0.0.1,49604,127.0.0.1,8080,0,benign
75.53552103042603,127.0.0.1,48760,127.0.0.1,8080,0,benign
75.58203148841858,127.0.0.1,47242,127.0.0.1,8081,167,benign
75.62356472015381,127.0.0.1,8081,127.0.0.1,47242,0,benign
75.64797306060791,127.0.0.1,49612,127.0.0.1,8080,0,benign
75.68586874008179,127.0.0.1,8080,127.0.0.1,49612,0,benign
75.7103819847107,127.0.0.1,49612,127.0.0.1,8080,0,benign
75.7246925830841,127.0.0.1,8080,127.0.0.1,48710,0,benign
75.7478187084198,127.0.0.1,36858,127.0.0.1,8080,163,benign
75.75617456436157,127.0.0.1,8080,127.0.0.1,36858,0,benign
75.7655017375946,127.0.0.1,36800,127.0.0.1,8080,163,benign
75.77288603782654,127.0.0.1,49598,127.0.0.1,8080,163,benign
75.77599310874939,127.0.0.1,8080,127.0.0.1,49598,0,benign
75.78690886497498,127.0.0.1,49612,127.0.0.1,8080,167,benign
75.8090648651123,127.0.0.1,8080,127.0.0.1,49612,0,benign
75.8236494064331,127.0.0.1,49604,127.0.0.1,8080,163,benign
75.83202528953552,127.0.0.1,8080,127.0.0.1,49604,0,benign
75.83753824234009,127.0.0.1,8080,127.0.0.1,48688,0,benign
75.8453357219696,127.0.0.1,8080,127.0.0.1,36858,138,benign
75.866530418396,127.0.0.1,8080,127.0.0.1,36800,138,benign
75.87436008453369,127.0.0.1,49618,127.0.0.1,8080,0,benign
75.88894963264465,127.0.0.1,8080,127.0.0.1,49618,0,benign
75.8973126411438,127.0.0.1,49618,127.0.0.1,8080,0,benign
75.90160465240479,127.0.0.1,49618,127.0.0.1,8080,167,benign
75.90927147865295,127.0.0.1,8080,127.0.0.1,49618,0,benign
75.91826176643372,127.0.0.1,50494,127.0.0.1,8080,0,benign
75.93135666847229,127.0.0.1,8080,127.0.0.1,50494,0,benign
75.93359088897705,127.0.0.1,50494,127.0.0.1,8080,0,benign
75.9406909942627,127.0.0.1,50494,127.0.0.1,8080,163,benign
75.94638276100159,127.0.0.1,8080,127.0.0.1,50494,0,benign
75.9493818283081,127.0.0.1,49664,127.0.0.1,8080,0,benign
75.95604014396667,127.0.0.1,36716,127.0.0.1,8080,163,benign
75.96028590202332,127.0.0.1,8080,127.0.0.1,49642,0,benign
75.96640849113464,127.0.0.1,8080,127.0.0.1,36800,0,benign
75.97206616401672,127.0.0.1,8080,127.0.0.1,49646,0,benign
75.97658920288086,127.0.0.1,49672,127.0.0.1,8080,0,benign
75.98369455337524,127.0.0.1,8080,127.0.0.1,54200,138,benign
75.99130368232727,127.0.0.1,54200,127.0.0.1,8080,0,benign
75.99546194076538,127.0.0.1,8082,127.0.0.1,47274,138,benign
75.9990599155426,127.0.0.1,8080,127.0.0.1,49660,0,benign
76.00184941291809,127.0.0.1,49674,127.0.0.1,8080,0,benign
76.00669360160828,127.0.0.1,8080,127.0.0.1,54186,138,benign
76.01027083396912,127.0.0.1,54186,127.0.0.1,8080,0,benign
76.01302909851074,127.0.0.1,8080,127.0.0.1,36770,138,benign
76.01711773872375,127.0.0.1,36770,127.0.0.1,8080,0,benign
76.02041816711426,127.0.0.1,8080,127.0.0.1,54226,194,benign
76.02349758148193,127.0.0.1,8080,127.0.0.1,36804,138,benign
76.032231092453,127.0.0.1,54226,127.0.0.1,8080,0,benign
76.03615379333496,127.0.0.1,8080,127.0.0.1,36770,56,benign
76.03846478462219,127.0.0.1,36770,127.0.0.1,8080,0,benign
76.0443468093872,127.0.0.1,8080,127.0.0.1,36778,138,benign
76.04728746414185,127.0.0.1,8080,127.0.0.1,36570,138,benign
76.05351948738098,127.0.0.1,8082,127.0.0.1,47298,138,benign
76.05845165252686,127.0.0.1,47298,127.0.0.1,8082,0,benign
76.06114649772644,127.0.0.1,8080,127.0.0.1,49666,0,benign
76.06521344184875,127.0.0.1,8082,127.0.0.1,47298,60,benign
76.06799340248108,127.0.0.1,47298,127.0.0.1,8082,0,benign
76.07336449623108,127.0.0.1,8080,127.0.0.1,36586,138,benign
76.08003616333008,127.0.0.1,8080,127.0.0.1,36666,138,benign
76.08454990386963,127.0.0.1,36666,127.0.0.1,8080,0,benign
76.09133338928223,127.0.0.1,8080,127.0.0.1,36644,138,benign
76.09465312957764,127.0.0.1,36644,127.0.0.1,8080,0,benign
76.0972261428833,127.0.0.1,8080,127.0.0.1,36666,56,benign
76.10057711601257,127.0.0.1,36666,127.0.0.1,8080,0,benign
76.10565042495728,127.0.0.1,50508,127.0.0.1,8080,0,benign
76.10825228691101,127.0.0.1,8080,127.0.0.1,50508,0,benign
76.11619400978088,127.0.0.1,50508,127.0.0.1,8080,0,benign
76.11994576454163,127.0.0.1,8080,127.0.0.1,36716,0,benign
76.1238694190979,127.0.0.1,8080,127.0.0.1,49664,0,benign
76.12986660003662,127.0.0.1,8080,127.0.0.1,36858,138,benign
76.13490581512451,127.0.0.1,36858,127.0.0.1,8080,0,benign
76.15079617500305,127.0.0.1,8080,127.0.0.1,36644,56,benign
76.16567015647888,127.0.0.1,36644,127.0.0.1,8080,0,benign
76.16855120658875,127.0.0.1,8080,127.0.0.1,36858,56,benign
76.1719958782196,127.0.0.1,36858,127.0.0.1,8080,0,benign
76.17496037483215,127.0.0.1,36666,127.0.0.1,8080,163,benign
76.17963123321533,127.0.0.1,8080,127.0.0.1,36666,0,benign
76.19306373596191,127.0.0.1,8080,127.0.0.1,36800,138,benign
76.21808409690857,127.0.0.1,36800,127.0.0.1,8080,0,benign
76.22211384773254,127.0.0.1,36770,127.0.0.1,8080,163,benign
76.22699904441833,127.0.0.1,8080,127.0.0.1,36770,0,benign
76.22968912124634,127.0.0.1,8080,127.0.0.1,36800,56,benign
76.23287725448608,127.0.0.1,36800,127.0.0.1,8080,0,benign
76.2406678199768,127.0.0.1,8080,127.0.0.1,36634,138,benign
76.24567556381226,127.0.0.1,36634,127.0.0.1,8080,0,benign
76.25342154502869,127.0.0.1,8080,127.0.0.1,36634,56,benign
76.27463722229004,127.0.0.1,36634,127.0.0.1,8080,0,benign
76.29258513450623,127.0.0.1,8080,127.0.0.1,36732,138,benign
76.30823373794556,127.0.0.1,36732,127.0.0.1,8080,0,benign
76.32620978355408,127.0.0.1,8080,127.0.0.1,36716,138,benign
76.35368871688843,127.0.0.1,8080,127.0.0.1,36732,56,benign
76.37487506866455,127.0.0.1,36732,127.0.0.1,8080,0,benign
76.3950343132019,127.0.0.1,8080,127.0.0.1,36770,138,benign
76.410471200943,127.0.0.1,8080,127.0.0.1,36666,138,benign
76.4143295288086,127.0.0.1,8080,127.0.0.1,36706,138,benign
76.41919302940369,127.0.0.1,8080,127.0.0.1,36716,56,benign
76.42499923706055,127.0.0.1,8080,127.0.0.1,49672,0,benign
76.4347574710846,127.0.0.1,50508,127.0.0.1,8080,163,benign
76.45191526412964,127.0.0.1,8080,127.0.0.1,50508,0,benign
76.47473406791687,127.0.0.1,36716,127.0.0.1,8080,0,benign
76.50844693183899,127.0.0.1,47274,127.0.0.1,8082,0,benign
76.52241778373718,127.0.0.1,50510,127.0.0.1,8080,0,benign
76.53605318069458,127.0.0.1,8080,127.0.0.1,50510,0,benign
76.53969311714172,127.0.0.1,50510,127.0.0.1,8080,0,benign
76.54726314544678,127.0.0.1,8080,127.0.0.1,49674,0,benign
76.5548505783081,127.0.0.1,8082,127.0.0.1,47274,60,benign
76.55971240997314,127.0.0.1,47274,127.0.0.1,8082,0,benign
76.59010553359985,127.0.0.1,50520,127.0.0.1,8080,0,benign
76.61996579170227,127.0.0.1,8080,127.0.0.1,50520,0,benign
76.66265296936035,127.0.0.1,50520,127.0.0.1,8080,0,benign
76.70589566230774,127.0.0.1,50510,127.0.0.1,8080,163,benign
76.72873830795288,127.0.0.1,8080,127.0.0.1,50510,0,benign
76.74159932136536,127.0.0.1,36644,127.0.0.1,8080,163,benign
76.7501449584961,127.0.0.1,8080,127.0.0.1,36644,0,benign
76.75891542434692,127.0.0.1,50520,127.0.0.1,8080,163,benign
76.76380681991577,127.0.0.1,8080,127.0.0.1,50520,0,benign
76.76775884628296,127.0.0.1,36716,127.0.0.1,8080,163,benign
76.77543067932129,127.0.0.1,8080,127.0.0.1,36716,0,benign
76.78093671798706,127.0.0.1,36634,127.0.0.1,8080,163,benign
76.78647184371948,127.0.0.1,8080,127.0.0.1,36634,0,benign
76.79237675666809,127.0.0.1,8080,127.0.0.1,36644,138,benign
76.79554677009583,127.0.0.1,8080,127.0.0.1,36804,56,benign
76.79939246177673,127.0.0.1,36804,127.0.0.1,8080,0,benign
76.80247092247009,127.0.0.1,36804,127.0.0.1,8080,163,benign
76.80492353439331,127.0.0.1,8080,127.0.0.1,36804,0,benign
76.80821657180786,127.0.0.1,8080,127.0.0.1,36716,138,benign
76.81106185913086,127.0.0.1,36570,127.0.0.1,8080,0,benign
76.81469011306763,127.0.0.1,36778,127.0.0.1,8080,0,benign
76.82640194892883,127.0.0.1,8080,127.0.0.1,36634,138,benign
76.84168219566345,127.0.0.1,8080,127.0.0.1,36778,56,benign
76.84614205360413,127.0.0.1,36778,127.0.0.1,8080,0,benign
76.84999752044678,127.0.0.1,49682,127.0.0.1,8080,0,benign
76.85265254974365,127.0.0.1,50522,127.0.0.1,8080,0,benign
76.85543656349182,127.0.0.1,8080,127.0.0.1,50522,0,benign
76.85910034179688,127.0.0.1,50522,127.0.0.1,8080,0,benign
76.86164116859436,127.0.0.1,50522,127.0.0.1,8080,163,benign
76.86942744255066,127.0.0.1,8080,127.0.0.1,50522,0,benign
76.87764525413513,127.0.0.1,36586,127.0.0.1,8080,0,benign
76.88524413108826,127.0.0.1,8080,127.0.0.1,36586,56,benign
76.88907194137573,127.0.0.1,8080,127.0.0.1,36570,56,benign
76.9014790058136,127.0.0.1,36586,127.0.0.1,8080,0,benign
76.91044521331787,127.0.0.1,36570,127.0.0.1,8080,0,benign
76.9136118888855,127.0.0.1,8081,127.0.0.1,47178,138,benign
76.91700649261475,127.0.0.1,47178,127.0.0.1,8081,0,benign
76.92190957069397,127.0.0.1,8081,127.0.0.1,47178,60,benign
76.92714428901672,127.0.0.1,47178,127.0.0.1,8081,0,benign
76.9345817565918,127.0.0.1,8080,127.0.0.1,36804,138,benign
76.93811368942261,127.0.0.1,8081,127.0.0.1,47150,138,benign
76.94098329544067,127.0.0.1,47150,127.0.0.1,8081,0,benign
76.95092463493347,127.0.0.1,8081,127.0.0.1,47150,60,benign
76.95920395851135,127.0.0.1,47150,127.0.0.1,8081,0,benign
76.96371507644653,127.0.0.1,36732,127.0.0.1,8080,163,benign
76.96648526191711,127.0.0.1,8080,127.0.0.1,36732,0,benign
76.96922302246094,127.0.0.1,8080,127.0.0.1,36732,138,benign
76.98449444770813,127.0.0.1,36778,127.0.0.1,8080,163,benign
76.99851775169373,127.0.0.1,8080,127.0.0.1,36778,0,benign
77.00127458572388,127.0.0.1,36800,127.0.0.1,8080,163,benign
77.00401043891907,127.0.0.1,8080,127.0.0.1,36800,0,benign
77.01263904571533,127.0.0.1,8080,127.0.0.1,36706,0,benign
77.01623702049255,127.0.0.1,36634,127.0.0.1,8080,0,benign
77.0370192527771,127.0.0.1,36716,127.0.0.1,8080,0,benign
77.04825186729431,127.0.0.1,8080,127.0.0.1,36716,56,benign
77.07702541351318,127.0.0.1,8080,127.0.0.1,36634,56,benign
77.07987928390503,127.0.0.1,36716,127.0.0.1,8080,0,benign
77.0850772857666,127.0.0.1,36634,127.0.0.1,8080,0,benign
77.08760833740234,127.0.0.1,36634,127.0.0.1,8080,163,benign
77.09227895736694,127.0.0.1,8080,127.0.0.1,36634,0,benign
77.09780073165894,127.0.0.1,8080,127.0.0.1,54262,138,benign
77.10329008102417,127.0.0.1,54262,127.0.0.1,8080,0,benign
77.1150393486023,127.0.0.1,36570,127.0.0.1,8080,163,benign
77.11753964424133,127.0.0.1,8080,127.0.0.1,54304,138,benign
77.120108127594,127.0.0.1,54304,127.0.0.1,8080,0,benign
77.12820935249329,127.0.0.1,8080,127.0.0.1,36770,138,benign
77.14976167678833,127.0.0.1,8080,127.0.0.1,36732,138,benign
77.15608835220337,127.0.0.1,36732,127.0.0.1,8080,0,benign
77.16439843177795,127.0.0.1,8080,127.0.0.1,36732,56,benign
77.16821670532227,127.0.0.1,8080,127.0.0.1,36692,138,benign
77.17611598968506,127.0.0.1,36732,127.0.0.1,8080,0,benign
77.19268035888672,127.0.0.1,36658,127.0.0.1,8080,163,benign
77.20288968086243,127.0.0.1,8080,127.0.0.1,36586,138,benign
77.2076723575592,127.0.0.1,8080,127.0.0.1,36644,138,benign
77.21205687522888,127.0.0.1,8080,127.0.0.1,54288,138,benign
77.21739625930786,127.0.0.1,54288,127.0.0.1,8080,0,benign
77.22029328346252,127.0.0.1,8080,127.0.0.1,36706,138,benign
77.22442984580994,127.0.0.1,36706,127.0.0.1,8080,0,benign
77.22934174537659,127.0.0.1,8080,127.0.0.1,36634,138,benign
77.23645281791687,127.0.0.1,8080,127.0.0.1,36706,56,benign
77.25970339775085,127.0.0.1,36706,127.0.0.1,8080,0,benign
77.28580069541931,127.0.0.1,8080,127.0.0.1,36658,138,benign
77.30281901359558,127.0.0.1,36658,127.0.0.1,8080,0,benign
77.3160662651062,127.0.0.1,8080,127.0.0.1,36658,56,benign
77.32591605186462,127.0.0.1,36658,127.0.0.1,8080,0,benign
77.35299110412598,127.0.0.1,8080,127.0.0.1,36570,194,benign
77.37142252922058,127.0.0.1,36570,127.0.0.1,8080,0,benign
77.39369106292725,127.0.0.1,36778,127.0.0.1,8080,163,benign
77.40113067626953,127.0.0.1,36658,127.0.0.1,8080,163,benign
77.40701937675476,127.0.0.1,8080,127.0.0.1,36778,138,benign
77.41047191619873,127.0.0.1,8080,127.0.0.1,36778,56,benign
77.41563248634338,127.0.0.1,36778,127.0.0.1,8080,0,benign
77.42922163009644,127.0.0.1,36716,127.0.0.1,8080,163,benign
77.43410634994507,127.0.0.1,8080,127.0.0.1,36716,0,benign
77.44793009757996,127.0.0.1,8080,127.0.0.1,36658,138,benign
77.45397472381592,127.0.0.1,8080,127.0.0.1,36716,138,benign
77.4589376449585,127.0.0.1,36706,127.0.0.1,8080,163,benign
77.4619128704071,127.0.0.1,8080,127.0.0.1,36706,0,benign
77.47284626960754,127.0.0.1,8080,127.0.0.1,36706,138,benign
77.48070621490479,127.0.0.1,49990,127.0.0.1,8080,0,benign
77.49319863319397,127.0.0.1,36570,127.0.0.1,8080,163,benign
77.49590992927551,127.0.0.1,8080,127.0.0.1,36570,138,benign
77.50447511672974,127.0.0.1,36770,127.0.0.1,8080,0,benign
77.5075614452362,127.0.0.1,8080,127.0.0.1,36770,56,benign
77.51074481010437,127.0.0.1,36770,127.0.0.1,8080,0,benign
77.51558661460876,127.0.0.1,36778,127.0.0.1,8080,163,benign
77.51939630508423,127.0.0.1,8080,127.0.0.1,36778,138,benign
77.5290298461914,127.0.0.1,36644,127.0.0.1,8080,0,benign
77.53798818588257,127.0.0.1,36692,127.0.0.1,8080,0,benign
77.54487013816833,127.0.0.1,36586,127.0.0.1,8080,0,benign
77.5485303401947,127.0.0.1,8080,127.0.0.1,36644,56,benign
77.55676579475403,127.0.0.1,36644,127.0.0.1,8080,0,benign
77.56070685386658,127.0.0.1,36644,127.0.0.1,8080,163,benign
77.56914329528809,127.0.0.1,8080,127.0.0.1,36644,0,benign
77.57649350166321,127.0.0.1,8080,127.0.0.1,36692,56,benign
77.58572387695312,127.0.0.1,36692,127.0.0.1,8080,0,benign
77.59420251846313,127.0.0.1,8080,127.0.0.1,36586,56,benign
77.59858345985413,127.0.0.1,8080,127.0.0.1,36634,56,benign
77.60719466209412,127.0.0.1,8080,127.0.0.1,36644,138,benign
77.62276029586792,127.0.0.1,36586,127.0.0.1,8080,0,benign
77.63136124610901,127.0.0.1,36634,127.0.0.1,8080,0,benign
77.6378116607666,127.0.0.1,36800,127.0.0.1,8080,163,benign
77.6451826095581,127.0.0.1,36692,127.0.0.1,8080,163,benign
77.65710210800171,127.0.0.1,8080,127.0.0.1,36692,0,benign
77.68227458000183,127.0.0.1,8080,127.0.0.1,36800,194,benign
77.70835900306702,127.0.0.1,36800,127.0.0.1,8080,0,benign
77.74156785011292,127.0.0.1,36586,127.0.0.1,8080,163,benign
77.78280544281006,127.0.0.1,8080,127.0.0.1,36586,0,benign
77.80547094345093,127.0.0.1,8080,127.0.0.1,36692,138,benign
77.81554937362671,127.0.0.1,8080,127.0.0.1,36586,138,benign
77.83887767791748,127.0.0.1,36634,127.0.0.1,8080,163,benign
77.84855437278748,127.0.0.1,36658,127.0.0.1,8080,0,benign
77.85944271087646,127.0.0.1,8080,127.0.0.1,36658,56,benign
77.86962008476257,127.0.0.1,36658,127.0.0.1,8080,0,benign
77.88621544837952,127.0.0.1,8080,127.0.0.1,36716,56,benign
77.89459085464478,127.0.0.1,36716,127.0.0.1,8080,0,benign
77.90031218528748,127.0.0.1,8080,127.0.0.1,36634,138,benign
77.90509033203125,127.0.0.1,36554,127.0.0.1,8080,163,benign
77.9117066860199,127.0.0.1,36716,127.0.0.1,8080,163,benign
77.92932510375977,127.0.0.1,8080,127.0.0.1,36554,194,benign
77.93420004844666,127.0.0.1,36658,127.0.0.1,8080,163,benign
77.9374623298645,127.0.0.1,8080,127.0.0.1,36716,138,benign
77.94134902954102,127.0.0.1,36706,127.0.0.1,8080,0,benign
77.96047472953796,127.0.0.1,8080,127.0.0.1,36706,56,benign
77.96860766410828,127.0.0.1,49992,127.0.0.1,8080,0,benign
77.97317886352539,127.0.0.1,36706,127.0.0.1,8080,0,benign
77.97782397270203,127.0.0.1,8080,127.0.0.1,36658,138,benign
77.98862481117249,127.0.0.1,36770,127.0.0.1,8080,163,benign
77.99353384971619,127.0.0.1,8080,127.0.0.1,36770,0,benign
77.99655437469482,127.0.0.1,36800,127.0.0.1,8080,163,benign
78.00517296791077,127.0.0.1,8080,127.0.0.1,36770,138,benign
78.00837826728821,127.0.0.1,8080,127.0.0.1,36800,138,benign
78.01346230506897,127.0.0.1,36570,127.0.0.1,8080,0,benign
78.03331255912781,127.0.0.1,8080,127.0.0.1,49990,0,benign
78.0363941192627,127.0.0.1,8080,127.0.0.1,36570,56,benign
78.03966283798218,127.0.0.1,36570,127.0.0.1,8080,0,benign
78.04698896408081,127.0.0.1,36804,127.0.0.1,8080,163,benign
78.0723648071289,127.0.0.1,8080,127.0.0.1,36804,194,benign
78.07810497283936,127.0.0.1,36804,127.0.0.1,8080,0,benign
78.08343696594238,127.0.0.1,36554,127.0.0.1,8080,163,benign
78.0867509841919,127.0.0.1,50006,127.0.0.1,8080,0,benign
78.08994603157043,127.0.0.1,8080,127.0.0.1,36554,138,benign
78.0950038433075,127.0.0.1,36706,127.0.0.1,8080,163,benign
78.1132071018219,127.0.0.1,8080,127.0.0.1,36706,138,benign
78.13017392158508,127.0.0.1,36778,127.0.0.1,8080,0,benign
78.13681983947754,127.0.0.1,8080,127.0.0.1,36778,56,benign
78.14094972610474,127.0.0.1,36778,127.0.0.1,8080,0,benign
78.1436357498169,127.0.0.1,36804,127.0.0.1,8080,163,benign
78.14664244651794,127.0.0.1,8080,127.0.0.1,36804,138,benign
78.15222024917603,127.0.0.1,50022,127.0.0.1,8080,0,benign
78.15686416625977,127.0.0.1,51140,127.0.0.1,8080,167,benign
78.1609206199646,127.0.0.1,8080,127.0.0.1,51140,0,benign
78.16621351242065,127.0.0.1,36706,127.0.0.1,8080,0,benign
78.18006157875061,127.0.0.1,8080,127.0.0.1,36634,138,benign
78.19295763969421,127.0.0.1,36692,127.0.0.1,8080,163,benign
78.21319317817688,127.0.0.1,50566,127.0.0.1,8080,0,benign
78.24626731872559,127.0.0.1,8080,127.0.0.1,36692,138,benign
78.26579308509827,127.0.0.1,8081,127.0.0.1,37600,138,benign
78.27635312080383,127.0.0.1,37600,127.0.0.1,8081,0,benign
78.28335237503052,127.0.0.1,8081,127.0.0.1,37600,60,benign
78.28801655769348,127.0.0.1,37600,127.0.0.1,8081,0,benign
78.29528880119324,127.0.0.1,36732,127.0.0.1,8080,163,benign
78.37214136123657,127.0.0.1,36778,127.0.0.1,8080,0,benign
78.39667820930481,127.0.0.1,8080,127.0.0.1,36778,56,benign
78.41983556747437,127.0.0.1,36716,127.0.0.1,8080,163,benign
78.45523452758789,127.0.0.1,36778,127.0.0.1,8080,0,benign
78.48686671257019,127.0.0.1,8080,127.0.0.1,36732,138,benign
78.51143789291382,127.0.0.1,36732,127.0.0.1,8080,0,benign
78.52210569381714,127.0.0.1,8080,127.0.0.1,36732,56,benign
78.5284743309021,127.0.0.1,36732,127.0.0.1,8080,0,benign
78.53168439865112,127.0.0.1,36706,127.0.0.1,8080,163,benign
78.54119157791138,127.0.0.1,8080,127.0.0.1,36716,138,benign
78.58992528915405,127.0.0.1,8080,127.0.0.1,36706,138,benign
78.63954544067383,127.0.0.1,42714,127.0.0.1,8082,0,benign
78.67210102081299,127.0.0.1,8082,127.0.0.1,42714,60,benign
78.69365382194519,127.0.0.1,42714,127.0.0.1,8082,0,benign
78.73255276679993,127.0.0.1,42720,127.0.0.1,8082,167,benign
78.7386372089386,127.0.0.1,8082,127.0.0.1,42720,0,benign
78.74868679046631,127.0.0.1,36778,127.0.0.1,8080,163,benign
78.75874161720276,127.0.0.1,8080,127.0.0.1,36778,138,benign
78.77058243751526,127.0.0.1,36554,127.0.0.1,8080,0,benign
78.7808530330658,127.0.0.1,37600,127.0.0.1,8081,167,benign
78.79023694992065,127.0.0.1,8081,127.0.0.1,37600,0,benign
78.7973141670227,127.0.0.1,8080,127.0.0.1,36554,56,benign
78.79984736442566,127.0.0.1,36554,127.0.0.1,8080,0,benign
78.80264806747437,127.0.0.1,36658,127.0.0.1,8080,163,benign
78.8069748878479,127.0.0.1,8081,127.0.0.1,37594,138,benign
78.81263971328735,127.0.0.1,37594,127.0.0.1,8081,0,benign
78.81747198104858,127.0.0.1,8081,127.0.0.1,37594,60,benign
78.82080292701721,127.0.0.1,37594,127.0.0.1,8081,0,benign
78.82496118545532,127.0.0.1,8080,127.0.0.1,36658,138,benign
78.83586692810059,127.0.0.1,8080,127.0.0.1,36658,56,benign
78.84269404411316,127.0.0.1,36658,127.0.0.1,8080,0,benign
78.85228443145752,127.0.0.1,36804,127.0.0.1,8080,163,benign
78.8560938835144,127.0.0.1,8080,127.0.0.1,36804,194,benign
78.86069321632385,127.0.0.1,36804,127.0.0.1,8080,0,benign
78.86676406860352,127.0.0.1,36732,127.0.0.1,8080,163,benign
78.87777900695801,127.0.0.1,8080,127.0.0.1,36732,138,benign
78.88362574577332,127.0.0.1,36746,127.0.0.1,8080,0,benign
78.88837218284607,127.0.0.1,8080,127.0.0.1,36746,56,benign
78.90165519714355,127.0.0.1,36746,127.0.0.1,8080,0,benign
78.90702819824219,127.0.0.1,36746,127.0.0.1,8080,163,benign
78.91243767738342,127.0.0.1,60190,127.0.0.1,8083,167,benign
78.92469692230225,127.0.0.1,8083,127.0.0.1,60190,0,benign
78.92914366722107,127.0.0.1,36634,127.0.0.1,8080,0,benign
78.93554902076721,127.0.0.1,8080,127.0.0.1,50566,0,benign
78.93836545944214,127.0.0.1,8080,127.0.0.1,36634,56,benign
78.94113302230835,127.0.0.1,36634,127.0.0.1,8080,0,benign
78.95182967185974,127.0.0.1,8080,127.0.0.1,36746,138,benign
78.96454310417175,127.0.0.1,36692,127.0.0.1,8080,0,benign
78.9762167930603,127.0.0.1,42714,127.0.0.1,8082,167,benign
78.98455834388733,127.0.0.1,8082,127.0.0.1,42714,0,benign
78.98853850364685,127.0.0.1,8080,127.0.0.1,36692,56,benign
78.99367237091064,127.0.0.1,36692,127.0.0.1,8080,0,benign
79.0002372264862,127.0.0.1,36804,127.0.0.1,8080,163,benign
79.0078375339508,127.0.0.1,36716,127.0.0.1,8080,0,benign
79.01492214202881,127.0.0.1,8080,127.0.0.1,36716,56,benign
79.01814532279968,127.0.0.1,36716,127.0.0.1,8080,0,benign
79.02270317077637,127.0.0.1,36706,127.0.0.1,8080,0,benign
79.02958869934082,127.0.0.1,8080,127.0.0.1,36706,56,benign
79.03457379341125,127.0.0.1,60204,127.0.0.1,8083,167,benign
79.03840160369873,127.0.0.1,8083,127.0.0.1,60204,0,benign
79.0536756515503,127.0.0.1,36706,127.0.0.1,8080,0,benign
79.08746767044067,127.0.0.1,8080,127.0.0.1,36804,138,benign
79.09598112106323,127.0.0.1,36554,127.0.0.1,8080,163,benign
79.10813236236572,127.0.0.1,36706,127.0.0.1,8080,163,benign
79.11300015449524,127.0.0.1,36634,127.0.0.1,8080,163,benign
79.12340688705444,127.0.0.1,8080,127.0.0.1,36554,138,benign
79.12758350372314,127.0.0.1,36778,127.0.0.1,8080,0,benign
79.14875864982605,127.0.0.1,8080,127.0.0.1,36778,56,benign
79.20331192016602,127.0.0.1,8080,127.0.0.1,36706,138,benign
79.24605512619019,127.0.0.1,36778,127.0.0.1,8080,0,benign
79.27695608139038,127.0.0.1,36778,127.0.0.1,8080,163,benign
79.2984504699707,127.0.0.1,37594,127.0.0.1,8081,167,benign
79.33333897590637,127.0.0.1,8081,127.0.0.1,37594,0,benign
79.35847496986389,127.0.0.1,8080,127.0.0.1,36634,138,benign
79.38753414154053,127.0.0.1,8080,127.0.0.1,36778,138,benign
79.4039797782898,127.0.0.1,36732,127.0.0.1,8080,0,benign
79.44340586662292,127.0.0.1,8080,127.0.0.1,36732,56,benign
79.47314357757568,127.0.0.1,36732,127.0.0.1,8080,0,benign
79.52635145187378,127.0.0.1,36732,127.0.0.1,8080,163,benign
79.55352663993835,127.0.0.1,36746,127.0.0.1,8080,0,benign
79.56739139556885,127.0.0.1,8080,127.0.0.1,36746,56,benign
79.57565784454346,127.0.0.1,36746,127.0.0.1,8080,0,benign
79.57845163345337,127.0.0.1,36746,127.0.0.1,8080,163,benign
79.58986234664917,127.0.0.1,8080,127.0.0.1,36732,138,benign
79.66376519203186,127.0.0.1,8080,127.0.0.1,36746,138,benign
79.68038034439087,127.0.0.1,36804,127.0.0.1,8080,0,benign
79.6944785118103,127.0.0.1,42726,127.0.0.1,8082,167,benign
79.70085215568542,127.0.0.1,8082,127.0.0.1,42726,0,benign
79.70689272880554,127.0.0.1,8080,127.0.0.1,36804,56,benign
79.7151448726654,127.0.0.1,36804,127.0.0.1,8080,0,benign
79.72048473358154,127.0.0.1,8080,127.0.0.1,54538,198,benign
79.72682309150696,127.0.0.1,54538,127.0.0.1,8080,0,benign
79.7293119430542,127.0.0.1,8080,127.0.0.1,36658,194,benign
79.73861575126648,127.0.0.1,36658,127.0.0.1,8080,0,benign
79.74556636810303,127.0.0.1,8080,127.0.0.1,51312,0,benign
79.7486047744751,127.0.0.1,8080,127.0.0.1,36634,0,benign
79.75227069854736,127.0.0.1,47532,127.0.0.1,8080,0,benign
79.75612330436707,127.0.0.1,8080,127.0.0.1,47532,0,benign
79.76025772094727,127.0.0.1,47532,127.0.0.1,8080,0,benign
79.77205514907837,127.0.0.1,47532,127.0.0.1,8080,163,benign
79.78723812103271,127.0.0.1,8080,127.0.0.1,47532,0,benign
79.79186201095581,127.0.0.1,37600,127.0.0.1,8081,167,benign
79.7958676815033,127.0.0.1,8081,127.0.0.1,37600,0,benign
79.79947185516357,127.0.0.1,51324,127.0.0.1,8080,0,benign
79.80360388755798,127.0.0.1,8083,127.0.0.1,60200,138,benign
79.80930685997009,127.0.0.1,60200,127.0.0.1,8083,0,benign
79.81199216842651,127.0.0.1,8083,127.0.0.1,60200,60,benign
79.81443977355957,127.0.0.1,60200,127.0.0.1,8083,0,benign
79.81999611854553,127.0.0.1,8081,127.0.0.1,37594,138,benign
79.82801103591919,127.0.0.1,37594,127.0.0.1,8081,0,benign
79.83460426330566,127.0.0.1,8081,127.0.0.1,37594,60,benign
79.84082984924316,127.0.0.1,37594,127.0.0.1,8081,0,benign
79.84603929519653,127.0.0.1,37618,127.0.0.1,8081,167,benign
79.85222578048706,127.0.0.1,8081,127.0.0.1,37618,0,benign
79.8550112247467,127.0.0.1,51332,127.0.0.1,8080,0,benign
79.85903835296631,127.0.0.1,36770,127.0.0.1,8080,163,benign
79.86286950111389,127.0.0.1,8080,127.0.0.1,54512,138,benign
79.86975502967834,127.0.0.1,54512,127.0.0.1,8080,0,benign
79.87386512756348,127.0.0.1,8083,127.0.0.1,60190,138,benign
79.8764295578003,127.0.0.1,8082,127.0.0.1,42726,138,benign
79.895103931427,127.0.0.1,42726,127.0.0.1,8082,0,benign
79.91064357757568,127.0.0.1,8082,127.0.0.1,42726,60,benign
79.91851019859314,127.0.0.1,42726,127.0.0.1,8082,0,benign
79.92202186584473,127.0.0.1,8080,127.0.0.1,36858,138,benign
79.92450046539307,127.0.0.1,47550,127.0.0.1,8080,0,benign
79.92849516868591,127.0.0.1,8080,127.0.0.1,47550,0,benign
79.93208312988281,127.0.0.1,47550,127.0.0.1,8080,0,benign
79.93701457977295,127.0.0.1,51342,127.0.0.1,8080,0,benign
79.94872403144836,127.0.0.1,47550,127.0.0.1,8080,167,benign
79.95598840713501,127.0.0.1,8080,127.0.0.1,47550,0,benign
79.96048831939697,127.0.0.1,8080,127.0.0.1,51324,0,benign
79.9632773399353,127.0.0.1,8082,127.0.0.1,42700,138,benign
79.9659776687622,127.0.0.1,42700,127.0.0.1,8082,0,benign
79.96960830688477,127.0.0.1,8082,127.0.0.1,42700,60,benign
79.97320342063904,127.0.0.1,42700,127.0.0.1,8082,0,benign
79.9758551120758,127.0.0.1,47554,127.0.0.1,8080,0,benign
79.97864651679993,127.0.0.1,8080,127.0.0.1,47554,0,benign
79.98422574996948,127.0.0.1,47554,127.0.0.1,8080,0,benign
79.99937081336975,127.0.0.1,47554,127.0.0.1,8080,167,benign
80.01492595672607,127.0.0.1,8080,127.0.0.1,47554,0,benign
80.01968550682068,127.0.0.1,8081,127.0.0.1,37608,198,benign
80.02540707588196,127.0.0.1,37608,127.0.0.1,8081,0,benign
80.03039169311523,127.0.0.1,8080,127.0.0.1,36770,0,benign
80.0368721485138,127.0.0.1,8080,127.0.0.1,51332,0,benign
80.04208374023438,127.0.0.1,8083,127.0.0.1,60190,60,benign
80.04610180854797,127.0.0.1,60190,127.0.0.1,8083,0,benign
80.04845452308655,127.0.0.1,36858,127.0.0.1,8080,0,benign
80.05091428756714,127.0.0.1,8080,127.0.0.1,36858,56,benign
80.05939316749573,127.0.0.1,36858,127.0.0.1,8080,0,benign
80.06362962722778,127.0.0.1,36858,127.0.0.1,8080,163,benign
80.06847715377808,127.0.0.1,8080,127.0.0.1,36858,0,benign
80.07080340385437,127.0.0.1,37608,127.0.0.1,8081,167,benign
80.07815313339233,127.0.0.1,8081,127.0.0.1,37608,0,benign
80.08496141433716,127.0.0.1,8080,127.0.0.1,36692,56,benign
80.09585332870483,127.0.0.1,36692,127.0.0.1,8080,0,benign
80.0986099243164,127.0.0.1,8080,127.0.0.1,36716,0,benign
80.10204434394836,127.0.0.1,36666,127.0.0.1,8080,163,benign
80.10712766647339,127.0.0.1,48700,127.0.0.1,8080,0,benign
80.11250472068787,127.0.0.1,8080,127.0.0.1,48700,0,benign
80.11479353904724,127.0.0.1,48700,127.0.0.1,8080,0,benign
80.11676454544067,127.0.0.1,36858,127.0.0.1,8080,163,benign
80.12039470672607,127.0.0.1,48716,127.0.0.1,8080,0,benign
80.12267994880676,127.0.0.1,8080,127.0.0.1,48716,0,benign
80.1248881816864,127.0.0.1,48716,127.0.0.1,8080,0,benign
80.12863731384277,127.0.0.1,48700,127.0.0.1,8080,163,benign
80.13143014907837,127.0.0.1,8080,127.0.0.1,48700,0,benign
80.13485145568848,127.0.0.1,37600,127.0.0.1,8081,167,benign
80.13898301124573,127.0.0.1,8081,127.0.0.1,37600,0,benign
80.14244866371155,127.0.0.1,48690,127.0.0.1,8080,163,benign
80.14601945877075,127.0.0.1,8080,127.0.0.1,48690,0,benign
80.15832161903381,127.0.0.1,48716,127.0.0.1,8080,163,benign
80.16650390625,127.0.0.1,8080,127.0.0.1,48716,0,benign
80.16961240768433,127.0.0.1,8080,127.0.0.1,36746,0,benign
80.17348885536194,127.0.0.1,8080,127.0.0.1,48132,0,benign
80.17665839195251,127.0.0.1,60220,127.0.0.1,8083,167,benign
80.18020153045654,127.0.0.1,8083,127.0.0.1,60220,0,benign
80.18358159065247,127.0.0.1,8080,127.0.0.1,48136,0,benign
80.18651819229126,127.0.0.1,8080,127.0.0.1,36698,0,benign
80.19082856178284,127.0.0.1,8080,127.0.0.1,36790,0,benign
80.19516253471375,127.0.0.1,48170,127.0.0.1,8080,0,benign
80.19991731643677,127.0.0.1,8080,127.0.0.1,36644,0,benign
80.21022391319275,127.0.0.1,8080,127.0.0.1,36800,0,benign
80.21956062316895,127.0.0.1,8080,127.0.0.1,36554,0,benign
80.22168111801147,127.0.0.1,8080,127.0.0.1,48150,0,benign
80.22691226005554,127.0.0.1,8080,127.0.0.1,36854,0,benign
80.23232436180115,127.0.0.1,8080,127.0.0.1,36586,0,benign
80.23591184616089,127.0.0.1,8080,127.0.0.1,48152,0,benign
80.24141836166382,127.0.0.1,8080,127.0.0.1,48168,0,benign
80.24534463882446,127.0.0.1,8080,127.0.0.1,54816,138,benign
80.251145362854,127.0.0.1,54816,127.0.0.1,8080,0,benign
80.25552797317505,127.0.0.1,8080,127.0.0.1,54832,194,benign
80.25999975204468,127.0.0.1,54832,127.0.0.1,8080,0,benign
80.26834416389465,127.0.0.1,8080,127.0.0.1,54800,138,benign
80.27984476089478,127.0.0.1,54800,127.0.0.1,8080,0,benign
80.28317284584045,127.0.0.1,8080,127.0.0.1,54840,138,benign
80.29248118400574,127.0.0.1,54840,127.0.0.1,8080,0,benign
80.29841208457947,127.0.0.1,8080,127.0.0.1,36716,138,benign
80.30612921714783,127.0.0.1,42700,127.0.0.1,8082,167,benign
80.32461357116699,127.0.0.1,8082,127.0.0.1,42700,0,benign
80.33975982666016,127.0.0.1,48724,127.0.0.1,8080,0,benign
80.3440613746643,127.0.0.1,8080,127.0.0.1,48724,0,benign
80.35020422935486,127.0.0.1,48724,127.0.0.1,8080,0,benign
80.35480833053589,127.0.0.1,8080,127.0.0.1,36858,0,benign
80.36416625976562,127.0.0.1,8080,127.0.0.1,36666,0,benign
80.3839328289032,127.0.0.1,48724,127.0.0.1,8080,167,benign
80.39954090118408,127.0.0.1,8080,127.0.0.1,48724,0,benign
80.40745091438293,127.0.0.1,8081,127.0.0.1,40086,138,benign
80.41362953186035,127.0.0.1,40086,127.0.0.1,8081,0,benign
80.41817307472229,127.0.0.1,8081,127.0.0.1,40086,60,benign
80.43211388587952,127.0.0.1,40086,127.0.0.1,8081,0,benign
80.43996357917786,127.0.0.1,8080,127.0.0.1,48170,0,benign
80.44362306594849,127.0.0.1,8080,127.0.0.1,36716,56,benign
80.4516372680664,127.0.0.1,36716,127.0.0.1,8080,0,benign
80.45569038391113,127.0.0.1,36692,127.0.0.1,8080,163,benign
80.45871186256409,127.0.0.1,40086,127.0.0.1,8081,167,benign
80.4612672328949,127.0.0.1,8081,127.0.0.1,40086,0,benign
80.46386957168579,127.0.0.1,55646,127.0.0.1,8082,167,benign
80.47669839859009,127.0.0.1,8082,127.0.0.1,55646,0,benign
80.48472142219543,127.0.0.1,48490,127.0.0.1,8080,0,benign
80.48951768875122,127.0.0.1,8080,127.0.0.1,36746,0,benign
80.49264216423035,127.0.0.1,8080,127.0.0.1,48480,0,benign
80.49591159820557,127.0.0.1,49128,127.0.0.1,8080,0,benign
80.49839925765991,127.0.0.1,8080,127.0.0.1,49128,0,benign
80.50131392478943,127.0.0.1,49128,127.0.0.1,8080,0,benign
80.50485372543335,127.0.0.1,49128,127.0.0.1,8080,167,benign
80.51046752929688,127.0.0.1,8080,127.0.0.1,49128,0,benign
80.52081894874573,127.0.0.1,48504,127.0.0.1,8080,0,benign
80.54516220092773,127.0.0.1,8080,127.0.0.1,54898,198,benign
80.55267190933228,127.0.0.1,54898,127.0.0.1,8080,0,benign
80.55573177337646,127.0.0.1,49132,127.0.0.1,8080,0,benign
80.57453751564026,127.0.0.1,8080,127.0.0.1,49132,0,benign
80.58261632919312,127.0.0.1,49132,127.0.0.1,8080,0,benign
80.59638047218323,127.0.0.1,48510,127.0.0.1,8080,0,benign
80.60162425041199,127.0.0.1,8082,127.0.0.1,42726,138,benign
80.60415720939636,127.0.0.1,49132,127.0.0.1,8080,163,benign
80.60804080963135,127.0.0.1,8080,127.0.0.1,49132,0,benign
80.6137433052063,127.0.0.1,8080,127.0.0.1,54920,138,benign
80.62374424934387,127.0.0.1,54920,127.0.0.1,8080,0,benign
80.62906312942505,127.0.0.1,8080,127.0.0.1,54908,198,benign
80.63790845870972,127.0.0.1,54908,127.0.0.1,8080,0,benign
80.65367078781128,127.0.0.1,60200,127.0.0.1,8083,167,benign
80.66261696815491,127.0.0.1,8083,127.0.0.1,60200,0,benign
80.67154097557068,127.0.0.1,49136,127.0.0.1,8080,0,benign
80.68727421760559,127.0.0.1,8080,127.0.0.1,49136,0,benign
80.69262027740479,127.0.0.1,49136,127.0.0.1,8080,0,benign
80.71048212051392,127.0.0.1,8080,127.0.0.1,48490,0,benign
80.72302150726318,127.0.0.1,40096,127.0.0.1,8081,167,benign
80.72683787345886,127.0.0.1,8081,127.0.0.1,40096,0,benign
80.73383569717407,127.0.0.1,49136,127.0.0.1,8080,163,benign
80.73653960227966,127.0.0.1,8080,127.0.0.1,49136,0,benign
80.73961091041565,127.0.0.1,37600,127.0.0.1,8081,167,benign
80.7443618774414,127.0.0.1,8081,127.0.0.1,37600,0,benign
80.7488694190979,127.0.0.1,49142,127.0.0.1,8080,0,benign
80.75521111488342,127.0.0.1,8080,127.0.0.1,49142,0,benign
80.76036810874939,127.0.0.1,49142,127.0.0.1,8080,0,benign
80.76397562026978,127.0.0.1,49142,127.0.0.1,8080,167,benign
80.7682249546051,127.0.0.1,8080,127.0.0.1,49142,0,benign
80.79026627540588,127.0.0.1,48526,127.0.0.1,8080,0,benign
80.7957923412323,127.0.0.1,49156,127.0.0.1,8080,0,benign
80.80314111709595,127.0.0.1,8080,127.0.0.1,49156,0,benign
80.80664539337158,127.0.0.1,49156,127.0.0.1,8080,0,benign
80.8094711303711,127.0.0.1,49156,127.0.0.1,8080,163,benign
80.81598806381226,127.0.0.1,8080,127.0.0.1,49156,0,benign
80.81919860839844,127.0.0.1,8082,127.0.0.1,42700,198,benign
80.82165765762329,127.0.0.1,42700,127.0.0.1,8082,0,benign
80.82430791854858,127.0.0.1,8080,127.0.0.1,48504,0,benign
80.83659505844116,127.0.0.1,8081,127.0.0.1,40056,138,benign
80.84044528007507,127.0.0.1,40056,127.0.0.1,8081,0,benign
80.84464693069458,127.0.0.1,8081,127.0.0.1,40056,60,benign
80.8540563583374,127.0.0.1,40056,127.0.0.1,8081,0,benign
80.87133121490479,127.0.0.1,48536,127.0.0.1,8080,0,benign
80.87530755996704,127.0.0.1,49160,127.0.0.1,8080,0,benign
80.88438248634338,127.0.0.1,8080,127.0.0.1,49160,0,benign
80.89260220527649,127.0.0.1,49160,127.0.0.1,8080,0,benign
80.8965539932251,127.0.0.1,49160,127.0.0.1,8080,163,benign
80.92396020889282,127.0.0.1,8080,127.0.0.1,49160,0,benign
80.94057512283325,127.0.0.1,42726,127.0.0.1,8082,0,benign
80.95129227638245,127.0.0.1,8080,127.0.0.1,48510,0,benign
80.96639442443848,127.0.0.1,8082,127.0.0.1,42726,60,benign
80.98105239868164,127.0.0.1,42726,127.0.0.1,8082,0,benign
80.98431897163391,127.0.0.1,48540,127.0.0.1,8080,0,benign
80.98700547218323,127.0.0.1,49176,127.0.0.1,8080,0,benign
80.98934006690979,127.0.0.1,8080,127.0.0.1,49176,0,benign
80.99478650093079,127.0.0.1,49176,127.0.0.1,8080,0,benign
80.99723601341248,127.0.0.1,49176,127.0.0.1,8080,163,benign
81.00155186653137,127.0.0.1,8080,127.0.0.1,49176,0,benign
81.00788426399231,127.0.0.1,48556,127.0.0.1,8080,0,benign
81.01599502563477,127.0.0.1,36858,127.0.0.1,8080,163,benign
81.03066968917847,127.0.0.1,8080,127.0.0.1,36858,0,benign
81.05019664764404,127.0.0.1,8080,127.0.0.1,48526,0,benign
81.07134437561035,127.0.0.1,60204,127.0.0.1,8083,167,benign
81.07422661781311,127.0.0.1,8083,127.0.0.1,60204,0,benign
81.07727241516113,127.0.0.1,8083,127.0.0.1,60220,138,benign
81.09133863449097,127.0.0.1,8080,127.0.0.1,49098,0,benign
81.10090827941895,127.0.0.1,8080,127.0.0.1,36790,0,benign
81.10816240310669,127.0.0.1,8080,127.0.0.1,49086,0,benign
81.11937713623047,127.0.0.1,49818,127.0.0.1,8080,0,benign
81.13386940956116,127.0.0.1,8080,127.0.0.1,49818,0,benign
81.14425277709961,127.0.0.1,49818,127.0.0.1,8080,0,benign
81.14891719818115,127.0.0.1,49818,127.0.0.1,8080,167,benign
81.1520688533783,127.0.0.1,8080,127.0.0.1,49818,0,benign
81.16067123413086,127.0.0.1,8080,127.0.0.1,49112,0,benign
81.16519904136658,127.0.0.1,8082,127.0.0.1,42714,138,benign
81.17493653297424,127.0.0.1,8082,127.0.0.1,42714,60,benign
81.18413496017456,127.0.0.1,42714,127.0.0.1,8082,0,benign
81.18926119804382,127.0.0.1,8080,127.0.0.1,36746,0,benign
81.19396996498108,127.0.0.1,8080,127.0.0.1,49120,0,benign
81.1980996131897,127.0.0.1,40048,127.0.0.1,8081,167,benign
81.20489764213562,127.0.0.1,8081,127.0.0.1,40048,0,benign
81.20932388305664,127.0.0.1,8081,127.0.0.1,37600,138,benign
81.22268533706665,127.0.0.1,37600,127.0.0.1,8081,0,benign
81.24456262588501,127.0.0.1,8081,127.0.0.1,37600,60,benign
81.29581212997437,127.0.0.1,37600,127.0.0.1,8081,0,benign
81.3158757686615,127.0.0.1,8083,127.0.0.1,47324,138,benign
81.33054208755493,127.0.0.1,60220,127.0.0.1,8083,0,benign
81.35034036636353,127.0.0.1,8083,127.0.0.1,60220,60,benign
81.37535452842712,127.0.0.1,60220,127.0.0.1,8083,0,benign
81.39550137519836,127.0.0.1,8080,127.0.0.1,55032,138,benign
81.42840933799744,127.0.0.1,55032,127.0.0.1,8080,0,benign
81.45189261436462,127.0.0.1,60220,127.0.0.1,8083,167,benign
81.46608710289001,127.0.0.1,8083,127.0.0.1,60220,0,benign
81.50065541267395,127.0.0.1,37600,127.0.0.1,8081,167,benign
81.51489305496216,127.0.0.1,8081,127.0.0.1,37600,0,benign
81.53146362304688,127.0.0.1,8080,127.0.0.1,55054,138,benign
81.55019450187683,127.0.0.1,55054,127.0.0.1,8080,0,benign
81.58847999572754,127.0.0.1,49122,127.0.0.1,8080,0,benign
81.62041068077087,127.0.0.1,8081,127.0.0.1,40096,138,benign
81.65053701400757,127.0.0.1,40096,127.0.0.1,8081,0,benign
81.6686224937439,127.0.0.1,8081,127.0.0.1,40096,60,benign
81.80436038970947,127.0.0.1,40096,127.0.0.1,8081,0,benign
82.11972212791443,127.0.0.1,8083,127.0.0.1,47324,60,benign
82.17559576034546,127.0.0.1,47324,127.0.0.1,8083,0,benign
82.21191930770874,127.0.0.1,49128,127.0.0.1,8080,0,benign
82.25820016860962,127.0.0.1,50038,127.0.0.1,8080,0,benign
82.28039908409119,127.0.0.1,36716,127.0.0.1,8080,163,benign
82.31207633018494,127.0.0.1,8080,127.0.0.1,49970,0,benign
82.36799573898315,127.0.0.1,36790,127.0.0.1,8080,0,benign
82.40372323989868,127.0.0.1,8080,127.0.0.1,36634,138,benign
82.4499523639679,127.0.0.1,8080,127.0.0.1,36790,56,benign
82.47914838790894,127.0.0.1,8080,127.0.0.1,36716,138,benign
82.5253427028656,127.0.0.1,8080,127.0.0.1,36716,56,benign
82.55383777618408,127.0.0.1,36790,127.0.0.1,8080,0,benign
82.58511018753052,127.0.0.1,50000,127.0.0.1,8080,0,benign
82.59531593322754,127.0.0.1,36716,127.0.0.1,8080,0,benign
82.59977436065674,127.0.0.1,57442,127.0.0.1,8080,0,benign
82.60589408874512,127.0.0.1,8080,127.0.0.1,57442,0,benign
82.60918521881104,127.0.0.1,57442,127.0.0.1,8080,0,benign
82.6156268119812,127.0.0.1,36778,127.0.0.1,8080,163,benign
82.62127208709717,127.0.0.1,36570,127.0.0.1,8080,163,benign
82.62471842765808,127.0.0.1,36658,127.0.0.1,8080,163,benign
82.63660597801208,127.0.0.1,36790,127.0.0.1,8080,163,benign
82.65038633346558,127.0.0.1,50054,127.0.0.1,8080,0,benign
82.66945886611938,127.0.0.1,36716,127.0.0.1,8080,163,benign
82.67988395690918,127.0.0.1,8080,127.0.0.1,36570,138,benign
82.710684299469,127.0.0.1,8080,127.0.0.1,36778,138,benign
82.73166060447693,127.0.0.1,36746,127.0.0.1,8080,0,benign
82.74097633361816,127.0.0.1,8080,127.0.0.1,36746,56,benign
82.76724195480347,127.0.0.1,55646,127.0.0.1,8082,167,benign
82.78911709785461,127.0.0.1,8082,127.0.0.1,55646,0,benign
82.80598950386047,127.0.0.1,60204,127.0.0.1,8083,167,benign
82.82461309432983,127.0.0.1,8083,127.0.0.1,60204,0,benign
82.83682131767273,127.0.0.1,8080,127.0.0.1,36658,138,benign
82.85445094108582,127.0.0.1,8083,127.0.0.1,47334,198,benign
82.87006378173828,127.0.0.1,47334,127.0.0.1,8083,0,benign
82.88338351249695,127.0.0.1,8080,127.0.0.1,36790,138,benign
82.89077305793762,127.0.0.1,36644,127.0.0.1,8080,0,benign
82.89757299423218,127.0.0.1,36708,127.0.0.1,8080,163,benign
82.90211248397827,127.0.0.1,8080,127.0.0.1,36644,56,benign
82.91618490219116,127.0.0.1,8080,127.0.0.1,36716,138,benign
82.9469563961029,127.0.0.1,8080,127.0.0.1,36708,194,benign
82.96362781524658,127.0.0.1,36708,127.0.0.1,8080,0,benign
82.98169541358948,127.0.0.1,36858,127.0.0.1,8080,0,benign
83.00300693511963,127.0.0.1,8080,127.0.0.1,36858,56,benign
83.01142239570618,127.0.0.1,57442,127.0.0.1,8080,163,benign
83.01422262191772,127.0.0.1,8080,127.0.0.1,57442,0,benign
83.01792669296265,127.0.0.1,36746,127.0.0.1,8080,0,benign
83.02054476737976,127.0.0.1,57450,127.0.0.1,8080,0,benign
83.02384376525879,127.0.0.1,8080,127.0.0.1,57450,0,benign
83.02826523780823,127.0.0.1,57450,127.0.0.1,8080,0,benign
83.03528547286987,127.0.0.1,36644,127.0.0.1,8080,0,benign
83.0413088798523,127.0.0.1,36858,127.0.0.1,8080,0,benign
83.05800867080688,127.0.0.1,8082,127.0.0.1,42730,138,benign
83.07471251487732,127.0.0.1,42730,127.0.0.1,8082,0,benign
83.08205604553223,127.0.0.1,8082,127.0.0.1,42730,60,benign
83.09895157814026,127.0.0.1,42730,127.0.0.1,8082,0,benign
83.104243516922,127.0.0.1,36644,127.0.0.1,8080,163,benign
83.10827660560608,127.0.0.1,50068,127.0.0.1,8080,0,benign
83.11232709884644,127.0.0.1,57452,127.0.0.1,8080,0,benign
83.11965775489807,127.0.0.1,8080,127.0.0.1,57452,0,benign
83.12770652770996,127.0.0.1,57452,127.0.0.1,8080,0,benign
83.14600086212158,127.0.0.1,57460,127.0.0.1,8080,0,benign
83.17083191871643,127.0.0.1,8080,127.0.0.1,57460,0,benign
83.19790887832642,127.0.0.1,57460,127.0.0.1,8080,0,benign
83.205495595932,127.0.0.1,36706,127.0.0.1,8080,0,benign
83.21411681175232,127.0.0.1,8080,127.0.0.1,50008,0,benign
83.22446060180664,127.0.0.1,8080,127.0.0.1,36706,56,benign
83.22932362556458,127.0.0.1,8080,127.0.0.1,36644,138,benign
83.23401498794556,127.0.0.1,36746,127.0.0.1,8080,163,benign
83.23897647857666,127.0.0.1,57452,127.0.0.1,8080,163,benign
83.24395418167114,127.0.0.1,8080,127.0.0.1,57452,0,benign
83.24795794487,127.0.0.1,57460,127.0.0.1,8080,163,benign
83.25115036964417,127.0.0.1,8080,127.0.0.1,57460,0,benign
83.25738668441772,127.0.0.1,36706,127.0.0.1,8080,0,benign
83.26561284065247,127.0.0.1,8082,127.0.0.1,42720,198,benign
83.27297711372375,127.0.0.1,42720,127.0.0.1,8082,0,benign
83.2828917503357,127.0.0.1,57450,127.0.0.1,8080,163,benign
83.28844881057739,127.0.0.1,8080,127.0.0.1,57450,0,benign
83.29550790786743,127.0.0.1,8080,127.0.0.1,50024,0,benign
83.30924868583679,127.0.0.1,8080,127.0.0.1,36770,56,benign
83.32252645492554,127.0.0.1,36770,127.0.0.1,8080,0,benign
83.33160829544067,127.0.0.1,8080,127.0.0.1,36746,138,benign
83.36746382713318,127.0.0.1,8080,127.0.0.1,50038,0,benign
83.42582082748413,127.0.0.1,36666,127.0.0.1,8080,0,benign
83.44770216941833,127.0.0.1,8080,127.0.0.1,36666,56,benign
83.45619416236877,127.0.0.1,36666,127.0.0.1,8080,0,benign
83.4594178199768,127.0.0.1,8080,127.0.0.1,36634,56,benign
83.46420311927795,127.0.0.1,36634,127.0.0.1,8080,0,benign
83.47878313064575,127.0.0.1,36732,127.0.0.1,8080,163,benign
83.50436162948608,127.0.0.1,57462,127.0.0.1,8080,0,benign
83.51249980926514,127.0.0.1,8080,127.0.0.1,57462,0,benign
83.51749539375305,127.0.0.1,57462,127.0.0.1,8080,0,benign
83.52121829986572,127.0.0.1,8080,127.0.0.1,36732,194,benign
83.53281044960022,127.0.0.1,36732,127.0.0.1,8080,0,benign
83.54529643058777,127.0.0.1,8080,127.0.0.1,50000,0,benign
83.5593945980072,127.0.0.1,57462,127.0.0.1,8080,163,benign
83.56673741340637,127.0.0.1,8080,127.0.0.1,57462,0,benign
83.58075618743896,127.0.0.1,36706,127.0.0.1,8080,163,benign
83.58727669715881,127.0.0.1,36554,127.0.0.1,8080,163,benign
83.59230136871338,127.0.0.1,8080,127.0.0.1,36706,138,benign
83.5961594581604,127.0.0.1,36570,127.0.0.1,8080,0,benign
83.60066771507263,127.0.0.1,8080,127.0.0.1,36570,56,benign
83.61719870567322,127.0.0.1,36570,127.0.0.1,8080,0,benign
83.62142992019653,127.0.0.1,8080,127.0.0.1,36554,194,benign
83.62961292266846,127.0.0.1,36666,127.0.0.1,8080,163,benign
83.63902282714844,127.0.0.1,36778,127.0.0.1,8080,0,benign
83.64797377586365,127.0.0.1,8080,127.0.0.1,50054,0,benign
83.65187573432922,127.0.0.1,57470,127.0.0.1,8080,0,benign
83.65696334838867,127.0.0.1,8080,127.0.0.1,57470,0,benign
83.66537356376648,127.0.0.1,57470,127.0.0.1,8080,0,benign
83.66965436935425,127.0.0.1,36770,127.0.0.1,8080,163,benign
83.67877650260925,127.0.0.1,8080,127.0.0.1,36778,56,benign
83.68321084976196,127.0.0.1,8080,127.0.0.1,36658,56,benign
83.6894760131836,127.0.0.1,36778,127.0.0.1,8080,0,benign
83.69320440292358,127.0.0.1,36658,127.0.0.1,8080,0,benign
83.72740006446838,127.0.0.1,57470,127.0.0.1,8080,163,benign
83.96857500076294,127.0.0.1,8080,127.0.0.1,57470,0,benign
84.06815552711487,127.0.0.1,8080,127.0.0.1,36666,138,benign
84.1268219947815,127.0.0.1,8080,127.0.0.1,36770,138,benign
84.17655277252197,127.0.0.1,36790,127.0.0.1,8080,0,benign
84.2825095653534,127.0.0.1,36716,127.0.0.1,8080,0,benign
84.43594980239868,127.0.0.1,8080,127.0.0.1,36790,56,benign
84.48484516143799,127.0.0.1,36554,127.0.0.1,8080,163,benign
84.55897665023804,127.0.0.1,36924,127.0.0.1,8080,163,benign
84.67395615577698,127.0.0.1,36790,127.0.0.1,8080,0,benign
84.81273603439331,127.0.0.1,36658,127.0.0.1,8080,163,benign
84.88203120231628,127.0.0.1,8080,127.0.0.1,36554,138,benign
84.92697834968567,127.0.0.1,50080,127.0.0.1,8080,0,benign
84.97515273094177,127.0.0.1,8080,127.0.0.1,36716,56,benign
84.9918794631958,127.0.0.1,8080,127.0.0.1,36924,194,benign
85.04672455787659,127.0.0.1,36924,127.0.0.1,8080,0,benign
85.07300591468811,127.0.0.1,36716,127.0.0.1,8080,0,benign
85.10184383392334,127.0.0.1,8080,127.0.0.1,36658,138,benign
85.14395546913147,127.0.0.1,40066,127.0.0.1,8081,167,benign
85.14874696731567,127.0.0.1,8081,127.0.0.1,40066,0,benign
85.15563917160034,127.0.0.1,36570,127.0.0.1,8080,163,benign
85.1588842868805,127.0.0.1,8080,127.0.0.1,50068,0,benign
85.16352415084839,127.0.0.1,8080,127.0.0.1,36570,138,benign
85.17785811424255,127.0.0.1,50090,127.0.0.1,8080,0,benign
85.18647050857544,127.0.0.1,36924,127.0.0.1,8080,163,benign
85.19054102897644,127.0.0.1,36790,127.0.0.1,8080,163,benign
85.19789505004883,127.0.0.1,36708,127.0.0.1,8080,163,benign
85.20600128173828,127.0.0.1,36644,127.0.0.1,8080,0,benign
85.22424936294556,127.0.0.1,8080,127.0.0.1,36644,56,benign
85.2383542060852,127.0.0.1,8080,127.0.0.1,36924,138,benign
85.2988953590393,127.0.0.1,36644,127.0.0.1,8080,0,benign
85.32658815383911,127.0.0.1,8080,127.0.0.1,36790,138,benign
85.47237253189087,127.0.0.1,8080,127.0.0.1,36708,194,benign
85.5581328868866,127.0.0.1,36708,127.0.0.1,8080,0,benign
85.61058688163757,127.0.0.1,36746,127.0.0.1,8080,0,benign
85.65711307525635,127.0.0.1,8080,127.0.0.1,36746,56,benign
85.703608751297,127.0.0.1,36746,127.0.0.1,8080,0,benign
85.76627969741821,127.0.0.1,36644,127.0.0.1,8080,163,benign
85.80698561668396,127.0.0.1,8080,127.0.0.1,36644,138,benign
85.83138799667358,127.0.0.1,36746,127.0.0.1,8080,163,benign
85.84950613975525,127.0.0.1,57472,127.0.0.1,8080,0,benign
85.85551714897156,127.0.0.1,8080,127.0.0.1,57472,0,benign
85.8617959022522,127.0.0.1,57472,127.0.0.1,8080,0,benign
85.86669325828552,127.0.0.1,57472,127.0.0.1,8080,163,benign
85.87503361701965,127.0.0.1,8080,127.0.0.1,57472,0,benign
85.89425349235535,127.0.0.1,47334,127.0.0.1,8083,167,benign
85.90859460830688,127.0.0.1,8083,127.0.0.1,47334,0,benign
85.95594358444214,127.0.0.1,50110,127.0.0.1,8080,0,benign
85.99508118629456,127.0.0.1,8080,127.0.0.1,36746,138,benign
86.06292700767517,127.0.0.1,36706,127.0.0.1,8080,0,benign
86.17195177078247,127.0.0.1,8080,127.0.0.1,36706,56,benign
86.19540500640869,127.0.0.1,60190,127.0.0.1,8083,167,benign
86.2158932685852,127.0.0.1,8083,127.0.0.1,60190,0,benign
86.22835755348206,127.0.0.1,36706,127.0.0.1,8080,0,benign
86.27512073516846,127.0.0.1,36706,127.0.0.1,8080,163,benign
86.32082796096802,127.0.0.1,8080,127.0.0.1,36706,138,benign
86.37420511245728,127.0.0.1,60220,127.0.0.1,8083,167,benign
86.38990616798401,127.0.0.1,8083,127.0.0.1,60220,0,benign
86.41950917243958,127.0.0.1,8080,127.0.0.1,36612,0,benign
86.45767641067505,127.0.0.1,8080,127.0.0.1,57286,0,benign
86.47516250610352,127.0.0.1,57312,127.0.0.1,8080,0,benign
86.54656982421875,127.0.0.1,60200,127.0.0.1,8083,167,benign
86.57920932769775,127.0.0.1,8083,127.0.0.1,60200,0,benign
86.60037088394165,127.0.0.1,57322,127.0.0.1,8080,0,benign
86.70042085647583,127.0.0.1,36790,127.0.0.1,8080,163,benign
86.76181268692017,127.0.0.1,57888,127.0.0.1,8080,0,benign
86.78761291503906,127.0.0.1,8080,127.0.0.1,57888,0,benign
86.82521057128906,127.0.0.1,57888,127.0.0.1,8080,0,benign
86.8984546661377,127.0.0.1,8080,127.0.0.1,57304,0,benign
86.94796633720398,127.0.0.1,8080,127.0.0.1,57290,0,benign
86.99828147888184,127.0.0.1,57888,127.0.0.1,8080,163,benign
87.02740502357483,127.0.0.1,8080,127.0.0.1,57888,0,benign
87.05384397506714,127.0.0.1,8081,127.0.0.1,40048,198,benign
87.09017372131348,127.0.0.1,40048,127.0.0.1,8081,0,benign
87.12997555732727,127.0.0.1,8081,127.0.0.1,40090,198,benign
87.1491539478302,127.0.0.1,40090,127.0.0.1,8081,0,benign
87.16385817527771,127.0.0.1,8080,127.0.0.1,55298,198,benign
87.18068623542786,127.0.0.1,55298,127.0.0.1,8080,0,benign
87.20732259750366,127.0.0.1,8080,127.0.0.1,55282,138,benign
87.22331953048706,127.0.0.1,55282,127.0.0.1,8080,0,benign
87.23854422569275,127.0.0.1,8082,127.0.0.1,55646,138,benign
87.26073408126831,127.0.0.1,55646,127.0.0.1,8082,0,benign
87.29225468635559,127.0.0.1,8082,127.0.0.1,55646,60,benign
87.32396459579468,127.0.0.1,55646,127.0.0.1,8082,0,benign
87.33046650886536,127.0.0.1,8080,127.0.0.1,57312,0,benign
87.3556444644928,127.0.0.1,8080,127.0.0.1,36790,0,benign
87.41139459609985,127.0.0.1,8080,127.0.0.1,57322,0,benign
87.4307324886322,127.0.0.1,55646,127.0.0.1,8082,167,benign
87.43936228752136,127.0.0.1,8082,127.0.0.1,55646,0,benign
87.468181848526,127.0.0.1,8083,127.0.0.1,60204,138,benign
87.49387216567993,127.0.0.1,60204,127.0.0.1,8083,0,benign
87.52156138420105,127.0.0.1,8083,127.0.0.1,60204,60,benign
87.5518102645874,127.0.0.1,60204,127.0.0.1,8083,0,benign
87.57080578804016,127.0.0.1,36854,127.0.0.1,8080,163,benign
87.63734078407288,127.0.0.1,8080,127.0.0.1,36666,138,benign
87.69120669364929,127.0.0.1,8080,127.0.0.1,36666,56,benign
87.72473001480103,127.0.0.1,8080,127.0.0.1,36854,138,benign
87.75697922706604,127.0.0.1,58376,127.0.0.1,8080,0,benign
87.80500483512878,127.0.0.1,8080,127.0.0.1,58376,0,benign
87.87237167358398,127.0.0.1,58376,127.0.0.1,8080,0,benign
87.93654537200928,127.0.0.1,58384,127.0.0.1,8080,0,benign
87.95470142364502,127.0.0.1,8080,127.0.0.1,58384,0,benign
87.96481275558472,127.0.0.1,58384,127.0.0.1,8080,0,benign
87.96791219711304,127.0.0.1,36800,127.0.0.1,8080,0,benign
87.97604012489319,127.0.0.1,57708,127.0.0.1,8080,0,benign
87.98228216171265,127.0.0.1,58376,127.0.0.1,8080,167,benign
87.99380278587341,127.0.0.1,8080,127.0.0.1,58376,0,benign
88.01081562042236,127.0.0.1,58384,127.0.0.1,8080,167,benign
88.01855182647705,127.0.0.1,8080,127.0.0.1,58384,0,benign
88.02397584915161,127.0.0.1,8082,127.0.0.1,42730,198,benign
88.02806568145752,127.0.0.1,36666,127.0.0.1,8080,0,benign
88.03975343704224,127.0.0.1,36570,127.0.0.1,8080,163,benign
88.04718470573425,127.0.0.1,36770,127.0.0.1,8080,0,benign
88.06486654281616,127.0.0.1,36778,127.0.0.1,8080,0,benign
88.08298969268799,127.0.0.1,40096,127.0.0.1,8081,0,benign
88.10016012191772,127.0.0.1,58400,127.0.0.1,8080,0,benign
88.1131854057312,127.0.0.1,8080,127.0.0.1,58400,0,benign
88.12822580337524,127.0.0.1,58400,127.0.0.1,8080,0,benign
88.13339686393738,127.0.0.1,58400,127.0.0.1,8080,163,benign
88.14307904243469,127.0.0.1,8080,127.0.0.1,58400,0,benign
88.16554403305054,127.0.0.1,8080,127.0.0.1,36778,56,benign
88.18295335769653,127.0.0.1,8080,127.0.0.1,36570,194,benign
88.21135067939758,127.0.0.1,8080,127.0.0.1,36770,56,benign
88.23527979850769,127.0.0.1,36778,127.0.0.1,8080,0,benign
88.23791694641113,127.0.0.1,36770,127.0.0.1,8080,0,benign
88.25056838989258,127.0.0.1,36570,127.0.0.1,8080,0,benign
88.27693724632263,127.0.0.1,8080,127.0.0.1,57700,0,benign
88.29052829742432,127.0.0.1,8081,127.0.0.1,40096,60,benign
88.30008006095886,127.0.0.1,40096,127.0.0.1,8081,0,benign
88.30426979064941,127.0.0.1,36778,127.0.0.1,8080,163,benign
88.33612966537476,127.0.0.1,8080,127.0.0.1,36778,138,benign
88.34141850471497,127.0.0.1,36570,127.0.0.1,8080,163,benign
88.34428215026855,127.0.0.1,36666,127.0.0.1,8080,163,benign
88.3535144329071,127.0.0.1,8080,127.0.0.1,36570,138,benign
88.3654727935791,127.0.0.1,8080,127.0.0.1,36666,138,benign
88.37106537818909,127.0.0.1,36698,127.0.0.1,8080,0,benign
88.38097596168518,127.0.0.1,8080,127.0.0.1,36698,56,benign
88.39164662361145,127.0.0.1,36698,127.0.0.1,8080,0,benign
88.39549589157104,127.0.0.1,42730,127.0.0.1,8082,167,benign
88.39971113204956,127.0.0.1,8082,127.0.0.1,42730,0,benign
88.40443801879883,127.0.0.1,36698,127.0.0.1,8080,163,benign
88.42011761665344,127.0.0.1,8080,127.0.0.1,36698,138,benign
88.43736004829407,127.0.0.1,36554,127.0.0.1,8080,0,benign
88.46466279029846,127.0.0.1,36924,127.0.0.1,8080,0,benign
88.47460675239563,127.0.0.1,8080,127.0.0.1,36924,56,benign
88.48011636734009,127.0.0.1,8080,127.0.0.1,36554,56,benign
88.49109125137329,127.0.0.1,36554,127.0.0.1,8080,0,benign
88.49985909461975,127.0.0.1,36924,127.0.0.1,8080,0,benign
88.50459551811218,127.0.0.1,40096,127.0.0.1,8081,167,benign
88.5075364112854,127.0.0.1,8081,127.0.0.1,40096,0,benign
88.514413356781,127.0.0.1,8082,127.0.0.1,55654,198,benign
88.51742744445801,127.0.0.1,55654,127.0.0.1,8082,0,benign
88.52258944511414,127.0.0.1,36644,127.0.0.1,8080,163,benign
88.52716541290283,127.0.0.1,36854,127.0.0.1,8080,0,benign
88.53516101837158,127.0.0.1,8080,127.0.0.1,36854,56,benign
88.55874443054199,127.0.0.1,36854,127.0.0.1,8080,0,benign
88.60793042182922,127.0.0.1,8080,127.0.0.1,36644,194,benign
88.64733338356018,127.0.0.1,36644,127.0.0.1,8080,0,benign
88.67792010307312,127.0.0.1,8080,127.0.0.1,57708,0,benign
88.68782043457031,127.0.0.1,36854,127.0.0.1,8080,163,benign
88.69635462760925,127.0.0.1,36770,127.0.0.1,8080,163,benign
88.70095324516296,127.0.0.1,8080,127.0.0.1,36854,138,benign
88.70548582077026,127.0.0.1,8081,127.0.0.1,40066,198,benign
88.7084379196167,127.0.0.1,40066,127.0.0.1,8081,0,benign
88.71367144584656,127.0.0.1,8080,127.0.0.1,36770,138,benign
88.71674418449402,127.0.0.1,8083,127.0.0.1,60220,138,benign
88.72811484336853,127.0.0.1,60220,127.0.0.1,8083,0,benign
88.76649808883667,127.0.0.1,8083,127.0.0.1,60220,60,benign
88.77788543701172,127.0.0.1,60220,127.0.0.1,8083,0,benign
88.78893113136292,127.0.0.1,36924,127.0.0.1,8080,163,benign
88.80077028274536,127.0.0.1,8080,127.0.0.1,36924,138,benign
88.80653762817383,127.0.0.1,36778,127.0.0.1,8080,0,benign
88.81108736991882,127.0.0.1,8080,127.0.0.1,36778,56,benign
88.81710863113403,127.0.0.1,36778,127.0.0.1,8080,0,benign
88.82820248603821,127.0.0.1,36778,127.0.0.1,8080,163,benign
88.83053779602051,127.0.0.1,8080,127.0.0.1,36778,138,benign
88.83312511444092,127.0.0.1,36666,127.0.0.1,8080,0,benign
88.8353123664856,127.0.0.1,36570,127.0.0.1,8080,0,benign
88.83981800079346,127.0.0.1,8080,127.0.0.1,36570,56,benign
88.84346437454224,127.0.0.1,36570,127.0.0.1,8080,0,benign
88.8507513999939,127.0.0.1,57712,127.0.0.1,8080,0,benign
88.86164546012878,127.0.0.1,8080,127.0.0.1,36666,56,benign
88.86760759353638,127.0.0.1,36666,127.0.0.1,8080,0,benign
88.87065362930298,127.0.0.1,57724,127.0.0.1,8080,0,benign
88.87974548339844,127.0.0.1,36570,127.0.0.1,8080,163,benign
88.88863849639893,127.0.0.1,36706,127.0.0.1,8080,163,benign
88.89959573745728,127.0.0.1,8080,127.0.0.1,36698,56,benign
88.91101717948914,127.0.0.1,36698,127.0.0.1,8080,0,benign
88.91673612594604,127.0.0.1,36666,127.0.0.1,8080,163,benign
88.92633056640625,127.0.0.1,8080,127.0.0.1,36570,138,benign
88.93109893798828,127.0.0.1,36800,127.0.0.1,8080,163,benign
88.9492609500885,127.0.0.1,8080,127.0.0.1,36706,138,benign
88.95422911643982,127.0.0.1,36706,127.0.0.1,8080,0,benign
88.97084951400757,127.0.0.1,8080,127.0.0.1,36666,138,benign
88.97766184806824,127.0.0.1,8080,127.0.0.1,36706,56,benign
88.9809079170227,127.0.0.1,36706,127.0.0.1,8080,0,benign
88.9846727848053,127.0.0.1,8080,127.0.0.1,36854,56,benign
88.98830103874207,127.0.0.1,36854,127.0.0.1,8080,0,benign
89.00150513648987,127.0.0.1,8080,127.0.0.1,36800,194,benign
89.01032447814941,127.0.0.1,36800,127.0.0.1,8080,0,benign
89.02234935760498,127.0.0.1,36770,127.0.0.1,8080,0,benign
89.02875447273254,127.0.0.1,8080,127.0.0.1,36770,56,benign
89.04204511642456,127.0.0.1,36770,127.0.0.1,8080,0,benign
89.07458877563477,127.0.0.1,8081,127.0.0.1,40054,198,benign
89.11079096794128,127.0.0.1,40054,127.0.0.1,8081,0,benign
89.14626789093018,127.0.0.1,36698,127.0.0.1,8080,163,benign
89.15644550323486,127.0.0.1,8080,127.0.0.1,55482,138,benign
89.17505097389221,127.0.0.1,55482,127.0.0.1,8080,0,benign
89.19237446784973,127.0.0.1,8080,127.0.0.1,55526,138,benign
89.20806789398193,127.0.0.1,55526,127.0.0.1,8080,0,benign
89.25470733642578,127.0.0.1,8081,127.0.0.1,40056,198,benign
89.26846694946289,127.0.0.1,40056,127.0.0.1,8081,0,benign
89.27676582336426,127.0.0.1,40056,127.0.0.1,8081,167,benign
89.28011083602905,127.0.0.1,8081,127.0.0.1,40056,0,benign
89.28415250778198,127.0.0.1,8080,127.0.0.1,58224,0,benign
89.29252123832703,127.0.0.1,58230,127.0.0.1,8080,0,benign
89.29764032363892,127.0.0.1,58238,127.0.0.1,8080,0,benign
89.3098680973053,127.0.0.1,36732,127.0.0.1,8080,0,benign
89.31378817558289,127.0.0.1,8080,127.0.0.1,36732,56,benign
89.32450699806213,127.0.0.1,36732,127.0.0.1,8080,0,benign
89.32838344573975,127.0.0.1,36708,127.0.0.1,8080,163,benign
89.3457989692688,127.0.0.1,36804,127.0.0.1,8080,163,benign
89.36163139343262,127.0.0.1,8082,127.0.0.1,55654,138,benign
89.36507081985474,127.0.0.1,55654,127.0.0.1,8082,0,benign
89.37635850906372,127.0.0.1,8082,127.0.0.1,55654,60,benign
89.39608883857727,127.0.0.1,55654,127.0.0.1,8082,0,benign
89.44201731681824,127.0.0.1,8082,127.0.0.1,42720,138,benign
89.46449208259583,127.0.0.1,42720,127.0.0.1,8082,0,benign
89.48311686515808,127.0.0.1,8082,127.0.0.1,42720,60,benign
89.4927544593811,127.0.0.1,42720,127.0.0.1,8082,0,benign
89.50187277793884,127.0.0.1,8080,127.0.0.1,58230,0,benign
89.51006078720093,127.0.0.1,8080,127.0.0.1,36708,0,benign
89.51622676849365,127.0.0.1,8080,127.0.0.1,58238,0,benign
89.53012537956238,127.0.0.1,8081,127.0.0.1,40096,138,benign
89.54020071029663,127.0.0.1,40096,127.0.0.1,8081,0,benign
89.54331469535828,127.0.0.1,8081,127.0.0.1,40096,60,benign
89.55201721191406,127.0.0.1,40096,127.0.0.1,8081,0,benign
89.5599992275238,127.0.0.1,8080,127.0.0.1,36804,0,benign
89.56424617767334,127.0.0.1,40096,127.0.0.1,8081,167,benign
89.57278656959534,127.0.0.1,8081,127.0.0.1,40096,0,benign
89.58694744110107,127.0.0.1,8080,127.0.0.1,55554,138,benign
89.60135245323181,127.0.0.1,55554,127.0.0.1,8080,0,benign
89.60673260688782,127.0.0.1,8080,127.0.0.1,36554,138,benign
89.60965728759766,127.0.0.1,8080,127.0.0.1,55510,138,benign
89.61334037780762,127.0.0.1,55510,127.0.0.1,8080,0,benign
89.61621570587158,127.0.0.1,8080,127.0.0.1,36778,138,benign
89.62633776664734,127.0.0.1,36778,127.0.0.1,8080,0,benign
89.63305807113647,127.0.0.1,8080,127.0.0.1,36778,56,benign
89.64413666725159,127.0.0.1,36778,127.0.0.1,8080,0,benign
89.64805555343628,127.0.0.1,8080,127.0.0.1,36800,56,benign
89.65747809410095,127.0.0.1,36800,127.0.0.1,8080,0,benign
89.66886115074158,127.0.0.1,36778,127.0.0.1,8080,163,benign
89.67336845397949,127.0.0.1,8080,127.0.0.1,36698,138,benign
89.67995548248291,127.0.0.1,36790,127.0.0.1,8080,0,benign
89.68366742134094,127.0.0.1,8080,127.0.0.1,36790,56,benign
89.6933388710022,127.0.0.1,36790,127.0.0.1,8080,0,benign
89.70039415359497,127.0.0.1,36732,127.0.0.1,8080,163,benign
89.7041699886322,127.0.0.1,8080,127.0.0.1,36778,138,benign
89.70967388153076,127.0.0.1,8080,127.0.0.1,36732,138,benign
89.72067666053772,127.0.0.1,36554,127.0.0.1,8080,0,benign
89.73127484321594,127.0.0.1,8080,127.0.0.1,36554,56,benign
89.73586368560791,127.0.0.1,36554,127.0.0.1,8080,0,benign
89.73949646949768,127.0.0.1,36554,127.0.0.1,8080,163,benign
89.74759554862976,127.0.0.1,8080,127.0.0.1,36854,56,benign
89.75152206420898,127.0.0.1,36854,127.0.0.1,8080,0,benign
89.75415802001953,127.0.0.1,8080,127.0.0.1,36554,138,benign
89.77221012115479,127.0.0.1,59282,127.0.0.1,8080,0,benign
89.77630591392517,127.0.0.1,8080,127.0.0.1,59282,0,benign
89.77991604804993,127.0.0.1,59282,127.0.0.1,8080,0,benign
89.78525376319885,127.0.0.1,59282,127.0.0.1,8080,163,benign
89.78773164749146,127.0.0.1,8080,127.0.0.1,59282,0,benign
89.79281616210938,127.0.0.1,60220,127.0.0.1,8083,167,benign
89.8047046661377,127.0.0.1,8083,127.0.0.1,60220,0,benign
89.80777025222778,127.0.0.1,58624,127.0.0.1,8080,0,benign
89.82532501220703,127.0.0.1,36698,127.0.0.1,8080,0,benign
89.83531904220581,127.0.0.1,36854,127.0.0.1,8080,163,benign
89.84272027015686,127.0.0.1,36778,127.0.0.1,8080,0,benign
89.8583242893219,127.0.0.1,8080,127.0.0.1,36698,56,benign
89.86229348182678,127.0.0.1,36698,127.0.0.1,8080,0,benign
89.86509847640991,127.0.0.1,8080,127.0.0.1,36778,56,benign
89.87847018241882,127.0.0.1,8083,127.0.0.1,60200,198,benign
89.89102721214294,127.0.0.1,60200,127.0.0.1,8083,0,benign
89.89793753623962,127.0.0.1,8080,127.0.0.1,36854,138,benign
89.90244054794312,127.0.0.1,36790,127.0.0.1,8080,163,benign
89.90650582313538,127.0.0.1,36778,127.0.0.1,8080,0,benign
89.91309690475464,127.0.0.1,36732,127.0.0.1,8080,0,benign
89.91578364372253,127.0.0.1,8080,127.0.0.1,36732,56,benign
89.92053484916687,127.0.0.1,8080,127.0.0.1,36790,194,benign
89.93820476531982,127.0.0.1,36790,127.0.0.1,8080,0,benign
89.96231722831726,127.0.0.1,36706,127.0.0.1,8080,163,benign
89.96911191940308,127.0.0.1,8081,127.0.0.1,40090,198,benign
89.97545742988586,127.0.0.1,40090,127.0.0.1,8081,0,benign
89.9799451828003,127.0.0.1,36732,127.0.0.1,8080,0,benign
89.98556661605835,127.0.0.1,36778,127.0.0.1,8080,163,benign
89.98879790306091,127.0.0.1,8080,127.0.0.1,36706,138,benign
89.99110102653503,127.0.0.1,8080,127.0.0.1,36706,56,benign
90.00441026687622,127.0.0.1,8080,127.0.0.1,36778,138,benign
90.01693797111511,127.0.0.1,36554,127.0.0.1,8080,0,benign
90.04274988174438,127.0.0.1,36800,127.0.0.1,8080,163,benign
90.053786277771,127.0.0.1,36706,127.0.0.1,8080,0,benign
90.07578301429749,127.0.0.1,8080,127.0.0.1,36554,56,benign
90.09723401069641,127.0.0.1,36554,127.0.0.1,8080,0,benign
90.15598583221436,127.0.0.1,8080,127.0.0.1,36800,194,benign
90.18521094322205,127.0.0.1,59296,127.0.0.1,8080,0,benign
90.20337271690369,127.0.0.1,8080,127.0.0.1,59296,0,benign
90.2142584323883,127.0.0.1,59296,127.0.0.1,8080,0,benign
90.25268459320068,127.0.0.1,8081,127.0.0.1,37594,198,benign
90.2629702091217,127.0.0.1,37594,127.0.0.1,8081,0,benign
90.27116751670837,127.0.0.1,36666,127.0.0.1,8080,163,benign
90.28666257858276,127.0.0.1,36706,127.0.0.1,8080,163,benign
90.29341435432434,127.0.0.1,59296,127.0.0.1,8080,167,benign
90.29582715034485,127.0.0.1,8083,127.0.0.1,60188,138,benign
90.30297589302063,127.0.0.1,8080,127.0.0.1,59296,0,benign
90.30768895149231,127.0.0.1,36800,127.0.0.1,8080,0,benign
90.31752586364746,127.0.0.1,36658,127.0.0.1,8080,163,benign
90.3205349445343,127.0.0.1,8080,127.0.0.1,36706,138,benign
90.32287335395813,127.0.0.1,8080,127.0.0.1,36666,138,benign
90.33125901222229,127.0.0.1,8080,127.0.0.1,36666,56,benign
90.33380675315857,127.0.0.1,36666,127.0.0.1,8080,0,benign
90.33760261535645,127.0.0.1,8080,127.0.0.1,36658,194,benign
90.34023785591125,127.0.0.1,36658,127.0.0.1,8080,0,benign
90.34444165229797,127.0.0.1,36554,127.0.0.1,8080,163,benign
90.34983348846436,127.0.0.1,8080,127.0.0.1,36554,138,benign
90.35516238212585,127.0.0.1,8080,127.0.0.1,58624,0,benign
90.35817265510559,127.0.0.1,36658,127.0.0.1,8080,163,benign
90.36371874809265,127.0.0.1,8080,127.0.0.1,36658,138,benign
90.37295007705688,127.0.0.1,36854,127.0.0.1,8080,0,benign
90.37724900245667,127.0.0.1,8080,127.0.0.1,36854,56,benign
90.38051271438599,127.0.0.1,36854,127.0.0.1,8080,0,benign
90.38541150093079,127.0.0.1,36854,127.0.0.1,8080,163,benign
90.38858962059021,127.0.0.1,8080,127.0.0.1,36854,138,benign
90.39713168144226,127.0.0.1,59302,127.0.0.1,8080,0,benign
90.40264582633972,127.0.0.1,8080,127.0.0.1,59302,0,benign
90.40563035011292,127.0.0.1,59302,127.0.0.1,8080,0,benign
90.41153025627136,127.0.0.1,59302,127.0.0.1,8080,167,benign
90.41829562187195,127.0.0.1,8080,127.0.0.1,59302,0,benign
90.43320894241333,127.0.0.1,36778,127.0.0.1,8080,0,benign
90.44033336639404,127.0.0.1,8080,127.0.0.1,36778,56,benign
90.4434506893158,127.0.0.1,36778,127.0.0.1,8080,0,benign
90.46175694465637,127.0.0.1,36732,127.0.0.1,8080,163,benign
90.48454594612122,127.0.0.1,8080,127.0.0.1,36732,194,benign
90.50764846801758,127.0.0.1,36732,127.0.0.1,8080,0,benign
90.51761531829834,127.0.0.1,36924,127.0.0.1,8080,163,benign
90.52615284919739,127.0.0.1,8080,127.0.0.1,36924,194,benign
90.53594970703125,127.0.0.1,36924,127.0.0.1,8080,0,benign
90.56728601455688,127.0.0.1,60188,127.0.0.1,8083,0,benign
90.6124677658081,127.0.0.1,8083,127.0.0.1,60188,60,benign
90.63231182098389,127.0.0.1,8080,127.0.0.1,36706,56,benign
90.63654518127441,127.0.0.1,60188,127.0.0.1,8083,0,benign
90.63974928855896,127.0.0.1,36706,127.0.0.1,8080,0,benign
90.64526748657227,127.0.0.1,36924,127.0.0.1,8080,163,benign
90.65193939208984,127.0.0.1,8080,127.0.0.1,36924,138,benign
90.6597580909729,127.0.0.1,36732,127.0.0.1,8080,163,benign
90.68329405784607,127.0.0.1,36554,127.0.0.1,8080,0,benign
90.71288776397705,127.0.0.1,8080,127.0.0.1,36554,56,benign
90.74462413787842,127.0.0.1,36554,127.0.0.1,8080,0,benign
90.7797281742096,127.0.0.1,37594,127.0.0.1,8081,167,benign
90.78676748275757,127.0.0.1,8081,127.0.0.1,37594,0,benign
90.7927417755127,127.0.0.1,8083,127.0.0.1,60220,198,benign
90.79755640029907,127.0.0.1,60220,127.0.0.1,8083,0,benign
90.80651998519897,127.0.0.1,8080,127.0.0.1,36732,138,benign
90.81149506568909,127.0.0.1,58630,127.0.0.1,8080,0,benign
90.8340072631836,127.0.0.1,36706,127.0.0.1,8080,163,benign
90.86997556686401,127.0.0.1,8081,127.0.0.1,40054,198,benign
90.89255285263062,127.0.0.1,58626,127.0.0.1,8080,0,benign
90.91352987289429,127.0.0.1,8080,127.0.0.1,36706,138,benign
90.95484590530396,127.0.0.1,36658,127.0.0.1,8080,0,benign
90.97416663169861,127.0.0.1,36698,127.0.0.1,8080,163,benign
90.9769651889801,127.0.0.1,8080,127.0.0.1,36698,194,benign
90.98595404624939,127.0.0.1,36698,127.0.0.1,8080,0,benign
90.99765276908875,127.0.0.1,8080,127.0.0.1,36658,56,benign
91.0038640499115,127.0.0.1,36658,127.0.0.1,8080,0,benign
91.03850722312927,127.0.0.1,59308,127.0.0.1,8080,0,benign
91.07386302947998,127.0.0.1,8080,127.0.0.1,59308,0,benign
91.1104998588562,127.0.0.1,59308,127.0.0.1,8080,0,benign
91.18165397644043,127.0.0.1,59308,127.0.0.1,8080,163,benign
91.19162654876709,127.0.0.1,8080,127.0.0.1,59308,0,benign
91.2051751613617,127.0.0.1,36666,127.0.0.1,8080,163,benign
91.21472024917603,127.0.0.1,36854,127.0.0.1,8080,0,benign
91.22290372848511,127.0.0.1,8080,127.0.0.1,36854,56,benign
91.23493242263794,127.0.0.1,36854,127.0.0.1,8080,0,benign
91.26234078407288,127.0.0.1,8080,127.0.0.1,36666,194,benign
91.28200197219849,127.0.0.1,36666,127.0.0.1,8080,0,benign
91.28653955459595,127.0.0.1,36658,127.0.0.1,8080,163,benign
91.28903031349182,127.0.0.1,8080,127.0.0.1,36658,138,benign
91.29430222511292,127.0.0.1,58632,127.0.0.1,8080,0,benign
91.30132412910461,127.0.0.1,59324,127.0.0.1,8080,0,benign
91.30580306053162,127.0.0.1,8080,127.0.0.1,59324,0,benign
91.30815196037292,127.0.0.1,59324,127.0.0.1,8080,0,benign
91.31036806106567,127.0.0.1,59336,127.0.0.1,8080,0,benign
91.31290292739868,127.0.0.1,8080,127.0.0.1,59336,0,benign
91.32325983047485,127.0.0.1,59336,127.0.0.1,8080,0,benign
91.34179735183716,127.0.0.1,58650,127.0.0.1,8080,0,benign
91.35135245323181,127.0.0.1,58642,127.0.0.1,8080,0,benign
91.35795450210571,127.0.0.1,36554,127.0.0.1,8080,163,benign
91.3608021736145,127.0.0.1,59338,127.0.0.1,8080,0,benign
91.37192273139954,127.0.0.1,8080,127.0.0.1,59338,0,benign
91.38056492805481,127.0.0.1,59338,127.0.0.1,8080,0,benign
91.38672947883606,127.0.0.1,8080,127.0.0.1,36554,138,benign
91.3929557800293,127.0.0.1,59324,127.0.0.1,8080,163,benign
91.4026288986206,127.0.0.1,8080,127.0.0.1,59324,0,benign
91.42332458496094,127.0.0.1,59336,127.0.0.1,8080,167,benign
91.42619585990906,127.0.0.1,8080,127.0.0.1,59336,0,benign
91.4301872253418,127.0.0.1,59348,127.0.0.1,8080,0,benign
91.43682146072388,127.0.0.1,8080,127.0.0.1,59348,0,benign
91.44161701202393,127.0.0.1,59348,127.0.0.1,8080,0,benign
91.46716523170471,127.0.0.1,59338,127.0.0.1,8080,163,benign
91.49840354919434,127.0.0.1,8080,127.0.0.1,59338,0,benign
91.52159452438354,127.0.0.1,59348,127.0.0.1,8080,163,benign
91.52552676200867,127.0.0.1,8080,127.0.0.1,59348,0,benign
91.53102707862854,127.0.0.1,36924,127.0.0.1,8080,0,benign
91.53333759307861,127.0.0.1,8080,127.0.0.1,36924,56,benign
91.53577876091003,127.0.0.1,36924,127.0.0.1,8080,0,benign
91.53823232650757,127.0.0.1,36698,127.0.0.1,8080,163,benign
91.54440522193909,127.0.0.1,60220,127.0.0.1,8083,167,benign
91.54940867424011,127.0.0.1,8083,127.0.0.1,60220,0,benign
91.55405950546265,127.0.0.1,8080,127.0.0.1,36698,138,benign
91.5593752861023,127.0.0.1,36732,127.0.0.1,8080,0,benign
91.56441330909729,127.0.0.1,36706,127.0.0.1,8080,0,benign
91.56863927841187,127.0.0.1,40054,127.0.0.1,8081,0,benign
91.57233691215515,127.0.0.1,8080,127.0.0.1,36706,56,benign
91.57621502876282,127.0.0.1,8080,127.0.0.1,36732,56,benign
91.57984972000122,127.0.0.1,36706,127.0.0.1,8080,0,benign
91.58359670639038,127.0.0.1,36732,127.0.0.1,8080,0,benign
91.58935189247131,127.0.0.1,59350,127.0.0.1,8080,0,benign
91.59481263160706,127.0.0.1,8080,127.0.0.1,59350,0,benign
91.61426639556885,127.0.0.1,59350,127.0.0.1,8080,0,benign
91.63437342643738,127.0.0.1,8080,127.0.0.1,58626,0,benign
91.65352630615234,127.0.0.1,8080,127.0.0.1,58630,0,benign
91.66733264923096,127.0.0.1,36924,127.0.0.1,8080,163,benign
91.67188382148743,127.0.0.1,36666,127.0.0.1,8080,163,benign
91.67629361152649,127.0.0.1,59350,127.0.0.1,8080,167,benign
91.68615555763245,127.0.0.1,8080,127.0.0.1,59350,0,benign
91.70706272125244,127.0.0.1,8080,127.0.0.1,36924,138,benign
91.72963070869446,127.0.0.1,8080,127.0.0.1,36666,138,benign
91.77878022193909,127.0.0.1,8081,127.0.0.1,37594,198,benign
91.82619094848633,127.0.0.1,37594,127.0.0.1,8081,0,benign
91.88991808891296,127.0.0.1,36658,127.0.0.1,8080,0,benign
91.93086004257202,127.0.0.1,8080,127.0.0.1,58632,0,benign
92.03166604042053,127.0.0.1,8080,127.0.0.1,58650,0,benign
92.10044050216675,127.0.0.1,8080,127.0.0.1,58642,0,benign
92.13892006874084,127.0.0.1,8080,127.0.0.1,36658,56,benign
92.16692018508911,127.0.0.1,36658,127.0.0.1,8080,0,benign
92.20207715034485,127.0.0.1,8080,127.0.0.1,36554,56,benign
92.22367000579834,127.0.0.1,36554,127.0.0.1,8080,0,benign
92.23350620269775,127.0.0.1,36854,127.0.0.1,8080,163,benign
92.23839020729065,127.0.0.1,8080,127.0.0.1,36854,138,benign
92.25027465820312,127.0.0.1,36854,127.0.0.1,8080,0,benign
92.27491354942322,127.0.0.1,8080,127.0.0.1,36854,56,benign
92.28826141357422,127.0.0.1,36732,127.0.0.1,8080,163,benign
92.32129549980164,127.0.0.1,36854,127.0.0.1,8080,0,benign
92.33712697029114,127.0.0.1,8080,127.0.0.1,36732,138,benign
92.34861993789673,127.0.0.1,36554,127.0.0.1,8080,163,benign
92.35293650627136,127.0.0.1,8080,127.0.0.1,36554,138,benign
92.36167526245117,127.0.0.1,36698,127.0.0.1,8080,0,benign
92.38249063491821,127.0.0.1,53456,127.0.0.1,8083,167,benign
92.42291760444641,127.0.0.1,8083,127.0.0.1,53456,0,benign
92.48663377761841,127.0.0.1,60220,127.0.0.1,8083,167,benign
92.49144458770752,127.0.0.1,8083,127.0.0.1,60220,0,benign
92.51682925224304,127.0.0.1,55654,127.0.0.1,8082,167,benign
92.5379490852356,127.0.0.1,8082,127.0.0.1,55654,0,benign
92.54988098144531,127.0.0.1,8083,127.0.0.1,60200,198,benign
92.56480860710144,127.0.0.1,60200,127.0.0.1,8083,0,benign
92.57574343681335,127.0.0.1,8083,127.0.0.1,60204,198,benign
92.58741188049316,127.0.0.1,36778,127.0.0.1,8080,0,benign
92.60006976127625,127.0.0.1,8080,127.0.0.1,36778,56,benign
92.61582922935486,127.0.0.1,36778,127.0.0.1,8080,0,benign
92.62529110908508,127.0.0.1,42720,127.0.0.1,8082,167,benign
92.63089418411255,127.0.0.1,8082,127.0.0.1,42720,0,benign
92.63631176948547,127.0.0.1,36708,127.0.0.1,8080,163,benign
92.66679239273071,127.0.0.1,59620,127.0.0.1,8080,0,benign
92.67144227027893,127.0.0.1,8080,127.0.0.1,59620,0,benign
92.68554949760437,127.0.0.1,59620,127.0.0.1,8080,0,benign
92.69794201850891,127.0.0.1,59620,127.0.0.1,8080,167,benign
92.71029424667358,127.0.0.1,8080,127.0.0.1,59620,0,benign
92.7129852771759,127.0.0.1,60204,127.0.0.1,8083,0,benign
92.71635484695435,127.0.0.1,8082,127.0.0.1,42714,138,benign
92.76501250267029,127.0.0.1,42714,127.0.0.1,8082,0,benign
92.7987003326416,127.0.0.1,8082,127.0.0.1,42714,60,benign
92.80244016647339,127.0.0.1,42714,127.0.0.1,8082,0,benign
92.80503225326538,127.0.0.1,59624,127.0.0.1,8080,0,benign
92.81118965148926,127.0.0.1,8080,127.0.0.1,59624,0,benign
92.81490683555603,127.0.0.1,59624,127.0.0.1,8080,0,benign
92.81855130195618,127.0.0.1,40054,127.0.0.1,8081,167,benign
92.82055997848511,127.0.0.1,59624,127.0.0.1,8080,167,benign
92.8240418434143,127.0.0.1,8081,127.0.0.1,40054,0,benign
92.82900786399841,127.0.0.1,8080,127.0.0.1,59624,0,benign
92.83905053138733,127.0.0.1,8081,127.0.0.1,37594,138,benign
92.85521030426025,127.0.0.1,37594,127.0.0.1,8081,0,benign
92.85803818702698,127.0.0.1,8081,127.0.0.1,37594,60,benign
92.86074924468994,127.0.0.1,37594,127.0.0.1,8081,0,benign
92.86941027641296,127.0.0.1,8080,127.0.0.1,36708,0,benign
92.87432932853699,127.0.0.1,37594,127.0.0.1,8081,167,benign
92.88239574432373,127.0.0.1,8081,127.0.0.1,37594,0,benign
92.90314149856567,127.0.0.1,59636,127.0.0.1,8080,0,benign
92.9269528388977,127.0.0.1,8080,127.0.0.1,59636,0,benign
92.93202495574951,127.0.0.1,59636,127.0.0.1,8080,0,benign
92.95126366615295,127.0.0.1,8080,127.0.0.1,55690,138,benign
92.95687413215637,127.0.0.1,55690,127.0.0.1,8080,0,benign
92.96729350090027,127.0.0.1,59636,127.0.0.1,8080,167,benign
92.97121930122375,127.0.0.1,8080,127.0.0.1,59636,0,benign
92.98314595222473,127.0.0.1,8080,127.0.0.1,36854,138,benign
93.01433849334717,127.0.0.1,8080,127.0.0.1,55706,138,benign
93.03990578651428,127.0.0.1,55706,127.0.0.1,8080,0,benign
93.04953169822693,127.0.0.1,8080,127.0.0.1,55714,138,benign
93.06193256378174,127.0.0.1,55714,127.0.0.1,8080,0,benign
93.06467485427856,127.0.0.1,8080,127.0.0.1,36924,138,benign
93.0890781879425,127.0.0.1,8080,127.0.0.1,55700,198,benign
93.10752153396606,127.0.0.1,55700,127.0.0.1,8080,0,benign
93.1287214756012,127.0.0.1,8080,127.0.0.1,36666,138,benign
93.13854742050171,127.0.0.1,36666,127.0.0.1,8080,0,benign
93.15929508209229,127.0.0.1,8080,127.0.0.1,36790,138,benign
93.17955017089844,127.0.0.1,8080,127.0.0.1,36666,56,benign
93.23215103149414,127.0.0.1,36666,127.0.0.1,8080,0,benign
93.26860189437866,127.0.0.1,8080,127.0.0.1,36570,138,benign
93.28327989578247,127.0.0.1,8080,127.0.0.1,36708,138,benign
93.29928088188171,127.0.0.1,36708,127.0.0.1,8080,0,benign
93.31400561332703,127.0.0.1,8080,127.0.0.1,36708,56,benign
93.32941102981567,127.0.0.1,36708,127.0.0.1,8080,0,benign
93.34376621246338,127.0.0.1,36778,127.0.0.1,8080,163,benign
93.34840655326843,127.0.0.1,8080,127.0.0.1,36778,0,benign
93.35110306739807,127.0.0.1,8080,127.0.0.1,36778,138,benign
93.36716675758362,127.0.0.1,8080,127.0.0.1,36778,56,benign
93.37695145606995,127.0.0.1,36778,127.0.0.1,8080,0,benign
93.37987112998962,127.0.0.1,58926,127.0.0.1,8080,0,benign
93.38496685028076,127.0.0.1,36708,127.0.0.1,8080,163,benign
93.39391732215881,127.0.0.1,8080,127.0.0.1,36708,0,benign
93.41264963150024,127.0.0.1,8080,127.0.0.1,36708,138,benign
93.43462610244751,127.0.0.1,58932,127.0.0.1,8080,0,benign
93.45849108695984,127.0.0.1,59646,127.0.0.1,8080,0,benign
93.49713683128357,127.0.0.1,8080,127.0.0.1,59646,0,benign
93.54397630691528,127.0.0.1,59646,127.0.0.1,8080,0,benign
93.57017993927002,127.0.0.1,59646,127.0.0.1,8080,163,benign
93.60671734809875,127.0.0.1,8080,127.0.0.1,59646,0,benign
93.62648606300354,127.0.0.1,36778,127.0.0.1,8080,163,benign
93.64811205863953,127.0.0.1,8082,127.0.0.1,42700,138,benign
93.6807758808136,127.0.0.1,42700,127.0.0.1,8082,0,benign
93.70032691955566,127.0.0.1,8082,127.0.0.1,42700,60,benign
93.70831108093262,127.0.0.1,42700,127.0.0.1,8082,0,benign
93.72015285491943,127.0.0.1,8080,127.0.0.1,36778,138,benign
93.7311658859253,127.0.0.1,8083,127.0.0.1,60188,138,benign
93.74492335319519,127.0.0.1,36854,127.0.0.1,8080,0,benign
93.75547242164612,127.0.0.1,8080,127.0.0.1,36854,56,benign
93.76237845420837,127.0.0.1,36854,127.0.0.1,8080,0,benign
93.80241990089417,127.0.0.1,8083,127.0.0.1,60220,138,benign
93.82189726829529,127.0.0.1,60220,127.0.0.1,8083,0,benign
93.83137512207031,127.0.0.1,8083,127.0.0.1,60220,60,benign
93.85391759872437,127.0.0.1,60220,127.0.0.1,8083,0,benign
93.89178705215454,127.0.0.1,36554,127.0.0.1,8080,163,benign
93.92752575874329,127.0.0.1,36924,127.0.0.1,8080,0,benign
93.96445846557617,127.0.0.1,36570,127.0.0.1,8080,0,benign
94.00895047187805,127.0.0.1,36790,127.0.0.1,8080,0,benign
94.04364061355591,127.0.0.1,8080,127.0.0.1,36924,56,benign
94.08819055557251,127.0.0.1,8080,127.0.0.1,36790,56,benign
94.11083340644836,127.0.0.1,36924,127.0.0.1,8080,0,benign
94.17350912094116,127.0.0.1,36790,127.0.0.1,8080,0,benign
94.21612691879272,127.0.0.1,8080,127.0.0.1,36570,56,benign
94.3771243095398,127.0.0.1,36570,127.0.0.1,8080,0,benign
94.42272353172302,127.0.0.1,8080,127.0.0.1,36554,138,benign
94.42558550834656,127.0.0.1,36554,127.0.0.1,8080,0,benign
94.43349933624268,127.0.0.1,8080,127.0.0.1,36554,56,benign
94.45959639549255,127.0.0.1,36554,127.0.0.1,8080,0,benign
94.51987886428833,127.0.0.1,59648,127.0.0.1,8080,0,benign
94.59685707092285,127.0.0.1,8080,127.0.0.1,59648,0,benign
94.6134262084961,127.0.0.1,59648,127.0.0.1,8080,0,benign
94.64045143127441,127.0.0.1,59648,127.0.0.1,8080,163,benign
94.64479875564575,127.0.0.1,8080,127.0.0.1,59648,0,benign
94.64721727371216,127.0.0.1,36790,127.0.0.1,8080,163,benign
94.65126967430115,127.0.0.1,8080,127.0.0.1,36790,0,benign
94.6675910949707,127.0.0.1,36924,127.0.0.1,8080,163,benign
94.69534039497375,127.0.0.1,8080,127.0.0.1,36924,0,benign
94.72814106941223,127.0.0.1,58952,127.0.0.1,8080,0,benign
94.7329216003418,127.0.0.1,36854,127.0.0.1,8080,163,benign
94.74205493927002,127.0.0.1,8080,127.0.0.1,36854,0,benign
94.7689733505249,127.0.0.1,8080,127.0.0.1,36790,138,benign
94.77902054786682,127.0.0.1,8080,127.0.0.1,58926,0,benign
94.78769302368164,127.0.0.1,8080,127.0.0.1,36924,138,benign
94.80747985839844,127.0.0.1,8080,127.0.0.1,36854,138,benign
94.84073424339294,127.0.0.1,8080,127.0.0.1,58932,0,benign
94.85129046440125,127.0.0.1,36708,127.0.0.1,8080,0,benign
94.86068320274353,127.0.0.1,8080,127.0.0.1,36708,56,benign
94.86754274368286,127.0.0.1,36708,127.0.0.1,8080,0,benign
94.87047100067139,127.0.0.1,36554,127.0.0.1,8080,163,benign
94.87342834472656,127.0.0.1,59650,127.0.0.1,8080,0,benign
94.87886691093445,127.0.0.1,8080,127.0.0.1,59650,0,benign
94.88423562049866,127.0.0.1,59650,127.0.0.1,8080,0,benign
94.88925790786743,127.0.0.1,59650,127.0.0.1,8080,163,benign
94.89677286148071,127.0.0.1,8080,127.0.0.1,59650,0,benign
94.90144181251526,127.0.0.1,8080,127.0.0.1,36554,138,benign
94.90928316116333,127.0.0.1,60220,127.0.0.1,8083,167,benign
94.91539001464844,127.0.0.1,8083,127.0.0.1,60220,0,benign
94.91876339912415,127.0.0.1,36778,127.0.0.1,8080,0,benign
94.93417072296143,127.0.0.1,8080,127.0.0.1,36778,56,benign
94.97187542915344,127.0.0.1,36778,127.0.0.1,8080,0,benign
94.98494219779968,127.0.0.1,36708,127.0.0.1,8080,163,benign
94.98949980735779,127.0.0.1,60188,127.0.0.1,8083,0,benign
94.99199414253235,127.0.0.1,8083,127.0.0.1,60188,60,benign
94.99549508094788,127.0.0.1,60188,127.0.0.1,8083,0,benign
94.99789261817932,127.0.0.1,58954,127.0.0.1,8080,0,benign
95.00164079666138,127.0.0.1,8080,127.0.0.1,36708,138,benign
95.00604343414307,127.0.0.1,58944,127.0.0.1,8080,0,benign
95.01848673820496,127.0.0.1,8082,127.0.0.1,55654,198,benign
95.02332019805908,127.0.0.1,55654,127.0.0.1,8082,0,benign
95.02624821662903,127.0.0.1,58964,127.0.0.1,8080,0,benign
95.03465294837952,127.0.0.1,36666,127.0.0.1,8080,163,benign
95.04070711135864,127.0.0.1,8080,127.0.0.1,36666,0,benign
95.04354166984558,127.0.0.1,8080,127.0.0.1,36666,138,benign
95.04604744911194,127.0.0.1,36666,127.0.0.1,8080,0,benign
95.05041575431824,127.0.0.1,8080,127.0.0.1,36666,56,benign
95.05523443222046,127.0.0.1,36666,127.0.0.1,8080,0,benign
95.06286287307739,127.0.0.1,58980,127.0.0.1,8080,0,benign
95.06531810760498,127.0.0.1,36778,127.0.0.1,8080,163,benign
95.06764793395996,127.0.0.1,36804,127.0.0.1,8080,163,benign
95.06981778144836,127.0.0.1,59654,127.0.0.1,8080,0,benign
95.07363295555115,127.0.0.1,8080,127.0.0.1,59654,0,benign
95.07713794708252,127.0.0.1,59654,127.0.0.1,8080,0,benign
95.08867144584656,127.0.0.1,59654,127.0.0.1,8080,163,benign
95.10244107246399,127.0.0.1,8080,127.0.0.1,59654,0,benign
95.1073203086853,127.0.0.1,8080,127.0.0.1,36790,56,benign
95.11118268966675,127.0.0.1,36790,127.0.0.1,8080,0,benign
95.12465596199036,127.0.0.1,8080,127.0.0.1,36804,138,benign
95.1304395198822,127.0.0.1,36804,127.0.0.1,8080,0,benign
95.1414692401886,127.0.0.1,8080,127.0.0.1,58952,0,benign
95.15472483634949,127.0.0.1,36854,127.0.0.1,8080,0,benign
95.16172623634338,127.0.0.1,8080,127.0.0.1,36804,56,benign
95.16864705085754,127.0.0.1,36804,127.0.0.1,8080,0,benign
95.17721891403198,127.0.0.1,36924,127.0.0.1,8080,0,benign
95.18256711959839,127.0.0.1,8080,127.0.0.1,36924,56,benign
95.19730687141418,127.0.0.1,36924,127.0.0.1,8080,0,benign
95.20275473594666,127.0.0.1,8080,127.0.0.1,36854,56,benign
95.20916986465454,127.0.0.1,8080,127.0.0.1,36778,138,benign
95.224782705307,127.0.0.1,8081,127.0.0.1,37594,138,benign
95.24263882637024,127.0.0.1,59668,127.0.0.1,8080,0,benign
95.25421643257141,127.0.0.1,8080,127.0.0.1,59668,0,benign
95.26380324363708,127.0.0.1,59668,127.0.0.1,8080,0,benign
95.31312298774719,127.0.0.1,59668,127.0.0.1,8080,163,benign
95.33998942375183,127.0.0.1,8080,127.0.0.1,59668,0,benign
95.38036918640137,127.0.0.1,8081,127.0.0.1,40054,138,benign
95.3919472694397,127.0.0.1,40054,127.0.0.1,8081,0,benign
95.39505124092102,127.0.0.1,36554,127.0.0.1,8080,0,benign
95.3980188369751,127.0.0.1,8080,127.0.0.1,36554,56,benign
95.40315318107605,127.0.0.1,36554,127.0.0.1,8080,0,benign
95.41150307655334,127.0.0.1,8081,127.0.0.1,40054,60,benign
95.42165064811707,127.0.0.1,40054,127.0.0.1,8081,0,benign
95.42674922943115,127.0.0.1,36854,127.0.0.1,8080,0,benign
95.42951941490173,127.0.0.1,36804,127.0.0.1,8080,163,benign
95.44028854370117,127.0.0.1,36628,127.0.0.1,8080,163,benign
95.44699382781982,127.0.0.1,36612,127.0.0.1,8080,163,benign
95.4497902393341,127.0.0.1,8080,127.0.0.1,36628,138,benign
95.4525420665741,127.0.0.1,8080,127.0.0.1,36752,56,benign
95.45779180526733,127.0.0.1,36752,127.0.0.1,8080,0,benign
95.4628233909607,127.0.0.1,8080,127.0.0.1,36612,138,benign
95.467031955719,127.0.0.1,60220,127.0.0.1,8083,167,benign
95.47419714927673,127.0.0.1,8083,127.0.0.1,60220,0,benign
95.48191618919373,127.0.0.1,36858,127.0.0.1,8080,163,benign
95.48572707176208,127.0.0.1,8081,127.0.0.1,37608,198,benign
95.48914122581482,127.0.0.1,37608,127.0.0.1,8081,0,benign
95.49239301681519,127.0.0.1,36804,127.0.0.1,8080,0,benign
95.5269865989685,127.0.0.1,8080,127.0.0.1,36804,56,benign
95.54034066200256,127.0.0.1,36804,127.0.0.1,8080,0,benign
95.57651472091675,127.0.0.1,8080,127.0.0.1,36858,194,benign
95.60897207260132,127.0.0.1,36858,127.0.0.1,8080,0,benign
95.65497851371765,127.0.0.1,36752,127.0.0.1,8080,163,benign
95.6759467124939,127.0.0.1,8080,127.0.0.1,36752,138,benign
95.6876609325409,127.0.0.1,36698,127.0.0.1,8080,0,benign
95.69060015678406,127.0.0.1,36570,127.0.0.1,8080,0,benign
95.69484114646912,127.0.0.1,36554,127.0.0.1,8080,0,benign
95.69975638389587,127.0.0.1,8080,127.0.0.1,36554,56,benign
95.70668029785156,127.0.0.1,36554,127.0.0.1,8080,0,benign
95.71029353141785,127.0.0.1,8080,127.0.0.1,36570,56,benign
95.71392464637756,127.0.0.1,57664,127.0.0.1,8080,0,benign
95.71640849113464,127.0.0.1,8080,127.0.0.1,57664,0,benign
95.71894478797913,127.0.0.1,57664,127.0.0.1,8080,0,benign
95.72392511367798,127.0.0.1,8080,127.0.0.1,36698,56,benign
95.73135948181152,127.0.0.1,36698,127.0.0.1,8080,0,benign
95.73648285865784,127.0.0.1,8082,127.0.0.1,55646,198,benign
95.74209570884705,127.0.0.1,55646,127.0.0.1,8082,0,benign
95.75237965583801,127.0.0.1,55654,127.0.0.1,8082,167,benign
95.77411150932312,127.0.0.1,8082,127.0.0.1,55654,0,benign
95.78221106529236,127.0.0.1,36708,127.0.0.1,8080,0,benign
95.79624962806702,127.0.0.1,8080,127.0.0.1,36708,56,benign
95.8048985004425,127.0.0.1,36924,127.0.0.1,8080,0,benign
95.81719660758972,127.0.0.1,8080,127.0.0.1,36924,56,benign
95.8270628452301,127.0.0.1,36924,127.0.0.1,8080,0,benign
95.82979202270508,127.0.0.1,36570,127.0.0.1,8080,0,benign
95.83212351799011,127.0.0.1,36708,127.0.0.1,8080,0,benign
95.8383858203888,127.0.0.1,36924,127.0.0.1,8080,163,benign
95.84114408493042,127.0.0.1,36732,127.0.0.1,8080,163,benign
95.84365916252136,127.0.0.1,36858,127.0.0.1,8080,163,benign
95.84607601165771,127.0.0.1,8080,127.0.0.1,36924,138,benign
95.84827208518982,127.0.0.1,8080,127.0.0.1,36732,194,benign
95.85347032546997,127.0.0.1,36732,127.0.0.1,8080,0,benign
95.85755157470703,127.0.0.1,8080,127.0.0.1,60168,0,benign
95.8645429611206,127.0.0.1,8080,127.0.0.1,36858,138,benign
95.86818552017212,127.0.0.1,36628,127.0.0.1,8080,0,benign
95.87250280380249,127.0.0.1,8080,127.0.0.1,36628,56,benign
95.88104367256165,127.0.0.1,36628,127.0.0.1,8080,0,benign
95.90873289108276,127.0.0.1,36732,127.0.0.1,8080,163,benign
95.93065404891968,127.0.0.1,36612,127.0.0.1,8080,0,benign
95.93363046646118,127.0.0.1,8080,127.0.0.1,36612,56,benign
95.94446682929993,127.0.0.1,36612,127.0.0.1,8080,0,benign
95.96425366401672,127.0.0.1,60182,127.0.0.1,8080,0,benign
95.98002099990845,127.0.0.1,57664,127.0.0.1,8080,163,benign
95.98799109458923,127.0.0.1,8080,127.0.0.1,57664,0,benign
95.9921522140503,127.0.0.1,36554,127.0.0.1,8080,163,benign
95.99727702140808,127.0.0.1,8080,127.0.0.1,36732,138,benign
96.01848196983337,127.0.0.1,8083,127.0.0.1,60204,138,benign
96.02714109420776,127.0.0.1,8080,127.0.0.1,36554,138,benign
96.032559633255,127.0.0.1,36708,127.0.0.1,8080,163,benign
96.03902125358582,127.0.0.1,60196,127.0.0.1,8080,0,benign
96.04670310020447,127.0.0.1,8080,127.0.0.1,36708,138,benign
96.04891180992126,127.0.0.1,8081,127.0.0.1,40096,198,benign
96.06663703918457,127.0.0.1,40096,127.0.0.1,8081,0,benign
96.07414150238037,127.0.0.1,57674,127.0.0.1,8080,0,benign
96.08407402038574,127.0.0.1,8080,127.0.0.1,57674,0,benign
96.08776068687439,127.0.0.1,57674,127.0.0.1,8080,0,benign
96.0906732082367,127.0.0.1,36698,127.0.0.1,8080,163,benign
96.09336876869202,127.0.0.1,36658,127.0.0.1,8080,163,benign
96.10063743591309,127.0.0.1,8080,127.0.0.1,36698,138,benign
96.1033821105957,127.0.0.1,8080,127.0.0.1,36658,194,benign
96.11392164230347,127.0.0.1,36752,127.0.0.1,8080,0,benign
96.13453340530396,127.0.0.1,8080,127.0.0.1,36752,56,benign
96.14044761657715,127.0.0.1,36752,127.0.0.1,8080,0,benign
96.14303135871887,127.0.0.1,60188,127.0.0.1,8080,0,benign
96.14560151100159,127.0.0.1,36804,127.0.0.1,8080,163,benign
96.14801359176636,127.0.0.1,57674,127.0.0.1,8080,163,benign
96.15041828155518,127.0.0.1,8080,127.0.0.1,57674,0,benign
96.15297245979309,127.0.0.1,8080,127.0.0.1,36804,194,benign
96.16359829902649,127.0.0.1,36658,127.0.0.1,8080,0,benign
96.16842007637024,127.0.0.1,40096,127.0.0.1,8081,167,benign
96.17151236534119,127.0.0.1,8081,127.0.0.1,40096,0,benign
96.17560243606567,127.0.0.1,36800,127.0.0.1,8080,163,benign
96.18404054641724,127.0.0.1,36804,127.0.0.1,8080,0,benign
96.1948516368866,127.0.0.1,8080,127.0.0.1,36800,194,benign
96.19733095169067,127.0.0.1,8080,127.0.0.1,36924,56,benign
96.20138764381409,127.0.0.1,36924,127.0.0.1,8080,0,benign
96.20523643493652,127.0.0.1,36628,127.0.0.1,8080,163,benign
96.20761299133301,127.0.0.1,36804,127.0.0.1,8080,163,benign
96.22086668014526,127.0.0.1,36858,127.0.0.1,8080,0,benign
96.2267336845398,127.0.0.1,8080,127.0.0.1,36858,56,benign
96.23336267471313,127.0.0.1,36858,127.0.0.1,8080,0,benign
96.24096155166626,127.0.0.1,8080,127.0.0.1,36628,138,benign
96.24422001838684,127.0.0.1,36612,127.0.0.1,8080,163,benign
96.25262713432312,127.0.0.1,8080,127.0.0.1,36612,0,benign
96.25679135322571,127.0.0.1,8080,127.0.0.1,36804,138,benign
96.26379632949829,127.0.0.1,57690,127.0.0.1,8080,0,benign
96.27829241752625,127.0.0.1,8080,127.0.0.1,57690,0,benign
96.29679083824158,127.0.0.1,57690,127.0.0.1,8080,0,benign
96.29963159561157,127.0.0.1,36800,127.0.0.1,8080,0,benign
96.30403089523315,127.0.0.1,8080,127.0.0.1,36612,138,benign
96.32026100158691,127.0.0.1,8082,127.0.0.1,42720,138,benign
96.32382082939148,127.0.0.1,42720,127.0.0.1,8082,0,benign
96.32814908027649,127.0.0.1,8082,127.0.0.1,42720,60,benign
96.33358454704285,127.0.0.1,42720,127.0.0.1,8082,0,benign
96.3376636505127,127.0.0.1,8080,127.0.0.1,60182,0,benign
96.34322905540466,127.0.0.1,36752,127.0.0.1,8080,163,benign
96.34568381309509,127.0.0.1,57690,127.0.0.1,8080,163,benign
96.34992241859436,127.0.0.1,8080,127.0.0.1,57690,0,benign
96.35270094871521,127.0.0.1,8083,127.0.0.1,60220,198,benign
96.36459422111511,127.0.0.1,60220,127.0.0.1,8083,0,benign
96.37273359298706,127.0.0.1,53456,127.0.0.1,8083,167,benign
96.40454125404358,127.0.0.1,8083,127.0.0.1,53456,0,benign
96.40922164916992,127.0.0.1,8080,127.0.0.1,60196,0,benign
96.41618919372559,127.0.0.1,60204,127.0.0.1,8083,0,benign
96.42301988601685,127.0.0.1,36732,127.0.0.1,8080,0,benign
96.42546391487122,127.0.0.1,36554,127.0.0.1,8080,0,benign
96.43381142616272,127.0.0.1,8083,127.0.0.1,60204,60,benign
96.43789649009705,127.0.0.1,60204,127.0.0.1,8083,0,benign
96.48865246772766,127.0.0.1,8080,127.0.0.1,36732,56,benign
96.50094079971313,127.0.0.1,8080,127.0.0.1,36554,56,benign
96.5095534324646,127.0.0.1,36732,127.0.0.1,8080,0,benign
96.51629114151001,127.0.0.1,36554,127.0.0.1,8080,0,benign
96.52941870689392,127.0.0.1,8080,127.0.0.1,36752,138,benign
96.53321862220764,127.0.0.1,36708,127.0.0.1,8080,0,benign
96.53586006164551,127.0.0.1,8080,127.0.0.1,36708,56,benign
96.54658079147339,127.0.0.1,36708,127.0.0.1,8080,0,benign
96.55591821670532,127.0.0.1,36790,127.0.0.1,8080,163,benign
96.56088423728943,127.0.0.1,36698,127.0.0.1,8080,0,benign
96.56348514556885,127.0.0.1,8080,127.0.0.1,36698,56,benign
96.56892085075378,127.0.0.1,36858,127.0.0.1,8080,163,benign
96.57853198051453,127.0.0.1,36924,127.0.0.1,8080,163,benign
96.65796566009521,127.0.0.1,8080,127.0.0.1,36790,138,benign
96.76685357093811,127.0.0.1,36790,127.0.0.1,8080,0,benign
96.82156252861023,127.0.0.1,8080,127.0.0.1,36790,56,benign
96.8743257522583,127.0.0.1,36790,127.0.0.1,8080,0,benign
96.8918206691742,127.0.0.1,36554,127.0.0.1,8080,163,benign
96.93283557891846,127.0.0.1,36698,127.0.0.1,8080,0,benign
96.94724583625793,127.0.0.1,60204,127.0.0.1,8080,0,benign
96.9534740447998,127.0.0.1,8080,127.0.0.1,60188,0,benign
96.95938563346863,127.0.0.1,36708,127.0.0.1,8080,163,benign
96.9659309387207,127.0.0.1,8080,127.0.0.1,36924,138,benign
96.98042058944702,127.0.0.1,8082,127.0.0.1,55654,198,benign
96.98529434204102,127.0.0.1,55654,127.0.0.1,8082,0,benign
96.99564003944397,127.0.0.1,8080,127.0.0.1,36858,138,benign
97.00870752334595,127.0.0.1,8080,127.0.0.1,36554,138,benign
97.01329970359802,127.0.0.1,8080,127.0.0.1,36708,138,benign
97.01681470870972,127.0.0.1,42720,127.0.0.1,8082,167,benign
97.04521203041077,127.0.0.1,8082,127.0.0.1,42720,0,benign
97.05714082717896,127.0.0.1,36790,127.0.0.1,8080,163,benign
97.0722062587738,127.0.0.1,8080,127.0.0.1,36790,138,benign
97.07766556739807,127.0.0.1,60220,127.0.0.1,8083,167,benign
97.08142185211182,127.0.0.1,8083,127.0.0.1,60220,0,benign
97.0842809677124,127.0.0.1,57694,127.0.0.1,8080,0,benign
97.08738970756531,127.0.0.1,8080,127.0.0.1,57694,0,benign
97.09247660636902,127.0.0.1,57694,127.0.0.1,8080,0,benign
97.09939861297607,127.0.0.1,36628,127.0.0.1,8080,0,benign
97.12326884269714,127.0.0.1,8080,127.0.0.1,36804,56,benign
97.13329887390137,127.0.0.1,36804,127.0.0.1,8080,0,benign
97.13750410079956,127.0.0.1,37608,127.0.0.1,8081,167,benign
97.15431308746338,127.0.0.1,8081,127.0.0.1,37608,0,benign
97.16011834144592,127.0.0.1,60220,127.0.0.1,8080,0,benign
97.16363310813904,127.0.0.1,57694,127.0.0.1,8080,163,benign
97.17755603790283,127.0.0.1,8080,127.0.0.1,57694,0,benign
97.19011521339417,127.0.0.1,8080,127.0.0.1,36628,56,benign
97.20851397514343,127.0.0.1,36628,127.0.0.1,8080,0,benign
97.2227554321289,127.0.0.1,8080,127.0.0.1,36612,56,benign
97.23017835617065,127.0.0.1,36612,127.0.0.1,8080,0,benign
97.23595952987671,127.0.0.1,36804,127.0.0.1,8080,163,benign
97.23851823806763,127.0.0.1,8080,127.0.0.1,36804,138,benign
97.24083256721497,127.0.0.1,36644,127.0.0.1,8080,163,benign
97.25220012664795,127.0.0.1,36752,127.0.0.1,8080,0,benign
97.26927256584167,127.0.0.1,8080,127.0.0.1,36752,56,benign
97.29742527008057,127.0.0.1,36752,127.0.0.1,8080,0,benign
97.30138325691223,127.0.0.1,8080,127.0.0.1,36644,138,benign
97.30514025688171,127.0.0.1,36644,127.0.0.1,8080,0,benign
97.31062626838684,127.0.0.1,8080,127.0.0.1,36644,56,benign
97.32026267051697,127.0.0.1,36644,127.0.0.1,8080,0,benign
97.33290910720825,127.0.0.1,57710,127.0.0.1,8080,0,benign
97.34517979621887,127.0.0.1,8080,127.0.0.1,57710,0,benign
97.35847282409668,127.0.0.1,57710,127.0.0.1,8080,0,benign
97.37374496459961,127.0.0.1,8080,127.0.0.1,60204,0,benign
97.38765859603882,127.0.0.1,36658,127.0.0.1,8080,163,benign
97.4040629863739,127.0.0.1,36924,127.0.0.1,8080,0,benign
97.4088237285614,127.0.0.1,8080,127.0.0.1,36658,194,benign
97.41569828987122,127.0.0.1,8080,127.0.0.1,36924,56,benign
97.42763233184814,127.0.0.1,36658,127.0.0.1,8080,0,benign
97.44485545158386,127.0.0.1,60204,127.0.0.1,8083,167,benign
97.44791436195374,127.0.0.1,8083,127.0.0.1,60204,0,benign
97.45456075668335,127.0.0.1,36800,127.0.0.1,8080,163,benign
97.45880031585693,127.0.0.1,36708,127.0.0.1,8080,0,benign
97.46161961555481,127.0.0.1,36554,127.0.0.1,8080,0,benign
97.46728754043579,127.0.0.1,36858,127.0.0.1,8080,0,benign
97.47664523124695,127.0.0.1,8080,127.0.0.1,36708,56,benign
97.50398373603821,127.0.0.1,8080,127.0.0.1,36554,56,benign
97.52642273902893,127.0.0.1,36554,127.0.0.1,8080,0,benign
97.53649759292603,127.0.0.1,8080,127.0.0.1,36800,194,benign
97.54336810112,127.0.0.1,8080,127.0.0.1,36858,56,benign
97.54873132705688,127.0.0.1,36858,127.0.0.1,8080,0,benign
97.55197834968567,127.0.0.1,36708,127.0.0.1,8080,0,benign
97.56485509872437,127.0.0.1,57720,127.0.0.1,8080,0,benign
97.58780598640442,127.0.0.1,8080,127.0.0.1,57720,0,benign
97.61483931541443,127.0.0.1,57720,127.0.0.1,8080,0,benign
97.629887342453,127.0.0.1,36612,127.0.0.1,8080,163,benign
97.63850259780884,127.0.0.1,57710,127.0.0.1,8080,163,benign
97.64140677452087,127.0.0.1,8080,127.0.0.1,57710,0,benign
97.6566059589386,127.0.0.1,36554,127.0.0.1,8080,163,benign
97.69838452339172,127.0.0.1,36924,127.0.0.1,8080,0,benign
97.71867442131042,127.0.0.1,36658,127.0.0.1,8080,163,benign
97.74031519889832,127.0.0.1,36790,127.0.0.1,8080,0,benign
97.7555742263794,127.0.0.1,8080,127.0.0.1,36790,56,benign
97.78877377510071,127.0.0.1,36790,127.0.0.1,8080,0,benign
97.79992508888245,127.0.0.1,8080,127.0.0.1,36612,138,benign
97.80725646018982,127.0.0.1,8080,127.0.0.1,36554,138,benign
97.8146538734436,127.0.0.1,36752,127.0.0.1,8080,163,benign
97.83497881889343,127.0.0.1,36800,127.0.0.1,8080,0,benign
97.85003232955933,127.0.0.1,8080,127.0.0.1,36658,138,benign
97.88081431388855,127.0.0.1,8080,127.0.0.1,36752,138,benign
97.89600658416748,127.0.0.1,8081,127.0.0.1,40096,138,benign
97.92653965950012,127.0.0.1,57728,127.0.0.1,8080,0,benign
97.94270849227905,127.0.0.1,8080,127.0.0.1,57728,0,benign
97.99675583839417,127.0.0.1,57728,127.0.0.1,8080,0,benign
98.02730512619019,127.0.0.1,8080,127.0.0.1,55986,0,benign
98.04444861412048,127.0.0.1,8080,127.0.0.1,55982,0,benign
98.04848861694336,127.0.0.1,8080,127.0.0.1,55966,0,benign
98.06799745559692,127.0.0.1,8080,127.0.0.1,55954,0,benign
98.07341957092285,127.0.0.1,55986,127.0.0.1,8080,0,benign
98.07708430290222,127.0.0.1,55982,127.0.0.1,8080,0,benign
98.08044672012329,127.0.0.1,55966,127.0.0.1,8080,0,benign
98.08835005760193,127.0.0.1,55954,127.0.0.1,8080,0,benign
98.1034300327301,127.0.0.1,8080,127.0.0.1,55948,0,benign
98.12066054344177,127.0.0.1,8080,127.0.0.1,55934,0,benign
98.14479780197144,127.0.0.1,55948,127.0.0.1,8080,0,benign
98.17177534103394,127.0.0.1,55934,127.0.0.1,8080,0,benign
98.21324396133423,127.0.0.1,36924,127.0.0.1,8080,163,benign
98.24912095069885,127.0.0.1,57728,127.0.0.1,8080,163,benign
98.26895380020142,127.0.0.1,8080,127.0.0.1,57728,0,benign
98.28429889678955,127.0.0.1,57720,127.0.0.1,8080,163,benign
98.31611490249634,127.0.0.1,8080,127.0.0.1,57720,0,benign
98.35215330123901,127.0.0.1,8080,127.0.0.1,60220,0,benign
98.3753936290741,127.0.0.1,36790,127.0.0.1,8080,163,benign
98.39455056190491,127.0.0.1,8080,127.0.0.1,55920,138,benign
98.43014788627625,127.0.0.1,55920,127.0.0.1,8080,0,benign
98.48590278625488,127.0.0.1,36804,127.0.0.1,8080,0,benign
98.5249388217926,127.0.0.1,8080,127.0.0.1,36924,138,benign
98.53419852256775,127.0.0.1,8080,127.0.0.1,55934,194,benign
98.53821682929993,127.0.0.1,55934,127.0.0.1,8080,0,benign
98.54856157302856,127.0.0.1,8080,127.0.0.1,36804,56,benign
98.56200695037842,127.0.0.1,8080,127.0.0.1,55948,138,benign
98.58862233161926,127.0.0.1,55948,127.0.0.1,8080,0,benign
98.67237067222595,127.0.0.1,36804,127.0.0.1,8080,0,benign
98.70421242713928,127.0.0.1,8080,127.0.0.1,55954,138,benign
98.72065162658691,127.0.0.1,55954,127.0.0.1,8080,0,benign
98.72507214546204,127.0.0.1,8080,127.0.0.1,55982,138,benign
98.73326659202576,127.0.0.1,55982,127.0.0.1,8080,0,benign
98.74017834663391,127.0.0.1,36804,127.0.0.1,8080,163,benign
98.74959397315979,127.0.0.1,8083,127.0.0.1,53456,198,benign
98.76307702064514,127.0.0.1,53456,127.0.0.1,8083,0,benign
98.78885817527771,127.0.0.1,8080,127.0.0.1,36804,138,benign
98.86816477775574,127.0.0.1,60246,127.0.0.1,8080,0,benign
98.91645789146423,127.0.0.1,60232,127.0.0.1,8080,0,benign
98.97204613685608,127.0.0.1,8080,127.0.0.1,36790,138,benign
98.99912166595459,127.0.0.1,36698,127.0.0.1,8080,163,benign
99.03930163383484,127.0.0.1,37594,127.0.0.1,8081,167,benign
99.07927370071411,127.0.0.1,8081,127.0.0.1,37594,0,benign
99.11624240875244,127.0.0.1,8080,127.0.0.1,36698,138,benign
99.1446442604065,127.0.0.1,8080,127.0.0.1,36698,56,benign
99.1620945930481,127.0.0.1,36698,127.0.0.1,8080,0,benign
99.18347239494324,127.0.0.1,36658,127.0.0.1,8080,163,benign
99.19474220275879,127.0.0.1,8082,127.0.0.1,42720,138,benign
99.21643996238708,127.0.0.1,42720,127.0.0.1,8082,0,benign
99.2455792427063,127.0.0.1,36790,127.0.0.1,8080,163,benign
99.26400542259216,127.0.0.1,8080,127.0.0.1,36790,0,benign
99.30212616920471,127.0.0.1,8082,127.0.0.1,42720,60,benign
99.37350726127625,127.0.0.1,42720,127.0.0.1,8082,0,benign
99.43353033065796,127.0.0.1,8080,127.0.0.1,57326,0,benign
99.493661403656,127.0.0.1,36752,127.0.0.1,8080,163,benign
99.50657320022583,127.0.0.1,55646,127.0.0.1,8082,167,benign
99.51130199432373,127.0.0.1,8082,127.0.0.1,55646,0,benign
99.51418471336365,127.0.0.1,57338,127.0.0.1,8080,0,benign
99.51685357093811,127.0.0.1,8080,127.0.0.1,36658,138,benign
99.52248239517212,127.0.0.1,36658,127.0.0.1,8080,0,benign
99.53205919265747,127.0.0.1,8080,127.0.0.1,36658,56,benign
99.53469467163086,127.0.0.1,36658,127.0.0.1,8080,0,benign
99.5458300113678,127.0.0.1,36698,127.0.0.1,8080,0,benign
99.56629180908203,127.0.0.1,8080,127.0.0.1,36698,56,benign
99.60772323608398,127.0.0.1,8080,127.0.0.1,36790,138,benign
99.69980812072754,127.0.0.1,36790,127.0.0.1,8080,0,benign
99.77079391479492,127.0.0.1,8080,127.0.0.1,36790,56,benign
99.85857796669006,127.0.0.1,36790,127.0.0.1,8080,0,benign
99.93170857429504,127.0.0.1,8080,127.0.0.1,36752,138,benign
100.14192795753479,127.0.0.1,36612,127.0.0.1,8080,163,benign
100.19230842590332,127.0.0.1,8080,127.0.0.1,36612,138,benign
100.23525476455688,127.0.0.1,36612,127.0.0.1,8080,0,benign
100.27751564979553,127.0.0.1,8080,127.0.0.1,36612,56,benign
100.3015341758728,127.0.0.1,36612,127.0.0.1,8080,0,benign
100.3381085395813,127.0.0.1,36732,127.0.0.1,8080,163,benign
100.4108464717865,127.0.0.1,58126,127.0.0.1,8080,0,benign
100.47679924964905,127.0.0.1,8080,127.0.0.1,58126,0,benign
100.51037526130676,127.0.0.1,58126,127.0.0.1,8080,0,benign
100.56890344619751,127.0.0.1,58126,127.0.0.1,8080,167,benign
100.57396364212036,127.0.0.1,8080,127.0.0.1,58126,0,benign
100.57721161842346,127.0.0.1,57342,127.0.0.1,8080,0,benign
100.58506917953491,127.0.0.1,8080,127.0.0.1,36732,194,benign
100.59137630462646,127.0.0.1,36732,127.0.0.1,8080,0,benign
100.61130475997925,127.0.0.1,36804,127.0.0.1,8080,163,benign
100.62466287612915,127.0.0.1,8080,127.0.0.1,36804,138,benign
100.63849759101868,127.0.0.1,36644,127.0.0.1,8080,163,benign
100.68160629272461,127.0.0.1,8080,127.0.0.1,36644,138,benign
100.70568418502808,127.0.0.1,36644,127.0.0.1,8080,0,benign
100.73335289955139,127.0.0.1,8080,127.0.0.1,36644,56,benign
100.74831438064575,127.0.0.1,36644,127.0.0.1,8080,0,benign
100.75565075874329,127.0.0.1,36698,127.0.0.1,8080,0,benign
100.77805519104004,127.0.0.1,8080,127.0.0.1,57308,0,benign
100.78749871253967,127.0.0.1,58140,127.0.0.1,8080,0,benign
100.79215574264526,127.0.0.1,8080,127.0.0.1,58140,0,benign
100.79672265052795,127.0.0.1,58140,127.0.0.1,8080,0,benign
100.79923391342163,127.0.0.1,58148,127.0.0.1,8080,0,benign
100.80610704421997,127.0.0.1,8080,127.0.0.1,58148,0,benign
100.81538367271423,127.0.0.1,58148,127.0.0.1,8080,0,benign
100.81792736053467,127.0.0.1,36858,127.0.0.1,8080,163,benign
100.8205337524414,127.0.0.1,36698,127.0.0.1,8080,163,benign
100.84682178497314,127.0.0.1,8083,127.0.0.1,60204,198,benign
100.86408638954163,127.0.0.1,60204,127.0.0.1,8083,0,benign
100.91765856742859,127.0.0.1,8080,127.0.0.1,36858,138,benign
100.9636607170105,127.0.0.1,36858,127.0.0.1,8080,0,benign
101.04665875434875,127.0.0.1,8080,127.0.0.1,57338,0,benign
101.09037351608276,127.0.0.1,58148,127.0.0.1,8080,163,benign
101.11720085144043,127.0.0.1,8080,127.0.0.1,58148,0,benign
101.17119288444519,127.0.0.1,8080,127.0.0.1,36698,138,benign
101.20299077033997,127.0.0.1,8080,127.0.0.1,36858,56,benign
101.2306318283081,127.0.0.1,36858,127.0.0.1,8080,0,benign
101.2925910949707,127.0.0.1,58140,127.0.0.1,8080,163,benign
101.30806803703308,127.0.0.1,8080,127.0.0.1,58140,0,benign
101.31670665740967,127.0.0.1,36732,127.0.0.1,8080,163,benign
101.34078454971313,127.0.0.1,8080,127.0.0.1,36732,138,benign
101.37374591827393,127.0.0.1,36752,127.0.0.1,8080,0,benign
101.38547134399414,127.0.0.1,8080,127.0.0.1,36752,56,benign
101.40080547332764,127.0.0.1,36752,127.0.0.1,8080,0,benign
101.4143967628479,127.0.0.1,36658,127.0.0.1,8080,163,benign
101.43137121200562,127.0.0.1,60204,127.0.0.1,8083,167,benign
101.44111442565918,127.0.0.1,8083,127.0.0.1,60204,0,benign
101.44866561889648,127.0.0.1,57362,127.0.0.1,8080,0,benign
101.45467782020569,127.0.0.1,36612,127.0.0.1,8080,163,benign
101.45995116233826,127.0.0.1,8080,127.0.0.1,36658,138,benign
101.46297335624695,127.0.0.1,36658,127.0.0.1,8080,0,benign
101.47289443016052,127.0.0.1,8080,127.0.0.1,57342,0,benign
101.48908877372742,127.0.0.1,8080,127.0.0.1,36658,56,benign
101.52566885948181,127.0.0.1,36658,127.0.0.1,8080,0,benign
101.55519652366638,127.0.0.1,8080,127.0.0.1,36612,194,benign
101.56247520446777,127.0.0.1,36612,127.0.0.1,8080,0,benign
101.56639051437378,127.0.0.1,57368,127.0.0.1,8080,0,benign
101.56861400604248,127.0.0.1,36658,127.0.0.1,8080,163,benign
101.57093453407288,127.0.0.1,36804,127.0.0.1,8080,0,benign
101.57327699661255,127.0.0.1,8080,127.0.0.1,36804,56,benign
101.57961869239807,127.0.0.1,36804,127.0.0.1,8080,0,benign
101.59462380409241,127.0.0.1,57378,127.0.0.1,8080,0,benign
101.59781265258789,127.0.0.1,57404,127.0.0.1,8080,0,benign
101.61427593231201,127.0.0.1,8080,127.0.0.1,36658,138,benign
101.63502144813538,127.0.0.1,8081,127.0.0.1,37608,198,benign
101.65623641014099,127.0.0.1,37608,127.0.0.1,8081,0,benign
101.68380951881409,127.0.0.1,36858,127.0.0.1,8080,163,benign
101.78283524513245,127.0.0.1,36612,127.0.0.1,8080,163,benign
101.92395734786987,127.0.0.1,58156,127.0.0.1,8080,0,benign
102.06548976898193,127.0.0.1,8080,127.0.0.1,58156,0,benign
102.10528063774109,127.0.0.1,58156,127.0.0.1,8080,0,benign
102.13486051559448,127.0.0.1,8080,127.0.0.1,36858,138,benign
102.15552377700806,127.0.0.1,8080,127.0.0.1,36612,138,benign
102.17593836784363,127.0.0.1,57364,127.0.0.1,8080,0,benign
102.18559455871582,127.0.0.1,8081,127.0.0.1,40096,198,benign
102.21572947502136,127.0.0.1,58162,127.0.0.1,8080,0,benign
102.22082185745239,127.0.0.1,40096,127.0.0.1,8081,0,benign
102.22391986846924,127.0.0.1,8080,127.0.0.1,58162,0,benign
102.23109936714172,127.0.0.1,58162,127.0.0.1,8080,0,benign
102.26608562469482,127.0.0.1,58156,127.0.0.1,8080,163,benign
102.2813789844513,127.0.0.1,8080,127.0.0.1,58156,0,benign
102.31222605705261,127.0.0.1,42720,127.0.0.1,8082,167,benign
102.33511304855347,127.0.0.1,8082,127.0.0.1,42720,0,benign
102.35025811195374,127.0.0.1,36804,127.0.0.1,8080,163,benign
102.38074398040771,127.0.0.1,58162,127.0.0.1,8080,163,benign
102.38949465751648,127.0.0.1,8080,127.0.0.1,58162,0,benign
102.40672397613525,127.0.0.1,8080,127.0.0.1,36804,138,benign
102.44228482246399,127.0.0.1,36698,127.0.0.1,8080,0,benign
102.47207236289978,127.0.0.1,8080,127.0.0.1,36698,56,benign
102.4949996471405,127.0.0.1,42714,127.0.0.1,8082,167,benign
102.50834631919861,127.0.0.1,8082,127.0.0.1,42714,0,benign
102.53761863708496,127.0.0.1,36698,127.0.0.1,8080,0,benign
102.56662631034851,127.0.0.1,8082,127.0.0.1,55654,198,benign
102.61063647270203,127.0.0.1,55654,127.0.0.1,8082,0,benign
102.63579154014587,127.0.0.1,36732,127.0.0.1,8080,0,benign
102.66837787628174,127.0.0.1,8080,127.0.0.1,36732,56,benign
102.68667411804199,127.0.0.1,36732,127.0.0.1,8080,0,benign
102.68959283828735,127.0.0.1,8080,127.0.0.1,57362,0,benign
102.69742846488953,127.0.0.1,36698,127.0.0.1,8080,163,benign
102.70016098022461,127.0.0.1,36732,127.0.0.1,8080,163,benign
102.73135685920715,127.0.0.1,8080,127.0.0.1,36698,138,benign
102.75710201263428,127.0.0.1,8080,127.0.0.1,36732,138,benign
102.76964259147644,127.0.0.1,8080,127.0.0.1,57368,0,benign
102.78128981590271,127.0.0.1,8083,127.0.0.1,53456,138,benign
102.83190679550171,127.0.0.1,8083,127.0.0.1,53456,60,benign
102.85399007797241,127.0.0.1,53456,127.0.0.1,8083,0,benign
102.87715315818787,127.0.0.1,40096,127.0.0.1,8081,167,benign
102.90526986122131,127.0.0.1,8081,127.0.0.1,40096,0,benign
102.92668008804321,127.0.0.1,8080,127.0.0.1,57378,0,benign
102.9371190071106,127.0.0.1,36658,127.0.0.1,8080,0,benign
102.94691205024719,127.0.0.1,8080,127.0.0.1,57404,0,benign
102.95006251335144,127.0.0.1,8080,127.0.0.1,36658,56,benign
102.97858357429504,127.0.0.1,36658,127.0.0.1,8080,0,benign
103.00652003288269,127.0.0.1,8082,127.0.0.1,55646,138,benign
103.03602886199951,127.0.0.1,8082,127.0.0.1,55646,60,benign
103.06118726730347,127.0.0.1,36612,127.0.0.1,8080,0,benign
103.0924015045166,127.0.0.1,36858,127.0.0.1,8080,0,benign
103.13494300842285,127.0.0.1,8080,127.0.0.1,36858,56,benign
103.14898729324341,127.0.0.1,8080,127.0.0.1,36612,56,benign
103.15364813804626,127.0.0.1,36858,127.0.0.1,8080,0,benign
103.16907858848572,127.0.0.1,36612,127.0.0.1,8080,0,benign
103.18767428398132,127.0.0.1,58172,127.0.0.1,8080,0,benign
103.2045419216156,127.0.0.1,8080,127.0.0.1,58172,0,benign
103.23023891448975,127.0.0.1,58172,127.0.0.1,8080,0,benign
103.25892210006714,127.0.0.1,36658,127.0.0.1,8080,163,benign
103.2667646408081,127.0.0.1,8080,127.0.0.1,57364,0,benign
103.28214931488037,127.0.0.1,55646,127.0.0.1,8082,0,benign
103.29613161087036,127.0.0.1,36858,127.0.0.1,8080,163,benign
103.31133913993835,127.0.0.1,58172,127.0.0.1,8080,163,benign
103.3988835811615,127.0.0.1,8080,127.0.0.1,58172,0,benign
103.48902940750122,127.0.0.1,8080,127.0.0.1,36658,138,benign
103.5288918018341,127.0.0.1,8080,127.0.0.1,36858,138,benign
103.57815623283386,127.0.0.1,36804,127.0.0.1,8080,0,benign
103.73589277267456,127.0.0.1,8080,127.0.0.1,36804,56,benign
103.84997034072876,127.0.0.1,36804,127.0.0.1,8080,0,benign
103.91451930999756,127.0.0.1,36924,127.0.0.1,8080,163,benign
104.01490712165833,127.0.0.1,8080,127.0.0.1,36924,194,benign
104.12413668632507,127.0.0.1,36924,127.0.0.1,8080,0,benign
104.21414136886597,127.0.0.1,58188,127.0.0.1,8080,0,benign
104.32283568382263,127.0.0.1,8080,127.0.0.1,58188,0,benign
104.4096565246582,127.0.0.1,58188,127.0.0.1,8080,0,benign
104.52433824539185,127.0.0.1,36698,127.0.0.1,8080,0,benign
104.58262419700623,127.0.0.1,8080,127.0.0.1,36698,56,benign
104.70507287979126,127.0.0.1,58188,127.0.0.1,8080,167,benign
104.72706866264343,127.0.0.1,8080,127.0.0.1,58188,0,benign
104.75286316871643,127.0.0.1,36924,127.0.0.1,8080,163,benign
104.89864897727966,127.0.0.1,57406,127.0.0.1,8080,0,benign
104.97659635543823,127.0.0.1,36698,127.0.0.1,8080,0,benign
105.05057120323181,127.0.0.1,8080,127.0.0.1,36924,138,benign
105.096431016922,127.0.0.1,36732,127.0.0.1,8080,0,benign
105.1509473323822,127.0.0.1,8080,127.0.0.1,36732,56,benign
105.25766444206238,127.0.0.1,36732,127.0.0.1,8080,0,benign
105.31476879119873,127.0.0.1,58196,127.0.0.1,8080,0,benign
105.41875982284546,127.0.0.1,8080,127.0.0.1,58196,0,benign
105.46698474884033,127.0.0.1,58196,127.0.0.1,8080,0,benign
105.58030772209167,127.0.0.1,57426,127.0.0.1,8080,0,benign
105.65916728973389,127.0.0.1,57434,127.0.0.1,8080,0,benign
105.66193461418152,127.0.0.1,57438,127.0.0.1,8080,0,benign
105.66683721542358,127.0.0.1,36800,127.0.0.1,8080,163,benign
105.69160223007202,127.0.0.1,8080,127.0.0.1,36800,0,benign
105.70475172996521,127.0.0.1,36790,127.0.0.1,8080,163,benign
105.74547934532166,127.0.0.1,36804,127.0.0.1,8080,163,benign
105.75920009613037,127.0.0.1,8080,127.0.0.1,36800,194,benign
105.77733612060547,127.0.0.1,36732,127.0.0.1,8080,163,benign
105.7975242137909,127.0.0.1,36644,127.0.0.1,8080,163,benign
105.80412125587463,127.0.0.1,58196,127.0.0.1,8080,163,benign
105.80867648124695,127.0.0.1,8080,127.0.0.1,58196,0,benign
105.8170120716095,127.0.0.1,8080,127.0.0.1,36804,138,benign
105.82013845443726,127.0.0.1,8080,127.0.0.1,36790,138,benign
105.8230767250061,127.0.0.1,36790,127.0.0.1,8080,0,benign
105.82599425315857,127.0.0.1,8080,127.0.0.1,36790,56,benign
105.83312225341797,127.0.0.1,36790,127.0.0.1,8080,0,benign
105.83691477775574,127.0.0.1,37608,127.0.0.1,8081,167,benign
105.85741877555847,127.0.0.1,8081,127.0.0.1,37608,0,benign
105.8614912033081,127.0.0.1,8080,127.0.0.1,36644,138,benign
105.86425685882568,127.0.0.1,36644,127.0.0.1,8080,0,benign
105.86748123168945,127.0.0.1,8080,127.0.0.1,36644,56,benign
105.87939071655273,127.0.0.1,36644,127.0.0.1,8080,0,benign
105.8850588798523,127.0.0.1,57444,127.0.0.1,8080,0,benign
105.89603328704834,127.0.0.1,8080,127.0.0.1,36732,138,benign
105.91858696937561,127.0.0.1,8080,127.0.0.1,36658,56,benign
105.93832683563232,127.0.0.1,36658,127.0.0.1,8080,0,benign
105.95373630523682,127.0.0.1,57474,127.0.0.1,8080,0,benign
105.97116780281067,127.0.0.1,36858,127.0.0.1,8080,0,benign
105.98200821876526,127.0.0.1,8080,127.0.0.1,36858,56,benign
106.01513028144836,127.0.0.1,36858,127.0.0.1,8080,0,benign
106.03810119628906,127.0.0.1,36698,127.0.0.1,8080,163,benign
106.04692101478577,127.0.0.1,8083,127.0.0.1,60204,138,benign
106.05747675895691,127.0.0.1,58200,127.0.0.1,8080,0,benign
106.06941676139832,127.0.0.1,8080,127.0.0.1,58200,0,benign
106.07893443107605,127.0.0.1,58200,127.0.0.1,8080,0,benign
106.08614802360535,127.0.0.1,8080,127.0.0.1,36698,138,benign
106.09377336502075,127.0.0.1,36708,127.0.0.1,8080,163,benign
106.1008927822113,127.0.0.1,36800,127.0.0.1,8080,163,benign
106.11181807518005,127.0.0.1,8080,127.0.0.1,36800,138,benign
106.13930153846741,127.0.0.1,36644,127.0.0.1,8080,163,benign
106.16015911102295,127.0.0.1,58200,127.0.0.1,8080,163,benign
106.16722416877747,127.0.0.1,8080,127.0.0.1,58200,0,benign
106.17386817932129,127.0.0.1,8080,127.0.0.1,36708,138,benign
106.18741488456726,127.0.0.1,36708,127.0.0.1,8080,0,benign
106.24944949150085,127.0.0.1,8080,127.0.0.1,57406,0,benign
106.29876804351807,127.0.0.1,36924,127.0.0.1,8080,0,benign
106.31921792030334,127.0.0.1,8080,127.0.0.1,36644,138,benign
106.3488609790802,127.0.0.1,8080,127.0.0.1,36708,56,benign
106.4250078201294,127.0.0.1,36708,127.0.0.1,8080,0,benign
106.4550154209137,127.0.0.1,58202,127.0.0.1,8080,0,benign
106.48301219940186,127.0.0.1,8080,127.0.0.1,58202,0,benign
106.53621554374695,127.0.0.1,58202,127.0.0.1,8080,0,benign
106.556631565094,127.0.0.1,36658,127.0.0.1,8080,163,benign
106.59180688858032,127.0.0.1,8080,127.0.0.1,57426,0,benign
106.60752534866333,127.0.0.1,8080,127.0.0.1,36924,56,benign
106.61576724052429,127.0.0.1,36924,127.0.0.1,8080,0,benign
106.61996293067932,127.0.0.1,8080,127.0.0.1,36658,138,benign
106.62672400474548,127.0.0.1,8080,127.0.0.1,57434,0,benign
106.64267325401306,127.0.0.1,8080,127.0.0.1,57438,0,benign
106.70072364807129,127.0.0.1,58202,127.0.0.1,8080,163,benign
106.76683306694031,127.0.0.1,8080,127.0.0.1,58202,0,benign
106.8931450843811,127.0.0.1,36708,127.0.0.1,8080,163,benign
106.91198778152466,127.0.0.1,36790,127.0.0.1,8080,163,benign
106.97023844718933,127.0.0.1,36770,127.0.0.1,8080,0,benign
107.00434279441833,127.0.0.1,8080,127.0.0.1,36770,56,benign
107.02068996429443,127.0.0.1,36770,127.0.0.1,8080,0,benign
107.02630829811096,127.0.0.1,57962,127.0.0.1,8080,0,benign
107.0329201221466,127.0.0.1,8080,127.0.0.1,36790,138,benign
107.0487151145935,127.0.0.1,58672,127.0.0.1,8080,0,benign
107.07733392715454,127.0.0.1,8080,127.0.0.1,58672,0,benign
107.09721875190735,127.0.0.1,58672,127.0.0.1,8080,0,benign
107.10277938842773,127.0.0.1,36554,127.0.0.1,8080,163,benign
107.15716123580933,127.0.0.1,58672,127.0.0.1,8080,163,benign
107.1709361076355,127.0.0.1,8080,127.0.0.1,58672,0,benign
107.20499300956726,127.0.0.1,57966,127.0.0.1,8080,0,benign
107.27412509918213,127.0.0.1,36800,127.0.0.1,8080,163,benign
107.31385898590088,127.0.0.1,8080,127.0.0.1,36554,194,benign
107.34346795082092,127.0.0.1,36554,127.0.0.1,8080,0,benign
107.36111259460449,127.0.0.1,8080,127.0.0.1,36800,138,benign
107.3662416934967,127.0.0.1,8080,127.0.0.1,57960,0,benign
107.37062358856201,127.0.0.1,36554,127.0.0.1,8080,163,benign
107.43680810928345,127.0.0.1,8080,127.0.0.1,36554,138,benign
107.46060633659363,127.0.0.1,8082,127.0.0.1,55646,138,benign
107.5168080329895,127.0.0.1,55646,127.0.0.1,8082,0,benign
107.52476716041565,127.0.0.1,8082,127.0.0.1,55646,60,benign
107.55578470230103,127.0.0.1,55646,127.0.0.1,8082,0,benign
107.57435250282288,127.0.0.1,36698,127.0.0.1,8080,0,benign
107.57993292808533,127.0.0.1,36752,127.0.0.1,8080,0,benign
107.59067034721375,127.0.0.1,36612,127.0.0.1,8080,0,benign
107.595134973526,127.0.0.1,8080,127.0.0.1,36752,56,benign
107.59973549842834,127.0.0.1,36752,127.0.0.1,8080,0,benign
107.60659337043762,127.0.0.1,8080,127.0.0.1,36698,56,benign
107.62327027320862,127.0.0.1,8080,127.0.0.1,36612,56,benign
107.66338181495667,127.0.0.1,36612,127.0.0.1,8080,0,benign
107.72754192352295,127.0.0.1,36698,127.0.0.1,8080,0,benign
107.74749851226807,127.0.0.1,36628,127.0.0.1,8080,0,benign
107.76447343826294,127.0.0.1,8080,127.0.0.1,36628,56,benign
107.7752137184143,127.0.0.1,36628,127.0.0.1,8080,0,benign
107.78629493713379,127.0.0.1,36612,127.0.0.1,8080,163,benign
107.8006238937378,127.0.0.1,36854,127.0.0.1,8080,163,benign
107.80366015434265,127.0.0.1,8080,127.0.0.1,36612,138,benign
107.82089900970459,127.0.0.1,58684,127.0.0.1,8080,0,benign
107.84107828140259,127.0.0.1,8080,127.0.0.1,58684,0,benign
107.84390211105347,127.0.0.1,58684,127.0.0.1,8080,0,benign
107.8573431968689,127.0.0.1,8080,127.0.0.1,36854,194,benign
107.86993336677551,127.0.0.1,36854,127.0.0.1,8080,0,benign
107.88559103012085,127.0.0.1,57994,127.0.0.1,8080,0,benign
107.9133231639862,127.0.0.1,57984,127.0.0.1,8080,0,benign
107.93094635009766,127.0.0.1,57982,127.0.0.1,8080,0,benign
107.94202542304993,127.0.0.1,58684,127.0.0.1,8080,163,benign
107.96986269950867,127.0.0.1,8080,127.0.0.1,58684,0,benign
107.98627209663391,127.0.0.1,8081,127.0.0.1,37608,138,benign
108.00406432151794,127.0.0.1,36628,127.0.0.1,8080,163,benign
108.01364254951477,127.0.0.1,57986,127.0.0.1,8080,0,benign
108.0675892829895,127.0.0.1,8080,127.0.0.1,36628,138,benign
108.1083288192749,127.0.0.1,36644,127.0.0.1,8080,163,benign
108.12399506568909,127.0.0.1,36858,127.0.0.1,8080,163,benign
108.14128613471985,127.0.0.1,8080,127.0.0.1,36644,138,benign
108.16729617118835,127.0.0.1,8080,127.0.0.1,36644,56,benign
108.195871591568,127.0.0.1,36644,127.0.0.1,8080,0,benign
108.24097275733948,127.0.0.1,8080,127.0.0.1,36858,194,benign
108.27127289772034,127.0.0.1,36858,127.0.0.1,8080,0,benign
108.32800579071045,127.0.0.1,36790,127.0.0.1,8080,0,benign
108.37578701972961,127.0.0.1,8080,127.0.0.1,57962,0,benign
108.41271257400513,127.0.0.1,8080,127.0.0.1,36790,56,benign
108.45056676864624,127.0.0.1,36790,127.0.0.1,8080,0,benign
108.47169780731201,127.0.0.1,36698,127.0.0.1,8080,163,benign
108.47732377052307,127.0.0.1,8080,127.0.0.1,57966,0,benign
108.48506951332092,127.0.0.1,8080,127.0.0.1,36698,138,benign
108.51146507263184,127.0.0.1,40066,127.0.0.1,8081,167,benign
108.51878309249878,127.0.0.1,8081,127.0.0.1,40066,0,benign
108.52420115470886,127.0.0.1,58690,127.0.0.1,8080,0,benign
108.5295979976654,127.0.0.1,8080,127.0.0.1,58690,0,benign
108.53236079216003,127.0.0.1,58690,127.0.0.1,8080,0,benign
108.55275511741638,127.0.0.1,36790,127.0.0.1,8080,163,benign
108.55748891830444,127.0.0.1,8081,127.0.0.1,37594,138,benign
108.56353998184204,127.0.0.1,37594,127.0.0.1,8081,0,benign
108.5685715675354,127.0.0.1,8081,127.0.0.1,37594,60,benign
108.5842661857605,127.0.0.1,37594,127.0.0.1,8081,0,benign
108.60953617095947,127.0.0.1,8080,127.0.0.1,36800,56,benign
108.64479231834412,127.0.0.1,36800,127.0.0.1,8080,0,benign
108.66300177574158,127.0.0.1,8080,127.0.0.1,36790,138,benign
108.68343257904053,127.0.0.1,58690,127.0.0.1,8080,163,benign
108.68672227859497,127.0.0.1,8080,127.0.0.1,58690,0,benign
108.70156955718994,127.0.0.1,60204,127.0.0.1,8083,167,benign
108.70480799674988,127.0.0.1,36554,127.0.0.1,8080,0,benign
108.71529269218445,127.0.0.1,8083,127.0.0.1,60204,0,benign
108.71797633171082,127.0.0.1,8080,127.0.0.1,36554,56,benign
108.72071385383606,127.0.0.1,36554,127.0.0.1,8080,0,benign
108.72300314903259,127.0.0.1,55646,127.0.0.1,8082,167,benign
108.72563934326172,127.0.0.1,8082,127.0.0.1,55646,0,benign
108.72872996330261,127.0.0.1,36752,127.0.0.1,8080,163,benign
108.74161291122437,127.0.0.1,8080,127.0.0.1,36752,194,benign
108.74896001815796,127.0.0.1,36752,127.0.0.1,8080,0,benign
108.75140523910522,127.0.0.1,58708,127.0.0.1,8080,0,benign
108.75634622573853,127.0.0.1,8080,127.0.0.1,58708,0,benign
108.75886464118958,127.0.0.1,58708,127.0.0.1,8080,0,benign
108.76169085502625,127.0.0.1,57998,127.0.0.1,8080,0,benign
108.77076196670532,127.0.0.1,58708,127.0.0.1,8080,163,benign
108.77306365966797,127.0.0.1,8080,127.0.0.1,58708,0,benign
108.77502083778381,127.0.0.1,37608,127.0.0.1,8081,0,benign
108.78117156028748,127.0.0.1,36612,127.0.0.1,8080,0,benign
108.78714203834534,127.0.0.1,8080,127.0.0.1,57982,0,benign
108.7900698184967,127.0.0.1,8080,127.0.0.1,57984,0,benign
108.79537463188171,127.0.0.1,8081,127.0.0.1,37608,60,benign
108.7976496219635,127.0.0.1,37608,127.0.0.1,8081,0,benign
108.7996072769165,127.0.0.1,8080,127.0.0.1,36612,56,benign
108.80434393882751,127.0.0.1,36612,127.0.0.1,8080,0,benign
108.81366968154907,127.0.0.1,36800,127.0.0.1,8080,163,benign
108.82940530776978,127.0.0.1,8080,127.0.0.1,57994,0,benign
108.83588647842407,127.0.0.1,36628,127.0.0.1,8080,0,benign
108.88467693328857,127.0.0.1,8080,127.0.0.1,36800,138,benign
108.96483302116394,127.0.0.1,36858,127.0.0.1,8080,163,benign
108.99426531791687,127.0.0.1,36658,127.0.0.1,8080,163,benign
109.04002475738525,127.0.0.1,8080,127.0.0.1,57986,0,benign
109.09318399429321,127.0.0.1,8080,127.0.0.1,36628,56,benign
109.12107229232788,127.0.0.1,36628,127.0.0.1,8080,0,benign
109.15862989425659,127.0.0.1,8080,127.0.0.1,36858,138,benign
109.1926200389862,127.0.0.1,8080,127.0.0.1,36658,194,benign
109.26222205162048,127.0.0.1,36658,127.0.0.1,8080,0,benign
109.31518387794495,127.0.0.1,36854,127.0.0.1,8080,163,benign
109.37587022781372,127.0.0.1,58718,127.0.0.1,8080,0,benign
109.40079998970032,127.0.0.1,8080,127.0.0.1,58718,0,benign
109.41899347305298,127.0.0.1,58718,127.0.0.1,8080,0,benign
109.45323729515076,127.0.0.1,36698,127.0.0.1,8080,0,benign
109.50504803657532,127.0.0.1,8080,127.0.0.1,36854,194,benign
109.54801797866821,127.0.0.1,36854,127.0.0.1,8080,0,benign
109.67452645301819,127.0.0.1,58718,127.0.0.1,8080,163,benign
109.72058367729187,127.0.0.1,8080,127.0.0.1,58718,0,benign
109.83967971801758,127.0.0.1,36790,127.0.0.1,8080,0,benign
109.88390064239502,127.0.0.1,8080,127.0.0.1,36790,56,benign
109.89205002784729,127.0.0.1,8080,127.0.0.1,36698,56,benign
109.919846534729,127.0.0.1,36698,127.0.0.1,8080,0,benign
109.93265843391418,127.0.0.1,36778,127.0.0.1,8080,163,benign
109.9352478981018,127.0.0.1,8080,127.0.0.1,36778,0,benign
109.95079112052917,127.0.0.1,36554,127.0.0.1,8080,0,benign
109.9792697429657,127.0.0.1,8080,127.0.0.1,36554,56,benign
110.01270270347595,127.0.0.1,36554,127.0.0.1,8080,0,benign
110.06623411178589,127.0.0.1,8080,127.0.0.1,36778,194,benign
110.12039089202881,127.0.0.1,36778,127.0.0.1,8080,0,benign
110.14783382415771,127.0.0.1,58972,127.0.0.1,8080,0,benign
110.17670583724976,127.0.0.1,8080,127.0.0.1,58972,0,benign
110.19420719146729,127.0.0.1,58972,127.0.0.1,8080,0,benign
110.22355365753174,127.0.0.1,36658,127.0.0.1,8080,163,benign
110.24861788749695,127.0.0.1,58972,127.0.0.1,8080,163,benign
110.30623865127563,127.0.0.1,8080,127.0.0.1,58972,0,benign
110.32725381851196,127.0.0.1,58248,127.0.0.1,8080,0,benign
110.36309266090393,127.0.0.1,36554,127.0.0.1,8080,163,benign
110.46218776702881,127.0.0.1,8080,127.0.0.1,36658,138,benign
110.5423059463501,127.0.0.1,36924,127.0.0.1,8080,0,benign
110.59449934959412,127.0.0.1,8080,127.0.0.1,36924,56,benign
110.608882188797,127.0.0.1,36924,127.0.0.1,8080,0,benign
110.62106847763062,127.0.0.1,8080,127.0.0.1,36554,138,benign
110.6263427734375,127.0.0.1,36924,127.0.0.1,8080,163,benign
110.63337469100952,127.0.0.1,58236,127.0.0.1,8080,0,benign
110.64214491844177,127.0.0.1,8080,127.0.0.1,36924,138,benign
110.65016722679138,127.0.0.1,8080,127.0.0.1,36612,56,benign
110.66208982467651,127.0.0.1,36612,127.0.0.1,8080,0,benign
110.67290997505188,127.0.0.1,36612,127.0.0.1,8080,163,benign
110.70250725746155,127.0.0.1,58982,127.0.0.1,8080,0,benign
110.70650720596313,127.0.0.1,8080,127.0.0.1,58982,0,benign
110.7116162776947,127.0.0.1,58982,127.0.0.1,8080,0,benign
110.71781873703003,127.0.0.1,58982,127.0.0.1,8080,163,benign
110.72291111946106,127.0.0.1,8080,127.0.0.1,58982,0,benign
110.73290395736694,127.0.0.1,8080,127.0.0.1,36612,138,benign
110.75385665893555,127.0.0.1,58996,127.0.0.1,8080,0,benign
110.77786231040955,127.0.0.1,8080,127.0.0.1,58996,0,benign
110.78102421760559,127.0.0.1,58996,127.0.0.1,8080,0,benign
110.78647541999817,127.0.0.1,58996,127.0.0.1,8080,167,benign
110.78914713859558,127.0.0.1,8080,127.0.0.1,58996,0,benign
110.8178563117981,127.0.0.1,59002,127.0.0.1,8080,0,benign
110.82371878623962,127.0.0.1,8080,127.0.0.1,59002,0,benign
110.836266040802,127.0.0.1,59002,127.0.0.1,8080,0,benign
110.87951874732971,127.0.0.1,59002,127.0.0.1,8080,167,benign
110.90635561943054,127.0.0.1,8080,127.0.0.1,59002,0,benign
110.91197109222412,127.0.0.1,36790,127.0.0.1,8080,0,benign
110.9159426689148,127.0.0.1,8080,127.0.0.1,36790,56,benign
110.91830897331238,127.0.0.1,36790,127.0.0.1,8080,0,benign
110.92858552932739,127.0.0.1,36628,127.0.0.1,8080,0,benign
110.98207020759583,127.0.0.1,8080,127.0.0.1,36628,56,benign
111.03790092468262,127.0.0.1,36628,127.0.0.1,8080,0,benign
111.05699586868286,127.0.0.1,36628,127.0.0.1,8080,163,benign
111.1346549987793,127.0.0.1,59016,127.0.0.1,8080,0,benign
111.2537271976471,127.0.0.1,8080,127.0.0.1,59016,0,benign
111.33299088478088,127.0.0.1,59016,127.0.0.1,8080,0,benign
111.4282660484314,127.0.0.1,59016,127.0.0.1,8080,163,benign
111.45532464981079,127.0.0.1,8080,127.0.0.1,59016,0,benign
111.50386548042297,127.0.0.1,8080,127.0.0.1,36644,56,benign
111.50885057449341,127.0.0.1,36644,127.0.0.1,8080,0,benign
111.51178479194641,127.0.0.1,8080,127.0.0.1,36628,138,benign
111.52343010902405,127.0.0.1,36854,127.0.0.1,8080,163,benign
111.54513812065125,127.0.0.1,8082,127.0.0.1,55646,198,benign
111.56951475143433,127.0.0.1,8080,127.0.0.1,36854,194,benign
111.6045126914978,127.0.0.1,36706,127.0.0.1,8080,163,benign
111.63360714912415,127.0.0.1,8080,127.0.0.1,36706,194,benign
111.68549299240112,127.0.0.1,36706,127.0.0.1,8080,0,benign
111.88015151023865,127.0.0.1,36706,127.0.0.1,8080,163,benign
112.03710150718689,127.0.0.1,8080,127.0.0.1,58220,0,benign
112.21991920471191,127.0.0.1,8080,127.0.0.1,36706,138,benign
112.26560163497925,127.0.0.1,36658,127.0.0.1,8080,0,benign
112.31085753440857,127.0.0.1,8080,127.0.0.1,58248,0,benign
112.34870290756226,127.0.0.1,8080,127.0.0.1,36658,56,benign
112.39040350914001,127.0.0.1,36658,127.0.0.1,8080,0,benign
112.40627098083496,127.0.0.1,58254,127.0.0.1,8080,0,benign
112.43297839164734,127.0.0.1,36854,127.0.0.1,8080,163,benign
112.47237300872803,127.0.0.1,36924,127.0.0.1,8080,0,benign
112.47916078567505,127.0.0.1,36554,127.0.0.1,8080,0,benign
112.54930067062378,127.0.0.1,8080,127.0.0.1,58236,0,benign
112.6073842048645,127.0.0.1,8080,127.0.0.1,36924,56,benign
112.67145228385925,127.0.0.1,36924,127.0.0.1,8080,0,benign
112.70439672470093,127.0.0.1,59018,127.0.0.1,8080,0,benign
112.72728085517883,127.0.0.1,8080,127.0.0.1,59018,0,benign
112.73945355415344,127.0.0.1,8080,127.0.0.1,36554,56,benign
112.74678087234497,127.0.0.1,59018,127.0.0.1,8080,0,benign
112.77656483650208,127.0.0.1,36554,127.0.0.1,8080,0,benign
112.8265609741211,127.0.0.1,58264,127.0.0.1,8080,0,benign
112.86132264137268,127.0.0.1,8080,127.0.0.1,36854,138,benign
112.91373062133789,127.0.0.1,36658,127.0.0.1,8080,163,benign
112.92447662353516,127.0.0.1,59018,127.0.0.1,8080,163,benign
112.92804765701294,127.0.0.1,8080,127.0.0.1,59018,0,benign
112.93102979660034,127.0.0.1,8080,127.0.0.1,36658,138,benign
112.95080733299255,127.0.0.1,36924,127.0.0.1,8080,163,benign
112.9703996181488,127.0.0.1,36612,127.0.0.1,8080,0,benign
112.98515033721924,127.0.0.1,8080,127.0.0.1,36612,56,benign
113.00469875335693,127.0.0.1,36612,127.0.0.1,8080,0,benign
113.05310416221619,127.0.0.1,8080,127.0.0.1,36924,138,benign
113.08398103713989,127.0.0.1,59030,127.0.0.1,8080,0,benign
113.11991477012634,127.0.0.1,8080,127.0.0.1,59030,0,benign
113.1693856716156,127.0.0.1,59030,127.0.0.1,8080,0,benign
113.25066494941711,127.0.0.1,59042,127.0.0.1,8080,0,benign
113.29626750946045,127.0.0.1,8080,127.0.0.1,59042,0,benign
113.35136103630066,127.0.0.1,59042,127.0.0.1,8080,0,benign
113.41071724891663,127.0.0.1,36612,127.0.0.1,8080,163,benign
113.48284125328064,127.0.0.1,59030,127.0.0.1,8080,163,benign
113.53071975708008,127.0.0.1,8080,127.0.0.1,59030,0,benign
113.60069561004639,127.0.0.1,8080,127.0.0.1,36612,138,benign
113.64867901802063,127.0.0.1,59042,127.0.0.1,8080,167,benign
113.68569278717041,127.0.0.1,8080,127.0.0.1,59042,0,benign
113.72813534736633,127.0.0.1,58266,127.0.0.1,8080,0,benign
113.80198240280151,127.0.0.1,36628,127.0.0.1,8080,0,benign
113.94187641143799,127.0.0.1,55646,127.0.0.1,8082,0,benign
113.9686508178711,127.0.0.1,8080,127.0.0.1,36628,56,benign
113.9993805885315,127.0.0.1,36628,127.0.0.1,8080,0,benign
114.01313376426697,127.0.0.1,58316,127.0.0.1,8080,0,benign
114.05221247673035,127.0.0.1,59048,127.0.0.1,8080,0,benign
114.10784983634949,127.0.0.1,8080,127.0.0.1,59048,0,benign
114.14495992660522,127.0.0.1,59048,127.0.0.1,8080,0,benign
114.18423104286194,127.0.0.1,59048,127.0.0.1,8080,163,benign
114.30900502204895,127.0.0.1,8080,127.0.0.1,59048,0,benign
114.34092736244202,127.0.0.1,59062,127.0.0.1,8080,0,benign
114.40548253059387,127.0.0.1,8080,127.0.0.1,59062,0,benign
114.47745275497437,127.0.0.1,59062,127.0.0.1,8080,0,benign
114.51561617851257,127.0.0.1,59062,127.0.0.1,8080,163,benign
114.60025978088379,127.0.0.1,8080,127.0.0.1,59062,0,benign
114.65742635726929,127.0.0.1,58288,127.0.0.1,8080,0,benign
114.86764860153198,127.0.0.1,59074,127.0.0.1,8080,0,benign
114.93623423576355,127.0.0.1,8080,127.0.0.1,59074,0,benign
114.93937659263611,127.0.0.1,59074,127.0.0.1,8080,0,benign
114.96589159965515,127.0.0.1,59074,127.0.0.1,8080,163,benign
114.97358322143555,127.0.0.1,8080,127.0.0.1,59074,0,benign
114.98014879226685,127.0.0.1,58274,127.0.0.1,8080,0,benign
115.02583122253418,127.0.0.1,8080,127.0.0.1,58254,0,benign
115.04806780815125,127.0.0.1,36706,127.0.0.1,8080,0,benign
115.07282662391663,127.0.0.1,8080,127.0.0.1,36706,56,benign
115.08656144142151,127.0.0.1,36706,127.0.0.1,8080,0,benign
115.11589908599854,127.0.0.1,36628,127.0.0.1,8080,163,benign
115.13918495178223,127.0.0.1,58336,127.0.0.1,8080,0,benign
115.14840722084045,127.0.0.1,58308,127.0.0.1,8080,0,benign
115.16279888153076,127.0.0.1,36698,127.0.0.1,8080,163,benign
115.18073439598083,127.0.0.1,8080,127.0.0.1,36628,138,benign
115.19147968292236,127.0.0.1,36854,127.0.0.1,8080,0,benign
115.19400835037231,127.0.0.1,8080,127.0.0.1,58264,0,benign
115.19732904434204,127.0.0.1,8080,127.0.0.1,36854,56,benign
115.2021746635437,127.0.0.1,8080,127.0.0.1,36698,194,benign
115.20687198638916,127.0.0.1,58296,127.0.0.1,8080,0,benign
115.21086859703064,127.0.0.1,36698,127.0.0.1,8080,0,benign
115.23508143424988,127.0.0.1,36854,127.0.0.1,8080,0,benign
115.24407148361206,127.0.0.1,36706,127.0.0.1,8080,163,benign
115.25644564628601,127.0.0.1,8080,127.0.0.1,36854,138,benign
115.28187465667725,127.0.0.1,8080,127.0.0.1,36698,138,benign
115.30647087097168,127.0.0.1,8080,127.0.0.1,58838,0,benign
115.32937216758728,127.0.0.1,36644,127.0.0.1,8080,0,benign
115.35377216339111,127.0.0.1,8080,127.0.0.1,36644,56,benign
115.38087368011475,127.0.0.1,36644,127.0.0.1,8080,0,benign
115.41622543334961,127.0.0.1,36644,127.0.0.1,8080,163,benign
115.43527126312256,127.0.0.1,8080,127.0.0.1,36644,138,benign
115.44049572944641,127.0.0.1,8080,127.0.0.1,36570,56,benign
115.45794725418091,127.0.0.1,36570,127.0.0.1,8080,0,benign
115.48333835601807,127.0.0.1,59522,127.0.0.1,8080,0,benign
115.5991325378418,127.0.0.1,8080,127.0.0.1,59522,0,benign
115.65247988700867,127.0.0.1,59522,127.0.0.1,8080,0,benign
115.70015168190002,127.0.0.1,59522,127.0.0.1,8080,163,benign
115.73200798034668,127.0.0.1,8080,127.0.0.1,59522,0,benign
115.75672698020935,127.0.0.1,36732,127.0.0.1,8080,0,benign
115.77435779571533,127.0.0.1,8080,127.0.0.1,36732,56,benign
115.83085227012634,127.0.0.1,36732,127.0.0.1,8080,0,benign
115.85397458076477,127.0.0.1,8080,127.0.0.1,36858,56,benign
115.85722851753235,127.0.0.1,36858,127.0.0.1,8080,0,benign
115.88291597366333,127.0.0.1,55646,127.0.0.1,8082,167,benign
115.89421963691711,127.0.0.1,8082,127.0.0.1,55646,0,benign
115.90415906906128,127.0.0.1,59524,127.0.0.1,8080,0,benign
115.91458892822266,127.0.0.1,8080,127.0.0.1,59524,0,benign
115.9399311542511,127.0.0.1,59524,127.0.0.1,8080,0,benign
115.99491024017334,127.0.0.1,36770,127.0.0.1,8080,0,benign
116.02782487869263,127.0.0.1,8080,127.0.0.1,36770,56,benign
116.05413961410522,127.0.0.1,59524,127.0.0.1,8080,163,benign
116.10161280632019,127.0.0.1,8080,127.0.0.1,59524,0,benign
116.14272618293762,127.0.0.1,36770,127.0.0.1,8080,0,benign
116.1801233291626,127.0.0.1,59526,127.0.0.1,8080,0,benign
116.26924920082092,127.0.0.1,8080,127.0.0.1,59526,0,benign
116.29259991645813,127.0.0.1,59526,127.0.0.1,8080,0,benign
116.29795789718628,127.0.0.1,36858,127.0.0.1,8080,163,benign
116.30097603797913,127.0.0.1,8080,127.0.0.1,36708,56,benign
116.3107078075409,127.0.0.1,36708,127.0.0.1,8080,0,benign
116.33697557449341,127.0.0.1,8080,127.0.0.1,36858,138,benign
116.35516333580017,127.0.0.1,59526,127.0.0.1,8080,163,benign
116.39187407493591,127.0.0.1,8080,127.0.0.1,59526,0,benign
116.42499494552612,127.0.0.1,58846,127.0.0.1,8080,0,benign
116.44264769554138,127.0.0.1,36658,127.0.0.1,8080,163,benign
116.4516134262085,127.0.0.1,8080,127.0.0.1,36658,138,benign
116.48146295547485,127.0.0.1,36658,127.0.0.1,8080,0,benign
116.50917983055115,127.0.0.1,8080,127.0.0.1,36658,56,benign
116.52736401557922,127.0.0.1,36658,127.0.0.1,8080,0,benign
116.55747246742249,127.0.0.1,36708,127.0.0.1,8080,163,benign
116.58999276161194,127.0.0.1,36790,127.0.0.1,8080,0,benign
116.61341071128845,127.0.0.1,58850,127.0.0.1,8080,0,benign
116.6503689289093,127.0.0.1,36706,127.0.0.1,8080,0,benign
116.68521928787231,127.0.0.1,8080,127.0.0.1,36706,56,benign
116.70904874801636,127.0.0.1,8080,127.0.0.1,36708,138,benign
116.751225233078,127.0.0.1,8080,127.0.0.1,36790,56,benign
116.86850833892822,127.0.0.1,36790,127.0.0.1,8080,0,benign
116.94656276702881,127.0.0.1,37608,127.0.0.1,8081,167,benign
116.97463798522949,127.0.0.1,8081,127.0.0.1,37608,0,benign
116.98213601112366,127.0.0.1,36706,127.0.0.1,8080,0,benign
116.9870376586914,127.0.0.1,36854,127.0.0.1,8080,0,benign
116.99069619178772,127.0.0.1,8080,127.0.0.1,36698,56,benign
116.99360370635986,127.0.0.1,36698,127.0.0.1,8080,0,benign
117.00036096572876,127.0.0.1,36790,127.0.0.1,8080,163,benign
117.03434681892395,127.0.0.1,8080,127.0.0.1,56308,0,benign
117.11345362663269,127.0.0.1,8080,127.0.0.1,56300,0,benign
117.177001953125,127.0.0.1,8080,127.0.0.1,56284,0,benign
117.21018433570862,127.0.0.1,8080,127.0.0.1,56314,0,benign
117.26189804077148,127.0.0.1,56308,127.0.0.1,8080,0,benign
117.28259754180908,127.0.0.1,56300,127.0.0.1,8080,0,benign
117.29713320732117,127.0.0.1,56284,127.0.0.1,8080,0,benign
117.30919337272644,127.0.0.1,36644,127.0.0.1,8080,0,benign
117.31709957122803,127.0.0.1,56314,127.0.0.1,8080,0,benign
117.32042241096497,127.0.0.1,8080,127.0.0.1,36644,56,benign
117.34789681434631,127.0.0.1,8080,127.0.0.1,36854,56,benign
117.38623929023743,127.0.0.1,8080,127.0.0.1,56280,138,benign
117.39319229125977,127.0.0.1,36854,127.0.0.1,8080,0,benign
117.41323947906494,127.0.0.1,56280,127.0.0.1,8080,0,benign
117.44620847702026,127.0.0.1,36644,127.0.0.1,8080,0,benign
117.4563364982605,127.0.0.1,36644,127.0.0.1,8080,163,benign
117.46429896354675,127.0.0.1,8080,127.0.0.1,56346,0,benign
117.47159481048584,127.0.0.1,8080,127.0.0.1,56342,0,benign
117.4800546169281,127.0.0.1,8080,127.0.0.1,56338,0,benign
117.50830364227295,127.0.0.1,8080,127.0.0.1,56330,0,benign
117.5278639793396,127.0.0.1,8080,127.0.0.1,56326,0,benign
117.54417753219604,127.0.0.1,56346,127.0.0.1,8080,0,benign
117.54829454421997,127.0.0.1,56342,127.0.0.1,8080,0,benign
117.5736997127533,127.0.0.1,56338,127.0.0.1,8080,0,benign
117.59742760658264,127.0.0.1,56330,127.0.0.1,8080,0,benign
117.60612869262695,127.0.0.1,56326,127.0.0.1,8080,0,benign
117.61439180374146,127.0.0.1,36698,127.0.0.1,8080,163,benign
117.6853563785553,127.0.0.1,8080,127.0.0.1,56308,138,benign
117.78980112075806,127.0.0.1,56308,127.0.0.1,8080,0,benign
117.82434463500977,127.0.0.1,36628,127.0.0.1,8080,163,benign
117.84744095802307,127.0.0.1,36804,127.0.0.1,8080,163,benign
117.86011791229248,127.0.0.1,8083,127.0.0.1,53456,138,benign
117.89770412445068,127.0.0.1,53456,127.0.0.1,8083,0,benign
117.94964241981506,127.0.0.1,8083,127.0.0.1,53456,60,benign
117.98429107666016,127.0.0.1,53456,127.0.0.1,8083,0,benign
118.01932287216187,127.0.0.1,8080,127.0.0.1,56284,138,benign
118.0326931476593,127.0.0.1,56284,127.0.0.1,8080,0,benign
118.05148959159851,127.0.0.1,8080,127.0.0.1,36790,138,benign
118.08595252037048,127.0.0.1,8080,127.0.0.1,56300,138,benign
118.10484194755554,127.0.0.1,56300,127.0.0.1,8080,0,benign
118.11400961875916,127.0.0.1,8080,127.0.0.1,36698,138,benign
118.12067866325378,127.0.0.1,8080,127.0.0.1,36644,138,benign
118.17726469039917,127.0.0.1,8080,127.0.0.1,36628,138,benign
118.21270108222961,127.0.0.1,36628,127.0.0.1,8080,0,benign
118.21818399429321,127.0.0.1,8080,127.0.0.1,36628,56,benign
118.22629857063293,127.0.0.1,8080,127.0.0.1,56314,194,benign
118.27799224853516,127.0.0.1,56314,127.0.0.1,8080,0,benign
118.30572605133057,127.0.0.1,36628,127.0.0.1,8080,0,benign
118.33691358566284,127.0.0.1,8080,127.0.0.1,56330,138,benign
118.35382199287415,127.0.0.1,8080,127.0.0.1,36804,138,benign
118.39780449867249,127.0.0.1,56330,127.0.0.1,8080,0,benign
118.4121024608612,127.0.0.1,36804,127.0.0.1,8080,0,benign
118.44619226455688,127.0.0.1,8080,127.0.0.1,36804,56,benign
118.49600911140442,127.0.0.1,36804,127.0.0.1,8080,0,benign
118.52444243431091,127.0.0.1,36858,127.0.0.1,8080,0,benign
118.5483627319336,127.0.0.1,8080,127.0.0.1,36858,56,benign
118.55327773094177,127.0.0.1,8080,127.0.0.1,56338,138,benign
118.56882572174072,127.0.0.1,56338,127.0.0.1,8080,0,benign
118.59876561164856,127.0.0.1,36706,127.0.0.1,8080,163,benign
118.63150787353516,127.0.0.1,8080,127.0.0.1,56342,138,benign
118.68629240989685,127.0.0.1,56342,127.0.0.1,8080,0,benign
118.75017094612122,127.0.0.1,36804,127.0.0.1,8080,163,benign
118.80147671699524,127.0.0.1,36858,127.0.0.1,8080,0,benign
118.86517190933228,127.0.0.1,8080,127.0.0.1,58846,0,benign
118.91127467155457,127.0.0.1,8080,127.0.0.1,36706,138,benign
118.97681975364685,127.0.0.1,36858,127.0.0.1,8080,163,benign
119.05602383613586,127.0.0.1,8080,127.0.0.1,36804,138,benign
119.1299250125885,127.0.0.1,8080,127.0.0.1,36858,138,benign
119.1653482913971,127.0.0.1,8080,127.0.0.1,58850,0,benign
119.26607513427734,127.0.0.1,36708,127.0.0.1,8080,0,benign
119.34035420417786,127.0.0.1,8080,127.0.0.1,36708,56,benign
119.39337086677551,127.0.0.1,36708,127.0.0.1,8080,0,benign
119.47995972633362,127.0.0.1,36628,127.0.0.1,8080,163,benign
119.57758045196533,127.0.0.1,8080,127.0.0.1,36628,138,benign
119.5998227596283,127.0.0.1,8082,127.0.0.1,55646,138,benign
119.62192177772522,127.0.0.1,55646,127.0.0.1,8082,0,benign
119.6462037563324,127.0.0.1,8082,127.0.0.1,55646,60,benign
119.67048358917236,127.0.0.1,55646,127.0.0.1,8082,0,benign
119.72989630699158,127.0.0.1,8080,127.0.0.1,36708,0,benign
119.75853896141052,127.0.0.1,47326,127.0.0.1,8083,167,benign
119.88078832626343,127.0.0.1,8083,127.0.0.1,47326,0,benign
119.92275071144104,127.0.0.1,60220,127.0.0.1,8083,0,benign
119.95488286018372,127.0.0.1,8083,127.0.0.1,60220,60,benign
119.97941493988037,127.0.0.1,60220,127.0.0.1,8083,0,benign
120.00609993934631,127.0.0.1,8080,127.0.0.1,36628,138,benign
120.01331877708435,127.0.0.1,36628,127.0.0.1,8080,0,benign
120.02153468132019,127.0.0.1,8080,127.0.0.1,36628,56,benign
120.02839303016663,127.0.0.1,36628,127.0.0.1,8080,0,benign
120.04865837097168,127.0.0.1,8080,127.0.0.1,36924,138,benign
120.0812520980835,127.0.0.1,8080,127.0.0.1,56388,138,benign
120.11410450935364,127.0.0.1,56388,127.0.0.1,8080,0,benign
120.14514470100403,127.0.0.1,8080,127.0.0.1,36708,138,benign
120.17961692810059,127.0.0.1,8080,127.0.0.1,36708,56,benign
120.21994590759277,127.0.0.1,36708,127.0.0.1,8080,0,benign
120.2923936843872,127.0.0.1,36858,127.0.0.1,8080,163,benign
120.34603357315063,127.0.0.1,36628,127.0.0.1,8080,163,benign
120.5248064994812,127.0.0.1,8080,127.0.0.1,36628,0,benign
120.68013858795166,127.0.0.1,8080,127.0.0.1,36858,138,benign
120.75105476379395,127.0.0.1,36858,127.0.0.1,8080,0,benign
120.80392718315125,127.0.0.1,8080,127.0.0.1,36858,56,benign
120.84105062484741,127.0.0.1,36858,127.0.0.1,8080,0,benign
120.89637303352356,127.0.0.1,8080,127.0.0.1,36628,138,benign
120.9122622013092,127.0.0.1,8080,127.0.0.1,56404,198,benign
120.92063355445862,127.0.0.1,56404,127.0.0.1,8080,0,benign
120.95969271659851,127.0.0.1,59908,127.0.0.1,8080,0,benign
121.00081872940063,127.0.0.1,8080,127.0.0.1,59908,0,benign
121.04765701293945,127.0.0.1,59908,127.0.0.1,8080,0,benign
121.16943907737732,127.0.0.1,59908,127.0.0.1,8080,163,benign
121.2053291797638,127.0.0.1,8080,127.0.0.1,59908,0,benign
121.32803797721863,127.0.0.1,60220,127.0.0.1,8083,167,benign
121.47540593147278,127.0.0.1,8083,127.0.0.1,60220,0,benign
121.61954665184021,127.0.0.1,8083,127.0.0.1,47326,138,benign
121.68462657928467,127.0.0.1,59284,127.0.0.1,8080,0,benign
121.78028345108032,127.0.0.1,59910,127.0.0.1,8080,0,benign
121.90684461593628,127.0.0.1,8080,127.0.0.1,59910,0,benign
122.1388578414917,127.0.0.1,59910,127.0.0.1,8080,0,benign
122.17096042633057,127.0.0.1,59910,127.0.0.1,8080,163,benign
122.2368552684784,127.0.0.1,8080,127.0.0.1,59910,0,benign
122.2906265258789,127.0.0.1,36924,127.0.0.1,8080,0,benign
122.3971164226532,127.0.0.1,8080,127.0.0.1,36924,56,benign
122.45891547203064,127.0.0.1,36924,127.0.0.1,8080,0,benign
122.49943900108337,127.0.0.1,36644,127.0.0.1,8080,163,benign
122.54282283782959,127.0.0.1,8080,127.0.0.1,36644,0,benign
122.58931756019592,127.0.0.1,8080,127.0.0.1,36644,194,benign
122.60239863395691,127.0.0.1,55646,127.0.0.1,8082,167,benign
122.62758803367615,127.0.0.1,36644,127.0.0.1,8080,0,benign
122.66372084617615,127.0.0.1,8082,127.0.0.1,55646,0,benign
122.69645547866821,127.0.0.1,36770,127.0.0.1,8080,163,benign
122.70610094070435,127.0.0.1,8080,127.0.0.1,36770,138,benign
122.7102780342102,127.0.0.1,8080,127.0.0.1,36770,56,benign
122.73485088348389,127.0.0.1,8080,127.0.0.1,36628,56,benign
122.73894810676575,127.0.0.1,36628,127.0.0.1,8080,0,benign
122.79311513900757,127.0.0.1,36770,127.0.0.1,8080,0,benign
122.85775971412659,127.0.0.1,8083,127.0.0.1,47326,60,benign
122.90718746185303,127.0.0.1,47326,127.0.0.1,8083,0,benign
122.93895411491394,127.0.0.1,42720,127.0.0.1,8082,167,benign
122.97528433799744,127.0.0.1,59500,127.0.0.1,8080,0,benign
123.00344061851501,127.0.0.1,8082,127.0.0.1,42720,0,benign
123.06503057479858,127.0.0.1,36708,127.0.0.1,8080,163,benign
123.13661050796509,127.0.0.1,8081,127.0.0.1,40066,138,benign
123.17622303962708,127.0.0.1,40066,127.0.0.1,8081,0,benign
123.2059965133667,127.0.0.1,8081,127.0.0.1,40066,60,benign
123.21418523788452,127.0.0.1,40066,127.0.0.1,8081,0,benign
123.229238986969,127.0.0.1,8080,127.0.0.1,36708,138,benign
123.23598647117615,127.0.0.1,47326,127.0.0.1,8083,167,benign
123.24418830871582,127.0.0.1,8083,127.0.0.1,47326,0,benign
123.25549387931824,127.0.0.1,36628,127.0.0.1,8080,0,benign
123.25811696052551,127.0.0.1,8080,127.0.0.1,36628,56,benign
123.26107692718506,127.0.0.1,36628,127.0.0.1,8080,0,benign
123.27300834655762,127.0.0.1,36804,127.0.0.1,8080,163,benign
123.27898359298706,127.0.0.1,8080,127.0.0.1,36804,194,benign
123.2816481590271,127.0.0.1,36804,127.0.0.1,8080,0,benign
123.28389596939087,127.0.0.1,36858,127.0.0.1,8080,0,benign
123.2860152721405,127.0.0.1,8080,127.0.0.1,36858,56,benign
123.30047178268433,127.0.0.1,42714,127.0.0.1,8082,167,benign
123.30963897705078,127.0.0.1,8082,127.0.0.1,42714,0,benign
123.31387996673584,127.0.0.1,36804,127.0.0.1,8080,163,benign
123.317302942276,127.0.0.1,36858,127.0.0.1,8080,0,benign
123.32033586502075,127.0.0.1,8082,127.0.0.1,55646,138,benign
123.32820653915405,127.0.0.1,8080,127.0.0.1,36804,138,benign
123.33814334869385,127.0.0.1,36924,127.0.0.1,8080,163,benign
123.370032787323,127.0.0.1,8080,127.0.0.1,36924,194,benign
123.38638424873352,127.0.0.1,36790,127.0.0.1,8080,0,benign
123.39546918869019,127.0.0.1,8080,127.0.0.1,36790,56,benign
123.40403413772583,127.0.0.1,36790,127.0.0.1,8080,0,benign
123.40817379951477,127.0.0.1,36924,127.0.0.1,8080,0,benign
123.4256579875946,127.0.0.1,36570,127.0.0.1,8080,0,benign
123.43150305747986,127.0.0.1,8080,127.0.0.1,36570,56,benign
123.43447184562683,127.0.0.1,60150,127.0.0.1,8080,0,benign
123.44589519500732,127.0.0.1,8080,127.0.0.1,60150,0,benign
123.46124386787415,127.0.0.1,60150,127.0.0.1,8080,0,benign
123.47698712348938,127.0.0.1,36628,127.0.0.1,8080,163,benign
123.5118088722229,127.0.0.1,36570,127.0.0.1,8080,0,benign
123.52432942390442,127.0.0.1,8080,127.0.0.1,36628,138,benign
123.52807998657227,127.0.0.1,36924,127.0.0.1,8080,163,benign
123.54323077201843,127.0.0.1,60150,127.0.0.1,8080,167,benign
123.55226278305054,127.0.0.1,8080,127.0.0.1,60150,0,benign
123.5659852027893,127.0.0.1,8080,127.0.0.1,36924,138,benign
123.57446622848511,127.0.0.1,60164,127.0.0.1,8080,0,benign
123.57948136329651,127.0.0.1,8080,127.0.0.1,60164,0,benign
123.61793184280396,127.0.0.1,60164,127.0.0.1,8080,0,benign
123.68714570999146,127.0.0.1,8080,127.0.0.1,59500,0,benign
123.735431432724,127.0.0.1,8080,127.0.0.1,36708,56,benign
123.76827216148376,127.0.0.1,36708,127.0.0.1,8080,0,benign
123.80446863174438,127.0.0.1,59510,127.0.0.1,8080,0,benign
123.85622072219849,127.0.0.1,36570,127.0.0.1,8080,163,benign
123.8856930732727,127.0.0.1,60164,127.0.0.1,8080,163,benign
123.89308643341064,127.0.0.1,8080,127.0.0.1,60164,0,benign
123.89740419387817,127.0.0.1,8080,127.0.0.1,36570,138,benign
123.89973139762878,127.0.0.1,60166,127.0.0.1,8080,0,benign
123.90211606025696,127.0.0.1,8080,127.0.0.1,60166,0,benign
123.91520166397095,127.0.0.1,60166,127.0.0.1,8080,0,benign
123.94763970375061,127.0.0.1,60166,127.0.0.1,8080,167,benign
123.98334503173828,127.0.0.1,8080,127.0.0.1,60166,0,benign
124.03127837181091,127.0.0.1,59522,127.0.0.1,8080,0,benign
124.06595373153687,127.0.0.1,8083,127.0.0.1,60188,138,benign
124.16216802597046,127.0.0.1,60188,127.0.0.1,8083,0,benign
124.23154973983765,127.0.0.1,8083,127.0.0.1,60188,60,benign
124.28349614143372,127.0.0.1,60188,127.0.0.1,8083,0,benign
124.31263899803162,127.0.0.1,60172,127.0.0.1,8080,0,benign
124.3588445186615,127.0.0.1,8080,127.0.0.1,60172,0,benign
124.5753071308136,127.0.0.1,60172,127.0.0.1,8080,0,benign
124.65826559066772,127.0.0.1,60172,127.0.0.1,8080,163,benign
124.75327587127686,127.0.0.1,8080,127.0.0.1,60172,0,benign
124.861652135849,127.0.0.1,36804,127.0.0.1,8080,0,benign
124.99598002433777,127.0.0.1,55646,127.0.0.1,8082,0,benign
125.08870601654053,127.0.0.1,8080,127.0.0.1,36804,56,benign
125.15046525001526,127.0.0.1,36804,127.0.0.1,8080,0,benign
125.1760835647583,127.0.0.1,8082,127.0.0.1,55646,60,benign
125.22740745544434,127.0.0.1,55646,127.0.0.1,8082,0,benign
125.26948523521423,127.0.0.1,36732,127.0.0.1,8080,163,benign
125.29147458076477,127.0.0.1,8080,127.0.0.1,36732,194,benign
125.33788442611694,127.0.0.1,36732,127.0.0.1,8080,0,benign
125.35977149009705,127.0.0.1,8082,127.0.0.1,55654,198,benign
125.37541437149048,127.0.0.1,55654,127.0.0.1,8082,0,benign
125.43694424629211,127.0.0.1,36804,127.0.0.1,8080,163,benign
125.47472882270813,127.0.0.1,37148,127.0.0.1,8082,167,benign
125.49166893959045,127.0.0.1,8082,127.0.0.1,37148,0,benign
125.52113103866577,127.0.0.1,8080,127.0.0.1,36804,138,benign
125.54244446754456,127.0.0.1,60184,127.0.0.1,8080,0,benign
125.57007455825806,127.0.0.1,8080,127.0.0.1,60184,0,benign
125.64482808113098,127.0.0.1,60184,127.0.0.1,8080,0,benign
125.65710926055908,127.0.0.1,60184,127.0.0.1,8080,167,benign
125.67455768585205,127.0.0.1,8080,127.0.0.1,60184,0,benign
125.68120312690735,127.0.0.1,36628,127.0.0.1,8080,0,benign
125.68460988998413,127.0.0.1,8080,127.0.0.1,36628,56,benign
125.6892659664154,127.0.0.1,59524,127.0.0.1,8080,0,benign
125.71077489852905,127.0.0.1,36790,127.0.0.1,8080,163,benign
125.71661186218262,127.0.0.1,36628,127.0.0.1,8080,0,benign
125.72482371330261,127.0.0.1,8080,127.0.0.1,36790,194,benign
125.73125052452087,127.0.0.1,36790,127.0.0.1,8080,0,benign
125.73470044136047,127.0.0.1,59526,127.0.0.1,8080,0,benign
125.74477887153625,127.0.0.1,36708,127.0.0.1,8080,163,benign
125.75154685974121,127.0.0.1,36924,127.0.0.1,8080,0,benign
125.76819443702698,127.0.0.1,8080,127.0.0.1,36924,56,benign
125.79805207252502,127.0.0.1,36732,127.0.0.1,8080,163,benign
125.81994318962097,127.0.0.1,36924,127.0.0.1,8080,0,benign
125.85791301727295,127.0.0.1,8080,127.0.0.1,36708,138,benign
125.87014651298523,127.0.0.1,8080,127.0.0.1,36732,138,benign
125.87548899650574,127.0.0.1,60186,127.0.0.1,8080,0,benign
125.88022899627686,127.0.0.1,8080,127.0.0.1,60186,0,benign
125.88493752479553,127.0.0.1,60186,127.0.0.1,8080,0,benign
125.88849258422852,127.0.0.1,8083,127.0.0.1,47326,138,benign
125.92827105522156,127.0.0.1,36790,127.0.0.1,8080,163,benign
125.95456266403198,127.0.0.1,8080,127.0.0.1,59510,0,benign
125.95700597763062,127.0.0.1,8080,127.0.0.1,36790,138,benign
125.96477317810059,127.0.0.1,40066,127.0.0.1,8081,167,benign
125.96901440620422,127.0.0.1,8081,127.0.0.1,40066,0,benign
125.97309923171997,127.0.0.1,8080,127.0.0.1,36570,56,benign
126.00826263427734,127.0.0.1,36570,127.0.0.1,8080,0,benign
126.05557346343994,127.0.0.1,60186,127.0.0.1,8080,163,benign
126.09723734855652,127.0.0.1,8080,127.0.0.1,60186,0,benign
126.1245973110199,127.0.0.1,36570,127.0.0.1,8080,0,benign
126.15064215660095,127.0.0.1,36628,127.0.0.1,8080,163,benign
126.16583156585693,127.0.0.1,8080,127.0.0.1,59522,0,benign
126.21314024925232,127.0.0.1,8080,127.0.0.1,36628,138,benign
126.25299406051636,127.0.0.1,60204,127.0.0.1,8083,167,benign
126.27974390983582,127.0.0.1,8083,127.0.0.1,60204,0,benign
126.33154535293579,127.0.0.1,36644,127.0.0.1,8080,0,benign
126.36187481880188,127.0.0.1,8080,127.0.0.1,36644,56,benign
126.40974473953247,127.0.0.1,36644,127.0.0.1,8080,0,benign
126.50597834587097,127.0.0.1,37594,127.0.0.1,8081,167,benign
126.56926202774048,127.0.0.1,8081,127.0.0.1,37594,0,benign
126.6159508228302,127.0.0.1,36732,127.0.0.1,8080,163,benign
126.68279695510864,127.0.0.1,60218,127.0.0.1,8080,0,benign
126.77415490150452,127.0.0.1,60188,127.0.0.1,8083,167,benign
126.86880040168762,127.0.0.1,8083,127.0.0.1,60188,0,benign
126.9290874004364,127.0.0.1,8082,127.0.0.1,42720,60,benign
126.98834371566772,127.0.0.1,42720,127.0.0.1,8082,0,benign
127.05063223838806,127.0.0.1,60228,127.0.0.1,8080,0,benign
127.10687851905823,127.0.0.1,8081,127.0.0.1,40066,138,benign
127.16610360145569,127.0.0.1,8081,127.0.0.1,40096,138,benign
127.19801449775696,127.0.0.1,60242,127.0.0.1,8080,0,benign
127.2108998298645,127.0.0.1,8080,127.0.0.1,36732,0,benign
127.23149800300598,127.0.0.1,8080,127.0.0.1,60218,0,benign
127.29459595680237,127.0.0.1,47326,127.0.0.1,8083,167,benign
127.36773824691772,127.0.0.1,8083,127.0.0.1,47326,0,benign
127.41570591926575,127.0.0.1,42944,127.0.0.1,8080,0,benign
127.43743586540222,127.0.0.1,8080,127.0.0.1,42944,0,benign
127.49988174438477,127.0.0.1,42944,127.0.0.1,8080,0,benign
127.53302931785583,127.0.0.1,42944,127.0.0.1,8080,167,benign
127.57639718055725,127.0.0.1,8080,127.0.0.1,42944,0,benign
127.59028697013855,127.0.0.1,8082,127.0.0.1,55654,138,benign
127.59886813163757,127.0.0.1,55654,127.0.0.1,8082,0,benign
127.6052815914154,127.0.0.1,8082,127.0.0.1,55654,60,benign
127.63531017303467,127.0.0.1,55654,127.0.0.1,8082,0,benign
127.66582489013672,127.0.0.1,8080,127.0.0.1,60228,0,benign
127.72764587402344,127.0.0.1,8080,127.0.0.1,56616,138,benign
127.74759912490845,127.0.0.1,56616,127.0.0.1,8080,0,benign
127.7703001499176,127.0.0.1,8080,127.0.0.1,56624,138,benign
127.77606058120728,127.0.0.1,56624,127.0.0.1,8080,0,benign
127.7877094745636,127.0.0.1,40066,127.0.0.1,8081,0,benign
127.80269193649292,127.0.0.1,8080,127.0.0.1,60242,0,benign
127.81912684440613,127.0.0.1,40096,127.0.0.1,8081,0,benign
127.83005046844482,127.0.0.1,8081,127.0.0.1,40096,60,benign
127.88541507720947,127.0.0.1,40096,127.0.0.1,8081,0,benign
127.90382099151611,127.0.0.1,8081,127.0.0.1,40066,60,benign
127.92008566856384,127.0.0.1,40066,127.0.0.1,8081,0,benign
127.92640280723572,127.0.0.1,8080,127.0.0.1,56594,138,benign
127.9416356086731,127.0.0.1,56594,127.0.0.1,8080,0,benign
127.99830722808838,127.0.0.1,8080,127.0.0.1,36732,138,benign
128.0209174156189,127.0.0.1,36732,127.0.0.1,8080,0,benign
128.0486273765564,127.0.0.1,8080,127.0.0.1,56608,198,benign
128.13992738723755,127.0.0.1,56608,127.0.0.1,8080,0,benign
128.1837785243988,127.0.0.1,8080,127.0.0.1,36732,56,benign
128.19106554985046,127.0.0.1,36732,127.0.0.1,8080,0,benign
128.19939637184143,127.0.0.1,8080,127.0.0.1,36666,194,benign
128.20297622680664,127.0.0.1,36666,127.0.0.1,8080,0,benign
128.2057602405548,127.0.0.1,44160,127.0.0.1,8080,0,benign
128.20815110206604,127.0.0.1,8080,127.0.0.1,44160,0,benign
128.21048641204834,127.0.0.1,44160,127.0.0.1,8080,0,benign
128.22624349594116,127.0.0.1,44160,127.0.0.1,8080,163,benign
128.23087120056152,127.0.0.1,8080,127.0.0.1,44160,0,benign
128.2542519569397,127.0.0.1,36658,127.0.0.1,8080,0,benign
128.2736165523529,127.0.0.1,36708,127.0.0.1,8080,0,benign
128.30959463119507,127.0.0.1,8080,127.0.0.1,36708,56,benign
128.31658506393433,127.0.0.1,36708,127.0.0.1,8080,0,benign
128.3228406906128,127.0.0.1,55646,127.0.0.1,8082,167,benign
128.33232522010803,127.0.0.1,8082,127.0.0.1,55646,0,benign
128.3392391204834,127.0.0.1,8080,127.0.0.1,43358,0,benign
128.35128617286682,127.0.0.1,8080,127.0.0.1,43342,0,benign
128.3557698726654,127.0.0.1,44168,127.0.0.1,8080,0,benign
128.36266827583313,127.0.0.1,8080,127.0.0.1,44168,0,benign
128.36705684661865,127.0.0.1,44168,127.0.0.1,8080,0,benign
128.39786195755005,127.0.0.1,36658,127.0.0.1,8080,163,benign
128.41092920303345,127.0.0.1,43350,127.0.0.1,8080,0,benign
128.415376663208,127.0.0.1,37608,127.0.0.1,8081,167,benign
128.4181408882141,127.0.0.1,8081,127.0.0.1,37608,0,benign
128.4210455417633,127.0.0.1,8080,127.0.0.1,43364,0,benign
128.4261519908905,127.0.0.1,8080,127.0.0.1,36658,138,benign
128.45125579833984,127.0.0.1,36732,127.0.0.1,8080,163,benign
128.46353197097778,127.0.0.1,8082,127.0.0.1,37148,138,benign
128.46623992919922,127.0.0.1,37148,127.0.0.1,8082,0,benign
128.4722330570221,127.0.0.1,8082,127.0.0.1,37148,60,benign
128.47491145133972,127.0.0.1,37148,127.0.0.1,8082,0,benign
128.47997975349426,127.0.0.1,8080,127.0.0.1,43336,0,benign
128.4943687915802,127.0.0.1,8080,127.0.0.1,36732,138,benign
128.51487135887146,127.0.0.1,8080,127.0.0.1,36732,56,benign
128.52030110359192,127.0.0.1,36854,127.0.0.1,8080,0,benign
128.53177618980408,127.0.0.1,8080,127.0.0.1,36854,56,benign
128.5473186969757,127.0.0.1,36854,127.0.0.1,8080,0,benign
128.5615451335907,127.0.0.1,36790,127.0.0.1,8080,163,benign
128.5822193622589,127.0.0.1,60190,127.0.0.1,8083,167,benign
128.5949728488922,127.0.0.1,8083,127.0.0.1,60190,0,benign
128.5997235774994,127.0.0.1,8080,127.0.0.1,36790,138,benign
128.6242425441742,127.0.0.1,8080,127.0.0.1,36790,56,benign
128.6429958343506,127.0.0.1,8081,127.0.0.1,40066,138,benign
128.66360783576965,127.0.0.1,40066,127.0.0.1,8081,0,benign
128.69666242599487,127.0.0.1,8081,127.0.0.1,40066,60,benign
128.71348452568054,127.0.0.1,40066,127.0.0.1,8081,0,benign
128.7254889011383,127.0.0.1,43374,127.0.0.1,8080,0,benign
128.72848868370056,127.0.0.1,36770,127.0.0.1,8080,163,benign
128.73154640197754,127.0.0.1,8080,127.0.0.1,36770,194,benign
128.7344675064087,127.0.0.1,36770,127.0.0.1,8080,0,benign
128.7466959953308,127.0.0.1,44168,127.0.0.1,8080,163,benign
128.76231408119202,127.0.0.1,36790,127.0.0.1,8080,0,benign
128.7708661556244,127.0.0.1,8080,127.0.0.1,44168,0,benign
128.7758710384369,127.0.0.1,43378,127.0.0.1,8080,0,benign
128.77957344055176,127.0.0.1,36732,127.0.0.1,8080,0,benign
128.78500628471375,127.0.0.1,8080,127.0.0.1,43350,0,benign
128.7874698638916,127.0.0.1,36658,127.0.0.1,8080,0,benign
128.78990054130554,127.0.0.1,36732,127.0.0.1,8080,163,benign
128.79607629776,127.0.0.1,8080,127.0.0.1,36658,56,benign
128.80792880058289,127.0.0.1,36644,127.0.0.1,8080,163,benign
128.84093356132507,127.0.0.1,36708,127.0.0.1,8080,163,benign
128.87048316001892,127.0.0.1,36790,127.0.0.1,8080,163,benign
128.92624831199646,127.0.0.1,8083,127.0.0.1,60204,138,benign
128.96471977233887,127.0.0.1,8082,127.0.0.1,55654,198,benign
128.98640823364258,127.0.0.1,55654,127.0.0.1,8082,0,benign
129.0189106464386,127.0.0.1,8080,127.0.0.1,36732,138,benign
129.05169081687927,127.0.0.1,8080,127.0.0.1,36644,138,benign
129.12893176078796,127.0.0.1,36644,127.0.0.1,8080,0,benign
129.1412353515625,127.0.0.1,8083,127.0.0.1,58906,138,benign
129.15595889091492,127.0.0.1,58906,127.0.0.1,8083,0,benign
129.1938705444336,127.0.0.1,8083,127.0.0.1,58906,60,benign
129.26436042785645,127.0.0.1,58906,127.0.0.1,8083,0,benign
129.3137435913086,127.0.0.1,36854,127.0.0.1,8080,163,benign
129.4836299419403,127.0.0.1,36658,127.0.0.1,8080,0,benign
129.55928754806519,127.0.0.1,8080,127.0.0.1,36644,56,benign
129.61258053779602,127.0.0.1,36644,127.0.0.1,8080,0,benign
129.67444133758545,127.0.0.1,8080,127.0.0.1,36790,138,benign
129.73382568359375,127.0.0.1,8080,127.0.0.1,36854,194,benign
129.94050192832947,127.0.0.1,36854,127.0.0.1,8080,0,benign
129.9853994846344,127.0.0.1,40066,127.0.0.1,8081,167,benign
130.04510116577148,127.0.0.1,8081,127.0.0.1,40066,0,benign
130.06232285499573,127.0.0.1,36658,127.0.0.1,8080,163,benign
130.09445762634277,127.0.0.1,8080,127.0.0.1,43374,0,benign
130.14335703849792,127.0.0.1,8080,127.0.0.1,36708,194,benign
130.16560101509094,127.0.0.1,36708,127.0.0.1,8080,0,benign
130.1941113471985,127.0.0.1,8080,127.0.0.1,36658,138,benign
130.23158168792725,127.0.0.1,8080,127.0.0.1,44302,0,benign
130.25722813606262,127.0.0.1,8080,127.0.0.1,36858,194,benign
130.26414799690247,127.0.0.1,36858,127.0.0.1,8080,0,benign
130.29604578018188,127.0.0.1,37148,127.0.0.1,8082,167,benign
130.3087556362152,127.0.0.1,45134,127.0.0.1,8080,0,benign
130.35111498832703,127.0.0.1,8080,127.0.0.1,45134,0,benign
130.40360307693481,127.0.0.1,8082,127.0.0.1,37148,0,benign
130.4183042049408,127.0.0.1,45134,127.0.0.1,8080,0,benign
130.4217562675476,127.0.0.1,45134,127.0.0.1,8080,163,benign
130.43733859062195,127.0.0.1,8080,127.0.0.1,45134,0,benign
130.46136355400085,127.0.0.1,8080,127.0.0.1,36698,56,benign
130.46632933616638,127.0.0.1,36698,127.0.0.1,8080,0,benign
130.47146439552307,127.0.0.1,36698,127.0.0.1,8080,163,benign
130.4748330116272,127.0.0.1,60190,127.0.0.1,8083,0,benign
130.47860288619995,127.0.0.1,8083,127.0.0.1,60190,60,benign
130.4905924797058,127.0.0.1,60190,127.0.0.1,8083,0,benign
130.49714612960815,127.0.0.1,8080,127.0.0.1,36698,138,benign
130.50640892982483,127.0.0.1,44308,127.0.0.1,8080,0,benign
130.51339626312256,127.0.0.1,36586,127.0.0.1,8080,163,benign
130.52471017837524,127.0.0.1,8080,127.0.0.1,36586,138,benign
130.5407509803772,127.0.0.1,8082,127.0.0.1,42714,60,benign
130.5486707687378,127.0.0.1,42714,127.0.0.1,8082,0,benign
130.55519676208496,127.0.0.1,44322,127.0.0.1,8080,0,benign
130.58843970298767,127.0.0.1,36804,127.0.0.1,8080,0,benign
130.60399961471558,127.0.0.1,44336,127.0.0.1,8080,0,benign
130.61442351341248,127.0.0.1,36612,127.0.0.1,8080,163,benign
130.61690282821655,127.0.0.1,8080,127.0.0.1,36804,56,benign
130.61932349205017,127.0.0.1,36804,127.0.0.1,8080,0,benign
130.6307408809662,127.0.0.1,8080,127.0.0.1,36612,138,benign
130.63613891601562,127.0.0.1,8080,127.0.0.1,36612,56,benign
130.67776536941528,127.0.0.1,36612,127.0.0.1,8080,0,benign
130.69517374038696,127.0.0.1,8081,127.0.0.1,37594,138,benign
130.6978783607483,127.0.0.1,45142,127.0.0.1,8080,0,benign
130.700510263443,127.0.0.1,8080,127.0.0.1,45142,0,benign
130.7129261493683,127.0.0.1,45142,127.0.0.1,8080,0,benign
130.7988796234131,127.0.0.1,8082,127.0.0.1,55654,198,benign
130.81344175338745,127.0.0.1,55654,127.0.0.1,8082,0,benign
130.81606888771057,127.0.0.1,36804,127.0.0.1,8080,163,benign
130.81851291656494,127.0.0.1,8080,127.0.0.1,36804,138,benign
130.8266680240631,127.0.0.1,45148,127.0.0.1,8080,0,benign
130.83108401298523,127.0.0.1,8080,127.0.0.1,45148,0,benign
130.83864068984985,127.0.0.1,45142,127.0.0.1,8080,163,benign
130.84471011161804,127.0.0.1,45148,127.0.0.1,8080,0,benign
130.84979462623596,127.0.0.1,8080,127.0.0.1,45142,0,benign
130.8666684627533,127.0.0.1,45148,127.0.0.1,8080,167,benign
130.8694884777069,127.0.0.1,8080,127.0.0.1,45148,0,benign
130.87479162216187,127.0.0.1,44348,127.0.0.1,8080,0,benign
130.87735986709595,127.0.0.1,36612,127.0.0.1,8080,163,benign
130.88477897644043,127.0.0.1,8082,127.0.0.1,55646,138,benign
130.90564966201782,127.0.0.1,55646,127.0.0.1,8082,0,benign
130.91517233848572,127.0.0.1,8082,127.0.0.1,55646,60,benign
130.92000889778137,127.0.0.1,55646,127.0.0.1,8082,0,benign
130.92450547218323,127.0.0.1,36698,127.0.0.1,8080,0,benign
130.9314260482788,127.0.0.1,8080,127.0.0.1,36612,138,benign
130.93473887443542,127.0.0.1,36586,127.0.0.1,8080,0,benign
130.93837571144104,127.0.0.1,8080,127.0.0.1,44308,0,benign
130.9411301612854,127.0.0.1,8080,127.0.0.1,36698,56,benign
130.9434745311737,127.0.0.1,36698,127.0.0.1,8080,0,benign
130.95264387130737,127.0.0.1,8080,127.0.0.1,36586,56,benign
130.9594602584839,127.0.0.1,36586,127.0.0.1,8080,0,benign
130.9720060825348,127.0.0.1,8080,127.0.0.1,44322,0,benign
130.99668502807617,127.0.0.1,36586,127.0.0.1,8080,163,benign
131.01173782348633,127.0.0.1,8080,127.0.0.1,36586,138,benign
131.0241415500641,127.0.0.1,45152,127.0.0.1,8080,0,benign
131.06176567077637,127.0.0.1,8080,127.0.0.1,45152,0,benign
131.0899693965912,127.0.0.1,45152,127.0.0.1,8080,0,benign
131.11127614974976,127.0.0.1,8080,127.0.0.1,44336,0,benign
131.12716054916382,127.0.0.1,37608,127.0.0.1,8081,167,benign
131.14616179466248,127.0.0.1,45152,127.0.0.1,8080,163,benign
131.1706943511963,127.0.0.1,8080,127.0.0.1,45152,0,benign
131.22096419334412,127.0.0.1,8081,127.0.0.1,37608,0,benign
131.31540274620056,127.0.0.1,8081,127.0.0.1,37594,60,benign
131.3560357093811,127.0.0.1,37594,127.0.0.1,8081,0,benign
131.39039039611816,127.0.0.1,37594,127.0.0.1,8081,0,benign
131.43263220787048,127.0.0.1,44376,127.0.0.1,8080,0,benign
131.44508600234985,127.0.0.1,45162,127.0.0.1,8080,0,benign
131.4633867740631,127.0.0.1,8080,127.0.0.1,45162,0,benign
131.5112268924713,127.0.0.1,45162,127.0.0.1,8080,0,benign
131.5790057182312,127.0.0.1,45162,127.0.0.1,8080,167,benign
131.6212661266327,127.0.0.1,8080,127.0.0.1,45162,0,benign
131.64932918548584,127.0.0.1,44354,127.0.0.1,8080,0,benign
131.72994089126587,127.0.0.1,36804,127.0.0.1,8080,0,benign
131.91690707206726,127.0.0.1,8080,127.0.0.1,36804,56,benign
132.02958416938782,127.0.0.1,36804,127.0.0.1,8080,0,benign
132.1337170600891,127.0.0.1,36698,127.0.0.1,8080,163,benign
132.20566391944885,127.0.0.1,8080,127.0.0.1,36698,138,benign
132.28157210350037,127.0.0.1,60190,127.0.0.1,8083,167,benign
132.3565971851349,127.0.0.1,8083,127.0.0.1,60190,0,benign
132.3686146736145,127.0.0.1,44364,127.0.0.1,8080,0,benign
132.44976782798767,127.0.0.1,8080,127.0.0.1,44348,0,benign
132.60479545593262,127.0.0.1,45170,127.0.0.1,8080,0,benign
132.69485425949097,127.0.0.1,8080,127.0.0.1,45170,0,benign
132.77966237068176,127.0.0.1,45170,127.0.0.1,8080,0,benign
132.82314825057983,127.0.0.1,45170,127.0.0.1,8080,163,benign
132.86647963523865,127.0.0.1,8080,127.0.0.1,45170,0,benign
132.8742082118988,127.0.0.1,8082,127.0.0.1,37148,138,benign
132.89273309707642,127.0.0.1,37148,127.0.0.1,8082,0,benign
132.9253122806549,127.0.0.1,8082,127.0.0.1,37148,60,benign
132.95060276985168,127.0.0.1,37148,127.0.0.1,8082,0,benign
132.96144151687622,127.0.0.1,36612,127.0.0.1,8080,0,benign
132.9666919708252,127.0.0.1,8080,127.0.0.1,45352,0,benign
132.99995303153992,127.0.0.1,8080,127.0.0.1,36854,0,benign
133.04338335990906,127.0.0.1,8080,127.0.0.1,45366,0,benign
133.05313920974731,127.0.0.1,45374,127.0.0.1,8080,0,benign
133.06250262260437,127.0.0.1,36554,127.0.0.1,8080,163,benign
133.0666859149933,127.0.0.1,8080,127.0.0.1,36698,0,benign
133.09354496002197,127.0.0.1,8083,127.0.0.1,60200,198,benign
133.17630529403687,127.0.0.1,60200,127.0.0.1,8083,0,benign
133.20320200920105,127.0.0.1,60200,127.0.0.1,8083,167,benign
133.23800778388977,127.0.0.1,8083,127.0.0.1,60200,0,benign
133.2994260787964,127.0.0.1,8080,127.0.0.1,57092,138,benign
133.35840606689453,127.0.0.1,57092,127.0.0.1,8080,0,benign
133.42860627174377,127.0.0.1,8080,127.0.0.1,57108,138,benign
133.45651125907898,127.0.0.1,57108,127.0.0.1,8080,0,benign
133.47300028800964,127.0.0.1,8080,127.0.0.1,36586,138,benign
133.5195050239563,127.0.0.1,8080,127.0.0.1,36708,194,benign
133.5579445362091,127.0.0.1,8080,127.0.0.1,36854,194,benign
133.61381220817566,127.0.0.1,36854,127.0.0.1,8080,0,benign
133.69879174232483,127.0.0.1,8080,127.0.0.1,36698,138,benign
133.75100183486938,127.0.0.1,36698,127.0.0.1,8080,0,benign
133.7829930782318,127.0.0.1,8080,127.0.0.1,36554,194,benign
133.84346508979797,127.0.0.1,36554,127.0.0.1,8080,0,benign
133.89546132087708,127.0.0.1,8080,127.0.0.1,36698,56,benign
134.00345063209534,127.0.0.1,8080,127.0.0.1,45374,0,benign
134.057222366333,127.0.0.1,8080,127.0.0.1,57096,198,benign
134.0811493396759,127.0.0.1,57096,127.0.0.1,8080,0,benign
134.1299011707306,127.0.0.1,36698,127.0.0.1,8080,0,benign
134.1787407398224,127.0.0.1,36698,127.0.0.1,8080,163,benign
134.2222740650177,127.0.0.1,8080,127.0.0.1,36698,0,benign
134.26973295211792,127.0.0.1,36612,127.0.0.1,8080,163,benign
134.3333864212036,127.0.0.1,8080,127.0.0.1,36698,138,benign
134.383802652359,127.0.0.1,8080,127.0.0.1,36612,138,benign
134.39077758789062,127.0.0.1,8080,127.0.0.1,36612,56,benign
134.40054869651794,127.0.0.1,36554,127.0.0.1,8080,163,benign
134.43480896949768,127.0.0.1,8080,127.0.0.1,36554,138,benign
134.47275495529175,127.0.0.1,46052,127.0.0.1,8080,0,benign
134.4866225719452,127.0.0.1,8080,127.0.0.1,46052,0,benign
134.49891686439514,127.0.0.1,46052,127.0.0.1,8080,0,benign
134.50159907341003,127.0.0.1,46056,127.0.0.1,8080,0,benign
134.50548768043518,127.0.0.1,8080,127.0.0.1,46056,0,benign
134.51827692985535,127.0.0.1,46056,127.0.0.1,8080,0,benign
134.63551306724548,127.0.0.1,45378,127.0.0.1,8080,0,benign
134.76065683364868,127.0.0.1,36612,127.0.0.1,8080,0,benign
134.79155611991882,127.0.0.1,36612,127.0.0.1,8080,163,benign
134.81300258636475,127.0.0.1,8080,127.0.0.1,36612,138,benign
134.83725118637085,127.0.0.1,46056,127.0.0.1,8080,167,benign
134.8800904750824,127.0.0.1,8080,127.0.0.1,46056,0,benign
134.94460368156433,127.0.0.1,46052,127.0.0.1,8080,163,benign
135.1085774898529,127.0.0.1,8080,127.0.0.1,46052,0,benign
135.16563200950623,127.0.0.1,36790,127.0.0.1,8080,163,benign
135.2249734401703,127.0.0.1,40066,127.0.0.1,8081,167,benign
135.3036937713623,127.0.0.1,8081,127.0.0.1,40066,0,benign
135.36042618751526,127.0.0.1,8080,127.0.0.1,36790,194,benign
135.38871502876282,127.0.0.1,36790,127.0.0.1,8080,0,benign
135.46826577186584,127.0.0.1,46068,127.0.0.1,8080,0,benign
135.52170300483704,127.0.0.1,8080,127.0.0.1,46068,0,benign
135.56832122802734,127.0.0.1,46068,127.0.0.1,8080,0,benign
135.61789202690125,127.0.0.1,46068,127.0.0.1,8080,163,benign
135.640394449234,127.0.0.1,8080,127.0.0.1,46068,0,benign
135.6433138847351,127.0.0.1,36708,127.0.0.1,8080,0,benign
135.66965794563293,127.0.0.1,36586,127.0.0.1,8080,0,benign
135.69317197799683,127.0.0.1,8080,127.0.0.1,36586,56,benign
135.7096710205078,127.0.0.1,36586,127.0.0.1,8080,0,benign
135.7181751728058,127.0.0.1,45388,127.0.0.1,8080,0,benign
135.73570251464844,127.0.0.1,36770,127.0.0.1,8080,163,benign
135.7600793838501,127.0.0.1,8080,127.0.0.1,36770,138,benign
135.78784275054932,127.0.0.1,45954,127.0.0.1,8080,0,benign
135.80691075325012,127.0.0.1,8083,127.0.0.1,60204,138,benign
135.82378149032593,127.0.0.1,60204,127.0.0.1,8083,0,benign
135.8365352153778,127.0.0.1,8083,127.0.0.1,60204,60,benign
135.85389852523804,127.0.0.1,60204,127.0.0.1,8083,0,benign
135.8772964477539,127.0.0.1,36858,127.0.0.1,8080,0,benign
135.88797736167908,127.0.0.1,36708,127.0.0.1,8080,0,benign
135.94537043571472,127.0.0.1,36554,127.0.0.1,8080,163,benign
136.0237011909485,127.0.0.1,8080,127.0.0.1,36708,56,benign
136.1067464351654,127.0.0.1,8080,127.0.0.1,36858,56,benign
136.1796293258667,127.0.0.1,36708,127.0.0.1,8080,0,benign
136.2027645111084,127.0.0.1,36858,127.0.0.1,8080,0,benign
136.284086227417,127.0.0.1,36790,127.0.0.1,8080,163,benign
136.33630275726318,127.0.0.1,8080,127.0.0.1,36554,138,benign
136.45119166374207,127.0.0.1,8080,127.0.0.1,36790,194,benign
136.47922825813293,127.0.0.1,36790,127.0.0.1,8080,0,benign
136.5398826599121,127.0.0.1,36708,127.0.0.1,8080,163,benign
136.56179547309875,127.0.0.1,36790,127.0.0.1,8080,163,benign
136.58087182044983,127.0.0.1,8080,127.0.0.1,36708,138,benign
136.59035229682922,127.0.0.1,45972,127.0.0.1,8080,0,benign
136.59446501731873,127.0.0.1,8080,127.0.0.1,36790,138,benign
136.6070215702057,127.0.0.1,60220,127.0.0.1,8083,0,benign
136.6111180782318,127.0.0.1,8083,127.0.0.1,60220,60,benign
136.62853908538818,127.0.0.1,60220,127.0.0.1,8083,0,benign
136.63179349899292,127.0.0.1,8081,127.0.0.1,40048,60,benign
136.63664984703064,127.0.0.1,40048,127.0.0.1,8081,0,benign
136.64888262748718,127.0.0.1,45990,127.0.0.1,8080,0,benign
136.66035151481628,127.0.0.1,45948,127.0.0.1,8080,0,benign
136.6942801475525,127.0.0.1,59458,127.0.0.1,8080,0,benign
136.7312307357788,127.0.0.1,8080,127.0.0.1,59458,0,benign
136.8171706199646,127.0.0.1,59458,127.0.0.1,8080,0,benign
136.88232374191284,127.0.0.1,45956,127.0.0.1,8080,0,benign
136.91028380393982,127.0.0.1,36698,127.0.0.1,8080,163,benign
136.9309914112091,127.0.0.1,8080,127.0.0.1,36698,138,benign
136.9576234817505,127.0.0.1,8080,127.0.0.1,36698,56,benign
137.00787663459778,127.0.0.1,8080,127.0.0.1,36586,56,benign
137.06225395202637,127.0.0.1,36586,127.0.0.1,8080,0,benign
137.1088695526123,127.0.0.1,36698,127.0.0.1,8080,0,benign
137.1189682483673,127.0.0.1,46004,127.0.0.1,8080,0,benign
137.1560730934143,127.0.0.1,45974,127.0.0.1,8080,0,benign
137.1987819671631,127.0.0.1,59458,127.0.0.1,8080,163,benign
137.25292682647705,127.0.0.1,8080,127.0.0.1,59458,0,benign
137.28838849067688,127.0.0.1,36854,127.0.0.1,8080,0,benign
137.35519886016846,127.0.0.1,8080,127.0.0.1,36854,56,benign
137.44214010238647,127.0.0.1,8082,127.0.0.1,37148,198,benign
137.49450182914734,127.0.0.1,37148,127.0.0.1,8082,0,benign
137.61184906959534,127.0.0.1,36732,127.0.0.1,8080,163,benign
137.6694929599762,127.0.0.1,8080,127.0.0.1,45954,0,benign
137.7255575656891,127.0.0.1,8080,127.0.0.1,36770,56,benign
137.77480673789978,127.0.0.1,36770,127.0.0.1,8080,0,benign
137.81656908988953,127.0.0.1,36586,127.0.0.1,8080,163,benign
137.8493297100067,127.0.0.1,46002,127.0.0.1,8080,0,benign
137.98347187042236,127.0.0.1,8080,127.0.0.1,36732,194,benign
138.14875769615173,127.0.0.1,36732,127.0.0.1,8080,0,benign
138.23408889770508,127.0.0.1,36612,127.0.0.1,8080,163,benign
138.32214665412903,127.0.0.1,36858,127.0.0.1,8080,163,benign
138.44339656829834,127.0.0.1,8080,127.0.0.1,36586,138,benign
138.50999689102173,127.0.0.1,8080,127.0.0.1,36858,138,benign
138.56604194641113,127.0.0.1,8080,127.0.0.1,36612,138,benign
138.60294127464294,127.0.0.1,36612,127.0.0.1,8080,0,benign
138.69096326828003,127.0.0.1,8080,127.0.0.1,36612,56,benign
138.8190803527832,127.0.0.1,36612,127.0.0.1,8080,0,benign
138.88818788528442,127.0.0.1,36554,127.0.0.1,8080,0,benign
138.97214722633362,127.0.0.1,8080,127.0.0.1,36554,56,benign
139.01160383224487,127.0.0.1,36804,127.0.0.1,8080,163,benign
139.11458563804626,127.0.0.1,46018,127.0.0.1,8080,0,benign
139.2376651763916,127.0.0.1,36698,127.0.0.1,8080,163,benign
139.2764186859131,127.0.0.1,36854,127.0.0.1,8080,0,benign
139.29065418243408,127.0.0.1,59470,127.0.0.1,8080,0,benign
139.31766605377197,127.0.0.1,8080,127.0.0.1,59470,0,benign
139.3394296169281,127.0.0.1,59470,127.0.0.1,8080,0,benign
139.34241557121277,127.0.0.1,8080,127.0.0.1,36698,138,benign
139.35403180122375,127.0.0.1,8080,127.0.0.1,36804,138,benign
139.44796991348267,127.0.0.1,36804,127.0.0.1,8080,0,benign
139.59372425079346,127.0.0.1,8080,127.0.0.1,36804,56,benign
139.6214952468872,127.0.0.1,36804,127.0.0.1,8080,0,benign
139.6513476371765,127.0.0.1,8080,127.0.0.1,45972,0,benign
139.66038608551025,127.0.0.1,36790,127.0.0.1,8080,0,benign
139.72528791427612,127.0.0.1,36708,127.0.0.1,8080,0,benign
139.7725489139557,127.0.0.1,8080,127.0.0.1,36708,56,benign
139.82696866989136,127.0.0.1,8080,127.0.0.1,36790,56,benign
139.84412741661072,127.0.0.1,36790,127.0.0.1,8080,0,benign
139.8978374004364,127.0.0.1,36708,127.0.0.1,8080,0,benign
139.9828336238861,127.0.0.1,8083,127.0.0.1,58906,198,benign
140.0475344657898,127.0.0.1,58906,127.0.0.1,8083,0,benign
140.07981324195862,127.0.0.1,36554,127.0.0.1,8080,0,benign
140.13521695137024,127.0.0.1,59476,127.0.0.1,8080,0,benign
140.16046738624573,127.0.0.1,8080,127.0.0.1,59476,0,benign
140.19267535209656,127.0.0.1,59476,127.0.0.1,8080,0,benign
140.2361707687378,127.0.0.1,36612,127.0.0.1,8080,163,benign
140.26835107803345,127.0.0.1,36666,127.0.0.1,8080,163,benign
140.29376244544983,127.0.0.1,8080,127.0.0.1,36612,138,benign
140.31581234931946,127.0.0.1,59470,127.0.0.1,8080,163,benign
140.34809637069702,127.0.0.1,8080,127.0.0.1,59470,0,benign
140.3708655834198,127.0.0.1,59492,127.0.0.1,8080,0,benign
140.380389213562,127.0.0.1,8080,127.0.0.1,59492,0,benign
140.4128053188324,127.0.0.1,59492,127.0.0.1,8080,0,benign
140.42619347572327,127.0.0.1,8080,127.0.0.1,45990,0,benign
140.42968273162842,127.0.0.1,8080,127.0.0.1,45948,0,benign
140.4338140487671,127.0.0.1,8080,127.0.0.1,36666,194,benign
140.43959617614746,127.0.0.1,36666,127.0.0.1,8080,0,benign
140.45908880233765,127.0.0.1,36854,127.0.0.1,8080,163,benign
140.4839222431183,127.0.0.1,58906,127.0.0.1,8083,167,benign
140.4956820011139,127.0.0.1,8083,127.0.0.1,58906,0,benign
140.5227975845337,127.0.0.1,8080,127.0.0.1,36854,138,benign
140.5474090576172,127.0.0.1,36790,127.0.0.1,8080,163,benign
140.5570423603058,127.0.0.1,59492,127.0.0.1,8080,163,benign
140.5664312839508,127.0.0.1,8080,127.0.0.1,59492,0,benign
140.5777404308319,127.0.0.1,46020,127.0.0.1,8080,0,benign
140.5807900428772,127.0.0.1,8080,127.0.0.1,36790,138,benign
140.59000158309937,127.0.0.1,8080,127.0.0.1,45956,0,benign
140.62595629692078,127.0.0.1,8080,127.0.0.1,45974,0,benign
140.632488489151,127.0.0.1,59476,127.0.0.1,8080,163,benign
140.6401824951172,127.0.0.1,8080,127.0.0.1,59476,0,benign
140.6425621509552,127.0.0.1,8080,127.0.0.1,46004,0,benign
140.65477013587952,127.0.0.1,60220,127.0.0.1,8083,167,benign
140.69596314430237,127.0.0.1,8083,127.0.0.1,60220,0,benign
140.73154401779175,127.0.0.1,36732,127.0.0.1,8080,163,benign
140.73568511009216,127.0.0.1,36770,127.0.0.1,8080,163,benign
140.74718737602234,127.0.0.1,8080,127.0.0.1,36732,194,benign
140.75146651268005,127.0.0.1,36732,127.0.0.1,8080,0,benign
140.76380133628845,127.0.0.1,8080,127.0.0.1,46002,0,benign
140.7698106765747,127.0.0.1,8080,127.0.0.1,36770,194,benign
140.7729787826538,127.0.0.1,36858,127.0.0.1,8080,0,benign
140.7779724597931,127.0.0.1,36586,127.0.0.1,8080,0,benign
140.78224301338196,127.0.0.1,8080,127.0.0.1,46018,0,benign
140.78506422042847,127.0.0.1,8080,127.0.0.1,36858,56,benign
140.78765225410461,127.0.0.1,8080,127.0.0.1,36586,56,benign
140.8129391670227,127.0.0.1,36858,127.0.0.1,8080,0,benign
140.8779227733612,127.0.0.1,36586,127.0.0.1,8080,0,benign
140.91417622566223,127.0.0.1,36770,127.0.0.1,8080,163,benign
140.95779180526733,127.0.0.1,36698,127.0.0.1,8080,0,benign
141.0060269832611,127.0.0.1,8080,127.0.0.1,59448,0,benign
141.07502675056458,127.0.0.1,36586,127.0.0.1,8080,0,benign
141.16354155540466,127.0.0.1,36698,127.0.0.1,8080,0,benign
141.21495032310486,127.0.0.1,8080,127.0.0.1,36698,56,benign
141.25449180603027,127.0.0.1,36698,127.0.0.1,8080,0,benign
141.31934595108032,127.0.0.1,8082,127.0.0.1,42714,198,benign
141.4132239818573,127.0.0.1,8083,127.0.0.1,60204,198,benign
141.48911499977112,127.0.0.1,60204,127.0.0.1,8083,0,benign
141.5476586818695,127.0.0.1,60204,127.0.0.1,8083,167,benign
141.59903621673584,127.0.0.1,8083,127.0.0.1,60204,0,benign
141.60974621772766,127.0.0.1,60288,127.0.0.1,8080,0,benign
141.63030362129211,127.0.0.1,8080,127.0.0.1,60288,0,benign
141.6525948047638,127.0.0.1,60288,127.0.0.1,8080,0,benign
141.90345692634583,127.0.0.1,60288,127.0.0.1,8080,163,benign
142.203449010849,127.0.0.1,8080,127.0.0.1,60288,0,benign
142.2639183998108,127.0.0.1,36770,127.0.0.1,8080,0,benign
142.31783056259155,127.0.0.1,8080,127.0.0.1,36770,56,benign
142.36389756202698,127.0.0.1,36770,127.0.0.1,8080,0,benign
142.45639061927795,127.0.0.1,59458,127.0.0.1,8080,0,benign
142.507328748703,127.0.0.1,36666,127.0.0.1,8080,163,benign
142.57589626312256,127.0.0.1,36854,127.0.0.1,8080,163,benign
142.59517455101013,127.0.0.1,8080,127.0.0.1,36666,138,benign
142.62002301216125,127.0.0.1,8080,127.0.0.1,36666,56,benign
142.71401643753052,127.0.0.1,8080,127.0.0.1,36854,194,benign
142.76541662216187,127.0.0.1,36854,127.0.0.1,8080,0,benign
142.7890555858612,127.0.0.1,36666,127.0.0.1,8080,0,benign
142.8358347415924,127.0.0.1,36854,127.0.0.1,8080,163,benign
142.86318445205688,127.0.0.1,60304,127.0.0.1,8080,0,benign
142.86815476417542,127.0.0.1,8080,127.0.0.1,60304,0,benign
142.87042832374573,127.0.0.1,8082,127.0.0.1,42720,138,benign
142.88787078857422,127.0.0.1,60304,127.0.0.1,8080,0,benign
142.89989352226257,127.0.0.1,42720,127.0.0.1,8082,0,benign
142.92405200004578,127.0.0.1,8082,127.0.0.1,42720,60,benign
142.92916536331177,127.0.0.1,42720,127.0.0.1,8082,0,benign
142.9328374862671,127.0.0.1,8080,127.0.0.1,36854,138,benign
142.936598777771,127.0.0.1,60304,127.0.0.1,8080,163,benign
142.939297914505,127.0.0.1,8080,127.0.0.1,60304,0,benign
142.9424180984497,127.0.0.1,37594,127.0.0.1,8081,167,benign
142.94959568977356,127.0.0.1,8081,127.0.0.1,37594,0,benign
142.95579504966736,127.0.0.1,59470,127.0.0.1,8080,0,benign
142.97163486480713,127.0.0.1,42714,127.0.0.1,8082,0,benign
142.97945499420166,127.0.0.1,59492,127.0.0.1,8080,0,benign
142.98193192481995,127.0.0.1,36770,127.0.0.1,8080,163,benign
142.99529337882996,127.0.0.1,8080,127.0.0.1,36770,138,benign
143.03372073173523,127.0.0.1,60312,127.0.0.1,8080,0,benign
143.04532074928284,127.0.0.1,8080,127.0.0.1,60312,0,benign
143.05145168304443,127.0.0.1,60312,127.0.0.1,8080,0,benign
143.0538408756256,127.0.0.1,60312,127.0.0.1,8080,163,benign
143.0570707321167,127.0.0.1,8080,127.0.0.1,60312,0,benign
143.06014776229858,127.0.0.1,59476,127.0.0.1,8080,0,benign
143.06563210487366,127.0.0.1,40066,127.0.0.1,8081,167,benign
143.07857084274292,127.0.0.1,8081,127.0.0.1,40066,0,benign
143.09611582756042,127.0.0.1,42720,127.0.0.1,8082,167,benign
143.10918021202087,127.0.0.1,8082,127.0.0.1,42720,0,benign
143.1112744808197,127.0.0.1,36698,127.0.0.1,8080,163,benign
143.1174738407135,127.0.0.1,8080,127.0.0.1,36698,194,benign
143.11962795257568,127.0.0.1,36698,127.0.0.1,8080,0,benign
143.12592768669128,127.0.0.1,60326,127.0.0.1,8080,0,benign
143.13384127616882,127.0.0.1,8080,127.0.0.1,60326,0,benign
143.14507865905762,127.0.0.1,60326,127.0.0.1,8080,0,benign
143.15445709228516,127.0.0.1,60326,127.0.0.1,8080,163,benign
143.19335317611694,127.0.0.1,8080,127.0.0.1,60326,0,benign
143.1997845172882,127.0.0.1,8080,127.0.0.1,59458,0,benign
143.2205035686493,127.0.0.1,59514,127.0.0.1,8080,0,benign
143.2373239994049,127.0.0.1,36854,127.0.0.1,8080,0,benign
143.23963522911072,127.0.0.1,59502,127.0.0.1,8080,0,benign
143.24178385734558,127.0.0.1,36586,127.0.0.1,8080,163,benign
143.2470452785492,127.0.0.1,60336,127.0.0.1,8080,0,benign
143.2537522315979,127.0.0.1,8080,127.0.0.1,60336,0,benign
143.25719118118286,127.0.0.1,60336,127.0.0.1,8080,0,benign
143.2710039615631,127.0.0.1,60336,127.0.0.1,8080,163,benign
143.2834870815277,127.0.0.1,8080,127.0.0.1,60336,0,benign
143.3019151687622,127.0.0.1,8080,127.0.0.1,36586,194,benign
143.3074541091919,127.0.0.1,36586,127.0.0.1,8080,0,benign
143.3208417892456,127.0.0.1,8080,127.0.0.1,36854,56,benign
143.32371878623962,127.0.0.1,36854,127.0.0.1,8080,0,benign
143.32658886909485,127.0.0.1,58906,127.0.0.1,8083,167,benign
143.32936024665833,127.0.0.1,8083,127.0.0.1,58906,0,benign
143.3319628238678,127.0.0.1,8083,127.0.0.1,60204,138,benign
143.334618806839,127.0.0.1,8080,127.0.0.1,59470,0,benign
143.36919569969177,127.0.0.1,36666,127.0.0.1,8080,163,benign
143.38240385055542,127.0.0.1,8080,127.0.0.1,36666,194,benign
143.3882372379303,127.0.0.1,36770,127.0.0.1,8080,0,benign
143.39319396018982,127.0.0.1,8080,127.0.0.1,59492,0,benign
143.41522479057312,127.0.0.1,8080,127.0.0.1,36770,56,benign
143.48215460777283,127.0.0.1,36770,127.0.0.1,8080,0,benign
143.49607849121094,127.0.0.1,59552,127.0.0.1,8080,0,benign
143.5016598701477,127.0.0.1,36666,127.0.0.1,8080,0,benign
143.52563738822937,127.0.0.1,36586,127.0.0.1,8080,163,benign
143.54892110824585,127.0.0.1,8080,127.0.0.1,36586,138,benign
143.60236716270447,127.0.0.1,59538,127.0.0.1,8080,0,benign
143.64031529426575,127.0.0.1,36770,127.0.0.1,8080,163,benign
143.6504945755005,127.0.0.1,59528,127.0.0.1,8080,0,benign
143.6837227344513,127.0.0.1,36666,127.0.0.1,8080,163,benign
143.7788393497467,127.0.0.1,8080,127.0.0.1,59838,0,benign
143.83448815345764,127.0.0.1,60220,127.0.0.1,8083,0,benign
143.97538876533508,127.0.0.1,8083,127.0.0.1,60220,60,benign
144.11054801940918,127.0.0.1,60220,127.0.0.1,8083,0,benign
144.2449607849121,127.0.0.1,8080,127.0.0.1,36666,138,benign
144.41075491905212,127.0.0.1,36698,127.0.0.1,8080,0,benign
144.43927097320557,127.0.0.1,8080,127.0.0.1,59830,0,benign
144.65486860275269,127.0.0.1,8080,127.0.0.1,36698,56,benign
144.7235882282257,127.0.0.1,36698,127.0.0.1,8080,0,benign
144.81441068649292,127.0.0.1,36854,127.0.0.1,8080,163,benign
144.94377946853638,127.0.0.1,8080,127.0.0.1,36854,194,benign
144.98802375793457,127.0.0.1,36854,127.0.0.1,8080,0,benign
145.10314321517944,127.0.0.1,36854,127.0.0.1,8080,163,benign
145.2390968799591,127.0.0.1,8080,127.0.0.1,59820,0,benign
145.29679942131042,127.0.0.1,8080,127.0.0.1,36854,138,benign
145.32143568992615,127.0.0.1,59848,127.0.0.1,8080,0,benign
145.35905694961548,127.0.0.1,60620,127.0.0.1,8080,0,benign
145.3723430633545,127.0.0.1,8080,127.0.0.1,60620,0,benign
145.37621116638184,127.0.0.1,60620,127.0.0.1,8080,0,benign
145.406809091568,127.0.0.1,60620,127.0.0.1,8080,163,benign
145.4307553768158,127.0.0.1,8080,127.0.0.1,60620,0,benign
145.44925594329834,127.0.0.1,8080,127.0.0.1,59844,0,benign
145.47882771492004,127.0.0.1,36804,127.0.0.1,8080,0,benign
145.54188632965088,127.0.0.1,8080,127.0.0.1,36804,56,benign
145.58318853378296,127.0.0.1,36804,127.0.0.1,8080,0,benign
145.58868265151978,127.0.0.1,36698,127.0.0.1,8080,163,benign
145.6083071231842,127.0.0.1,8080,127.0.0.1,59862,0,benign
145.61722445487976,127.0.0.1,8080,127.0.0.1,36698,138,benign
145.63882613182068,127.0.0.1,60622,127.0.0.1,8080,0,benign
145.67562770843506,127.0.0.1,8080,127.0.0.1,60622,0,benign
145.70839285850525,127.0.0.1,60622,127.0.0.1,8080,0,benign
145.71952986717224,127.0.0.1,36666,127.0.0.1,8080,0,benign
145.79639434814453,127.0.0.1,8080,127.0.0.1,36666,56,benign
145.83263063430786,127.0.0.1,36666,127.0.0.1,8080,0,benign
145.87958097457886,127.0.0.1,60630,127.0.0.1,8080,0,benign
145.95476627349854,127.0.0.1,8080,127.0.0.1,60630,0,benign
146.0237283706665,127.0.0.1,60630,127.0.0.1,8080,0,benign
146.11116886138916,127.0.0.1,36554,127.0.0.1,8080,163,benign
146.15595173835754,127.0.0.1,8080,127.0.0.1,36554,138,benign
146.2565746307373,127.0.0.1,8080,127.0.0.1,36554,56,benign
146.3104498386383,127.0.0.1,36554,127.0.0.1,8080,0,benign
146.38633942604065,127.0.0.1,36854,127.0.0.1,8080,0,benign
146.41811060905457,127.0.0.1,8080,127.0.0.1,36854,56,benign
146.45109510421753,127.0.0.1,36854,127.0.0.1,8080,0,benign
146.48579096794128,127.0.0.1,36854,127.0.0.1,8080,163,benign
146.54750871658325,127.0.0.1,8080,127.0.0.1,36854,138,benign
146.61299800872803,127.0.0.1,60622,127.0.0.1,8080,167,benign
146.67482352256775,127.0.0.1,8080,127.0.0.1,60622,0,benign
146.73499488830566,127.0.0.1,60630,127.0.0.1,8080,167,benign
146.83160758018494,127.0.0.1,8080,127.0.0.1,60630,0,benign
146.90613389015198,127.0.0.1,8080,127.0.0.1,59848,0,benign
147.0074565410614,127.0.0.1,60638,127.0.0.1,8080,0,benign
147.10227179527283,127.0.0.1,8080,127.0.0.1,60638,0,benign
147.12799739837646,127.0.0.1,60638,127.0.0.1,8080,0,benign
147.15673923492432,127.0.0.1,60220,127.0.0.1,8083,167,benign
147.18342399597168,127.0.0.1,8083,127.0.0.1,60220,0,benign
147.20898985862732,127.0.0.1,60638,127.0.0.1,8080,163,benign
147.25407648086548,127.0.0.1,8080,127.0.0.1,60638,0,benign
147.2784857749939,127.0.0.1,36698,127.0.0.1,8080,0,benign
147.30934357643127,127.0.0.1,8080,127.0.0.1,36698,56,benign
147.33082127571106,127.0.0.1,36698,127.0.0.1,8080,0,benign
147.34908890724182,127.0.0.1,36698,127.0.0.1,8080,163,benign
147.38685727119446,127.0.0.1,8080,127.0.0.1,36698,138,benign
147.43417191505432,127.0.0.1,58906,127.0.0.1,8083,167,benign
147.47033858299255,127.0.0.1,8083,127.0.0.1,58906,0,benign
147.4968454837799,127.0.0.1,59886,127.0.0.1,8080,0,benign
147.5000982284546,127.0.0.1,60646,127.0.0.1,8080,0,benign
147.50261878967285,127.0.0.1,8080,127.0.0.1,60646,0,benign
147.50855112075806,127.0.0.1,60646,127.0.0.1,8080,0,benign
147.51101994514465,127.0.0.1,60646,127.0.0.1,8080,163,benign
147.5189368724823,127.0.0.1,8080,127.0.0.1,60646,0,benign
147.56203436851501,127.0.0.1,42720,127.0.0.1,8082,167,benign
147.6126229763031,127.0.0.1,8082,127.0.0.1,42720,0,benign
147.69815754890442,127.0.0.1,8080,127.0.0.1,60418,0,benign
147.79424905776978,127.0.0.1,36770,127.0.0.1,8080,0,benign
147.81700992584229,127.0.0.1,36586,127.0.0.1,8080,0,benign
147.84387183189392,127.0.0.1,36666,127.0.0.1,8080,0,benign
147.84666419029236,127.0.0.1,60430,127.0.0.1,8080,0,benign
147.85043001174927,127.0.0.1,8080,127.0.0.1,36770,56,benign
147.87523531913757,127.0.0.1,8080,127.0.0.1,36586,56,benign
147.88873076438904,127.0.0.1,8080,127.0.0.1,36666,56,benign
147.90071368217468,127.0.0.1,36770,127.0.0.1,8080,0,benign
147.91191029548645,127.0.0.1,36790,127.0.0.1,8080,163,benign
147.91726279258728,127.0.0.1,8080,127.0.0.1,36790,194,benign
147.93213868141174,127.0.0.1,36790,127.0.0.1,8080,0,benign
147.9751489162445,127.0.0.1,36586,127.0.0.1,8080,0,benign
148.0113184452057,127.0.0.1,36666,127.0.0.1,8080,0,benign
148.06206560134888,127.0.0.1,36770,127.0.0.1,8080,163,benign
148.12836337089539,127.0.0.1,8080,127.0.0.1,36770,0,benign
148.3111264705658,127.0.0.1,36666,127.0.0.1,8080,163,benign
148.44699692726135,127.0.0.1,8080,127.0.0.1,36666,0,benign
148.51165962219238,127.0.0.1,8080,127.0.0.1,36770,138,benign
148.66640424728394,127.0.0.1,8080,127.0.0.1,60424,0,benign
148.76158952713013,127.0.0.1,8080,127.0.0.1,36666,138,benign
148.80371594429016,127.0.0.1,36854,127.0.0.1,8080,163,benign
148.8545503616333,127.0.0.1,60434,127.0.0.1,8080,0,benign
148.98822379112244,127.0.0.1,36612,127.0.0.1,8080,0,benign
149.06157159805298,127.0.0.1,8080,127.0.0.1,36612,56,benign
149.1013057231903,127.0.0.1,40082,127.0.0.1,8081,167,benign
149.1522183418274,127.0.0.1,8081,127.0.0.1,40082,0,benign
149.34275221824646,127.0.0.1,8080,127.0.0.1,36854,194,benign
149.44732189178467,127.0.0.1,36854,127.0.0.1,8080,0,benign
149.72788429260254,127.0.0.1,8081,127.0.0.1,40048,198,benign
149.7422547340393,127.0.0.1,40048,127.0.0.1,8081,0,benign
149.767826795578,127.0.0.1,36612,127.0.0.1,8080,0,benign
149.7709186077118,127.0.0.1,32938,127.0.0.1,8080,0,benign
149.8010127544403,127.0.0.1,8080,127.0.0.1,32938,0,benign
149.88745284080505,127.0.0.1,32938,127.0.0.1,8080,0,benign
149.98002195358276,127.0.0.1,60458,127.0.0.1,8080,0,benign
150.0500946044922,127.0.0.1,32938,127.0.0.1,8080,163,benign
150.13019132614136,127.0.0.1,8080,127.0.0.1,32938,0,benign
150.1806869506836,127.0.0.1,60220,127.0.0.1,8083,0,benign
150.20209503173828,127.0.0.1,8083,127.0.0.1,60220,60,benign
150.21969270706177,127.0.0.1,60220,127.0.0.1,8083,0,benign
150.2415850162506,127.0.0.1,36612,127.0.0.1,8080,163,benign
150.27540731430054,127.0.0.1,37148,127.0.0.1,8082,167,benign
150.30185651779175,127.0.0.1,8082,127.0.0.1,37148,0,benign
150.3070466518402,127.0.0.1,8080,127.0.0.1,36612,138,benign
150.3279571533203,127.0.0.1,36804,127.0.0.1,8080,163,benign
150.40094685554504,127.0.0.1,8080,127.0.0.1,36804,194,benign
150.50212979316711,127.0.0.1,36854,127.0.0.1,8080,163,benign
150.5565869808197,127.0.0.1,8083,127.0.0.1,60200,138,benign
150.59438800811768,127.0.0.1,8080,127.0.0.1,36854,138,benign
150.62451362609863,127.0.0.1,60476,127.0.0.1,8080,0,benign
150.6415877342224,127.0.0.1,60470,127.0.0.1,8080,0,benign
150.68362545967102,127.0.0.1,60492,127.0.0.1,8080,0,benign
150.7139949798584,127.0.0.1,8080,127.0.0.1,60430,0,benign
150.7730963230133,127.0.0.1,42714,127.0.0.1,8082,167,benign
150.78147673606873,127.0.0.1,8082,127.0.0.1,42714,0,benign
150.78525924682617,127.0.0.1,60450,127.0.0.1,8080,0,benign
150.864164352417,127.0.0.1,36698,127.0.0.1,8080,163,benign
150.8973355293274,127.0.0.1,36770,127.0.0.1,8080,0,benign
150.93049144744873,127.0.0.1,8080,127.0.0.1,36770,56,benign
151.0093286037445,127.0.0.1,36804,127.0.0.1,8080,163,benign
151.1256124973297,127.0.0.1,8080,127.0.0.1,36698,194,benign
151.19974040985107,127.0.0.1,8080,127.0.0.1,60434,0,benign
151.3081030845642,127.0.0.1,36666,127.0.0.1,8080,0,benign
151.3552234172821,127.0.0.1,8080,127.0.0.1,36666,56,benign
151.402446269989,127.0.0.1,36790,127.0.0.1,8080,163,benign
151.493554353714,127.0.0.1,32954,127.0.0.1,8080,0,benign
151.56479263305664,127.0.0.1,8080,127.0.0.1,32954,0,benign
151.6119842529297,127.0.0.1,32954,127.0.0.1,8080,0,benign
151.70080184936523,127.0.0.1,8080,127.0.0.1,36804,138,benign
151.72954440116882,127.0.0.1,8080,127.0.0.1,36790,194,benign
151.8126997947693,127.0.0.1,36790,127.0.0.1,8080,0,benign
151.97888612747192,127.0.0.1,36666,127.0.0.1,8080,0,benign
152.11132836341858,127.0.0.1,32954,127.0.0.1,8080,163,benign
152.1587529182434,127.0.0.1,8080,127.0.0.1,32954,0,benign
152.31997203826904,127.0.0.1,36770,127.0.0.1,8080,0,benign
152.42236971855164,127.0.0.1,8080,127.0.0.1,60458,0,benign
152.5028772354126,127.0.0.1,32970,127.0.0.1,8080,0,benign
152.62691712379456,127.0.0.1,8080,127.0.0.1,32970,0,benign
152.67338347434998,127.0.0.1,32970,127.0.0.1,8080,0,benign
152.75962352752686,127.0.0.1,32978,127.0.0.1,8080,0,benign
152.79934191703796,127.0.0.1,8080,127.0.0.1,32978,0,benign
152.82745718955994,127.0.0.1,32978,127.0.0.1,8080,0,benign
152.84803700447083,127.0.0.1,36586,127.0.0.1,8080,163,benign
152.8723850250244,127.0.0.1,8080,127.0.0.1,36586,0,benign
152.93301129341125,127.0.0.1,32978,127.0.0.1,8080,163,benign
152.9663746356964,127.0.0.1,8080,127.0.0.1,32978,0,benign
153.1040816307068,127.0.0.1,60494,127.0.0.1,8080,0,benign
153.23484420776367,127.0.0.1,60512,127.0.0.1,8080,0,benign
153.33226561546326,127.0.0.1,36698,127.0.0.1,8080,163,benign
153.39103484153748,127.0.0.1,8080,127.0.0.1,36586,194,benign
153.42876625061035,127.0.0.1,36612,127.0.0.1,8080,0,benign
153.44993114471436,127.0.0.1,8080,127.0.0.1,36698,138,benign
153.47041487693787,127.0.0.1,36790,127.0.0.1,8080,163,benign
153.48522329330444,127.0.0.1,32986,127.0.0.1,8080,0,benign
153.50840973854065,127.0.0.1,8080,127.0.0.1,32986,0,benign
153.51147890090942,127.0.0.1,32986,127.0.0.1,8080,0,benign
153.52680945396423,127.0.0.1,36770,127.0.0.1,8080,163,benign
153.5356421470642,127.0.0.1,36586,127.0.0.1,8080,0,benign
153.55772352218628,127.0.0.1,36854,127.0.0.1,8080,0,benign
153.56195402145386,127.0.0.1,60200,127.0.0.1,8083,0,benign
153.5648283958435,127.0.0.1,8080,127.0.0.1,36612,56,benign
153.64094376564026,127.0.0.1,36586,127.0.0.1,8080,163,benign
153.71514081954956,127.0.0.1,8083,127.0.0.1,60200,60,benign
153.83474373817444,127.0.0.1,60200,127.0.0.1,8083,0,benign
153.85414147377014,127.0.0.1,36612,127.0.0.1,8080,0,benign
153.92108941078186,127.0.0.1,8080,127.0.0.1,36854,56,benign
154.07689714431763,127.0.0.1,36854,127.0.0.1,8080,0,benign
154.14231276512146,127.0.0.1,32970,127.0.0.1,8080,163,benign
154.2255506515503,127.0.0.1,8080,127.0.0.1,32970,0,benign
154.28223538398743,127.0.0.1,8080,127.0.0.1,36790,138,benign
154.3082115650177,127.0.0.1,8080,127.0.0.1,36770,138,benign
154.35026621818542,127.0.0.1,8080,127.0.0.1,60476,0,benign
154.36097502708435,127.0.0.1,8080,127.0.0.1,36586,138,benign
154.37914085388184,127.0.0.1,32990,127.0.0.1,8080,0,benign
154.3860569000244,127.0.0.1,8080,127.0.0.1,32990,0,benign
154.40995454788208,127.0.0.1,32990,127.0.0.1,8080,0,benign
154.44830775260925,127.0.0.1,36612,127.0.0.1,8080,163,benign
154.45505475997925,127.0.0.1,32986,127.0.0.1,8080,163,benign
154.4641785621643,127.0.0.1,8080,127.0.0.1,32986,0,benign
154.4669988155365,127.0.0.1,8080,127.0.0.1,60492,0,benign
154.476158618927,127.0.0.1,8080,127.0.0.1,60470,0,benign
154.5348207950592,127.0.0.1,8080,127.0.0.1,36612,138,benign
154.61208176612854,127.0.0.1,8082,127.0.0.1,42720,138,benign
154.72608757019043,127.0.0.1,42720,127.0.0.1,8082,0,benign
154.86321687698364,127.0.0.1,8082,127.0.0.1,42720,60,benign
154.89408111572266,127.0.0.1,42720,127.0.0.1,8082,0,benign
154.9026312828064,127.0.0.1,8080,127.0.0.1,60450,0,benign
154.90964484214783,127.0.0.1,42720,127.0.0.1,8082,167,benign
154.9820556640625,127.0.0.1,8082,127.0.0.1,42720,0,benign
154.9890103340149,127.0.0.1,32990,127.0.0.1,8080,163,benign
155.00446128845215,127.0.0.1,8080,127.0.0.1,32990,0,benign
155.03087735176086,127.0.0.1,8081,127.0.0.1,40082,198,benign
155.06607270240784,127.0.0.1,40082,127.0.0.1,8081,0,benign
155.07186365127563,127.0.0.1,60522,127.0.0.1,8080,0,benign
155.08902311325073,127.0.0.1,36804,127.0.0.1,8080,0,benign
155.0917100906372,127.0.0.1,8080,127.0.0.1,36804,56,benign
155.10845232009888,127.0.0.1,36804,127.0.0.1,8080,0,benign
155.11435794830322,127.0.0.1,55654,127.0.0.1,8082,167,benign
155.11690616607666,127.0.0.1,8082,127.0.0.1,55654,0,benign
155.12566423416138,127.0.0.1,32996,127.0.0.1,8080,0,benign
155.15141105651855,127.0.0.1,8080,127.0.0.1,32996,0,benign
155.18563151359558,127.0.0.1,32996,127.0.0.1,8080,0,benign
155.2007701396942,127.0.0.1,36732,127.0.0.1,8080,163,benign
155.21650195121765,127.0.0.1,32996,127.0.0.1,8080,163,benign
155.23453092575073,127.0.0.1,8080,127.0.0.1,32996,0,benign
155.29217791557312,127.0.0.1,8080,127.0.0.1,36732,194,benign
155.35291481018066,127.0.0.1,36732,127.0.0.1,8080,0,benign
155.42079305648804,127.0.0.1,8080,127.0.0.1,60494,0,benign
155.5264060497284,127.0.0.1,8080,127.0.0.1,60512,0,benign
155.58691358566284,127.0.0.1,36698,127.0.0.1,8080,0,benign
155.59255528450012,127.0.0.1,8080,127.0.0.1,36698,56,benign
155.599511384964,127.0.0.1,36698,127.0.0.1,8080,0,benign
155.60502076148987,127.0.0.1,36804,127.0.0.1,8080,163,benign
155.64146852493286,127.0.0.1,8080,127.0.0.1,36804,138,benign
155.65893411636353,127.0.0.1,36790,127.0.0.1,8080,0,benign
155.6794490814209,127.0.0.1,36770,127.0.0.1,8080,0,benign
155.69528675079346,127.0.0.1,8080,127.0.0.1,36790,56,benign
155.76504921913147,127.0.0.1,8080,127.0.0.1,36770,56,benign
155.81482863426208,127.0.0.1,36790,127.0.0.1,8080,0,benign
155.86771631240845,127.0.0.1,8082,127.0.0.1,37148,198,benign
155.9457552433014,127.0.0.1,37148,127.0.0.1,8082,0,benign
155.99802780151367,127.0.0.1,55646,127.0.0.1,8082,167,benign
156.02652025222778,127.0.0.1,8082,127.0.0.1,55646,0,benign
156.03475332260132,127.0.0.1,36586,127.0.0.1,8080,0,benign
156.03730130195618,127.0.0.1,8080,127.0.0.1,36586,56,benign
156.2617630958557,127.0.0.1,36612,127.0.0.1,8080,0,benign
156.28202080726624,127.0.0.1,8080,127.0.0.1,36612,56,benign
156.29511642456055,127.0.0.1,36586,127.0.0.1,8080,0,benign
156.31051397323608,127.0.0.1,36790,127.0.0.1,8080,163,benign
156.32549715042114,127.0.0.1,36612,127.0.0.1,8080,0,benign
156.37376379966736,127.0.0.1,8080,127.0.0.1,36790,138,benign
156.43401074409485,127.0.0.1,36770,127.0.0.1,8080,0,benign
156.52135109901428,127.0.0.1,36698,127.0.0.1,8080,163,benign
156.58246421813965,127.0.0.1,36586,127.0.0.1,8080,163,benign
156.62807869911194,127.0.0.1,32998,127.0.0.1,8080,0,benign
156.63559770584106,127.0.0.1,8080,127.0.0.1,32998,0,benign
156.63809037208557,127.0.0.1,32998,127.0.0.1,8080,0,benign
156.72004342079163,127.0.0.1,8080,127.0.0.1,36698,138,benign
156.75770831108093,127.0.0.1,8080,127.0.0.1,60522,0,benign
156.79149651527405,127.0.0.1,8080,127.0.0.1,36586,138,benign
156.88003587722778,127.0.0.1,33006,127.0.0.1,8080,0,benign
156.91947054862976,127.0.0.1,8080,127.0.0.1,33006,0,benign
156.9229121208191,127.0.0.1,33006,127.0.0.1,8080,0,benign
156.92543625831604,127.0.0.1,40082,127.0.0.1,8081,167,benign
156.92781853675842,127.0.0.1,8081,127.0.0.1,40082,0,benign
156.93007898330688,127.0.0.1,32998,127.0.0.1,8080,163,benign
156.93481397628784,127.0.0.1,8080,127.0.0.1,32998,0,benign
156.94173502922058,127.0.0.1,33006,127.0.0.1,8080,163,benign
156.96498370170593,127.0.0.1,8080,127.0.0.1,33006,0,benign
156.97437000274658,127.0.0.1,8082,127.0.0.1,42714,198,benign
157.06682181358337,127.0.0.1,42714,127.0.0.1,8082,0,benign
157.1889591217041,127.0.0.1,40048,127.0.0.1,8081,167,benign
157.22050404548645,127.0.0.1,8081,127.0.0.1,40048,0,benign
157.26411890983582,127.0.0.1,36804,127.0.0.1,8080,0,benign
157.32531595230103,127.0.0.1,8080,127.0.0.1,36804,56,benign
157.40884685516357,127.0.0.1,36804,127.0.0.1,8080,0,benign
157.480482339859,127.0.0.1,36804,127.0.0.1,8080,163,benign
157.5087480545044,127.0.0.1,8080,127.0.0.1,36804,138,benign
157.51193022727966,127.0.0.1,37594,127.0.0.1,8081,167,benign
157.5418083667755,127.0.0.1,8081,127.0.0.1,37594,0,benign
157.5472252368927,127.0.0.1,40066,127.0.0.1,8081,167,benign
157.55100631713867,127.0.0.1,8081,127.0.0.1,40066,0,benign
157.58372735977173,127.0.0.1,36790,127.0.0.1,8080,0,benign
157.6196858882904,127.0.0.1,8080,127.0.0.1,36790,56,benign
157.65577721595764,127.0.0.1,36790,127.0.0.1,8080,0,benign
157.6606342792511,127.0.0.1,36698,127.0.0.1,8080,0,benign
157.6629934310913,127.0.0.1,8080,127.0.0.1,36698,56,benign
157.67635250091553,127.0.0.1,36698,127.0.0.1,8080,0,benign
157.70202541351318,127.0.0.1,36586,127.0.0.1,8080,0,benign
157.73479747772217,127.0.0.1,8080,127.0.0.1,36586,56,benign
157.75451159477234,127.0.0.1,36698,127.0.0.1,8080,163,benign
157.7818603515625,127.0.0.1,33010,127.0.0.1,8080,0,benign
157.78759503364563,127.0.0.1,36586,127.0.0.1,8080,0,benign
157.83016800880432,127.0.0.1,8080,127.0.0.1,33010,0,benign
157.85128688812256,127.0.0.1,33010,127.0.0.1,8080,0,benign
157.86408519744873,127.0.0.1,33010,127.0.0.1,8080,163,benign
157.87674140930176,127.0.0.1,8080,127.0.0.1,33010,0,benign
157.91470289230347,127.0.0.1,8080,127.0.0.1,36698,138,benign
157.94688963890076,127.0.0.1,8082,127.0.0.1,42720,138,benign
157.977285861969,127.0.0.1,36770,127.0.0.1,8080,163,benign
158.01802706718445,127.0.0.1,8080,127.0.0.1,36770,194,benign
158.03659749031067,127.0.0.1,36770,127.0.0.1,8080,0,benign
158.0640127658844,127.0.0.1,36698,127.0.0.1,8080,0,benign
158.16401052474976,127.0.0.1,8080,127.0.0.1,33294,0,benign
158.2514362335205,127.0.0.1,8080,127.0.0.1,36698,56,benign
158.30285477638245,127.0.0.1,36698,127.0.0.1,8080,0,benign
158.33041501045227,127.0.0.1,8081,127.0.0.1,40054,138,benign
158.36571645736694,127.0.0.1,36698,127.0.0.1,8080,163,benign
158.45080733299255,127.0.0.1,8080,127.0.0.1,36698,138,benign
158.48311233520508,127.0.0.1,36666,127.0.0.1,8080,0,benign
158.5322961807251,127.0.0.1,8080,127.0.0.1,36666,56,benign
158.59621119499207,127.0.0.1,36666,127.0.0.1,8080,0,benign
158.64675903320312,127.0.0.1,60200,127.0.0.1,8083,167,benign
158.703045129776,127.0.0.1,8083,127.0.0.1,60200,0,benign
158.7691216468811,127.0.0.1,34044,127.0.0.1,8080,0,benign
158.78919100761414,127.0.0.1,8080,127.0.0.1,34044,0,benign
158.81055092811584,127.0.0.1,34044,127.0.0.1,8080,0,benign
158.83931422233582,127.0.0.1,34044,127.0.0.1,8080,163,benign
158.85748481750488,127.0.0.1,8080,127.0.0.1,34044,0,benign
158.86411666870117,127.0.0.1,55646,127.0.0.1,8082,0,benign
158.86852979660034,127.0.0.1,8082,127.0.0.1,55646,60,benign
158.87617921829224,127.0.0.1,55646,127.0.0.1,8082,0,benign
158.88952922821045,127.0.0.1,36554,127.0.0.1,8080,0,benign
158.9000608921051,127.0.0.1,8080,127.0.0.1,36554,56,benign
158.9060595035553,127.0.0.1,36554,127.0.0.1,8080,0,benign
158.90917253494263,127.0.0.1,36708,127.0.0.1,8080,0,benign
158.91190123558044,127.0.0.1,8080,127.0.0.1,36708,56,benign
158.9411289691925,127.0.0.1,36708,127.0.0.1,8080,0,benign
158.9898648262024,127.0.0.1,40096,127.0.0.1,8081,167,benign
159.0821816921234,127.0.0.1,8081,127.0.0.1,40096,0,benign
159.10631465911865,127.0.0.1,36570,127.0.0.1,8080,163,benign
159.1883065700531,127.0.0.1,36708,127.0.0.1,8080,163,benign
159.26341915130615,127.0.0.1,8080,127.0.0.1,36570,138,benign
159.3276035785675,127.0.0.1,8080,127.0.0.1,36570,56,benign
159.36802983283997,127.0.0.1,8080,127.0.0.1,36708,138,benign
159.41391348838806,127.0.0.1,36570,127.0.0.1,8080,0,benign
159.46586322784424,127.0.0.1,36586,127.0.0.1,8080,0,benign
159.53631281852722,127.0.0.1,8080,127.0.0.1,36586,56,benign
159.56218671798706,127.0.0.1,36586,127.0.0.1,8080,0,benign
159.61262798309326,127.0.0.1,36586,127.0.0.1,8080,163,benign
159.68201875686646,127.0.0.1,8080,127.0.0.1,36586,138,benign
159.79278993606567,127.0.0.1,36658,127.0.0.1,8080,163,benign
159.83494353294373,127.0.0.1,8080,127.0.0.1,36658,138,benign
159.87884902954102,127.0.0.1,8080,127.0.0.1,36658,56,benign
159.91339230537415,127.0.0.1,40054,127.0.0.1,8081,0,benign
159.93346548080444,127.0.0.1,8081,127.0.0.1,40054,60,benign
159.9779815673828,127.0.0.1,40054,127.0.0.1,8081,0,benign
160.05462837219238,127.0.0.1,60220,127.0.0.1,8083,167,benign
160.10006403923035,127.0.0.1,8083,127.0.0.1,60220,0,benign
160.1164026260376,127.0.0.1,36658,127.0.0.1,8080,0,benign
160.14960837364197,127.0.0.1,36698,127.0.0.1,8080,0,benign
160.16912078857422,127.0.0.1,8080,127.0.0.1,36698,56,benign
160.22299122810364,127.0.0.1,36698,127.0.0.1,8080,0,benign
160.26705169677734,127.0.0.1,36666,127.0.0.1,8080,163,benign
160.31253623962402,127.0.0.1,8080,127.0.0.1,36666,194,benign
160.37792038917542,127.0.0.1,36666,127.0.0.1,8080,0,benign
160.39927983283997,127.0.0.1,36698,127.0.0.1,8080,163,benign
160.46694588661194,127.0.0.1,8080,127.0.0.1,36698,138,benign
160.5193829536438,127.0.0.1,33308,127.0.0.1,8080,0,benign
160.53627276420593,127.0.0.1,36554,127.0.0.1,8080,163,benign
160.55784463882446,127.0.0.1,8080,127.0.0.1,36554,138,benign
160.57059741020203,127.0.0.1,8080,127.0.0.1,36554,56,benign
160.5737657546997,127.0.0.1,36554,127.0.0.1,8080,0,benign
160.6020815372467,127.0.0.1,36790,127.0.0.1,8080,163,benign
160.64873003959656,127.0.0.1,8080,127.0.0.1,36790,194,benign
160.68608927726746,127.0.0.1,36790,127.0.0.1,8080,0,benign
160.69829201698303,127.0.0.1,36708,127.0.0.1,8080,0,benign
160.70802283287048,127.0.0.1,8080,127.0.0.1,36708,56,benign
160.72289085388184,127.0.0.1,36708,127.0.0.1,8080,0,benign
160.75044870376587,127.0.0.1,8083,127.0.0.1,60200,138,benign
160.80744004249573,127.0.0.1,60200,127.0.0.1,8083,0,benign
160.8390920162201,127.0.0.1,8083,127.0.0.1,60200,60,benign
160.87775182724,127.0.0.1,60200,127.0.0.1,8083,0,benign
160.90132069587708,127.0.0.1,36666,127.0.0.1,8080,163,benign
160.90955996513367,127.0.0.1,36570,127.0.0.1,8080,163,benign
160.9123888015747,127.0.0.1,8080,127.0.0.1,36666,138,benign
160.91637015342712,127.0.0.1,34050,127.0.0.1,8080,0,benign
160.92140531539917,127.0.0.1,8080,127.0.0.1,34050,0,benign
160.93122482299805,127.0.0.1,34050,127.0.0.1,8080,0,benign
160.93941736221313,127.0.0.1,8080,127.0.0.1,36570,138,benign
160.97796821594238,127.0.0.1,8080,127.0.0.1,36570,56,benign
161.00043368339539,127.0.0.1,36570,127.0.0.1,8080,0,benign
161.00583577156067,127.0.0.1,36586,127.0.0.1,8080,0,benign
161.02905344963074,127.0.0.1,8080,127.0.0.1,36586,56,benign
161.05401921272278,127.0.0.1,55646,127.0.0.1,8082,167,benign
161.10874032974243,127.0.0.1,8082,127.0.0.1,55646,0,benign
161.21199584007263,127.0.0.1,34050,127.0.0.1,8080,167,benign
161.37769222259521,127.0.0.1,36586,127.0.0.1,8080,0,benign
161.44966959953308,127.0.0.1,8080,127.0.0.1,34050,0,benign
161.50514006614685,127.0.0.1,8081,127.0.0.1,40096,138,benign
161.59161925315857,127.0.0.1,40096,127.0.0.1,8081,0,benign
161.705974817276,127.0.0.1,8081,127.0.0.1,40096,60,benign
161.76484942436218,127.0.0.1,40096,127.0.0.1,8081,0,benign
161.85989427566528,127.0.0.1,36708,127.0.0.1,8080,163,benign
162.06359481811523,127.0.0.1,36698,127.0.0.1,8080,0,benign
162.12196254730225,127.0.0.1,8080,127.0.0.1,58710,0,benign
162.1516387462616,127.0.0.1,8083,127.0.0.1,60190,138,benign
162.16319346427917,127.0.0.1,60190,127.0.0.1,8083,0,benign
162.1709623336792,127.0.0.1,8083,127.0.0.1,60190,60,benign
162.1749918460846,127.0.0.1,60190,127.0.0.1,8083,0,benign
162.1886749267578,127.0.0.1,36854,127.0.0.1,8080,163,benign
162.19196915626526,127.0.0.1,8080,127.0.0.1,58714,0,benign
162.19424152374268,127.0.0.1,8080,127.0.0.1,58722,0,benign
162.21231865882874,127.0.0.1,8083,127.0.0.1,60220,198,benign
162.26498103141785,127.0.0.1,60220,127.0.0.1,8083,0,benign
162.27729439735413,127.0.0.1,36554,127.0.0.1,8080,163,benign
162.36018013954163,127.0.0.1,36804,127.0.0.1,8080,163,benign
162.42260932922363,127.0.0.1,8080,127.0.0.1,36708,0,benign
162.44567012786865,127.0.0.1,40066,127.0.0.1,8081,167,benign
162.5117266178131,127.0.0.1,8081,127.0.0.1,40066,0,benign
162.54091453552246,127.0.0.1,8080,127.0.0.1,36854,0,benign
162.55874848365784,127.0.0.1,59488,127.0.0.1,8080,0,benign
162.57829427719116,127.0.0.1,8080,127.0.0.1,59488,0,benign
162.5901005268097,127.0.0.1,59488,127.0.0.1,8080,0,benign
162.5945999622345,127.0.0.1,59488,127.0.0.1,8080,163,benign
162.61524367332458,127.0.0.1,8080,127.0.0.1,59488,0,benign
162.6340572834015,127.0.0.1,55654,127.0.0.1,8082,167,benign
162.63642001152039,127.0.0.1,8082,127.0.0.1,55654,0,benign
162.63844347000122,127.0.0.1,58726,127.0.0.1,8080,0,benign
162.64572262763977,127.0.0.1,8080,127.0.0.1,36554,0,benign
162.65286779403687,127.0.0.1,8080,127.0.0.1,36804,0,benign
162.65812039375305,127.0.0.1,58720,127.0.0.1,8080,0,benign
162.66080045700073,127.0.0.1,8081,127.0.0.1,40054,198,benign
162.66313576698303,127.0.0.1,40054,127.0.0.1,8081,0,benign
162.6823525428772,127.0.0.1,8082,127.0.0.1,42700,198,benign
162.68633794784546,127.0.0.1,42700,127.0.0.1,8082,0,benign
162.68888759613037,127.0.0.1,8080,127.0.0.1,36790,138,benign
162.6972737312317,127.0.0.1,36790,127.0.0.1,8080,0,benign
162.70776629447937,127.0.0.1,8080,127.0.0.1,36790,56,benign
162.72319531440735,127.0.0.1,36790,127.0.0.1,8080,0,benign
162.72549414634705,127.0.0.1,8080,127.0.0.1,36666,138,benign
162.72815084457397,127.0.0.1,36666,127.0.0.1,8080,0,benign
162.739488363266,127.0.0.1,8080,127.0.0.1,36666,56,benign
162.74885416030884,127.0.0.1,36666,127.0.0.1,8080,0,benign
162.75296688079834,127.0.0.1,8080,127.0.0.1,36708,138,benign
162.75613808631897,127.0.0.1,36708,127.0.0.1,8080,0,benign
162.75799942016602,127.0.0.1,8080,127.0.0.1,36858,138,benign
162.75994777679443,127.0.0.1,36858,127.0.0.1,8080,0,benign
162.76598620414734,127.0.0.1,8080,127.0.0.1,36708,56,benign
162.77108931541443,127.0.0.1,36708,127.0.0.1,8080,0,benign
162.79418635368347,127.0.0.1,8080,127.0.0.1,36858,56,benign
162.83359003067017,127.0.0.1,36858,127.0.0.1,8080,0,benign
162.83628296852112,127.0.0.1,8080,127.0.0.1,36698,194,benign
162.849547624588,127.0.0.1,36698,127.0.0.1,8080,0,benign
162.86861157417297,127.0.0.1,8080,127.0.0.1,36804,138,benign
162.87404203414917,127.0.0.1,36804,127.0.0.1,8080,0,benign
162.8770236968994,127.0.0.1,8080,127.0.0.1,36804,56,benign
162.87902212142944,127.0.0.1,36804,127.0.0.1,8080,0,benign
162.88113713264465,127.0.0.1,8080,127.0.0.1,36554,194,benign
162.88308095932007,127.0.0.1,8080,127.0.0.1,36854,194,benign
162.8851044178009,127.0.0.1,36854,127.0.0.1,8080,0,benign
162.898291349411,127.0.0.1,36800,127.0.0.1,8080,163,benign
162.9002664089203,127.0.0.1,36666,127.0.0.1,8080,163,benign
162.90201663970947,127.0.0.1,8080,127.0.0.1,36666,0,benign
162.9042158126831,127.0.0.1,59504,127.0.0.1,8080,0,benign
162.90890741348267,127.0.0.1,8080,127.0.0.1,59504,0,benign
162.9257562160492,127.0.0.1,59504,127.0.0.1,8080,0,benign
162.9428789615631,127.0.0.1,8080,127.0.0.1,58726,0,benign
162.95324969291687,127.0.0.1,8080,127.0.0.1,36800,194,benign
162.96672177314758,127.0.0.1,8080,127.0.0.1,36666,138,benign
162.97051548957825,127.0.0.1,36800,127.0.0.1,8080,0,benign
162.97245597839355,127.0.0.1,8080,127.0.0.1,58720,0,benign
162.98407006263733,127.0.0.1,59516,127.0.0.1,8080,0,benign
162.99104189872742,127.0.0.1,8080,127.0.0.1,59516,0,benign
162.9942319393158,127.0.0.1,59516,127.0.0.1,8080,0,benign
163.00476121902466,127.0.0.1,8081,127.0.0.1,40096,198,benign
163.0114004611969,127.0.0.1,36858,127.0.0.1,8080,163,benign
163.0219464302063,127.0.0.1,8080,127.0.0.1,36858,0,benign
163.02795505523682,127.0.0.1,59516,127.0.0.1,8080,163,benign
163.04383206367493,127.0.0.1,8080,127.0.0.1,59516,0,benign
163.0542130470276,127.0.0.1,8080,127.0.0.1,36858,138,benign
163.05901837348938,127.0.0.1,36570,127.0.0.1,8080,163,benign
163.06132125854492,127.0.0.1,59532,127.0.0.1,8080,0,benign
163.06349992752075,127.0.0.1,8080,127.0.0.1,59532,0,benign
163.06531357765198,127.0.0.1,59532,127.0.0.1,8080,0,benign
163.0674068927765,127.0.0.1,8080,127.0.0.1,36570,194,benign
163.07206106185913,127.0.0.1,36570,127.0.0.1,8080,0,benign
163.07396864891052,127.0.0.1,36554,127.0.0.1,8080,0,benign
163.08013081550598,127.0.0.1,58750,127.0.0.1,8080,0,benign
163.08929252624512,127.0.0.1,36666,127.0.0.1,8080,0,benign
163.09844040870667,127.0.0.1,8080,127.0.0.1,36666,56,benign
163.10943007469177,127.0.0.1,36666,127.0.0.1,8080,0,benign
163.11150097846985,127.0.0.1,58748,127.0.0.1,8080,0,benign
163.11365675926208,127.0.0.1,58740,127.0.0.1,8080,0,benign
163.1159610748291,127.0.0.1,36554,127.0.0.1,8080,163,benign
163.11818480491638,127.0.0.1,8080,127.0.0.1,36554,0,benign
163.12039494514465,127.0.0.1,8080,127.0.0.1,36554,138,benign
163.12283396720886,127.0.0.1,36554,127.0.0.1,8080,0,benign
163.1273102760315,127.0.0.1,8080,127.0.0.1,36554,56,benign
163.13124227523804,127.0.0.1,36554,127.0.0.1,8080,0,benign
163.13308835029602,127.0.0.1,58752,127.0.0.1,8080,0,benign
163.13499927520752,127.0.0.1,59536,127.0.0.1,8080,0,benign
163.136647939682,127.0.0.1,8080,127.0.0.1,59536,0,benign
163.1383855342865,127.0.0.1,59536,127.0.0.1,8080,0,benign
163.14017605781555,127.0.0.1,59536,127.0.0.1,8080,163,benign
163.14213275909424,127.0.0.1,8080,127.0.0.1,59536,0,benign
163.15105819702148,127.0.0.1,40096,127.0.0.1,8081,0,benign
163.17162013053894,127.0.0.1,40054,127.0.0.1,8081,167,benign
163.1742124557495,127.0.0.1,8081,127.0.0.1,40054,0,benign
163.18105268478394,127.0.0.1,59532,127.0.0.1,8080,163,benign
163.18731999397278,127.0.0.1,8080,127.0.0.1,59532,0,benign
163.19735407829285,127.0.0.1,36790,127.0.0.1,8080,163,benign
163.21103978157043,127.0.0.1,8080,127.0.0.1,36790,0,benign
163.2270908355713,127.0.0.1,36800,127.0.0.1,8080,163,benign
163.23383021354675,127.0.0.1,36666,127.0.0.1,8080,163,benign
163.23643350601196,127.0.0.1,8080,127.0.0.1,36790,138,benign
163.26477718353271,127.0.0.1,36790,127.0.0.1,8080,0,benign
163.2671036720276,127.0.0.1,8080,127.0.0.1,36790,56,benign
163.27514815330505,127.0.0.1,36790,127.0.0.1,8080,0,benign
163.28139901161194,127.0.0.1,36858,127.0.0.1,8080,0,benign
163.29431223869324,127.0.0.1,8080,127.0.0.1,36858,56,benign
163.30208277702332,127.0.0.1,36858,127.0.0.1,8080,0,benign
163.3043611049652,127.0.0.1,59540,127.0.0.1,8080,0,benign
163.30857682228088,127.0.0.1,8080,127.0.0.1,59540,0,benign
163.31062507629395,127.0.0.1,59540,127.0.0.1,8080,0,benign
163.31252908706665,127.0.0.1,8082,127.0.0.1,37148,138,benign
163.31476211547852,127.0.0.1,37148,127.0.0.1,8082,0,benign
163.32288193702698,127.0.0.1,8082,127.0.0.1,37148,60,benign
163.34133195877075,127.0.0.1,37148,127.0.0.1,8082,0,benign
163.34645891189575,127.0.0.1,8080,127.0.0.1,36800,194,benign
163.36135911941528,127.0.0.1,36800,127.0.0.1,8080,0,benign
163.4070224761963,127.0.0.1,8080,127.0.0.1,36666,138,benign
163.46592497825623,127.0.0.1,42700,127.0.0.1,8082,167,benign
163.49961400032043,127.0.0.1,8082,127.0.0.1,42700,0,benign
163.5249626636505,127.0.0.1,59558,127.0.0.1,8080,0,benign
163.5274829864502,127.0.0.1,8080,127.0.0.1,59558,0,benign
163.5493586063385,127.0.0.1,59558,127.0.0.1,8080,0,benign
163.55715799331665,127.0.0.1,8080,127.0.0.1,58750,0,benign
163.5595784187317,127.0.0.1,59504,127.0.0.1,8080,163,benign
163.5618200302124,127.0.0.1,8080,127.0.0.1,59504,0,benign
163.56389832496643,127.0.0.1,58766,127.0.0.1,8080,0,benign
163.5659520626068,127.0.0.1,36570,127.0.0.1,8080,163,benign
163.56907653808594,127.0.0.1,59564,127.0.0.1,8080,0,benign
163.57106137275696,127.0.0.1,8080,127.0.0.1,59564,0,benign
163.57891035079956,127.0.0.1,59564,127.0.0.1,8080,0,benign
163.5828402042389,127.0.0.1,59564,127.0.0.1,8080,163,benign
163.58887600898743,127.0.0.1,8080,127.0.0.1,59564,0,benign
163.59151911735535,127.0.0.1,59540,127.0.0.1,8080,163,benign
163.59675550460815,127.0.0.1,8080,127.0.0.1,59540,0,benign
163.599547624588,127.0.0.1,8083,127.0.0.1,60200,138,benign
163.60613203048706,127.0.0.1,60200,127.0.0.1,8083,0,benign
163.6089744567871,127.0.0.1,8083,127.0.0.1,60200,60,benign
163.62229919433594,127.0.0.1,60200,127.0.0.1,8083,0,benign
163.65825295448303,127.0.0.1,36790,127.0.0.1,8080,163,benign
163.6889772415161,127.0.0.1,8080,127.0.0.1,58740,0,benign
163.70936632156372,127.0.0.1,8080,127.0.0.1,58748,0,benign
163.71571707725525,127.0.0.1,8083,127.0.0.1,58906,138,benign
163.71987199783325,127.0.0.1,58906,127.0.0.1,8083,0,benign
163.73415780067444,127.0.0.1,8083,127.0.0.1,58906,60,benign
163.7597029209137,127.0.0.1,58906,127.0.0.1,8083,0,benign
163.79172134399414,127.0.0.1,8080,127.0.0.1,36790,138,benign
163.80544781684875,127.0.0.1,8080,127.0.0.1,36570,138,benign
163.80764508247375,127.0.0.1,36570,127.0.0.1,8080,0,benign
163.80968165397644,127.0.0.1,8080,127.0.0.1,36570,56,benign
163.81921577453613,127.0.0.1,36570,127.0.0.1,8080,0,benign
163.83611702919006,127.0.0.1,59594,127.0.0.1,8080,0,benign
163.85999941825867,127.0.0.1,8080,127.0.0.1,59594,0,benign
163.89031887054443,127.0.0.1,59594,127.0.0.1,8080,0,benign
163.89971327781677,127.0.0.1,8080,127.0.0.1,58752,0,benign
163.9083755016327,127.0.0.1,36570,127.0.0.1,8080,163,benign
163.9290328025818,127.0.0.1,59600,127.0.0.1,8080,0,benign
163.93447470664978,127.0.0.1,8080,127.0.0.1,59600,0,benign
163.93839526176453,127.0.0.1,59600,127.0.0.1,8080,0,benign
163.94744396209717,127.0.0.1,8080,127.0.0.1,36570,138,benign
163.9548695087433,127.0.0.1,59558,127.0.0.1,8080,167,benign
163.96324372291565,127.0.0.1,8080,127.0.0.1,59558,0,benign
163.98652911186218,127.0.0.1,59600,127.0.0.1,8080,163,benign
163.99942302703857,127.0.0.1,8080,127.0.0.1,59600,0,benign
164.004154920578,127.0.0.1,60220,127.0.0.1,8083,167,benign
164.01950097084045,127.0.0.1,8083,127.0.0.1,60220,0,benign
164.03321886062622,127.0.0.1,59604,127.0.0.1,8080,0,benign
164.0376751422882,127.0.0.1,8080,127.0.0.1,59604,0,benign
164.0416190624237,127.0.0.1,59604,127.0.0.1,8080,0,benign
164.04870748519897,127.0.0.1,59594,127.0.0.1,8080,163,benign
164.06002521514893,127.0.0.1,8080,127.0.0.1,59594,0,benign
164.0689811706543,127.0.0.1,59604,127.0.0.1,8080,163,benign
164.07117080688477,127.0.0.1,8080,127.0.0.1,59604,0,benign
164.0768358707428,127.0.0.1,8082,127.0.0.1,42720,198,benign
164.0854468345642,127.0.0.1,42720,127.0.0.1,8082,0,benign
164.08851146697998,127.0.0.1,36800,127.0.0.1,8080,163,benign
164.09250259399414,127.0.0.1,58802,127.0.0.1,8080,0,benign
164.09614491462708,127.0.0.1,36666,127.0.0.1,8080,0,benign
164.10292625427246,127.0.0.1,60190,127.0.0.1,8083,167,benign
164.10671663284302,127.0.0.1,8083,127.0.0.1,60190,0,benign
164.11816930770874,127.0.0.1,8080,127.0.0.1,36666,56,benign
164.15750002861023,127.0.0.1,36666,127.0.0.1,8080,0,benign
164.1715214252472,127.0.0.1,60204,127.0.0.1,8083,167,benign
164.17891907691956,127.0.0.1,8083,127.0.0.1,60204,0,benign
164.1845965385437,127.0.0.1,32818,127.0.0.1,8080,163,benign
164.18780326843262,127.0.0.1,8080,127.0.0.1,32818,0,benign
164.19141387939453,127.0.0.1,8080,127.0.0.1,60318,0,benign
164.20788264274597,127.0.0.1,8080,127.0.0.1,36732,0,benign
164.2358672618866,127.0.0.1,8083,127.0.0.1,60190,138,benign
164.2498004436493,127.0.0.1,60190,127.0.0.1,8083,0,benign
164.25300240516663,127.0.0.1,8083,127.0.0.1,60190,60,benign
164.26067304611206,127.0.0.1,60190,127.0.0.1,8083,0,benign
164.29187893867493,127.0.0.1,8080,127.0.0.1,36706,0,benign
164.3167142868042,127.0.0.1,60348,127.0.0.1,8080,0,benign
164.33577299118042,127.0.0.1,42714,127.0.0.1,8082,167,benign
164.34343338012695,127.0.0.1,8082,127.0.0.1,42714,0,benign
164.34753966331482,127.0.0.1,60366,127.0.0.1,8080,0,benign
164.36851334571838,127.0.0.1,8080,127.0.0.1,36800,0,benign
164.3840093612671,127.0.0.1,8080,127.0.0.1,60332,0,benign
164.3907289505005,127.0.0.1,8080,127.0.0.1,36790,0,benign
164.4129900932312,127.0.0.1,60368,127.0.0.1,8080,0,benign
164.4614281654358,127.0.0.1,36708,127.0.0.1,8080,163,benign
164.47981548309326,127.0.0.1,8080,127.0.0.1,60366,0,benign
164.48539781570435,127.0.0.1,8080,127.0.0.1,60348,0,benign
164.50052905082703,127.0.0.1,8083,127.0.0.1,60220,138,benign
164.51152276992798,127.0.0.1,60220,127.0.0.1,8083,0,benign
164.55944776535034,127.0.0.1,8083,127.0.0.1,60220,60,benign
164.5705497264862,127.0.0.1,60220,127.0.0.1,8083,0,benign
164.58238816261292,127.0.0.1,60384,127.0.0.1,8080,0,benign
164.58478951454163,127.0.0.1,8080,127.0.0.1,60368,0,benign
164.5886149406433,127.0.0.1,8080,127.0.0.1,36708,0,benign
164.61678910255432,127.0.0.1,32824,127.0.0.1,8080,0,benign
164.62463903427124,127.0.0.1,8080,127.0.0.1,32824,0,benign
164.62771272659302,127.0.0.1,32824,127.0.0.1,8080,0,benign
164.63058805465698,127.0.0.1,55646,127.0.0.1,8082,167,benign
164.6422734260559,127.0.0.1,8082,127.0.0.1,55646,0,benign
164.64987206459045,127.0.0.1,8081,127.0.0.1,37608,138,benign
164.6649649143219,127.0.0.1,37608,127.0.0.1,8081,0,benign
164.6801552772522,127.0.0.1,8081,127.0.0.1,37608,60,benign
164.70074653625488,127.0.0.1,37608,127.0.0.1,8081,0,benign
164.71145153045654,127.0.0.1,32824,127.0.0.1,8080,167,benign
164.73669910430908,127.0.0.1,8080,127.0.0.1,32824,0,benign
164.745365858078,127.0.0.1,33800,127.0.0.1,8080,0,benign
164.75644636154175,127.0.0.1,8080,127.0.0.1,33800,0,benign
164.79467177391052,127.0.0.1,33800,127.0.0.1,8080,0,benign
164.8354196548462,127.0.0.1,33802,127.0.0.1,8080,0,benign
164.8423252105713,127.0.0.1,8080,127.0.0.1,33802,0,benign
164.85126495361328,127.0.0.1,33802,127.0.0.1,8080,0,benign
164.87562489509583,127.0.0.1,8080,127.0.0.1,36586,194,benign
164.88815832138062,127.0.0.1,36586,127.0.0.1,8080,0,benign
164.89009189605713,127.0.0.1,40082,127.0.0.1,8081,167,benign
164.8941934108734,127.0.0.1,8081,127.0.0.1,40082,0,benign
164.89715552330017,127.0.0.1,8080,127.0.0.1,36804,56,benign
164.90006589889526,127.0.0.1,36554,127.0.0.1,8080,163,benign
164.90199184417725,127.0.0.1,33776,127.0.0.1,8080,163,benign
164.90424227714539,127.0.0.1,8080,127.0.0.1,33776,0,benign
164.90887475013733,127.0.0.1,8081,127.0.0.1,37608,138,benign
164.91111087799072,127.0.0.1,37608,127.0.0.1,8081,0,benign
164.92508053779602,127.0.0.1,8081,127.0.0.1,37608,60,benign
164.9430069923401,127.0.0.1,37608,127.0.0.1,8081,0,benign
164.95220947265625,127.0.0.1,8080,127.0.0.1,36554,138,benign
164.95803880691528,127.0.0.1,8080,127.0.0.1,33048,0,benign
164.9646065235138,127.0.0.1,8080,127.0.0.1,33042,0,benign
164.9755880832672,127.0.0.1,36804,127.0.0.1,8080,0,benign
164.9807255268097,127.0.0.1,36612,127.0.0.1,8080,163,benign
164.99006271362305,127.0.0.1,33814,127.0.0.1,8080,0,benign
164.9949905872345,127.0.0.1,8080,127.0.0.1,33814,0,benign
165.00173354148865,127.0.0.1,33814,127.0.0.1,8080,0,benign
165.00409245491028,127.0.0.1,33802,127.0.0.1,8080,163,benign
165.00980925559998,127.0.0.1,8080,127.0.0.1,33802,0,benign
165.01852822303772,127.0.0.1,33814,127.0.0.1,8080,163,benign
165.03837490081787,127.0.0.1,8080,127.0.0.1,33814,0,benign
165.05760192871094,127.0.0.1,33800,127.0.0.1,8080,163,benign
165.06120443344116,127.0.0.1,8080,127.0.0.1,33800,0,benign
165.06401181221008,127.0.0.1,8080,127.0.0.1,36612,138,benign
165.0658414363861,127.0.0.1,36612,127.0.0.1,8080,0,benign
165.06776571273804,127.0.0.1,8080,127.0.0.1,36612,56,benign
165.0738673210144,127.0.0.1,36612,127.0.0.1,8080,0,benign
165.08350586891174,127.0.0.1,8082,127.0.0.1,55646,138,benign
165.08616542816162,127.0.0.1,55646,127.0.0.1,8082,0,benign
165.10879969596863,127.0.0.1,8082,127.0.0.1,55646,60,benign
165.11160373687744,127.0.0.1,55646,127.0.0.1,8082,0,benign
165.11690974235535,127.0.0.1,36804,127.0.0.1,8080,163,benign
165.12002182006836,127.0.0.1,33060,127.0.0.1,8080,0,benign
165.13297843933105,127.0.0.1,33822,127.0.0.1,8080,0,benign
165.14653134346008,127.0.0.1,8080,127.0.0.1,33822,0,benign
165.151549577713,127.0.0.1,33822,127.0.0.1,8080,0,benign
165.15413308143616,127.0.0.1,8080,127.0.0.1,36804,138,benign
165.1655354499817,127.0.0.1,36732,127.0.0.1,8080,163,benign
165.17829370498657,127.0.0.1,36698,127.0.0.1,8080,0,benign
165.1895089149475,127.0.0.1,8080,127.0.0.1,36698,56,benign
165.19503617286682,127.0.0.1,8080,127.0.0.1,36732,138,benign
165.20610189437866,127.0.0.1,36698,127.0.0.1,8080,0,benign
165.21106624603271,127.0.0.1,33822,127.0.0.1,8080,163,benign
165.21963691711426,127.0.0.1,8080,127.0.0.1,33822,0,benign
165.2282361984253,127.0.0.1,8080,127.0.0.1,33034,0,benign
165.23751831054688,127.0.0.1,33824,127.0.0.1,8080,0,benign
165.24592423439026,127.0.0.1,8080,127.0.0.1,33824,0,benign
165.25074243545532,127.0.0.1,33824,127.0.0.1,8080,0,benign
165.2552788257599,127.0.0.1,36586,127.0.0.1,8080,163,benign
165.26573204994202,127.0.0.1,8080,127.0.0.1,33056,0,benign
165.27441263198853,127.0.0.1,33828,127.0.0.1,8080,0,benign
165.27661871910095,127.0.0.1,8080,127.0.0.1,33828,0,benign
165.27848410606384,127.0.0.1,33828,127.0.0.1,8080,0,benign
165.28728246688843,127.0.0.1,33824,127.0.0.1,8080,167,benign
165.29035925865173,127.0.0.1,8080,127.0.0.1,33824,0,benign
165.292818069458,127.0.0.1,33828,127.0.0.1,8080,163,benign
165.29748916625977,127.0.0.1,8080,127.0.0.1,33828,0,benign
165.31520676612854,127.0.0.1,33830,127.0.0.1,8080,0,benign
165.3437135219574,127.0.0.1,8080,127.0.0.1,33830,0,benign
165.35424041748047,127.0.0.1,33830,127.0.0.1,8080,0,benign
165.39603972434998,127.0.0.1,8080,127.0.0.1,36586,138,benign
165.40800166130066,127.0.0.1,8080,127.0.0.1,33054,0,benign
165.42245411872864,127.0.0.1,33830,127.0.0.1,8080,167,benign
165.42730498313904,127.0.0.1,8080,127.0.0.1,33830,0,benign
165.43110823631287,127.0.0.1,36554,127.0.0.1,8080,0,benign
165.43303298950195,127.0.0.1,8080,127.0.0.1,36554,56,benign
165.443523645401,127.0.0.1,36554,127.0.0.1,8080,0,benign
165.44693779945374,127.0.0.1,36698,127.0.0.1,8080,163,benign
165.4490623474121,127.0.0.1,33070,127.0.0.1,8080,0,benign
165.45038771629333,127.0.0.1,8080,127.0.0.1,36698,138,benign
165.45168685913086,127.0.0.1,33842,127.0.0.1,8080,0,benign
165.45319986343384,127.0.0.1,8080,127.0.0.1,33842,0,benign
165.46047043800354,127.0.0.1,33842,127.0.0.1,8080,0,benign
165.46188855171204,127.0.0.1,8083,127.0.0.1,60204,198,benign
165.46401858329773,127.0.0.1,33842,127.0.0.1,8080,163,benign
165.46614336967468,127.0.0.1,8080,127.0.0.1,33842,0,benign
165.46787858009338,127.0.0.1,8081,127.0.0.1,40082,138,benign
165.47896933555603,127.0.0.1,33088,127.0.0.1,8080,0,benign
165.48087525367737,127.0.0.1,8080,127.0.0.1,33060,0,benign
165.48349046707153,127.0.0.1,36804,127.0.0.1,8080,0,benign
165.49216485023499,127.0.0.1,8080,127.0.0.1,36732,56,benign
165.50418400764465,127.0.0.1,36732,127.0.0.1,8080,0,benign
165.51019597053528,127.0.0.1,8080,127.0.0.1,36804,56,benign
165.52154445648193,127.0.0.1,36612,127.0.0.1,8080,163,benign
165.53805112838745,127.0.0.1,36804,127.0.0.1,8080,0,benign
165.5505313873291,127.0.0.1,36554,127.0.0.1,8080,163,benign
165.5615656375885,127.0.0.1,36804,127.0.0.1,8080,163,benign
165.56899404525757,127.0.0.1,8080,127.0.0.1,36612,138,benign
165.57118773460388,127.0.0.1,36612,127.0.0.1,8080,0,benign
165.58697962760925,127.0.0.1,8080,127.0.0.1,36612,56,benign
165.59312653541565,127.0.0.1,36612,127.0.0.1,8080,0,benign
165.5974988937378,127.0.0.1,8080,127.0.0.1,36554,138,benign
165.59956526756287,127.0.0.1,8080,127.0.0.1,36804,138,benign
165.60382294654846,127.0.0.1,36612,127.0.0.1,8080,163,benign
165.608540058136,127.0.0.1,8080,127.0.0.1,36612,138,benign
165.61042475700378,127.0.0.1,36586,127.0.0.1,8080,0,benign
165.61940121650696,127.0.0.1,8080,127.0.0.1,36586,56,benign
165.6325056552887,127.0.0.1,36586,127.0.0.1,8080,0,benign
165.6349184513092,127.0.0.1,33856,127.0.0.1,8080,0,benign
165.64114022254944,127.0.0.1,8080,127.0.0.1,33856,0,benign
165.64838910102844,127.0.0.1,33856,127.0.0.1,8080,0,benign
165.65079379081726,127.0.0.1,33856,127.0.0.1,8080,163,benign
165.66306805610657,127.0.0.1,8080,127.0.0.1,33856,0,benign
165.6823513507843,127.0.0.1,37608,127.0.0.1,8081,167,benign
165.68794918060303,127.0.0.1,8081,127.0.0.1,37608,0,benign
165.69522142410278,127.0.0.1,33868,127.0.0.1,8080,0,benign
165.70351839065552,127.0.0.1,8080,127.0.0.1,33868,0,benign
165.7168424129486,127.0.0.1,33868,127.0.0.1,8080,0,benign
165.71905636787415,127.0.0.1,33868,127.0.0.1,8080,167,benign
165.72609424591064,127.0.0.1,8080,127.0.0.1,33868,0,benign
165.73510026931763,127.0.0.1,8080,127.0.0.1,33070,0,benign
165.7478473186493,127.0.0.1,33094,127.0.0.1,8080,0,benign
165.75206685066223,127.0.0.1,36698,127.0.0.1,8080,0,benign
165.76056957244873,127.0.0.1,8080,127.0.0.1,36698,56,benign
165.76249742507935,127.0.0.1,36854,127.0.0.1,8080,163,benign
165.76779437065125,127.0.0.1,36698,127.0.0.1,8080,0,benign
165.7725157737732,127.0.0.1,36586,127.0.0.1,8080,163,benign
165.7745978832245,127.0.0.1,8080,127.0.0.1,36854,138,benign
165.77685070037842,127.0.0.1,8080,127.0.0.1,36854,56,benign
165.7899830341339,127.0.0.1,8080,127.0.0.1,36586,138,benign
165.7916703224182,127.0.0.1,36854,127.0.0.1,8080,0,benign
165.79351830482483,127.0.0.1,33100,127.0.0.1,8080,0,benign
165.79835653305054,127.0.0.1,60204,127.0.0.1,8083,0,benign
165.8012511730194,127.0.0.1,8080,127.0.0.1,36586,138,benign
165.8101806640625,127.0.0.1,8080,127.0.0.1,36570,56,benign
165.81428360939026,127.0.0.1,36570,127.0.0.1,8080,0,benign
165.81618571281433,127.0.0.1,42270,127.0.0.1,8080,0,benign
165.81802010536194,127.0.0.1,36570,127.0.0.1,8080,163,benign
165.82001614570618,127.0.0.1,36554,127.0.0.1,8080,0,benign
165.84095072746277,127.0.0.1,36706,127.0.0.1,8080,0,benign
165.8804910182953,127.0.0.1,8080,127.0.0.1,36706,56,benign
165.90299320220947,127.0.0.1,36706,127.0.0.1,8080,0,benign
165.9085774421692,127.0.0.1,36644,127.0.0.1,8080,163,benign
165.91092348098755,127.0.0.1,8080,127.0.0.1,36570,138,benign
165.915869474411,127.0.0.1,8080,127.0.0.1,36644,194,benign
165.92496037483215,127.0.0.1,36644,127.0.0.1,8080,0,benign
165.9371109008789,127.0.0.1,8080,127.0.0.1,36554,56,benign
165.9471161365509,127.0.0.1,36554,127.0.0.1,8080,0,benign
165.94943380355835,127.0.0.1,42300,127.0.0.1,8080,0,benign
165.95817160606384,127.0.0.1,36698,127.0.0.1,8080,163,benign
165.97147631645203,127.0.0.1,8080,127.0.0.1,36698,0,benign
165.9768660068512,127.0.0.1,42284,127.0.0.1,8080,0,benign
165.98396801948547,127.0.0.1,8080,127.0.0.1,36698,194,benign
165.98568177223206,127.0.0.1,36698,127.0.0.1,8080,0,benign
165.9877631664276,127.0.0.1,36716,127.0.0.1,8080,0,benign
165.99814105033875,127.0.0.1,8080,127.0.0.1,36716,56,benign
166.0031385421753,127.0.0.1,36716,127.0.0.1,8080,0,benign
166.01219487190247,127.0.0.1,42320,127.0.0.1,8080,0,benign
166.01706194877625,127.0.0.1,36708,127.0.0.1,8080,163,benign
166.02415227890015,127.0.0.1,36554,127.0.0.1,8080,163,benign
166.02659058570862,127.0.0.1,36716,127.0.0.1,8080,163,benign
166.033438205719,127.0.0.1,36612,127.0.0.1,8080,163,benign
166.03544163703918,127.0.0.1,8080,127.0.0.1,36708,138,benign
166.0425636768341,127.0.0.1,8080,127.0.0.1,36554,138,benign
166.04458236694336,127.0.0.1,8080,127.0.0.1,36612,194,benign
166.04663276672363,127.0.0.1,36612,127.0.0.1,8080,0,benign
166.04830050468445,127.0.0.1,8081,127.0.0.1,40082,198,benign
166.05413222312927,127.0.0.1,40082,127.0.0.1,8081,0,benign
166.06500267982483,127.0.0.1,8080,127.0.0.1,36716,138,benign
166.08355116844177,127.0.0.1,8080,127.0.0.1,36732,56,benign
166.0968074798584,127.0.0.1,36732,127.0.0.1,8080,0,benign
166.1019959449768,127.0.0.1,36644,127.0.0.1,8080,163,benign
166.11927223205566,127.0.0.1,42316,127.0.0.1,8080,0,benign
166.12183737754822,127.0.0.1,8080,127.0.0.1,36644,138,benign
166.12437462806702,127.0.0.1,43052,127.0.0.1,8080,0,benign
166.13780856132507,127.0.0.1,8080,127.0.0.1,43052,0,benign
166.14315009117126,127.0.0.1,43052,127.0.0.1,8080,0,benign
166.14592361450195,127.0.0.1,36586,127.0.0.1,8080,0,benign
166.15683722496033,127.0.0.1,8080,127.0.0.1,36586,56,benign
166.15911626815796,127.0.0.1,36732,127.0.0.1,8080,163,benign
166.16120505332947,127.0.0.1,36586,127.0.0.1,8080,0,benign
166.16349625587463,127.0.0.1,8080,127.0.0.1,36732,138,benign
166.17001128196716,127.0.0.1,36804,127.0.0.1,8080,163,benign
166.1989974975586,127.0.0.1,8080,127.0.0.1,36804,0,benign
166.2086479663849,127.0.0.1,8080,127.0.0.1,36804,138,benign
166.21790266036987,127.0.0.1,36804,127.0.0.1,8080,0,benign
166.2197229862213,127.0.0.1,8080,127.0.0.1,36804,56,benign
166.2239806652069,127.0.0.1,36804,127.0.0.1,8080,0,benign
166.22593688964844,127.0.0.1,8080,127.0.0.1,42270,0,benign
166.2348165512085,127.0.0.1,43052,127.0.0.1,8080,163,benign
166.24132442474365,127.0.0.1,8080,127.0.0.1,43052,0,benign
166.2518286705017,127.0.0.1,36586,127.0.0.1,8080,163,benign
166.25457882881165,127.0.0.1,8080,127.0.0.1,36586,138,benign
166.25921273231506,127.0.0.1,36570,127.0.0.1,8080,0,benign
166.26135349273682,127.0.0.1,8080,127.0.0.1,42300,0,benign
166.26334357261658,127.0.0.1,8080,127.0.0.1,42284,0,benign
166.27195715904236,127.0.0.1,8080,127.0.0.1,36570,56,benign
166.27988076210022,127.0.0.1,36570,127.0.0.1,8080,0,benign
166.29184484481812,127.0.0.1,8081,127.0.0.1,40048,198,benign
166.29527163505554,127.0.0.1,40048,127.0.0.1,8081,0,benign
166.3001832962036,127.0.0.1,8080,127.0.0.1,42320,0,benign
166.30708599090576,127.0.0.1,43064,127.0.0.1,8080,0,benign
166.31829380989075,127.0.0.1,8080,127.0.0.1,43064,0,benign
166.32548785209656,127.0.0.1,43064,127.0.0.1,8080,0,benign
166.32871174812317,127.0.0.1,43064,127.0.0.1,8080,163,benign
166.34060406684875,127.0.0.1,8080,127.0.0.1,43064,0,benign
166.3441607952118,127.0.0.1,36708,127.0.0.1,8080,0,benign
166.35387182235718,127.0.0.1,8080,127.0.0.1,36708,56,benign
166.3569815158844,127.0.0.1,36708,127.0.0.1,8080,0,benign
166.3632950782776,127.0.0.1,36706,127.0.0.1,8080,163,benign
166.36577320098877,127.0.0.1,36716,127.0.0.1,8080,0,benign
166.37365555763245,127.0.0.1,36554,127.0.0.1,8080,0,benign
166.37701606750488,127.0.0.1,8080,127.0.0.1,36554,56,benign
166.3793749809265,127.0.0.1,8080,127.0.0.1,36716,56,benign
166.38388323783875,127.0.0.1,36554,127.0.0.1,8080,0,benign
166.3856179714203,127.0.0.1,36716,127.0.0.1,8080,0,benign
166.38828301429749,127.0.0.1,8080,127.0.0.1,36706,194,benign
166.39369559288025,127.0.0.1,36706,127.0.0.1,8080,0,benign
166.39559507369995,127.0.0.1,40048,127.0.0.1,8081,167,benign
166.399662733078,127.0.0.1,8081,127.0.0.1,40048,0,benign
166.4035246372223,127.0.0.1,8080,127.0.0.1,36752,0,benign
166.40526509284973,127.0.0.1,36752,127.0.0.1,8080,0,benign
166.40693855285645,127.0.0.1,36644,127.0.0.1,8080,0,benign
166.41133213043213,127.0.0.1,8080,127.0.0.1,42316,0,benign
166.42140102386475,127.0.0.1,36612,127.0.0.1,8080,163,benign
166.43026852607727,127.0.0.1,36570,127.0.0.1,8080,163,benign
166.43586587905884,127.0.0.1,43078,127.0.0.1,8080,0,benign
166.43912076950073,127.0.0.1,8080,127.0.0.1,43078,0,benign
166.45169043540955,127.0.0.1,43078,127.0.0.1,8080,0,benign
166.48147535324097,127.0.0.1,43078,127.0.0.1,8080,163,benign
166.4856355190277,127.0.0.1,8080,127.0.0.1,43078,0,benign
166.5015790462494,127.0.0.1,8080,127.0.0.1,36612,194,benign
166.51101899147034,127.0.0.1,8080,127.0.0.1,36644,56,benign
166.51398968696594,127.0.0.1,36612,127.0.0.1,8080,0,benign
166.51665806770325,127.0.0.1,36644,127.0.0.1,8080,0,benign
166.54088830947876,127.0.0.1,8080,127.0.0.1,36570,138,benign
166.55555391311646,127.0.0.1,36706,127.0.0.1,8080,163,benign
166.56032967567444,127.0.0.1,36716,127.0.0.1,8080,163,benign
166.5804455280304,127.0.0.1,8080,127.0.0.1,36706,138,benign
166.58417201042175,127.0.0.1,8080,127.0.0.1,36716,138,benign
166.58618688583374,127.0.0.1,36732,127.0.0.1,8080,0,benign
166.5990433692932,127.0.0.1,36586,127.0.0.1,8080,0,benign
166.6111936569214,127.0.0.1,8080,127.0.0.1,36732,56,benign
166.61375665664673,127.0.0.1,36732,127.0.0.1,8080,0,benign
166.61571192741394,127.0.0.1,8080,127.0.0.1,36586,56,benign
166.61755466461182,127.0.0.1,36586,127.0.0.1,8080,0,benign
166.61997771263123,127.0.0.1,8080,127.0.0.1,43338,0,benign
166.63169360160828,127.0.0.1,8082,127.0.0.1,42714,198,benign
166.6425256729126,127.0.0.1,42714,127.0.0.1,8082,0,benign
166.65445113182068,127.0.0.1,8080,127.0.0.1,36570,0,benign
166.65804481506348,127.0.0.1,8080,127.0.0.1,36800,194,benign
166.66604351997375,127.0.0.1,36800,127.0.0.1,8080,0,benign
166.66915559768677,127.0.0.1,8082,127.0.0.1,42700,138,benign
166.67453956604004,127.0.0.1,43352,127.0.0.1,8080,0,benign
166.68767976760864,127.0.0.1,44038,127.0.0.1,8080,0,benign
166.69111514091492,127.0.0.1,8080,127.0.0.1,44038,0,benign
166.70048308372498,127.0.0.1,44038,127.0.0.1,8080,0,benign
166.71194982528687,127.0.0.1,43348,127.0.0.1,8080,0,benign
166.7314374446869,127.0.0.1,36800,127.0.0.1,8080,163,benign
166.7379868030548,127.0.0.1,8080,127.0.0.1,36800,0,benign
166.75132584571838,127.0.0.1,43362,127.0.0.1,8080,0,benign
166.7543408870697,127.0.0.1,40096,127.0.0.1,8081,167,benign
166.77114486694336,127.0.0.1,8081,127.0.0.1,40096,0,benign
166.77805304527283,127.0.0.1,44046,127.0.0.1,8080,0,benign
166.78768062591553,127.0.0.1,8080,127.0.0.1,44046,0,benign
166.80110001564026,127.0.0.1,44046,127.0.0.1,8080,0,benign
166.80683708190918,127.0.0.1,44038,127.0.0.1,8080,167,benign
166.81177473068237,127.0.0.1,8080,127.0.0.1,44038,0,benign
166.81492471694946,127.0.0.1,43360,127.0.0.1,8080,0,benign
166.82592606544495,127.0.0.1,44050,127.0.0.1,8080,0,benign
166.83371090888977,127.0.0.1,8080,127.0.0.1,44050,0,benign
166.8589572906494,127.0.0.1,44050,127.0.0.1,8080,0,benign
166.86373782157898,127.0.0.1,42714,127.0.0.1,8082,167,benign
166.87765431404114,127.0.0.1,8082,127.0.0.1,42714,0,benign
166.8806791305542,127.0.0.1,42700,127.0.0.1,8082,0,benign
166.88328409194946,127.0.0.1,8082,127.0.0.1,42700,60,benign
166.88589644432068,127.0.0.1,42700,127.0.0.1,8082,0,benign
166.8922941684723,127.0.0.1,8080,127.0.0.1,43352,0,benign
166.91268157958984,127.0.0.1,44050,127.0.0.1,8080,163,benign
166.93451070785522,127.0.0.1,8080,127.0.0.1,44050,0,benign
166.9478476047516,127.0.0.1,36790,127.0.0.1,8080,163,benign
166.97439908981323,127.0.0.1,8080,127.0.0.1,43362,0,benign
166.99175691604614,127.0.0.1,8080,127.0.0.1,43348,0,benign
166.9942009449005,127.0.0.1,44046,127.0.0.1,8080,163,benign
166.99591660499573,127.0.0.1,8080,127.0.0.1,44046,0,benign
166.9978005886078,127.0.0.1,43368,127.0.0.1,8080,0,benign
166.99958491325378,127.0.0.1,44052,127.0.0.1,8080,0,benign
167.0055866241455,127.0.0.1,8080,127.0.0.1,44052,0,benign
167.007967710495,127.0.0.1,44052,127.0.0.1,8080,0,benign
167.01476860046387,127.0.0.1,44058,127.0.0.1,8080,0,benign
167.0165946483612,127.0.0.1,44052,127.0.0.1,8080,167,benign
167.01834535598755,127.0.0.1,8080,127.0.0.1,44058,0,benign
167.020250082016,127.0.0.1,8080,127.0.0.1,44052,0,benign
167.022314786911,127.0.0.1,44058,127.0.0.1,8080,0,benign
167.05222129821777,127.0.0.1,44058,127.0.0.1,8080,163,benign
167.06541419029236,127.0.0.1,8080,127.0.0.1,44058,0,benign
167.0784890651703,127.0.0.1,36658,127.0.0.1,8080,0,benign
167.08170104026794,127.0.0.1,8080,127.0.0.1,36658,56,benign
167.0927653312683,127.0.0.1,36658,127.0.0.1,8080,0,benign
167.10011792182922,127.0.0.1,8081,127.0.0.1,40090,138,benign
167.10231804847717,127.0.0.1,40090,127.0.0.1,8081,0,benign
167.1133997440338,127.0.0.1,8081,127.0.0.1,40090,60,benign
167.12366557121277,127.0.0.1,40090,127.0.0.1,8081,0,benign
167.1378617286682,127.0.0.1,36666,127.0.0.1,8080,0,benign
167.1396963596344,127.0.0.1,8080,127.0.0.1,36666,56,benign
167.14141511917114,127.0.0.1,36666,127.0.0.1,8080,0,benign
167.14422249794006,127.0.0.1,45168,127.0.0.1,8080,0,benign
167.1465334892273,127.0.0.1,36666,127.0.0.1,8080,163,benign
167.1520071029663,127.0.0.1,8081,127.0.0.1,40056,198,benign
167.1542353630066,127.0.0.1,40056,127.0.0.1,8081,0,benign
167.15676379203796,127.0.0.1,52622,127.0.0.1,8080,0,benign
167.15927720069885,127.0.0.1,8080,127.0.0.1,52622,0,benign
167.16478180885315,127.0.0.1,52622,127.0.0.1,8080,0,benign
167.19159579277039,127.0.0.1,8080,127.0.0.1,36666,138,benign
167.19399118423462,127.0.0.1,36790,127.0.0.1,8080,163,benign
167.20167350769043,127.0.0.1,8080,127.0.0.1,36790,138,benign
167.2039737701416,127.0.0.1,8080,127.0.0.1,36790,56,benign
167.20921778678894,127.0.0.1,52622,127.0.0.1,8080,167,benign
167.21427392959595,127.0.0.1,8080,127.0.0.1,52622,0,benign
167.24342441558838,127.0.0.1,36790,127.0.0.1,8080,0,benign
167.2529947757721,127.0.0.1,52630,127.0.0.1,8080,0,benign
167.2599024772644,127.0.0.1,8080,127.0.0.1,52630,0,benign
167.2618808746338,127.0.0.1,52630,127.0.0.1,8080,0,benign
167.27262234687805,127.0.0.1,52630,127.0.0.1,8080,163,benign
167.27470111846924,127.0.0.1,8080,127.0.0.1,52630,0,benign
167.27900195121765,127.0.0.1,36612,127.0.0.1,8080,163,benign
167.28076195716858,127.0.0.1,8080,127.0.0.1,36612,138,benign
167.28250908851624,127.0.0.1,8080,127.0.0.1,36612,56,benign
167.29620933532715,127.0.0.1,36612,127.0.0.1,8080,0,benign
167.31581592559814,127.0.0.1,36612,127.0.0.1,8080,0,benign
167.32256436347961,127.0.0.1,36790,127.0.0.1,8080,163,benign
167.32742285728455,127.0.0.1,8080,127.0.0.1,36790,138,benign
167.3370590209961,127.0.0.1,45194,127.0.0.1,8080,0,benign
167.3423366546631,127.0.0.1,8082,127.0.0.1,42700,198,benign
167.3477761745453,127.0.0.1,42700,127.0.0.1,8082,0,benign
167.35645747184753,127.0.0.1,36854,127.0.0.1,8080,163,benign
167.36094307899475,127.0.0.1,45198,127.0.0.1,8080,0,benign
167.3630769252777,127.0.0.1,8080,127.0.0.1,36854,194,benign
167.3649401664734,127.0.0.1,36612,127.0.0.1,8080,163,benign
167.37160444259644,127.0.0.1,60204,127.0.0.1,8083,167,benign
167.3734667301178,127.0.0.1,8083,127.0.0.1,60204,0,benign
167.37800121307373,127.0.0.1,8080,127.0.0.1,36612,138,benign
167.3867917060852,127.0.0.1,8080,127.0.0.1,45168,0,benign
167.39158606529236,127.0.0.1,36666,127.0.0.1,8080,0,benign
167.39475631713867,127.0.0.1,8080,127.0.0.1,36666,56,benign
167.40247917175293,127.0.0.1,36666,127.0.0.1,8080,0,benign
167.4225115776062,127.0.0.1,36586,127.0.0.1,8080,163,benign
167.4249289035797,127.0.0.1,8080,127.0.0.1,36586,194,benign
167.43922400474548,127.0.0.1,36586,127.0.0.1,8080,0,benign
167.44722509384155,127.0.0.1,8080,127.0.0.1,36790,56,benign
167.4604947566986,127.0.0.1,36790,127.0.0.1,8080,0,benign
167.47037863731384,127.0.0.1,36732,127.0.0.1,8080,163,benign
167.4827539920807,127.0.0.1,8080,127.0.0.1,36732,138,benign
167.49248909950256,127.0.0.1,8080,127.0.0.1,36732,56,benign
167.49449753761292,127.0.0.1,36666,127.0.0.1,8080,163,benign
167.50320172309875,127.0.0.1,60200,127.0.0.1,8083,167,benign
167.5049970149994,127.0.0.1,8083,127.0.0.1,60200,0,benign
167.5070607662201,127.0.0.1,8080,127.0.0.1,36666,138,benign
167.50910115242004,127.0.0.1,36732,127.0.0.1,8080,0,benign
167.517902135849,127.0.0.1,40056,127.0.0.1,8081,167,benign
167.54407167434692,127.0.0.1,8081,127.0.0.1,40056,0,benign
167.5581738948822,127.0.0.1,8080,127.0.0.1,45194,0,benign
167.5603427886963,127.0.0.1,36790,127.0.0.1,8080,163,benign
167.57324314117432,127.0.0.1,8080,127.0.0.1,36790,138,benign
167.58507251739502,127.0.0.1,8080,127.0.0.1,45198,0,benign
167.60668969154358,127.0.0.1,36854,127.0.0.1,8080,0,benign
167.61744809150696,127.0.0.1,36612,127.0.0.1,8080,0,benign
167.61987352371216,127.0.0.1,42700,127.0.0.1,8082,167,benign
167.6342511177063,127.0.0.1,8082,127.0.0.1,42700,0,benign
167.64574813842773,127.0.0.1,8080,127.0.0.1,36612,56,benign
167.64785408973694,127.0.0.1,36612,127.0.0.1,8080,0,benign
167.64969515800476,127.0.0.1,36854,127.0.0.1,8080,163,benign
167.65469312667847,127.0.0.1,52644,127.0.0.1,8080,0,benign
167.65677881240845,127.0.0.1,8080,127.0.0.1,52644,0,benign
167.66154956817627,127.0.0.1,52644,127.0.0.1,8080,0,benign
167.66592741012573,127.0.0.1,52644,127.0.0.1,8080,167,benign
167.6679072380066,127.0.0.1,8080,127.0.0.1,52644,0,benign
167.6700325012207,127.0.0.1,8080,127.0.0.1,36854,138,benign
167.67197585105896,127.0.0.1,36854,127.0.0.1,8080,0,benign
167.71331810951233,127.0.0.1,8080,127.0.0.1,36854,56,benign
167.73271298408508,127.0.0.1,36854,127.0.0.1,8080,0,benign
167.76232171058655,127.0.0.1,52654,127.0.0.1,8080,0,benign
167.76841139793396,127.0.0.1,8080,127.0.0.1,52654,0,benign
167.77708435058594,127.0.0.1,52654,127.0.0.1,8080,0,benign
167.77940344810486,127.0.0.1,52654,127.0.0.1,8080,163,benign
167.78441262245178,127.0.0.1,8080,127.0.0.1,52654,0,benign
167.7864670753479,127.0.0.1,45212,127.0.0.1,8080,0,benign
167.7884967327118,127.0.0.1,53176,127.0.0.1,8080,0,benign
167.79278802871704,127.0.0.1,53190,127.0.0.1,8080,0,benign
167.79468250274658,127.0.0.1,8080,127.0.0.1,53154,0,benign
167.80252695083618,127.0.0.1,36612,127.0.0.1,8080,0,benign
167.80469822883606,127.0.0.1,8080,127.0.0.1,36612,56,benign
167.80643773078918,127.0.0.1,36612,127.0.0.1,8080,0,benign
167.80892157554626,127.0.0.1,42700,127.0.0.1,8082,167,benign
167.81840658187866,127.0.0.1,8082,127.0.0.1,42700,0,benign
167.82322788238525,127.0.0.1,36586,127.0.0.1,8080,163,benign
167.82505750656128,127.0.0.1,53194,127.0.0.1,8080,0,benign
167.83171820640564,127.0.0.1,36854,127.0.0.1,8080,163,benign
167.83370923995972,127.0.0.1,8080,127.0.0.1,36586,138,benign
167.8356704711914,127.0.0.1,36586,127.0.0.1,8080,0,benign
167.8454394340515,127.0.0.1,8080,127.0.0.1,36586,56,benign
167.85984301567078,127.0.0.1,8080,127.0.0.1,36854,194,benign
167.89169216156006,127.0.0.1,36854,127.0.0.1,8080,0,benign
167.9096360206604,127.0.0.1,36732,127.0.0.1,8080,0,benign
167.9341423511505,127.0.0.1,8080,127.0.0.1,53182,0,benign
167.94621324539185,127.0.0.1,8080,127.0.0.1,36732,56,benign
167.95435881614685,127.0.0.1,36732,127.0.0.1,8080,0,benign
167.96202278137207,127.0.0.1,8083,127.0.0.1,60204,198,benign
167.9639732837677,127.0.0.1,60204,127.0.0.1,8083,0,benign
167.96796655654907,127.0.0.1,36586,127.0.0.1,8080,0,benign
167.96961331367493,127.0.0.1,60200,127.0.0.1,8083,167,benign
167.9714171886444,127.0.0.1,8083,127.0.0.1,60200,0,benign
167.9774408340454,127.0.0.1,36612,127.0.0.1,8080,163,benign
167.97939252853394,127.0.0.1,55654,127.0.0.1,8082,167,benign
167.98385643959045,127.0.0.1,8082,127.0.0.1,55654,0,benign
167.9931082725525,127.0.0.1,8080,127.0.0.1,36612,138,benign
167.99978947639465,127.0.0.1,42720,127.0.0.1,8082,167,benign
168.00159907341003,127.0.0.1,8082,127.0.0.1,42720,0,benign
168.0038025379181,127.0.0.1,36854,127.0.0.1,8080,163,benign
168.00607442855835,127.0.0.1,8080,127.0.0.1,36854,138,benign
168.00811076164246,127.0.0.1,36666,127.0.0.1,8080,163,benign
168.00979089736938,127.0.0.1,8080,127.0.0.1,53176,0,benign
168.01470279693604,127.0.0.1,8080,127.0.0.1,36666,194,benign
168.01908040046692,127.0.0.1,36666,127.0.0.1,8080,0,benign
168.02115988731384,127.0.0.1,53954,127.0.0.1,8080,0,benign
168.02301812171936,127.0.0.1,8080,127.0.0.1,53954,0,benign
168.02514457702637,127.0.0.1,53954,127.0.0.1,8080,0,benign
168.02965116500854,127.0.0.1,8080,127.0.0.1,53190,0,benign
168.0319628715515,127.0.0.1,53946,127.0.0.1,8080,163,benign
168.03423404693604,127.0.0.1,8080,127.0.0.1,53946,0,benign
168.03653001785278,127.0.0.1,8080,127.0.0.1,53194,0,benign
168.0621829032898,127.0.0.1,36570,127.0.0.1,8080,163,benign
168.07148480415344,127.0.0.1,8080,127.0.0.1,36570,194,benign
168.07968640327454,127.0.0.1,36570,127.0.0.1,8080,0,benign
168.0929114818573,127.0.0.1,53218,127.0.0.1,8080,0,benign
168.10720539093018,127.0.0.1,36732,127.0.0.1,8080,163,benign
168.11180448532104,127.0.0.1,36586,127.0.0.1,8080,163,benign
168.11693692207336,127.0.0.1,53960,127.0.0.1,8080,0,benign
168.12184524536133,127.0.0.1,8080,127.0.0.1,53960,0,benign
168.12377381324768,127.0.0.1,53960,127.0.0.1,8080,0,benign
168.1254324913025,127.0.0.1,36612,127.0.0.1,8080,0,benign
168.12759518623352,127.0.0.1,8080,127.0.0.1,36612,56,benign
168.13001132011414,127.0.0.1,8080,127.0.0.1,36732,138,benign
168.13196682929993,127.0.0.1,36732,127.0.0.1,8080,0,benign
168.13842916488647,127.0.0.1,8080,127.0.0.1,36732,56,benign
168.14040732383728,127.0.0.1,36732,127.0.0.1,8080,0,benign
168.14236783981323,127.0.0.1,8080,127.0.0.1,36586,138,benign
168.15141534805298,127.0.0.1,8080,127.0.0.1,36586,56,benign
168.16247630119324,127.0.0.1,36612,127.0.0.1,8080,0,benign
168.1647253036499,127.0.0.1,53208,127.0.0.1,8080,0,benign
168.16675472259521,127.0.0.1,36586,127.0.0.1,8080,0,benign
168.16867446899414,127.0.0.1,8080,127.0.0.1,36854,56,benign
168.17571210861206,127.0.0.1,8082,127.0.0.1,42700,198,benign
168.17775225639343,127.0.0.1,36854,127.0.0.1,8080,0,benign
168.19912362098694,127.0.0.1,42700,127.0.0.1,8082,0,benign
168.2174870967865,127.0.0.1,36612,127.0.0.1,8080,163,benign
168.21995854377747,127.0.0.1,8080,127.0.0.1,36612,138,benign
168.22737336158752,127.0.0.1,36586,127.0.0.1,8080,163,benign
168.25273084640503,127.0.0.1,8080,127.0.0.1,36586,138,benign
168.25997114181519,127.0.0.1,53970,127.0.0.1,8080,0,benign
168.26304602622986,127.0.0.1,8080,127.0.0.1,53970,0,benign
168.26880478858948,127.0.0.1,53970,127.0.0.1,8080,0,benign
168.27047109603882,127.0.0.1,8083,127.0.0.1,60200,138,benign
168.28216314315796,127.0.0.1,60200,127.0.0.1,8083,0,benign
168.29139637947083,127.0.0.1,8083,127.0.0.1,60200,60,benign
168.29386830329895,127.0.0.1,60200,127.0.0.1,8083,0,benign
168.296142578125,127.0.0.1,36666,127.0.0.1,8080,163,benign
168.3139452934265,127.0.0.1,53226,127.0.0.1,8080,0,benign
168.32125544548035,127.0.0.1,53216,127.0.0.1,8080,0,benign
168.32574725151062,127.0.0.1,53954,127.0.0.1,8080,167,benign
168.32745051383972,127.0.0.1,8080,127.0.0.1,53954,0,benign
168.3322970867157,127.0.0.1,8080,127.0.0.1,36666,194,benign
168.3339114189148,127.0.0.1,36666,127.0.0.1,8080,0,benign
168.3356750011444,127.0.0.1,8082,127.0.0.1,55654,198,benign
168.34241580963135,127.0.0.1,55654,127.0.0.1,8082,0,benign
168.35823488235474,127.0.0.1,36854,127.0.0.1,8080,163,benign
168.36024808883667,127.0.0.1,53256,127.0.0.1,8080,0,benign
168.36252641677856,127.0.0.1,8080,127.0.0.1,53218,0,benign
168.36459517478943,127.0.0.1,8080,127.0.0.1,36854,138,benign
168.37611174583435,127.0.0.1,55654,127.0.0.1,8082,167,benign
168.3901174068451,127.0.0.1,8082,127.0.0.1,55654,0,benign
168.4015884399414,127.0.0.1,53960,127.0.0.1,8080,163,benign
168.4049162864685,127.0.0.1,8080,127.0.0.1,53960,0,benign
168.41821718215942,127.0.0.1,8080,127.0.0.1,53208,0,benign
168.42614030838013,127.0.0.1,36790,127.0.0.1,8080,163,benign
168.43177461624146,127.0.0.1,36666,127.0.0.1,8080,163,benign
168.4417462348938,127.0.0.1,40056,127.0.0.1,8081,167,benign
168.4548487663269,127.0.0.1,8081,127.0.0.1,40056,0,benign
168.46848464012146,127.0.0.1,36644,127.0.0.1,8080,163,benign
168.50004482269287,127.0.0.1,8080,127.0.0.1,36790,194,benign
168.52046871185303,127.0.0.1,36790,127.0.0.1,8080,0,benign
168.53401923179626,127.0.0.1,8080,127.0.0.1,36666,138,benign
168.53729844093323,127.0.0.1,8080,127.0.0.1,36644,194,benign
168.54003834724426,127.0.0.1,36644,127.0.0.1,8080,0,benign
168.54223251342773,127.0.0.1,53242,127.0.0.1,8080,0,benign
168.5441689491272,127.0.0.1,36612,127.0.0.1,8080,0,benign
168.5514576435089,127.0.0.1,8080,127.0.0.1,36612,56,benign
168.55403208732605,127.0.0.1,53972,127.0.0.1,8080,0,benign
168.56430053710938,127.0.0.1,8080,127.0.0.1,53972,0,benign
168.5703980922699,127.0.0.1,53972,127.0.0.1,8080,0,benign
168.57470202445984,127.0.0.1,36586,127.0.0.1,8080,0,benign
168.57908034324646,127.0.0.1,8080,127.0.0.1,36586,56,benign
168.58163046836853,127.0.0.1,36570,127.0.0.1,8080,163,benign
168.60726237297058,127.0.0.1,53970,127.0.0.1,8080,163,benign
168.61818981170654,127.0.0.1,36586,127.0.0.1,8080,0,benign
168.62595772743225,127.0.0.1,8080,127.0.0.1,53970,0,benign
168.64613246917725,127.0.0.1,53278,127.0.0.1,8080,0,benign
168.65405654907227,127.0.0.1,36612,127.0.0.1,8080,0,benign
168.66225457191467,127.0.0.1,53982,127.0.0.1,8080,0,benign
168.671715259552,127.0.0.1,8080,127.0.0.1,53982,0,benign
168.6829001903534,127.0.0.1,53982,127.0.0.1,8080,0,benign
168.68520092964172,127.0.0.1,8080,127.0.0.1,36570,138,benign
168.68759274482727,127.0.0.1,36570,127.0.0.1,8080,0,benign
168.6996431350708,127.0.0.1,8080,127.0.0.1,36570,56,benign
168.73416876792908,127.0.0.1,36570,127.0.0.1,8080,0,benign
168.74815559387207,127.0.0.1,42700,127.0.0.1,8082,167,benign
168.75350952148438,127.0.0.1,8082,127.0.0.1,42700,0,benign
168.7633740901947,127.0.0.1,53972,127.0.0.1,8080,163,benign
168.77261066436768,127.0.0.1,8080,127.0.0.1,53972,0,benign
168.77444005012512,127.0.0.1,53270,127.0.0.1,8080,0,benign
168.7768850326538,127.0.0.1,36708,127.0.0.1,8080,163,benign
168.7791497707367,127.0.0.1,8080,127.0.0.1,53226,0,benign
168.78096461296082,127.0.0.1,8080,127.0.0.1,53216,0,benign
168.78280186653137,127.0.0.1,36644,127.0.0.1,8080,163,benign
168.7845015525818,127.0.0.1,8080,127.0.0.1,36708,138,benign
168.78618097305298,127.0.0.1,36708,127.0.0.1,8080,0,benign
168.78803133964539,127.0.0.1,8080,127.0.0.1,36708,56,benign
168.78959727287292,127.0.0.1,36708,127.0.0.1,8080,0,benign
168.79138851165771,127.0.0.1,8080,127.0.0.1,36644,138,benign
168.80087757110596,127.0.0.1,8080,127.0.0.1,53256,0,benign
168.80268716812134,127.0.0.1,8082,127.0.0.1,42720,198,benign
168.80467677116394,127.0.0.1,42720,127.0.0.1,8082,0,benign
168.80637955665588,127.0.0.1,36854,127.0.0.1,8080,0,benign
168.82721042633057,127.0.0.1,8080,127.0.0.1,36854,56,benign
168.8332085609436,127.0.0.1,36854,127.0.0.1,8080,0,benign
168.84222865104675,127.0.0.1,53982,127.0.0.1,8080,167,benign
168.85338163375854,127.0.0.1,8080,127.0.0.1,53982,0,benign
168.86591958999634,127.0.0.1,36800,127.0.0.1,8080,163,benign
168.8783676624298,127.0.0.1,53994,127.0.0.1,8080,0,benign
168.8875482082367,127.0.0.1,8080,127.0.0.1,53994,0,benign
168.90568709373474,127.0.0.1,53994,127.0.0.1,8080,0,benign
168.94550895690918,127.0.0.1,36666,127.0.0.1,8080,0,benign
168.96486711502075,127.0.0.1,8080,127.0.0.1,36800,138,benign
168.97908425331116,127.0.0.1,36800,127.0.0.1,8080,0,benign
168.98546814918518,127.0.0.1,8080,127.0.0.1,36666,56,benign
169.00128293037415,127.0.0.1,36666,127.0.0.1,8080,0,benign
169.01703095436096,127.0.0.1,8080,127.0.0.1,36800,56,benign
169.02524161338806,127.0.0.1,36800,127.0.0.1,8080,0,benign
169.03579330444336,127.0.0.1,54002,127.0.0.1,8080,0,benign
169.0543031692505,127.0.0.1,8080,127.0.0.1,54002,0,benign
169.063738822937,127.0.0.1,54002,127.0.0.1,8080,0,benign
169.07534527778625,127.0.0.1,54006,127.0.0.1,8080,0,benign
169.09152603149414,127.0.0.1,8080,127.0.0.1,54006,0,benign
169.0966980457306,127.0.0.1,54006,127.0.0.1,8080,0,benign
169.0994622707367,127.0.0.1,53300,127.0.0.1,8080,0,benign
169.10687232017517,127.0.0.1,8080,127.0.0.1,53242,0,benign
169.11716151237488,127.0.0.1,36666,127.0.0.1,8080,163,benign
169.12233304977417,127.0.0.1,54002,127.0.0.1,8080,163,benign
169.12460899353027,127.0.0.1,8080,127.0.0.1,54002,0,benign
169.12889075279236,127.0.0.1,8080,127.0.0.1,36666,138,benign
169.13567733764648,127.0.0.1,54010,127.0.0.1,8080,0,benign
169.13765692710876,127.0.0.1,8080,127.0.0.1,54010,0,benign
169.14209294319153,127.0.0.1,54010,127.0.0.1,8080,0,benign
169.14433693885803,127.0.0.1,54006,127.0.0.1,8080,163,benign
169.14646935462952,127.0.0.1,8080,127.0.0.1,54006,0,benign
169.14896035194397,127.0.0.1,54014,127.0.0.1,8080,0,benign
169.15594720840454,127.0.0.1,8080,127.0.0.1,54014,0,benign
169.15779733657837,127.0.0.1,54014,127.0.0.1,8080,0,benign
169.1622223854065,127.0.0.1,8080,127.0.0.1,53278,0,benign
169.18054127693176,127.0.0.1,36570,127.0.0.1,8080,163,benign
169.18248009681702,127.0.0.1,36854,127.0.0.1,8080,163,benign
169.1843297481537,127.0.0.1,8082,127.0.0.1,55654,138,benign
169.18589854240417,127.0.0.1,8080,127.0.0.1,36570,138,benign
169.18770694732666,127.0.0.1,36570,127.0.0.1,8080,0,benign
169.18946957588196,127.0.0.1,8080,127.0.0.1,36570,56,benign
169.1923313140869,127.0.0.1,36570,127.0.0.1,8080,0,benign
169.20567345619202,127.0.0.1,8080,127.0.0.1,36854,138,benign
169.21921372413635,127.0.0.1,8080,127.0.0.1,53270,0,benign
169.23281860351562,127.0.0.1,54024,127.0.0.1,8080,0,benign
169.23545217514038,127.0.0.1,8080,127.0.0.1,54024,0,benign
169.25341057777405,127.0.0.1,54024,127.0.0.1,8080,0,benign
169.26463389396667,127.0.0.1,53302,127.0.0.1,8080,0,benign
169.28126335144043,127.0.0.1,54010,127.0.0.1,8080,163,benign
169.30673456192017,127.0.0.1,8080,127.0.0.1,54010,0,benign
169.32042455673218,127.0.0.1,53294,127.0.0.1,8080,0,benign
169.32861161231995,127.0.0.1,8080,127.0.0.1,56642,0,benign
169.36810541152954,127.0.0.1,8080,127.0.0.1,56636,0,benign
169.37331581115723,127.0.0.1,56642,127.0.0.1,8080,0,benign
169.37587904930115,127.0.0.1,56636,127.0.0.1,8080,0,benign
169.38159275054932,127.0.0.1,8080,127.0.0.1,56678,0,benign
169.3866412639618,127.0.0.1,8080,127.0.0.1,56652,0,benign
169.39043164253235,127.0.0.1,8080,127.0.0.1,56674,0,benign
169.39255452156067,127.0.0.1,36644,127.0.0.1,8080,0,benign
169.40269112586975,127.0.0.1,8080,127.0.0.1,56668,0,benign
169.40507650375366,127.0.0.1,8080,127.0.0.1,56662,0,benign
169.41388535499573,127.0.0.1,56652,127.0.0.1,8080,0,benign
169.4433822631836,127.0.0.1,8080,127.0.0.1,56656,0,benign
169.4504029750824,127.0.0.1,56678,127.0.0.1,8080,0,benign
169.45608854293823,127.0.0.1,56674,127.0.0.1,8080,0,benign
169.4579610824585,127.0.0.1,56668,127.0.0.1,8080,0,benign
169.45964431762695,127.0.0.1,56662,127.0.0.1,8080,0,benign
169.46627855300903,127.0.0.1,56656,127.0.0.1,8080,0,benign
169.47252082824707,127.0.0.1,8080,127.0.0.1,36644,56,benign
169.47431921958923,127.0.0.1,36644,127.0.0.1,8080,0,benign
169.48688292503357,127.0.0.1,36612,127.0.0.1,8080,163,benign
169.5137550830841,127.0.0.1,54024,127.0.0.1,8080,163,benign
169.51685309410095,127.0.0.1,8080,127.0.0.1,54024,0,benign
169.5291769504547,127.0.0.1,54036,127.0.0.1,8080,0,benign
169.5312738418579,127.0.0.1,8080,127.0.0.1,54036,0,benign
169.54884600639343,127.0.0.1,54036,127.0.0.1,8080,0,benign
169.56112146377563,127.0.0.1,36708,127.0.0.1,8080,163,benign
169.57777762413025,127.0.0.1,36644,127.0.0.1,8080,163,benign
169.58202147483826,127.0.0.1,53994,127.0.0.1,8080,163,benign
169.59322214126587,127.0.0.1,8080,127.0.0.1,53994,0,benign
169.59545350074768,127.0.0.1,54014,127.0.0.1,8080,163,benign
169.59774470329285,127.0.0.1,8080,127.0.0.1,54014,0,benign
169.6008574962616,127.0.0.1,40054,127.0.0.1,8081,167,benign
169.6053547859192,127.0.0.1,8081,127.0.0.1,40054,0,benign
169.60779094696045,127.0.0.1,53320,127.0.0.1,8080,0,benign
169.61357235908508,127.0.0.1,53338,127.0.0.1,8080,0,benign
169.61609816551208,127.0.0.1,54036,127.0.0.1,8080,163,benign
169.62487888336182,127.0.0.1,8080,127.0.0.1,54036,0,benign
169.6433072090149,127.0.0.1,53314,127.0.0.1,8080,0,benign
169.64807152748108,127.0.0.1,8080,127.0.0.1,53300,0,benign
169.6532051563263,127.0.0.1,54046,127.0.0.1,8080,0,benign
169.66122698783875,127.0.0.1,8080,127.0.0.1,54046,0,benign
169.66749548912048,127.0.0.1,54046,127.0.0.1,8080,0,benign
169.67540860176086,127.0.0.1,54280,127.0.0.1,8080,0,benign
169.6777458190918,127.0.0.1,36570,127.0.0.1,8080,0,benign
169.68300080299377,127.0.0.1,8080,127.0.0.1,36570,56,benign
169.6862449645996,127.0.0.1,36570,127.0.0.1,8080,0,benign
169.6936159133911,127.0.0.1,8083,127.0.0.1,60220,138,benign
169.69622039794922,127.0.0.1,60220,127.0.0.1,8083,0,benign
169.70542097091675,127.0.0.1,8083,127.0.0.1,60220,60,benign
169.7071807384491,127.0.0.1,60220,127.0.0.1,8083,0,benign
169.70890164375305,127.0.0.1,54986,127.0.0.1,8080,0,benign
169.716481924057,127.0.0.1,8080,127.0.0.1,54986,0,benign
169.7384271621704,127.0.0.1,54986,127.0.0.1,8080,0,benign
169.7523922920227,127.0.0.1,54986,127.0.0.1,8080,163,benign
169.7810320854187,127.0.0.1,8080,127.0.0.1,54986,0,benign
169.80056643486023,127.0.0.1,40054,127.0.0.1,8081,167,benign
169.80489134788513,127.0.0.1,8081,127.0.0.1,40054,0,benign
169.80672430992126,127.0.0.1,54288,127.0.0.1,8080,0,benign
169.80882334709167,127.0.0.1,8080,127.0.0.1,54238,0,benign
169.82222700119019,127.0.0.1,36612,127.0.0.1,8080,163,benign
169.84570813179016,127.0.0.1,8080,127.0.0.1,36612,0,benign
169.84893131256104,127.0.0.1,36698,127.0.0.1,8080,163,benign
169.8618950843811,127.0.0.1,8080,127.0.0.1,54252,0,benign
169.87517428398132,127.0.0.1,8080,127.0.0.1,36612,138,benign
169.87957978248596,127.0.0.1,36612,127.0.0.1,8080,0,benign
169.89253330230713,127.0.0.1,8080,127.0.0.1,36612,56,benign
169.8956515789032,127.0.0.1,36612,127.0.0.1,8080,0,benign
169.89770603179932,127.0.0.1,8080,127.0.0.1,36698,194,benign
169.9140293598175,127.0.0.1,36698,127.0.0.1,8080,0,benign
169.92068457603455,127.0.0.1,36666,127.0.0.1,8080,163,benign
169.9287884235382,127.0.0.1,60220,127.0.0.1,8083,167,benign
169.93092346191406,127.0.0.1,8083,127.0.0.1,60220,0,benign
169.93294048309326,127.0.0.1,36586,127.0.0.1,8080,0,benign
169.9410810470581,127.0.0.1,8080,127.0.0.1,36586,56,benign
169.9923496246338,127.0.0.1,36586,127.0.0.1,8080,0,benign
170.03278303146362,127.0.0.1,36800,127.0.0.1,8080,163,benign
170.04401326179504,127.0.0.1,8080,127.0.0.1,36666,138,benign
170.04585552215576,127.0.0.1,36666,127.0.0.1,8080,0,benign
170.07058930397034,127.0.0.1,8080,127.0.0.1,36666,56,benign
170.07469034194946,127.0.0.1,36666,127.0.0.1,8080,0,benign
170.08106994628906,127.0.0.1,36790,127.0.0.1,8080,163,benign
170.08297562599182,127.0.0.1,8080,127.0.0.1,36800,194,benign
170.08465337753296,127.0.0.1,36800,127.0.0.1,8080,0,benign
170.08624720573425,127.0.0.1,8082,127.0.0.1,55654,198,benign
170.0880582332611,127.0.0.1,55654,127.0.0.1,8082,0,benign
170.0896520614624,127.0.0.1,8080,127.0.0.1,36790,138,benign
170.09148001670837,127.0.0.1,36790,127.0.0.1,8080,0,benign
170.10041880607605,127.0.0.1,8080,127.0.0.1,36790,56,benign
170.10505056381226,127.0.0.1,8080,127.0.0.1,54268,0,benign
170.110276222229,127.0.0.1,8080,127.0.0.1,54276,0,benign
170.13763451576233,127.0.0.1,8080,127.0.0.1,54212,0,benign
170.14499759674072,127.0.0.1,8081,127.0.0.1,40066,198,benign
170.14736461639404,127.0.0.1,40066,127.0.0.1,8081,0,benign
170.15630388259888,127.0.0.1,36790,127.0.0.1,8080,0,benign
170.1639370918274,127.0.0.1,8082,127.0.0.1,42700,138,benign
170.16562509536743,127.0.0.1,42700,127.0.0.1,8082,0,benign
170.17052674293518,127.0.0.1,8082,127.0.0.1,42700,60,benign
170.17240810394287,127.0.0.1,42700,127.0.0.1,8082,0,benign
170.17403650283813,127.0.0.1,54994,127.0.0.1,8080,0,benign
170.17802667617798,127.0.0.1,8080,127.0.0.1,54994,0,benign
170.1981656551361,127.0.0.1,54994,127.0.0.1,8080,0,benign
170.2181236743927,127.0.0.1,55004,127.0.0.1,8080,0,benign
170.2202343940735,127.0.0.1,8080,127.0.0.1,55004,0,benign
170.22964715957642,127.0.0.1,55004,127.0.0.1,8080,0,benign
170.24311685562134,127.0.0.1,8083,127.0.0.1,58906,138,benign
170.28045773506165,127.0.0.1,8080,127.0.0.1,54288,0,benign
170.28897857666016,127.0.0.1,8080,127.0.0.1,54280,0,benign
170.31300330162048,127.0.0.1,54290,127.0.0.1,8080,0,benign
170.31576371192932,127.0.0.1,36854,127.0.0.1,8080,163,benign
170.31827855110168,127.0.0.1,55014,127.0.0.1,8080,0,benign
170.32282876968384,127.0.0.1,8080,127.0.0.1,55014,0,benign
170.3253264427185,127.0.0.1,55014,127.0.0.1,8080,0,benign
170.32743740081787,127.0.0.1,8080,127.0.0.1,36854,194,benign
170.3323962688446,127.0.0.1,36854,127.0.0.1,8080,0,benign
170.3355700969696,127.0.0.1,36716,127.0.0.1,8080,163,benign
170.35393166542053,127.0.0.1,36644,127.0.0.1,8080,163,benign
170.3641278743744,127.0.0.1,8080,127.0.0.1,36716,138,benign
170.36644077301025,127.0.0.1,36716,127.0.0.1,8080,0,benign
170.3687880039215,127.0.0.1,8080,127.0.0.1,36644,138,benign
170.3708086013794,127.0.0.1,36644,127.0.0.1,8080,0,benign
170.37569189071655,127.0.0.1,8080,127.0.0.1,36716,56,benign
170.37778186798096,127.0.0.1,36716,127.0.0.1,8080,0,benign
170.37968397140503,127.0.0.1,8080,127.0.0.1,36644,56,benign
170.3867166042328,127.0.0.1,36644,127.0.0.1,8080,0,benign
170.38850903511047,127.0.0.1,36800,127.0.0.1,8080,163,benign
170.3901994228363,127.0.0.1,55654,127.0.0.1,8082,167,benign
170.39197182655334,127.0.0.1,8082,127.0.0.1,55654,0,benign
170.39368391036987,127.0.0.1,36732,127.0.0.1,8080,163,benign
170.39539909362793,127.0.0.1,55014,127.0.0.1,8080,163,benign
170.39745688438416,127.0.0.1,8080,127.0.0.1,55014,0,benign
170.39935874938965,127.0.0.1,54994,127.0.0.1,8080,167,benign
170.40412998199463,127.0.0.1,8080,127.0.0.1,54994,0,benign
170.41637539863586,127.0.0.1,8080,127.0.0.1,36800,138,benign
170.432208776474,127.0.0.1,36800,127.0.0.1,8080,0,benign
170.44443035125732,127.0.0.1,8080,127.0.0.1,36800,56,benign
170.44735431671143,127.0.0.1,36800,127.0.0.1,8080,0,benign
170.45377707481384,127.0.0.1,8080,127.0.0.1,36732,138,benign
170.45682382583618,127.0.0.1,8080,127.0.0.1,36732,56,benign
170.45836281776428,127.0.0.1,42700,127.0.0.1,8082,167,benign
170.47051405906677,127.0.0.1,8082,127.0.0.1,42700,0,benign
170.47650957107544,127.0.0.1,36612,127.0.0.1,8080,163,benign
170.48647212982178,127.0.0.1,54298,127.0.0.1,8080,0,benign
170.48981595039368,127.0.0.1,40066,127.0.0.1,8081,167,benign
170.4936854839325,127.0.0.1,8081,127.0.0.1,40066,0,benign
170.50222039222717,127.0.0.1,36732,127.0.0.1,8080,0,benign
170.50473713874817,127.0.0.1,8080,127.0.0.1,36612,138,benign
170.5097119808197,127.0.0.1,36612,127.0.0.1,8080,0,benign
170.518413066864,127.0.0.1,8080,127.0.0.1,36612,56,benign
170.5304229259491,127.0.0.1,36612,127.0.0.1,8080,0,benign
170.55016565322876,127.0.0.1,58906,127.0.0.1,8083,0,benign
170.57745099067688,127.0.0.1,8083,127.0.0.1,58906,60,benign
170.59344005584717,127.0.0.1,58906,127.0.0.1,8083,0,benign
170.59791445732117,127.0.0.1,36570,127.0.0.1,8080,163,benign
170.60096788406372,127.0.0.1,55004,127.0.0.1,8080,163,benign
170.60619640350342,127.0.0.1,8080,127.0.0.1,55004,0,benign
170.61696791648865,127.0.0.1,8080,127.0.0.1,36570,138,benign
170.63395977020264,127.0.0.1,36570,127.0.0.1,8080,0,benign
170.64969325065613,127.0.0.1,8080,127.0.0.1,36570,56,benign
170.6523666381836,127.0.0.1,36570,127.0.0.1,8080,0,benign
170.66282391548157,127.0.0.1,36854,127.0.0.1,8080,163,benign
170.67139720916748,127.0.0.1,36698,127.0.0.1,8080,163,benign
170.68016242980957,127.0.0.1,36666,127.0.0.1,8080,163,benign
170.70076894760132,127.0.0.1,8080,127.0.0.1,36570,138,benign
170.72543835639954,127.0.0.1,36698,127.0.0.1,8080,0,benign
170.72814893722534,127.0.0.1,8080,127.0.0.1,55356,0,benign
170.73335123062134,127.0.0.1,8080,127.0.0.1,36698,56,benign
170.73528957366943,127.0.0.1,36698,127.0.0.1,8080,0,benign
170.75071263313293,127.0.0.1,8080,127.0.0.1,36666,138,benign
170.7600224018097,127.0.0.1,55386,127.0.0.1,8080,0,benign
170.76416850090027,127.0.0.1,8080,127.0.0.1,55358,0,benign
170.76958394050598,127.0.0.1,55770,127.0.0.1,8080,167,benign
170.77642107009888,127.0.0.1,8080,127.0.0.1,55770,0,benign
170.79394507408142,127.0.0.1,8080,127.0.0.1,55366,0,benign
170.7994351387024,127.0.0.1,8081,127.0.0.1,40054,138,benign
170.80776143074036,127.0.0.1,40054,127.0.0.1,8081,0,benign
170.81875324249268,127.0.0.1,8081,127.0.0.1,40054,60,benign
170.82165360450745,127.0.0.1,40054,127.0.0.1,8081,0,benign
170.82568407058716,127.0.0.1,36790,127.0.0.1,8080,163,benign
170.84975385665894,127.0.0.1,8080,127.0.0.1,36790,194,benign
170.8528094291687,127.0.0.1,36790,127.0.0.1,8080,0,benign
170.85775184631348,127.0.0.1,8080,127.0.0.1,55380,0,benign
170.86239314079285,127.0.0.1,36586,127.0.0.1,8080,0,benign
170.88810205459595,127.0.0.1,8080,127.0.0.1,36586,56,benign
170.89755940437317,127.0.0.1,36586,127.0.0.1,8080,0,benign
170.93597888946533,127.0.0.1,55790,127.0.0.1,8080,0,benign
170.96453666687012,127.0.0.1,8080,127.0.0.1,55790,0,benign
170.96800303459167,127.0.0.1,55790,127.0.0.1,8080,0,benign
170.9814417362213,127.0.0.1,8080,127.0.0.1,55360,0,benign
170.99961066246033,127.0.0.1,8081,127.0.0.1,40090,198,benign
171.0022521018982,127.0.0.1,40090,127.0.0.1,8081,0,benign
171.0077941417694,127.0.0.1,55798,127.0.0.1,8080,0,benign
171.0134778022766,127.0.0.1,8080,127.0.0.1,55798,0,benign
171.01582956314087,127.0.0.1,55798,127.0.0.1,8080,0,benign
171.03617000579834,127.0.0.1,55654,127.0.0.1,8082,167,benign
171.05212593078613,127.0.0.1,8082,127.0.0.1,55654,0,benign
171.05724930763245,127.0.0.1,55798,127.0.0.1,8080,167,benign
171.0644302368164,127.0.0.1,8080,127.0.0.1,55798,0,benign
171.06707644462585,127.0.0.1,36570,127.0.0.1,8080,0,benign
171.1002655029297,127.0.0.1,8080,127.0.0.1,36570,56,benign
171.10640621185303,127.0.0.1,36570,127.0.0.1,8080,0,benign
171.11187863349915,127.0.0.1,8080,127.0.0.1,55386,0,benign
171.11381268501282,127.0.0.1,36666,127.0.0.1,8080,0,benign
171.11575603485107,127.0.0.1,8080,127.0.0.1,36666,56,benign
171.11742854118347,127.0.0.1,36790,127.0.0.1,8080,163,benign
171.118971824646,127.0.0.1,8080,127.0.0.1,36790,138,benign
171.12683701515198,127.0.0.1,55402,127.0.0.1,8080,0,benign
171.1312210559845,127.0.0.1,8083,127.0.0.1,60204,198,benign
171.13557171821594,127.0.0.1,60204,127.0.0.1,8083,0,benign
171.1373770236969,127.0.0.1,36698,127.0.0.1,8080,163,benign
171.14613842964172,127.0.0.1,36666,127.0.0.1,8080,0,benign
171.15110516548157,127.0.0.1,36612,127.0.0.1,8080,163,benign
171.16231656074524,127.0.0.1,8080,127.0.0.1,36698,138,benign
171.16439032554626,127.0.0.1,36698,127.0.0.1,8080,0,benign
171.17874264717102,127.0.0.1,8080,127.0.0.1,36698,56,benign
171.18087220191956,127.0.0.1,36698,127.0.0.1,8080,0,benign
171.1899585723877,127.0.0.1,8080,127.0.0.1,36612,194,benign
171.20389437675476,127.0.0.1,36612,127.0.0.1,8080,0,benign
171.2153503894806,127.0.0.1,36666,127.0.0.1,8080,163,benign
171.22162294387817,127.0.0.1,8080,127.0.0.1,36666,138,benign
171.23250150680542,127.0.0.1,55396,127.0.0.1,8080,0,benign
171.23651933670044,127.0.0.1,55790,127.0.0.1,8080,163,benign
171.23820734024048,127.0.0.1,8080,127.0.0.1,55790,0,benign
171.2399022579193,127.0.0.1,55418,127.0.0.1,8080,0,benign
171.24158239364624,127.0.0.1,36708,127.0.0.1,8080,163,benign
171.26068234443665,127.0.0.1,36570,127.0.0.1,8080,163,benign
171.28370761871338,127.0.0.1,8080,127.0.0.1,36708,194,benign
171.29569506645203,127.0.0.1,36708,127.0.0.1,8080,0,benign
171.30141067504883,127.0.0.1,8080,127.0.0.1,36570,138,benign
171.30377840995789,127.0.0.1,42714,127.0.0.1,8082,167,benign
171.30637288093567,127.0.0.1,8082,127.0.0.1,42714,0,benign
171.30876207351685,127.0.0.1,55806,127.0.0.1,8080,0,benign
171.3264675140381,127.0.0.1,8080,127.0.0.1,55806,0,benign
171.35363698005676,127.0.0.1,55806,127.0.0.1,8080,0,benign
171.35562419891357,127.0.0.1,55774,127.0.0.1,8080,163,benign
171.36028933525085,127.0.0.1,8080,127.0.0.1,55774,0,benign
171.36273407936096,127.0.0.1,8082,127.0.0.1,55654,198,benign
171.37747645378113,127.0.0.1,55654,127.0.0.1,8082,0,benign
171.38191080093384,127.0.0.1,55812,127.0.0.1,8080,0,benign
171.38472485542297,127.0.0.1,8080,127.0.0.1,55812,0,benign
171.3996286392212,127.0.0.1,55812,127.0.0.1,8080,0,benign
171.40122961997986,127.0.0.1,55424,127.0.0.1,8080,0,benign
171.40581011772156,127.0.0.1,42700,127.0.0.1,8082,167,benign
171.41719317436218,127.0.0.1,8082,127.0.0.1,42700,0,benign
171.41923642158508,127.0.0.1,36790,127.0.0.1,8080,0,benign
171.42860651016235,127.0.0.1,8080,127.0.0.1,36790,56,benign
171.44622611999512,127.0.0.1,36790,127.0.0.1,8080,0,benign
171.4647970199585,127.0.0.1,55824,127.0.0.1,8080,0,benign
171.47707557678223,127.0.0.1,8080,127.0.0.1,55824,0,benign
171.47890067100525,127.0.0.1,55824,127.0.0.1,8080,0,benign
171.48051404953003,127.0.0.1,55840,127.0.0.1,8080,0,benign
171.48747849464417,127.0.0.1,8080,127.0.0.1,55840,0,benign
171.49193692207336,127.0.0.1,55840,127.0.0.1,8080,0,benign
171.51718950271606,127.0.0.1,55806,127.0.0.1,8080,167,benign
171.5339207649231,127.0.0.1,8080,127.0.0.1,55806,0,benign
171.53674221038818,127.0.0.1,36854,127.0.0.1,8080,163,benign
171.54145526885986,127.0.0.1,55812,127.0.0.1,8080,163,benign
171.55559492111206,127.0.0.1,8080,127.0.0.1,55812,0,benign
171.56119394302368,127.0.0.1,55840,127.0.0.1,8080,167,benign
171.5946922302246,127.0.0.1,8080,127.0.0.1,55840,0,benign
171.6228084564209,127.0.0.1,36612,127.0.0.1,8080,163,benign
171.65913820266724,127.0.0.1,8080,127.0.0.1,36854,194,benign
171.671884059906,127.0.0.1,36854,127.0.0.1,8080,0,benign
171.67599868774414,127.0.0.1,36716,127.0.0.1,8080,163,benign
171.67838048934937,127.0.0.1,8080,127.0.0.1,55402,0,benign
171.68017077445984,127.0.0.1,8080,127.0.0.1,36612,138,benign
171.6869194507599,127.0.0.1,8080,127.0.0.1,36716,194,benign
171.70309948921204,127.0.0.1,36716,127.0.0.1,8080,0,benign
171.71398639678955,127.0.0.1,56948,127.0.0.1,8080,0,benign
171.73567509651184,127.0.0.1,36708,127.0.0.1,8080,163,benign
171.74342274665833,127.0.0.1,8080,127.0.0.1,36708,138,benign
171.77567720413208,127.0.0.1,57738,127.0.0.1,8080,0,benign
171.81309533119202,127.0.0.1,8080,127.0.0.1,56910,0,benign
171.8284773826599,127.0.0.1,8080,127.0.0.1,57738,0,benign
171.93618249893188,127.0.0.1,57738,127.0.0.1,8080,0,benign
172.0312397480011,127.0.0.1,55654,127.0.0.1,8082,167,benign
172.0579514503479,127.0.0.1,8082,127.0.0.1,55654,0,benign
172.08827900886536,127.0.0.1,8080,127.0.0.1,36716,56,benign
172.1124472618103,127.0.0.1,36716,127.0.0.1,8080,0,benign
172.13818430900574,127.0.0.1,57744,127.0.0.1,8080,0,benign
172.2137303352356,127.0.0.1,8080,127.0.0.1,57744,0,benign
172.2344582080841,127.0.0.1,57744,127.0.0.1,8080,0,benign
172.23781514167786,127.0.0.1,36804,127.0.0.1,8080,163,benign
172.24090313911438,127.0.0.1,40066,127.0.0.1,8081,167,benign
172.2547709941864,127.0.0.1,8081,127.0.0.1,40066,0,benign
172.25671315193176,127.0.0.1,57720,127.0.0.1,8080,167,benign
172.26388502120972,127.0.0.1,8080,127.0.0.1,57720,0,benign
172.2658679485321,127.0.0.1,57708,127.0.0.1,8080,163,benign
172.26750874519348,127.0.0.1,8080,127.0.0.1,57708,0,benign
172.2690145969391,127.0.0.1,36790,127.0.0.1,8080,163,benign
172.27088403701782,127.0.0.1,8083,127.0.0.1,58906,138,benign
172.2829132080078,127.0.0.1,58906,127.0.0.1,8083,0,benign
172.2925684452057,127.0.0.1,8083,127.0.0.1,58906,60,benign
172.3002450466156,127.0.0.1,58906,127.0.0.1,8083,0,benign
172.30234360694885,127.0.0.1,8081,127.0.0.1,40090,138,benign
172.3042094707489,127.0.0.1,40090,127.0.0.1,8081,0,benign
172.30880403518677,127.0.0.1,8081,127.0.0.1,40090,60,benign
172.31058621406555,127.0.0.1,40090,127.0.0.1,8081,0,benign
172.31234216690063,127.0.0.1,8080,127.0.0.1,36804,138,benign
172.32374739646912,127.0.0.1,36716,127.0.0.1,8080,163,benign
172.3296754360199,127.0.0.1,8080,127.0.0.1,36790,138,benign
172.3587884902954,127.0.0.1,36790,127.0.0.1,8080,0,benign
172.3653724193573,127.0.0.1,8080,127.0.0.1,36790,56,benign
172.3690106868744,127.0.0.1,36790,127.0.0.1,8080,0,benign
172.38268160820007,127.0.0.1,40090,127.0.0.1,8081,167,benign
172.38926577568054,127.0.0.1,8081,127.0.0.1,40090,0,benign
172.39234161376953,127.0.0.1,57744,127.0.0.1,8080,0,benign
172.39923572540283,127.0.0.1,8080,127.0.0.1,57744,0,benign
172.40674948692322,127.0.0.1,57744,127.0.0.1,8080,0,benign
172.40981364250183,127.0.0.1,8080,127.0.0.1,36716,138,benign
172.41259694099426,127.0.0.1,56932,127.0.0.1,8080,0,benign
172.41894578933716,127.0.0.1,36570,127.0.0.1,8080,163,benign
172.42155289649963,127.0.0.1,60220,127.0.0.1,8083,167,benign
172.42433381080627,127.0.0.1,8083,127.0.0.1,60220,0,benign
172.44277572631836,127.0.0.1,8080,127.0.0.1,36570,194,benign
172.44796180725098,127.0.0.1,36570,127.0.0.1,8080,0,benign
172.4565782546997,127.0.0.1,8080,127.0.0.1,56916,0,benign
172.46680164337158,127.0.0.1,57738,127.0.0.1,8080,163,benign
172.48505187034607,127.0.0.1,8080,127.0.0.1,57738,0,benign
172.52870273590088,127.0.0.1,57746,127.0.0.1,8080,0,benign
172.54584050178528,127.0.0.1,8080,127.0.0.1,57746,0,benign
172.5661334991455,127.0.0.1,57746,127.0.0.1,8080,0,benign
172.57112288475037,127.0.0.1,57744,127.0.0.1,8080,167,benign
172.5732617378235,127.0.0.1,8080,127.0.0.1,57744,0,benign
172.5784809589386,127.0.0.1,56984,127.0.0.1,8080,0,benign
172.58760571479797,127.0.0.1,36570,127.0.0.1,8080,163,benign
172.59056568145752,127.0.0.1,8080,127.0.0.1,56948,0,benign
172.60523200035095,127.0.0.1,36708,127.0.0.1,8080,0,benign
172.6188051700592,127.0.0.1,8080,127.0.0.1,36708,56,benign
172.65050315856934,127.0.0.1,36708,127.0.0.1,8080,0,benign
172.6704297065735,127.0.0.1,36658,127.0.0.1,8080,163,benign
172.67970085144043,127.0.0.1,56952,127.0.0.1,8080,0,benign
172.68296551704407,127.0.0.1,8080,127.0.0.1,36570,138,benign
172.70103573799133,127.0.0.1,8080,127.0.0.1,36658,138,benign
172.70921921730042,127.0.0.1,36658,127.0.0.1,8080,0,benign
172.71470403671265,127.0.0.1,8080,127.0.0.1,36658,56,benign
172.7217984199524,127.0.0.1,36658,127.0.0.1,8080,0,benign
172.72399377822876,127.0.0.1,56992,127.0.0.1,8080,0,benign
172.7430441379547,127.0.0.1,8082,127.0.0.1,42714,198,benign
172.75312089920044,127.0.0.1,42714,127.0.0.1,8082,0,benign
172.76037526130676,127.0.0.1,57746,127.0.0.1,8080,0,benign
172.76348900794983,127.0.0.1,36804,127.0.0.1,8080,0,benign
172.7714192867279,127.0.0.1,8080,127.0.0.1,57746,0,benign
172.77402138710022,127.0.0.1,57746,127.0.0.1,8080,0,benign
172.77588176727295,127.0.0.1,8080,127.0.0.1,36804,56,benign
172.78236556053162,127.0.0.1,36804,127.0.0.1,8080,0,benign
172.80049514770508,127.0.0.1,8081,127.0.0.1,40056,138,benign
172.81219506263733,127.0.0.1,40056,127.0.0.1,8081,0,benign
172.82026195526123,127.0.0.1,8081,127.0.0.1,40056,60,benign
172.82272171974182,127.0.0.1,40056,127.0.0.1,8081,0,benign
172.8245575428009,127.0.0.1,56970,127.0.0.1,8080,0,benign
172.82875156402588,127.0.0.1,57006,127.0.0.1,8080,0,benign
172.8335177898407,127.0.0.1,8083,127.0.0.1,60204,138,benign
172.84028601646423,127.0.0.1,60204,127.0.0.1,8083,0,benign
172.8472752571106,127.0.0.1,8083,127.0.0.1,60204,60,benign
172.85528469085693,127.0.0.1,60204,127.0.0.1,8083,0,benign
172.85751247406006,127.0.0.1,36708,127.0.0.1,8080,163,benign
172.859703540802,127.0.0.1,36732,127.0.0.1,8080,163,benign
172.8618619441986,127.0.0.1,36716,127.0.0.1,8080,0,benign
172.86925053596497,127.0.0.1,8080,127.0.0.1,36716,56,benign
172.87109279632568,127.0.0.1,36716,127.0.0.1,8080,0,benign
172.87298560142517,127.0.0.1,8080,127.0.0.1,36732,138,benign
172.8772156238556,127.0.0.1,36732,127.0.0.1,8080,0,benign
172.87892055511475,127.0.0.1,8080,127.0.0.1,36732,56,benign
172.91297888755798,127.0.0.1,36732,127.0.0.1,8080,0,benign
172.95358228683472,127.0.0.1,8080,127.0.0.1,36708,138,benign
172.96401810646057,127.0.0.1,8080,127.0.0.1,56932,0,benign
172.98120164871216,127.0.0.1,40054,127.0.0.1,8081,167,benign
172.98287534713745,127.0.0.1,8081,127.0.0.1,40054,0,benign
172.98447036743164,127.0.0.1,57036,127.0.0.1,8080,0,benign
173.00097489356995,127.0.0.1,36666,127.0.0.1,8080,163,benign
173.00495052337646,127.0.0.1,8080,127.0.0.1,56984,0,benign
173.0123565196991,127.0.0.1,8080,127.0.0.1,36666,194,benign
173.0145697593689,127.0.0.1,36666,127.0.0.1,8080,0,benign
173.0172998905182,127.0.0.1,57756,127.0.0.1,8080,0,benign
173.01976585388184,127.0.0.1,8080,127.0.0.1,57756,0,benign
173.0216188430786,127.0.0.1,57756,127.0.0.1,8080,0,benign
173.0301022529602,127.0.0.1,57040,127.0.0.1,8080,0,benign
173.0319106578827,127.0.0.1,8080,127.0.0.1,56952,0,benign
173.03333520889282,127.0.0.1,36570,127.0.0.1,8080,0,benign
173.04235315322876,127.0.0.1,8082,127.0.0.1,42720,138,benign
173.04753351211548,127.0.0.1,8080,127.0.0.1,36570,56,benign
173.06335592269897,127.0.0.1,36570,127.0.0.1,8080,0,benign
173.07079911231995,127.0.0.1,42720,127.0.0.1,8082,0,benign
173.0820517539978,127.0.0.1,8082,127.0.0.1,42720,60,benign
173.08440160751343,127.0.0.1,42720,127.0.0.1,8082,0,benign
173.08928966522217,127.0.0.1,57762,127.0.0.1,8080,0,benign
173.09396505355835,127.0.0.1,8080,127.0.0.1,57762,0,benign
173.09577322006226,127.0.0.1,57762,127.0.0.1,8080,0,benign
173.10029816627502,127.0.0.1,57020,127.0.0.1,8080,0,benign
173.11250114440918,127.0.0.1,56966,127.0.0.1,8080,0,benign
173.1400752067566,127.0.0.1,8080,127.0.0.1,56992,0,benign
173.15146470069885,127.0.0.1,57746,127.0.0.1,8080,163,benign
173.1655728816986,127.0.0.1,8080,127.0.0.1,57746,0,benign
173.16787099838257,127.0.0.1,57762,127.0.0.1,8080,0,benign
173.16943264007568,127.0.0.1,58622,127.0.0.1,8080,0,benign
173.17566061019897,127.0.0.1,36554,127.0.0.1,8080,0,benign
173.18122601509094,127.0.0.1,8080,127.0.0.1,36554,56,benign
173.1831395626068,127.0.0.1,36554,127.0.0.1,8080,0,benign
173.1910219192505,127.0.0.1,36800,127.0.0.1,8080,163,benign
173.19286727905273,127.0.0.1,36612,127.0.0.1,8080,163,benign
173.19475436210632,127.0.0.1,40066,127.0.0.1,8081,167,benign
173.2110095024109,127.0.0.1,55060,127.0.0.1,8080,0,benign
173.21953296661377,127.0.0.1,8081,127.0.0.1,40066,0,benign
173.22271609306335,127.0.0.1,8080,127.0.0.1,36800,138,benign
173.22469019889832,127.0.0.1,36800,127.0.0.1,8080,0,benign
173.22945880889893,127.0.0.1,8080,127.0.0.1,36800,56,benign
173.234450340271,127.0.0.1,8080,127.0.0.1,36612,138,benign
173.26083135604858,127.0.0.1,36800,127.0.0.1,8080,0,benign
173.29910516738892,127.0.0.1,55066,127.0.0.1,8080,0,benign
173.31810450553894,127.0.0.1,40096,127.0.0.1,8081,167,benign
173.3340449333191,127.0.0.1,8082,127.0.0.1,42700,138,benign
173.33624243736267,127.0.0.1,8081,127.0.0.1,40096,0,benign
173.33838415145874,127.0.0.1,60204,127.0.0.1,8083,167,benign
173.34826469421387,127.0.0.1,8083,127.0.0.1,60204,0,benign
173.3851044178009,127.0.0.1,8080,127.0.0.1,58622,0,benign
173.390207529068,127.0.0.1,36612,127.0.0.1,8080,0,benign
173.4009883403778,127.0.0.1,58648,127.0.0.1,8080,0,benign
173.40572214126587,127.0.0.1,8080,127.0.0.1,36612,56,benign
173.4196228981018,127.0.0.1,36612,127.0.0.1,8080,0,benign
173.43295669555664,127.0.0.1,55078,127.0.0.1,8080,0,benign
173.43552422523499,127.0.0.1,58632,127.0.0.1,8080,0,benign
173.44366145133972,127.0.0.1,36800,127.0.0.1,8080,163,benign
173.44772720336914,127.0.0.1,8081,127.0.0.1,40066,198,benign
173.45205640792847,127.0.0.1,40066,127.0.0.1,8081,0,benign
173.46226620674133,127.0.0.1,8080,127.0.0.1,36800,138,benign
173.4902482032776,127.0.0.1,8080,127.0.0.1,36800,56,benign
173.51567459106445,127.0.0.1,42700,127.0.0.1,8082,0,benign
173.52094173431396,127.0.0.1,8082,127.0.0.1,42700,60,benign
173.52767324447632,127.0.0.1,42700,127.0.0.1,8082,0,benign
173.54011702537537,127.0.0.1,36554,127.0.0.1,8080,163,benign
173.55224323272705,127.0.0.1,8080,127.0.0.1,36554,138,benign
173.55443286895752,127.0.0.1,8080,127.0.0.1,36554,56,benign
173.5565311908722,127.0.0.1,36554,127.0.0.1,8080,0,benign
173.5610375404358,127.0.0.1,36800,127.0.0.1,8080,0,benign
173.56524085998535,127.0.0.1,36612,127.0.0.1,8080,163,benign
173.56748938560486,127.0.0.1,8080,127.0.0.1,36612,138,benign
173.57207798957825,127.0.0.1,36554,127.0.0.1,8080,163,benign
173.57395839691162,127.0.0.1,8080,127.0.0.1,36554,138,benign
173.5757281780243,127.0.0.1,8080,127.0.0.1,58648,0,benign
173.5776982307434,127.0.0.1,8080,127.0.0.1,58632,0,benign
173.5878472328186,127.0.0.1,40066,127.0.0.1,8081,167,benign
173.59051060676575,127.0.0.1,8081,127.0.0.1,40066,0,benign
173.59527921676636,127.0.0.1,58662,127.0.0.1,8080,0,benign
173.60525751113892,127.0.0.1,58656,127.0.0.1,8080,0,benign
173.61913990974426,127.0.0.1,36790,127.0.0.1,8080,163,benign
173.643901348114,127.0.0.1,36800,127.0.0.1,8080,163,benign
173.64760828018188,127.0.0.1,8080,127.0.0.1,36790,138,benign
173.6501612663269,127.0.0.1,36790,127.0.0.1,8080,0,benign
173.6571741104126,127.0.0.1,8080,127.0.0.1,36790,56,benign
173.6592996120453,127.0.0.1,36790,127.0.0.1,8080,0,benign
173.66118383407593,127.0.0.1,8080,127.0.0.1,36800,138,benign
173.66355657577515,127.0.0.1,8080,127.0.0.1,36800,56,benign
173.6656174659729,127.0.0.1,36800,127.0.0.1,8080,0,benign
173.6683475971222,127.0.0.1,36612,127.0.0.1,8080,0,benign
173.67438554763794,127.0.0.1,8080,127.0.0.1,36612,56,benign
173.68073105812073,127.0.0.1,36612,127.0.0.1,8080,0,benign
173.6925208568573,127.0.0.1,8081,127.0.0.1,40096,198,benign
173.7139766216278,127.0.0.1,40096,127.0.0.1,8081,0,benign
173.73992824554443,127.0.0.1,36554,127.0.0.1,8080,0,benign
173.75065922737122,127.0.0.1,8080,127.0.0.1,36554,56,benign
173.7527539730072,127.0.0.1,36790,127.0.0.1,8080,163,benign
173.7576630115509,127.0.0.1,36554,127.0.0.1,8080,0,benign
173.76014685630798,127.0.0.1,36612,127.0.0.1,8080,163,benign
173.76238179206848,127.0.0.1,55082,127.0.0.1,8080,0,benign
173.76914811134338,127.0.0.1,8080,127.0.0.1,36790,138,benign
173.81038975715637,127.0.0.1,55088,127.0.0.1,8080,0,benign
173.82827043533325,127.0.0.1,8080,127.0.0.1,36612,138,benign
173.83067870140076,127.0.0.1,36554,127.0.0.1,8080,163,benign
173.83288407325745,127.0.0.1,8083,127.0.0.1,60204,198,benign
173.83804059028625,127.0.0.1,60204,127.0.0.1,8083,0,benign
173.85255074501038,127.0.0.1,8080,127.0.0.1,36554,138,benign
173.86016488075256,127.0.0.1,42700,127.0.0.1,8082,167,benign
173.86238431930542,127.0.0.1,8082,127.0.0.1,42700,0,benign
173.86613130569458,127.0.0.1,60220,127.0.0.1,8083,167,benign
173.88933539390564,127.0.0.1,8083,127.0.0.1,60220,0,benign
173.89422035217285,127.0.0.1,8080,127.0.0.1,58662,0,benign
173.89627242088318,127.0.0.1,8080,127.0.0.1,58656,0,benign
173.9058380126953,127.0.0.1,8081,127.0.0.1,40066,198,benign
173.97133708000183,127.0.0.1,40066,127.0.0.1,8081,0,benign
173.99105787277222,127.0.0.1,36790,127.0.0.1,8080,0,benign
173.993102312088,127.0.0.1,36612,127.0.0.1,8080,0,benign
173.99995398521423,127.0.0.1,8080,127.0.0.1,36790,56,benign
174.01449370384216,127.0.0.1,8080,127.0.0.1,36612,56,benign
174.03021359443665,127.0.0.1,36612,127.0.0.1,8080,0,benign
174.05638003349304,127.0.0.1,36790,127.0.0.1,8080,0,benign
174.11039352416992,127.0.0.1,58664,127.0.0.1,8080,0,benign
174.14208245277405,127.0.0.1,36554,127.0.0.1,8080,0,benign
174.18174862861633,127.0.0.1,8080,127.0.0.1,36554,56,benign
174.1943392753601,127.0.0.1,36612,127.0.0.1,8080,163,benign
174.20250916481018,127.0.0.1,36554,127.0.0.1,8080,0,benign
174.20915484428406,127.0.0.1,36800,127.0.0.1,8080,163,benign
174.22092294692993,127.0.0.1,36554,127.0.0.1,8080,163,benign
174.2400176525116,127.0.0.1,8080,127.0.0.1,36612,138,benign
174.24795269966125,127.0.0.1,8080,127.0.0.1,36800,138,benign
174.25847148895264,127.0.0.1,8080,127.0.0.1,36554,138,benign
174.27245903015137,127.0.0.1,36800,127.0.0.1,8080,0,benign
174.32742929458618,127.0.0.1,8080,127.0.0.1,36800,56,benign
174.3603777885437,127.0.0.1,36800,127.0.0.1,8080,0,benign
174.36880254745483,127.0.0.1,55104,127.0.0.1,8080,0,benign
174.37189078330994,127.0.0.1,8083,127.0.0.1,47324,138,benign
174.3799295425415,127.0.0.1,47324,127.0.0.1,8083,0,benign
174.41647839546204,127.0.0.1,8083,127.0.0.1,47324,60,benign
174.43885207176208,127.0.0.1,47324,127.0.0.1,8083,0,benign
174.444078207016,127.0.0.1,40056,127.0.0.1,8081,0,benign
174.46805143356323,127.0.0.1,8081,127.0.0.1,40056,60,benign
174.49139380455017,127.0.0.1,40056,127.0.0.1,8081,0,benign
174.51756310462952,127.0.0.1,55646,127.0.0.1,8082,167,benign
174.53441524505615,127.0.0.1,8082,127.0.0.1,55646,0,benign
174.5525004863739,127.0.0.1,36854,127.0.0.1,8080,163,benign
174.55589509010315,127.0.0.1,8080,127.0.0.1,36854,194,benign
174.59471368789673,127.0.0.1,36854,127.0.0.1,8080,0,benign
174.6490752696991,127.0.0.1,56418,127.0.0.1,8080,0,benign
174.68582773208618,127.0.0.1,36554,127.0.0.1,8080,0,benign
174.72754621505737,127.0.0.1,8080,127.0.0.1,36554,56,benign
174.75575280189514,127.0.0.1,36554,127.0.0.1,8080,0,benign
174.8147587776184,127.0.0.1,56428,127.0.0.1,8080,0,benign
174.8291425704956,127.0.0.1,36634,127.0.0.1,8080,163,benign
174.86750411987305,127.0.0.1,36716,127.0.0.1,8080,0,benign
174.8976707458496,127.0.0.1,8080,127.0.0.1,36716,56,benign
174.97372102737427,127.0.0.1,36716,127.0.0.1,8080,0,benign
174.98332238197327,127.0.0.1,36612,127.0.0.1,8080,163,benign
174.98932480812073,127.0.0.1,36554,127.0.0.1,8080,163,benign
174.99169731140137,127.0.0.1,8080,127.0.0.1,36634,138,benign
174.99905633926392,127.0.0.1,36634,127.0.0.1,8080,0,benign
175.00481486320496,127.0.0.1,8080,127.0.0.1,36634,56,benign
175.01213097572327,127.0.0.1,36634,127.0.0.1,8080,0,benign
175.02216911315918,127.0.0.1,56024,127.0.0.1,8080,0,benign
175.04582738876343,127.0.0.1,8080,127.0.0.1,36612,194,benign
175.04937267303467,127.0.0.1,36612,127.0.0.1,8080,0,benign
175.09484148025513,127.0.0.1,8080,127.0.0.1,36554,138,benign
175.10944485664368,127.0.0.1,36634,127.0.0.1,8080,163,benign
175.1115062236786,127.0.0.1,40056,127.0.0.1,8081,167,benign
175.12420463562012,127.0.0.1,8081,127.0.0.1,40056,0,benign
175.1275990009308,127.0.0.1,56032,127.0.0.1,8080,0,benign
175.13751077651978,127.0.0.1,8080,127.0.0.1,36634,138,benign
175.21835136413574,127.0.0.1,36716,127.0.0.1,8080,163,benign
175.24167323112488,127.0.0.1,8080,127.0.0.1,36716,138,benign
175.24743461608887,127.0.0.1,8081,127.0.0.1,40090,198,benign
175.2505693435669,127.0.0.1,40090,127.0.0.1,8081,0,benign
175.25307202339172,127.0.0.1,8082,127.0.0.1,42720,198,benign
175.255713224411,127.0.0.1,42720,127.0.0.1,8082,0,benign
175.25808715820312,127.0.0.1,56434,127.0.0.1,8080,0,benign
175.26851892471313,127.0.0.1,36612,127.0.0.1,8080,163,benign
175.28066539764404,127.0.0.1,40090,127.0.0.1,8081,167,benign
175.29288625717163,127.0.0.1,8081,127.0.0.1,40090,0,benign
175.3037190437317,127.0.0.1,8080,127.0.0.1,36612,138,benign
175.3220558166504,127.0.0.1,56070,127.0.0.1,8080,0,benign
175.32647442817688,127.0.0.1,56056,127.0.0.1,8080,0,benign
175.33924412727356,127.0.0.1,56044,127.0.0.1,8080,0,benign
175.36586737632751,127.0.0.1,36554,127.0.0.1,8080,0,benign
175.3763394355774,127.0.0.1,8080,127.0.0.1,36554,56,benign
175.3919517993927,127.0.0.1,36554,127.0.0.1,8080,0,benign
175.42147970199585,127.0.0.1,36634,127.0.0.1,8080,0,benign
175.43423199653625,127.0.0.1,8080,127.0.0.1,36634,56,benign
175.45265197753906,127.0.0.1,36634,127.0.0.1,8080,0,benign
175.45535564422607,127.0.0.1,8080,127.0.0.1,36716,56,benign
175.4578926563263,127.0.0.1,36716,127.0.0.1,8080,0,benign
175.4683780670166,127.0.0.1,36554,127.0.0.1,8080,163,benign
175.4708867073059,127.0.0.1,36716,127.0.0.1,8080,163,benign
175.47614431381226,127.0.0.1,8080,127.0.0.1,36554,138,benign
175.4784083366394,127.0.0.1,47324,127.0.0.1,8083,167,benign
175.5005350112915,127.0.0.1,8083,127.0.0.1,47324,0,benign
175.50747346878052,127.0.0.1,8080,127.0.0.1,36716,138,benign
175.5278627872467,127.0.0.1,36612,127.0.0.1,8080,163,benign
175.53696703910828,127.0.0.1,36716,127.0.0.1,8080,163,benign
175.54738545417786,127.0.0.1,8080,127.0.0.1,36612,138,benign
175.56059741973877,127.0.0.1,36612,127.0.0.1,8080,0,benign
175.5684108734131,127.0.0.1,8080,127.0.0.1,36612,56,benign
175.5863916873932,127.0.0.1,36612,127.0.0.1,8080,0,benign
175.593665599823,127.0.0.1,8080,127.0.0.1,36716,138,benign
175.6214427947998,127.0.0.1,38120,127.0.0.1,8080,0,benign
175.65178894996643,127.0.0.1,8083,127.0.0.1,60204,138,benign
175.69143795967102,127.0.0.1,36790,127.0.0.1,8080,163,benign
175.6984839439392,127.0.0.1,40096,127.0.0.1,8081,167,benign
175.70027375221252,127.0.0.1,8081,127.0.0.1,40096,0,benign
175.70490884780884,127.0.0.1,8080,127.0.0.1,36790,194,benign
175.70659160614014,127.0.0.1,36790,127.0.0.1,8080,0,benign
175.7157232761383,127.0.0.1,40056,127.0.0.1,8081,167,benign
175.71757984161377,127.0.0.1,8081,127.0.0.1,40056,0,benign
175.7203197479248,127.0.0.1,36612,127.0.0.1,8080,163,benign
175.7305064201355,127.0.0.1,8080,127.0.0.1,36612,138,benign
175.7361524105072,127.0.0.1,36790,127.0.0.1,8080,163,benign
175.7379069328308,127.0.0.1,8080,127.0.0.1,36790,138,benign
175.73968148231506,127.0.0.1,37772,127.0.0.1,8080,0,benign
175.74122714996338,127.0.0.1,37768,127.0.0.1,8080,0,benign
175.74976134300232,127.0.0.1,8080,127.0.0.1,36716,56,benign
175.75432348251343,127.0.0.1,36716,127.0.0.1,8080,0,benign
175.7604148387909,127.0.0.1,60204,127.0.0.1,8083,0,benign
175.76991605758667,127.0.0.1,8083,127.0.0.1,60204,60,benign
175.77211952209473,127.0.0.1,60204,127.0.0.1,8083,0,benign
175.7742292881012,127.0.0.1,38126,127.0.0.1,8080,0,benign
175.8219153881073,127.0.0.1,36716,127.0.0.1,8080,163,benign
175.8362627029419,127.0.0.1,8080,127.0.0.1,36716,138,benign
175.84091186523438,127.0.0.1,8083,127.0.0.1,60220,198,benign
175.8504445552826,127.0.0.1,60220,127.0.0.1,8083,0,benign
175.85753750801086,127.0.0.1,36732,127.0.0.1,8080,163,benign
175.86456274986267,127.0.0.1,8080,127.0.0.1,36732,194,benign
175.86610531806946,127.0.0.1,36732,127.0.0.1,8080,0,benign
175.87129974365234,127.0.0.1,36612,127.0.0.1,8080,0,benign
175.8752682209015,127.0.0.1,8080,127.0.0.1,36612,56,benign
175.87769746780396,127.0.0.1,36612,127.0.0.1,8080,0,benign
175.87973713874817,127.0.0.1,37782,127.0.0.1,8080,0,benign
175.8816249370575,127.0.0.1,36790,127.0.0.1,8080,0,benign
175.88357758522034,127.0.0.1,8080,127.0.0.1,36790,56,benign
175.88544702529907,127.0.0.1,36790,127.0.0.1,8080,0,benign
175.88735508918762,127.0.0.1,60220,127.0.0.1,8083,167,benign
175.89180660247803,127.0.0.1,8083,127.0.0.1,60220,0,benign
175.90155053138733,127.0.0.1,36716,127.0.0.1,8080,0,benign
175.91124367713928,127.0.0.1,8081,127.0.0.1,40096,138,benign
175.9272744655609,127.0.0.1,40096,127.0.0.1,8081,0,benign
175.94295930862427,127.0.0.1,8081,127.0.0.1,40096,60,benign
175.9477734565735,127.0.0.1,40096,127.0.0.1,8081,0,benign
175.94957160949707,127.0.0.1,36716,127.0.0.1,8080,163,benign
175.951233625412,127.0.0.1,8080,127.0.0.1,36716,138,benign
175.97014260292053,127.0.0.1,8080,127.0.0.1,36716,56,benign
175.97279143333435,127.0.0.1,39160,127.0.0.1,8080,0,benign
175.9797055721283,127.0.0.1,39172,127.0.0.1,8080,0,benign
175.99495339393616,127.0.0.1,8081,127.0.0.1,40096,138,benign
176.01020121574402,127.0.0.1,36716,127.0.0.1,8080,0,benign
176.012042760849,127.0.0.1,40066,127.0.0.1,8081,167,benign
176.0166380405426,127.0.0.1,8081,127.0.0.1,40066,0,benign
176.02360677719116,127.0.0.1,36770,127.0.0.1,8080,163,benign
176.02544140815735,127.0.0.1,37148,127.0.0.1,8082,167,benign
176.03277850151062,127.0.0.1,8082,127.0.0.1,37148,0,benign
176.03625559806824,127.0.0.1,39454,127.0.0.1,8080,0,benign
176.0441427230835,127.0.0.1,8080,127.0.0.1,36770,138,benign
176.0494453907013,127.0.0.1,36586,127.0.0.1,8080,0,benign
176.06073093414307,127.0.0.1,8080,127.0.0.1,36586,56,benign
176.06831908226013,127.0.0.1,36586,127.0.0.1,8080,0,benign
176.07857537269592,127.0.0.1,36716,127.0.0.1,8080,163,benign
176.083393573761,127.0.0.1,36658,127.0.0.1,8080,163,benign
176.08530187606812,127.0.0.1,8080,127.0.0.1,36716,138,benign
176.09007167816162,127.0.0.1,8080,127.0.0.1,36658,194,benign
176.09551548957825,127.0.0.1,36658,127.0.0.1,8080,0,benign
176.1256034374237,127.0.0.1,8080,127.0.0.1,36716,56,benign
176.12791204452515,127.0.0.1,36716,127.0.0.1,8080,0,benign
176.13848447799683,127.0.0.1,40096,127.0.0.1,8081,0,benign
176.1491413116455,127.0.0.1,8081,127.0.0.1,40096,60,benign
176.15451383590698,127.0.0.1,40096,127.0.0.1,8081,0,benign
176.16413259506226,127.0.0.1,36586,127.0.0.1,8080,163,benign
176.18024110794067,127.0.0.1,36658,127.0.0.1,8080,163,benign
176.18258357048035,127.0.0.1,36770,127.0.0.1,8080,0,benign
176.18932008743286,127.0.0.1,8080,127.0.0.1,36770,56,benign
176.21199774742126,127.0.0.1,36770,127.0.0.1,8080,0,benign
176.23218989372253,127.0.0.1,8080,127.0.0.1,36586,138,benign
176.27394342422485,127.0.0.1,8080,127.0.0.1,36658,138,benign
176.27893900871277,127.0.0.1,36770,127.0.0.1,8080,163,benign
176.2807161808014,127.0.0.1,39174,127.0.0.1,8080,0,benign
176.2823793888092,127.0.0.1,8080,127.0.0.1,36770,138,benign
176.2913634777069,127.0.0.1,8081,127.0.0.1,40066,198,benign
176.30615496635437,127.0.0.1,40066,127.0.0.1,8081,0,benign
176.31484580039978,127.0.0.1,8082,127.0.0.1,37148,198,benign
176.3169460296631,127.0.0.1,37148,127.0.0.1,8082,0,benign
176.3212354183197,127.0.0.1,40066,127.0.0.1,8081,167,benign
176.32317471504211,127.0.0.1,8081,127.0.0.1,40066,0,benign
176.32816696166992,127.0.0.1,58906,127.0.0.1,8083,167,benign
176.32990336418152,127.0.0.1,8083,127.0.0.1,58906,0,benign
176.331604719162,127.0.0.1,8080,127.0.0.1,39860,0,benign
176.3334767818451,127.0.0.1,8080,127.0.0.1,36716,0,benign
176.35304617881775,127.0.0.1,60204,127.0.0.1,8083,0,benign
176.36150121688843,127.0.0.1,60220,127.0.0.1,8083,0,benign
176.37417483329773,127.0.0.1,58906,127.0.0.1,8083,0,benign
176.38270235061646,127.0.0.1,60190,127.0.0.1,8083,0,benign
176.39213967323303,127.0.0.1,60200,127.0.0.1,8083,0,benign
176.40339851379395,127.0.0.1,47324,127.0.0.1,8083,0,benign
176.40598607063293,127.0.0.1,60188,127.0.0.1,8083,0,benign
176.41544103622437,127.0.0.1,53456,127.0.0.1,8083,0,benign
176.41747093200684,127.0.0.1,47326,127.0.0.1,8083,0,benign
176.41952347755432,127.0.0.1,47334,127.0.0.1,8083,0,benign
176.4215223789215,127.0.0.1,8083,127.0.0.1,60204,0,benign
176.42351865768433,127.0.0.1,60204,127.0.0.1,8083,0,benign
176.4431049823761,127.0.0.1,8083,127.0.0.1,60190,0,benign
176.45540404319763,127.0.0.1,60190,127.0.0.1,8083,0,benign
176.48014330863953,127.0.0.1,8083,127.0.0.1,53456,0,benign
176.50845551490784,127.0.0.1,8083,127.0.0.1,47334,0,benign
176.52218890190125,127.0.0.1,53456,127.0.0.1,8083,0,benign
176.52506470680237,127.0.0.1,47334,127.0.0.1,8083,0,benign
176.5319173336029,127.0.0.1,8083,127.0.0.1,60188,0,benign
176.5340940952301,127.0.0.1,60188,127.0.0.1,8083,0,benign
176.54686498641968,127.0.0.1,8083,127.0.0.1,60220,0,benign
176.55923104286194,127.0.0.1,60220,127.0.0.1,8083,0,benign
176.57541418075562,127.0.0.1,8083,127.0.0.1,47326,0,benign
176.58771967887878,127.0.0.1,47326,127.0.0.1,8083,0,benign
176.5911581516266,127.0.0.1,8083,127.0.0.1,47324,0,benign
176.60639119148254,127.0.0.1,47324,127.0.0.1,8083,0,benign
176.61824440956116,127.0.0.1,8083,127.0.0.1,60200,0,benign
176.62563276290894,127.0.0.1,60200,127.0.0.1,8083,0,benign
176.63664412498474,127.0.0.1,8080,127.0.0.1,36752,0,benign
176.6487340927124,127.0.0.1,8083,127.0.0.1,58906,0,benign
176.6520116329193,127.0.0.1,58906,127.0.0.1,8083,0,benign
176.65445828437805,127.0.0.1,8080,127.0.0.1,36770,138,benign
176.65971732139587,127.0.0.1,36770,127.0.0.1,8080,0,benign
176.6614670753479,127.0.0.1,8080,127.0.0.1,36770,56,benign
176.66812539100647,127.0.0.1,8080,127.0.0.1,36658,138,benign
176.693190574646,127.0.0.1,36770,127.0.0.1,8080,0,benign
176.7152087688446,127.0.0.1,36658,127.0.0.1,8080,0,benign
176.72272658348083,127.0.0.1,8080,127.0.0.1,36658,56,benign
176.72588872909546,127.0.0.1,36658,127.0.0.1,8080,0,benign
176.7408208847046,127.0.0.1,36658,127.0.0.1,8080,0,benign
176.7518424987793,127.0.0.1,8080,127.0.0.1,36804,138,benign
176.75501990318298,127.0.0.1,36804,127.0.0.1,8080,0,benign
176.75695610046387,127.0.0.1,8080,127.0.0.1,36658,0,benign
176.76681876182556,127.0.0.1,36658,127.0.0.1,8080,0,benign
176.7691090106964,127.0.0.1,8080,127.0.0.1,36732,138,benign
176.7908296585083,127.0.0.1,36732,127.0.0.1,8080,0,benign
176.8222851753235,127.0.0.1,8080,127.0.0.1,36804,56,benign
176.85853624343872,127.0.0.1,36804,127.0.0.1,8080,0,benign
176.8787806034088,127.0.0.1,8080,127.0.0.1,36732,56,benign
176.88827896118164,127.0.0.1,36732,127.0.0.1,8080,0,benign
176.89034271240234,127.0.0.1,8080,127.0.0.1,36612,194,benign
176.89280796051025,127.0.0.1,36612,127.0.0.1,8080,0,benign
176.90189599990845,127.0.0.1,8080,127.0.0.1,36716,138,benign
176.90386295318604,127.0.0.1,36716,127.0.0.1,8080,0,benign
176.90571475028992,127.0.0.1,8080,127.0.0.1,36858,138,benign
176.91746711730957,127.0.0.1,36858,127.0.0.1,8080,0,benign
176.91990423202515,127.0.0.1,8080,127.0.0.1,36716,56,benign
176.92182207107544,127.0.0.1,36716,127.0.0.1,8080,0,benign
176.9267246723175,127.0.0.1,8080,127.0.0.1,36858,56,benign
176.9301598072052,127.0.0.1,36858,127.0.0.1,8080,0,benign
176.93752551078796,127.0.0.1,8080,127.0.0.1,36698,138,benign
176.9396777153015,127.0.0.1,36698,127.0.0.1,8080,0,benign
176.96050119400024,127.0.0.1,8080,127.0.0.1,36698,56,benign
176.96320414543152,127.0.0.1,36698,127.0.0.1,8080,0,benign
176.96543622016907,127.0.0.1,8080,127.0.0.1,36752,194,benign
176.96797633171082,127.0.0.1,36752,127.0.0.1,8080,0,benign
176.975928068161,127.0.0.1,36612,127.0.0.1,8080,163,benign
176.97820115089417,127.0.0.1,8080,127.0.0.1,36612,0,benign
176.98029565811157,127.0.0.1,8080,127.0.0.1,36612,138,benign
176.98313927650452,127.0.0.1,36770,127.0.0.1,8080,163,benign
176.98509049415588,127.0.0.1,8080,127.0.0.1,36770,0,benign
176.98719835281372,127.0.0.1,8080,127.0.0.1,36770,138,benign
176.98908257484436,127.0.0.1,36790,127.0.0.1,8080,163,benign
177.0070059299469,127.0.0.1,8080,127.0.0.1,40180,0,benign
177.0281467437744,127.0.0.1,8080,127.0.0.1,36790,194,benign
177.03193998336792,127.0.0.1,36790,127.0.0.1,8080,0,benign
177.04407286643982,127.0.0.1,40564,127.0.0.1,8080,0,benign
177.0583655834198,127.0.0.1,8080,127.0.0.1,40564,0,benign
177.06475162506104,127.0.0.1,40578,127.0.0.1,8080,0,benign
177.07323217391968,127.0.0.1,8080,127.0.0.1,40578,0,benign
177.07954096794128,127.0.0.1,40564,127.0.0.1,8080,0,benign
177.09964561462402,127.0.0.1,40578,127.0.0.1,8080,0,benign
177.12101292610168,127.0.0.1,36554,127.0.0.1,8080,163,benign
177.1564269065857,127.0.0.1,40564,127.0.0.1,8080,163,benign
177.2000753879547,127.0.0.1,8080,127.0.0.1,40564,0,benign
177.29893827438354,127.0.0.1,40578,127.0.0.1,8080,167,benign
177.3811593055725,127.0.0.1,8080,127.0.0.1,36554,194,benign
177.4169361591339,127.0.0.1,36554,127.0.0.1,8080,0,benign
177.4470555782318,127.0.0.1,36716,127.0.0.1,8080,163,benign
177.4971787929535,127.0.0.1,8080,127.0.0.1,36716,0,benign
177.5651295185089,127.0.0.1,36698,127.0.0.1,8080,163,benign
177.59723782539368,127.0.0.1,8080,127.0.0.1,36698,0,benign
177.60125637054443,127.0.0.1,8080,127.0.0.1,36716,138,benign
177.60631895065308,127.0.0.1,8080,127.0.0.1,36698,138,benign
177.61476516723633,127.0.0.1,36612,127.0.0.1,8080,0,benign
177.6521589756012,127.0.0.1,8080,127.0.0.1,36612,56,benign
177.6610631942749,127.0.0.1,36612,127.0.0.1,8080,0,benign
177.67176032066345,127.0.0.1,36770,127.0.0.1,8080,0,benign
177.67789697647095,127.0.0.1,37054,127.0.0.1,8080,0,benign
177.69454169273376,127.0.0.1,8080,127.0.0.1,36770,56,benign
177.7471432685852,127.0.0.1,36770,127.0.0.1,8080,0,benign
177.77872037887573,127.0.0.1,40580,127.0.0.1,8080,0,benign
177.83703446388245,127.0.0.1,40592,127.0.0.1,8080,0,benign
177.8743336200714,127.0.0.1,37064,127.0.0.1,8080,0,benign
177.897775888443,127.0.0.1,37072,127.0.0.1,8080,0,benign
177.94175910949707,127.0.0.1,36790,127.0.0.1,8080,163,benign
177.95221757888794,127.0.0.1,8080,127.0.0.1,36790,194,benign
177.957133769989,127.0.0.1,36790,127.0.0.1,8080,0,benign
177.97437644004822,127.0.0.1,36612,127.0.0.1,8080,163,benign
177.9926679134369,127.0.0.1,36586,127.0.0.1,8080,163,benign
178.00053024291992,127.0.0.1,8080,127.0.0.1,36612,138,benign
178.02717995643616,127.0.0.1,36698,127.0.0.1,8080,0,benign
178.09219670295715,127.0.0.1,36716,127.0.0.1,8080,0,benign
178.11514949798584,127.0.0.1,8080,127.0.0.1,36716,56,benign
178.1222755908966,127.0.0.1,8080,127.0.0.1,36698,56,benign
178.1296088695526,127.0.0.1,36698,127.0.0.1,8080,0,benign
178.13372611999512,127.0.0.1,36716,127.0.0.1,8080,0,benign
178.1382930278778,127.0.0.1,8080,127.0.0.1,36586,194,benign
178.15288496017456,127.0.0.1,36586,127.0.0.1,8080,0,benign
178.17276978492737,127.0.0.1,37078,127.0.0.1,8080,0,benign
178.1864309310913,127.0.0.1,36790,127.0.0.1,8080,163,benign
178.19446277618408,127.0.0.1,36752,127.0.0.1,8080,163,benign
178.20943403244019,127.0.0.1,8080,127.0.0.1,36752,0,benign
178.23559188842773,127.0.0.1,36716,127.0.0.1,8080,163,benign
178.26156044006348,127.0.0.1,8080,127.0.0.1,36790,138,benign
178.26548671722412,127.0.0.1,8080,127.0.0.1,36752,138,benign
178.26927495002747,127.0.0.1,36752,127.0.0.1,8080,0,benign
178.33352279663086,127.0.0.1,8080,127.0.0.1,36752,56,benign
178.362939119339,127.0.0.1,36752,127.0.0.1,8080,0,benign
178.38138699531555,127.0.0.1,8080,127.0.0.1,36716,138,benign
178.42033982276917,127.0.0.1,8080,127.0.0.1,36716,194,benign
178.44121861457825,127.0.0.1,36716,127.0.0.1,8080,0,benign
178.4497630596161,127.0.0.1,37412,127.0.0.1,8080,0,benign
178.4525065422058,127.0.0.1,8080,127.0.0.1,37412,0,benign
178.4713671207428,127.0.0.1,37412,127.0.0.1,8080,0,benign
178.53780794143677,127.0.0.1,37412,127.0.0.1,8080,163,benign
178.5485589504242,127.0.0.1,8080,127.0.0.1,37412,0,benign
178.55440139770508,127.0.0.1,8080,127.0.0.1,40200,0,benign
178.57561540603638,127.0.0.1,37064,127.0.0.1,8080,0,benign
178.66380834579468,127.0.0.1,8080,127.0.0.1,40206,0,benign
178.71040153503418,127.0.0.1,37054,127.0.0.1,8080,0,benign
178.74470949172974,127.0.0.1,36698,127.0.0.1,8080,163,benign
178.78347277641296,127.0.0.1,8080,127.0.0.1,36698,194,benign
178.80613112449646,127.0.0.1,36698,127.0.0.1,8080,0,benign
178.8398334980011,127.0.0.1,37072,127.0.0.1,8080,0,benign
178.88266825675964,127.0.0.1,40538,127.0.0.1,8080,0,benign
178.8974723815918,127.0.0.1,36716,127.0.0.1,8080,163,benign
178.90413236618042,127.0.0.1,8080,127.0.0.1,36716,138,benign
178.9190685749054,127.0.0.1,36752,127.0.0.1,8080,163,benign
178.9296886920929,127.0.0.1,8080,127.0.0.1,40554,0,benign
178.97111773490906,127.0.0.1,8080,127.0.0.1,36752,194,benign
179.00078749656677,127.0.0.1,36752,127.0.0.1,8080,0,benign
179.0077166557312,127.0.0.1,37428,127.0.0.1,8080,0,benign
179.02183079719543,127.0.0.1,8080,127.0.0.1,40212,0,benign
179.0247220993042,127.0.0.1,8080,127.0.0.1,40194,0,benign
179.0874843597412,127.0.0.1,37434,127.0.0.1,8080,0,benign
179.10849452018738,127.0.0.1,36790,127.0.0.1,8080,163,benign
179.11262321472168,127.0.0.1,40616,127.0.0.1,8080,0,benign
179.11576128005981,127.0.0.1,36858,127.0.0.1,8080,163,benign
179.12295174598694,127.0.0.1,8080,127.0.0.1,36790,194,benign
179.1339132785797,127.0.0.1,36790,127.0.0.1,8080,0,benign
179.1430013179779,127.0.0.1,8080,127.0.0.1,36858,194,benign
179.1478054523468,127.0.0.1,36858,127.0.0.1,8080,0,benign
179.15248346328735,127.0.0.1,37078,127.0.0.1,8080,0,benign
179.16570353507996,127.0.0.1,36586,127.0.0.1,8080,163,benign
179.17805981636047,127.0.0.1,8080,127.0.0.1,36586,194,benign
179.23629355430603,127.0.0.1,36586,127.0.0.1,8080,0,benign
179.26727485656738,127.0.0.1,36698,127.0.0.1,8080,163,benign
179.29057455062866,127.0.0.1,36752,127.0.0.1,8080,163,benign
179.29668927192688,127.0.0.1,8080,127.0.0.1,40538,0,benign
179.2990062236786,127.0.0.1,8080,127.0.0.1,36698,194,benign
179.3089473247528,127.0.0.1,36698,127.0.0.1,8080,0,benign
179.31131958961487,127.0.0.1,8080,127.0.0.1,36752,138,benign
179.3225839138031,127.0.0.1,36716,127.0.0.1,8080,0,benign
179.3249340057373,127.0.0.1,8080,127.0.0.1,36716,56,benign
179.3266785144806,127.0.0.1,36716,127.0.0.1,8080,0,benign
179.3284330368042,127.0.0.1,37094,127.0.0.1,8080,0,benign
179.3304169178009,127.0.0.1,40670,127.0.0.1,8080,0,benign
179.3321771621704,127.0.0.1,37080,127.0.0.1,8080,0,benign
179.33366799354553,127.0.0.1,37438,127.0.0.1,8080,0,benign
179.3354136943817,127.0.0.1,36586,127.0.0.1,8080,163,benign
179.347412109375,127.0.0.1,8080,127.0.0.1,36586,138,benign
179.36211133003235,127.0.0.1,36716,127.0.0.1,8080,163,benign
179.37683987617493,127.0.0.1,8080,127.0.0.1,36716,138,benign
179.3832564353943,127.0.0.1,36698,127.0.0.1,8080,0,benign
179.39640474319458,127.0.0.1,8080,127.0.0.1,36698,56,benign
179.4070029258728,127.0.0.1,36804,127.0.0.1,8080,163,benign
179.43836665153503,127.0.0.1,36698,127.0.0.1,8080,0,benign
179.44124388694763,127.0.0.1,36586,127.0.0.1,8080,163,benign
179.443922996521,127.0.0.1,8080,127.0.0.1,36804,138,benign
179.449453830719,127.0.0.1,8080,127.0.0.1,36586,138,benign
179.45883321762085,127.0.0.1,37858,127.0.0.1,8080,0,benign
179.4621045589447,127.0.0.1,37576,127.0.0.1,8080,0,benign
179.4729495048523,127.0.0.1,8080,127.0.0.1,36716,56,benign
179.4933660030365,127.0.0.1,36716,127.0.0.1,8080,0,benign
179.4969253540039,127.0.0.1,36716,127.0.0.1,8080,0,benign
179.51726531982422,127.0.0.1,36716,127.0.0.1,8080,163,benign
179.51998710632324,127.0.0.1,8080,127.0.0.1,36716,138,benign
179.52896904945374,127.0.0.1,37862,127.0.0.1,8080,0,benign
179.53108954429626,127.0.0.1,36804,127.0.0.1,8080,0,benign
179.53585720062256,127.0.0.1,8080,127.0.0.1,36804,56,benign
179.54092121124268,127.0.0.1,36804,127.0.0.1,8080,0,benign
179.54536938667297,127.0.0.1,37588,127.0.0.1,8080,0,benign
179.547682762146,127.0.0.1,37870,127.0.0.1,8080,0,benign
179.54950594902039,127.0.0.1,37602,127.0.0.1,8080,0,benign
179.55164647102356,127.0.0.1,37612,127.0.0.1,8080,0,benign
179.55329751968384,127.0.0.1,36586,127.0.0.1,8080,0,benign
179.55571103096008,127.0.0.1,8080,127.0.0.1,36586,56,benign
179.56031465530396,127.0.0.1,36586,127.0.0.1,8080,0,benign
179.5699598789215,127.0.0.1,37882,127.0.0.1,8080,0,benign
179.57203698158264,127.0.0.1,36716,127.0.0.1,8080,0,benign
179.57907152175903,127.0.0.1,8080,127.0.0.1,36716,56,benign
179.59048104286194,127.0.0.1,36716,127.0.0.1,8080,0,benign
179.62382698059082,127.0.0.1,36586,127.0.0.1,8080,163,benign
179.63295936584473,127.0.0.1,8080,127.0.0.1,36586,138,benign
179.64076709747314,127.0.0.1,36716,127.0.0.1,8080,0,benign
179.64325761795044,127.0.0.1,8080,127.0.0.1,36716,56,benign
179.64536261558533,127.0.0.1,36716,127.0.0.1,8080,0,benign
179.64711046218872,127.0.0.1,38020,127.0.0.1,8080,0,benign
179.6572036743164,127.0.0.1,36716,127.0.0.1,8080,163,benign
179.6621334552765,127.0.0.1,8080,127.0.0.1,36716,138,benign
179.6680145263672,127.0.0.1,38034,127.0.0.1,8080,0,benign
179.68963599205017,127.0.0.1,36698,127.0.0.1,8080,0,benign
179.69894099235535,127.0.0.1,8080,127.0.0.1,36698,56,benign
179.70484828948975,127.0.0.1,36698,127.0.0.1,8080,0,benign
179.71071887016296,127.0.0.1,36804,127.0.0.1,8080,163,benign
179.7354609966278,127.0.0.1,8080,127.0.0.1,36804,194,benign
179.76672196388245,127.0.0.1,36804,127.0.0.1,8080,0,benign
179.77264261245728,127.0.0.1,36698,127.0.0.1,8080,163,benign
179.7752652168274,127.0.0.1,8080,127.0.0.1,36698,138,benign
179.77779960632324,127.0.0.1,37808,127.0.0.1,8080,0,benign
179.77956652641296,127.0.0.1,38044,127.0.0.1,8080,0,benign
179.7812376022339,127.0.0.1,36752,127.0.0.1,8080,163,benign
179.78385853767395,127.0.0.1,8080,127.0.0.1,36752,194,benign
179.80084228515625,127.0.0.1,36752,127.0.0.1,8080,0,benign
179.80377388000488,127.0.0.1,36716,127.0.0.1,8080,0,benign
179.80713272094727,127.0.0.1,8080,127.0.0.1,36716,56,benign
179.80936574935913,127.0.0.1,38046,127.0.0.1,8080,0,benign
179.8110945224762,127.0.0.1,36716,127.0.0.1,8080,0,benign
179.81268763542175,127.0.0.1,37834,127.0.0.1,8080,0,benign
179.81471705436707,127.0.0.1,37824,127.0.0.1,8080,0,benign
179.81752943992615,127.0.0.1,37814,127.0.0.1,8080,0,benign
179.81931376457214,127.0.0.1,36804,127.0.0.1,8080,163,benign
179.8269908428192,127.0.0.1,36586,127.0.0.1,8080,163,benign
179.8391330242157,127.0.0.1,8080,127.0.0.1,36804,138,benign
179.85479640960693,127.0.0.1,36804,127.0.0.1,8080,0,benign
179.8652536869049,127.0.0.1,8080,127.0.0.1,36804,56,benign
179.8905544281006,127.0.0.1,36804,127.0.0.1,8080,0,benign
179.89764285087585,127.0.0.1,8080,127.0.0.1,36586,138,benign
179.91630172729492,127.0.0.1,8080,127.0.0.1,36586,56,benign
179.95627164840698,127.0.0.1,36698,127.0.0.1,8080,0,benign
179.97354650497437,127.0.0.1,8080,127.0.0.1,36698,56,benign
179.98910450935364,127.0.0.1,36586,127.0.0.1,8080,0,benign
180.0408947467804,127.0.0.1,36698,127.0.0.1,8080,0,benign
180.04864835739136,127.0.0.1,38054,127.0.0.1,8080,0,benign
180.05040192604065,127.0.0.1,36804,127.0.0.1,8080,163,benign
180.0546886920929,127.0.0.1,8080,127.0.0.1,36804,138,benign
180.06198453903198,127.0.0.1,36698,127.0.0.1,8080,163,benign
180.0847887992859,127.0.0.1,8080,127.0.0.1,36698,138,benign
180.10252904891968,127.0.0.1,37852,127.0.0.1,8080,0,benign
180.10920357704163,127.0.0.1,8080,127.0.0.1,36644,0,benign
180.11263346672058,127.0.0.1,36644,127.0.0.1,8080,0,benign
180.1184639930725,127.0.0.1,37838,127.0.0.1,8080,0,benign
180.12901830673218,127.0.0.1,38066,127.0.0.1,8080,0,benign
180.13089203834534,127.0.0.1,37836,127.0.0.1,8080,0,benign
180.1322364807129,127.0.0.1,8080,127.0.0.1,36778,0,benign
180.13377332687378,127.0.0.1,36778,127.0.0.1,8080,0,benign
180.1395721435547,127.0.0.1,8080,127.0.0.1,36804,56,benign
180.1412489414215,127.0.0.1,36804,127.0.0.1,8080,0,benign
180.14627814292908,127.0.0.1,36752,127.0.0.1,8080,163,benign
180.1483554840088,127.0.0.1,8080,127.0.0.1,36752,194,benign
180.1587109565735,127.0.0.1,36752,127.0.0.1,8080,0,benign
180.1639494895935,127.0.0.1,36804,127.0.0.1,8080,163,benign
180.16885948181152,127.0.0.1,8080,127.0.0.1,36804,138,benign
180.1731390953064,127.0.0.1,8080,127.0.0.1,36698,56,benign
180.1750385761261,127.0.0.1,36698,127.0.0.1,8080,0,benign
180.17690134048462,127.0.0.1,36698,127.0.0.1,8080,0,benign
180.1831512451172,127.0.0.1,37862,127.0.0.1,8080,0,benign
180.18928933143616,127.0.0.1,36698,127.0.0.1,8080,163,benign
180.19279503822327,127.0.0.1,36716,127.0.0.1,8080,163,benign
180.2052710056305,127.0.0.1,38082,127.0.0.1,8080,0,benign
180.21571373939514,127.0.0.1,38086,127.0.0.1,8080,0,benign
180.21766781806946,127.0.0.1,8080,127.0.0.1,36698,138,benign
180.31371545791626,127.0.0.1,8080,127.0.0.1,36716,138,benign
180.31712937355042,127.0.0.1,8080,127.0.0.1,36716,56,benign
180.32800579071045,127.0.0.1,37858,127.0.0.1,8080,0,benign
180.33674359321594,127.0.0.1,36716,127.0.0.1,8080,0,benign
180.34042096138,127.0.0.1,36716,127.0.0.1,8080,163,benign
180.38113117218018,127.0.0.1,8080,127.0.0.1,36716,138,benign
180.41043376922607,127.0.0.1,8080,127.0.0.1,36790,56,benign
180.41362595558167,127.0.0.1,36790,127.0.0.1,8080,0,benign
180.41715288162231,127.0.0.1,38266,127.0.0.1,8080,0,benign
180.43853855133057,127.0.0.1,37972,127.0.0.1,8080,0,benign
180.46608901023865,127.0.0.1,36716,127.0.0.1,8080,163,benign
180.49590826034546,127.0.0.1,8080,127.0.0.1,36716,138,benign
180.50201630592346,127.0.0.1,38276,127.0.0.1,8080,0,benign
180.51654815673828,127.0.0.1,38278,127.0.0.1,8080,0,benign
180.52820467948914,127.0.0.1,36804,127.0.0.1,8080,163,benign
180.54066562652588,127.0.0.1,8080,127.0.0.1,36804,194,benign
180.57132291793823,127.0.0.1,36804,127.0.0.1,8080,0,benign
180.5884428024292,127.0.0.1,36804,127.0.0.1,8080,163,benign
180.59070491790771,127.0.0.1,8080,127.0.0.1,36804,138,benign
180.59898614883423,127.0.0.1,37978,127.0.0.1,8080,0,benign
180.6131875514984,127.0.0.1,37990,127.0.0.1,8080,0,benign
180.61858677864075,127.0.0.1,36716,127.0.0.1,8080,0,benign
180.62072467803955,127.0.0.1,36698,127.0.0.1,8080,163,benign
180.6407437324524,127.0.0.1,8080,127.0.0.1,36698,138,benign
180.64540648460388,127.0.0.1,8080,127.0.0.1,36698,56,benign
180.66469764709473,127.0.0.1,8080,127.0.0.1,36716,56,benign
180.68206429481506,127.0.0.1,36716,127.0.0.1,8080,0,benign
180.6891644001007,127.0.0.1,36698,127.0.0.1,8080,0,benign
180.69173192977905,127.0.0.1,36698,127.0.0.1,8080,163,benign
180.69428825378418,127.0.0.1,38294,127.0.0.1,8080,0,benign
180.696049451828,127.0.0.1,8080,127.0.0.1,36698,138,benign
180.69793248176575,127.0.0.1,36716,127.0.0.1,8080,163,benign
180.69964289665222,127.0.0.1,8080,127.0.0.1,36716,138,benign
180.70903182029724,127.0.0.1,36804,127.0.0.1,8080,0,benign
180.7110562324524,127.0.0.1,8080,127.0.0.1,36804,56,benign
180.71857285499573,127.0.0.1,36804,127.0.0.1,8080,0,benign
180.7203562259674,127.0.0.1,38310,127.0.0.1,8080,0,benign
180.72264647483826,127.0.0.1,38318,127.0.0.1,8080,0,benign
180.74143028259277,127.0.0.1,36698,127.0.0.1,8080,0,benign
180.75192213058472,127.0.0.1,36716,127.0.0.1,8080,0,benign
180.7540843486786,127.0.0.1,38000,127.0.0.1,8080,0,benign
180.76396346092224,127.0.0.1,8080,127.0.0.1,36716,56,benign
180.77866864204407,127.0.0.1,8080,127.0.0.1,36698,56,benign
180.7815933227539,127.0.0.1,36716,127.0.0.1,8080,0,benign
180.78420662879944,127.0.0.1,36698,127.0.0.1,8080,0,benign
180.81569027900696,127.0.0.1,38320,127.0.0.1,8080,0,benign
180.8214647769928,127.0.0.1,36752,127.0.0.1,8080,163,benign
180.8239824771881,127.0.0.1,8080,127.0.0.1,36752,194,benign
180.82853412628174,127.0.0.1,36752,127.0.0.1,8080,0,benign
180.83331155776978,127.0.0.1,38334,127.0.0.1,8080,0,benign
180.83799147605896,127.0.0.1,38012,127.0.0.1,8080,0,benign
180.84308862686157,127.0.0.1,38004,127.0.0.1,8080,0,benign
180.84618997573853,127.0.0.1,36752,127.0.0.1,8080,163,benign
180.86356258392334,127.0.0.1,38338,127.0.0.1,8080,0,benign
180.881609916687,127.0.0.1,8080,127.0.0.1,36752,138,benign
180.890727519989,127.0.0.1,38348,127.0.0.1,8080,0,benign
180.91776657104492,127.0.0.1,8080,127.0.0.1,36752,56,benign
180.93510746955872,127.0.0.1,36752,127.0.0.1,8080,0,benign
180.95197129249573,127.0.0.1,36790,127.0.0.1,8080,163,benign
180.9557785987854,127.0.0.1,8080,127.0.0.1,36790,194,benign
180.96510410308838,127.0.0.1,36716,127.0.0.1,8080,163,benign
180.97188711166382,127.0.0.1,8080,127.0.0.1,36716,138,benign
180.99773812294006,127.0.0.1,36716,127.0.0.1,8080,0,benign
181.01798057556152,127.0.0.1,8080,127.0.0.1,36716,56,benign
181.0629382133484,127.0.0.1,36716,127.0.0.1,8080,0,benign
181.0654947757721,127.0.0.1,38020,127.0.0.1,8080,0,benign
181.06733751296997,127.0.0.1,38014,127.0.0.1,8080,0,benign
181.06888842582703,127.0.0.1,36752,127.0.0.1,8080,163,benign
181.07372045516968,127.0.0.1,8080,127.0.0.1,36752,138,benign
181.07549619674683,127.0.0.1,8080,127.0.0.1,36790,138,benign
181.0776903629303,127.0.0.1,8080,127.0.0.1,36752,194,benign
181.07970190048218,127.0.0.1,36752,127.0.0.1,8080,0,benign
181.08175420761108,127.0.0.1,36752,127.0.0.1,8080,163,benign
181.0866904258728,127.0.0.1,8080,127.0.0.1,36752,138,benign
181.0926158428192,127.0.0.1,8080,127.0.0.1,37946,0,benign
181.09780621528625,127.0.0.1,8080,127.0.0.1,37962,0,benign
181.1211121082306,127.0.0.1,38204,127.0.0.1,8080,0,benign
181.1372275352478,127.0.0.1,38216,127.0.0.1,8080,0,benign
181.1517288684845,127.0.0.1,8080,127.0.0.1,38216,0,benign
181.15406346321106,127.0.0.1,8080,127.0.0.1,38204,0,benign
181.15644788742065,127.0.0.1,38216,127.0.0.1,8080,0,benign
181.16123342514038,127.0.0.1,38204,127.0.0.1,8080,0,benign
181.17573070526123,127.0.0.1,38216,127.0.0.1,8080,163,benign
181.1886019706726,127.0.0.1,8080,127.0.0.1,38216,0,benign
181.19490838050842,127.0.0.1,38204,127.0.0.1,8080,163,benign
181.22955060005188,127.0.0.1,36790,127.0.0.1,8080,0,benign
181.2447907924652,127.0.0.1,36752,127.0.0.1,8080,0,benign
181.24979972839355,127.0.0.1,8080,127.0.0.1,36752,56,benign
181.2576174736023,127.0.0.1,36752,127.0.0.1,8080,0,benign
181.2728521823883,127.0.0.1,8080,127.0.0.1,36790,56,benign
181.29512858390808,127.0.0.1,36790,127.0.0.1,8080,0,benign
181.31657886505127,127.0.0.1,36804,127.0.0.1,8080,163,benign
181.34554767608643,127.0.0.1,38506,127.0.0.1,8080,0,benign
181.35210919380188,127.0.0.1,36790,127.0.0.1,8080,163,benign
181.35673260688782,127.0.0.1,8080,127.0.0.1,36804,138,benign
181.3584406375885,127.0.0.1,8080,127.0.0.1,36804,56,benign
181.36092925071716,127.0.0.1,8080,127.0.0.1,36790,138,benign
181.36942434310913,127.0.0.1,38226,127.0.0.1,8080,0,benign
181.3762891292572,127.0.0.1,36804,127.0.0.1,8080,0,benign
181.37831020355225,127.0.0.1,36752,127.0.0.1,8080,163,benign
181.3830542564392,127.0.0.1,8080,127.0.0.1,36752,138,benign
181.39355778694153,127.0.0.1,38260,127.0.0.1,8080,0,benign
181.3995544910431,127.0.0.1,38236,127.0.0.1,8080,0,benign
181.4022343158722,127.0.0.1,38252,127.0.0.1,8080,0,benign
181.41749048233032,127.0.0.1,36804,127.0.0.1,8080,163,benign
181.42864203453064,127.0.0.1,8080,127.0.0.1,36804,138,benign
181.4345645904541,127.0.0.1,8080,127.0.0.1,36804,56,benign
181.43702626228333,127.0.0.1,8080,127.0.0.1,38132,0,benign
181.44816327095032,127.0.0.1,36858,127.0.0.1,8080,0,benign
181.48641180992126,127.0.0.1,38136,127.0.0.1,8080,0,benign
181.51270174980164,127.0.0.1,38670,127.0.0.1,8080,0,benign
181.52493286132812,127.0.0.1,8080,127.0.0.1,38670,0,benign
181.52702236175537,127.0.0.1,38670,127.0.0.1,8080,0,benign
181.54146218299866,127.0.0.1,38670,127.0.0.1,8080,163,benign
181.54895734786987,127.0.0.1,8080,127.0.0.1,38670,0,benign
181.55745673179626,127.0.0.1,38204,127.0.0.1,8080,163,benign
181.56289935112,127.0.0.1,8080,127.0.0.1,38204,0,benign
181.57091665267944,127.0.0.1,8080,127.0.0.1,38136,0,benign
181.57358026504517,127.0.0.1,38148,127.0.0.1,8080,0,benign
181.58078169822693,127.0.0.1,36586,127.0.0.1,8080,163,benign
181.58275365829468,127.0.0.1,8080,127.0.0.1,36586,194,benign
181.59560775756836,127.0.0.1,36586,127.0.0.1,8080,0,benign
181.59821891784668,127.0.0.1,36752,127.0.0.1,8080,163,benign
181.60274052619934,127.0.0.1,8080,127.0.0.1,36752,194,benign
181.61010646820068,127.0.0.1,36752,127.0.0.1,8080,0,benign
181.61252284049988,127.0.0.1,38674,127.0.0.1,8080,0,benign
181.61423110961914,127.0.0.1,8080,127.0.0.1,38674,0,benign
181.61590027809143,127.0.0.1,38674,127.0.0.1,8080,0,benign
181.6204755306244,127.0.0.1,38674,127.0.0.1,8080,163,benign
181.6387002468109,127.0.0.1,8080,127.0.0.1,38674,0,benign
181.6419906616211,127.0.0.1,8080,127.0.0.1,38148,0,benign
181.64718580245972,127.0.0.1,38170,127.0.0.1,8080,0,benign
181.66724395751953,127.0.0.1,36586,127.0.0.1,8080,163,benign
181.6765320301056,127.0.0.1,8080,127.0.0.1,36586,194,benign
181.68403887748718,127.0.0.1,36586,127.0.0.1,8080,0,benign
181.68778252601624,127.0.0.1,38160,127.0.0.1,8080,0,benign
181.7032516002655,127.0.0.1,38180,127.0.0.1,8080,0,benign
181.73960518836975,127.0.0.1,36752,127.0.0.1,8080,163,benign
181.79501509666443,127.0.0.1,8080,127.0.0.1,36752,138,benign
181.84859204292297,127.0.0.1,38680,127.0.0.1,8080,0,benign
181.9513964653015,127.0.0.1,8080,127.0.0.1,38680,0,benign
182.18774819374084,127.0.0.1,38680,127.0.0.1,8080,0,benign
182.2250256538391,127.0.0.1,38200,127.0.0.1,8080,0,benign
182.26193571090698,127.0.0.1,38194,127.0.0.1,8080,0,benign
182.28575897216797,127.0.0.1,8080,127.0.0.1,36752,0,benign
182.30243754386902,127.0.0.1,38438,127.0.0.1,8080,0,benign
182.32738304138184,127.0.0.1,36716,127.0.0.1,8080,163,benign
182.33952474594116,127.0.0.1,8080,127.0.0.1,36790,0,benign
182.3670675754547,127.0.0.1,8080,127.0.0.1,36716,0,benign
182.37088680267334,127.0.0.1,8080,127.0.0.1,38438,0,benign
182.3810338973999,127.0.0.1,38450,127.0.0.1,8080,0,benign
182.4210958480835,127.0.0.1,36586,127.0.0.1,8080,163,benign
182.4503197669983,127.0.0.1,8080,127.0.0.1,38450,0,benign
182.5143392086029,127.0.0.1,8080,127.0.0.1,36716,138,benign
182.53431797027588,127.0.0.1,8080,127.0.0.1,36790,138,benign
182.61605739593506,127.0.0.1,36790,127.0.0.1,8080,0,benign
182.6206455230713,127.0.0.1,8080,127.0.0.1,36790,56,benign
182.6458830833435,127.0.0.1,36790,127.0.0.1,8080,0,benign
