timestamp,rtt
1790358985.9279346,4.97454300057143
1790358985.9292705,4.93740601814352
1790358985.9315186,5.144050985109061
1790358985.9317307,3.7830399814993143
1790358985.9322565,2.8404500044416636
1790358985.9328027,2.423418016405776
1790358985.9342997,1.489040005253628
1790358985.9356484,1.227821980137378
1790358985.9442303,1.7283930210396647
1790358985.9455323,1.2927030038554221
1790358985.9461699,1.3891030102968216
1790358985.9805717,2.0953700004611164
1790358985.9839272,1.3625759747810662
1790358985.9921503,2.4152169935405254
1790358985.9936516,2.7530340012162924
1790358985.9986255,1.7132110078819096
1790358986.0013902,1.6020330076571554
1790358986.003235,1.406583993230015
1790358986.012193,1.668656972469762
1790358986.0207024,1.5926170162856579
1790358986.0250182,1.881344011053443
1790358986.0264568,1.4287740050349385
1790358986.0357583,1.9166390120517462
1790358986.04966,1.8581429903861135
1790358986.0550265,1.7111510096583515
1790358986.0578425,1.9027669914066792
1790358986.0669498,1.7708820232655853
1790358986.08792,3.795525000896305
1790358986.0887547,5.547920998651534
1790358986.0891266,2.459740004269406
1790358986.0900087,1.8012670043390244
1790358986.1017377,1.7053430201485753
1790358986.114291,2.6601930148899555
1790358986.1144555,2.28122400585562
1790358986.1179135,2.495877997716889
1790358986.1190937,2.38057499518618
1790358986.1199875,1.7098940152209252
1790358986.1227882,1.2350149918347597
1790358986.1244001,1.2314909836277366
1790358986.1334772,1.6438029997516423
1790358986.14472,1.9695780065376312
1790358986.1476243,1.7390339926350862
1790358986.1564364,3.0450689955614507
1790358986.1567416,1.6156719939317554
1790358986.1568053,3.341549017932266
1790358986.1622434,1.474132004659623
1790358986.1681416,1.3638279924634844
1790358986.1736152,1.4999440172687173
1790358986.178162,1.9314090022817254
1790358986.180761,1.604060991667211
1790358986.1853414,1.46043102722615
1790358986.1949167,1.6793679969850928
1790358986.1993349,1.6807920183055103
1790358986.2071106,2.553505008108914
1790358986.2081764,2.102778002154082
1790358986.2167242,1.9138229836244136
1790358986.2394698,1.824551000026986
1790358986.2395768,2.7485780010465533
1790358986.2431602,1.3844820205122232
1790358986.2446637,1.4178080018609762
1790358986.2709205,2.737948001595214
1790358986.271421,2.601754997158423
1790358986.2749348,1.7921820108313113
1790358986.2788603,1.4253830013331026
1790358986.286362,2.339279977604747
1790358986.2890298,1.3292389921844006
1790358986.2930212,1.5525489870924503
1790358986.2967498,1.9144099787808955
1790358986.3014615,2.9966819856781512
1790358986.3017082,2.729026018641889
1790358986.302395,1.7586130124982446
1790358986.3080127,1.56858898117207
1790358986.3112116,1.2872520019300282
1790358986.3373835,2.289605006808415
1790358986.3393288,1.9352519884705544
1790358986.3403912,2.1293959871400148
1790358986.3413756,1.7351059941574931
1790358986.3499045,1.866033999249339
1790358986.350393,2.845640992745757
1790358986.3619673,1.9754859968088567
1790358986.3668377,1.4975439989939332
1790358986.370013,1.7618120182305574
1790358986.370886,1.6484590014442801
1790358986.3750687,1.8965549825225025
1790358986.3784444,1.4230360102374107
1790358986.394649,1.867885992396623
1790358986.4072258,2.1017719991505146
1790358986.4179745,1.8838160031009465
1790358986.4209368,1.7512449994683266
1790358986.4233317,2.378903009230271
1790358986.4323988,1.7315229924861342
1790358986.4381268,2.5947680114768445
1790358986.4390588,1.4975089870858938
1790358986.4472122,2.298444014741108
1790358986.454264,1.9059909973293543
1790358986.457896,2.0018279901705682
1790358986.458858,1.374701998429373
1790358986.460024,1.1578509875107557
1790358986.4614627,1.2929759977851063
1790358986.4630418,1.099360000807792
1790358986.4696963,1.7845809925347567
1790358986.4791453,1.6905730008147657
1790358986.4852462,2.7368309965822846
1790358986.4857569,1.6942439833655953
1790358986.485809,2.6271739916410297
1790358986.4924252,1.553318987134844
1790358986.5023205,1.610224979231134
1790358986.5082376,1.8482460000086576
1790358986.5088985,1.426386006642133
1790358986.515673,1.87081701005809
1790358986.5170915,1.4059770037420094
1790358986.5262806,1.8669129931367934
1790358986.5460708,2.0191659859847277
1790358986.5470195,1.8596499867271632
1790358986.561592,2.110365021508187
1790358986.5624495,1.8350819882471114
1790358986.5717459,1.868563995230943
1790358986.5789657,1.5579529863316566
1790358986.580894,1.8230489804409444
1790358986.5878427,1.659760979237035
1790358986.5959146,1.629501988645643
1790358986.5983067,1.5838700055610389
1790358986.6063943,1.7927630105987191
1790358986.6148446,3.858949989080429
1790358986.6149974,3.4750000049825758
1790358986.6158268,3.2372589921578765
1790358986.619095,2.274682017741725
1790358986.6192646,2.008337003644556
1790358986.6197248,1.7658750002738088
1790358986.6252956,1.849652995588258
1790358986.6264186,1.8740379891823977
1790358986.6398816,1.5074780094437301
1790358986.656473,1.9951439753640443
1790358986.6758807,1.7946809821296483
1790358986.6780796,1.320448995102197
1790358986.6853673,2.129036991391331
1790358986.688856,2.257378015201539
1790358986.6912186,3.9126889896579087
1790358986.691311,3.576113987946883
1790358986.6919613,2.121833007549867
1790358986.7048213,1.8285640107933432
1790358986.704888,2.494614018360153
1790358986.7093842,1.2328130251262337
1790358986.7123818,1.8039759888779372
1790358986.7197602,1.9716359965968877
1790358986.7205243,1.541392004583031
1790358986.7247565,1.3445299991872162
1790358986.7302632,1.6255170048680156
1790358986.7439458,1.9617740181274712
1790358986.7609882,2.280321001308039
1790358986.762599,1.5978300070855767
1790358986.7637784,1.1711690167430788
1790358986.7827327,2.0277060102671385
1790358986.7943733,2.1379739919211715
1790358986.8163025,2.1487839985638857
1790358986.8170104,2.095161995384842
1790358986.818587,1.1273620184510946
1790358986.8297424,1.6291799838654697
1790358986.8330698,1.5789400204084814
1790358986.8411098,1.3884330110158771
1790358986.8530042,2.008012990700081
1790358986.8595548,1.8654440063983202
1790358986.8689067,1.7921029939316213
1790358986.874223,1.3833169941790402
1790358986.8780677,1.33898199419491
1790358986.8892167,1.5931600064504892
1790358986.8960967,2.0089379977434874
1790358986.9097142,2.1124040067661554
1790358986.9135811,3.852997993817553
1790358986.9148562,2.3449880245607346
1790358986.9181654,1.467416004743427
1790358986.9452448,1.7494339845143259
1790358986.9641178,2.3883249959908426
1790358986.9689422,2.191056002629921
1790358986.9702396,2.5528180121909827
1790358986.982014,1.9510569982230663
1790358986.9898207,1.5540469903498888
1790358986.993883,1.3891669805161655
1790358987.0001,1.2100249878130853
1790358987.0033743,1.556606002850458
1790358987.014908,1.3705960009247065
1790358987.0149994,2.1582279878202826
1790358987.0189779,2.7809620078187436
1790358987.0191686,2.5451080000493675
1790358987.0240693,3.3534520189277828
1790358987.024929,4.681660997448489
1790358987.02527,3.202296997187659
1790358987.0256908,1.5989960229489952
1790358987.0276976,1.1888050066772848
1790358987.0356324,2.459451003232971
1790358987.0363874,2.5111960130743682
1790358987.039254,1.4838269853498787
1790358987.0474646,1.4895119820721447
1790358987.0497825,1.39556301292032
1790358987.0506303,1.4666570059489459
1790358987.0542576,1.8120119930244982
1790358987.0554018,2.345902001252398
1790358987.0554662,1.9486589881125838
1790358987.058528,1.2964830093551427
1790358987.0602353,1.2124640052206814
1790358987.0722122,2.253397018648684
1790358987.0726755,2.097265998600051
1790358987.0827477,2.5271199992857873
1790358987.082818,2.1032270160503685
1790358987.0842566,1.313047978328541
1790358987.097746,3.460039006313309
1790358987.0978608,3.0592120019719005
1790358987.0987186,1.4149449998512864
1790358987.108118,1.4656190178357065
1790358987.1126182,1.4594270032830536
1790358987.1138043,1.1765860253944993
1790358987.1180615,1.216909004142508
1790358987.124078,1.3009749818593264
1790358987.1283913,1.5122689947020262
1790358987.1344285,1.4529039908666164
1790358987.1418312,1.6463370120618492
1790358987.1463602,2.687869011424482
1790358987.147434,2.3919990053400397
1790358987.1481173,2.4307569838128984
1790358987.148849,1.4071160112507641
1790358987.1614988,1.9865040085278451
1790358987.1628258,1.3175249914638698
1790358987.167845,1.4427170099224895
1790358987.1790698,1.59262798842974
1790358987.1834543,1.368275989079848
1790358987.1897414,1.737529004458338
1790358987.1938255,1.3543920067604631
1790358987.1955833,1.1372669832780957
1790358987.2032857,1.5784809947945178
1790358987.211471,3.509045985992998
1790358987.2118986,1.811402995372191
1790358987.2191484,2.3116759839467704
1790358987.2197778,2.1722340025007725
1790358987.2226257,1.349937985651195
1790358987.2374856,2.248612989205867
1790358987.2492206,1.775798009475693
1790358987.2739136,1.7761769995559007
1790358987.2761207,1.5127599763218313
1790358987.2858922,2.0449729927349836
1790358987.296075,1.6850410029292107
1790358987.2970302,1.9185179844498634
1790358987.3011773,1.2770890025421977
1790358987.3071587,2.1629040129482746
1790358987.3081686,2.2206149878911674
1790358987.328115,3.3610280079301447
1790358987.3281806,2.7359279920347035
1790358987.3307362,1.1908939923159778
1790358987.3364172,1.4523340214509517
1790358987.3434927,2.8600349905900657
1790358987.3559191,2.0033589971717447
1790358987.3608692,1.9345020118635148
1790358987.3614264,1.904025994008407
1790358987.3680313,2.5520059862174094
1790358987.3696117,1.565006998134777
1790358987.3860679,2.4189979885704815
1790358987.3893118,3.065466007683426
1790358987.3904822,2.441801014356315
1790358987.3907762,2.0825959800276905
1790358987.3938541,1.5657780168112367
1790358987.4004748,1.753407996147871
1790358987.4049108,1.6610320017207414
1790358987.4053762,1.4271510008256882
1790358987.4126832,1.771896000718698
1790358987.4245327,1.7306999943684787
1790358987.4277527,1.51284399908036
1790358987.432914,1.7186490003950894
1790358987.4480236,1.6328450001310557
1790358987.4495122,1.4793390000704676
1790358987.4521945,1.4603099843952805
1790358987.455707,1.4269279781728983
1790358987.474042,1.8993090197909623
1790358987.4770427,1.474619988584891
1790358987.4841058,1.9705450104083866
1790358987.495309,2.711337001528591
1790358987.4970489,1.596996997250244
1790358987.497116,2.250267018098384
1790358987.4997199,1.2701080122496933
1790358987.5030284,1.1137859837617725
1790358987.5045424,1.3307739864103496
1790358987.5084062,1.249197986908257
1790358987.5098557,1.307036989601329
1790358987.5187123,2.4787019938230515
1790358987.5187783,3.3851950138341635
1790358987.5213056,1.5688349958509207
1790358987.5221672,1.5732510073576123
1790358987.5285232,1.3765320181846619
1790358987.5514936,3.193050972186029
1790358987.5566463,5.577155010541901
1790358987.5568755,5.203905020607635
1790358987.5731146,3.598031005822122
1790358987.5731988,5.2321940020192415
1790358987.587632,2.923435007687658
1790358987.587696,2.389538014540449
1790358987.5928168,1.4273330161813647
1790358987.6129475,2.143943012924865
1790358987.6130266,2.856760023860261
1790358987.6199498,1.502355997217819
1790358987.627595,1.3607970031443983
1790358987.6296391,1.4892139879520983
1790358987.6327703,1.5181570197455585
1790358987.64613,2.4342209799215198
1790358987.646912,1.8280119984410703
1790358988.184084,2.405838982667774
1790358988.1877098,1.4385529793798923
1790358988.1939077,1.5581670159008354
1790358988.201085,1.4847339771222323
1790358988.211885,1.887728984002024
1790358988.2190332,1.8985880014952272
1790358988.2195623,1.268746011191979
1790358988.2286084,2.0145250018686056
1790358988.2290642,1.2766789877787232
1790358988.2356498,1.4211350062396377
1790358988.2444396,1.5607480017933995
1790358988.2554762,1.9357859855517745
1790358988.2584574,1.4500500110443681
1790358988.2590184,1.4218769792933017
1790358988.2715378,1.9435699796304107
1790358988.2774634,1.497754972660914
1790358988.2786753,1.2026919866912067
1790358988.3019211,1.852123998105526
1790358988.305407,1.6372569953091443
1790358988.3067975,1.2148570094723254
1790358988.3176107,2.519759989809245
1790358988.3265524,2.6025199913419783
1790358988.3305635,2.8336359828244895
1790358988.3318598,2.4457330000586808
1790358988.3436036,4.252817976521328
1790358988.343846,3.6435980000533164
1790358988.3444445,2.646103996085003
1790358988.3514445,1.961978996405378
1790358988.3689866,2.1656129974871874
1790358988.3726623,2.030656993156299
1790358988.3757582,1.9818269938696176
1790358988.3862998,2.456960006384179
1790358988.4102802,1.9272039935458452
1790358988.4124815,1.585640013217926
1790358988.422331,1.9260310218669474
1790358988.425339,2.1522339957300574
1790358988.431204,3.1478540040552616
1790358988.433271,2.6324470236431807
1790358988.433371,4.120417986996472
1790358988.4417217,2.480393013684079
1790358988.4490547,1.8254370079375803
1790358988.4636142,2.480572002241388
1790358988.466649,1.5092480171006173
1790358988.4856286,2.7316759806126356
1790358988.4857147,3.4641980018932372
1790358988.5133924,2.527714997995645
1790358988.5210135,2.984869002830237
1790358988.5213706,2.659068995853886
1790358988.521747,2.2449599928222597
1790358988.527646,1.9182779942639172
1790358988.5326173,1.5544329944532365
1790358988.543387,1.6848650120664388
1790358988.544697,1.299152005231008
1790358988.5461013,1.139013998908922
1790358988.553934,1.3349539949558675
1790358988.5581195,3.3326169941574335
1790358988.5628958,4.218770016450435
1790358988.5639496,3.0016099917702377
1790358988.5644763,1.219752011820674
1790358988.5707512,1.7924809944815934
1790358988.5727234,4.237835004460067
1790358988.5749414,4.16243399376981
1790358988.575595,2.6326080260332674
1790358988.576106,1.6133020108100027
1790358988.5842583,1.6328050114680082
1790358988.5925891,4.650020011467859
1790358988.5927122,3.8629269984085113
1790358988.5928671,4.85677202232182
1790358988.5937607,2.918751008110121
1790358988.5949297,1.1601599981077015
1790358988.6160376,2.0556800009217113
1790358988.6341424,4.762842989293858
1790358988.636656,2.496219996828586
1790358988.6377964,1.6879070026334375
1790358988.6621883,2.8078719915356487
1790358988.6684344,1.6784129838924855
1790358988.671734,1.5213320148177445
1790358988.6786458,1.420443004462868
1790358988.698852,3.9012499910313636
1790358988.7012188,1.7799850029405206
1790358988.7083533,1.8545679922681302
1790358988.7105927,1.3192759943194687
1790358988.7117326,1.131917000748217
1790358988.7186565,2.2692499915137887
1790358988.7210076,1.889272010885179
1790358988.7234957,1.8386790179647505
1790358988.7328413,1.9880839972756803
1790358988.737148,2.099662000546232
1790358988.7462573,2.5600279914215207
1790358988.746366,3.140196989988908
1790358988.7506404,1.5359520039055496
1790358988.770061,4.120383004192263
1790358988.770798,5.444588983664289
1790358988.772552,3.520800994010642
1790358988.7729154,4.48569399304688
1790358988.7739773,3.2770919788163155
1790358988.7750268,1.7287159862462431
1790358988.7750988,3.0013110081199557
1790358988.777254,1.359505986329168
1790358988.795841,2.661795006133616
1790358988.7960877,3.506143984850496
1790358988.7965946,1.8512539973016828
1790358988.814521,1.683826994849369
1790358988.8168757,1.424552989192307
1790358988.8197384,1.2804160069208592
1790358988.836767,2.954066003439948
1790358988.8368902,3.6243740178178996
1790358988.8372755,2.3079330276232213
1790358988.8527436,1.8270669970661402
1790358988.858582,1.687309006229043
1790358988.8629034,1.548391010146588
1790358988.8641944,1.2811709893867373
1790358988.8679855,1.4150149945635349
1790358988.8698463,1.1592970113269985
1790358988.8864415,2.660138998180628
1790358988.8865414,2.675898023881018
1790358988.8886592,1.4440889935940504
1790358988.9025934,2.001610992010683
1790358988.906443,1.5029450005386025
1790358988.9069588,1.325391000136733
1790358988.914732,1.6151269956026226
1790358988.9166298,1.3168189907446504
1790358988.9184682,1.4685030037071556
1790358988.9193904,1.89852699986659
1790358988.9198213,1.1169469798915088
1790358988.9267554,1.7950879991985857
1790358988.9387798,3.3611079852562398
1790358988.939335,2.9069190204609185
1790358988.9598312,3.474036988336593
1790358988.9643455,2.764059987384826
1790358988.9664688,1.8275269831065089
1790358988.9711156,1.8876379763241857
1790358988.9744284,1.3510470162145793
1790358988.9776025,1.3754499959759414
1790358988.9817367,2.353527001105249
1790358988.982579,1.8291279848199338
1790358988.9826345,2.679202996660024
1790358988.990811,1.4973829966038465
1790358988.9935,2.0920000097248703
1790358989.00272,1.9965690153185278
1790358989.0109873,1.8285789992660284
1790358989.0123553,1.3551790034398437
1790358989.0152502,1.2453360250219703
1790358989.0210896,2.1917120029684156
1790358989.0387337,1.79065897827968
1790358989.0395572,1.5914209943730384
1790358989.0554135,2.101057005347684
1790358989.0567997,2.445146004902199
1790358989.0615294,1.7030210001394153
1790358989.0653577,2.004189998842776
1790358989.0662277,1.7695540154818445
1790358989.069775,1.674525992712006
1790358989.07331,2.0804649975616485
1790358989.078989,3.0205330112949014
1790358989.0791337,3.6755710025317967
1790358989.0796962,1.4328580000437796
1790358989.086672,3.140154993161559
1790358989.0867617,2.7148110093548894
1790358989.0916896,1.3914369919802994
1790358989.1044593,2.4307050043717027
1790358989.1051598,1.8449789786245674
1790358989.1141658,1.5135779976844788
1790358989.115727,1.1910500179510564
1790358989.1349492,1.8656739848665893
1790358989.1371486,1.1952959757763892
1790358989.1383443,1.0993089817930013
1790358989.1454504,1.7967899912036955
1790358989.1493702,1.4671009848825634
1790358989.1531157,1.2964920024387538
1790358989.155866,1.2016719847451895
1790358989.1574743,1.1994630040135235
1790358989.1580758,1.3374490081332624
1790358989.166022,1.311380008701235
1790358989.1704943,1.3795560225844383
1790358989.1722503,1.5676149923820049
1790358989.1753535,1.3636779913213104
1790358989.179111,2.1313790057320148
1790358989.1845646,1.4997909893281758
1790358989.1850786,1.3697629910893738
1790358989.187005,1.08056899625808
1790358989.1903358,1.2845210148952901
1790358989.2000368,1.850287982961163
1790358989.2022433,1.3382259930949658
1790358989.2042966,1.1340510100126266
1790358989.2163517,1.9828830263577402
1790358989.2201428,1.3509709970094264
1790358989.2232182,1.4724789944011718
1790358989.226814,1.4010969898663461
1790358989.2332156,2.064058993710205
1790358989.234037,1.532052003312856
1790358989.238599,1.4737140154466033
1790358989.2404244,1.2676120095420629
1790358989.2581217,1.6629809979349375
1790358989.2654395,1.7709990206640214
1790358989.269807,1.4911260223016143
1790358989.271681,1.408676995197311
1790358989.2730749,1.385207986459136
1790358989.273526,1.1639409931376576
1790358989.278822,1.2075669947080314
1790358989.2810676,1.0848350066225976
1790358989.2891686,1.768647984135896
1790358989.2911036,1.211277995025739
1790358989.2963502,1.8190949922427535
1790358989.2979777,2.5751639914233238
1790358989.300139,2.909862989326939
1790358989.3016768,2.8063810023013502
1790358989.301903,3.9155059785116464
1790358989.3075838,1.3731660146731883
1790358989.3092992,1.2630419805645943
1790358989.316843,1.452086988138035
1790358989.323537,1.5940449957270175
1790358989.325251,1.3107330014463514
1790358989.3378856,1.6382900066673756
1790358989.3434117,1.7705970094539225
1790358989.3448095,1.3869100075680763
1790358989.3453414,1.3711960054934025
1790358989.3485303,1.9251170160714537
1790358989.3598192,1.7944140126928687
1790358989.365028,1.4578500122297555
1790358989.372049,1.6222749836742878
1790358989.3788588,1.3513620069716126
1790358989.382504,1.281603006646037
1790358989.3925166,1.8791499896906316
1790358989.3975947,2.145478007150814
1790358989.3982737,2.111432986566797
1790358989.4067914,2.201914001489058
1790358989.408199,2.433640998788178
1790358989.4232006,1.9181639945600182
1790358989.4273217,1.4109959884081036
1790358989.4285793,1.1546729947440326
1790358989.434304,1.3927010004408658
1790358989.437013,1.3850070245098323
1790358989.4417381,1.3303300074767321
1790358989.4456553,2.0539379911497235
1790358989.4531515,1.6703919973224401
1790358989.4662244,4.419701988808811
1790358989.4663413,3.935062006348744
1790358989.4682782,4.766013997141272
1790358989.468364,2.9506350110750645
1790358989.4690971,2.1860050037503242
1790358989.4799652,1.550508983200416
1790358989.4822512,1.2723719992209226
1790358989.4846947,1.5113830158952624
1790358989.4978368,1.4683920016977936
1790358989.5152383,2.2735480160918087
1790358989.5189521,1.6499290068168193
1790358989.5249858,1.428321993444115
1790358989.527685,1.3409829989541322
1790358989.5459256,2.934980991994962
1790358989.5460083,3.5852009896188974
1790358989.5481138,1.3024100044276565
1790358989.553352,1.561229000799358
1790358989.5595424,1.4965650043450296
1790358989.5657578,1.6180849925149232
1790358989.5780578,3.0603960040025413
1790358989.5781255,2.5587660202290863
1790358989.584673,2.0772439893335104
1790358989.5852456,1.6281789867207408
1790358989.595564,2.8601179947145283
1790358989.5956295,2.19700500019826
1790358989.6062012,2.051698014838621
1790358989.6075084,1.2987189984414726
1790358989.6138844,2.5738970143720508
1790358989.6139603,2.1858279942534864
1790358989.6166341,1.3895590091124177
1790358989.6194088,1.1916490038856864
1790358989.6226997,1.4414979959838092
1790358989.6301098,1.6720370040275156
1790358989.6314294,1.3098850031383336
1790358989.6359167,1.2594329891726375
1790358989.6408913,3.981433023000136
1790358989.6420352,2.772560983430594
1790358989.6539123,4.042813001433387
1790358989.6560752,2.957474993309006
1790358989.6562061,3.8174589863047004
1790358989.6563065,5.1308989932294935
1790358989.6569588,1.6516479954589158
1790358989.6659434,1.5732090105302632
1790358989.67237,1.7671700043138117
1790358989.6727896,1.25932801165618
1790358989.6782994,1.1756519961636513
1790358989.684845,1.4665350026916713
1790358989.686904,1.5018550038803369
1790358989.695383,1.522676000604406
1790358989.7070308,1.6089919954538345
1790358989.712996,2.861206012312323
1790358989.7132995,3.694457991514355
1790358989.7168872,2.2161809902172536
1790358989.717146,1.8034800013992935
1790358989.7209759,1.2228700215928257
1790358989.7318044,3.319642011774704
1790358989.7451863,4.33485402027145
1790358989.745302,3.571094974176958
1790358989.7463455,1.636259985389188
1790358989.7507644,1.2026499898638576
1790358989.7536829,1.1686570069286972
1790358989.758906,1.6626130091026425
1790358989.7596846,1.1849990114569664
1790358989.7628703,1.7634800169616938
1790358989.7654471,1.356060995021835
1790358989.7691824,1.2391099880915135
1790358989.7726266,2.852154982974753
1790358989.7750685,3.396372980205342
1790358989.7751474,4.701619007391855
1790358989.775218,4.340988991316408
1790358989.7765589,1.2423060252331197
1790358989.7790937,1.2274050095584244
1790358989.7805748,1.11385399941355
1790358989.7861536,1.4882679970469326
1790358989.7863894,2.1528310026042163
1790358989.7932174,1.4126889873296022
1790358989.7962866,1.5007200127001852
1790358989.8025713,1.5985079808160663
1790358989.8060575,1.4082090056035668
1790358989.8096614,1.2153589923400432
1790358989.811785,1.2800719996448606
1790358989.8182557,1.2362819979898632
1790358989.824004,1.391371974023059
1790358989.826545,1.141053973697126
1790358989.8434188,1.8820760014932603
1790358989.850977,2.3531949846073985
1790358989.8525755,1.3898549950681627
1790358989.8579998,1.7332449788227677
1790358989.8587518,1.4575640088878572
1790358989.86305,1.8739630177151412
1790358989.8678584,1.4181529986672103
1790358989.8706844,1.1817009944934398
1790358989.8743985,1.1496109946165234
1790358989.8847847,1.5466189943253994
1790358989.8864446,1.2644969974644482
1790358989.8925726,1.650833000894636
1790358989.9144566,3.3307230041828007
1790358989.9153442,2.6025909755844623
1790358989.9162364,2.925870008766651
1790358989.9174695,1.2232899898663163
1790358989.9225755,1.677107997238636
1790358989.9289286,1.9760540162678808
1790358989.9461122,1.7637679993640631
1790358989.947418,1.294928981224075
1790358989.9504447,1.1673219851218164
1790358989.9609196,2.0317260059528053
1790358989.9636414,1.3104690006002784
1790358989.9740794,1.5086070052348077
1790358989.9766319,1.7943700077012181
1790358989.9771793,1.7094979993999004
1790358989.980066,2.45199998607859
1790358989.9801288,2.0562740101013333
1790358989.9826458,1.7504800052847713
1790358989.9851894,1.1993490043096244
1790358989.9940643,1.8365339783485979
1790358989.9969335,1.2561900075525045
1790358989.9983637,1.2694309989456087
1790358990.0002122,1.177571015432477
1790358990.0013173,1.0975780023727566
1790358990.0043545,1.6051560232881457
1790358990.011494,1.3639790122397244
1790358990.0171905,1.4913369959685951
1790358990.022138,3.8108179869595915
1790358990.0245988,4.997501004254445
1790358990.0247562,3.635154018411413
1790358990.0257843,1.8699149950407445
1790358990.0383408,3.111647005425766
1790358990.0395336,2.196221990743652
1790358990.0431979,2.1998310112394392
1790358990.044877,1.6676299856044352
1790358990.050078,2.4981409951578826
1790358990.0506213,1.7562489956617355
1790358990.058674,2.03331297961995
1790358990.0672169,1.9085459935013205
1790358990.0969741,2.201380004407838
1790358990.0989454,1.2767429871018976
1790358990.1067321,1.3866070075891912
1790358990.1183178,1.7692229885142297
1790358990.1255589,1.5573319979012012
1790358990.135102,1.6981970111373812
1790358990.1413522,1.8122219771612436
1790358990.1426525,2.10186600452289
1790358990.151009,1.429752999683842
1790358990.1526062,1.227069995366037
1790358990.1553586,1.1118109978269786
1790358990.1645322,1.8671769939828664
1790358990.1691658,1.323036995017901
1790358990.1796403,1.7328060057479888
1790358990.1811433,1.4909699966665357
1790358990.1868343,2.0970000186935067
1790358990.1915822,2.666379004949704
1790358990.19327,3.323937999084592
1790358990.1934257,2.508284989744425
1790358990.1939394,2.0757309976033866
1790358990.2073917,1.6888200188986957
1790358990.2126265,1.3653689820785075
1790358990.2189991,1.685221999650821
1790358990.2205,1.3925799867138267
1790358990.2214925,1.6485289961565286
1790358990.2238927,1.1336570023559034
1790358990.2250302,1.046725024934858
1790358990.2276134,1.223423023475334
1790358990.2583025,1.75657999352552
1790358990.2806573,2.5895939907059073
1790358990.2812219,1.5365769795607775
1790358990.2911148,1.5361809928435832
1790358990.296554,2.08508298965171
1790358990.301166,1.3721399882342666
1790358990.3059914,1.6658180102240294
1790358990.3124018,2.8641120006795973
1790358990.3127136,2.5732979993335903
1790358990.3157253,1.2625859817489982
1790358990.3261693,2.955801988719031
1790358990.3278365,3.3109100186266005
1790358990.3280382,2.699300996027887
1790358990.3281186,4.048973001772538
1790358990.3360598,3.6032509815413505
1790358990.3361306,3.183608001563698
1790358990.3376336,2.6357710012234747
1790358990.3389323,1.871335000032559
1790358990.3389852,3.0746629927307367
1790358990.3421204,1.53826002497226
1790358990.3506713,1.4639150176662952
1790358990.3530076,1.807809981983155
1790358990.3556888,1.2808250030502677
1790358990.3587453,2.2867859806865454
1790358990.3597531,1.7011459858622402
1790358990.3617287,1.4710910036228597
1790358990.3642154,1.4752220013178885
1790358990.3656263,1.1272229894530028
1790358990.3683693,1.2641189969144762
1790358990.3742468,1.394549006363377
1790358990.3776047,1.3363579928409308
1790358990.3866796,1.6844740021042526
1790358990.3955047,1.6543579986318946
1790358990.3965464,2.1056940022390336
1790358990.3985093,1.7838249914348125
1790358990.3991687,1.3638839882332832
1790358990.4004755,1.0925479873549193
1790358990.406559,1.4654519909527153
1790358990.4093437,1.2969590025022626
1790358990.4232945,1.8530010129325092
1790358990.4283133,1.9622420077212155
1790358990.4287882,1.659814006416127
1790358990.4311144,1.1764709779527038
1790358990.4421961,1.8541919998824596
1790358990.4427752,1.462671993067488
1790358990.4458034,1.1808049748651683
1790358990.452399,2.8527760005090386
1790358990.4618793,1.8036180117633194
1790358990.463642,1.5813130012247711
1790358990.468512,1.5279389917850494
1790358990.4719563,1.3884840009268373
1790358990.4725623,1.3941210054326802
1790358990.4737618,1.1896499781869352
1790358990.4756012,1.176716003101319
1790358990.4782069,1.812706992495805
1790358990.4795983,1.3781770248897374
1790358990.483061,1.5879470156505704
1790358990.4836276,1.29877298604697
1790358990.4942765,2.1173289860598743
1790358990.5031257,1.87529600225389
1790358990.513167,1.7270419921260327
1790358990.5174947,1.444509980501607
1790358990.5205936,1.1799899803008884
1790358990.529685,1.8781510007102042
1790358990.5315733,1.8768849840853363
1790358990.5326614,2.038712991634384
1790358990.5498571,3.211733011994511
1790358990.5499454,2.7048030169680715
1790358990.5514703,1.4250180101953447
1790358990.554484,1.3761269801761955
1790358990.5698595,2.2677330125588924
1790358990.5771966,1.9632279872894287
1790358990.5800986,1.3734270178247243
1790358990.5831091,1.8554650014266372
1790358990.5873885,1.632536994293332
1790358990.5882285,1.5811799967195839
1790358990.5921063,1.1785579845309258
1790358990.5944672,1.255320996278897
1790358990.5960765,1.0893389990087599
1790358990.600186,2.0580260024871677
1790358990.6176562,1.6582789830863476
1790358990.6190574,1.2125569919589907
1790358990.6212163,1.7850220028776675
1790358990.621693,1.2563969939947128
1790358990.640449,1.7776289896573871
1790358990.6542983,2.1413049835246056
1790358990.654783,1.377093984046951
1790358990.662922,1.4603690069634467
1790358990.66642,2.690475987037644
1790358990.6664858,2.1704499959014356
1790358990.673077,1.685035997070372
1790358990.693568,4.835356987314299
1790358990.69411,4.128573986236006
1790358990.6949577,2.6562220009509474
1790358990.700712,1.3215040089562535
1790358990.7030196,1.7123789875768125
1790358990.7046425,1.3337359996512532
1790358990.7138479,1.6777200216893107
1790358990.7165394,1.310879975790158
1790358990.7224874,1.4213740068953484
1790358990.723803,1.3066029932815582
1790358990.7256563,1.510936999693513
1790358990.727792,1.18807700346224
1790358990.730484,1.2557730078697205
1790358990.7381318,1.3674339861609042
1790358990.7438946,1.220770995132625
1790358990.7480512,1.592515007359907
1790358990.7555122,2.692163019673899
1790358990.7555883,2.151530992705375
1790358990.7559783,1.5150039980653673
1790358990.759596,1.3422399933915585
1790358990.7630365,1.617219008039683
1790358990.7655442,1.1978730035480112
1790358990.78719,1.9584269903134555
1790358990.7997215,1.9700379925779998
1790358990.8021467,1.5557350125163794
1790358990.8030348,1.7934990173671395
1790358990.8043733,1.1435250053182244
1790358990.8076253,1.2192970025353134
1790358990.8112679,1.4079539978411049
1790358990.8268886,1.9166319980286062
1790358990.8300536,2.0853049936704338
1790358990.8346255,1.5567429945804179
1790358990.8409433,1.3230190088506788
1790358990.8455732,2.340396022191271
1790358990.8468995,1.31637800950557
1790358990.8518367,1.24967799638398
1790358990.863347,1.8656270112842321
1790358990.8800886,1.6594150220043957
1790358990.8881493,1.5029950009193271
1790358990.897009,1.6460490005556494
1790358990.8997228,1.368212979286909
1790358990.9031286,2.788837009575218
1790358990.9032197,3.3043109870050102
1790358990.9036713,2.070231013931334
1790358990.9118958,2.2147640120238066
1790358990.9120626,3.1382800079882145
1790358990.916766,1.2318849912844598
1790358990.9249618,1.5873389784246683
1790358990.9451568,1.7529629985801876
1790358990.9483364,1.5477970009669662
1790358990.955091,1.9831089884974062
1790358990.9555707,1.3294089876580983
1790358990.9585946,1.294554997002706
1790358990.9622416,1.5628369874320924
1790358990.9683867,1.7695009883027524
1790358990.972233,1.419359992723912
1790358990.9747884,1.1915740033145994
1790358990.9814591,2.415491995634511
1790358990.9830067,4.460447002202272
1790358990.9831054,3.458195016719401
1790358990.983917,1.5557149890810251
1790358990.988426,1.4686269860249013
1790358990.9995997,3.2358249882236123
1790358991.0048137,1.5771500184200704
1790358991.007823,2.5532360014040023
1790358991.0079062,3.0823379929643124
1790358991.010916,4.417739022755995
1790358991.011702,3.593602974433452
1790358991.0122921,2.043908985797316
1790358991.0123641,3.1545509991701692
1790358991.015999,1.3245879963506013
1790358991.0215027,3.690401994390413
1790358991.021776,3.134503000183031
1790358991.0224571,2.5572809972800314
1790358991.0225282,3.293971996754408
1790358991.0251153,1.3877659803256392
1790358991.0312846,2.5420129823032767
1790358991.0313427,2.1241670183371753
1790358991.0367897,1.2477299897000194
1790358991.0426555,1.7400430224370211
1790358991.0538487,2.3160929849836975
1790358991.0602293,1.905136974528432
1790358991.0833807,1.8992779951076955
1790358991.1036174,1.8570840184111148
1790358991.1122074,1.9218770030420274
1790358991.1191492,3.602315002353862
1790358991.12248,4.372156981844455
1790358991.124518,4.562113987049088
1790358991.1246395,3.7042470066808164
1790358991.1384034,2.0035360066685826
1790358991.1485627,1.8740470113698393
1790358991.154729,1.7091899935621768
1790358991.1564498,1.7102799902204424
1790358991.1592093,1.5463620075024664
1790358991.1794415,1.9633919873740524
1790358991.183868,1.53974600834772
1790358991.1864636,1.3749609934166074
1790358991.1873317,1.6937140026129782
1790358991.1900694,1.7674789996817708
1790358991.1912568,2.0097730157431215
1790358991.1918342,1.2985100038349628
1790358991.1941268,1.2996509904041886
1790358991.1965394,1.5697430062573403
1790358991.1975937,1.6603919793851674
1790358991.2010517,1.351390004856512
1790358991.2023335,1.1399750073906034
1790358991.2117996,1.6439809987787157
1790358991.2155533,1.5033119998406619
1790358991.2164915,1.5630920242983848
1790358991.2212036,1.2879270070698112
1790358991.2236378,2.0981580018997192
1790358991.2297037,1.8732569878920913
1790358991.2318316,2.012105018366128
1790358991.2325373,2.2071950079407543
1790358991.2375178,1.7815610044635832
1790358991.2387714,1.2440819991752505
1790358991.2408888,1.3267429894767702
1790358991.241639,1.386852003633976
1790358991.249136,3.0276000034064054
1790358991.2503262,2.817268017679453
1790358991.25058,2.0163550216238946
1790358991.2544076,1.8606309895403683
1790358991.2554326,1.484823995269835
1790358991.25924,1.863783982116729
1790358991.2597964,1.9952619913965464
1790358991.2796705,1.6226059815380722
1790358991.2829854,1.5578570018988103
1790358991.28342,1.2707690184470266
1790358991.2884393,2.0685290219262242
1790358991.2893207,1.366115000564605
1790358991.2939973,1.8316640052944422
1790358991.2981944,4.031851014588028
1790358991.2991126,4.007526993518695
1790358991.2996776,2.7720830112230033
1790358991.29977,3.7313619977794588
1790358991.299828,5.145697999978438
1790358991.3010354,1.1271819821558893
1790358991.3038206,1.4990330091677606
1790358991.305689,1.315114990575239
1790358991.3102486,1.272705994779244
1790358991.3114765,1.2192800058983266
1790358991.3176174,1.4897149812895805
1790358991.3192887,1.5074120019562542
1790358991.3218238,1.5086769999470562
1790358991.324495,1.1918300006072968
1790358991.3351922,2.3843470262363553
1790358991.336263,2.5893760030157864
1790358991.3398662,2.281782013596967
1790358991.3402135,1.8844119913410395
1790358991.3406575,1.7573799996171147
1790358991.353343,2.2259660181589425
1790358991.3542328,1.343326992355287
1790358991.3562295,1.0347460047341883
1790358991.366244,1.4798670017626137
1790358991.375114,1.5716030029579997
1790358991.389338,1.6614269989077002
1790358991.3973258,1.6469490074086934
1790358991.4409993,8.370099996682256
1790358991.443123,11.670484993373975
1790358991.4454741,11.151737009640783
1790358991.4478176,3.8326919893734157
1790358991.4480133,6.424784020055085
1790358991.4480941,7.082027004798874
1790358991.4519885,1.4234940172173083
1790358991.454518,1.6240770055446774
1790358991.4735794,1.87944300705567
1790358991.4808967,3.909507009666413
1790358991.4811673,3.1310300109907985
1790358991.481402,4.8768190026748925
1790358991.4814522,2.432414999930188
1790358991.483075,1.2705959961749613
1790358991.4995172,1.8853170040529221
1790358991.509032,1.560418022563681
1790358991.5252538,2.3646939953323454
1790358991.5254,3.2886529807001352
1790358991.525657,1.4576409885194153
1790358991.5298085,1.2032039812766016
1790358991.535776,2.185013989219442
1790358991.5472236,1.5795210201758891
1790358991.5485802,1.347915007499978
1790358991.553757,4.910271993139759
1790358991.5578818,4.96609800029546
1790358991.5579755,4.0358300029765815
1790358991.558268,2.605260000564158
1790358991.5668857,2.99179699504748
1790358991.5721135,2.5820800219662488
1790358991.5734243,2.339888014830649
1790358991.5793211,1.462892978452146
1790358991.5902328,3.8835849845781922
1790358991.5903072,3.3568750077392906
1790358991.5918612,1.2356599909253418
1790358991.6049,2.241056994535029
1790358991.6056862,1.8123020126949996
1790358991.6142957,1.9216550281271338
1790358991.6227992,1.8420760170556605
1790358991.624141,1.32886299979873
1790358991.6280956,1.7105989973060787
1790358991.6365428,2.1537760039791465
1790358991.6367319,3.313424007501453
1790358991.638667,3.3466030145063996
1790358991.6387296,4.732425994006917
1790358991.6510084,2.8510170232038945
1790358991.6516044,1.5981239848770201
1790358991.6588771,1.883779012132436
1790358991.7006683,2.3945750144775957
1790358991.7036474,2.1163439960218966
1790358991.7197015,2.8878439916297793
1790358991.720238,2.191139996284619
1790358991.7260969,1.3113510212861001
1790358991.7334416,2.5618280051276088
1790358991.7342498,1.8201450002379715
1790358991.7432609,1.6015630098991096
1790358991.7584445,1.4801929937675595
1790358991.7731822,1.9405840139370412
1790358991.782287,1.7359780031256378
1790358991.7835293,1.2318450026214123
1790358991.7848644,1.2235129834152758
1790358991.788762,1.1287640081718564
1790358991.8013282,2.1084140171296895
1790358991.8051987,1.5478959830943495
1790358991.8061132,1.9278840045444667
1790358991.8080788,1.5357060183305293
1790358991.816247,1.5526149945799261
1790358991.8293333,2.789194986689836
1790358991.8299148,2.038228005403653
1790358991.8402581,1.627071003895253
1790358991.8448293,1.5788819873705506
1790358991.8476982,1.302113989368081
1790358991.852981,1.3435840082820505
1790358991.8545032,1.1380200157873333
1790358991.8646069,2.5855980056803674
1790358991.864681,2.1100459853187203
1790358991.868455,1.275616989005357
1790358991.872472,1.740364998113364
1790358991.874015,1.31031998898834
1790358991.8754735,1.3920179917477071
1790358991.8801851,2.3762510099913925
1790358991.880283,1.9021070038434118
1790358991.8910463,2.7102979947812855
1790358991.8911102,2.0032439788337797
1790358991.8974416,1.6090449935290962
1790358991.8978827,1.1882010148838162
1790358991.9065945,1.3286909961607307
1790358991.9295154,2.5194640038535
1790358991.9296112,2.699281001696363
1790358991.9389877,1.5662410005461425
1790358991.9585834,1.6919900081120431
1790358991.9617074,2.654132986208424
1790358991.9620726,2.549536991864443
1790358991.962772,2.5562960072420537
1790358991.963638,1.5568950038868934
1790358991.9738293,1.6792159876786172
1790358991.975494,3.9474009827245027
1790358991.9769695,1.4550329942721874
1790358991.9795883,2.60984298074618
1790358991.981278,1.6795969859231263
1790358991.981892,1.5228459960781038
1790358991.9831583,1.2576900189742446
1790358991.9862962,1.27894600154832
1790358991.9884613,1.1140179994981736
1790358991.9950228,2.0441200176719576
1790358992.0021296,2.7489379863254726
1790358992.002225,2.1333420008886606
1790358992.0025895,1.6029590042307973
1790358992.0038962,1.2985400098841637
1790358992.0117214,1.679798006080091
1790358992.0146854,1.321491989074275
1790358992.0209875,1.4916319923941046
1790358992.021467,1.1954660003539175
1790358992.0227828,1.3074419985059649
1790358992.027611,1.4531430206261575
1790358992.033928,1.2274979962967336
1790358992.0455506,1.630691986065358
1790358992.0468347,1.2742230028379709
1790358992.048447,1.222676015459001
1790358992.056931,2.387158980127424
1790358992.0570872,1.9926849927287549
1790358992.061123,1.27549801254645
1790358992.0627663,1.2324770214036107
1790358992.0645404,1.1186990013811737
1790358992.066562,1.287343999138102
1790358992.071036,1.7987859901040792
1790358992.0809457,1.5446440083906054
1790358992.086723,1.6405009955633432
1790358992.0877962,1.9678779935929924
1790358992.0885448,1.806909975130111
1790358992.09236,1.7140340059995651
1790358992.0960546,1.987122988793999
1790358992.0963392,1.7640109872445464
1790358992.102307,1.654543011682108
1790358992.1057034,1.1906209983862936
1790358992.109897,1.3135920162312686
1790358992.1121259,1.4157519908621907
1790358992.116176,1.7819039931055158
1790358992.119236,1.273486006539315
1790358992.122066,2.545127004850656
1790358992.1230903,2.9606189928017557
1790358992.1250072,3.5171070194337517
1790358992.1253054,4.295352991903201
1790358992.1259007,1.995838014408946
1790358992.130666,2.227649005362764
1790358992.1319048,2.1619820035994053
1790358992.1326625,1.7974390066228807
1790358992.133368,1.4524160069413483
1790358992.1374953,1.2552690168377012
1790358992.1402977,1.7731089901644737
1790358992.147847,1.5695499896537513
1790358992.1534607,1.3586479763034731
1790358992.1609294,1.9823589827865362
1790358992.1650553,1.4578069967683405
1790358992.1719756,2.633930998854339
1790358992.1839216,2.25812999997288
1790358992.1879947,1.6600119997747242
1790358992.1955564,1.9366949854884297
1790358992.196052,1.4095969963818789
1790358992.1985002,1.3753300008829683
1790358992.204937,2.0644089963752776
1790358992.2124782,2.4718430067878217
1790358992.2126205,1.8694019818212837
1790358992.2191687,1.6403289919253439
1790358992.2260008,1.4907399890944362
1790358992.2300196,1.2715289776679128
1790358992.2316654,1.0907390096690506
1790358992.2534587,2.290517993969843
1790358992.2539232,1.3071240100543946
1790358992.260838,2.20384998829104
1790358992.2619095,2.414806018350646
1790358992.261969,1.6137849888764322
1790358992.2667282,1.306972000747919
1790358992.2842407,2.1074899996165186
1790358992.2936513,1.5700700168963522
1790358992.3086846,1.8537619907874614
1790358992.3259947,2.595764002762735
1790358992.3291638,1.9470039987936616
1790358992.33792,1.6917280154302716
1790358992.343006,1.6448939859401435
1790358992.3451326,1.2881740112788975
1790358992.3499944,1.2929700023960322
1790358992.351232,1.228312001330778
1790358992.3559995,1.5046019980218261
1790358992.3588903,1.3369079970289022
1790358992.3625698,1.8685910035856068
1790358992.3629868,1.2838880065828562
1790358992.3669205,1.2264119868632406
1790358992.3694718,1.6057539905887097
1790358992.3726919,1.350048027234152
1790358992.3771446,1.2524180056061596
1790358992.3818736,4.14992100559175
1790358992.3820357,3.881664015352726
1790358992.3821702,3.4002219908870757
1790358992.382692,2.098299009958282
1790358992.387805,1.4869690057821572
1790358992.3935905,1.4430739975068718
1790358992.394273,1.4906629803590477
1790358992.395508,1.1086570157203823
1790358992.4000232,1.3004710199311376
1790358992.400448,1.140731998020783
1790358992.4079664,1.8992330005858094
1790358992.408475,1.8421860004309565
1790358992.414607,1.947669981746003
1790358992.4146616,1.506086002336815
1790358992.4201725,1.6711430216673762
1790358992.4370384,1.6910010017454624
1790358992.439314,1.227069995366037
1790358992.4437923,1.1559520207811147
1790358992.4458654,1.3270929921418428
1790358992.4476564,1.3995080080348998
1790358992.448139,1.1850110022351146
1790358992.4500003,1.1575690004974604
1790358992.4550896,1.731622003717348
1790358992.458305,2.3729439999442548
1790358992.4596825,1.2654760212171823
1790358992.467784,1.9506409880705178
1790358992.4736133,1.7635870026424527
1790358992.4757268,1.4609879872296005
1790358992.4762645,1.294257992412895
1790358992.4773743,1.101531001040712
1790358992.4850187,2.0942430128343403
1790358992.4852467,3.601366013754159
1790358992.4862044,2.093345014145598
1790358992.4867067,1.1475769861135632
1790358992.4910097,1.7221490270458162
1790358992.491971,1.8034800013992935
1790358992.4931266,1.1445220152381808
1790358992.5132344,1.868004008429125
1790358992.5211823,2.6671130035538226
1790358992.5212467,2.034967008512467
1790358992.5234027,1.4627329946961254
1790358992.5238726,1.2222240038681775
1790358992.5287309,1.7873400065582246
1790358992.539412,1.9188509904779494
1790358992.539481,2.4991890240926296
1790358992.5407495,1.1665039928629994
1790358992.5455842,1.9074859737884253
1790358992.550526,1.4968530158512294
1790358992.576701,4.602096014423296
1790358992.5769267,3.9296579780057073
1790358992.5776138,2.922037005191669
1790358992.5801091,1.2561870098579675
1790358992.5927322,1.828514999942854
1790358992.594072,1.3286999892443419
1790358992.5953145,1.2344220012892038
1790358992.5964556,1.132874982431531
1790358992.599113,1.3773580139968544
1790358992.6018565,1.437709986930713
1790358992.602356,1.4704590139444917
1790358992.6199954,2.1288399875629693
1790358992.6236072,1.3666120066773146
1790358992.627771,1.2899280118290335
1790358992.6372514,3.840552002657205
1790358992.6381075,3.7136499886400998
1790358992.6381783,2.382776001468301
1790358992.650679,1.6652760095894337
1790358992.6580446,1.5930160006973892
1790358992.6588051,1.764618995366618
1790358992.6675138,1.781469996785745
1790358992.6679754,1.3521969958674163
1790358992.6924634,2.1631910058204085
1790358992.6977837,1.5873170050326735
1790358992.6995788,1.1599549907259643
1790358992.7035313,1.3901800266467035
1790358992.709787,1.2857200053986162
1790358992.7181752,3.5252989910077304
1790358992.7186742,3.446632996201515
1790358992.7191784,5.167385010281578
1790358992.719251,3.1268559978343546
1790358992.7223337,2.3574049992021173
1790358992.722399,1.7853419994935393
1790358992.7281244,1.451529999030754
1790358992.7289085,1.5496780106332153
1790358992.7396345,1.4026360004208982
1790358992.7476444,1.8603409989736974
1790358992.7540321,1.819613011321053
1790358992.755289,1.2467599881347269
1790358992.762399,1.6130120202433318
1790358992.779412,2.0298309973441064
1790358992.785265,2.5121150247287005
1790358992.7853487,3.205173008609563
1790358992.7894418,3.1618200009688735
1790358992.7901423,2.7858389948960394
1790358992.7902384,3.4882080217357725
1790358992.795243,1.5862160071264952
1790358992.8037055,2.1091859962325543
1790358992.813323,1.7459189984947443
1790358992.8148015,1.2525800266303122
1790358992.8390222,2.0421610097400844
1790358992.840463,1.3322230079211295
1790358992.84212,1.2474209943320602
1790358992.8516529,1.603606011485681
1790358992.878671,1.8077429849654436
1790358992.891212,1.8683189991861582
1790358992.8997457,1.854287984315306
1790358992.907633,3.032991982763633
1790358992.9079638,1.9277760002296418
1790358992.908034,2.8802189917769283
1790358992.913262,1.990529999602586
1790358992.9141364,1.8349259917158633
1790358992.923088,1.4130320050753653
1790358992.9268672,1.9531069847289473
1790358992.9319808,1.7431629821658134
1790358992.934479,1.5782290138304234
1790358992.9348838,2.6334849826525897
1790358992.940056,1.5766889846418053
1790358992.9401376,2.1451200009323657
1790358992.9516075,1.6341110167559236
1790358992.957081,1.339101989287883
1790358992.963767,1.573758985614404
1790358992.9656806,1.5660850040148944
1790358992.9670494,1.262009987840429
1790358992.9820695,2.245868992758915
1790358992.9835203,1.2683139939326793
1790358992.9909258,1.9659910176414996
1790358992.9912853,2.776798006379977
1790358992.9917462,3.8276179984677583
1790358993.0102587,2.1790369937662035
1790358993.026429,2.011903008678928
1790358993.0293198,1.2603700160980225
1790358993.037427,1.5311960014514625
1790358993.0386188,1.1820179934147745
1790358993.0399265,1.233278977451846
1790358993.0472562,1.479368977015838
1790358993.0498564,2.1126480132807046
1790358993.0550942,4.2516970133874565
1790358993.0552213,3.9244010113179684
1790358993.0558264,1.9961819925811142
1790358993.061724,1.1861440143547952
1790358993.0671425,1.3238179963082075
1790358993.0730402,2.0901270036119968
1790358993.074284,2.767564990790561
1790358993.074421,1.8002679862547666
1790358993.0833142,3.372815001057461
1790358993.0844502,3.073069005040452
1790358993.0845664,3.9627380028832704
1790358993.0861528,1.465989014832303
1790358993.0886965,1.170054980320856
1790358993.0959845,1.9063669897150248
1790358993.0976999,1.2548879894893616
1790358993.1019006,1.4753089926671237
1790358993.102383,1.4813719899393618
1790358993.1038485,1.052954001352191
1790358993.1081417,1.66664898279123
1790358993.1122074,1.807854016078636
1790358993.1186008,2.9802029894199222
1790358993.1189628,3.8041939842514694
1790358993.120268,1.6577229835093021
1790358993.1203337,3.1201280071400106
1790358993.1256359,1.4957799867261201
1790358993.1297526,1.1937509989365935
1790358993.139644,1.6937119944486767
1790358993.143639,2.135366987204179
1790358993.1483579,1.7184890166390687
1790358993.1518962,1.7698299780022353
1790358993.151948,2.4309529981110245
1790358993.1819408,2.4909799976740032
1790358993.1852086,5.1873990159947425
1790358993.1853635,3.237038996303454
1790358993.1854315,6.585219991393387
1790358993.1854854,4.450536012882367
1790358993.1913025,2.2925270022824407
1790358993.1918004,1.3611070171464235
1790358993.1930838,1.124255999457091
1790358993.2001944,1.7139510018751025
1790358993.2017045,1.4999609848018736
1790358993.207816,2.466043981257826
1790358993.2078707,2.080768026644364
1790358993.2110648,1.273294008569792
1790358993.2163522,1.409232005244121
1790358993.2254286,1.7057649965863675
1790358993.2270558,1.3551970187108964
1790358993.2305262,1.7862620006781071
1790358993.2313046,1.192263007396832
1790358993.240274,1.4563029981218278
1790358993.2417502,1.2397620012052357
1790358993.245879,1.217098004417494
1790358993.2473707,1.1751159909181297
1790358993.2495875,1.3161009992472827
1790358993.2544847,3.128459007712081
1790358993.25457,2.712912013521418
1790358993.2555006,1.5538579900749028
1790358993.261986,1.7154469969682395
1790358993.2661796,1.5536179998889565
1790358993.2695959,1.2694589968305081
1790358993.2747943,1.2560980103444308
1790358993.281041,1.515538984676823
1790358993.318231,1.9808770157396793
1790358993.3197594,1.4050120080355555
1790358993.3242803,1.4765840023756027
1790358993.3294203,1.5944719780236483
1790358993.329522,2.194205007981509
1790358993.3370643,1.9075869931839406
1790358993.339404,2.4408420140389353
1790358993.3396995,1.9352019880898297
1790358993.359927,1.7016479978337884
1790358993.3720324,2.1366080036386847
1790358993.3811307,1.6473150171805173
1790358993.40409,2.1513690007850528
1790358993.42198,1.6961399815045297
1790358993.428895,2.3268920194823295
1790358993.4300742,2.3010900185909122
1790358993.4345737,2.084239007672295
1790358993.4378629,2.1387339802458882
1790358993.4379964,3.0137569992803037
1790358993.444676,2.2268890170380473
1790358993.447093,2.3016720078885555
1790358993.449161,2.053218020591885
1790358993.4536154,2.354741998715326
1790358993.4591982,3.0822640110272914
1790358993.4620388,2.826242009177804
1790358993.4682238,2.1943739848211408
1790358993.4734862,2.479438000591472
1790358993.47679,2.287815004820004
1790358993.4777646,1.867894985480234
1790358993.4845238,2.4592700065113604
1790358993.4860938,2.651513001183048
1790358993.4866676,1.6078179760370404
1790358993.4961524,1.9107999978587031
1790358993.5058708,2.0944169955328107
1790358993.508404,2.0504329877439886
1790358993.5122354,1.9990710134152323
1790358993.5191069,2.352000999962911
1790358993.5281205,2.3059950035531074
1790358993.5306737,2.3836000182200223
1790358993.5314121,2.5362379965372384
1790358993.531696,2.0834280003327876
1790358993.53784,1.9134180038236082
1790358993.5451033,2.096938987961039
1790358993.546851,1.6069579869508743
1790358993.5518658,4.1013730224221945
1790358993.5519452,3.6483739968389273
1790358993.5532203,3.732940007466823
1790358993.5533006,2.3201040166895837
1790358993.564378,1.9398300210013986
1790358993.5743241,1.8535800045356154
1790358993.5873299,2.631602983456105
1790358993.5913749,1.794176991097629
1790358993.5968955,2.162477991078049
1790358993.604568,2.1184119977988303
1790358993.6046448,3.1316769891418517
1790358993.6272113,2.2466979862656444
1790358993.6292706,1.7482010007370263
1790358993.6390982,2.2824800107628107
1790358993.6432102,1.9869129755534232
1790358993.6525924,1.999859989155084
1790358993.6544898,1.8744840053841472
1790358993.6607306,1.6544529935345054
1790358993.6662297,1.6531040018890053
1790358993.678566,2.1184009965509176
1790358993.6834142,1.5161609917413443
1790358993.6839821,1.3698370021302253
1790358993.6851747,1.1086980230174959
1790358993.6886246,1.251923997187987
1790358993.6958117,2.2067659883759916
1790358993.7047741,4.135778988711536
1790358993.7048504,3.3649179968051612
1790358993.7049582,4.843964998144656
1790358993.7052937,2.9500939999707043
1790358993.7070537,1.1806449911091477
1790358993.7109022,1.4483430131804198
1790358993.7276945,2.0441910019144416
1790358993.7288008,2.101535996189341
1790358993.73318,1.4803950034547597
1790358993.739245,3.0065670143812895
1790358993.7395327,2.7604170027188957
1790358993.7399888,2.642192004714161
1790358993.7436442,1.311030995566398
1790358993.7450867,1.1873850016854703
1790358993.7465992,1.4188369968906045
1790358993.7530859,1.8292329914402217
1790358993.753628,1.2635540042538196
1790358993.7609606,1.5443669981323183
1790358993.761785,1.5261200023815036
1790358993.7646537,1.3891609851270914
1790358993.7692761,1.7552509962115437
1790358993.769394,2.3821529757697135
1790358993.7893612,1.6885179793462157
1790358993.7981534,3.229216003092006
1790358993.798514,2.3711549874860793
1790358993.7992988,1.7077259835787117
1790358993.8082554,1.502723986050114
1790358993.809723,1.3663769932463765
1790358993.8166223,1.9706379971466959
1790358993.8195164,1.2812729983124882
1790358993.8209877,1.131794007960707
1790358993.8225799,1.4335909800138324
1790358993.829724,1.477506011724472
1790358993.849725,3.661630005808547
1790358993.8507628,4.0260809764731675
1790358993.8512003,3.59656399814412
1790358993.8512573,4.0243969997391105
1790358993.8547208,1.2956710124853998
1790358993.8676746,1.5020600112620741
1790358993.8722477,1.9340970029588789
1790358993.8737757,1.2660050124395639
1790358993.8774996,1.8397499807178974
1790358993.8891885,1.6518030024599284
1790358993.8962123,1.9229210156481713
1790358993.8962858,2.510524995159358
1790358993.9036837,1.5617409953847528
1790358993.9062433,1.584507990628481
1790358993.9104834,2.3825709940865636
1790358993.9112067,3.742494009202346
1790358993.9113083,2.496430999599397
1790358993.9193892,1.5392809873446822
1790358993.9289892,1.59527498180978
1790358993.9528863,3.0060669814702123
1790358993.9536922,2.2498210018966347
1790358993.9564998,1.3262099819257855
1790358993.9656155,1.7606960027478635
1790358993.9775677,3.289553977083415
1790358993.977685,2.8801429725717753
1790358993.9838097,1.4519660035148263
1790358993.991678,1.6425270005129278
1790358993.9970205,1.5711910091340542
1790358994.0039518,1.5568780072499067
1790358994.016423,1.9793849787674844
1790358994.0282795,1.6263840079773217
1790358994.051265,1.8312580068595707
1790358994.0627332,4.680368001572788
1790358994.0639212,3.192473988747224
1790358994.0640385,5.257144017377868
1790358994.0640986,4.17107401881367
1790358994.0708466,1.5285089903045446
1790358994.0809224,1.5976919967215508
1790358994.0825574,1.383705995976925
1790358994.0858948,1.3881810009479523
1790358994.0946963,1.8802690028678626
1790358994.0989559,1.641078997636214
1790358994.0998034,1.5852979850023985
1790358994.1057796,1.551671011839062
1790358994.1093273,1.5282669919542968
1790358994.111799,1.2913620157632977
1790358994.1276355,1.7074239731300622
1790358994.1457825,1.7080540128517896
1790358994.1491203,1.4584099990315735
1790358994.1538286,1.5523339970968664
1790358994.15739,1.3652879861183465
1790358994.1639736,1.2628490221686661
1790358994.1707895,1.8556519935373217
1790358994.17315,1.7957139934878796
1790358994.1770687,1.4120219857431948
1790358994.1792746,1.3877309975214303
1790358994.1821322,2.004103997023776
1790358994.1830192,2.073098992696032
1790358994.190815,2.5049750111065805
1790358994.1908817,1.954912004293874
1790358994.1978786,1.3033970026299357
1790358994.201781,1.345079013844952
1790358994.215252,3.007452003657818
1790358994.218316,4.3855709955096245
1790358994.2189043,4.204177996143699
1790358994.2200966,3.216443001292646
1790358994.2201543,1.8288629944436252
1790358994.2252405,1.1952700151596218
1790358994.2283294,2.597665006760508
1790358994.2288852,2.147026010788977
1790358994.2331214,1.3488420227076858
1790358994.2555315,1.9975290051661432
1790358994.2583547,1.52025101124309
1790358994.263395,1.7080090183299035
1790358994.2715244,1.562736986670643
1790358994.277516,3.837318014120683
1790358994.2775917,2.9869480058550835
1790358994.2826905,1.8573729903437197
1790358994.2855642,2.8614969924092293
1790358994.2866826,2.478681009961292
1790358994.2867887,3.4945799852721393
1790358994.2891226,1.8491119844838977
1790358994.2943065,1.5529399970546365
1790358994.2971113,1.273070985917002
1790358994.2995248,1.6410289972554892
1790358994.3056014,2.119639015290886
1790358994.3061268,1.4419119979720563
1790358994.3216379,2.1549790108110756
1790358994.3263416,2.692428999580443
1790358994.328288,2.8411599923856556
1790358994.32836,2.4383740092162043
1790358994.3326683,2.8349350031930953
1790358994.333043,1.925251999637112
1790358994.3331132,2.6525800058152527
1790358994.338292,2.7568610094022006
1790358994.3383825,2.2454209974966943
1790358994.3399293,1.210344024002552
1790358994.347121,1.75008102087304
1790358994.373851,1.7187549965456128
1790358994.378288,1.325913006439805
1790358994.3841317,1.557014009449631
1790358994.3845341,1.1611279915086925
1790358994.3879194,1.3372210087254643
1790358994.3894396,1.2546729994937778
1790358994.395296,1.3213840138632804
1790358994.4013157,1.3769690121989697
1790358994.4060826,2.185151999583468
1790358994.406249,1.6519780037924647
1790358994.4068902,1.4506140141747892
1790358994.4124126,1.4472140173893422
1790358994.4136474,1.215785974636674
1790358994.4148793,1.094797975383699
1790358994.4230108,1.9197410147171468
1790358994.4243498,1.3291520008351654
1790358994.4273596,1.5359509852714837
1790358994.4386723,1.74198200693354
1790358994.4486814,3.158634004648775
1790358994.4488413,2.586584974778816
1790358994.4497018,1.4563080039806664
1790358994.4552238,1.3551590091083199
1790358994.45893,2.0865539845544845
1790358994.4593577,1.9709699845407158
1790358994.4614558,2.089274988975376
1790358994.461526,1.7277240112889558
1790358994.4658413,2.3948609887156636
1790358994.4700336,2.5704709987621754
1790358994.4789891,1.7980829870793968
1790358994.488619,2.0111260237172246
1790358994.4886932,2.644726017024368
1790358994.4908235,1.1936139781028032
1790358994.4962263,1.2473289971239865
1790358994.5133953,2.1518419962376356
1790358994.5147176,1.3127670099493116
1790358994.5233,2.2414860140997916
1790358994.5240142,1.8577660084702075
1790358994.5250504,1.1199969740118831
1790358994.5269756,1.081056019756943
1790358994.5374675,1.6502169892191887
1790358994.5495195,2.093768009217456
1790358994.5519116,1.5462829906027764
1790358994.553137,1.914009015308693
1790358994.5536635,1.5512620157096535
1790358994.555702,1.1482250120025128
1790358994.5591202,1.1383710079826415
1790358994.5702214,1.925775985000655
1790358994.5803094,2.379988000029698
1790358994.5809677,3.6316729965619743
1790358994.5818126,1.4765119994990528
1790358994.5833404,1.8544229969847947
1790358994.5982418,1.8933709943667054
1790358994.6066923,1.5687590057495981
1790358994.6122687,1.5290740120690316
1790358994.6179268,1.5093729889485985
1790358994.624564,1.8848300096578896
1790358994.6252584,1.8010030034929514
1790358994.6374774,1.8514829862397164
1790358994.6436594,2.1584919886663556
1790358994.6441107,1.2650229909922928
1790358994.6580322,1.7884450207930058
1790358994.6606624,1.8649350095074624
1790358994.6627266,1.3647159794345498
1790358994.671792,2.8165629773866385
1790358994.6727996,1.8709079886320978
1790358994.676487,1.213965006172657
1790358994.6944718,1.7116980161517859
1790358994.6957014,1.2200440105516464
1790358994.7125466,3.7964920047670603
1790358994.712722,3.234570991480723
1790358994.713393,1.7147150065284222
1790358994.7158935,1.7710969841573387
1790358994.717085,1.1804210080299526
1790358994.7259958,1.7107219900935888
1790358994.7272375,1.3523100060410798
1790358994.7393975,1.379258988890797
1790358994.7666783,1.9904630025848746
1790358994.7667534,2.6616639806888998
1790358994.7866037,3.5159880062565207
1790358994.7870066,2.8265230066608638
1790358994.787777,2.0722510234918445
1790358994.8060145,1.7452360189054161
1790358994.811621,1.665709016378969
1790358994.8181794,1.4700840110890567
1790358994.8331256,1.6970399883575737
1790358994.8332844,2.4377810186706483
1790358994.8369508,1.2644900125451386
1790358994.8473337,1.6546370170544833
1790358994.8485453,1.201936014695093
1790358994.8549569,1.3411400141194463
1790358994.8564103,1.2793719943147153
1790358994.8590438,1.32601399673149
1790358994.867815,1.7084070132113993
1790358994.8704534,1.5053789829835296
1790358994.8779216,1.8788139859680086
1790358994.8816757,1.2630499841179699
1790358994.8927252,1.840135984821245
1790358994.8993046,2.061881998088211
1790358994.9080844,1.6651629994157702
1790358994.9101179,1.5741220267955214
1790358994.9163828,1.6390880045946687
1790358994.9242942,1.5701100055593997
1790358994.9247968,1.5220670029520988
1790358994.9342973,2.0446309936232865
1790358994.9356508,1.2421690043993294
1790358994.9421825,1.431948010576889
1790358994.950675,1.6142509994097054
1790358994.953167,1.3169129961170256
1790358994.9561615,1.2521270255092531
1790358994.9569082,1.507651002611965
1790358994.9581017,1.082549977581948
1790358994.9681027,1.7979730037041008
1790358994.973921,1.532169000711292
1790358994.9795914,1.5323749976232648
1790358994.993654,1.7492299957666546
1790358995.0068572,2.069248992484063
1790358995.0114555,4.25096700200811
1790358995.0130298,3.733140998519957
1790358995.013127,5.327809980371967
1790358995.0134892,3.0326080159284174
1790358995.0145936,3.127725998638198
1790358995.015205,1.5809549950063229
1790358995.0179095,1.126496004872024
1790358995.0250764,1.8693209858611226
1790358995.0291932,2.7970630035270005
1790358995.0295267,2.252413978567347
1790358995.0295897,2.6721640024334192
1790358995.0326946,1.3853010023012757
1790358995.0402312,2.0044999837409705
1790358995.0411131,1.6028329846449196
1790358995.042839,1.506465021520853
1790358995.050422,2.552480000304058
1790358995.0506997,2.3272469989024103
1790358995.0512013,2.237362990854308
1790358995.0608442,1.5410449996124953
1790358995.061616,1.5153999847825617
1790358995.065474,1.2245939869899303
1790358995.0714006,1.5699799987487495
1790358995.078247,1.4584939926862717
1790358995.0864978,3.5152810160070658
1790358995.0865936,2.5963560037780553
1790358995.0866864,3.1253740016836673
1790358995.0930467,1.8156960140913725
1790358995.1012902,1.9436620059423149
1790358995.1055307,1.4250139938667417
1790358995.1090617,1.9441839831415564
1790358995.112086,1.307555998209864
1790358995.1148145,1.2562430056277663
1790358995.1168995,1.1524550209287554
1790358995.1210666,1.5491899976041168
1790358995.1292188,1.6330289945472032
1790358995.1399722,1.677143998676911
1790358995.1441042,2.1416409872472286
1790358995.153122,2.018783998209983
1790358995.159615,1.6114850004669279
1790358995.1669335,1.4889590092934668
1790358995.174436,2.588945993920788
1790358995.1805146,1.4269230014178902
1790358995.1839721,1.3313050149008632
1790358995.1867292,1.2360920081846416
1790358995.1942642,3.8640190032310784
1790358995.1943536,3.051812993362546
1790358995.1949294,3.534899005899206
1790358995.20469,1.5535050188191235
1790358995.2131119,1.5672000008635223
1790358995.2154338,1.1366299877408892
1790358995.2205973,1.6497269971296191
1790358995.2282283,1.8076570122502744
1790358995.23025,1.2502050085458905
1790358995.2332537,1.5899320133030415
1790358995.241043,1.457742997445166
1790358995.25041,2.9888980207033455
1790358995.250478,2.5831869861576706
1790358995.2564757,1.6542590165045112
1790358995.2620842,1.4886909921187907
1790358995.2660031,2.41900299442932
1790358995.2669618,2.1862490102648735
1790358995.2681606,1.1898099910467863
1790358995.271546,1.538187003461644
1790358995.2757604,1.1828839778900146
1790358995.2775571,1.2262289819773287
1790358995.2969632,4.749832995003089
1790358995.2973928,4.282872017938644
1790358995.2977188,2.3047889990266412
1790358995.3018627,1.5199769986793399
1790358995.304303,1.4265380159486085
1790358995.306601,1.3111529988236725
1790358995.3165677,1.9765059987548739
1790358995.3234565,1.3977010094095021
1790358995.3245947,1.1296120064798743
1790358995.326361,1.3708750193472952
1790358995.3276048,1.1471809993963689
1790358995.32887,1.059194008121267
1790358995.3318229,1.2081619934178889
1790358995.3410795,1.6397770086769015
1790358995.343755,2.5608889991417527
1790358995.344298,1.6262629942502826
1790358995.35372,1.6958430060185492
1790358995.3581624,1.504373998614028
1790358995.3684,1.5377930249087512
1790358995.3709352,1.7606319743208587
1790358995.3853579,1.7063800187315792
1790358995.3878183,1.4885920099914074
1790358995.3890076,1.1814759927801788
1790358995.3926382,1.4124729786999524
1790358995.3962216,1.4921539986971766
1790358995.3967524,1.4663430047221482
1790358995.3982127,1.4417539932765067
1790358995.4060345,2.1108450018800795
1790358995.4075072,1.4622970193158835
1790358995.4105153,1.3187500007916242
1790358995.4173872,2.900117018725723
1790358995.4175062,3.528077999362722
1790358995.4185827,2.382307022344321
1790358995.4198797,1.2877690023742616
1790358995.4298728,1.529244997072965
1790358995.4333532,1.8329750164411962
1790358995.4361253,2.0710990065708756
1790358995.436196,2.8258840029593557
1790358995.4399831,2.4065339821390808
1790358995.44082,2.7759000076912344
1790358995.4420896,2.093835995765403
1790358995.442998,2.0181470026727766
1790358995.4478245,2.109927008859813
1790358995.4479399,1.747536996845156
1790358995.4537802,1.5412220091093332
1790358995.459106,1.298410992603749
1790358995.4698281,2.1914970129728317
1790358995.471524,1.2655360042117536
1790358995.4896436,1.7082230187952518
1790358995.4958906,1.7123510187957436
1790358995.505872,1.559708995046094
1790358995.5076883,1.2339790118858218
1790358995.5230284,2.3307290102820843
1790358995.5318594,3.466525988187641
1790358995.53194,3.4579579951241612
1790358995.532546,1.341190014500171
1790358995.535383,2.1482180163729936
1790358995.5366392,1.7211819940712303
1790358995.5370634,2.561650995630771
1790358995.5371132,1.4578890113625675
1790358995.5383677,1.1034949857275933
1790358995.5453873,2.707374980673194
1790358995.5461047,2.9057539941277355
1790358995.546336,2.5502019852865487
1790358995.5476756,1.330055994912982
1790358995.5543504,1.5809019969310611
1790358995.5623198,1.592441985849291
1790358995.5661922,1.462338026612997
1790358995.5742435,1.4336929889395833
1790358995.585137,2.7285069809295237
1790358995.5855107,2.0831929869018495
1790358995.5979476,2.3735059949103743
1790358995.5988011,2.24522000644356
1790358995.6158178,2.2200070088729262
1790358995.6190827,1.593817985849455
1790358995.6196885,1.5773109917063266
1790358995.62721,1.410498982295394
1790358995.6302326,1.2440569989848882
1790358995.6361907,1.5042359882500023
1790358995.637829,1.2361569970380515
1790358995.63956,1.1380829964764416
1790358995.6428907,1.4995569945313036
1790358995.646224,1.3178640219848603
1790358995.6498837,1.2788150052074343
1790358995.6513822,1.1619339929893613
1790358995.6678565,1.656213979003951
1790358995.6720276,1.471606025006622
1790358995.6725507,1.383006980177015
1790358995.6794684,1.608841004781425
1790358995.6843064,1.8201019847765565
1790358995.6843667,2.45058600557968
1790358995.686881,1.7743390053510666
1790358995.6877136,1.2415790115483105
1790358995.6916673,1.191736984765157
1790358995.6981857,3.646932978881523
1790358995.698363,3.1866179779171944
1790358995.6984584,4.516861023148522
1790358995.6993816,1.91258400445804
1790358995.7047698,2.835897001205012
1790358995.704843,2.1674809977412224
1790358995.708163,1.6704070148989558
1790358995.7131538,1.4312540006358176
1790358995.7192295,1.3919500051997602
1790358995.720931,1.250834990059957
1790358995.731784,1.8937029817607254
1790358995.7360852,1.449729985324666
1790358995.741387,1.691826997557655
1790358995.7572477,5.596503993729129
1790358995.7574668,3.5683229798451066
1790358995.7577002,6.655517005128786
1790358995.7583127,2.2467540111392736
1790358995.7606606,1.5101939789019525
1790358995.765598,1.5247150149662048
1790358995.772651,1.5528069925494492
1790358995.7739508,1.2908770004287362
1790358995.804448,1.6067370015662163
1790358995.8109102,1.418389001628384
1790358995.8287206,1.8102459725923836
1790358995.8319225,1.57409900566563
1790358995.8378603,1.3245049922261387
1790358995.8453507,2.196017012465745
1790358995.8489547,2.339735976420343
1790358995.8490193,3.828481014352292
1790358995.850634,1.3714020024053752
1790358995.8545527,1.3400209718383849
1790358995.8661702,1.5566899965051562
1790358995.8688982,1.4103740104474127
1790358995.8790267,1.8441000138409436
1790358995.8875985,1.5950010274536908
1790358995.9169533,1.8919800058938563
1790358995.960698,2.254405990242958
1790358995.9625664,1.85287298518233
1790358995.9640663,1.4903379778843373
1790358995.9650383,1.8215979798696935
1790358995.9668138,1.659141998970881
1790358995.9677489,1.6511509893462062
1790358995.9749634,2.0639489812310785
1790358995.9806483,1.5735950146336108
1790358995.9885008,1.5922019956633449
1790358995.9903154,1.238919998286292
1790358996.001975,1.733823009999469
1790358996.0094266,1.9981109944637865
1790358996.0105426,2.4976330169010907
1790358996.0113752,1.206752989673987
1790358996.0148797,1.382709015160799
1790358996.0189536,1.1279100144747645
1790358996.026816,1.6393080004490912
1790358996.0371711,1.8394829821772873
1790358996.047693,2.306688984390348
1790358996.0485475,1.813679002225399
1790358996.0572448,1.4795750030316412
1790358996.061965,1.6106920083984733
1790358996.0674975,1.44141202326864
1790358996.0726497,1.3665599981322885
1790358996.0941315,2.785432996461168
1790358996.0950546,1.724077999824658
1790358996.1016304,1.719171996228397
1790358996.1022327,1.5283239772543311
1790358996.105091,1.293259992962703
1790358996.1114657,1.7702339973766357
1790358996.1139686,2.492403000360355
1790358996.1150687,2.018291997956112
1790358996.1151798,3.0111649830359966
1790358996.1168818,1.0636909864842892
1790358996.1272826,1.5342149999924004
1790358996.1289961,1.307933998759836
1790358996.137311,1.5915569965727627
1790358996.1387522,1.147311006207019
1790358996.1534138,2.485607983544469
1790358996.1591322,1.4206499909050763
1790358996.167042,2.037746016867459
1790358996.167979,1.4709999959450215
1790358996.1787865,1.8888110062107444
1790358996.184355,1.662233000388369
1790358996.1857011,1.251586974831298
1790358996.1962476,1.492707000579685
1790358996.1975183,2.100116020301357
1790358996.198263,1.8029040074907243
1790358996.2042048,1.4423870015889406
1790358996.218435,1.7117539828177541
1790358996.223393,1.4132100041024387
1790358996.2334967,1.9617840007413179
1790358996.2343042,1.6481000056955963
1790358996.2395396,2.3904070258140564
1790358996.2396178,2.9209890053607523
1790358996.2435231,1.9344399916008115
1790358996.2473302,1.2578809983097017
1790358996.250326,1.3847080117557198
1790358996.2569206,1.8954309925902635
1790358996.2624464,1.6142539971042424
1790358996.2657037,1.4066610019654036
1790358996.2826836,2.3318709863815457
1790358996.2841825,2.7908009942620993
1790358996.2842503,1.5529009979218245
1790358996.3174415,1.7849429859779775
1790358996.3209941,1.639399997657165
1790358996.327655,1.39025499811396
1790358996.3335483,1.3538560015149415
1790358996.3442147,1.6680349945090711
1790358996.346993,1.2645509850699455
1790358996.357565,1.627894991543144
1790358996.359268,1.5962790057528764
1790358996.3683178,1.6018360038287938
1790358996.378394,2.0701960020232946
1790358996.3787582,1.8580180185381323
1790358996.3909247,1.8000729905907065
1790358996.3950713,1.3953199959360063
1790358996.4086046,3.000391006935388
1790358996.4102583,3.382138005690649
1790358996.410651,2.7794470079243183
1790358996.4121497,1.8814869981724769
1790358996.4122505,3.4501070040278137
1790358996.4130418,1.723591994959861
1790358996.4167418,1.3227899908088148
1790358996.4371185,2.3124210129026324
1790358996.4388757,2.417006005998701
1790358996.4431345,2.9970399918965995
1790358996.4440076,1.94374899729155
1790358996.444623,1.3534769823309034
1790358996.4463615,1.4116109814494848
1790358996.4493113,2.084513020236045
1790358996.4584403,3.1263490091077983
1790358996.4591777,4.235170985339209
1790358996.4592884,2.8757590043824166
1790358996.4659598,1.7563830188009888
1790358996.4687567,1.7306219961028546
1790358996.4721923,1.9848939846269786
1790358996.4806328,2.1278500207699835
1790358996.4835937,1.538557989988476
1790358996.4876835,1.954241015482694
1790358996.4886312,1.8233040173072368
1790358996.5028648,1.921586022945121
1790358996.50704,1.6779099823907018
1790358996.520494,1.603167998837307
1790358996.5205786,2.2469700197689235
1790358996.5276558,1.4387909905053675
1790358996.5288064,1.2946939968969673
1790358996.538337,1.9664499850478023
1790358996.538981,1.4323130017146468
1790358996.5418403,1.298938994295895
1790358996.5434604,1.1417150089982897
1790358996.54678,1.174165983684361
1790358996.55099,1.296175003517419
1790358996.5642877,1.6138649953063577
1790358996.5666995,1.4921209949534386
1790358996.5796938,2.2150559816509485
1790358996.584322,2.608337003039196
1790358996.595799,1.6813249967526644
1790358996.6015317,1.4156780089251697
1790358996.610741,5.286902975058183
1790358996.6112185,6.485825986601412
1790358996.6115623,4.791860992554575
1790358996.611628,3.581222001230344
1790358996.625641,2.0376980246510357
1790358996.6401083,2.305525995325297
1790358996.650952,1.6190150054171681
1790358996.6591542,1.7255099955946207
1790358996.6734838,1.8313009932171553
1790358996.6758988,2.100798999890685
1790358996.6792161,4.513502994086593
1790358996.679324,3.4154840104747564
1790358996.6799693,1.5400369884446263
1790358996.6867049,3.1761249992996454
1790358996.6891277,3.567348001524806
1790358996.7005606,2.03659399994649
1790358996.7021334,1.2903269962407649
1790358996.706126,1.613400992937386
1790358996.7065609,1.1838109930977225
1790358996.7112284,1.544644997920841
1790358996.7174134,1.5314439951907843
1790358996.7216988,1.859187992522493
1790358996.7326963,1.7052110051736236
1790358996.7344217,1.2941809836775064
1790358996.7400954,1.456761994631961
1790358996.7406049,1.4831730222795159
1790358996.7451875,1.5315829950850457
1790358996.7469525,1.7535499937366694
1790358996.7507966,1.3624400016851723
1790358996.756048,1.2472249800339341
1790358996.7648964,1.8362449773121625
1790358996.767176,1.229281013365835
1790358996.771341,1.2523100012913346
1790358996.774902,1.2001080031041056
1790358996.7848573,1.8987439980264753
1790358996.7911127,1.4543930010404438
1790358996.793977,2.763030002824962
1790358996.7976468,1.611460989806801
1790358996.799877,1.2843559961766005
1790358996.8045168,1.2819789990317076
1790358996.8086958,1.6596089990343899
1790358996.8134592,1.493242016294971
1790358996.8140154,1.3644470018334687
1790358996.822074,1.59833999350667
1790358996.8233385,2.1279109932947904
1790358996.8529751,2.2844449849799275
1790358996.8555105,2.0795489836018533
1790358996.8579512,2.431360015179962
1790358996.858028,3.672335995361209
1790358996.860558,1.230221998412162
1790358996.8618202,1.254177012015134
1790358996.8639789,1.7560470150783658
1790358996.8786457,2.020317973801866
1790358996.8799787,1.322468975558877
1790358996.8935723,1.7991909990087152
1790358996.8969853,2.531237987568602
1790358996.8970802,1.8944210023619235
1790358996.898957,1.2633279839064926
1790358996.902105,1.3767070195171982
1790358996.9052405,1.420959975803271
1790358996.9070966,1.1836760095320642
1790358996.9136248,1.4717559970449656
1790358996.920703,1.3327360211405903
1790358996.9249067,1.4750970003660768
1790358996.9254649,1.2807169987354428
1790358996.9421747,1.7268150113523006
1790358996.9442878,1.748551003402099
1790358996.9453773,2.1904269815422595
1790358996.947749,1.2962140026502311
1790358996.949284,1.5261009975802153
1790358996.9569638,1.8995419959537685
1790358996.9570177,2.5581000081729144
1790358996.9628577,1.7990070045925677
1790358996.9641483,1.2798570096492767
1790358996.969633,1.420785003574565
1790358996.970215,1.52899298700504
1790358996.985985,1.6860209871083498
1790358996.989168,2.408564992947504
1790358996.9892344,1.8683609960135072
1790358996.990919,1.1376670154277235
1790358996.9978623,1.5961850003805012
1790358997.004072,1.3496109750121832
1790358997.0120754,1.8159559986088425
1790358997.0173037,1.4558409748133272
1790358997.0221334,1.936351996846497
1790358997.0334907,1.3887109817005694
1790358997.0353117,1.1729400139302015
1790358997.0449543,1.7252179968636483
1790358997.0477164,3.5742390027735382
1790358997.0496476,2.5189740117639303
1790358997.0501487,4.678074998082593
1790358997.0502234,2.181550982641056
1790358997.0517116,1.1461289832368493
1790358997.0558841,1.7230870143976063
1790358997.0640612,1.6759589780122042
1790358997.0658927,1.2155489821452647
1790358997.0766363,1.5038799901958555
1790358997.0834973,1.9451059924904257
1790358997.08741,1.8976349965669215
1790358997.0883317,1.703221001662314
1790358997.0942388,1.4777059841435403
1790358997.0964284,1.3485710078384727
1790358997.099913,1.3211460027378052
1790358997.1032622,1.2328449811320752
1790358997.1085637,1.6891529958229512
1790358997.10917,1.2837469985242933
1790358997.118709,1.964074996067211
1790358997.135588,2.0963679999113083
1790358997.1421192,1.51983299292624
1790358997.1474822,1.5443300071638077
1790358997.1486418,1.1504139984026551
1790358997.1520097,1.4884230040479451
1790358997.1594286,1.6367020143661648
1790358997.1622465,1.8544270133133978
1790358997.163012,1.7663890030235052
1790358997.1692638,2.6202030130662024
1790358997.169358,2.1851610217709094
1790358997.1775732,1.3754989777226
1790358997.1819706,1.259853015653789
1790358997.1847026,1.220163016114384
1790358997.1903825,2.3883590183686465
1790358997.1992629,2.1006320021115243
1790358997.1995294,1.8045920005533844
1790358997.2072473,1.9226589938625693
1790358997.2118049,1.4274840068537742
1790358997.2148535,1.1722279887180775
1790358997.216722,1.6173849871847779
1790358997.2171957,1.3207859883550555
1790358997.2218451,1.6029439866542816
1790358997.2283363,1.5897309931460768
1790358997.2302995,1.2061999877914786
1790358997.2377396,1.7122559947893023
1790358997.2530634,2.1252550068311393
1790358997.2545812,1.418161002220586
1790358997.2700167,1.6765939944889396
1790358997.2729712,1.984436996281147
1790358997.273847,1.7153059889096767
1790358997.2807472,2.5612679892219603
1790358997.284674,3.4930350084323436
1790358997.2849822,4.673289979109541
1790358997.2851908,5.251584021607414
1790358997.286585,3.5532810143195093
1790358997.2871172,2.9191359935794026
1790358997.2871695,1.8880589923355728
1790358997.2921116,1.49267099914141
1790358997.2926972,1.4749070105608553
1790358997.2953022,1.5022860025055707
1790358997.3024642,1.5097040159162134
1790358997.308236,1.7365999810863286
1790358997.3117368,1.6075620078481734
1790358997.313274,1.303333992836997
1790358997.320909,1.3258590188343078
1790358997.3264103,1.7906700086314231
1790358997.3279688,1.3123230019118637
1790358997.3391175,3.15186899388209
1790358997.3401926,3.6809610028285533
1790358997.3428473,3.315900976303965
1790358997.3429928,4.896691010799259
1790358997.3444598,2.5634999910835177
1790358997.345227,1.9931159913539886
1790358997.3470366,1.1899879900738597
1790358997.351757,1.15407002158463
1790358997.3594775,1.4809110143687576
1790358997.364522,1.331550010945648
1790358997.366255,1.2955820129718632
1790358997.3692389,2.972277987282723
1790358997.3693469,2.519331988878548
1790358997.3704786,2.5539519847370684
1790358997.370756,3.1710100010968745
1790358997.3784275,1.5982380136847496
1790358997.3824742,1.4227679930627346
1790358997.3837204,1.2372679775580764
1790358997.389327,1.7862370004877448
1790358997.3997378,1.6672579804435372
1790358997.400941,1.1937929957639426
1790358997.4256513,1.8187480163760483
1790358997.4318311,1.5906880144029856
1790358997.4494321,2.974075003294274
1790358997.450258,3.2565610017627478
1790358997.4509995,1.2071749952156097
1790358997.457703,1.8760239763651043
1790358997.4704564,2.100223005982116
1790358997.4705265,2.9189630004111677
1790358997.4833508,1.715711987344548
1790358997.494567,1.6763739986345172
1790358997.4964228,1.3000890030525625
1790358997.5095866,1.5414959925692528
1790358997.5180588,2.9789199761580676
1790358997.518975,2.2673759958706796
1790358997.519049,3.8500110094901174
1790358997.5206745,1.373061997583136
1790358997.529997,2.400696015683934
1790358997.5317495,1.5248910058289766
1790358997.534981,1.393768994603306
1790358997.5370867,1.115243008825928
1790358997.5401618,1.4062199916224927
1790358997.5419772,1.184227003250271
1790358997.544888,1.3177540095057338
1790358997.5588434,1.6542170196771622
1790358997.5658147,1.4264399942476302
1790358997.570947,2.432437991956249
1790358997.5715222,2.1239409979898483
1790358997.572327,2.066713001113385
1790358997.5798564,1.2366590090095997
1790358997.5829818,1.6293649969156832
1790358997.5909982,1.5555690042674541
1790358997.6003983,2.7373729972168803
1790358997.6006343,2.904483990278095
1790358997.6026616,1.4727859816048294
1790358997.6254635,1.7516330117359757
1790358997.6445148,2.063646010356024
1790358997.6474454,1.4351790014188737
1790358997.6590207,1.5519820153713226
1790358997.6636388,2.1195389854256064
1790358997.667728,1.4173570089042187
1790358997.6747963,2.731371991103515
1790358997.675178,2.0956550142727792
1790358997.6752553,2.721222990658134
1790358997.6777956,1.4724429929628968
1790358997.6858318,1.296911999816075
1790358997.708525,1.7974319925997406
1790358997.7131398,1.537963980808854
1790358997.720776,3.0715669854544103
1790358997.7210877,2.790735976304859
1790358997.7213616,1.8753479816950858
1790358997.7321105,1.9702200079336762
1790358997.735125,1.272845984203741
1790358997.73728,1.2438060075510293
1790358997.7512755,1.685297000221908
1790358997.7568426,1.8611150153446943
1790358997.772117,1.8018659902736545
1790358997.7772925,1.4557339891325682
1790358997.7805312,1.4894859923515469
1790358997.7826326,1.9849899981636554
1790358997.7830691,1.3046750100329518
1790358997.7852876,1.3291070063132793
1790358997.8030415,3.4934949944727123
1790358997.80362,1.8890899955295026
1790358997.806405,1.3070760178379714
1790358997.8185897,1.9667699816636741
1790358997.8224902,2.363203006098047
1790358997.823339,1.943076989846304
1790358997.8249428,1.2188330001663417
1790358997.8326156,1.3068919943179935
1790358997.8363063,1.303227007156238
1790358997.8392112,2.130173990735784
1790358997.8406367,2.581498003564775
1790358997.84097,3.3386439899913967
1790358997.8414843,2.040451974608004
1790358997.843793,1.1953339853789657
1790358997.8468125,1.6555989859625697
1790358997.8505182,1.4427619753405452
1790358997.8743403,1.7162139993160963
1790358997.8819172,2.319191989954561
1790358997.8820453,3.1599689973518252
1790358997.8846061,1.3706219906453043
1790358997.8866231,1.1273720010649413
1790358997.8885102,1.220320991706103
1790358997.8905203,1.1444349947851151
1790358997.9038067,1.6042509814724326
1790358997.9154174,2.20643199281767
1790358997.9165206,1.6880430048331618
1790358997.9195518,1.2958559964317828
1790358997.9199777,1.2859019916504622
1790358997.924046,1.5138199960347265
1790358997.9442654,1.9439909956417978
1790358997.9478688,1.9757740083150566
1790358997.9479618,1.5678319905418903
1790358997.9557436,1.525583997135982
1790358997.9653683,1.6623659757897258
1790358997.9741776,2.309631003299728
1790358997.9746501,1.383385999361053
1790358997.9796612,1.1954949877690524
1790358997.9894047,1.5303950058296323
1790358998.0049489,2.583302994025871
1790358998.0050178,1.998113002628088
1790358998.0168512,2.6331629778724164
1790358998.0169122,1.866812992375344
1790358998.0209525,1.1849459842778742
1790358998.0246484,1.1270340182818472
1790358998.0276248,1.3418459857348353
1790358998.0345337,1.6391240060329437
1790358998.0483189,2.1602050110232085
1790358998.0524743,2.2228320012800395
1790358998.053661,2.707185019971803
1790358998.0537257,1.994792983168736
1790358998.0563333,1.1481440160423517
1790358998.0662954,1.599231007276103
1790358998.0781043,3.66686302004382
1790358998.0820708,1.5298500075004995
1790358998.0860152,1.7192059895023704
1790358998.0890117,2.285884984303266
1790358998.0893703,3.1906650110613555
1790358998.0894508,2.1610420080833137
1790358998.0970128,1.5226769901346415
1790358998.106266,2.15496399323456
1790358998.1065352,1.9197020155843347
1790358998.1144218,1.4516920200549066
1790358998.118425,1.601366006070748
1790358998.1199405,1.5041750157251954
1790358998.1317961,1.7168229969684035
1790358998.133255,1.2264490069355816
1790358998.1372101,1.3656759983859956
1790358998.1413474,1.411368983099237
1790358998.1478298,1.4735629956703633
1790358998.149177,1.1978489928878844
1790358998.1516392,2.0193909876979887
1790358998.1523354,2.2852580004837364
1790358998.1555924,1.8001649877987802
1790358998.155829,1.584704004926607
1790358998.1680925,2.562170004239306
1790358998.1682105,3.2261690066661686
1790358998.169201,1.8275610054843128
1790358998.1713443,1.2413469958119094
1790358998.17226,1.5937669959384948
1790358998.1793041,2.0458220096770674
1790358998.1849988,3.021723998244852
1790358998.1850996,3.665681986603886
1790358998.1858294,2.162196993594989
1790358998.1885283,1.1617569834925234
1790358998.1938741,1.7383260128553957
1790358998.1945124,1.3572410098277032
1790358998.201049,1.5219440101645887
1790358998.219006,1.8901150033343583
1790358998.2300324,2.4981980095617473
1790358998.231218,1.6158579965122044
1790358998.2316644,1.2292519968468696
1790358998.2339141,1.2608119868673384
1790358998.241192,1.359418994979933
1790358998.2454798,1.6746180190239102
1790358998.2460732,1.6764190222602338
1790358998.247447,1.1838799982797354
1790358998.2500231,1.824929000576958
1790358998.2500837,2.27223799447529
1790358998.2567866,1.693366008112207
1790358998.2589285,1.3386039936449379
1790358998.2629442,1.326048979535699
1790358998.2717893,1.500899001257494
1790358998.2746072,1.3601119862869382
1790358998.27808,1.5017339901532978
1790358998.289402,2.359739999519661
1790358998.31151,6.288020027568564
1790358998.311626,3.7191800074651837
1790358998.3167007,3.2146739831659943
1790358998.3175473,2.4937150010373443
1790358998.3234951,2.2994539758656174
1790358998.3280523,2.1698069758713245
1790358998.3322916,2.112385001964867
1790358998.3496292,2.0317810121923685
1790358998.3530703,2.419750002445653
1790358998.353377,2.3150639899540693
1790358998.364245,2.6422560040373355
1790358998.3643217,2.1165120124351233
1790358998.382254,3.6270370183046907
1790358998.3834813,1.8973269907291979
1790358998.3894136,2.0326939993537962
1790358998.4010117,2.982167003210634
1790358998.4011114,4.136951989494264
1790358998.4072216,1.6531260043848306
1790358998.4192607,2.1182160126045346
1790358998.4329169,2.299728977959603
1790358998.4350848,1.3528249983210117
1790358998.437629,1.4737470191903412
1790358998.440059,1.2588380195666105
1790358998.4406145,1.246357016498223
1790358998.4494019,1.7166479956358671
1790358998.4579778,2.4991419923026115
1790358998.4587567,1.2880130088888109
1790358998.4813457,1.5866569883655757
1790358998.4888146,1.3848230009898543
1790358998.494933,1.3126709964126348
1790358998.4969504,1.874577981652692
1790358998.4978113,1.6554119938518852
1790358998.52383,2.3592229990754277
1790358998.536184,2.9246780031826347
1790358998.5365362,2.616462006699294
1790358998.536608,1.8981480097863823
1790358998.5417564,1.3068289845250547
1790358998.5435581,1.1196209816262126
1790358998.546763,1.5192119753919542
1790358998.548012,1.9785669865086675
1790358998.5492616,1.1474659841042012
1790358998.567799,1.6801099991425872
1790358998.5835042,5.438759020762518
1790358998.591008,7.356860005529597
1790358998.591232,6.331324984785169
1790358998.591353,9.144072013441473
1790358998.5932868,4.623529006494209
1790358998.5971107,2.5956910103559494
1790358998.6075103,2.5576849875506014
1790358998.6083412,1.9615500059444457
1790358998.6188586,1.9653869967442006
1790358998.623352,3.5851709835696965
1790358998.623744,3.331296000396833
1790358998.6238215,2.710163011215627
1790358998.6293054,2.447399019729346
1790358998.631811,2.3142780119087547
1790358998.6391773,2.3019509972073138
1790358998.647447,2.1206889941822737
1790358998.6480355,1.5527640061918646
1790358998.6524923,3.3461620041634887
1790358998.6525784,2.832086000125855
1790358998.6560025,2.1946589986328036
1790358998.6624763,1.8973239930346608
1790358998.6671526,1.916396984597668
1790358998.67048,1.7895109776873142
1790358998.6788352,2.1509389916900545
1790358998.6794205,1.7995709786191583
1790358998.6807458,1.3153190084267408
1790358998.693666,2.352622977923602
1790358998.6999521,2.3768770042806864
1790358998.715442,2.2634219785686582
1790358998.7169921,1.5379049873445183
1790358998.7197409,1.6202109982259572
1790358998.7295609,2.145062026102096
1790358998.7334914,2.6421750080771744
1790358998.7371147,2.139953023288399
1790358998.7468328,5.757764010922983
1790358998.747227,4.201875010039657
1790358998.7473261,4.907213995466009
1790358998.748338,2.284735004650429
1790358998.7586048,2.767135010799393
1790358998.7745574,2.134528011083603
1790358998.7788088,1.7160300048999488
1790358998.779706,1.9346429908182472
1790358998.784547,1.4494530041702092
1790358998.790511,2.0515100040938705
1790358998.7936478,1.8974330159835517
1790358998.7994523,2.261396002722904
1790358998.8035996,1.921135000884533
1790358998.8055255,1.6197229851968586
1790358998.807873,1.7949769971892238
1790358998.8131325,1.677933003520593
1790358998.825221,1.6917930042836815
1790358998.8286352,1.357337983790785
1790358998.8346539,2.5373649841640145
1790358998.8348165,3.183671011356637
1790358998.8367136,1.375791005557403
1790358998.8447306,1.5151680272538215
1790358998.8448007,2.118420001352206
1790358998.8821445,1.9102320075035095
1790358998.8850598,2.3158139956649393
1790358998.8943706,3.359852998983115
1790358998.8946598,3.5747050133068115
1790358998.8950753,2.4836800002958626
1790358998.89737,1.4326789823826402
1790358998.9136894,1.7527320014778525
1790358998.9170337,1.8821050180122256
1790358998.9204054,1.3913220027461648
1790358998.9265847,1.4334160077851266
1790358998.9299774,1.3535030011553317
1790358998.9479475,3.280568984337151
1790358998.9484859,2.164887002436444
1790358998.957292,3.159742016578093
1790358998.957367,2.6073469780385494
1790358998.9593658,1.1308460088912398
1790358998.964256,1.3035390002187341
1790358998.971505,1.4634430117439479
1790358998.9884753,2.745225006947294
1790358998.989003,1.8794169882312417
1790358998.9930737,2.6877900236286223
1790358999.0102632,2.440431999275461
1790358999.0181434,2.662539976881817
1790358999.018221,2.582761022495106
1790358999.0300086,1.6780270088929683
1790358999.0421677,1.9252390193287283
1790358999.0445888,1.5437330002896488
1790358999.0563445,3.933920990675688
1790358999.0725234,3.361551003763452
1790358999.0735905,3.4440210147295147
1790358999.07365,2.5756830000318587
1790358999.0750232,1.2020720168948174
1790358999.0815084,1.324259996181354
1790358999.097007,2.2303069999907166
1790358999.1028132,2.282528002979234
1790358999.1047878,1.9619700033217669
1790358999.1060662,1.2663319939747453
1790358999.113935,2.3107220185920596
1790358999.1200862,3.4933569841086864
1790358999.1236403,5.945483018876985
1790358999.1241908,4.79306498891674
1790358999.12523,3.7563849764410406
1790358999.1292424,1.5830710181035101
1790358999.135395,3.1129819981288165
1790358999.1419055,1.8538190051913261
1790358999.1436248,1.31024798611179
1790358999.1447623,1.1289289977867156
1790358999.1558728,2.5459169992245734
1790358999.1560814,2.087870001560077
1790358999.1589215,2.3326840018853545
1790358999.160289,1.8429030023980886
1790358999.1610909,2.0206840126775205
1790358999.164116,2.335747005417943
1790358999.1678011,1.2635499879252166
1790358999.1791472,2.164084027754143
1790358999.193891,3.7817429983988404
1790358999.1958237,5.626414000289515
1790358999.2030048,2.376188989728689
1790358999.2038484,2.4269740097224712
1790358999.205263,1.2033689999952912
1790358999.2101483,1.4768969849683344
1790358999.2115963,1.3438239984679967
1790358999.2156892,1.189937989693135
1790358999.224487,2.894806006224826
1790358999.2379208,1.7065699794329703
1790358999.243892,5.230387992924079
1790358999.2459102,4.959698009770364
1790358999.246626,2.7228860126342624
1790358999.2469637,1.397647021804005
1790358999.2500665,1.8553510017227381
1790358999.2510257,1.4397589839063585
1790358999.2602384,1.6100100183393806
1790358999.2619295,1.2612120190169662
1790358999.264389,1.1407970159780234
1790358999.2674644,1.2425739842001349
1790358999.2689483,1.2538839946500957
1790358999.271092,1.1661750031635165
1790358999.2735112,1.3432700070552528
1790358999.2749803,1.1521310079842806
1790358999.277756,1.2106409994885325
1790358999.2828186,1.7251679964829236
1790358999.2887075,1.869342988356948
1790358999.2896028,1.7196190019603819
1790358999.290366,1.3820510066580027
1790358999.293555,1.3139700167812407
1790358999.2962418,2.0147920004092157
1790358999.2963057,1.621540985070169
1790358999.3000176,1.6152419848367572
1790358999.3147714,1.6824769845698029
1790358999.3166459,1.8622300121933222
1790358999.326277,1.9967829866800457
1790358999.3267362,1.5153370040934533
1790358999.3365917,1.569524989463389
1790358999.3399704,1.5454019885510206
1790358999.347092,1.540016004582867
1790358999.3514555,1.9004610076081008
1790358999.3523862,2.9929679876659065
1790358999.3532026,1.2546660145744681
1790358999.3564098,2.970959001686424
1790358999.3574634,3.5572019987739623
1790358999.3575547,3.0486460018437356
1790358999.358022,1.6026920056901872
1790358999.364637,1.6003359924070537
1790358999.3647478,2.2237430093809962
1790358999.372403,2.2880810138303787
1790358999.3732438,1.44731902400963
1790358999.3833385,2.1508770005311817
1790358999.3900764,1.592054992215708
1790358999.3901722,2.2177860082592815
1790358999.3944204,1.7916820070240647
1790358999.395173,1.1986079916823655
1790358999.408112,2.8046850056853145
1790358999.4274952,1.7294730059802532
1790358999.4279983,1.328049023868516
1790358999.429922,1.3988190039526671
1790358999.4343412,1.6469520051032305
1790358999.434409,2.297325001563877
1790358999.4453695,1.3901569764129817
1790358999.447733,1.2493210087995976
1790358999.4501054,1.2062829919159412
1790358999.4547076,1.4377259940374643
1790358999.4658856,1.7024330154526979
1790358999.469115,2.153715002350509
1790358999.4750044,2.337173995329067
1790358999.4760141,2.0266229985281825
1790358999.4760675,2.6216109981760383
1790358999.4850686,2.564006979810074
1790358999.4859154,2.0755479927174747
1790358999.4860036,2.6684369950089604
1790358999.4943109,1.4027510187588632
1790358999.4963667,1.5343609848059714
1790358999.505865,1.3812399993184954
1790358999.50757,1.365517993690446
1790358999.5080862,1.2179629993624985
1790358999.5165606,4.728430998511612
1790358999.5166423,5.365622986573726
1790358999.516712,5.81267400411889
1790358999.5175312,3.9030529733281583
1790358999.5236788,1.9979309872724116
1790358999.5260537,1.1930580076295882
1790358999.5356376,1.6131520096678287
1790358999.5415628,1.3407410006038845
1790358999.5560055,2.3223190219141543
1790358999.5563192,3.1984589877538383
1790358999.5599663,1.1338710028212517
1790358999.5628712,1.5173669962678105
1790358999.5691328,1.5334950003307313
1790358999.5879169,1.7182280134875327
1790358999.593625,1.6624430136289448
1790358999.5967727,1.6853980196174234
1790358999.6190166,1.986382994800806
1790358999.6244016,1.466481975512579
1790358999.642442,2.521927992347628
1790358999.6453674,2.0825430110562593
1790358999.6454434,2.6274750125594437
1790358999.6458607,1.845922990469262
1790358999.6572912,1.5328490117099136
1790358999.658326,1.7891430179588497
1790358999.6589608,1.3825779897160828
1790358999.66029,1.1821190128102899
1790358999.662757,1.253314025234431
1790358999.6690316,1.7023470136336982
1790358999.6739717,1.6131419979501516
1790358999.677859,2.2388509823940694
1790358999.6793017,2.6649509964045137
1790358999.6793659,1.962568989256397
1790358999.6796565,1.419505017111078
1790358999.691059,1.5146469813771546
1790358999.6967816,1.8904750177171081
1790358999.7009616,1.6031689883675426
1790358999.707833,1.4025860000401735
1790358999.708727,1.5753010229673237
1790358999.7110667,1.311405998421833
1790358999.7251606,2.4119919980876148
1790358999.7259343,2.6898809883277863
1790358999.7271044,1.5573010023217648
1790358999.7295015,2.3874200123827904
1790358999.729564,1.679604989476502
1790358999.7331371,1.508848974481225
1790358999.7374682,1.2407689937390387
1790358999.742794,1.6530480061192065
1790358999.7456229,1.2466940097510815
1790358999.7612684,1.5869930211920291
1790358999.7896748,2.7908390038646758
1790358999.790804,2.104615996358916
1790358999.7920527,1.2399939878378063
1790358999.7998047,1.3010900001972914
1790358999.8029442,2.1857949905097485
1790358999.8043902,1.338723988737911
1790358999.8252969,2.4791549949441105
1790358999.8265681,2.060655999230221
1790358999.8266237,2.5992369919549674
1790358999.8278668,1.1328349937684834
1790358999.8378823,4.203907999908552
1790358999.8379617,4.194588982500136
1790358999.8380797,3.062530013266951
1790358999.8391228,2.4645529920235276
1790358999.8391845,3.3214100112672895
1790358999.8484461,2.8874920099042356
1790358999.8485146,2.4349600134883076
1790358999.8624277,2.1644409862346947
1790358999.8658977,1.9267830066382885
1790358999.8696773,1.8165080109611154
1790358999.870152,1.2800110271200538
1790358999.8767552,1.364773022942245
1790358999.8854625,1.5775180072523654
1790358999.8986263,3.3380980021320283
1790358999.9022768,1.81247599539347
1790358999.9023514,2.4699129862710834
1790358999.90793,1.3382979959715158
1790358999.9151192,1.5532630204688758
1790358999.9223256,1.6905450029298663
1790358999.9295356,2.03033399884589
1790358999.930432,1.7072000191546977
1790358999.9442744,1.812699978472665
1790358999.9547749,1.6718320257496089
1790358999.957532,1.8344019772484899
1790358999.9704778,2.4047780025284737
1790358999.970743,2.097544987918809
1790358999.9763434,1.7195190011989325
1790358999.9764276,2.3003350070212036
1790358999.9789865,1.1670250096358359
1790358999.9810271,1.1383960081730038
1790358999.9843426,1.4856730122119188
1790358999.9848976,1.2787479790858924
1790358999.985976,1.0693880030885339
1790358999.9913063,1.5267760027199984
1790358999.9938543,1.6615419881418347
1790358999.9966137,1.367682998534292
1790359000.008313,1.5636890020687133
1790359000.0152042,1.5040430007502437
1790359000.029393,2.911765011958778
1790359000.0296745,2.4476769904140383
1790359000.0310695,1.215411990415305
1790359000.0328183,1.3468120014294982
1790359000.0386674,2.9353059944696724
1790359000.039556,1.9494199950713664
1790359000.0396426,3.2874099852051586
1790359000.046001,1.2308330042287707
1790359000.0570447,1.568567007780075
1790359000.06121,1.3187029981054366
1790359000.064815,1.9806369964499027
1790359000.0793736,1.5907739871181548
1790359000.0875654,1.6825899947434664
1790359000.0962417,1.4611000078730285
1790359000.0984154,1.2692119926214218
1790359000.1046581,1.4595169923268259
1790359000.1118085,2.253667975310236
1790359000.11208,3.428184980293736
1790359000.1142716,1.6024709912016988
1790359000.1179621,1.3793879770673811
1790359000.1205678,1.2123409833293408
1790359000.1217551,1.0991489980369806
1790359000.1299584,1.7536839877720922
1790359000.132269,1.2692039890680462
1790359000.1431644,2.125314000295475
1790359000.1533155,1.7186810146085918
1790359000.1586921,1.3947739789728075
1790359000.1603312,1.1635039991233498
1790359000.177704,2.5110699934884906
1790359000.177997,2.1284619870129973
1790359000.1798487,1.7587349866516888
1790359000.180593,1.400832989020273
1790359000.187709,1.6078120097517967
1790359000.195733,1.5089029911905527
1790359000.203331,1.6501270001754165
1790359000.207357,1.9867480150423944
1790359000.2074904,2.607165020890534
1790359000.2083182,2.0000090007670224
1790359000.2088156,1.2164550134912133
1790359000.214848,1.7199679859913886
1790359000.2159357,1.9006140064448118
1790359000.2205706,1.395752013195306
1790359000.2263596,1.4880770177114755
1790359000.2533834,2.2146269911900163
1790359000.253454,3.0717070039827377
1790359000.2561932,1.4486800064332783
1790359000.257412,1.2093149998690933
1790359000.2629297,1.9085209933109581
1790359000.273161,2.310115989530459
1790359000.2740254,1.2680910003837198
1790359000.275445,1.1120830022264272
1790359000.2766678,1.0583119874354452
1790359000.2874415,1.5618439938407391
1790359000.299744,1.9441869808360934
1790359000.3095822,1.6612790059298277
1790359000.3131468,2.087122993543744
1790359000.3136904,1.5444250020664185
1790359000.3212075,1.9079020130448043
1790359000.3239055,2.088245004415512
1790359000.329089,2.9875870095565915
1790359000.3291566,3.556164010660723
1790359000.3300033,5.020905984565616
1790359000.330062,3.128567012026906
1790359000.3346672,1.3570489827543497
1790359000.340279,1.4129530172795057
1790359000.3446546,1.3703479780815542
1790359000.346424,1.1994039814453572
1790359000.3525724,1.5327440050896257
1790359000.361636,2.223054994828999
1790359000.361697,2.8648939915001392
1790359000.368996,2.173699002014473
1790359000.3699152,1.8942710012197495
1790359000.3727148,1.4336959866341203
1790359000.3812091,1.3632009795401245
1790359000.3830948,1.448811002774164
1790359000.3900077,1.6399800078943372
1790359000.3912952,1.178770005935803
1790359000.3934162,1.3168109871912748
1790359000.3961444,1.0969199938699603
1790359000.4044309,1.856788992881775
1790359000.4196377,1.9792910024989396
1790359000.4273016,1.5872709918767214
1790359000.4357822,1.7691340181045234
1790359000.4500449,1.7589490162208676
1790359000.4530275,1.791252987459302
1790359000.4651968,1.7653430113568902
1790359000.4657013,1.4654349943157285
1790359000.474132,2.327885013073683
1790359000.4829535,2.021104999585077
1790359000.488885,1.3305120228324085
1790359000.4902763,1.2674749887082726
1790359000.507891,2.92409400572069
1790359000.5100873,3.674645005958155
1790359000.5115328,3.1558889895677567
1790359000.5117888,2.719461976084858
1790359000.512381,1.9869219977408648
1790359000.5188653,1.9723860023077577
1790359000.5191557,1.6513760201632977
1790359000.5259938,1.4063449925743043
1790359000.5285838,1.291609980398789
1790359000.5305164,1.1769900156650692
1790359000.5401404,2.117818017723039
1790359000.551291,1.9543489906936884
1790359000.5527647,1.462965999962762
1790359000.5637374,2.7181940095033497
1790359000.56381,2.201486990088597
1790359000.571896,1.496039010817185
1790359000.5854862,3.0234080040827394
1790359000.5862234,1.5611039998475462
1790359000.5907476,2.4160899920389056
1790359000.591716,2.29724298696965
1790359000.5918014,1.71806599246338
1790359000.5961106,1.5717640053480864
1790359000.598615,1.4339220069814473
1790359000.6003714,1.5597229939885437
1790359000.6239052,2.2011519758962095
1790359000.6243482,1.3352130190469325
1790359000.6355042,1.5527060022577643
1790359000.6424432,1.6600459930486977
1790359000.6432796,1.654088991926983
1790359000.6460881,2.2979950008448213
1790359000.6502597,2.034340985119343
1790359000.6555815,1.6831239918246865
1790359000.6674364,1.5875090030021966
1790359000.6724489,1.4950910117477179
1790359000.674508,1.3168200093787163
1790359000.678971,1.451081014238298
1790359000.6830068,1.7406779807060957
1790359000.6922977,1.6176799836102873
1790359000.6998527,1.856193004641682
1790359000.7006984,1.7598620033822954
1790359000.7063353,1.2660490174312145
1790359000.7244713,1.6867440135683864
1790359000.7333062,1.5960430027917027
1790359000.7395897,1.6855690046213567
1790359000.7443871,2.021586988121271
1790359000.747714,2.3193870147224516
1790359000.7542312,2.7394560165703297
1790359000.7705185,1.9399239972699434
1790359000.7738748,1.4618489949498326
1790359000.7823334,2.0092180056963116
1790359000.7914937,1.9626769935712218
1790359000.7954443,2.153251989511773
1790359000.795556,1.7203869938384742
1790359000.7977498,1.719665015116334
1790359000.8053517,1.6859849856700748
1790359000.8065472,1.1862110113725066
1790359000.8217988,1.7060489917639643
1790359000.8317683,2.056747005553916
1790359000.8341463,1.3795749982818961
1790359000.8342264,1.9486670207697898
1790359000.8399327,1.4333589933812618
1790359000.844131,1.5347230073530227
1790359000.846658,1.417389023117721
1790359000.848278,1.4589029888156801
1790359000.8557737,1.3543190143536776
1790359000.8745663,2.6048379950225353
1790359000.875996,2.8582670202013105
1790359000.8763735,1.785733998985961
1790359000.8829114,1.4802270161453635
1790359000.8868904,2.0349459955468774
1790359000.8869905,1.6465670196339488
1790359000.8906496,1.691298995865509
1790359000.8922677,1.2896329862996936
1790359000.9064844,1.9043819920625538
1790359000.9162042,1.6234840149991214
1790359000.9181943,1.4574959932360798
1790359000.9347172,2.095639007166028
1790359000.938477,2.1142160112503916
1790359000.9385352,1.7254990234505385
1790359000.9743931,3.6901359853800386
1790359000.9757435,2.2012729896232486
1790359000.975816,1.8398049869574606
1790359000.9817748,2.249319979455322
1790359000.9822707,1.5137939772102982
1790359000.9857445,1.452096999855712
1790359000.990683,1.4003529795445502
1790359001.0002265,1.7950570036191493
1790359001.0025196,1.8157419981434941
1790359001.0026014,2.3642090091016144
1790359001.0083923,1.5068240172695369
1790359001.0193174,1.6033949796110392
1790359001.022796,1.5288709837477654
1790359001.0293386,1.6418749873992056
1790359001.0476887,1.733035984216258
1790359001.050341,1.70775200240314
1790359001.0511975,1.560676988447085
1790359001.0561395,1.9794490071944892
1790359001.0608118,1.607649988727644
1790359001.0625324,1.3218880048952997
1790359001.0677047,1.307374011958018
1790359001.0735066,1.9644209824036807
1790359001.0735822,2.8330689819995314
1790359001.0880437,2.0906790159642696
1790359001.0893838,1.2363720161374658
1790359001.090624,1.0858660098165274
1790359001.0975432,1.858284987974912
1790359001.109539,1.7377059848513454
1790359001.1108527,1.3038459874223918
1790359001.1249218,1.7537040112074465
1790359001.1272438,1.7227590142283589
1790359001.1280997,1.908398000523448
1790359001.1285775,1.324309007031843
1790359001.1390083,1.7626330081839114
1790359001.1398015,1.6153189935721457
1790359001.1459863,1.420375017914921
1790359001.149746,1.8125069909729064
1790359001.1517756,1.4387320261448622
1790359001.154994,1.5720189840067178
1790359001.1649559,2.562748995842412
1790359001.1652324,2.9319850145839155
1790359001.1866972,1.6732380026951432
1790359001.1909711,2.2586499981116503
1790359001.191098,2.9998240061104298
1790359001.207238,1.9790070073213428
1790359001.2112043,1.364965020911768
1790359001.2144887,1.3264900189824402
1790359001.2149282,1.2145630025770515
1790359001.2197273,2.4413730134256184
1790359001.2205937,1.7397729970980436
1790359001.221697,1.0947779810521752
1790359001.2302969,1.9155129848513752
1790359001.2339149,1.4102109998930246
1790359001.238071,1.2958849838469177
1790359001.2450962,2.713580004638061
1790359001.2465196,3.4654820046853274
1790359001.2468379,2.526571013731882
1790359001.2475567,1.8542469770181924
1790359001.265607,1.553273992612958
1790359001.2707355,1.668103999691084
1790359001.2732642,1.5398490068037063
1790359001.2757492,1.392342004692182
1790359001.281002,1.499769976362586
1790359001.2832105,1.595313980942592
1790359001.286713,2.3093560012057424
1790359001.2867808,1.815539988456294
1790359001.2968855,1.8451199866831303
1790359001.297396,2.7107270143460482
1790359001.2974617,3.3458050165791065
1790359001.3010404,1.624307013116777
1790359001.3024373,1.3072760193608701
1790359001.3048432,1.3588200090453029
1790359001.3196194,1.7369160195812583
1790359001.3247488,1.505829015513882
1790359001.3262017,1.4428840077016503
1790359001.32905,1.1753449798561633
1790359001.340997,1.7161119903903455
1790359001.343926,1.962459005881101
1790359001.3451552,3.671630984172225
1790359001.3462954,2.080064994515851
1790359001.3465872,1.9062490027863532
1790359001.3512652,1.3205690192990005
1790359001.3575544,2.5368399801664054
1790359001.3576174,1.9782409945037216
1790359001.390892,2.0416829793248326
1790359001.3920703,3.805202984949574
1790359001.4041038,1.7690339882392436
1790359001.413225,1.6531769942957908
1790359001.4168987,1.378865010337904
1790359001.4186091,1.10833699000068
1790359001.4271574,1.7749980033840984
1790359001.434216,1.335853012278676
1790359001.4363563,1.4073439815547317
1790359001.449454,1.6203000268433243
1790359001.4554293,2.0143389992881566
1790359001.4557939,1.7598539998289198
1790359001.4572365,1.433754019672051
1790359001.4599912,1.4152450021356344
1790359001.4612465,1.2470129877328873
1790359001.4696329,1.7430680163670331
1790359001.4735258,1.7065319989342242
1790359001.4740658,1.4273170090746135
1790359001.476084,1.3013010029681027
1790359001.4768891,1.4687789953313768
1790359001.4857435,2.107403997797519
1790359001.487973,1.3726269826292992
1790359001.4971821,3.289168991614133
1790359001.4974976,4.110685986233875
1790359001.4975998,3.2821210043039173
1790359001.5345442,1.9620020175352693
1790359001.5463078,2.652312017744407
1790359001.5470402,2.423477009870112
1790359001.5495026,1.235937001183629
1790359001.55649,1.3863829954061657
1790359001.5577087,1.209248002851382
1790359001.582989,2.971061010612175
1790359001.584252,2.989583008456975
1790359001.584763,2.5890219840221107
1790359001.593785,1.805943000363186
1790359001.60822,3.5316050052642822
1790359001.6182,2.325421024579555
1790359001.620579,2.8536190220620483
1790359001.621562,3.1362920126412064
1790359001.6219103,2.265661983983591
1790359001.6246321,1.1951049964409322
1790359001.6264925,1.1494070058688521
1790359001.6296241,1.355925021925941
1790359001.6342337,2.384249004535377
1790359001.635784,3.28986399108544
1790359001.6358402,2.2822030005045235
1790359001.6383843,1.4543159923050553
1790359001.641224,1.312202017288655
1790359001.643515,1.537017000373453
1790359001.647412,1.309348997892812
1790359001.6559873,1.860841002780944
1790359001.6621451,1.5978630108293146
1790359001.6661465,1.485800021328032
1790359001.6728177,3.363335010362789
1790359001.6733966,3.4949960245285183
1790359001.6734664,2.7431490016169846
1790359001.6785452,1.5305250126402825
1790359001.6818995,1.7036359931807965
1790359001.6824634,1.5945729974191636
1790359001.6924589,1.7116120143327862
1790359001.6984165,2.5439420132897794
1790359001.698503,2.0757850143127143
1790359001.7133265,1.751646981574595
1790359001.7246208,2.5533199950587004
1790359001.7246883,2.117202995577827
1790359001.7290902,1.6336169792339206
1790359001.7291582,2.253179991384968
1790359001.7333663,1.2223969970364124
1790359001.7397857,1.2737409851979464
1790359001.7463148,2.079247002257034
1790359001.7468832,1.4264429919421673
1790359001.7535746,3.51828002021648
1790359001.7536504,3.026071994099766
1790359001.7549598,3.6058730038348585
1790359001.7550347,2.3763770004734397
1790359001.7683837,1.7073490016628057
1790359001.770006,1.7392689769621938
1790359001.7737396,2.6003030070569366
1790359001.7738676,2.1151980035938323
1790359001.7755184,2.8940439806319773
1790359001.7755847,1.7091460176743567
1790359001.7821093,2.711465989705175
1790359001.7821796,2.2522310027852654
1790359001.7834458,1.176560006570071
1790359001.785317,1.493716990808025
1790359001.7995355,1.7961670237127692
1790359001.8003364,1.5927199856378138
1790359001.8157136,1.7349979898426682
1790359001.8212757,1.6846339858602732
1790359001.8326294,2.6640460127964616
1790359001.8336403,1.9632259791251272
1790359001.837853,1.2959929881617427
1790359001.8443723,1.3960099895484746
1790359001.8530824,2.1198070026002824
1790359001.85496,1.3567490095738322
1790359001.8571124,1.6058129840530455
1790359001.8634534,4.580106004141271
1790359001.8638575,3.7489150126930326
1790359001.8642101,4.830418998608366
1790359001.8654416,3.6103470192756504
1790359001.865512,4.54057299066335
1790359001.8757753,1.8526340136304498
1790359001.8793564,1.7936399963218719
1790359001.8798752,1.6086300020106137
1790359001.883967,1.3294880045577884
1790359001.8920338,1.5246740076690912
1790359001.8950255,1.3996720081195235
1790359001.8999271,1.7179629940073937
1790359001.9065933,1.533366012154147
1790359001.9159248,1.3523779925890267
1790359001.9279373,2.1958389843348414
1790359001.9289114,1.419730979250744
1790359001.9331207,1.953800005139783
1790359001.9355216,1.243665989022702
1790359001.948123,3.480297018541023
1790359001.9488018,3.6272360011935234
1790359001.9489613,3.049745981115848
1790359001.9497628,2.4966610071714967
1790359001.9505,1.4314449799712747
1790359001.974236,2.6593710063025355
1790359001.974309,3.4958159958478063
1790359001.9755123,1.0950400028377771
1790359001.9800498,1.326852012425661
1790359001.9824133,1.5006119792815298
1790359001.9889672,2.604381996206939
1790359001.9890249,2.1301850210875273
1790359001.9921253,1.4206529885996133
1790359002.0007913,1.6506979882251471
1790359002.0337353,1.9943359948229045
1790359002.0372574,1.3837900187354535
1790359002.0455322,2.2180249798111618
1790359002.045676,2.976682997541502
1790359002.050097,1.8237850163131952
1790359002.05066,1.3697629910893738
1790359002.0518847,1.2169080146122724
1790359002.0615704,1.5050420188345015
1790359002.063728,1.2384900182951242
1790359002.071197,1.6902060015127063
1790359002.074542,1.2700000079348683
1790359002.0795062,2.125602011801675
1790359002.0815578,2.56651800009422
1790359002.0825458,1.700452994555235
1790359002.0905232,1.382326998282224
1790359002.093184,1.5637699980288744
1790359002.0947633,1.1541820131242275
1790359002.09881,1.2503280013334006
1790359002.102349,1.3624819985125214
1790359002.1036043,1.9784799951594323
1790359002.1130178,2.236915985122323
1790359002.1142795,2.0029910083394498
1790359002.1164942,2.2015410067979246
1790359002.1165762,1.822684978833422
1790359002.1240733,1.6570629959460348
1790359002.1410985,1.8724979890976101
1790359002.1435459,1.612199004739523
1790359002.1438036,2.4489829957019538
1790359002.1479027,1.510606991359964
1790359002.1486986,1.4990039926487952
1790359002.1498735,1.166325993835926
1790359002.1567924,2.1897109982091933
1790359002.157709,2.1931450173724443
1790359002.1604187,1.5569940151181072
1790359002.1702216,2.346182009205222
1790359002.1718595,1.6263590077869594
1790359002.1772966,1.4179529971443117
1790359002.1826754,1.3730899954680353
1790359002.189456,1.4404529938474298
1790359002.1965282,1.51950100553222
1790359002.209442,1.992804987821728
1790359002.2095065,2.7845750155393034
1790359002.220282,1.8079889996442944
1790359002.2247055,2.883184002712369
1790359002.2247722,3.45461699180305
1790359002.2289324,1.4082980051171035
1790359002.2368596,2.4511669762432575
1790359002.2457268,2.49296598485671
1790359002.2466574,2.11849799961783
1790359002.249227,1.428707008017227
1790359002.2506926,2.199676993768662
1790359002.251667,1.9506399985402822
1790359002.253504,1.1158169945701957
1790359002.2584293,1.3907570100855082
1790359002.262754,2.3503690026700497
1790359002.2632444,1.3802589965052903
1790359002.2648666,1.1966509919147938
1790359002.2653706,1.1746250092983246
1790359002.2787812,2.9308389930520207
1790359002.2791255,3.3541950106155127
1790359002.2798543,1.462517015170306
1790359002.2817998,1.1001369857694954
1790359002.2860074,1.4253909757826477
1790359002.2872205,1.2044479954056442
1790359002.2925482,1.6788929933682084
1790359002.3029435,2.042434993200004
1790359002.311487,1.754857978085056
1790359002.3170228,1.3705930032301694
1790359002.323134,1.4999039995018393
1790359002.3249464,1.1764570081140846
1790359002.3351407,1.6446879890281707
1790359002.335208,2.358544006710872
1790359002.3380916,1.4445929846260697
1790359002.3406086,1.2687080015894026
1790359002.342436,1.364200987154618
1790359002.344005,1.2938769941683859
1790359002.3459253,1.131714991061017
1790359002.3481288,1.3490830024238676
1790359002.349352,1.2139070022385567
1790359002.3612309,1.8022320000454783
1790359002.3649764,1.3019710022490472
1790359002.3738844,1.8955089908558875
1790359002.3946078,1.6366380150429904
1790359002.3985898,3.2106160069815814
1790359002.399882,1.9879519823007286
1790359002.3999465,3.3193819981534034
1790359002.4011717,1.0882770002353936
1790359002.4117112,1.679496985161677
1790359002.4168007,1.5921849990263581
1790359002.419322,1.2671860167756677
1790359002.4297328,1.5183409850578755
1790359002.4429905,2.1636140008922666
1790359002.4508486,1.6718030092306435
1790359002.4604366,1.5861510182730854
1790359002.4618049,1.2617839965969324
1790359002.475348,1.9102469959761947
1790359002.492608,2.066499990178272
1790359002.4990075,1.4218470023479313
1790359002.5031586,1.8977459985762835
1790359002.5036843,1.4930120087228715
1790359002.5049753,1.2817700044251978
1790359002.508049,1.3093790039420128
1790359002.5137234,1.415506994817406
1790359002.5237622,1.9603800028562546
1790359002.5260472,1.1939730029553175
1790359002.5343192,1.6937530017457902
1790359002.544522,1.5115139831323177
1790359002.5505636,3.2661359873600304
1790359002.551385,2.8176270134281367
1790359002.5516124,4.877383995335549
1790359002.552448,3.337207977892831
1790359002.5590568,1.7169160128105432
1790359002.5599325,1.5859120176173747
1790359002.5631523,1.8472149968147278
1790359002.5643625,1.2006489851046354
1790359002.566645,1.3067880063317716
1790359002.57007,1.18406699039042
1790359002.571408,1.0905759991146624
1790359002.5764616,1.212061004480347
1790359002.584502,1.7049729940481484
1790359002.5986123,1.5850160270929337
1790359002.6005354,1.5067839995026588
1790359002.6066718,1.2320219830144197
1790359002.6222682,2.2608099970966578
1790359002.6245372,1.3833520060870796
1790359002.63639,1.6050809936132282
1790359002.6388967,1.56784598948434
1790359002.6536772,2.985031984280795
1790359002.6537516,2.5392429961357266
1790359002.6588168,1.4721910119988024
1790359002.662357,2.661781996721402
1790359002.6626492,2.0173550001345575
1790359002.6640189,1.2738229997921735
1790359002.6660075,1.6161620151251554
1790359002.6775258,3.0905439925845712
1790359002.6776438,3.2964829879347235
1790359002.6843028,1.3509009731933475
1790359002.6940272,1.471366995247081
1790359002.7039156,2.5804709875956178
1790359002.7087688,1.5141309995669872
1790359002.7116604,1.36286998167634
1790359002.7167222,1.2966320209670812
1790359002.7181695,1.1220999876968563
1790359002.7290502,1.541061996249482
1790359002.737911,1.925166987348348
1790359002.7422311,1.536230993224308
1790359002.7465482,1.2266919948160648
1790359002.7554772,2.8902189806103706
1790359002.7567275,1.240451994817704
1790359002.7593286,1.3697539980057627
1790359002.7711034,1.8315619963686913
1790359002.7826371,1.983458991162479
1790359002.7844255,1.2406250170897692
1790359002.7866478,1.5859609993640333
1790359002.7871075,1.225168991368264
1790359002.7902672,1.0552890016697347
1790359002.797002,3.064624994294718
1790359002.7970603,2.500050002709031
1790359002.7995117,1.4411019801627845
1790359002.8042545,1.9078119948972017
1790359002.8047454,1.34781000087969
1790359002.8084946,1.5147230005823076
1790359002.8144577,1.5513139951508492
1790359002.8277879,1.6190599999390543
1790359002.829887,1.680135988863185
1790359002.8336685,1.2748040026053786
1790359002.8353875,1.7100060067605227
1790359002.8358955,1.4458229998126626
1790359002.847878,1.7421180091332644
1790359002.8574886,2.356436016270891
1790359002.8580534,1.8340600072406232
1790359002.8656888,1.3067640247754753
1790359002.872597,2.0844459941145033
1790359002.8812442,2.0487190049607307
1790359002.8849528,2.4789870076347142
1790359002.8850462,3.4342569997534156
1790359002.8981462,2.0604520104825497
1790359002.9033134,1.91225201706402
1790359002.9125683,2.4470729986205697
1790359002.9173422,2.067786001134664
1790359002.924215,1.6998719947878271
1790359002.9335673,2.038814011029899
1790359002.9356763,1.2852080108132213
1790359002.9360976,1.1166210169903934
1790359002.9374633,1.065543998265639
1790359002.9513273,1.8409749900456518
1790359002.9586957,1.4172790106385946
1790359002.9752886,1.8015759997069836
1790359002.9840572,1.6915159940253943
1790359002.9897554,1.5381770208477974
1790359002.9994907,2.4203889770433307
1790359003.0000432,1.6814919945318252
1790359003.0080261,1.607351005077362
1790359003.0094848,1.3099280185997486
1790359003.018268,1.7368689877912402
1790359003.018352,2.5035949947778136
1790359003.033365,3.8601029955316335
1790359003.037764,2.2569510038010776
1790359003.0390177,2.2312559885904193
1790359003.0414379,1.5285839908756316
1790359003.0446398,1.2753400078509003
1790359003.048222,1.3502090005204082
1790359003.0524218,1.2798240059055388
1790359003.0556352,1.5307590074371547
1790359003.061064,1.8758380028884858
1790359003.065703,1.580251002451405
1790359003.0779133,1.5078880242072046
1790359003.0824473,1.8074039835482836
1790359003.0830238,1.3418240123428404
1790359003.084765,1.3157629873603582
1790359003.0920289,1.9222430128138512
1790359003.109573,2.2929490078240633
1790359003.1161962,3.2755829743109643
1790359003.1184115,4.337729013059288
1790359003.1192632,6.845244992291555
1790359003.1212974,4.159520991379395
1790359003.1213675,2.7483149897307158
1790359003.1220636,1.7817520129028708
1790359003.1265488,1.5096970018930733
1790359003.1357548,1.7975219816435128
1790359003.1426127,1.8505289917811751
1790359003.1480994,3.4507809905335307
1790359003.1489224,1.8655929889064282
1790359003.1518235,1.4456789940595627
1790359003.154163,1.742644002661109
1790359003.1547346,1.3786589843221009
1790359003.156997,1.1713520216289908
1790359003.1799254,1.8019090057350695
1790359003.1837456,1.4764789957553148
1790359003.201632,2.4870200140867382
1790359003.20233,2.00188098824583
1790359003.2131872,2.1627519745379686
1790359003.2135985,3.058408008655533
1790359003.2283366,1.721716020256281
1790359003.229978,1.3008739915676415
1790359003.2580197,1.8813220085576177
1790359003.2598205,1.3129569997545332
1790359003.263955,1.1974610097240657
1790359003.2662787,1.4384349924512208
1790359003.2675502,2.1163680066820234
1790359003.2847028,2.268851996632293
1790359003.2855175,1.6005140205379575
1790359003.302745,1.9644449930638075
1790359003.3042164,1.343553012702614
1790359003.3067024,1.7911439936142415
1790359003.3090696,1.2181380006950349
1790359003.3214636,2.274865022627637
1790359003.325591,1.3774100225418806
1790359003.3371205,3.9200300234369934
1790359003.3379283,4.040325002279133
1790359003.3381193,2.7831939805764705
1790359003.3382006,3.706075978698209
1790359003.3454254,1.546184008475393
1790359003.3511364,1.8258139898534864
1790359003.352058,1.365373987937346
1790359003.3568563,1.4733359857928008
1790359003.360305,2.030506992014125
1790359003.3679075,1.4819429779890925
1790359003.3712547,2.2008739761076868
1790359003.3713083,1.7632319941185415
1790359003.3736014,1.16662701475434
1790359003.3908575,2.033777011092752
1790359003.4055939,2.083764993585646
1790359003.4079795,1.4862150128465146
1790359003.4194386,1.843346981331706
1790359003.4312432,2.435198985040188
1790359003.4318783,1.9528169941622764
1790359003.4331381,1.250811998033896
1790359003.4393158,1.6149469884112477
1790359003.440118,1.5138819871935993
1790359003.4427006,1.3325719919521362
1790359003.4469814,1.3456309970933944
1790359003.4545841,4.231728991726413
1790359003.45469,3.665726020699367
1790359003.455123,2.9303210030775517
1790359003.460456,1.3155569904483855
1790359003.4685204,1.5329749730881304
1790359003.484966,2.344488020753488
1790359003.4866738,1.6930029960349202
1790359003.4875813,1.9144609977956861
1790359003.4941342,1.5510289813391864
1790359003.4968228,1.7791409918572754
1790359003.5016072,2.246638003271073
1790359003.5021417,3.647826990345493
1790359003.502224,3.306956001324579
1790359003.5045753,1.2444210005924106
1790359003.509742,1.220386999193579
1790359003.5187848,1.673325983574614
1790359003.5262718,1.349934987956658
1790359003.5283065,2.024560992140323
1790359003.531893,1.3633650087285787
1790359003.5373762,1.504405023297295
1790359003.537849,1.203342981170863
1790359003.5421858,1.546439016237855
1790359003.5580728,1.8041949952021241
1790359003.5629463,1.6067849937826395
1790359003.5706618,1.5192260034382343
1790359003.5751505,2.3343589855358005
1790359003.5755963,1.9877470040228218
1790359003.582267,1.354419015115127
1790359003.5893588,1.657901011640206
1790359003.5939856,1.502461003838107
1790359003.5959864,2.825564006343484
1790359003.5964262,1.9083459919784218
1790359003.6090388,1.6774790128692985
1790359003.6122968,1.452140015317127
1790359003.621981,1.5661130018997937
1790359003.6238184,1.2154439755249768
1790359003.6297884,1.3639259850606322
1790359003.6311357,1.2593780120369047
1790359003.6401355,1.7605800239834934
1790359003.6425831,1.2789989996235818
1790359003.6574156,1.6266820020973682
1790359003.6620927,1.9539750064723194
1790359003.6632786,2.0458069921005517
1790359003.6642585,1.7861929954960942
1790359003.676994,2.6208309864159673
1790359003.6774437,4.056872014189139
1790359003.6775436,3.6357280041556805
1790359003.6798809,1.3201190158724785
1790359003.682565,1.504965010099113
1790359003.684494,1.2458249984774739
1790359003.691578,1.483025000197813
1790359003.694951,1.9165530102327466
1790359003.7107208,3.413756989175454
1790359003.711098,3.882623015670106
1790359003.717521,1.8962920003104955
1790359003.7237113,1.5581969928462058
1790359003.733859,2.332370000658557
1790359003.7361958,2.3194160021375865
1790359003.7369947,2.114344999426976
1790359003.7432866,5.589810025412589
1790359003.7444437,6.64030498592183
1790359003.7447982,5.756061989814043
1790359003.7466254,4.678153985878453
1790359003.7470815,3.2438559865113348
1790359003.7471552,2.3458159994333982
1790359003.7494106,1.9743590091820806
1790359003.7620616,1.9133090099785477
1790359003.76252,1.6399520100094378
1790359003.7673264,2.081776998238638
1790359003.7674072,2.9203890007920563
1790359003.7791946,1.9687539897859097
1790359003.784055,1.9160840020049363
1790359003.7879326,1.7737419984769076
1790359003.7893763,1.307458005612716
1790359003.7957194,2.0808689878322184
1790359003.796478,1.6092110017780215
1790359003.8003092,1.700680993963033
1790359003.8062406,2.6855430041905493
1790359003.8063216,2.1634580043610185
1790359003.817863,2.3553089995402843
1790359003.8259907,1.90638197818771
1790359003.8391514,2.2386229829862714
1790359003.8444376,2.9869840072933584
1790359003.8458955,3.493927011732012
1790359003.8459992,2.826132986228913
1790359003.8494656,1.8778340017888695
1790359003.8500574,1.6467929817736149
1790359003.8616095,2.619186998344958
1790359003.8638787,2.25047001731582
1790359003.8691704,2.5274170038755983
1790359003.869694,3.5677749838214368
1790359003.869984,2.3427180130966008
1790359003.8751645,2.0934040076099336
1790359003.8844419,2.5475129950791597
1790359003.8932703,2.1194019936956465
1790359003.8956788,2.3956729855854064
1790359003.8979628,2.1187399979680777
1790359003.8980474,2.92802500189282
1790359003.9134643,2.732048014877364
1790359003.914281,1.643845986109227
1790359003.9234715,2.2687650052830577
1790359003.9310231,2.171922998968512
1790359003.9372616,2.147154009435326
1790359003.9501202,2.6838650228455663
1790359003.9502003,2.67913201241754
1790359003.9516337,1.168335002148524
1790359003.958516,1.6633339982945472
1790359003.9641066,1.6543980163987726
1790359003.968353,1.5037410194054246
1790359003.973692,1.4229289954528213
1790359003.989737,2.66044499585405
1790359004.0010235,1.9148449937347323
1790359004.0062947,4.263856011675671
1790359004.0066051,4.728075000457466
1790359004.012288,1.7348100082017481
1790359004.026749,3.016053989995271
1790359004.0281036,1.9578439823817462
1790359004.0397396,1.9327350019011647
1790359004.0539281,3.3098810235969722
1790359004.0550895,1.9901810155715793
1790359004.0551937,3.062294010305777
1790359004.0600705,1.7606900073587894
1790359004.0632935,2.0482109976001084
1790359004.0634806,2.719515992794186
1790359004.0667477,2.3948579910211265
1790359004.0668535,1.947707001818344
1790359004.0705485,1.7929110035765916
1790359004.0720975,1.413265010342002
1790359004.0758746,1.6991559823509306
1790359004.082873,1.5081720193848014
1790359004.101068,2.099421981256455
1790359004.1015656,1.3396049907896668
1790359004.1044164,1.5597199962940067
1790359004.106738,1.524317020084709
1790359004.1083205,1.499769015936181
1790359004.1151073,2.095318981446326
1790359004.1157184,1.5090230153873563
1790359004.1175904,1.1890960158780217
1790359004.1215,1.5071159868966788
1790359004.1275995,1.3498369953595102
1790359004.1334355,1.2771100155077875
1790359004.1438658,1.687348005361855
1790359004.1543233,2.068722009425983
1790359004.1545887,3.556264011422172
1790359004.1621785,1.3718190020881593
1790359004.167162,1.757560996338725
1790359004.174342,2.003349014557898
1790359004.175892,1.357157016173005
1790359004.1785142,1.2540009920485318
1790359004.1806388,1.5167560195550323
1790359004.1958258,2.1745319827459753
1790359004.2245898,2.0859089854639024
1790359004.237469,2.2104740201029927
1790359004.2384079,2.143383986549452
1790359004.243671,2.2642640105914325
1790359004.2450078,2.2194469929672778
1790359004.2457361,1.8501009908504784
1790359004.252223,1.4700560132041574
1790359004.2704973,2.022802975261584
1790359004.2846174,5.205614026635885
1790359004.2852056,5.102107010316104
1790359004.2856517,3.8699009746778756
1790359004.2857995,4.948746005538851
1790359004.286822,2.193836000515148
1790359004.2885895,1.7589500057511032
1790359004.2893174,1.708413998130709
1790359004.2947855,1.4401079970411956
1790359004.3098273,1.9264630100224167
1790359004.3127608,1.4613069943152368
1790359004.3195314,1.474174001486972
1790359004.3213716,1.3311369984876364
1790359004.3383262,2.684932987904176
1790359004.3385785,3.6190600076224655
1790359004.3508613,2.0951679907739162
1790359004.3521767,2.072409988613799
1790359004.3529847,1.2527309881988913
1790359004.358524,1.4881290262565017
1790359004.363408,1.3341340236365795
1790359004.3796818,2.1978090226184577
1790359004.3813004,1.6072260041255504
1790359004.3882124,1.502352999523282
1790359004.3893442,1.1235569836571813
1790359004.3948085,1.8200560007244349
1790359004.3999538,1.3618500088341534
1790359004.4103253,1.9131560111418366
1790359004.4217315,1.6134679899550974
1790359004.427295,1.6588220023550093
1790359004.4273815,2.7295649924781173
1790359004.4430566,2.118876000167802
1790359004.4454436,1.2531140237115324
1790359004.447485,1.5766870055813342
1790359004.4487157,1.2208469852339476
1790359004.449999,1.180152001325041
1790359004.4520779,1.37795097543858
1790359004.4598672,1.5087380015756935
1790359004.4634135,1.4640110020991415
1790359004.469376,1.32609301363118
1790359004.4725316,2.5763550074771047
1790359004.4737,2.904302004026249
1790359004.473834,2.359822014113888
1790359004.485079,2.7861679845955223
1790359004.4852655,2.3825200041756034
1790359004.4932761,2.6269220106769353
1790359004.4943182,1.7604049935471267
1790359004.4965804,1.6495099989697337
1790359004.4966762,2.2552990121766925
1790359004.5039754,1.818936987547204
1790359004.5056314,1.3806269853375852
1790359004.512331,1.7158029950223863
1790359004.5145726,1.295636990107596
1790359004.5166292,1.330361992586404
1790359004.5272644,1.5256410115398467
1790359004.5421438,1.7995160014834255
1790359004.5428407,1.6616540087852627
1790359004.553191,3.115375991910696
1790359004.5550632,4.476399015402421
1790359004.5551531,3.8539060042239726
1790359004.5562613,2.068695001071319
1790359004.5642655,2.444178011501208
1790359004.565127,1.2999160098843277
1790359004.573189,1.4563729928340763
1790359004.576555,1.1367049883119762
1790359004.5784333,1.6918420151341707
1790359004.5826766,1.4845749828964472
1790359004.5956438,2.94207499246113
1790359004.5988474,1.3663610152434558
1790359004.6017287,1.4908220036886632
1790359004.607714,1.3206599978730083
1790359004.6214502,1.9206470169592649
1790359004.6230822,1.3956679904367775
1790359004.6247656,1.1447920114733279
1790359004.6301205,1.3768220087513328
1790359004.633448,1.714217010885477
1790359004.6393635,1.356056978693232
1790359004.6471586,1.3297550030983984
1790359004.6495106,1.5878270205575973
1790359004.6584797,1.6822100151330233
1790359004.6635647,1.4336009917315096
1790359004.67324,2.0126900053583086
1790359004.6765497,3.1958030012901872
1790359004.6784916,4.487773985601962
1790359004.6787152,4.02225399739109
1790359004.6794035,2.833744016243145
1790359004.682885,1.9335620163474232
1790359004.6882017,1.5155870059970766
1790359004.695642,1.3352739915717393
1790359004.7007499,1.8561369797680527
1790359004.7045681,1.6898260219022632
1790359004.7073915,1.3153349864296615
1790359004.7208903,2.3468089930247515
1790359004.7276838,1.463558990508318
1790359004.7351172,1.6808730142656714
1790359004.7391,1.4030509919393808
1790359004.7537837,2.041393017861992
1790359004.7578325,1.4369840209838003
1790359004.7598658,1.1889919987879694
1790359004.765086,4.804969998076558
1790359004.76585,3.665403986815363
1790359004.7707207,1.282340002944693
1790359004.7748792,2.486220997525379
1790359004.7749743,2.2025060025043786
1790359004.7779567,1.3190860045142472
1790359004.7810307,1.4905350108165294
1790359004.7868092,1.2731350143440068
1790359004.8002338,1.8088099895976484
1790359004.806544,1.4193049864843488
1790359004.81123,2.8542010113596916
1790359004.8113012,1.9218800007365644
1790359004.8137684,1.2813140056096017
1790359004.8252513,4.064920998644084
1790359004.8263216,4.004721995443106
1790359004.8497207,2.3373849980998784
1790359004.8507257,4.379582009278238
1790359004.8543608,3.624028991907835
1790359004.8549964,3.763039014302194
1790359004.8550575,1.9793290121015161
1790359004.8623936,1.6250729968305677
1790359004.8647187,1.5679329808335751
1790359004.865225,1.1665299825835973
1790359004.881452,2.514641993911937
1790359004.8824656,1.9369210058357567
1790359004.8857822,2.571844990598038
1790359004.8858366,2.0494720083661377
1790359004.8936722,1.3343259925022721
1790359004.9001908,1.4975950180087239
1790359004.9006398,2.6056949864141643
1790359004.9046984,1.2110979878343642
1790359004.908481,1.34313601301983
1790359004.9149797,2.087973989546299
1790359004.9227655,2.3235240078065544
1790359004.9370527,3.9470769988838583
1790359004.9372,4.812680010218173
1790359004.9380472,6.442787009291351
1790359004.938685,2.7225890080444515
1790359004.938853,4.5260640035849065
1790359004.9392467,1.8163610075134784
1790359004.949721,3.72749799862504
1790359004.9503274,3.6915609962306917
1790359004.9505346,3.4104369988199323
1790359004.950977,2.2225349966902286
1790359004.9522,1.2105560163035989
1790359004.9605947,1.7269410018343478
1790359004.970173,2.15417702565901
1790359004.972831,3.2082530087791383
1790359004.9733176,4.785525990882888
1790359004.9734347,2.98413701239042
1790359004.977559,1.4288890233729035
1790359004.9897206,2.1794379863422364
1790359004.9909427,1.213031995575875
1790359004.9924388,1.4014400076121092
1790359004.9945335,1.5811799967195839
1790359004.99602,1.4658609870821238
1790359005.0157456,2.166551013942808
1790359005.0232153,2.0348300167825073
1790359005.026192,2.0465079869609326
1790359005.026276,2.689635002752766
1790359005.0389593,1.9999239884782583
1790359005.0429688,2.1137470030225813
1790359005.0444512,1.471814000979066
1790359005.0509455,2.2533899755217135
1790359005.0518248,1.6408579831477255
1790359005.0595963,1.8119690066669136
1790359005.0668995,2.213650004705414
1790359005.06764,1.6331009974237531
1790359005.0676951,2.375635987846181
1790359005.079189,1.7447409918531775
1790359005.0814974,1.6900910122785717
1790359005.0820012,1.4348170079756528
1790359005.093699,2.1929150098003447
1790359005.0958416,1.3168080186005682
1790359005.101102,1.6848649829626083
1790359005.101174,2.263183007016778
1790359005.1034424,1.5898120182100683
1790359005.1069725,1.1546350142452866
1790359005.124391,2.292491990374401
1790359005.1329796,1.6540380020160228
1790359005.1390152,1.3601819809991866
1790359005.1500225,1.5637610049452633
1790359005.1613426,1.7387109983246773
1790359005.1663861,2.0028119906783104
1790359005.1764839,2.2262120037339628
1790359005.1765802,2.962783008115366
1790359005.1834378,1.5182929928414524
1790359005.1876404,1.622521987883374
1790359005.1881008,1.2428650225047022
1790359005.1904964,1.488484995206818
1790359005.1919088,1.1742970091290772
1790359005.1947024,1.5742050018161535
1790359005.194776,2.268829004606232
1790359005.1970792,1.2579260219354182
1790359005.203434,1.3994170003570616
1790359005.2067502,1.466520014218986
1790359005.2106552,1.3402700133156031
1790359005.2197812,1.7046979919541627
1790359005.2198784,2.308634022483602
1790359005.229293,1.2847190082538873
1790359005.2307956,1.1406379926484078
1790359005.2373633,2.9377720202319324
1790359005.2389772,2.235488995211199
1790359005.2390504,3.685447998577729
1790359005.2411146,1.4464620035141706
1790359005.2420533,1.759901992045343
1790359005.2427003,1.42115299240686
1790359005.2448907,1.8048850179184228
1790359005.2453954,1.7280050087720156
1790359005.2475204,1.0710629867389798
1790359005.2543008,1.4232310059014708
1790359005.2597113,1.3548010028898716
1790359005.2631056,2.5756020040716976
1790359005.2632763,2.2590440057683736
1790359005.2637992,1.1058519885409623
1790359005.266262,1.2883689778391272
1790359005.267652,1.1699690076056868
1790359005.2711208,1.3131180021446198
1790359005.2731512,1.93370200577192
1790359005.27376,1.8024979799520224
1790359005.28653,1.535496994620189
1790359005.2889714,1.6387449868489057
1790359005.290333,1.3496150204446167
1790359005.2921646,1.2190270063001662
1790359005.293962,1.2441169819794595
1790359005.2979827,1.5381140110548586
1790359005.3004513,1.5086449857335538
1790359005.303099,1.4774400042369962
1790359005.3045015,1.3943279918748885
1790359005.305611,1.1003430117852986
1790359005.3072655,1.3946859980933368
1790359005.3080304,1.3978189963381737
1790359005.3093765,1.9578789942897856
1790359005.3106084,1.8483330204617232
1790359005.3110535,1.1666789941955358
1790359005.3164034,1.5930710069369525
1790359005.325341,1.6648969904053956
1790359005.3298886,3.533490002155304
1790359005.3300095,3.031380008906126
1790359005.3305194,2.361924998695031
1790359005.332351,1.3036240125074983
1790359005.336062,1.5786509902682155
1790359005.3361292,2.0354680018499494
1790359005.3412173,1.178050006274134
1790359005.3510423,2.572894998593256
1790359005.3511367,2.202047995524481
1790359005.354205,1.8470550130587071
1790359005.3547173,1.5124699857551605
1790359005.3597703,1.8626259989105165
1790359005.3664918,1.634700980503112
1790359005.3671956,1.5076340059749782
1790359005.3839133,2.100044017424807
1790359005.3848333,1.770812988979742
1790359005.3852599,1.2393319921102375
1790359005.397015,2.3978160170372576
1790359005.3980136,2.5793160020839423
1790359005.399502,1.4673850091639906
1790359005.4025261,1.4135259843897074
1790359005.4039924,1.4485479914583266
1790359005.4067197,1.89471899648197
1790359005.4067879,2.4810030008666217
1790359005.4091818,1.180743973236531
1790359005.417614,1.944724004715681
1790359005.4209342,1.8438209954183549
1790359005.4410622,3.029405983397737
1790359005.441122,3.6066939937882125
1790359005.44261,2.9859399946872145
1790359005.442947,4.006269999081269
1790359005.4433396,1.1724600044544786
1790359005.447343,1.6499030170962214
1790359005.451862,1.9656000076793134
1790359005.453336,1.4606610056944191
1790359005.4655716,1.7102109850384295
1790359005.467949,1.3696370006073266
1790359005.4696069,1.411881996318698
1790359005.4701102,1.1857910139951855
1790359005.471392,1.0281510185450315
1790359005.476176,1.2078569852747023
1790359005.4837232,1.5648150001652539
1790359005.5117543,5.236650991719216
1790359005.5154214,4.788694001035765
1790359005.5155365,3.4572849981486797
1790359005.5199294,1.8985890201292932
1790359005.5208094,1.6588590224273503
1790359005.5219035,1.0857179877348244
1790359005.5239584,1.1988980113528669
1790359005.5290382,1.9047950045205653
1790359005.5320377,1.2708069989457726
1790359005.5459702,1.9812450045719743
1790359005.5467656,1.679278997471556
1790359005.552671,1.8237420008517802
1790359005.5530941,1.3832020049449056
1790359005.5548308,1.0160470264963806
1790359005.5645125,3.3287459809798747
1790359005.5677624,2.131729997927323
1790359005.5699532,1.2426339962985367
1790359005.5736537,1.7387889965903014
1790359005.5798244,1.6144819965120405
1790359005.5845497,1.4316999877337366
1790359005.6011324,1.765138003975153
1790359005.6080005,1.8319209921173751
1790359005.6080778,2.6376690075267106
1790359005.6199608,1.7031940224114805
1790359005.647455,1.6941530047915876
1790359005.667138,2.419912983896211
1790359005.6685312,1.2772330082952976
1790359005.6690109,2.300694992300123
1790359005.6946409,1.8243899976368994
1790359005.697404,1.5571769909001887
1790359005.7054036,2.5857379951048642
1790359005.7060633,2.5881559995468706
1790359005.7061148,1.8541660101618618
1790359005.7112484,1.6929380071815103
1790359005.7177,1.4113379875198007
1790359005.721365,1.3462689821608365
1790359005.726066,1.9240539986640215
1790359005.7290373,1.3688959879800677
1790359005.7389522,1.479998987633735
1790359005.7426147,2.2014360001776367
1790359005.7439885,1.1777929903473705
1790359005.747646,1.431946991942823
1790359005.7525685,1.773063006112352
1790359005.7617733,1.579208008479327
1790359005.7647004,1.3553779863286763
1790359005.7658374,1.1282230261713266
1790359005.7707872,1.3868489768356085
1790359005.7833173,1.642951014218852
1790359005.7856367,1.7425460100639611
1790359005.7868798,2.4409129982814193
1790359005.7924984,1.8305520061403513
1790359005.7968166,1.353712985292077
1790359005.807591,1.8471700022928417
1790359005.813626,2.332308009499684
1790359005.8136828,2.853826998034492
1790359005.8176324,1.2748439912684262
1790359005.8232634,1.791894988855347
1790359005.825074,2.8199829976074398
1790359005.834705,1.8029969942290336
1790359005.86,2.1339409868232906
1790359005.8655698,2.17384600546211
1790359005.8658204,3.3699769992381334
1790359005.8733943,2.9946310096420348
1790359005.8738387,3.9385499840136617
1790359005.874572,1.168682996649295
1790359005.8802717,1.7153869848698378
1790359005.8822436,1.410575001500547
1790359005.885227,1.6037419845815748
1790359005.8859308,1.2878940033260733
1790359005.887308,1.0750569927040488
1790359005.8961794,1.8403599970042706
1790359005.9100945,2.0426319970283657
1790359005.9149659,1.4837860071565956
1790359005.9163241,1.3474790030159056
1790359005.923675,1.2071770033799112
1790359005.9360197,1.6521509969606996
1790359005.946065,1.7774099833332002
1790359005.946136,2.4504970060661435
1790359005.9484556,1.2681340158451349
1790359005.9511886,1.2908840144518763
1790359005.952798,1.6014880093280226
1790359005.95351,1.5547179791610688
1790359005.954669,1.862661010818556
1790359005.9675071,1.5954239934217185
1790359005.973481,1.448213995900005
1790359005.9883842,3.909499995643273
1790359005.9970179,1.6773149836808443
1790359005.9985688,1.5411859785672277
1790359006.0057988,1.4860910014249384
1790359006.012012,1.5125460049603134
1790359006.0255327,1.8156020087189972
1790359006.057358,3.7678249937016517
1790359006.057525,2.6879750075750053
1790359006.0590549,4.831541009480134
1790359006.0620034,2.855524973710999
1790359006.0621312,3.4699649841059
1790359006.062204,2.0890769956167787
1790359006.0645206,1.5224019880406559
1790359006.06903,1.308352017076686
1790359006.0720932,1.2391339987516403
1790359006.0763552,2.0475579949561507
1790359006.0771182,1.6397179861087352
1790359006.0877705,2.6799250044859946
1790359006.0881188,2.2030409891158342
1790359006.0892744,1.1468259908724576
1790359006.0915184,1.3540649961214513
1790359006.094526,1.5300259983632714
1790359006.0988815,1.3179309898987412
1790359006.1000934,1.2030439975205809
1790359006.1068804,1.63278600666672
1790359006.120663,1.573353016283363
1790359006.1235974,1.3512510049622506
1790359006.1253152,1.706439012195915
1790359006.1270916,1.2571130064316094
1790359006.12937,1.3725630124099553
1790359006.1355941,1.6235230141319335
1790359006.154725,2.1375310025177896
1790359006.1556726,1.865764003014192
1790359006.1562166,1.3221649860497564
1790359006.1591992,1.3699970149900764
1790359006.1624207,1.8442279833834618
1790359006.163199,1.9898509781342
1790359006.165982,1.4083569985814393
1790359006.1660671,2.0695410203188658
1790359006.1692386,1.277108007343486
1790359006.1813061,2.0029869920108467
1790359006.1815894,1.8196990131400526
1790359006.185148,2.0706189970951527
1790359006.1876423,1.1515269870869815
1790359006.2072263,3.5748220107052475
1790359006.2076101,4.704513004980981
1790359006.2084944,2.0645289914682508
1790359006.2230754,2.6994349900633097
1790359006.2245095,3.3225550141651183
1790359006.2255006,2.399922988843173
1790359006.2312057,1.7877439968287945
1790359006.232013,1.5530670061707497
1790359006.2428253,1.7401660152245313
1790359006.244679,1.4224069891497493
1790359006.25518,1.8584860081318766
1790359006.2638602,1.443508022930473
1790359006.2692814,1.5093880065251142
1790359006.2750688,2.0421350200194865
1790359006.275145,2.6196989929303527
1790359006.2792368,1.4093900099396706
1790359006.2803807,1.13531100214459
1790359006.2825332,1.4171520015224814
1790359006.2873497,1.253196009201929
1790359006.2893362,1.3218579988460988
1790359006.2997687,2.5382690073456615
1790359006.3003461,2.343644999200478
1790359006.3044288,1.5384359867312014
1790359006.3139763,1.6670449986122549
1790359006.3261688,1.869867992354557
1790359006.3297794,1.2384640285745263
1790359006.3326395,1.462251995690167
1790359006.3368177,1.3343490136321634
1790359006.339109,2.281916997162625
1790359006.3399606,1.9108279957436025
1790359006.382654,3.6174349952489138
1790359006.3893678,2.188154001487419
1790359006.4020398,2.273921010782942
1790359006.4047616,1.601037016371265
1790359006.411984,1.3922140060458332
1790359006.431665,2.4805550056044012
1790359006.4336324,1.8305440025869757
1790359006.4338903,1.4902519760653377
1790359006.4404204,2.155053982278332
1790359006.443091,3.951233986299485
1790359006.5328763,91.50621501612477
1790359006.5421584,99.65223600738682
1790359006.5687766,125.33161099418066
1790359006.5691512,122.2169240063522
1790359006.569619,125.08326300303452
1790359006.5696805,120.25419599376619
1790359006.5701349,118.18961700191721
1790359006.5709555,118.3935150038451
1790359006.57668,111.09871199005283
1790359006.5772638,44.24614302115515
1790359006.598078,25.461624027229846
1790359006.6043713,30.450806982116774
1790359006.6045508,31.394935998832807
1790359006.6048925,134.4777799968142
1790359006.605196,24.501212988980114
1790359006.605717,25.103915977524593
1790359006.606069,18.37173698004335
1790359006.6065395,18.259901989949867
1790359006.606644,17.852464981842786
1790359006.6071782,6.812709005316719
1790359006.607536,4.831324011320248
1790359006.656941,19.437146984273568
1790359006.6781228,39.52530599781312
1790359006.6894865,48.03409698070027
1790359006.6941276,36.8532559950836
1790359006.694196,70.11469101416878
1790359006.7158706,61.068215989507735
1790359006.7212377,61.781046009855345
1790359006.723152,52.59638698771596
1790359006.723893,65.11973499436863
1790359006.724201,46.06565798167139
1790359006.7275,28.80355398519896
1790359006.7278621,25.267687015002593
1790359006.7285166,18.73465400421992
1790359006.728646,3.9803130202926695
1790359006.7287521,49.55208898172714
1790359006.729015,40.093759016599506
1790359006.7290704,3.3722019870765507
1790359006.7640488,24.39174402388744
1790359006.7643955,33.75049299211241
1790359006.7645733,13.257824000902474
1790359006.7659025,11.022324004443362
1790359006.7670782,9.841157007031143
1790359006.767325,10.599184985039756
1790359006.768942,3.026833990588784
1790359006.7690115,1.6726100002415478
1790359006.7861896,1.7848830029834062
1790359006.797795,2.875905018299818
1790359006.7978787,3.4642819955479354
1790359006.839033,33.868635015096515
1790359006.8398123,21.81955601554364
1790359006.8398886,29.09500600071624
1790359006.8405492,9.519623999949545
1790359006.8407516,36.08569799689576
1790359006.841302,5.12448899098672
1790359006.8413575,4.512226005317643
1790359006.8435018,1.4146239846013486
1790359006.8830602,31.600888003595173
1790359006.8845708,13.979314011521637
1790359006.8851342,34.89878599066287
1790359006.8852348,3.313324006740004
1790359006.885338,14.210038993041962
1790359006.8854108,12.373532983474433
1790359006.8881474,1.3049569970462471
1790359006.8905058,1.4062469999771565
1790359006.8987522,1.3898540055379272
1790359006.9095068,3.6211709957569838
1790359006.9105158,4.108788998564705
1790359006.9110315,3.5075089836027473
1790359006.911113,4.043435998028144
1790359006.9158065,1.5273320022970438
1790359006.9243498,1.5278919890988618
1790359006.9566128,24.30026899673976
1790359006.95691,23.156471987022087
1790359006.957511,33.12038100557402
1790359006.9582155,19.528477016137913
1790359006.958311,17.131854983745143
1790359006.9584072,24.119637004332617
1790359006.9585123,10.998248995747417
1790359006.9587955,2.912245981860906
1790359006.9637413,1.3692990178242326
1790359006.9652078,1.3031059934291989
1790359006.9785378,1.5977949951775372
1790359006.980466,1.217404002090916
1790359007.0196865,27.83299799193628
1790359007.0327606,49.36439299490303
1790359007.0581558,58.26910102041438
1790359007.0583038,28.811780008254573
1790359007.0586576,24.57748999586329
1790359007.0590389,58.51260499912314
1790359007.0591695,53.5710460098926
1790359007.0592313,62.26598599459976
1790359007.0593867,58.149510994553566
1790359007.0595315,63.79077900783159
1790359007.0596025,55.44030902092345
1790359007.136943,30.374972004210576
1790359007.1370394,96.4260809996631
1790359007.1377754,68.83550400380045
1790359007.1392865,72.92873298865743
1790359007.1402798,58.44851999427192
1790359007.1406374,64.03070598025806
1790359007.1426687,63.20226099342108
1790359007.1440141,3.3670709817670286
1790359007.1443558,6.2873200222384185
1790359007.1444094,2.9140360129531473
1790359007.156998,6.693949020700529
1790359007.157119,28.51622601156123
1790359007.177004,62.53447299241088
1790359007.1905396,80.20467500318773
1790359007.1906936,69.11272599245422
1790359007.191385,58.84747201343998
1790359007.1920226,70.35483399522491
1790359007.1925614,38.0745209986344
1790359007.1928794,31.257102004019544
1790359007.1936443,29.37018999364227
1790359007.193824,26.741740002762526
1790359007.1956398,27.58171400637366
1790359007.1957572,12.434200005372986
1790359007.1965787,1.7632069939281791
1790359007.199166,1.414172991644591
1790359007.2016559,2.4803690030239522
1790359007.2019374,2.0263790211174637
1790359007.2108982,2.9956320067867637
1790359007.210993,3.187816997524351
1790359007.214228,1.562870980706066
1790359007.2220962,1.5720200026407838
1790359007.2565315,34.16836299584247
1790359007.2570755,21.092619019327685
1790359007.2571814,9.361691016238183
1790359007.2775598,1.8212900031358004
1790359007.2846878,2.638657024363056
1790359007.285644,1.394730992615223
1790359007.2944787,1.3741209986619651
1790359007.298108,1.5756790235172957
1790359007.332715,26.412736013298854
1790359007.339512,32.339765020878986
1790359007.341381,37.37754901521839
1790359007.342267,30.228496994823217
1790359007.3703902,47.128798003541306
1790359007.370918,46.8859410029836
1790359007.3714774,46.12089498550631
1790359007.371856,36.658562981756404
1790359007.372064,31.982789980247617
1790359007.3737333,34.21023898408748
1790359007.3738747,32.118827977683395
1790359007.374146,11.051701992982998
1790359007.374433,2.2245810250751674
1790359007.3776023,1.3561949890572578
1790359007.378913,1.132353994762525
1790359007.3971715,1.8880509887821972
1790359007.3995652,1.3374520058277994
1790359007.4071608,7.286370993824676
1790359007.43169,31.350689008831978
1790359007.4323316,26.477912004338577
1790359007.4331253,27.76408300269395
1790359007.4337847,16.26757500343956
1790359007.4340768,27.70327901816927
1790359007.4344943,11.143910989630967
1790359007.4345462,12.945791997481138
1790359007.4390593,1.7208649951498955
1790359007.4517465,2.5314469821751118
1790359007.4530134,2.321323991054669
1790359007.4590333,1.4254910056479275
1790359007.4609463,1.4638810243923217
1790359007.463639,1.795899006538093
1790359007.484312,2.1508009813260287
1790359007.4908516,1.5020899882074445
1790359007.534109,42.49577398877591
1790359007.5396323,42.06293899915181
1790359007.6086524,1143.7020119919907
1790359007.618432,112.42524901172146
1790359007.6194997,115.06254799314775
1790359007.6355293,1180.455793015426
1790359007.6497881,144.28727701306343
1790359007.6517909,96.03667998453602
1790359007.6519434,144.09436599817127
1790359007.6533437,142.2939909971319
1790359007.654326,114.86122201313265
1790359007.6548624,1153.6386189982295
1790359007.6698327,51.38365502352826
1790359007.6703973,1125.7371829997282
1790359007.6852977,35.49375099828467
1790359007.6883547,39.785025001037866
1790359007.6886795,36.72431598533876
1790359007.6895306,37.703352980315685
1790359007.6903043,35.432383010629565
1790359007.7009523,46.61416599992663
1790359007.7321095,61.699711019173265
1790359007.7428412,57.52747200313024
1790359007.7527318,82.88227699813433
1790359007.7532027,65.7974180066958
1790359007.7533588,64.66782401548699
1790359007.7547824,68.85979301296175
1790359007.764916,75.37336001405492
1790359007.7659764,75.66039601806551
1790359007.7813044,49.180580012034625
1790359007.801241,64.29173998185433
1790359007.801327,100.36182598560117
1790359007.8180103,1112.960294005461
1790359007.8331811,92.03844500007108
1790359007.8391902,86.43192501040176
1790359007.8505602,97.18907697242685
1790359007.8515062,1134.6224939916283
1790359007.8523347,86.34599798824638
1790359007.853103,51.76176701206714
1790359007.8536758,88.74844998354092
1790359007.8578913,39.864525984739885
1790359007.8837965,44.5927050022874
1790359007.8839178,57.222054980229586
1790359007.884077,33.505547005916014
1790359007.8865008,34.15390200098045
1790359007.8869128,33.79431099165231
1790359007.888453,34.76727899396792
1790359007.8892417,5.151834979187697
1790359007.8908818,32.974966015899554
1790359007.8915024,4.580796987283975
1790359007.8927047,8.889215998351574
1790359007.893599,7.088419020874426
1790359007.894156,4.901832988252863
1790359007.8956401,2.925667999079451
1790359007.8976686,6.156928982818499
1790359007.8981154,9.650394989876077
1790359007.8986328,5.019500007620081
1790359007.899779,8.886005001841113
1790359007.9011068,5.455314996652305
1790359007.9012158,7.047868013614789
1790359007.9038048,5.160504020750523
1790359007.9040182,6.33966299938038
1790359007.9052866,5.495537014212459
1790359007.9061103,7.984540017787367
1790359007.9065773,5.458471976453438
1790359007.907344,6.118899997090921
1790359007.9087987,3.5022700030822307
1790359007.9103239,6.296884996118024
1790359007.9108608,7.045067992294207
1790359007.9118998,4.546275013126433
1790359007.913769,7.649423991097137
1790359007.9146597,5.852153000887483
1790359007.9151018,4.76719398284331
1790359007.9160607,9.474891994614154
1790359007.9184942,6.5845290082506835
1790359007.9189763,4.307411989429966
1790359007.9195795,5.800799990538508
1790359007.9200633,9.19068799703382
1790359007.9235358,8.423857012530789
1790359007.949586,35.35582000040449
1790359007.9500308,33.95994199672714
1790359007.9511788,32.674713991582394
1790359007.952684,33.69892301270738
1790359007.954074,30.527101014740765
1790359007.9545271,4.482533986447379
1790359007.9553552,35.28183497837745
1790359007.9559505,4.7588210145477206
1790359007.956473,36.88355701160617
1790359007.9584553,3.919047972885892
1790359007.9593415,6.647022994002327
1790359007.959847,4.477955983020365
1790359007.9609978,6.901262997416779
1790359007.9616575,5.694808001862839
1790359007.9621108,3.6459039838518947
1790359007.9633584,6.8752260121982545
1790359007.9647462,3.07648500893265
1790359007.9657106,6.356361991493031
1790359007.9670417,3.672694001579657
1790359007.9673896,5.2694479818455875
1790359007.9680707,8.211537002352998
1790359007.9686646,7.657322013983503
1790359007.9708498,6.0912640183232725
1790359007.9724889,6.767815008061007
1790359007.9741287,6.0481059772428125
1790359007.9742236,7.173455989686772
1790359007.974293,6.894823018228635
1790359007.9754279,6.753989000571892
1790359007.9758356,926.4611430116929
1790359007.9760768,3.575499024009332
1790359007.9761689,5.3047969995532185
1790359008.0060427,28.738348017213866
1790359008.0079503,24.39312302158214
1790359008.0089073,19.971686997450888
1790359008.0091531,35.39879299933091
1790359008.009755,15.31617299770005
1790359008.0104787,4.419993987539783
1790359008.0105617,22.452036006143317
1790359008.0106556,13.376724004046991
1790359008.0107977,9.659319999627769
1790359008.0110328,3.069591009989381
1790359008.0134614,1.3445669901557267
1790359008.017233,1.3432549894787371
1790359008.0216815,1.2761819816660136
1790359008.0243995,1.0986799898091704
1790359008.0321958,3.5718099970836192
1790359008.0334795,1536.0599500127137
1790359008.0335574,3.9790020091459155
1790359008.0390937,1509.7270990081597
1790359008.0662131,1577.44060899131
1790359008.0666578,1586.4369129994884
1790359008.066975,1535.3065660165157
1790359008.0670319,1572.7157029905356
1790359008.0829325,51.36924798716791
1790359008.097235,56.690483004786074
1790359008.0973713,61.852195009123534
1790359008.0979602,49.379889998817816
1790359008.0985808,1060.007513005985
1790359008.0986788,1060.7464519853238
1790359008.0994332,31.21637098956853
1790359008.1003878,1091.3214159954805
1790359008.1007204,23.223978001624346
1790359008.1009164,4.829398007132113
1790359008.1024928,1.43696297891438
1790359008.1038551,1.2356610095594078
1790359008.1083014,3.427082992857322
1790359008.1089766,3.385143994819373
1790359008.109848,5.496436991961673
1790359008.1103842,3.611713007558137
1790359008.115712,9.441588015761226
1790359008.133658,24.67193698976189
1790359008.1403108,28.992968989768997
1790359008.1415782,33.47053698962554
1790359008.1416903,15.7588760193903
1790359008.1421688,12.00501000857912
1790359008.1424177,9.647646016674116
1790359008.1427038,10.581410984741524
1790359008.1488426,14.470528985839337
1790359008.1595705,1091.4279269927647
1790359008.1707578,23.57714099343866
1790359008.1708221,1093.6219780123793
1790359008.1743622,1108.5803729947656
1790359008.1746826,1132.1679129905533
1790359008.1747508,1123.356760974275
1790359008.1855905,1113.0706219992135
1790359008.20189,1149.6908119879663
1790359008.206842,46.57447399222292
1790359008.206959,1113.0225170054473
1790359008.2080762,32.55730599630624
1790359008.2091088,32.25965399178676
1790359008.2098978,31.66177700040862
1790359008.2100463,30.563195992726833
1790359008.2105162,30.02242199727334
1790359008.2109115,7.294925017049536
1790359008.2161922,11.773647012887523
1790359008.258899,45.9751499874983
1790359008.2746708,57.010339020052925
1790359008.276558,68.4196739748586
1790359008.2766557,57.49554597423412
1790359008.2865222,75.17615499091335
1790359008.2967973,74.62473600753583
1790359008.3339832,104.85412197886035
1790359008.3401668,1168.4837819775566
1790359008.34182,116.16748900269158
1790359008.3420784,118.44910000218078
1790359008.3429244,94.27514401613735
1790359008.343533,66.86523099779151
1790359008.3436637,68.97726000170223
1790359008.3488176,1333.1249790207949
1790359008.4360652,95.88420498766936
1790359008.4371936,125.39698599721305
1790359008.4381013,105.88263199315406
1790359008.4388213,142.91285499348305
1790359008.4393392,96.4018969971221
1790359008.440594,96.91981101059355
1790359008.4415438,98.00083699519746
1790359008.4425135,1352.4902109929826
1790359008.4434657,1354.0936800127383
1790359008.444948,1352.8012039896566
1790359008.4465497,5.9422909980639815
1790359008.4474022,8.051049982896075
1790359008.447959,1378.2478209759574
1790359008.4501998,8.646258007502183
1790359008.4505982,8.075018995441496
1790359008.4513173,6.354548007948324
1790359008.4517348,15.65358298830688
1790359008.452588,9.110702987527475
1790359008.4549158,6.94649200886488
1790359008.4566317,9.217977989464998
1790359008.457257,7.047395018162206
1790359008.4582007,11.638450989266858
1790359008.4591649,8.557168010156602
1790359008.4627264,10.981470986735076
1790359008.4636524,8.723979990463704
1790359008.4641342,12.80561400926672
1790359008.467423,14.825474005192518
1790359008.472965,16.319858987117186
1790359008.4840722,25.86021600291133
1790359008.4895716,32.30275699752383
1790359008.4936578,34.483347000787035
1790359008.4941683,35.435443016467616
1790359008.494615,31.878551992122084
1790359008.4957237,31.58019599504769
1790359008.4970992,33.437731995945796
1790359008.4981787,33.23234900017269
1790359008.4988484,31.415384990395978
1790359008.5001397,6.471185013651848
1790359008.5005543,16.47077000234276
1790359008.5012991,6.671678012935445
1790359008.5024414,6.705040985252708
1790359008.5031717,4.314254008932039
1790359008.5065882,1489.466438011732
1790359008.5077312,9.542157989926636
1790359008.5077984,10.689799004467204
1790359008.5083673,7.803966000210494
1790359008.5085537,1492.3348249867558
1790359008.5087993,7.490960997529328
1790359008.508937,8.787655999185517
1790359008.5097077,6.526486977236345
1790359008.5097823,7.331489992793649
1790359008.5100942,3.4950749832205474
1790359008.5101523,4.322033026255667
1790359008.5175216,1.81520901969634
1790359008.5225258,2.3589949996676296
1790359008.5246046,2.8486389783211052
1790359008.5254304,2.022116008447483
1790359008.5254867,2.6956289948429912
1790359008.5342875,1.6738389967940748
1790359008.537938,1.869021012680605
1790359008.5413015,1.484199019614607
1790359008.5560808,1015.3982480114792
1790359008.5564988,1019.0377469989471
1790359008.5573766,1024.045757978456
1790359008.5577674,1025.559682981111
1790359008.5578291,1023.5510269994847
1790359008.5631855,1044.3193819955923
1790359008.5635364,1033.2337589934468
1790359008.5892124,34.21208600047976
1790359008.5903082,29.22264000517316
1790359008.5911589,1075.0283090164885
1790359008.6020954,41.14472502260469
1790359008.6276402,65.08726900210604
1790359008.6530054,70.84279300761409
1790359008.6535642,69.11452999338508
1790359008.6537104,83.23649698286317
1790359008.6646748,72.87617400288582
1790359008.6851048,110.85352601367049
1790359008.6861973,81.22526700026356
1790359008.6864085,81.96158800274134
1790359008.686497,76.44250598968938
1790359008.6880863,73.80260500940494
1790359008.6891685,23.106821987312287
1790359008.6892965,18.137761013349518
1790359008.6894562,37.74743899703026
1790359008.6895397,21.052845986559987
1790359008.6904685,18.87352400808595
1790359008.6906023,3.5264600010123104
1790359008.691679,1.6287970065604895
1790359008.724473,28.47102700616233
1790359008.7245917,32.51130599528551
1790359008.7246683,28.093792992876843
1790359008.725627,24.779602012131363
1790359008.7264104,26.02337099961005
1790359008.726893,21.691810979973525
1790359008.7269588,4.106265987502411
1790359008.727698,1.2784269929397851
1790359008.7333279,1.6508259868714958
1790359008.7430685,1.7165349854622036
1790359008.7539108,1.4774110168218613
1790359008.7585247,1.6984389803837985
1790359008.7685478,1.6708329785615206
1790359008.7755163,1.5104310004971921
1790359008.7778275,1.2082400207873434
1790359008.7816372,1.7779689806047827
1790359008.7839086,1.2446909968275577
1790359008.799124,1017.8077619930264
1790359008.804503,1061.6325110022444
1790359008.8101516,13.497160020051524
1790359008.836425,33.98132399888709
1790359008.8599222,1079.4819360016845
1790359008.8600972,56.29242199938744
1790359008.8660297,68.8397340127267
1790359008.8761263,71.11236601485871
1790359008.898112,80.41177000268362
1790359008.8985925,68.5069159953855
1790359008.8994725,58.88626500382088
1790359008.8995612,82.790150976507
1790359008.8996556,60.687121003866196
1790359008.9009523,47.412420011824
1790359008.9108624,52.46412300039083
1790359008.917901,40.93112697592005
1790359008.9289024,25.26107701123692
1790359008.9289784,28.929975000210106
1790359008.936012,64.91138201090507
1790359008.9363515,28.027305990690365
1790359008.9373212,26.18436299962923
1790359008.9376657,20.849507011007518
1790359008.9378014,13.705273013329133
1790359008.9382339,3.4216810017824173
1790359008.9419198,1.6304189921356738
1790359008.974345,1048.2904149976093
1790359008.9748945,26.502023974899203
1790359008.9758508,25.4419140110258
1790359008.976512,22.98303198767826
1790359008.9766371,21.561038010986522
1790359008.9772208,18.727818998740986
1790359008.9782622,17.949814995517954
1790359009.0056176,34.51468501589261
1790359009.011401,34.0034109831322
1790359009.015826,31.094521982595325
1790359009.01612,20.67833300679922
1790359009.016623,22.017873008735478
1790359009.0171795,17.095562012400478
1790359009.0179906,52.15012200642377
1790359009.018062,8.643355977255851
1790359009.0199733,2.7793629851657897
1790359009.028221,2.5515820016153157
1790359009.0308204,2.020120999077335
1790359009.035781,2.836844010744244
1790359009.03589,3.520691010635346
1790359009.0388248,1.6791489906609058
1790359009.0447993,3.323040989926085
1790359009.046428,3.745916998013854
1790359009.046563,2.2674289939459413
1790359009.0466223,3.3348209981340915
1790359009.0541592,2.0553399808704853
1790359009.0582604,1.6402109758928418
1790359009.1269853,61.37786799808964
1790359009.127408,62.60915900929831
1790359009.1301558,63.77506599528715
1790359009.1312397,68.82697800756432
1790359009.1314225,62.00881500262767
1790359009.1335785,44.574477011337876
1790359009.1346438,52.273206994868815
1790359009.1353524,61.951037001563236
1790359009.1494296,1069.508271990344
1790359009.1601048,1101.7975849972572
1790359009.1673706,37.204079009825364
1790359009.1683786,34.7791830135975
1790359009.1694398,1089.0365189989097
1790359009.16983,32.89162099827081
1790359009.1708972,35.532103007426485
1790359009.1720915,11.975711997365579
1790359009.1725125,23.068972019245848
1790359009.1730468,5.662755022058263
1790359009.1733115,41.87741799978539
1790359009.1750574,5.2183319930918515
1790359009.1752841,6.894597987411544
1790359009.176834,4.732433008030057
1790359009.1774971,3.9651700062677264
1790359009.177801,6.89470098586753
1790359009.1782074,2.7844710275530815
1790359009.17927,2.2527059772983193
1790359009.182958,1025.664750020951
1790359009.1907637,1.4018329966347665
1790359009.1928704,1012.904636998428
1790359009.1933792,1035.935158986831
1790359009.1955953,1.299836003454402
1790359009.2170508,2.080501988530159
1790359009.229797,1.643063995288685
1790359009.2314732,1.279652991797775
1790359009.242222,1.7721409967634827
1790359009.2485502,1.6911870043259114
1790359009.2544022,2.0679410081356764
1790359009.255762,1.3468429970089346
1790359009.2636929,1076.7502399976365
1790359009.264045,1074.7101989982184
1790359009.2641375,1032.2135850146879
1790359009.2709105,1.8308369908481836
1790359009.2731938,1.5897720004431903
1790359009.3135717,35.02192601445131
1790359009.3137453,32.61294201365672
1790359009.3147578,39.401779999025166
1790359009.315234,25.909474992658943
1790359009.3158262,7.033836998743936
1790359009.316058,23.870044999057427
1790359009.3167691,5.969252990325913
1790359009.3389027,1285.4828329873271
1790359009.3446639,1313.6782700021286
1790359009.357479,1301.9979879900347
1790359009.3593674,36.642191000282764
1790359009.3597903,1300.9645820129663
1790359009.3598783,35.3100810025353
1790359009.3604467,1287.5199580157641
1790359009.361057,21.60247100982815
1790359009.3611245,30.31192597700283
1790359009.3617215,1101.1215600010473
1790359009.361879,1027.884228999028
1790359009.3623755,1101.0401789972093
1790359009.3625467,7.531618000939488
1790359009.362884,4.729726002551615
1790359009.364443,1.5496799896936864
1790359009.373825,1.7766710079740733
1790359009.3765488,1.7035719938576221
1790359009.3768804,2.6423830131534487
1790359009.4000227,1.741751009831205
1790359009.4029222,1.473794982302934
1790359009.4056356,1.3230859767645597
1790359009.4350479,23.066974012181163
1790359009.4422555,24.324953992618248
1790359009.4427836,13.444019015878439
1790359009.4455755,14.655956998467445
1790359009.4456794,39.31364099844359
1790359009.4568052,1107.9754760139622
1790359009.4784586,45.127827004762366
1790359009.48553,51.17791099473834
1790359009.5021539,1091.530617006356
1790359009.5068433,60.193267010618
1790359009.5130713,74.06323301256634
1790359009.513421,66.01915101055056
1790359009.51435,60.08711800677702
1790359009.5146544,59.16926998179406
1790359009.514795,53.12548001529649
1790359009.5150876,49.32325999834575
1790359009.5161867,32.363955018809065
1790359009.5165088,5.0540000083856285
1790359009.5165753,6.706123996991664
1790359009.521128,1.265972008695826
1790359009.5240192,1.5431419888045639
1790359009.5244546,1.1938620009459555
1790359009.5358784,1.583097007824108
1790359009.5398428,1.6705369926057756
1790359009.54038,1.2537209840957075
1790359009.5481083,3.5272760142106563
1790359009.5500493,4.134235990932211
1790359009.5511403,3.0116179841570556
1790359009.5568397,1.6087430121842772
1790359009.5610757,1.9251100020483136
1790359009.5957842,28.09406499727629
1790359009.5958974,29.313408973393962
1790359009.5962043,32.89388501434587
1790359009.5962687,26.180029002716765
1790359009.5969508,24.435116996755823
1790359009.5972183,24.24935798626393
1790359009.607983,28.750900004524738
1790359009.6185777,38.470095983939245
1790359009.6270795,33.689558011246845
1790359009.6282253,23.89616798609495
1790359009.629549,25.636766018578783
1790359009.629631,15.801271016243845
1790359009.6346803,14.925330004189163
1790359009.6610932,30.951802007621154
1790359009.6623514,35.84851897903718
1790359009.6722097,34.2638709989842
1790359009.7023933,56.22889200458303
1790359009.7077668,62.274625001009554
1790359009.7498274,98.03416597424075
1790359009.758973,111.73772200709209
1790359009.7590888,101.55299099278636
1790359009.7595966,110.3746360167861
1790359009.7606828,75.83240699023008
1790359009.7612278,64.51401699450798
1790359009.762627,44.499662006273866
1790359009.7642272,20.168137998552993
1790359009.7643156,8.514341025147587
1790359009.7652879,7.593109010485932
1790359009.7656066,5.853521986864507
1790359009.7657232,2.702316007344052
1790359009.765787,4.549142991891131
1790359009.7687688,1.7097549862228334
1790359009.772692,1.432803983334452
1790359009.7803924,2.6409220008645207
1790359009.8087332,29.890294012147933
1790359009.8134923,22.209907008800656
1790359009.8145778,35.31881401431747
1790359009.8148377,18.71905499137938
1790359009.81525,19.64816002873704
1790359009.8158958,17.72645299206488
1790359009.8161938,16.341151000233367
1790359009.8176348,12.104475987143815
1790359009.8177507,9.692601015558466
1790359009.8188045,2.3997169919312
1790359009.8236058,1.5193080180324614
1790359009.827327,3.2712390238884836
1790359009.827397,2.371053007664159
1790359009.827487,2.92746999184601
1790359009.8291562,1.5463059826288372
1790359009.8353896,1.8580780015327036
1790359009.849949,2.133191010216251
1790359009.8548145,1.4176630065776408
1790359009.8574653,1.5522839967161417
1790359009.8797717,14.738308993401006
1790359009.895845,21.852787991520017
1790359009.896257,34.203826013254
1790359009.8974636,1260.5124750116374
1790359009.897533,19.824454007903114
1790359009.8978393,18.05730100022629
1790359009.8982491,1287.3153570108116
1790359009.8987632,10.504227015189826
1790359009.8990934,1281.2185990042053
1790359009.9105487,11.587624991079792
1790359009.9426138,42.92293800972402
1790359009.947336,1299.5372690202203
1790359009.9474251,1058.7860890082084
1790359009.963017,54.51913399156183
1790359009.9944196,1140.2133660158142
1790359010.0054288,1117.6472700026352
1790359010.0261235,84.06299300258979
1790359010.026731,72.49551801942289
1790359010.0289605,65.39910598075949
1790359010.0296285,102.66487899934873
1790359010.0306811,37.15852799359709
1790359010.0313733,25.930281990440562
1790359010.0321732,63.47512500360608
1790359010.032613,37.76426397962496
1790359010.034,7.860559009714052
1790359010.0347753,7.898273994214833
1790359010.0350835,6.113110022852197
1790359010.03794,5.317823000950739
1790359010.0387628,6.578375003300607
1790359010.0406005,6.5911329875234514
1790359010.0410163,10.324408009182662
1790359010.041635,6.84805097989738
1790359010.0418396,6.744686019374058
1790359010.0428019,11.419833026593551
1790359010.0442486,6.29610798205249
1790359010.0443103,5.535782023798674
1790359010.0444167,3.806413005804643
1790359010.044488,3.4595899924170226
1790359010.073611,27.441990008810535
1790359010.0805056,33.011657011229545
1790359010.0816655,36.10469400882721
1790359010.0825102,27.02007399057038
1790359010.0832121,30.517273989971727
1790359010.0838952,23.372696014121175
1790359010.0845525,19.3044499901589
1790359010.084691,17.423057986889035
1790359010.114209,45.5331550037954
1790359010.114694,46.38166300719604
1790359010.115085,34.56723698764108
1790359010.115215,32.6930379960686
1790359010.1158824,25.05072599160485
1790359010.1159565,32.733121974160895
1790359010.1171107,24.118854984408244
1790359010.1180413,17.170745006296784
1790359010.1181495,3.926431993022561
1790359010.1237788,1.6494309820700437
1790359010.1268117,1.761898020049557
1790359010.1294801,3.660464979475364
1790359010.131176,2.3972899944055825
1790359010.1317348,3.7490520044229925
1790359010.1371934,8.850047015585005
1790359010.1372716,10.252761014271528
1790359010.1643062,25.647041999036446
1790359010.1652765,1275.973382027587
1790359010.1653693,35.09184901486151
1790359010.1669707,1293.8743889972102
1790359010.1671398,1325.677562999772
1790359010.1674833,1295.2847949927673
1790359010.1675627,1064.0363629790954
1790359010.1686797,11.904134007636458
1790359010.1688223,1046.8759610084817
1790359010.1754012,2.981466008350253
1790359010.1758678,3.3775960037019104
1790359010.175937,2.4306259874720126
1790359010.1762028,2.7730139845516533
1790359010.1810641,1.2458570126909763
1790359010.216338,23.049583978718147
1790359010.2167413,31.715428980533034
1790359010.2171493,22.30502202291973
1790359010.217449,16.833098023198545
1790359010.2181,15.54041900089942
1790359010.2181532,5.011706001823768
1790359010.2205875,1.136535982368514
1790359010.2235582,1.398666005115956
1790359010.2270792,1.3280900020617992
1790359010.2414339,1.7939340032171458
1790359010.2464037,3.116236999630928
1790359010.2475863,3.391417005332187
1790359010.248225,5.0597210065461695
1790359010.2789586,31.515532988123596
1790359010.2794745,29.261501011205837
1790359010.2797456,34.64778800844215
1790359010.2804363,27.271475992165506
1790359010.2826285,18.08698699460365
1790359010.2827792,20.502514991676435
1790359010.282971,13.159403984900564
1790359010.2833638,12.104759982321411
1790359010.284147,15.471253980649635
1790359010.2843275,3.296115988632664
1790359010.2847345,1.3627019943669438
1790359010.286081,1.089313009288162
1790359010.2947257,1.9532199949026108
1790359010.2955346,1.5919749857857823
1790359010.2959702,1.1191800003871322
1790359010.3106515,1.999386993702501
1790359010.3112419,1.3602809922304004
1790359010.3134043,1.720115978969261
1790359010.313485,2.23352899774909
1790359010.3167493,1.3125610130373389
1790359010.3183029,1.2161250051576644
1790359010.3244019,1.334687985945493
1790359010.3736458,31.445704982616007
1790359010.3737626,36.592366988770664
1790359010.375056,25.571350008249283
1790359010.3755033,26.57488000113517
1790359010.375712,23.966293985722587
1790359010.3760765,25.41840900084935
1790359010.3777144,21.237635985016823
1790359010.377925,1250.9288750006817
1790359010.3780613,19.712691981112584
1790359010.3788745,8.81834901520051
1790359010.379236,7.31807600823231
1790359010.3794212,6.056913989596069
1790359010.379946,2.831446996424347
1790359010.3828735,1026.7395100090653
1790359010.3875346,1.3941930083092302
1790359010.424424,24.147966993041337
1790359010.4457912,43.7056630034931
1790359010.4464889,41.43571900203824
1790359010.458274,1109.618415008299
1790359010.4583833,1116.9297570013441
1790359010.4584925,52.678220003144816
1790359010.458778,49.86938601359725
1790359010.4598737,49.72801101393998
1790359010.4599743,48.26313001103699
1790359010.4608905,47.509772004559636
1790359010.4617546,37.16676600743085
1790359010.463155,2.3640579893253744
1790359010.4638238,1022.7645130071323
1790359010.4682193,1.2724680127575994
1790359010.4708931,1.1778429907280952
1790359010.4732316,1012.9009679949377
1790359010.508178,31.75640499102883
1790359010.5085611,30.221108987461776
1790359010.5097566,30.517446022713557
1790359010.5103724,29.523970995796844
1790359010.5121462,30.496749008307233
1790359010.51291,28.487217001384124
1790359010.513022,26.594563998514786
1790359010.5136147,4.9133209977298975
1790359010.5141664,14.536127011524513
1790359010.5153759,4.246060998411849
1790359010.515504,10.674014978576452
1790359010.5155854,42.04373899847269
1790359010.5161526,1.6265559825114906
1790359010.5335364,2.0411510195117444
1790359010.5369668,1.3657750096172094
1790359010.5696611,1063.6823419772554
1790359010.5724356,26.864224986638874
1790359010.5729866,1070.7728400011547
1790359010.5737798,36.755057983100414
1790359010.5744352,1094.1294690128416
1790359010.574669,27.23528101341799
1790359010.574861,28.515733021777123
1790359010.5749414,1084.8158299922943
1790359010.5789762,25.144571001874283
1790359010.600306,30.131820996757597
1790359010.6229665,59.03153499821201
1790359010.6286578,41.364682983839884
1790359010.6396725,1522.1562680089846
1790359010.6400297,69.02475998504087
1790359010.650826,51.48049400304444
1790359010.6508908,1528.236249985639
1790359010.6699271,1564.5032850152347
1790359010.6702929,56.35507698752917
1790359010.6709533,61.44402001518756
1790359010.671841,36.18846400058828
1790359010.671902,48.62381098791957
1790359010.6728575,34.07337798853405
1790359010.672949,19.011275988304988
1790359010.673058,17.067402019165456
1790359010.6828651,1.6988730058073997
1790359010.7257314,27.28965799906291
1790359010.7315052,40.11539398925379
1790359010.7527075,1060.9028390026651
1790359010.7611172,1062.5650830043014
1790359010.7618124,1099.4459750072565
1790359010.7625022,1067.006361001404
1790359010.762934,58.30982298357412
1790359010.7642696,36.84508102014661
1790359010.7648368,30.394873989280313
1790359010.764909,10.89604600565508
1790359010.7724416,1.7284319910686463
1790359010.773213,1296.0370020009577
1790359010.7817874,1.7722260090522468
1790359010.7842963,1065.4561870032921
1790359010.7849312,1076.142901001731
1790359010.7850673,1049.6311759925447
1790359010.786226,1080.141532002017
1790359010.7871816,1055.5518160108477
1790359010.7873998,1059.7728220163845
1790359010.787688,1066.8123610084876
1790359010.7958512,1.368286000797525
1790359010.7989926,1.6665239818394184
1790359010.8034317,1.6648939927108586
1790359010.8129354,2.4283940147142857
1790359010.840953,4.469186009373516
1790359010.84104,4.466541024157777
1790359010.841661,1.9321950094308704
1790359010.8470783,1.610113977221772
1790359010.8485181,1.3244300207588822
1790359010.8500528,1.2318019871599972
1790359010.8527598,441.6563590057194
1790359010.8589911,1.6291100182570517
1790359010.863552,1.373705017613247
1790359010.8671112,1.4134910015854985
1790359010.8675358,1.1864389816764742
1790359010.8687568,1.082330010831356
1790359010.8747234,3.111743018962443
1790359010.8747957,4.072871000971645
1790359010.874881,3.729335992829874
1790359010.8751867,1.8188089889008552
1790359010.8772163,1.1795769969467074
1790359010.910867,23.056173988152295
1790359010.9216826,27.642623987048864
1790359010.922518,30.85439099231735
1790359010.922897,36.02113900706172
1790359010.9231045,24.114120024023578
1790359010.9240685,14.628365985117853
1790359010.9241474,17.139795992989093
1790359010.924944,14.813486981438473
1790359010.9253938,13.178691995562986
1790359010.9258125,12.854584987508133
1790359010.9261565,5.401056987466291
1790359010.9292736,1.2627160176634789
1790359010.9315894,2.1215050073806196
1790359010.932535,1.6585789853706956
1790359010.9331195,3.037356014829129
1790359010.9435718,1010.8013820135966
1790359010.9440565,1051.155030989321
1790359010.9932587,49.1909850097727
1790359011.0100772,60.13885798165575
1790359011.0138752,69.28476601024158
1790359011.0139875,63.47979299607687
1790359011.014966,66.5022179891821
1790359011.0153103,62.53929800004698
1790359011.015968,60.9539810102433
1790359011.01647,51.59914298565127
1790359011.0170057,30.999445996712893
1790359011.0171258,44.97435697703622
1790359011.0171902,17.556723003508523
1790359011.0533516,1071.309288003249
1790359011.0542362,1057.493041997077
1790359011.055089,32.34839698416181
1790359011.055362,1095.8570099901408
1790359011.055465,30.894281982909888
1790359011.0568123,1101.22311199666
1790359011.057292,28.885167004773393
1790359011.0877469,1102.8751370031387
1790359011.0878549,31.03119198931381
1790359011.088173,1103.8650819973554
1790359011.0889485,27.12178698857315
1790359011.0893924,24.4314209849108
1790359011.089827,17.73239902104251
1790359011.0905485,17.204814997967333
1790359011.0908442,8.268673991551623
1790359011.1214516,22.489802999189124
1790359011.1269705,33.57714498997666
1790359011.1272836,24.35520399012603
1790359011.1273808,1053.7577630020678
1790359011.1286347,22.339061019010842
1790359011.1287413,23.128855013055727
1790359011.1288326,22.1295969968196
1790359011.1293874,18.453675002092496
1790359011.129762,6.06672398862429
1790359011.1301699,4.483741009607911
1790359011.1305733,5.407476972322911
1790359011.1396904,2.000901004066691
1790359011.1482632,1.6266499878838658
1790359011.1509063,1.7083240090869367
1790359011.162715,1.6444219800177962
1790359011.170209,1.6310520004481077
1790359011.175258,1.448956987587735
1790359011.1829748,2.0513389899861068
1790359011.205187,1063.3698840101715
1790359011.21618,31.840447976719588
1790359011.2164068,1056.3767379790079
1790359011.2170386,31.994326011044905
1790359011.2178593,29.132770985597745
1790359011.2192917,30.079482996370643
1790359011.219649,27.5298880005721
1790359011.2202168,22.79352501500398
1790359011.2202787,26.810992014361545
1790359011.2203352,5.78638500883244
1790359011.2278974,1.6652049962431192
1790359011.2387767,1.6527659900020808
1790359011.2428863,1.6855099820531905
1790359011.2498932,1.8719700165092945
1790359011.2547746,1.308576000155881
1790359011.2583523,2.414003014564514
1790359011.2649975,3.710071003297344
1790359011.26511,1281.316087988671
1790359011.2655876,1321.3819439988583
1790359011.266157,1307.1506589767523
1790359011.276599,1295.3735039918683
1790359011.300194,26.37381700333208
1790359011.3004913,31.51369802071713
1790359011.3010423,38.06613900815137
1790359011.3015087,25.43695899657905
1790359011.3020897,19.058322999626398
1790359011.302219,21.87707499251701
1790359011.3026786,16.22276398120448
1790359011.3037755,15.531280980212614
1790359011.303838,9.99774900265038
1790359011.305196,1.2093740224372596
1790359011.3100033,1.2140030157752335
1790359011.3344357,1.8230850109830499
1790359011.342214,1.7005679837893695
1790359011.3505456,1.5942839963827282
1790359011.355256,1.382029993692413
1790359011.3564117,1.1456669890321791
1790359011.391714,31.690233998233452
1790359011.40274,42.254658008459955
1790359011.4236524,62.262609018944204
1790359011.424085,54.508336004801095
1790359011.4248273,62.80508602503687
1790359011.4251542,50.500011013355106
1790359011.426663,48.50768798496574
1790359011.4268343,49.63558699819259
1790359011.4274411,39.72267999779433
1790359011.427571,30.46376002021134
1790359011.4286108,27.212032000534236
1790359011.4287207,3.2036810007411987
1790359011.4307363,1.860494987340644
1790359011.4335294,1016.456607991131
1790359011.4424791,3.187363996403292
1790359011.4425657,2.4684499949216843
1790359011.4483874,2.0770530099980533
1790359011.4494443,1.9835290149785578
1790359011.4504595,1.711926015559584
1790359011.4535136,1.691687008133158
1790359011.4620886,2.159858006052673
1790359011.4666698,2.2560119978152215
1790359011.470648,2.075377997243777
1790359011.5003624,23.19169300608337
1790359011.5203671,41.558272001566365
1790359011.5207155,42.61440000846051
1790359011.5486,64.42071500350721
1790359011.5504522,60.400087997550145
1790359011.5508897,65.84210300934501
1790359011.5663443,1125.4223809810355
1790359011.5772388,1139.2429700063076
1790359011.5893621,1163.1042640074156
1790359011.5902443,61.196663009468466
1790359011.593233,44.61468197405338
1790359011.5939603,46.75581297487952
1790359011.5953677,80.74665299500339
1790359011.595423,77.5459940196015
1790359011.6127832,62.318860000232235
1790359011.6264477,60.08307001320645
1790359011.6277194,50.46728497836739
1790359011.6282594,74.65961299021728
1790359011.628659,38.402286008931696
1790359011.6294365,40.05552901071496
1790359011.660234,1154.630996985361
1790359011.661171,34.709111001575366
1790359011.6665545,38.82359398994595
1790359011.672077,1952.0007579994854
1790359011.6722043,43.53540699230507
1790359011.6942422,33.9947430184111
1790359011.695415,42.57646098267287
1790359011.697642,1064.7238439996727
1790359011.698054,36.870767013169825
1790359011.698933,1078.2827920047566
1790359011.6994398,32.87619099137373
1790359011.700893,35.592738015111536
1790359011.7012992,7.043901976430789
1790359011.7017512,1072.7999719965737
1790359011.7027507,13.889396999729797
1790359011.7043371,6.271582999033853
1790359011.7044857,8.902797009795904
1790359011.7065017,5.5967669759411365
1790359011.708349,10.683913977118209
1790359011.708816,9.873313014395535
1790359011.7096229,5.126636999193579
1790359011.711012,9.24983000732027
1790359011.7118487,7.502445980207995
1790359011.7119505,9.18740700581111
1790359011.7120116,5.498190992511809
1790359011.7133212,13.872011011699215
1790359011.7138588,12.549948005471379
1790359011.7276475,19.286558992462233
1790359011.7489998,35.65258800517768
1790359011.7496207,43.811174982693046
1790359011.750221,40.24909800500609
1790359011.751154,1319.803697988391
1790359011.7515895,36.27202901407145
1790359011.7517025,39.84374098945409
1790359011.7621858,39.595086011104286
1790359011.7830887,56.86250299913809
1790359011.783677,47.03504400094971
1790359011.8057063,56.07098402106203
1790359011.8173113,68.29640601063147
1790359011.8213754,64.03675797628239
1790359011.8216236,1082.9551620117854
1790359011.8223007,1083.2109919865616
1790359011.8233333,54.7308579843957
1790359011.824277,41.17507900809869
1790359011.8246522,40.96417297841981
1790359011.8249674,19.238676002714783
1790359011.825309,1260.3480140096508
1790359011.846154,28.829276008764282
1790359011.8579073,1300.0297550170217
1790359011.8598766,1300.206732004881
1790359011.8606074,46.05259100208059
1790359011.860702,39.062938012648374
1790359011.8623657,31.966591981472448
1790359011.864334,28.022154001519084
1790359011.8648021,43.40858699288219
1790359011.8651237,22.40476998849772
1790359011.86683,8.906784001737833
1790359011.8669102,6.195433990797028
1790359011.8670251,4.645439010346308
1790359011.8670852,7.196544000180438
1790359011.868092,2.1372710180003196
1790359011.8778043,1.7637459968682379
1790359011.8847349,1.7335810116492212
1790359011.8847978,2.38287600222975
1790359011.916303,25.756273011211306
1790359011.916916,17.057633987860754
1790359011.924113,25.59562399983406
1790359011.9508219,30.294914002297446
1790359011.9560184,68.23262202669866
1790359011.9630766,40.70280899759382
1790359011.9642656,60.677717003272846
1790359011.964803,32.91317998082377
1790359011.9653032,40.3847020061221
1790359011.9663932,33.57457698439248
1790359011.968278,34.810697979992256
1790359011.9697003,6.609500997001305
1790359011.9700322,32.11287900921889
1790359011.9701152,4.800486989552155
1790359011.9702601,3.855357994325459
1790359011.9703515,19.516418018611148
1790359011.9704156,5.598466988885775
1790359011.9733877,2.2560280049219728
1790359011.973487,204.29218601202592
1790359011.979508,2.1666259854100645
1790359011.9808624,2.147043007425964
1790359011.9817286,1.606931007700041
1790359011.983841,1265.6695079931524
1790359011.9839926,1276.3527990027796
1790359011.9844139,1008.497823990183
1790359011.9855807,1011.1269369954243
1790359011.986045,1.6225160215981305
1790359011.987882,1.2569840182550251
1790359011.9896028,1.5975899877958
1790359011.9966314,2.7359780215192586
1790359011.9969296,2.4741269880905747
1790359011.9972374,2.1381989936344326
1790359011.9988716,1.2043169990647584
1790359012.0150223,1.7599580169189721
1790359012.0339274,1.8735970079433173
1790359012.036698,2.2948519908823073
1790359012.0375144,1.838783995481208
1790359012.0422995,2.3150960041675717
1790359012.0423605,1.8688799755182117
1790359012.0443923,1.0902709909714758
1790359012.0465665,1.244753017090261
1790359012.0515215,3.197056008502841
1790359012.0627973,13.382223987719044
1790359012.1035452,50.83902398473583
1790359012.124865,1382.0858679828234
1790359012.130362,76.34258701000363
1790359012.1404252,89.7435919905547
1790359012.1469905,91.03292599320412
1790359012.147124,1159.7375939891208
1790359012.1490128,89.52418598346412
1790359012.1490853,90.31036897795275
1790359012.1538024,85.38753099855967
1790359012.1696563,82.92937799706124
1790359012.180081,69.33544701314531
1790359012.22136,98.20927699911408
1790359012.2409818,93.84302201215178
1790359012.2431278,113.37997298687696
1790359012.2433074,116.82852997910231
1790359012.243719,94.62334398995154
1790359012.2452106,98.20892798597924
1790359012.2463179,76.64895599009469
1790359012.2472744,93.46148002077825
1790359012.2482488,1046.0699260002002
1790359012.2484088,4.6722750121261925
1790359012.249202,1125.023382017389
1790359012.2504013,5.180230014957488
1790359012.2509644,9.965216013370082
1790359012.2522,4.913595010293648
1790359012.2540414,5.622293014312163
1790359012.2549894,8.66131199290976
1790359012.255132,6.870889017591253
1790359012.2573228,6.348391005303711
1790359012.2577412,7.329757005209103
1790359012.2591577,9.945202997187153
1790359012.2593381,7.126452983357012
1790359012.259479,5.4264219943434
1790359012.2607417,5.5973669805098325
1790359012.2613373,4.005032998975366
1790359012.2614014,6.401522987289354
1790359012.2620761,4.325982998125255
1790359012.2631383,3.9687409880571067
1790359012.2635286,1.9253510108683258
1790359012.2713597,1.7993399815168232
1790359012.2733767,1.3196780055295676
1790359012.2879522,1.5061760204844177
1790359012.288009,2.1683019876945764
1790359012.2981503,1310.8859850035515
1790359012.3067229,1.6980259970296174
1790359012.3228886,1289.0945610124618
1790359012.3234413,1337.9628180118743
1790359012.3239024,1320.4311179870274
1790359012.3241258,1271.6622150037438
1790359012.3253803,1317.64237198513
1790359012.325521,32.70405199145898
1790359012.3259327,1029.419582016999
1790359012.3347116,1.5193969884421676
1790359012.339093,1.3740560098085552
1790359012.346032,1.2466289917938411
1790359012.35089,1.472040981752798
1790359012.359286,26.73520299140364
1790359012.3607435,33.055709005566314
1790359012.3614147,25.959757971577346
1790359012.362265,18.872045999160036
1790359012.3629122,14.548184000886977
1790359012.3630745,6.648106005741283
1790359012.363827,2.5346670008730143
1790359012.3655767,2.4922899901866913
1790359012.3659527,1.3250299962237477
1790359012.3666687,1.458553015254438
1790359012.3715456,1.6169709851965308
1790359012.3833375,2.7862470014952123
1790359012.4015892,17.28532899869606
1790359012.415269,32.54846000345424
1790359012.4172745,22.973220999119803
1790359012.4227276,38.97459400468506
1790359012.4230762,2.610628987895325
1790359012.443865,1238.4474690188654
1790359012.44437,1.4545580197591335
1790359012.4501112,1.5281599771697074
1790359012.452117,58.586733997799456
1790359012.4525301,70.73544399463572
1790359012.4580677,59.420097997644916
1790359012.458699,67.3846020072233
1790359012.4588563,37.74044002057053
1790359012.45947,11.929774016607553
1790359012.4602644,1.5042430022731423
1790359012.469876,1.432434015441686
1790359012.4789147,1063.9772969880141
1790359012.4800794,2.1706960105802864
1790359012.4843135,1.924095005961135
1790359012.4867833,1.4150560018606484
1790359012.4977467,1.855783018982038
1790359012.5062046,2.1685879910364747
1790359012.5089285,1.6238230164162815
1790359012.5284245,1137.9701309779193
1790359012.5296106,1116.9437189819291
1790359012.5298836,1115.8762270060834
1790359012.5311317,1141.457512974739
1790359012.5319524,67.87927300320007
1790359012.5332918,1122.335927997483
1790359012.5339828,59.02490500011481
1790359012.534146,55.02194500877522
1790359012.534225,36.589636001735926
1790359012.5503283,31.85164599562995
1790359012.5507452,38.09830901445821
1790359012.55119,4.850469995290041
1790359012.565756,27.799584000604227
1790359012.5660188,33.330303005641326
1790359012.5680747,1041.9168719963636
1790359012.5684795,1035.2122480107937
1790359012.5686946,1066.21920800535
1790359012.569335,1064.6455470123328
1790359012.5698662,1034.4643229909707
1790359012.5701964,1038.622783991741
1790359012.5702791,3.714468010002747
1790359012.5731566,1.8973450060002506
1790359012.5736508,1.352245977614075
1790359012.5799885,1.4156120014376938
1790359012.5806415,1.3218749954830855
1790359012.58186,1.210232003359124
1790359012.5946143,1.913037005579099
1790359012.5995076,1.7056450014933944
1790359012.6014485,1.4075770159251988
1790359012.6038752,1.6919680056162179
1790359012.6040044,2.4134239938575774
1790359012.6076458,1.188255992019549
1790359012.6113033,1.5672729932703078
1790359012.6123247,1.6731470241211355
1790359012.6131115,1.2550709943752736
1790359012.616797,1.2785970175173134
1790359012.61928,1.1678659939207137
1790359012.620599,1.199310994707048
1790359012.6250741,1082.365929003572
1790359012.6255507,1032.298731006449
1790359012.6260478,1032.071644993266
1790359012.6261494,1082.72036301787
1790359012.6264322,1084.7775519941933
1790359012.62733,3.4726570011116564
1790359012.6328254,1.8895139801315963
1790359012.6336222,1038.190546008991
1790359012.6336792,1020.8828159957193
1790359012.6457877,2.1409149921964854
1790359012.6540039,1.8427339964546263
1790359012.6591306,1.4996790268924087
1790359012.660775,1.635179010918364
1790359012.6666677,1.5195680025499314
1790359012.6736922,1.597110996954143
1790359012.6817088,2.5273119972553104
1790359012.6817722,3.111675992840901
1790359012.6951487,1.6094679886009544
1790359012.6988578,1.5133630076888949
1790359012.7034357,1031.3459100143518
1790359012.7039964,1074.5493190188427
1790359012.7098927,1.9839990127366036
1790359012.7144978,1032.4137900024652
1790359012.714641,1042.4271079828031
1790359012.7185717,2.397570002358407
1790359012.7387986,25.803891010582447
1790359012.7391863,22.263382998062298
1790359012.7392547,36.91906499443576
1790359012.7416658,2.0143839938100427
1790359012.7459161,1.4289379760157317
1790359012.7512927,16.755266988184303
1790359012.7516131,34.59504697821103
1790359012.7519672,11.148708988912404
1790359012.7527966,6.693040981190279
1790359012.7856941,22.98836497357115
1790359012.788952,24.62296700105071
1790359012.791789,24.558945995522663
1790359012.7971075,1278.57930000755
1790359012.7971878,17.94024999253452
1790359012.7977273,37.56967798108235
1790359012.8003418,24.705486983293667
1790359012.8014207,1064.2108120082412
1790359012.801616,1278.2564380031545
1790359012.8016963,1061.7126660072245
1790359012.8021476,44.14099402492866
1790359012.8023694,1075.319869996747
1790359012.8024495,4.665215004933998
1790359012.8025408,1064.5923280098941
1790359012.8047247,1.2573099811561406
1790359012.8072536,1.6065610107034445
1790359012.8079703,1.3264150184113532
1790359012.8117278,1.6449110116809607
1790359012.8155804,1.4277959999162704
1790359012.8172674,1.5195489977486432
1790359012.82096,1.329422986600548
1790359012.826329,1.8098359869327396
1790359012.8272502,1.5712809981778264
1790359012.829647,1.1982469877693802
1790359012.8321633,1.4043029805179685
1790359012.8343828,1.2185589876025915
1790359012.8429446,1.4553379733115435
1790359012.8557363,1.9165170087944716
1790359012.8730063,1.9253219943493605
1790359012.8847215,2.0896219939459115
1790359012.8896205,1051.5168599958997
1790359012.893552,1077.7299780165777
1790359012.893683,2.325782988918945
1790359012.8942294,1047.0838280161843
1790359012.8943627,1046.5502620209008
1790359012.895362,33.45384701970033
1790359012.8958278,11.620605015195906
1790359012.8959417,18.549033993622288
1790359012.8983307,2.5947369867935777
1790359012.8984544,1.9328370108269155
1790359012.8992217,1.9676410011015832
1790359012.915159,1.9796340202447027
1790359012.922776,1.973347010789439
1790359012.9370003,1.6790430236142129
1790359012.9441357,31.468440021853894
1790359012.9452138,27.379498002119362
1790359012.945458,12.123548978706822
1790359012.945966,35.00415000598878
1790359012.9460225,7.0533090038225055
1790359012.948138,1.5512389945797622
1790359012.9542239,1963.0487090034876
1790359012.9557211,1.485571003286168
1790359012.960545,1.848429994424805
1790359012.961422,1.5346480067819357
1790359012.9714658,2.2122109949123114
1790359012.9752858,1.4828099810983986
1790359012.9829922,1.8686589901335537
1790359012.9852116,1.4105979935266078
1790359012.9926803,2.391356014413759
1790359012.9933045,2.056520024780184
1790359012.9960828,1.148501003626734
1790359013.002859,1.96757898083888
1790359013.011577,1.580587006174028
1790359013.0145826,1.6833660192787647
1790359013.0266974,2.213830011896789
1790359013.0272136,1.5063750033732504
1790359013.037327,1.9408660009503365
1790359013.0558615,32.129904022440314
1790359013.0586638,33.50705199409276
1790359013.0594647,36.37762600556016
1790359013.0599728,29.56720397924073
1790359013.06046,7.1951900026760995
1790359013.0605712,13.524429989047348
1790359013.079572,27.03614701749757
1790359013.0924468,23.05859499028884
1790359013.0930474,41.642849013442174
1790359013.0934289,3.817410994088277
1790359013.1016266,39.22657298971899
1790359013.1017346,23.55765600805171
1790359013.104728,1.606450998224318
1790359013.109638,1.8973280093632638
1790359013.1103628,1.575659989612177
1790359013.1134546,1020.7743969804142
1790359013.11389,1021.3024969852995
1790359013.1139796,1038.213983993046
1790359013.1189973,2.0075560023542494
1790359013.1199927,1.716191996820271
1790359013.1204624,1.3129909930285066
1790359013.1237106,1.8491449882276356
1790359013.1252217,2.146141021512449
1790359013.125699,1.7330340051557869
1790359013.1341817,1.8012950022239238
1790359013.1342506,2.3675730044487864
1790359013.1413724,1.585335994604975
1790359013.147884,2.7926680049858987
1790359013.1479907,2.1506570046767592
1790359013.1509345,4.4047779811080545
1790359013.172929,22.607958992011845
1790359013.178132,26.881507015787065
1790359013.1837041,13.310014008311555
1790359013.1941247,1092.356490000384
1790359013.199199,50.22097800974734
1790359013.2059608,41.54541000025347
1790359013.2068126,58.210243994835764
1790359013.2285705,56.11505301203579
1790359013.2299235,58.84619799326174
1790359013.2305741,48.660450003808364
1790359013.23067,32.856978999916464
1790359013.2312863,24.429721001069993
1790359013.2317276,7.776056008879095
1790359013.2339053,1.4291680126916617
1790359013.2469134,2.3332870041485876
1790359013.250643,1.6284490120597184
1790359013.2555318,1123.6892349843401
1790359013.2558308,1125.4574340127874
1790359013.256375,1091.0754119977355
1790359013.2568047,1076.7088199791033
1790359013.2571766,1145.5352200136986
1790359013.2572758,1154.7596899908967
1790359013.25839,62.172267003916204
1790359013.258701,53.54436399647966
1790359013.259275,27.53551202476956
1790359013.2624345,1.5132890257518739
1790359013.2654445,1.9536780018825084
1790359013.2671971,1.7399089992977679
1790359013.27718,1.7167360056191683
1790359013.287921,1.6488639812450856
1790359013.2896554,1.5870749775785953
1790359013.2942557,1.6922530194278806
1790359013.3041747,2.1511219965759665
1790359013.3122785,1.9926019886042923
1790359013.3150804,2.2176550119183958
1790359013.3321185,2.4203720095101744
1790359013.3336022,2.4489669885952026
1790359013.334346,1.579689997015521
1790359013.3404615,1.531708985567093
1790359013.3412077,1.452623022487387
1790359013.3473089,1.9024859939236194
1790359013.348724,1.4049290039110929
1790359013.3616335,1.5825460141059011
1790359013.3674684,1.727848022710532
1790359013.3733764,1.437898987205699
1790359013.378813,1.2709909933619201
1790359013.3894584,33.73331198235974
1790359013.391559,17.53090400598012
1790359013.391634,24.15546798147261
1790359013.391703,26.529334019869566
1790359013.39222,9.558026999002323
1790359013.3922827,2.702532976400107
1790359013.3967319,1.5326639986597002
1790359013.4005063,1.3876169978175312
1790359013.4035969,1.6517729964107275
1790359013.4122903,1.834716007579118
1790359013.4145112,1.3009659887757152
1790359013.421752,1.4347010001074523
1790359013.4369159,27.26897899992764
1790359013.4373112,33.34372700192034
1790359013.4374182,26.30207099718973
1790359013.438638,4.003723006462678
1790359013.4391751,23.600201995577663
1790359013.4399185,2.361188002396375
1790359013.4402082,1.5620010090060532
1790359013.4535835,1.7103579884860665
1790359013.4588711,1.6829049855004996
1790359013.460378,1.496741984738037
1790359013.4606588,1.3297940022312105
1790359013.4756515,3.520327009027824
1790359013.4832227,3.26118798693642
1790359013.4832878,2.7973949909210205
1790359013.4838698,2.3630689829587936
1790359013.486359,1.4139499980956316
1790359013.4864206,1.8629449768923223
1790359013.504045,1017.2517099999823
1790359013.5041165,1021.161483018659
1790359013.516885,2.3774470028001815
1790359013.5201702,21.868259995244443
1790359013.5269847,1.636556989978999
1790359013.527723,34.878917009336874
1790359013.527788,12.788335006916896
1790359013.5350225,1.409973978297785
1790359013.5398712,1.5865399909671396
1790359013.5402296,1.4488610031548887
1790359013.5437384,1.8157890008296818
1790359013.5447981,1.4926719886716455
1790359013.5482006,1.2425629829522222
1790359013.5545614,2.1093070099595934
1790359013.5554874,2.243572991574183
1790359013.5636609,1.5503160248044878
1790359013.5643857,1.5802039997652173
1790359013.5671608,1.4271760010160506
1790359013.5772727,3.1314230000134557
1790359013.5777173,2.4088869977276772
1790359013.589076,1079.8103030247148
1790359013.5939705,1.6258800169453025
1790359013.610794,1105.4332880012225
1790359013.6178453,1.7775279993657023
1790359013.6188488,31.55122001771815
1790359013.6243103,1.716937986202538
1790359013.6248796,1113.4979740018025
1790359013.6325223,33.20911998162046
1790359013.6349185,1.4506439911201596
1790359013.639614,1.3104520039632916
1790359013.651556,1.4066380099393427
1790359013.6521263,34.048425004584715
1790359013.6527872,27.36516299773939
1790359013.6531734,19.158017996232957
1790359013.6532686,38.39724502176978
1790359013.653328,7.186471979366615
1790359013.6577775,1.9142010132782161
1790359013.6586225,1.8883149896282703
1790359013.670903,1.714429003186524
1790359013.6856854,2.4949499929789454
1790359013.6862872,2.2821149905212224
1790359013.687992,3.0576529970858246
1790359013.689039,2.8927540115546435
1790359013.6894207,1.90776601084508
1790359013.698558,1.9191369938198477
1790359013.7014945,1.5070600202307105
1790359013.7081394,1.5927240019664168
1790359013.7125936,1.5832979988772422
1790359013.755455,32.631181995384395
1790359013.758671,37.81159402569756
1790359013.759078,61.33040800341405
1790359013.7592013,65.3863709885627
1790359013.760156,38.55970298172906
1790359013.7602875,33.020347997080535
1790359013.7631738,2.385355008300394
1790359013.7663515,1.7818239866755903
1790359013.7684884,1.3790999946650118
1790359013.7893968,71.72857300611213
1790359013.7899554,2.9657429840881377
1790359013.793368,41.76111498964019
1790359013.7948554,51.38342099962756
1790359013.7961762,33.8921649963595
1790359013.796319,9.40653300494887
1790359013.7968194,31.49316000053659
1790359013.796877,8.757472998695448
1790359013.829574,30.558152007870376
1790359013.829791,20.343711017630994
1790359013.830383,14.457787008723244
1790359013.8310928,37.37427401938476
1790359013.8317597,10.529641003813595
1790359013.8333232,25.481107993982732
1790359013.8334272,6.791330000851303
1790359013.8335536,22.157717001391575
1790359013.8337605,38.89329300727695
1790359013.8338354,15.190372010692954
1790359013.834054,2.8415289998520166
1790359013.8401496,1.6508080007042736
1790359013.8663552,38.00833199056797
1790359013.867607,40.39655299857259
1790359013.8761725,1081.6691240179352
1790359013.8805633,37.566092010820284
1790359013.8807836,14.417386992136016
1790359013.8808513,21.277611987898126
1790359013.8814006,2.630183007568121
1790359013.8949826,1.5933829999994487
1790359013.902447,67.86208201083355
1790359013.9052966,51.75755498930812
1790359013.9056053,38.743387995054945
1790359013.9062514,42.00461300206371
1790359013.9063287,4.522602015640587
1790359013.9065695,15.763028000947088
1790359013.9066691,7.654351997189224
1790359013.9178746,1.6486149979755282
1790359013.9328852,3.3856439986266196
1790359013.933324,29.638093983521685
1790359013.9339771,1.7709509993437678
1790359013.940868,1.9535630126483738
1790359013.9468565,24.693393002962694
1790359013.9473448,1.8074780236929655
1790359013.9474504,44.70050398958847
1790359013.9503596,18.969414988532662
1790359013.9506223,12.271300016436726
1790359013.9509823,11.025209998479113
1790359013.9514406,2.5268750032410026
1790359013.9521666,2.7754170005209744
1790359013.9522276,4.391461989143863
1790359013.9540958,1.4522059937007725
1790359013.9657753,2.549939992604777
1790359013.9658356,2.0186470064800233
1790359013.9678295,1.2860309798270464
1790359013.9756079,1.7021050152834505
1790359013.9772081,1.2563950149342418
1790359013.9802842,1.2773880152963102
1790359014.0128622,34.274081990588456
1790359014.0261197,22.831579990452155
1790359014.0526786,78.2041450147517
1790359014.0530007,50.65599799854681
1790359014.0592608,55.271179997362196
1790359014.0597415,67.51303499913774
1790359014.0615273,41.46947999834083
1790359014.062149,16.565516008995473
1790359014.0623786,4.371163988253102
1790359014.0625987,73.61168699571863
1790359014.0702,59.07867700443603
1790359014.0708163,65.82562500261702
1790359014.0715098,27.902798989089206
1790359014.0717902,15.141151001444086
1790359014.0728848,12.725956999929622
1790359014.0741813,1.9469319959171116
1790359014.0780962,1.6254549846053123
1790359014.0844471,2.0649659854825586
1790359014.0922709,4.627022019121796
1790359014.0929935,4.008235002402216
1790359014.093093,4.834933002712205
1790359014.0931869,3.223068983061239
1790359014.0941696,2.512506995117292
1790359014.0997653,3.4850560186896473
1790359014.0999267,3.399345005163923
1790359014.1057703,2.420253003947437
1790359014.1100805,1.8380669935140759
1790359014.123424,18.384949973551556
1790359014.1235137,2.925034990767017
1790359014.1286623,27.56810499704443
1790359014.133693,2.2352689993567765
1790359014.1342807,13.591820985311642
1790359014.137204,38.82999302004464
1790359014.137323,21.566334005910903
1790359014.1492934,2.299365005455911
1790359014.172268,39.672114013228565
1790359014.1871977,16.45247999113053
1790359014.1873827,23.666202992899343
1790359014.1981423,35.14864298631437
1790359014.201848,26.24834797461517
1790359014.2023094,24.143157992511988
1790359014.203141,45.16074500861578
1790359014.2040894,15.948940010275692
1790359014.2045324,21.1195379961282
1790359014.2046244,11.11689698882401
1790359014.20686,1.7398390045855194
1790359014.210282,40.350802009925246
1790359014.2103667,2.042596024693921
1790359014.2116156,45.87703000288457
1790359014.2121665,37.568559986539185
1790359014.2134914,34.739113005343825
1790359014.213574,36.361753998789936
1790359014.2144604,30.306807020679116
1790359014.2152138,25.914855010341853
1790359014.2153559,8.483963989419863
1790359014.215453,19.244897994212806
1790359014.2266488,2.0998279796913266
1790359014.2286391,1018.7878450087737
1790359014.2297256,2.4635559821035713
1790359014.23253,1.9749850034713745
1790359014.2473927,1.4184939791448414
1790359014.2564473,33.42178597813472
1790359014.2568226,30.37221499835141
1790359014.2576437,1040.4164609790314
1790359014.2592273,1078.0812579905614
1790359014.2593458,17.743018019245937
1790359014.2594473,30.34109598957002
1790359014.2599475,1.6542999946977943
1790359014.2710814,1.6559690120629966
1790359014.2932878,36.09582001809031
1790359014.293363,24.93039600085467
1790359014.2988677,1.6834019916132092
1790359014.3008184,1.4219660079106688
1790359014.3035786,1061.6662020038348
1790359014.3036776,1052.397712977836
1790359014.3107817,1.8054099928122014
1790359014.311369,1.8485910259187222
1790359014.3138237,1068.775933003053
1790359014.3150182,1.8747900030575693
1790359014.3221838,1.465507986722514
1790359014.3539867,33.911734994035214
1790359014.3542116,22.081418021116406
1790359014.3684573,18.384032999165356
1790359014.368547,40.65966300549917
1790359014.3713,55.39499700535089
1790359014.3722208,1.7026279820129275
1790359014.3829432,1.709693984594196
1790359014.3869328,26.112213992746547
1790359014.3905149,12.749793007969856
1790359014.391033,4.644845001166686
1790359014.3911114,49.60152701823972
1790359014.397343,1.7375129973515868
1790359014.401358,1.435318001313135
1790359014.40555,1.3756679836660624
1790359014.4147553,1.5534560079686344
1790359014.4202237,1.6865009965840727
1790359014.421558,1.3247710012365133
1790359014.4254174,2.4348809965886176
1790359014.4256387,2.0032820175401866
1790359014.4404044,1.770664006471634
1790359014.4420927,1.5563509950879961
1790359014.4432964,2.0040420058649033
1790359014.4521987,2.791677979985252
1790359014.453697,2.054562995908782
1790359014.4562657,1.9070800044573843
1790359014.4570954,1.6450340044684708
1790359014.4591029,1.3398239971138537
1790359014.462459,1.4868660073261708
1790359014.472408,1.846861996455118
1790359014.4745255,1.3681230193469673
1790359014.480006,3.907819016603753
1790359014.4803445,3.441078995820135
1790359014.4832666,5.658609006786719
1790359014.4833534,4.719891003333032
1790359014.4835358,4.30246299947612
1790359014.4838195,3.4663059923332185
1790359014.4840713,3.113418002612889
1790359014.4867973,1.4078480016905814
1790359014.4909081,1.4654249825980514
1790359014.4977489,1.3486139941960573
1790359014.5042238,1.4016529894433916
1790359014.5090692,1.8472739902790636
1790359014.5106258,1.6368359792977571
1790359014.521011,25.32602200517431
1790359014.5225084,24.15079899947159
1790359014.5228314,35.37861898075789
1790359014.5232131,17.248226999072358
1790359014.5233333,14.797306997934356
1790359014.5234113,7.580417994176969
1790359014.5302649,1.4477420190814883
1790359014.5339124,1.6992490272969007
1790359014.5339673,2.6138320099562407
1790359014.5370946,1.2347569863777608
1790359014.5398734,1.2897209962829947
1790359014.5453398,1.6463579959236085
1790359014.5539582,1.7918730154633522
1790359014.5649924,1.7817279731389135
1790359014.5708516,1.6489299887325615
1790359014.5770257,1.649017009185627
1790359014.577159,26.147477998165414
1790359014.5794706,37.82267600763589
1790359014.5796616,26.69699300895445
1790359014.5797906,4.959052981575951
1790359014.579878,12.887997989309952
1790359014.5804422,2.7806969883386046
1790359014.5809174,2.7709589921869338
1790359014.5849173,1.4052930055186152
1790359014.5917947,2.2839799930807203
1790359014.607236,1.8792590126395226
1790359014.6133165,23.89107400085777
1790359014.6181092,2.240155008621514
1790359014.6231475,25.2514390158467
1790359014.6232677,38.23753702454269
1790359014.623605,16.357761982362717
1790359014.6336484,1.890382991405204
1790359014.6371734,1.515493990154937
1790359014.6507704,3.7839050055481493
1790359014.6516101,2.620126004330814
1790359014.6519146,1.6161779931280762
1790359014.6572893,1.5146530058700591
1790359014.659961,1.4122859865892678
1790359014.665173,1.4954890066292137
1790359014.6711898,1.58985800226219
1790359014.6712444,2.120012999512255
1790359014.6749861,2.0120659901294857
1790359014.676135,2.052736992482096
1790359014.676664,1.482799998484552
1790359014.6834354,1.44838698906824
1790359014.6892161,3.497516008792445
1790359014.689275,4.995681985747069
1790359014.6893704,4.3632700107991695
1790359014.689476,5.632026994135231
1790359014.6901486,2.2501230123452842
1790359014.6942072,2.5268100143875927
1790359014.695009,1.3761629816144705
1790359014.7048635,1.453703996958211
1790359014.7154837,1.6707979957573116
1790359014.7248733,1.758300990331918
1790359014.7263672,25.775793008506298
1790359014.7295744,36.87963998527266
1790359014.7304041,17.935479001607746
1790359014.7305186,5.633788008708507
1790359014.730578,9.981807990698144
1790359014.7337697,1.283055986277759
1790359014.7426474,1.7200940055772662
1790359014.7461238,1.4361119829118252
1790359014.7478971,1.215654017869383
1790359014.751522,1.3046720123384148
1790359014.758933,2.347079978790134
1790359014.759451,2.0537340024020523
1790359014.759768,1.7016970086842775
1790359014.774746,1.4063690032344311
1790359014.7888246,2.400308003416285
1790359014.7929416,22.75197600829415
1790359014.806085,1.8742600223049521
1790359014.8068407,36.03879900765605
1790359014.8071826,22.885203012265265
1790359014.8072371,7.408855977701023
1790359014.8357737,1.7720039759296924
1790359014.8444352,2.0470259769354016
1790359014.856633,1.9406180072110146
1790359014.861748,3.2153920037671924
1790359014.8655405,2.95837500016205
1790359014.8721545,1.67752499692142
1790359014.8752816,1.3768610078841448
1790359014.8839793,1.3649380125571042
1790359014.8948162,31.68104699579999
1790359014.8983152,25.330748001579195
1790359014.8983932,2.743397984886542
1790359014.8985364,5.627271981211379
1790359014.8986104,16.539002011995763
1790359014.9012432,1.177799014840275
1790359014.908294,1.4662109897471964
1790359014.9207363,3.119400003924966
1790359014.9208713,4.4184190046507865
1790359014.9210064,3.8393730064854026
1790359014.9228215,1.6663580026943237
1790359014.953104,2.558465988840908
1790359014.957259,1.5151200059335679
1790359014.9603682,1.4999939885456115
1790359014.962078,1.2984350032638758
1790359014.986583,2.616804005810991
1790359014.9887986,2.2042970231268555
1790359014.9892516,2.0359450136311352
1790359014.990511,1.2478769931476563
1790359014.9983075,1.5095739800017327
1790359015.0029762,2.177540009142831
1790359015.0040665,2.7132719988003373
1790359015.0051346,1.9128849962726235
1790359015.016621,1.423955021891743
1790359015.0212421,2.3223080206662416
1790359015.0332868,3.027675993507728
1790359015.0345902,2.4660239869263023
1790359015.0346773,2.7756750059779733
1790359015.0375283,1.3553729804698378
1790359015.0536954,1.6509119886904955
1790359015.0563748,1.7228079959750175
1790359015.0564415,1.3445399818010628
1790359015.0598323,1.6722470172680914
1790359015.0703034,2.568427997175604
1790359015.0710993,2.409550012089312
1790359015.0825014,1.838294992921874
1790359015.0879996,1.667985983658582
1790359015.089247,2.0510789763648063
1790359015.0918126,1.3291549985297024
1790359015.0938373,1.2249769933987409
1790359015.1024315,2.123303012922406
1790359015.1026177,2.9280470043886453
1790359015.1046944,1.2837729882448912
1790359015.1407094,22.005190985510126
1790359015.1484668,32.0010680006817
1790359015.148709,16.28323900513351
1790359015.1492627,40.88874298031442
1790359015.1494524,5.006110994145274
1790359015.1495283,7.635971996933222
1790359015.1523101,15.378392010461539
1790359015.153529,41.10323399072513
1790359015.1536348,10.792043001856655
1790359015.1544576,1.5171989798545837
1790359015.1577377,1.3659540272783488
1790359015.1677432,1.844389014877379
1790359015.176892,1.5872850199230015
1790359015.1790743,1.290454005356878
1790359015.1840756,1.9213799969293177
1790359015.1869264,1.5181229973677546
1790359015.1877604,1.5509650111198425
1790359015.1891983,1.427545998012647
1790359015.1925263,1.3355769915506244
1790359015.196644,1.3751889928244054
1790359015.1993003,1.693171012448147
1790359015.2000184,1.5760470123495907
1790359015.2224054,2.064477012027055
1790359015.234868,1.6233290079981089
1790359015.2412782,1.5183519863057882
1790359015.246814,3.225878986995667
1790359015.2474904,3.411483019590378
1790359015.2497551,3.6626509972848
1790359015.2498848,2.8785169997718185
1790359015.2510264,1.986825023777783
1790359015.2621746,1.9509750127326697
1790359015.2622368,2.66695799655281
1790359015.2737625,1.4058430097065866
1790359015.2757108,1.5264030080288649
1790359015.2838712,1.7255990242119879
1790359015.2862725,1.4507950108963996
1790359015.2925236,3.1580270151607692
1790359015.2947454,4.794770997250453
1790359015.2986856,4.621889005647972
1790359015.2987647,5.543473002035171
1790359015.305761,1.375799998641014
1790359015.3077514,14.125856017926708
1790359015.3135335,20.710768993012607
1790359015.3246548,29.89801499643363
1790359015.3287296,33.5339320008643
1790359015.3288147,22.50992800691165
1790359015.3493824,20.000752003397793
1790359015.349456,33.94947701599449
1790359015.3538435,1.363465009490028
1790359015.3638453,2.0388480043038726
1790359015.3670547,1.5817999956198037
1790359015.3701658,1.867963990662247
1790359015.374962,3.5591250052675605
1790359015.3751626,2.7784389967564493
1790359015.3752313,3.3489849884063005
1790359015.3827178,1.6731460054870695
1790359015.4092996,14.038254012120888
1790359015.4095318,2.478495007380843
1790359015.4316943,18.22996197734028
1790359015.4368749,19.171283987816423
1790359015.437206,24.461116991005838
1790359015.4376466,22.69802099908702
1790359015.4377403,18.61197000835091
1790359015.4387186,20.422583998879418
1790359015.4388165,18.149034993257374
1790359015.4388983,43.74788500717841
1790359015.4417865,1.2736450007651001
1790359015.4434283,18.092881015036255
1790359015.4460857,1.3371389941312373
1790359015.448631,40.57125200051814
1790359015.4493842,14.06065298942849
1790359015.4494405,6.707949010888115
1790359015.453352,24.339501018403098
1790359015.4542315,1.611001993296668
1790359015.4650214,1.8299499934073538
1790359015.4928195,30.373003013664857
1790359015.493413,29.81426499900408
1790359015.4957478,10.325435985578224
1790359015.495859,37.91906900005415
1790359015.4959283,7.928063976578414
1790359015.496554,3.0204269860405475
1790359015.5000474,2.0209350041113794
1790359015.5025227,26.183022011537105
1790359015.5028963,37.62587197707035
1790359015.504465,18.458161008311436
1790359015.5047972,13.27434298582375
1790359015.5050762,10.020636982517317
1790359015.5051546,6.006728974170983
1790359015.5179744,2.753483015112579
1790359015.51834,4.245372983859852
1790359015.5189598,1.6538100026082247
1790359015.5255897,1.4440789818763733
1790359015.5452034,41.96180700091645
1790359015.5556335,40.91690300265327
1790359015.568139,51.929195993579924
1790359015.56869,60.444748000008985
1790359015.5688105,45.199812011560425
1790359015.5693178,40.889891010010615
1790359015.570411,32.24872797727585
1790359015.571411,24.995537009090185
1790359015.571492,35.46274598920718
1790359015.57156,38.50255798897706
1790359015.5722198,20.465929002966732
1790359015.57233,5.273868999211118
1790359015.5724075,8.578376000514254
1790359015.5765295,1.8882840231526643
1790359015.5815635,33.45835200161673
1790359015.5826054,2.153762005036697
1790359015.5897284,1.8022269941866398
1790359015.6034508,46.713946998352185
1790359015.6041806,38.175419002072886
1790359015.6045902,3.552167007001117
1790359015.6051316,2.573832985945046
1790359015.6052015,52.67393801477738
1790359015.6053169,31.310696009313688
1790359015.6061478,28.96549500292167
1790359015.606962,25.280408008256927
1790359015.6070855,18.440582003677264
1790359015.607147,5.568146996665746
1790359015.618234,1.6683739959262311
1790359015.6243105,1.5299810038413852
1790359015.6353135,1.5020160062704235
1790359015.6485453,2.01372301671654
1790359015.649849,1.293213019380346
1790359015.656022,1.6416450089309365
1790359015.659198,2.436830982333049
1790359015.6612434,2.0307970116846263
1790359015.6613061,2.4997670261655003
1790359015.666774,1.800223020836711
1790359015.6740937,1.687072974164039
1790359015.6778195,1.2946620117872953
1790359015.6802983,1.3478120090439916
1790359015.6996458,2.2044159995857626
1790359015.6997287,3.014324000105262
1790359015.708433,1.5174910076893866
1790359015.7099795,1.306555001065135
1790359015.7176454,5.557256023166701
1790359015.7186325,3.772444004425779
1790359015.7188478,3.3644620270933956
1790359015.7189202,4.916586010949686
1790359015.7553892,22.567101987078786
1790359015.758,22.376118984539062
1790359015.7687993,18.339770002057776
1790359015.768912,38.12304598977789
1790359015.7710278,1.5897160046733916
1790359015.777945,1.8213950097560883
1790359015.7871923,67.0498629915528
1790359015.8001277,51.23301601270214
1790359015.800556,67.10346700856462
1790359015.8006973,36.4480729913339
1790359015.801718,28.37373098009266
1790359015.801799,22.96214399393648
1790359015.8083906,1.7134039953816682
1790359015.8131979,1.50470100925304
1790359015.8234,1.8596250156406313
1790359015.8267374,1.4688840019516647
1790359015.840462,2.8158109926152974
1790359015.8407514,2.3624729947187006
1790359015.8430166,1.4211449888534844
1790359015.8443217,1.2966819922439754
1790359015.8778605,17.57309297681786
1790359015.8796885,31.180749996565282
1790359015.8948321,25.105354987317696
1790359015.9001596,53.572375007206574
1790359015.911402,31.063371017808095
1790359015.9171083,42.70162197644822
1790359015.9176173,32.016924989875406
1790359015.9224486,31.02411501458846
1790359015.9301476,61.01884797681123
1790359015.9305444,28.628528001718223
1790359015.9309635,14.552789012668654
1790359015.9313219,23.474802990676835
1790359015.931389,3.202526015229523
1790359015.9325638,47.66134900273755
1790359015.9326355,71.91540198982693
1790359015.9384053,47.64937897562049
1790359015.9393592,1.6959969943854958
1790359015.9462364,50.54697202285752
1790359015.9463153,59.62452298263088
1790359015.947027,42.17562999110669
1790359015.9474828,32.5193919998128
1790359015.9482381,26.79780501057394
1790359015.9483862,4.170694010099396
1790359015.9485047,19.356548989890143
1790359015.9487712,3.065784025238827
1790359015.9501445,1.2715659977402538
1790359015.9569974,2.5729149929247797
1790359015.957067,3.18969099316746
1790359015.9576461,1.2137420126236975
1790359015.959201,1.3817650033161044
1790359015.9710991,1.5909019857645035
1790359015.9802375,1.4959049876779318
1790359015.9883897,21.09465198009275
1790359015.9990492,21.337824990041554
1790359016.016682,22.342632990330458
1790359016.0253782,59.56631098524667
1790359016.0260675,36.90975598874502
1790359016.0320113,36.17324397782795
1790359016.0321922,51.89831697498448
1790359016.0458465,50.614890991710126
1790359016.0462873,41.21495698927902
1790359016.0489616,30.865777982398868
1790359016.0599012,34.451510990038514
1790359016.060387,33.03035898716189
1790359016.06545,32.91567001724616
1790359016.0656626,62.7585609909147
1790359016.0667622,4.3877360003534704
1790359016.066842,18.660892004845664
1790359016.0676923,86.90720301819965
1790359016.0728927,50.14693600242026
1790359016.0786166,1.9166030106134713
1790359016.0814912,1.6937959881033748
1790359016.0840938,1.8837229872588068
1790359016.0842674,69.98293302603997
1790359016.0843413,58.07732799439691
1790359016.0848038,56.37461700825952
1790359016.08603,49.93749101413414
1790359016.0874941,37.87167702103034
1790359016.0876095,18.938738998258486
1790359016.0877414,10.032991005573422
1790359016.0878272,6.762097007595003
1790359016.0883799,2.818542008753866
1790359016.0886805,1.8987589864991605
1790359016.101407,3.025293000973761
1790359016.1015239,2.6336979935877025
1790359016.1038046,2.7974859985988587
1790359016.1038704,2.337573008844629
1790359016.1061761,1.4436630008276552
1790359016.1166966,1.917513000080362
1790359016.128764,17.375352996168658
1790359016.1371806,21.025944995926693
1790359016.147718,45.08193099172786
1790359016.1502836,28.754374012351036
1790359016.154874,13.220711989561096
1790359016.1549628,36.91609398811124
1790359016.1640704,1.5705979894846678
1790359016.1737115,2.24466499639675
1790359016.174076,36.3758479943499
1790359016.1745553,30.413381988182664
1790359016.1748776,4.106214008061215
1790359016.1749382,45.762103982269764
1790359016.1776257,1.2828749895561486
1790359016.1959488,1.5147649974096566
1790359016.2113798,2.091310016112402
1790359016.2310224,11.992428015219048
1790359016.2482045,20.29173300252296
1790359016.2518318,37.55089401965961
1790359016.2573264,50.809045002097264
1790359016.2600121,17.3919289954938
1790359016.2617311,8.86453699786216
1790359016.2624793,3.1219630036503077
1790359016.2626126,43.996185006108135
1790359016.2660158,1.5265209949575365
1790359016.277292,52.82287302543409
1790359016.2777872,1.749703980749473
1790359016.27787,36.07032497529872
1790359016.2786672,57.750923006096855
1790359016.2789493,34.01096002198756
1790359016.2792432,23.066483001457527
1790359016.2797968,10.939152009086683
1790359016.2798755,16.133049997733906
1790359016.2882466,1.3427689846139401
1790359016.3215384,21.678577992133796
1790359016.3352947,34.22864602180198
1790359016.337952,51.775076979538426
1790359016.3390734,28.31425901968032
1790359016.339228,38.76858300645836
1790359016.3393168,21.66681701783091
1790359016.341895,1.535410003270954
1790359016.3433688,41.45926499040797
1790359016.3486044,1.538859971333295
1790359016.3487914,33.58416599803604
1790359016.3534784,1.3135749904904515
1790359016.3592286,31.978665007045493
1790359016.3593824,51.844395988155156
1790359016.3602688,5.729033990064636
1790359016.3605235,14.028789009898901
1790359016.3606367,2.24480900214985
1790359016.3606973,10.15412001288496
1790359016.3627837,1.3463689829222858
1790359016.3720455,1.7168420017696917
1790359016.3724084,1.514494011644274
1790359016.379478,1.8424830050207675
1790359016.3811562,1.5645110106561333
1790359016.3827305,1.3885250082239509
1790359016.3860795,1.6033790016081184
1790359016.388463,1.2704950058832765
1790359016.4227946,31.91974401124753
1790359016.426145,1.689516007900238
1790359016.4362009,1.4406300033442676
1790359016.4450152,1.5819699910935014
1790359016.445428,23.726989020360634
1790359016.4536436,19.364956009667367
1790359016.454005,17.795273015508428
1790359016.4540737,36.38058601063676
1790359016.454497,4.661541985115036
1790359016.4565117,1.2954440026078373
1790359016.458169,1.3539110077545047
1790359016.4748902,1.6294609813485295
1790359016.4794924,2.330213988898322
1790359016.4808023,1.4692340046167374
1790359016.4893038,1.5184350195340812
1790359016.4964168,1.8605899822432548
1790359016.4968941,1.5476609987672418
1790359016.5039022,1.798655983293429
1790359016.5046434,1.581421005539596
1790359016.5065575,1.795846997993067
1790359016.5070646,1.8329510057810694
1790359016.5121093,1.418761006789282
1790359016.5146825,1.528773020254448
1790359016.514937,1.3239429972600192
1790359016.5256703,1.8586020160000771
1790359016.5327344,2.299990999745205
1790359016.5346684,1.4266560028772801
1790359016.5358608,1.1835979821626097
1790359016.545308,1.6180240199901164
1790359016.5489936,1.4496700023300946
1790359016.5568652,1.586006983416155
1790359016.574144,1.820588018745184
1790359016.5814111,1.643135998165235
1790359016.594919,1.884636003524065
1790359016.6096888,2.0390310091897845
1790359016.610668,1.9028669921681285
1790359016.612997,1.3096210022922605
1790359016.6161652,2.103386999806389
1790359016.6170251,1.4870159793645144
1790359016.6199844,1.7071420152205974
1790359016.6205437,1.8196689779870212
1790359016.6222498,1.3745510077569634
1790359016.6273,1.2516799906734377
1790359016.6329947,2.0283960038796067
1790359016.6349993,1.3055290037300438
1790359016.6745813,28.163607988972217
1790359016.6773095,24.00183500139974
1790359016.6922517,59.04796801041812
1790359016.6995602,59.53955999575555
1790359016.6998937,57.3740059917327
1790359016.7002206,59.435660019516945
1790359016.701012,40.466581005603075
1790359016.7011263,36.03325699805282
1790359016.7013636,25.273325009038672
1790359016.7017353,13.43711101799272
1790359016.7020526,6.505745026515797
1790359016.7021978,50.73862601420842
1790359016.704867,42.20796300796792
1790359016.7119184,43.66466999636032
1790359016.7133584,26.549687987426296
1790359016.7134693,23.857129010139033
1790359016.7135603,45.89041299186647
1790359016.7226775,1.6072889848146588
1790359016.7302475,1.442831999156624
1790359016.7372987,1.545206003356725
1790359016.741897,1.3157039938960224
1790359016.7445672,30.624075006926432
1790359016.7447631,19.858654006384313
1790359016.7458286,15.571200987324119
1790359016.7458916,7.209453993709758
1790359016.753494,1.766639994457364
1790359016.7573533,1.8196919991169125
1790359016.7728155,2.110144996549934
1790359016.7789571,2.149169013136998
1790359016.7792475,1.6812109970487654
1790359016.788066,1.8692149897105992
1790359016.7888465,1.6223890124820173
1790359016.7917695,1.4520199911203235
1790359016.7950723,1.4158630219753832
1790359016.8156984,2.0750429830513895
1790359016.8172474,1.305657991906628
1790359016.8202791,1.3384800113271922
1790359016.832428,23.787893005646765
1790359016.83291,18.268498999532312
1790359016.83352,35.92430500430055
1790359016.833581,15.886940993368626
1790359016.8432555,1.8047109770122916
1790359016.870432,1.92114501260221
1790359016.8738284,1.7559939878992736
1790359016.8793702,35.09222000138834
1790359016.8794656,8.114564989227802
1790359016.8795269,20.698451000498608
1790359016.881417,1.3811599928885698
1790359016.8829901,1.5650959976483136
1790359016.8835278,1.3220349792391062
1790359016.8855963,1.232268987223506
1790359016.8988965,1.9370479858480394
1790359016.91049,1.7593950033187866
1790359016.9146712,1.6409989912062883
1790359016.9179473,1.4669090160168707
1790359016.9380534,2.1386059815995395
1790359016.9592118,2.1798170055262744
1790359016.9624908,1.402591005899012
1790359016.9651647,1.3632829941343516
1790359016.972547,1.7138069961220026
1790359016.976103,1.9890129915438592
1790359016.9795918,1.5801210247445852
1790359016.981563,31.066477997228503
1790359016.9824,24.872143985703588
1790359016.9829082,19.5905480068177
1790359016.9836094,18.238766991999
1790359016.9843717,11.074851005105302
1790359016.9845293,9.150213998509571
1790359016.9845886,41.05376001098193
1790359016.988753,1.288239989662543
1790359016.9918244,2.058993006357923
1790359016.9918952,1.5926659980323166
1790359016.996487,1.2436899996828288
1790359017.00334,1.9826960051432252
1790359017.0157585,1.88649698975496
1790359017.0197804,1.8303430115338415
1790359017.0215693,1.2630950077436864
1790359017.0352538,31.724635016871616
1790359017.0362628,34.110092994524166
1790359017.0363383,19.389899011002854
1790359017.0364656,16.596426983596757
1790359017.0409224,1.7821249784901738
1790359017.0529058,13.076977018499747
1790359017.0643935,16.418931976659223
1790359017.0644836,21.08302598935552
1790359017.066696,19.923072977690026
1790359017.0671287,39.54241599421948
1790359017.0672438,18.657626991625875
1790359017.0787585,37.5211340142414
1790359017.078857,27.32512098737061
1790359017.0792375,13.407587975962088
1790359017.086604,1.6653780185151845
1790359017.0881748,36.09036799753085
1790359017.0927186,1.414015976479277
1790359017.094827,1.512471993919462
1790359017.0988138,17.619178019231185
1790359017.1020432,15.525113005423918
1790359017.1032968,53.20315802237019
1790359017.1035075,10.678608989110216
1790359017.103572,7.337880990235135
1790359017.1049984,1.2434380187187344
1790359017.113564,2.152207016479224
1790359017.128299,26.242469990393147
1790359017.1284215,34.475643013138324
1790359017.1289065,23.09306201641448
1790359017.1469383,23.84158200584352
1790359017.1478477,35.891395004000515
1790359017.1482565,21.1153150012251
1790359017.1483347,6.270358979236335
1790359017.1635923,22.928431979380548
1790359017.1645875,11.29749498795718
1790359017.165049,52.49816400464624
1790359017.1705892,1.4759199984837323
1790359017.1827934,1.7378670163452625
1790359017.1837559,26.96596598252654
1790359017.1870134,13.187522010412067
1790359017.187099,36.20623200549744
1790359017.1926546,1.5021909784991294
1790359017.2006419,1.2535080022644252
1790359017.2047422,1.357973989797756
1790359017.2166374,1.8847910105250776
1790359017.223635,1.6805969935376197
1790359017.2254086,27.58312100195326
1790359017.225509,22.71031800773926
1790359017.2295372,1.7606940236873925
1790359017.232928,27.410576003603637
1790359017.2339776,36.878325016004965
1790359017.234866,16.699871979653835
1790359017.2349918,7.780847023241222
1790359017.2356887,1.4700169849675149
1790359017.2383904,1.4804620004724711
1790359017.2391558,1.4531690103467554
1790359017.2442405,1.2802770070265979
1790359017.2524462,1.660779002122581
1790359017.2670805,1.7796480096876621
1790359017.2713509,1.4116490201558918
1790359017.2819347,1.570684980833903
1790359017.282975,25.717731012264267
1790359017.2833643,36.61482999450527
1790359017.2835822,15.80870701582171
1790359017.2838438,8.823943004244938
1790359017.2873013,1.412373996572569
1790359017.3055708,1.9358459976501763
1790359017.310879,4.1848849796224385
1790359017.3113074,4.064050008310005
1790359017.312046,1.8650970014277846
1790359017.3123324,2.7999249869026244
1790359017.3166943,1.2394789955578744
1790359017.318596,1.6898080066312104
1790359017.3256593,1.389690994983539
1790359017.3304925,1.4782999933231622
1790359017.366207,11.624457023572177
1790359017.3667417,13.525035989005119
1790359017.3669634,11.413900996558368
1790359017.3671572,13.77831498393789
1790359017.3672683,13.26306798728183
1790359017.367951,8.86564000393264
1790359017.36858,3.0564979824703187
1790359017.3693392,4.0547380049247295
1790359017.3715625,1.3400930038187653
1790359017.3802772,3.121640009339899
1790359017.3828878,3.2856639882083982
1790359017.3829923,2.7043639856856316
1790359017.3835187,1.6340680012945086
1790359017.3921378,1.4089809847064316
1790359017.39374,1.4931680052541196
1790359017.3973975,1.3011030096095055
1790359017.399194,1.332666986854747
1790359017.401981,1.4652990212198347
1790359017.4140196,1.6494450101163238
1790359017.4391572,9.62408201303333
1790359017.4394348,6.063634995371103
1790359017.4429104,14.912154991179705
1790359017.455069,2.09404100314714
1790359017.4599504,1.5030039940029383
1790359017.4707105,40.10602500056848
1790359017.471783,1.6653589846100658
1790359017.4749527,1.318804977927357
1790359017.4783697,34.7280599817168
1790359017.4790008,23.701110010733828
1790359017.479622,51.78739898838103
1790359017.4796782,13.638113014167175
1790359017.480195,4.922096995869651
1790359017.4802582,7.509046990890056
1790359017.4831257,1.465278008254245
1790359017.5025306,2.0925560093019158
1790359017.5188017,2.8545109962578863
1790359017.5199118,1.5370019827969372
1790359017.5201867,2.227021992439404
1790359017.5380695,1.6920060152187943
1790359017.5417132,1.352769002551213
1790359017.5469487,1.8581209878902882
1790359017.5589423,1.5505499904975295
1790359017.5784793,1.7324270156677812
1790359017.583813,34.02318400912918
1790359017.5844626,35.24711198406294
1790359017.5849745,15.970228996593505
1790359017.5850317,5.137164989719167
1790359017.592541,2.4102809838950634
1790359017.5974703,2.768814010778442
1790359017.5989141,3.037779009900987
1790359017.5998955,1.5326690045185387
1790359017.612016,1.8840830016415566
1790359017.6160712,1.3572649913839996
1790359017.624957,29.746317013632506
1790359017.6367178,40.008876007050276
1790359017.638794,25.00711099128239
1790359017.6389976,36.40810801880434
1790359017.6394045,8.2141809980385
1790359017.6395411,48.102124012075365
1790359017.6396124,4.457442002603784
1790359017.6423597,2.425432001473382
1790359017.648301,2.188404992921278
1790359017.6549747,2.2185650013852865
1790359017.657485,1.9933709991164505
1790359017.660162,2.660427999217063
1790359017.6645527,1.7659000004641712
1790359017.6660106,1.1700640025082976
1790359017.6822479,1.5341689868364483
1790359017.6871364,1.6724260058254004
1790359017.6920466,29.787508014123887
1790359017.693308,29.447141016134992
1790359017.6950183,17.896022007334977
1790359017.6951087,36.82725000544451
1790359017.695301,9.062546014320105
1790359017.6953623,11.741162015823647
1790359017.6965396,2.0658739958889782
1790359017.7173665,3.149064985336736
1790359017.7331264,4.287004005163908
1790359017.733494,3.8949259906075895
1790359017.7339842,3.1868630030658096
1790359017.7408428,1.9399370066821575
1790359017.7412271,1.6939220076892525
1790359017.7480044,1.576331997057423
1790359017.7506762,1.477648998843506
1790359017.7593856,1.6522849909961224
1790359017.7767444,1.886276004370302
1790359017.7857375,1.8486199842300266
1790359017.7912178,1.8897030095104128
1790359017.792993,1.4134070079308003
1790359017.7945685,24.399804999120533
1790359017.7948217,13.357819989323616
1790359017.7959278,11.009723006282002
1790359017.796045,5.84174701361917
1790359017.7961125,34.745690994895995
1790359017.8027494,1.486911001848057
1790359017.815038,2.608448005048558
1790359017.8160644,2.4992719991132617
1790359017.82148,1.8042140000034124
1790359017.8215687,2.404459984973073
1790359017.836537,1.4410770090762526
1790359017.8398273,7.203887013019994
1790359017.8774562,32.08839500439353
1790359017.877537,15.807550022145733
1790359017.877603,44.445151987019926
1790359017.8805985,1.5204939991235733
1790359017.8868783,2.062051004031673
1790359017.888725,32.96272101579234
1790359017.892098,1.9770999788306653
1790359017.892188,42.570785008138046
1790359017.8927715,15.023633983219042
1790359017.8929229,7.450903009157628
1790359017.8929956,9.930936997989193
1790359017.8993719,1.9894660217687488
1790359017.9123669,2.552825986640528
1790359017.913203,1.9499220070429146
1790359017.9216402,2.8724469884764403
1790359017.9229934,2.9282349860295653
1790359017.9231284,3.1664200068917125
1790359017.9235094,1.2604329967871308
1790359017.9264297,1.2859349953942
1790359017.9282186,1.3387880171649158
1790359017.9328756,1.5937839925754815
1790359017.9334788,1.3369149819482118
1790359017.9401562,1.280353986658156
1790359017.949242,1.673402002779767
1790359017.9599142,9.443489980185404
1790359017.9599946,1.896660018246621
1790359018.0027728,25.022774992976338
1790359018.0033677,41.78758501075208
1790359018.0035203,5.919122020713985
1790359018.0035887,13.301903003593907
1790359018.0270243,79.96358899981715
1790359018.0297143,67.42798199411482
1790359018.0301275,65.32878198777325
1790359018.0303044,41.84844100382179
1790359018.0414891,49.1058059851639
1790359018.046081,24.97371399658732
1790359018.0580351,43.906000995775685
1790359018.0684605,43.21487600100227
1790359018.0690308,63.18194101913832
1790359018.0691226,65.34698500763625
1790359018.0699565,31.597898981999606
1790359018.0700285,30.57880199048668
1790359018.0733092,44.92495799786411
1790359018.0744379,35.562228003982455
1790359018.0752254,34.661524987313896
1790359018.075976,28.786273003788665
1790359018.0763175,20.46675101155415
1790359018.0766046,41.781944019021466
1790359018.0766642,14.24774999031797
1790359018.0870059,1.6205790161620826
1790359018.0906749,36.011807998875156
1790359018.095809,53.90142498072237
1790359018.1009812,33.6747829860542
1790359018.101116,41.88167900429107
1790359018.1050117,38.555389997782186
1790359018.1056883,15.844128996832296
1790359018.1057696,7.087305013556033
1790359018.109239,1.4171360235195607
1790359018.1171112,1.728925999486819
1790359018.125099,1.312085980316624
1790359018.1255295,27.58709399495274
1790359018.131455,24.136012012604624
1790359018.1315658,34.25717100617476
1790359018.132042,17.34465899062343
1790359018.1327348,13.883913983590901
1790359018.1414268,1.5212679863907397
1790359018.148152,2.1970660018268973
1790359018.1538422,1.512363989604637
1790359018.1592224,1.421485998434946
1790359018.1687925,1.789950008969754
1790359018.1691072,23.76714101410471
1790359018.1728404,36.243770009605214
1790359018.1737232,18.56123100151308
1790359018.1739168,26.244139997288585
1790359018.1740055,12.724839005386457
1790359018.1745381,2.8749310004059225
1790359018.1776047,1.4895829954184592
1790359018.184988,1.2750519963447005
1790359018.1912327,1.4325299998745322
1790359018.191856,1.3233649951871485
1790359018.193857,1.2819859839510173
1790359018.1968727,1.2298210058361292
1790359018.2014596,1.5411089989356697
1790359018.2033787,1.59258401254192
1790359018.2061272,1.5417849936056882
1790359018.2118154,1.6411309770774096
1790359018.2124646,1.527684013126418
1790359018.2173805,1.4017809880897403
1790359018.2179391,1.3870370166841894
1790359018.2361712,1.93907500943169
1790359018.240024,2.7541080198716372
1790359018.2432058,2.14579701423645
1790359018.2564857,1.884790020994842
1790359018.257107,20.526439999230206
1790359018.2579029,19.968792999861762
1790359018.25799,16.40070098801516
1790359018.258076,37.135491002118215
1790359018.2704785,1.861207012552768
1790359018.2762995,1.4552109932992607
1790359018.2792637,1.3381919998209924
1790359018.2837837,1.7287329828832299
1790359018.2935002,23.007804004009813
1790359018.2944613,36.199674010276794
1790359018.295175,17.788605007808656
1790359018.295577,15.42189999599941
1790359018.296284,13.143043004674837
1790359018.2966106,4.204110999125987
1790359018.297566,3.030054009286687
1790359018.2976358,2.046463981969282
1790359018.3032415,1.3671640190295875
1790359018.3097904,1.308803999563679
1790359018.3158185,1.775891985744238
1790359018.3248386,1.8024870078079402
1790359018.3282287,2.5370359944645315
1790359018.3287625,1.945201976923272
1790359018.329148,1.4337559987325221
1790359018.3326023,1.3473819999489933
1790359018.334109,1.2151240080129355
1790359018.3371675,1.2390080082695931
1790359018.352241,2.081674989312887
1790359018.356261,1.5205630043055862
1790359018.37747,33.07879899512045
1790359018.3775723,24.621849006507546
1790359018.380152,1.7102959973271936
1790359018.382517,1.4708310191053897
1790359018.3841689,1.331623992882669
1790359018.3876634,1.9258109969086945
1790359018.3889854,1.3122509990353137
1790359018.3938894,1.3343899918254465
1790359018.410856,1.6521479992661625
1790359018.4132123,2.015088975895196
1790359018.4203098,1.6094959864858538
1790359018.428737,1.7272910044994205
1790359018.4308825,1.266941981157288
1790359018.4411125,1.8788360175676644
1790359018.447901,19.042316009290516
1790359018.44804,22.994661005213857
1790359018.4526727,19.42582000629045
1790359018.4528642,40.0749449909199
1790359018.4534519,2.57013802183792
1790359018.4539258,1.7222919850610197
1790359018.462169,1.7813290178310126
1790359018.4638193,1.6396860009990633
1790359018.4671993,1.539117016363889
1790359018.480194,1.9859420135617256
1790359018.4894333,1.5568210219498724
1790359018.497442,1.8537300056777894
1790359018.501062,30.341606005094945
1790359018.5018733,22.55841699661687
1790359018.5026321,37.483440013602376
1790359018.50293,12.55389500875026
1790359018.5030735,3.758784005185589
1790359018.510843,1.6842879995238036
1790359018.5165112,1.4487220032606274
1790359018.518126,1.6065759991761297
1790359018.5186803,1.2353239872027189
1790359018.5252976,2.1192860149312764
1790359018.532123,1.855933980550617
1790359018.5328455,1.8918679852504283
1790359018.546224,1.8199720070697367
1790359018.5525353,1.7956920200958848
1790359018.5683334,18.117959989467636
1790359018.568913,34.785906987963244
1790359018.5689774,4.665936983656138
1790359018.5745435,1.4833549794275314
1790359018.5776978,1.791363989468664
1790359018.5910025,1.606934005394578
1790359018.6087375,2.254580002045259
1790359018.640692,1.8112400139216334
1790359018.6426735,32.740067021222785
1790359018.6430843,21.03791100671515
1790359018.64472,1.2514849950093776
1790359018.6541405,1.7917200166266412
1790359018.6547344,1.5585919900331646
1790359018.6636593,1.8991060205735266
1790359018.666168,1.2814000074286014
1790359018.6709173,1.935556996613741
1790359018.6719623,1.4225829800125211
1790359018.6731868,1.2148760142736137
1790359018.6811128,1.9864510104525834
1790359018.688286,2.8168429853394628
1790359018.6884048,2.339571015909314
1790359018.6888962,2.081168000586331
1790359018.6939187,1.5446920006070286
1790359018.696795,1.350416016066447
1790359018.7046406,2.538949018344283
1790359018.704963,2.122964011505246
1790359018.7050214,1.6644150018692017
1790359018.7096415,2.2041689953766763
1790359018.7140174,1.48059701314196
1790359018.719382,1.5976180147845298
1790359018.727161,1.5846370079088956
1790359018.7294157,1.5740249946247786
1790359018.7343385,2.3152070061769336
1790359018.7453992,12.867364013800398
1790359018.7655053,25.74828901560977
1790359018.7720852,31.48503601551056
1790359018.7772474,44.1394169756677
1790359018.7796352,33.93720000167377
1790359018.7797754,41.77242802688852
1790359018.7813194,21.996372001012787
1790359018.781929,32.154075015569106
1790359018.7823997,1.9395159906707704
1790359018.7835054,35.757238016230986
1790359018.7854493,1.506566011812538
1790359018.794417,41.33670902228914
1790359018.8028,1.5368520107585937
1790359018.8052092,31.06181899784133
1790359018.8104317,29.103495995514095
1790359018.8128502,40.17779999412596
1790359018.8129177,12.573832995258272
1790359018.8187413,1.9318760023452342
1790359018.8209574,1.4034539926797152
1790359018.8236773,2.031020005233586
1790359018.8243897,1.4398869825527072
1790359018.826872,1.556157018058002
1790359018.8369577,1.8098490254487842
1790359018.8371472,2.4426679883617908
1790359018.8428712,1.7637810087762773
1790359018.8435335,1.449966977816075
1790359018.8549037,1.8211509741377085
1790359018.8612623,1.6477209865115583
1790359018.8708503,1.8769699963741004
1790359018.8823118,30.918576987460256
1790359018.883198,28.280842991080135
1790359018.88436,35.352998005691916
1790359018.8844173,24.131963000399992
1790359018.8852808,1.8830370099749416
1790359018.887846,2.1743389952462167
1790359018.8889303,2.0210720249451697
1790359018.8897028,1.6215179930441082
1790359018.8950677,1.4336559979710728
1790359018.929943,3.2282070023939013
1790359018.930134,39.231098984600976
1790359018.9336584,1.5568780072499067
1790359018.9437184,2.2786920017097145
1790359018.9466348,1.4761000056751072
1790359018.9519644,23.435451003024355
1790359018.9592433,25.48009398742579
1790359018.9597538,38.86043798411265
1790359018.960868,8.407418004935607
1790359018.9610388,17.799505993025377
1790359018.9616413,1.769025984685868
1790359018.975851,3.295500995591283
1790359018.97683,3.107345983153209
1790359018.9772933,2.507886994862929
1790359018.979705,1.256149000255391
1790359018.9876719,1.840062002884224
1790359018.993315,1.235150994034484
1790359019.0179005,28.285175998462364
1790359019.019291,35.80984502332285
1790359019.019361,23.341935011558235
1790359019.0196195,7.339502015383914
1790359019.0196714,15.144158998737112
1790359019.0244884,1.421200024196878
1790359019.031035,25.000224995892495
1790359019.0313964,1.9962940132245421
1790359019.0317824,18.288683000719175
1790359019.031859,32.559707993641496
1790359019.0324306,4.487882019020617
1790359019.0325117,35.786288004601374
1790359019.04458,1.5219130145851523
1790359019.0484781,1.6653580241836607
1790359019.0492778,1.628377998713404
1790359019.0498183,1.2317530054133385
1790359019.0528555,1.4243430050555617
1790359019.0571887,1.932315994054079
1790359019.0578754,1.449066010536626
1790359019.0648372,1.3232950004749
1790359019.0755522,2.6395779859740287
1790359019.0763578,1.6409270174335688
1790359019.0804605,18.27702301670797
1790359019.0808449,1.548119995277375
1790359019.0862894,17.65350697678514
1790359019.0903301,1.3611569884233177
1790359019.092808,19.418228010181338
1790359019.093461,35.03509299480356
1790359019.0940695,18.50317098433152
1790359019.0941284,7.181780005339533
1790359019.1438997,35.86880999500863
1790359019.144497,39.089388999855146
1790359019.14521,14.674845995614305
1790359019.14528,5.0899120105896145
1790359019.1493077,1.5643160149920732
1790359019.1605084,2.4611770058982074
1790359019.1621027,63.695036980789155
1790359019.1622725,36.50480601936579
1790359019.16272,31.610270991222933
1790359019.1628819,20.628619007766247
1790359019.1693573,2.1923799940850586
1790359019.1739454,2.2843420156277716
1790359019.1780832,27.407231013057753
1790359019.1789854,2.0084049901925027
1790359019.1793325,18.575275025796145
1790359019.181093,10.173728020163253
1790359019.1813054,57.654596981592476
1790359019.1813827,8.795667003141716
1790359019.1891665,3.5780439793597907
1790359019.2035542,2.655241987667978
1790359019.2214494,5.653025989886373
1790359019.221704,3.77835999825038
1790359019.2221556,28.143351984908804
1790359019.2246232,8.171694003976882
1790359019.2247434,10.03056499757804
1790359019.2303839,10.536801011767238
1790359019.2381916,58.5691420128569
1790359019.246564,13.392685999860987
1790359019.2645898,30.437843000981957
1790359019.2703571,42.49498501303606
1790359019.2704449,35.74841399677098
1790359019.2738988,1.7607830232009292
1790359019.2766244,1.727329014101997
1790359019.2785738,46.36402102187276
1790359019.2790983,8.534888009307906
1790359019.279235,5.222083011176437
1790359019.2793353,3.8665100000798702
1790359019.293324,3.4937089949380606
1790359019.294392,2.836317988112569
1790359019.2945187,2.244436996988952
1790359019.303582,3.2156200031749904
1790359019.304622,2.8040519973728806
1790359019.3115456,2.9141260019969195
1790359019.3138802,2.229478006483987
1790359019.3139517,3.0596620053984225
1790359019.3176959,1.596251007867977
1790359019.3431635,2.4054389796219766
1790359019.362237,2.014264988247305
1790359019.3692448,37.05869399709627
1790359019.3693159,10.510465974221006
1790359019.3715978,1.3885240186937153
1790359019.3781295,1.8408259784337133
1790359019.3883424,2.5297510146629065
1790359019.3937213,2.663141000084579
1790359019.3993108,2.768990001641214
1790359019.420049,17.75175498914905
1790359019.4209027,34.459296002751216
1790359019.4210038,22.840049990918487
1790359019.4212117,29.365657013840973
1790359019.4222078,43.012192007154226
1790359019.4231365,18.532880989369005
1790359019.4232326,16.112453013192862
1790359019.423984,1.7239240114577115
1790359019.426462,1.5473289822693914
1790359019.429879,1.9184930133633316
1790359019.4305024,24.586965009802952
1790359019.4308414,1.3493740116246045
1790359019.4346013,1.2712499883491546
1790359019.4376616,36.089591012569144
1790359019.4378114,22.540093021234497
1790359019.438162,14.168835972668603
1790359019.4395952,12.310929014347494
1790359019.4397256,6.879197986563668
1790359019.4398878,11.297441989881918
1790359019.4403455,5.464831017889082
1790359019.4444866,1.5262749802786857
1790359019.4477708,2.022992994170636
1790359019.4485848,1.553993992274627
1790359019.4563832,2.29200700414367
1790359019.4633007,1.6489539993926883
1790359019.475105,1.6371319943573326
1790359019.4774475,1.581493008416146
1790359019.4775283,17.41116598714143
1790359019.4822266,33.59146602451801
1790359019.483669,12.27243200992234
1790359019.4837573,9.38876299187541
1790359019.4865823,1.347053999779746
1790359019.4895337,1.4787879772484303
1790359019.4953558,1.540751982247457
1790359019.4973094,1.2946460046805441
1790359019.5011833,1.6738380072638392
1790359019.5051556,1.6563019889872521
1790359019.5113106,1.893191016279161
1790359019.51816,2.8791129880119115
1790359019.5182402,2.1162280172575265
1790359019.5204504,1.6046310192905366
1790359019.5211556,1.6086719988379627
1790359019.5227976,1.5080289740581065
1790359019.5261312,1.5555190038867295
1790359019.529924,1.4823160017840564
1790359019.5373077,1.586044003488496
1790359019.5468931,1.6763850289862603
1790359019.5502734,1.4024470001459122
1790359019.5568573,1.530263980384916
1790359019.5634637,19.027670001378283
1790359019.5745654,1.9283420115243644
1790359019.57647,29.42523400997743
1790359019.576969,22.22364698536694
1790359019.5777414,37.09469601744786
1790359019.5778668,8.736593008507043
1790359019.5788033,1.5598599857185036
1790359019.5814238,1.9252699858043343
1790359019.5823445,1.6623809933662415
1790359019.5899084,1.6225819999817759
1790359019.5927613,1.8458599806763232
1790359019.6154952,5.203014996368438
1790359019.6156785,3.96961800288409
1790359019.6158671,4.865995986619964
1790359019.616805,3.110338991973549
1790359019.622448,1.8111160025000572
1790359019.6302617,1.7343219951726496
1790359019.6307678,2.8977740148548037
1790359019.6346126,1.3312550145201385
1790359019.6746013,23.31230099662207
1790359019.6833956,37.096167012350634
1790359019.6883175,24.308783002197742
1790359019.689216,15.604270010953769
1790359019.6897075,40.512695006327704
1790359019.6898766,9.332439018180594
1790359019.690559,17.610749986488372
1790359019.6906908,15.584798995405436
1790359019.711406,25.55438000126742
1790359019.7116165,15.892620023805648
1790359019.722718,28.40955599094741
1790359019.7233362,33.44758300227113
1790359019.7243364,14.756067015696317
1790359019.7244797,42.680325015680864
1790359019.7255073,31.114373996388167
1790359019.7271175,29.86669901292771
1790359019.727408,40.289263997692615
1790359019.7373748,24.770613003056496
1790359019.758765,40.34167400095612
1790359019.759856,40.882288973079994
1790359019.7601206,49.96519899577834
1790359019.7603192,40.684509003767744
1790359019.7604432,39.66402102378197
1790359019.7619576,28.993804997298867
1790359019.7625208,44.54133799299598
1790359019.7626178,6.245579017559066
1790359019.7719676,18.403550988296047
1790359019.772163,45.769253018079326
1790359019.7962277,43.34650299279019
1790359019.7971902,35.17393101355992
1790359019.7975717,19.669700996018946
1790359019.7980156,4.767703008837998
1790359019.7981162,15.091259003384039
1790359019.8086307,33.42996898572892
1790359019.8089433,29.041428992059082
1790359019.8090327,38.067699992097914
1790359019.809126,19.694040005560964
1790359019.8113096,2.0543689897749573
1790359019.8160534,4.039349994855002
1790359019.8162344,3.147922019707039
1790359019.8171852,2.2845269995741546
1790359019.8290393,1.4725950022693723
1790359019.83267,22.822263999842107
1790359019.8330112,36.33920199354179
1790359019.8341703,21.64990600431338
1790359019.8351223,9.761836001416668
1790359019.835513,21.795303997350857
1790359019.8370492,9.009144006995484
1790359019.838852,4.137937008636072
1790359019.8389587,5.795320990728214
1790359019.8396158,3.148282994516194
1790359019.8400767,4.347687994595617
1790359019.8677678,18.940911017125472
1790359019.8804781,19.87907601869665
1790359019.8805652,15.940632991259918
1790359019.8822453,37.497209006687626
1790359019.88236,13.911417976487428
1790359019.8827283,27.939252002397552
1790359019.8831756,10.29288800782524
1790359019.8832474,2.251718018669635
1790359019.890326,1.9191830069757998
1790359019.8909473,27.716048003640026
1790359019.8912287,37.15707900119014
1790359019.891516,24.879370001144707
1790359019.891679,20.167573995422572
1790359019.893024,4.754273017169908
1790359019.8931556,14.043678005691618
1790359019.893951,2.111798996338621
1790359019.8945382,1.2659770145546645
1790359019.8983417,1.8107839860022068
1790359019.8996515,2.044957014732063
1790359019.9001617,1.2453689996618778
1790359019.9019709,1.2336999934632331
1790359019.9033363,1.2624619994312525
1790359019.9096599,1.5435680106747895
1790359019.9102292,1.4996730023995042
1790359019.9223921,1.5080070006661117
1790359019.9271207,1.3405449863057584
1790359019.934279,1.707596005871892
1790359019.9412465,2.171625994378701
1790359019.941976,24.100060982163996
1790359019.9433477,1.2336589861661196
1790359019.9480026,1.6590390005148947
1790359019.9480894,26.581923011690378
1790359019.9487479,34.594497992657125
1790359019.9500961,23.800743016181514
1790359019.9505916,10.326767020160332
1790359019.950711,6.614816025830805
1790359019.9508944,17.803983006160706
1790359019.9514742,2.3167360050138086
1790359019.9529755,1.492294977651909
1790359019.9731836,2.2856089926790446
1790359019.9743922,1.636981003684923
1790359019.9783995,1.2953300029039383
1790359019.9866984,1.694260980002582
1790359019.9912412,2.121365978382528
1790359019.9951744,2.370223024627194
1790359020.008707,2.5035470025613904
1790359020.0097184,17.90865501970984
1790359020.0125844,2.158059010980651
1790359020.0150986,1.9464629876893014
1790359020.0207314,24.953699990874156
1790359020.0246253,2.456476999213919
1790359020.0267913,19.681230012793094
1790359020.0277226,1.501669001299888
1790359020.0308723,43.88509699492715
1790359020.031003,20.110243000090122
1790359020.0314183,10.406824003439397
1790359020.0319412,8.314111997606233
1790359020.0354044,1.648786012083292
1790359020.038157,1.7007110000122339
1790359020.0386455,1.375609019305557
1790359020.0408497,1.5164529904723167
1790359020.0499167,2.1888229821342975
1790359020.0791712,1.9289030169602484
1790359020.0840843,34.999119001440704
1790359020.084513,12.252593995071948
1790359020.0904686,1.6207050066441298
1790359020.1129448,22.351835999870673
1790359020.118386,38.139304000651464
1790359020.1184788,19.485662021907046
1790359020.1194,15.076228010002524
1790359020.1194704,13.885677995858714
1790359020.1355977,37.65519100124948
1790359020.1365952,35.74640300939791
1790359020.1373851,40.01735302153975
1790359020.1377435,32.85641598631628
1790359020.1392758,4.9990719999186695
1790359020.139467,24.162381974747404
1790359020.1406457,12.756840995280072
1790359020.157397,15.63667698064819
1790359020.1711838,17.064409999875352
1790359020.1715443,42.864212999120355
1790359020.172004,3.6198419984430075
1790359020.1720927,6.19492499390617
1790359020.1749332,1.5791229961905628
1790359020.1784685,35.70704400772229
1790359020.17897,40.56301500531845
1790359020.1793017,23.02859298652038
1790359020.1793602,12.609492987394333
1790359020.1801198,5.164825008250773
1790359020.1801922,7.665362005354837
1790359020.1816254,1.3288350019138306
1790359020.1853135,1.400225010002032
1790359020.1872864,1.5414360095746815
1790359020.191311,1.2746390129905194
1790359020.1975353,1.5776329964865
1790359020.2141013,1.4220940065570176
1790359020.219738,1.4339849876705557
1790359020.2209275,26.9058579870034
1790359020.2217078,34.01904398924671
1790359020.2222755,16.1478329973761
1790359020.2223341,5.3124200203455985
1790359020.2238793,1.1877299984917045
1790359020.2261636,1.4380179927684367
1790359020.2278664,1.2001080031041056
1790359020.2355087,2.3765390214975923
1790359020.2362761,2.700651006307453
1790359020.236449,3.7949040124658495
1790359020.2409275,1.5075530100148171
1790359020.2748525,22.931603016331792
1790359020.278516,22.065761993872
1790359020.28159,14.008085010573268
1790359020.2816827,10.20838599652052
1790359020.282107,39.368551020743325
1790359020.2822015,3.5793089773505926
1790359020.2881856,34.75437199813314
1790359020.2890756,27.264411008218303
1790359020.289735,38.375431002350524
1790359020.2902167,20.761218009283766
1790359020.2907732,10.101079009473324
1790359020.2910833,4.037311999127269
1790359020.291158,13.706489000469446
1790359020.2930088,1.6883930074982345
1790359020.3198054,33.570244995644316
1790359020.3246465,36.3335229922086
1790359020.325442,33.61799498088658
1790359020.3258462,41.15711199119687
1790359020.33063,16.19884101091884
1790359020.336579,16.54169100220315
1790359020.3412611,28.928664978593588
1790359020.3432033,43.630662985378876
1790359020.3432796,24.479088984662667
1790359020.3436575,20.958434004569426
1790359020.3437226,15.302038984373212
1790359020.3485396,23.459882009774446
1790359020.3497849,2.2314810194075108
1790359020.3584359,21.01459400728345
1790359020.3636248,46.954214019933715
1790359020.3636887,6.2522699881810695
1790359020.3679147,1.5933540125843138
1790359020.3710053,1.2086000060662627
1790359020.3829432,1.9487820100039244
1790359020.38441,1.4438699872698635
1790359020.389597,2.0276629948057234
1790359020.390539,1.728117000311613
1790359020.396187,3.551679983502254
1790359020.3962688,2.71897399215959
1790359020.3963346,3.2957009971141815
1790359020.4218512,2.961833990411833
1790359020.423518,3.9724360103718936
1790359020.423762,5.84251299733296
1790359020.4244473,2.3636109835933894
1790359020.4302297,2.05458200071007
1790359020.4310439,1.6425380017608404
1790359020.9941466,2.892057003919035
1790359020.9959383,3.0890250054653734
1790359020.9986544,1.655368017964065
1790359020.9987102,2.2090400161687285
1790359021.0038948,1.37456800439395
1790359021.0255237,1.851342007284984
1790359021.030293,5.930259998422116
1790359021.0305357,5.000218981876969
1790359021.0316188,4.757065995363519
1790359021.0339038,1.449625997338444
1790359021.0414867,13.604600011603907
1790359021.0682688,34.35293899383396
1790359021.0683916,29.26980800111778
1790359021.0697334,40.084834006847814
1790359021.0701244,5.2884409960825
1790359021.070439,16.147952992469072
1790359021.0704973,11.191614001290873
1790359021.0716136,33.793991984566674
1790359021.0717676,26.209520001430064
1790359021.0719895,37.243365979520604
1790359021.0729282,16.8007820029743
1790359021.073404,10.74538700049743
1790359021.0734863,4.937119985697791
1790359021.091572,2.4071460065897554
1790359021.092385,2.1349129965528846
1790359021.112437,1.6169720038305968
1790359021.1180713,2.2364059987012297
1790359021.1258607,21.614363009575754
1790359021.1260173,35.067782999249175
1790359021.126207,11.104636010713875
1790359021.126476,9.417786000994965
1790359021.1369812,1.744959008647129
1790359021.1388464,1.4522910059895366
1790359021.1404681,1.2410320050548762
1790359021.144314,1.5639369958080351
1790359021.1448438,1.1857299832627177
1790359021.1502614,2.361674007261172
1790359021.1508603,1.391817000694573
1790359021.1614308,1.3368020008783787
1790359021.171738,1.6160600061994046
1790359021.1786027,1.4107179886195809
1790359021.1920683,28.914577997056767
1790359021.193915,22.02050300547853
1790359021.1961155,38.61679098918103
1790359021.1963615,7.5068869919050485
1790359021.1967747,5.424006987595931
1790359021.1986508,4.6222459932323545
1790359021.2097597,12.970915995538235
1790359021.2235322,31.237494986271486
1790359021.2239757,33.71330999652855
1790359021.2243984,29.409034992568195
1790359021.2245092,43.61331698601134
1790359021.2248042,20.94886399572715
1790359021.2368028,21.744057012256235
1790359021.2371967,39.47172200423665
1790359021.2373347,2.6065070123877376
1790359021.2381022,2.483899996150285
1790359021.240323,1.4649770164396614
1790359021.2426035,1.2834420194849372
1790359021.2438302,1.2178299948573112
1790359021.2461112,1.1729900143109262
1790359021.252905,1.5449999773409218
1790359021.2577102,1.4342140057124197
1790359021.2599654,1.4206299965735525
1790359021.2600245,1.9466939847916365
1790359021.2644455,1.1840700171887875
1790359021.2690828,1.9653520139399916
1790359021.269742,1.4559219998773187
1790359021.2749796,1.4143869921099395
1790359021.2901263,1.9540740177035332
1790359021.2929277,2.22278997534886
1790359021.2941823,2.6782559871207923
1790359021.2942536,1.954651001142338
1790359021.298787,1.5134199929889292
1790359021.3008952,1.5273919852916151
1790359021.3015766,1.443675981136039
1790359021.304266,1.3272740179672837
1790359021.319289,3.6072520015295595
1790359021.3206415,3.8926160195842385
1790359021.3207815,2.3612799996044487
1790359021.3222387,1.446034002583474
1790359021.325409,1.8550879904069006
1790359021.3259099,1.398702006554231
1790359021.3301682,1.342006988124922
1790359021.3322604,1.3018770259805024
1790359021.3346496,1.5100419986993074
1790359021.3369138,1.2054409889969975
1790359021.3413327,1.2638499902095646
1790359021.3450942,2.264785987790674
1790359021.3469937,1.3875610020477325
1790359021.3560727,18.236664007417858
1790359021.367115,24.689225014299154
1790359021.3724802,28.775345999747515
1790359021.3783078,44.45320801460184
1790359021.3783877,32.24627499002963
1790359021.3926327,39.78920399094932
1790359021.393213,18.338862020755187
1790359021.393766,17.142108001280576
1790359021.3939128,40.40045998408459
1790359021.3946967,20.839053991949186
1790359021.4106495,35.164080996764824
1790359021.4205878,40.85313799441792
1790359021.4288406,49.76500099292025
1790359021.4313033,53.87987499125302
1790359021.431641,46.17847301415168
1790359021.437647,46.03965798742138
1790359021.443071,33.92026000074111
1790359021.4453902,76.91772101679817
1790359021.445705,61.59772098180838
1790359021.4558878,65.55623200256377
1790359021.4579225,53.18043800070882
1790359021.4580634,73.31690299906768
1790359021.4586687,46.254836983280256
1790359021.4587889,30.563028994947672
1790359021.4601884,16.089460987132043
1790359021.460326,6.603399000596255
1790359021.4647563,42.197456990834326
1790359021.4658039,1.95107699255459
1790359021.4695728,29.05674302019179
1790359021.470386,54.107753006974235
1790359021.4706204,20.91101900441572
1790359021.4708774,14.869565988192335
1790359021.4744632,1.343577983789146
1790359021.4956279,1.6830259992275387
1790359021.5036159,2.7652219869196415
1790359021.5091207,1.470969000365585
1790359021.5201511,1.5755179920233786
1790359021.5231452,1.4957140083424747
1790359021.5301676,1.7043510160874575
1790359021.540427,36.26240699668415
1790359021.540785,29.326334974030033
1790359021.541004,20.740562002174556
1790359021.5417497,16.370063996873796
1790359021.5428135,42.598811007337645
1790359021.5428991,7.060161995468661
1790359021.548632,1.9980950164608657
1790359021.5500333,1.2889700010418892
1790359021.5689907,27.228357997955754
1790359021.5692499,21.28598600393161
1790359021.5700543,2.39844000316225
1790359021.570151,35.23901998414658
1790359021.570219,8.330137003213167
1790359021.577091,1.4950719778425992
1790359021.5876684,1.5364850114565343
1790359021.5930748,1.7573190270923078
1790359021.5959682,1.505004009231925
1790359021.6042938,1.4682899927720428
1790359021.6065521,1.4141449937596917
1790359021.6093335,2.2458580206148326
1790359021.609767,1.4726490189787
1790359021.6138976,3.4655049967113882
1790359021.6140997,3.218459984054789
1790359021.6153538,2.492508996510878
1790359021.6160624,1.4329740079119802
1790359021.6197507,1.3276299869176
1790359021.6334116,2.486399986082688
1790359021.63426,1.8247890111524612
1790359021.6363575,1.431696000508964
1790359021.6364224,1.9033529970329255
1790359021.6416156,1.5843390137888491
1790359021.6419783,1.367277989629656
1790359021.661208,1.7899989907164127
1790359021.6671708,1.4479029923677444
1790359021.6801388,3.563852980732918
1790359021.680254,2.5976159959100187
1790359021.6822922,30.26525300811045
1790359021.6853333,2.344703010749072
1790359021.686428,24.889599008020014
1790359021.6866941,37.49547197367065
1790359021.6876924,19.045649009058252
1790359021.6880214,10.920300002908334
1790359021.6882493,7.986126001924276
1790359021.7314384,32.82099700300023
1790359021.7315538,39.426678995369
1790359021.7394402,42.57987599703483
1790359021.7587576,56.84199900133535
1790359021.7594354,75.61153901042417
1790359021.7595785,47.556161996908486
1790359021.759995,67.01845902716741
1790359021.7649968,80.62567500746809
1790359021.7657769,55.24232500465587
1790359021.7663968,65.7551359909121
1790359021.767259,41.0279149946291
1790359021.7673252,32.43711800314486
1790359021.767383,10.032512014731765
1790359021.7716928,43.96324302069843
1790359021.7727475,2.097029995638877
1790359021.7759929,1.6587110003456473
1790359021.7761312,29.341444984311238
1790359021.7856414,1.2399729748722166
1790359021.7918856,1.5253419987857342
1790359021.7934222,32.00566797750071
1790359021.793658,47.63855700730346
1790359021.794999,18.666563992155716
1790359021.7951212,23.41869901283644
1790359021.7952328,7.140422996599227
1790359021.795284,3.270394023275003
1790359021.796243,1.9399660232011229
1790359021.807146,1.6069879930000752
1790359021.8100834,1.4520639961119741
1790359021.8176415,1.2734190095216036
1790359021.8226306,1.49655100540258
1790359021.8389523,1.6830580134410411
1790359021.8473237,2.128604013705626
1790359021.8526757,7.920504984213039
1790359021.8597152,1.7053869960363954
1790359021.8681345,2.2216100187506527
1790359021.8785641,1.4430379960685968
1790359021.8796697,27.12916099699214
1790359021.8825207,38.29523699823767
1790359021.8830967,22.17888701125048
1790359021.8831573,15.008936024969444
1790359021.8861694,1.3168510049581528
1790359021.8876178,1.2646899849642068
1790359021.891821,1.4748249959666282
1790359021.8979042,2.2593650210183114
1790359021.902331,1.7201989830937237
1790359021.9140708,2.0068279991392046
1790359021.9146402,1.4739650068804622
1790359021.9210029,1.3326230109669268
1790359021.931677,1.7107470193877816
1790359021.9391754,1.797867997083813
1790359021.941907,1.6115809848997742
1790359021.9436743,1.7576539830770344
1790359021.9516675,1.4897850051056594
1790359021.959763,4.838244989514351
1790359021.9598296,5.351711995899677
1790359021.9598944,4.085530003067106
1790359021.9651842,1.317957998253405
1790359021.9796164,1.5378939860966057
1790359021.9831555,1.5738059883005917
1790359021.993195,32.166176999453455
1790359021.9934213,17.42679299786687
1790359021.9944434,12.166253000032157
1790359021.995062,16.40401699114591
1790359021.9961329,1.6794789989944547
1790359021.9962258,2.3467249993700534
1790359022.0006225,1.788335997844115
1790359022.0027902,1.431173994205892
1790359022.0035439,1.4920560061000288
1790359022.0086172,3.6520209978334606
1790359022.0102565,3.695572988362983
1790359022.0105743,5.199360981350765
1790359022.0106936,5.114031984703615
1790359022.010984,6.583347014384344
1790359022.0113354,2.6833959855139256
1790359022.0130024,1.8002480210270733
1790359022.013651,1.3301800063345581
1790359022.0210474,1.3953709858469665
1790359022.0238771,1.301174983382225
1790359022.0306637,1.2427890032995492
1790359022.0354671,2.8820439765695482
1790359022.0355387,2.3580109991598874
1790359022.0453053,1.7703649937175214
1790359022.0551438,2.237710985355079
1790359022.0713573,1.7215439875144511
1790359022.0779772,9.231765987351537
1790359022.0782685,2.9621439753100276
1790359022.078353,32.80658900621347
1790359022.0868492,1.420448999851942
1790359022.0989382,2.360471000429243
1790359022.1059496,22.56638600374572
1790359022.1066163,13.076803006697446
1790359022.1067555,8.646540984045714
1790359022.1068227,33.349384990287945
1790359022.1072638,3.315274021588266
1790359022.1107574,1.8043899908661842
1790359022.111337,1.3739340065512806
1790359022.1215532,1.6714959929231554
1790359022.1280587,1.527151995105669
1790359022.1417491,1.8098389846272767
1790359022.147766,25.263643998187035
1790359022.1484337,2.4486039765179157
1790359022.1487913,34.4953759922646
1790359022.1489153,3.5899349895771593
1790359022.1489716,13.318299985257909
1790359022.164916,2.879107021726668
1790359022.1659713,1.4718429883942008
1790359022.172354,1.4603430172428489
1790359022.181488,1.4691590040456504
1790359022.1861067,22.481160005554557
1790359022.186261,15.812016004929319
1790359022.187558,9.82569600455463
1790359022.187707,36.29850299330428
1790359022.1880405,5.812165996758267
1790359022.196913,1.9188940059393644
1790359022.1996462,1.3990449951961637
1790359022.2030926,2.3028819996397942
1790359022.203178,1.9197349902242422
1790359022.2153876,1.674500002991408
1790359022.2189941,1.6230370092671365
1790359022.221392,1.5457749832421541
1790359022.2292807,1.6658850072417408
1790359022.2435644,2.1148989908397198
1790359022.252983,1.7851940065156668
1790359022.2841434,33.56190799968317
1790359022.284225,18.785219988785684
1790359022.2883499,1.2828359904233366
1790359022.29798,2.1843379945494235
1790359022.3017006,1.5048689965624362
1790359022.3183424,32.9219619743526
1790359022.3187535,27.6307669992093
1790359022.3191075,33.1998809997458
1790359022.3191824,12.048272998072207
1790359022.3194425,22.338032023981214
1790359022.3368905,1.7050449969246984
1790359022.3406546,2.3103400017134845
1790359022.3407204,1.6409530071541667
1790359022.3497906,1.6833069967105985
1790359022.355257,2.3083929845597595
1790359022.3581843,1.3561740051954985
1790359022.384545,2.027573005761951
1790359022.3868477,1.7535889928694814
1790359022.3959594,14.595814020140097
1790359022.3969438,36.65596302016638
1790359022.3977733,14.265792997321114
1790359022.3978531,12.276710011065006
1790359022.4073675,1.450529001886025
1790359022.43819,35.410562006291
1790359022.4442105,52.1812749793753
1790359022.4448195,33.16654998343438
1790359022.4485438,32.77875200728886
1790359022.4633715,53.14022401580587
1790359022.4638886,17.24772501620464
1790359022.465081,21.909101022174582
1790359022.4667573,5.863396014319733
1790359022.4668782,15.477929002372548
1790359022.466966,30.0215540046338
1790359022.4670908,3.1904880015645176
1790359022.4695518,26.68511398951523
1790359022.4696405,2.0514350035227835
1790359022.4700322,49.97362301219255
1790359022.4701126,50.73998201987706
1790359022.4707818,24.643679993459955
1790359022.4708574,23.030873999232426
1790359022.471429,19.486558972857893
1790359022.4715514,8.969257993157953
1790359022.4716015,7.070228981319815
1790359022.4757,1.4000569935888052
1790359022.4982662,21.766257006675005
1790359022.5045872,20.44743997976184
1790359022.5121944,25.833954015979543
1790359022.5134182,40.71035498054698
1790359022.5135887,8.890060998965055
1790359022.5137138,25.11937398230657
1790359022.5138025,20.864110003458336
1790359022.5155408,28.578040015418082
1790359022.519708,30.619799013948068
1790359022.5198882,38.203186995815486
1790359022.520774,19.39811499323696
1790359022.5208426,10.050411015981808
1790359022.535267,1.6476169985253364
1790359022.5508215,1.8217370088677853
1790359022.5656781,1.8359680252615362
1790359022.5737202,2.0351650018710643
1790359022.5764627,2.7312120073474944
1790359022.577781,2.2582880046684295
1790359022.5778372,3.2226709881797433
1790359022.5817254,1.3387519866228104
1790359022.5906732,1.8209039990324527
1790359022.601818,1.9049169786740094
1790359022.612348,1.6326489858329296
1790359022.6191292,32.70349302329123
1790359022.6192868,25.88055399246514
1790359022.619791,12.612396996701136
1790359022.619855,34.44524799124338
1790359022.625504,1.5530209930147976
1790359022.6308677,1.6098280029837042
1790359022.6354444,1.332068000920117
1790359022.6454496,1.670036988798529
1790359022.660434,1.6477179888170213
1790359022.6761367,1.9818629953078926
1790359022.6771746,1.7411739972885698
1790359022.6844213,1.2636260071303695
1790359022.687483,31.25918097794056
1790359022.6883316,15.53074998082593
1790359022.6889634,14.339865010697395
1790359022.6890473,9.019173012347892
1790359022.6919253,1.392723002936691
1790359022.6944528,1.8512509996071458
1790359022.7019005,2.2939920017961413
1790359022.7022016,1.9411069806665182
1790359022.7057815,2.4687879777047783
1790359022.7392454,23.242102994117886
1790359022.74633,39.562874007970095
1790359022.747889,18.675011000595987
1790359022.7531757,43.873907008673996
1790359022.773325,50.75122899143025
1790359022.7734082,67.45419299113564
1790359022.774912,29.82879598857835
1790359022.7755964,18.004871992161497
1790359022.775888,41.43287398619577
1790359022.776194,2.3449959990102798
1790359022.782483,32.815423008287326
1790359022.7829967,21.491871011676267
1790359022.7832713,3.6783030082006007
1790359022.7833314,2.7888949844054878
1790359022.783399,45.3721410012804
1790359022.7840102,2.8777469997294247
1790359022.7870147,1.5926060150377452
1790359022.7893763,1.3359830190893263
1790359022.7955003,1.3935920142102987
1790359022.7985294,1.9461789925117046
1790359022.8071187,1.716683997074142
1790359022.8074214,1.476151985116303
1790359022.8107104,1.397918997099623
1790359022.8165834,3.8772439875174314
1790359022.818316,3.772089025005698
1790359022.8189046,3.9952340011950582
1790359022.8195705,5.8309400046709925
1790359022.8196826,4.20529700932093
1790359022.820081,2.2267739987000823
1790359022.8292677,1.6674250073265284
1790359022.8308713,1.3115670008119196
1790359022.835554,2.6462399982847273
1790359022.836003,2.535116014769301
1790359022.8369467,2.9643839807249606
1790359022.8370125,2.1813359926454723
1790359022.8462558,2.107584004988894
1790359022.846782,2.0567199971992522
1790359022.8489454,1.4834689791314304
1790359022.8494627,1.304122997680679
1790359022.855202,2.2151330194901675
1790359022.8570645,1.8453840166330338
1790359022.860022,1.4196489937603474
1790359022.8616097,1.2463659804780036
1790359022.8644238,1.2301389942876995
1790359022.8693914,1.2618819891940802
1790359022.8746283,1.9153800094500184
1790359022.8766465,1.5868129848968238
1790359022.878166,1.2765959836542606
1790359022.8805532,2.3779319890309125
1790359022.8814688,2.1549570083152503
1790359022.881772,3.0825160210952163
1790359022.8818233,2.091525006107986
1790359022.893571,1.5960900054778904
1790359022.8971744,6.846404023235664
1790359022.900401,1.2339469976723194
1790359022.9086213,12.012427003355697
1790359022.9123788,1.6621809918433428
1790359022.9191608,16.271494008833542
1790359022.9250164,35.24159800144844
1790359022.9256825,1.9937919860240072
1790359022.953445,40.47120499308221
1790359022.9536207,19.614747987361625
1790359022.9544258,2.5259940011892468
1790359022.9589407,22.221748979063705
1790359022.9713771,13.87075602542609
1790359022.971932,40.34387299907394
1790359022.9736032,1.6076339816208929
1790359022.9909537,12.633431004360318
1790359023.0090494,28.040696983225644
1790359023.0144272,33.85859599802643
1790359023.0145707,31.533587985904887
1790359023.0158215,21.240519999992102
1790359023.0159643,31.00998100126162
1790359023.0168574,16.769898997154087
1790359023.0172079,12.226234015543014
1790359023.0175052,9.974785993108526
1790359023.01761,43.39499300112948
1790359023.0183396,34.0136350132525
1790359023.0241957,35.16483699786477
1790359023.0242875,45.23361899191514
1790359023.0243764,25.062357977731153
1790359023.024794,20.547591004287824
1790359023.024935,17.969077016459778
1790359023.0255964,4.874095000559464
1790359023.0256646,3.5134459903929383
1790359023.0272791,1.5114549896679819
1790359023.0393183,1.4501779805868864
1790359023.0443156,1.496373995905742
1790359023.0567288,26.416210021125153
1790359023.0570064,16.977899009361863
1790359023.0612595,6.150231987703592
1790359023.0617034,32.731218001572415
1790359023.066239,1.5198219916783273
1790359023.082835,21.081100014271215
1790359023.0835395,33.165369008202106
1790359023.0836158,11.19882901548408
1790359023.0853739,1.6702729917597026
1790359023.0955918,1.4817329938523471
1790359023.106872,1.6178929945454001
1790359023.1076903,25.965234002796933
1790359023.1137207,22.472690005088225
1790359023.1138341,35.41599499294534
1790359023.1142,17.655883013503626
1790359023.1195138,1.6537790070287883
1790359023.1218631,1.6120779910124838
1790359023.122111,1.345794997178018
1790359023.1358378,1.4593479863833636
1790359023.1585436,26.37159699224867
1790359023.1590507,21.805002994369715
1790359023.15997,15.815371996723115
1790359023.1600816,33.43817501445301
1790359023.160143,6.240396993234754
1790359023.166753,23.280736000742763
1790359023.1684349,1.4873399923089892
1790359023.1727483,25.363466993439943
1790359023.1728735,33.76878201379441
1790359023.172951,10.796461981954053
1790359023.1772804,1.4235169801395386
1790359023.1795704,1.857836003182456
1790359023.180711,1.5452489897143096
1790359023.181595,1.5328029985539615
1790359023.1850252,1.2353000056464225
1790359023.1874776,1.2234879832249135
1790359023.1902099,1.1764990049414337
1790359023.1955473,1.599754992639646
1790359023.1977372,2.0065550052095205
1790359023.1998067,1.6944199742283672
1790359023.1998944,2.144990023225546
1790359023.2041435,1.6438269813079387
1790359023.227853,1.5527450013905764
1790359023.2370157,1.8354050116613507
1790359023.2483666,1.9783710013143718
1790359023.2579377,27.204061014344916
1790359023.2585726,19.01940000243485
1790359023.2588348,38.300184009131044
1790359023.2591772,6.197624985361472
1790359023.268883,2.0152530050836504
1790359023.2880092,26.306188985472545
1790359023.2883334,37.15051797917113
1790359023.2889497,7.780691026709974
1790359023.2890382,9.69019701005891
1790359023.3018239,1.8951609963551164
1790359023.3141675,33.660111017525196
1790359023.3152905,11.490748001961038
1790359023.315364,31.66647400939837
1790359023.3154278,35.51652099122293
1790359023.3190048,1.4881230017635971
1790359023.3230197,1.2888400233350694
1790359023.3318307,1.4858119830023497
1790359023.3319924,15.099771990207955
1790359023.3368263,1.8388039898127317
1790359023.3442125,1.625777018489316
1790359023.3502908,36.65917197940871
1790359023.350415,30.637288989964873
1790359023.3506918,17.75426001404412
1790359023.351081,23.549701989395544
1790359023.3513758,14.965856011258438
1790359023.3568697,1.4098229876253754
1790359023.3635497,2.1261490182951093
1790359023.3636203,2.9193809896241874
1790359023.3671668,2.1878620027564466
1790359023.3724558,2.408336993539706
1790359023.3987792,21.410448011010885
1790359023.3996854,25.224632991012186
1790359023.3997624,21.813177008880302
1790359023.4154449,36.25203500268981
1790359023.4183755,34.79320998303592
1790359023.4189467,43.377831985708326
1790359023.4190254,47.89161600638181
1790359023.4190838,24.83884198591113
1790359023.4242158,16.17279800120741
1790359023.4339268,51.711056992644444
1790359023.4396427,24.07768799457699
1790359023.448548,54.901818017242476
1790359023.4495065,60.37979800021276
1790359023.449593,43.741898000007495
1790359023.4498782,41.03795799892396
1790359023.449944,21.78789902245626
1790359023.4516575,1.5950710221659392
1790359023.4540756,19.40773898968473
1790359023.4546928,37.727846996858716
1790359023.4567423,2.763162978226319
1790359023.4568725,2.6489539886824787
1790359023.4572468,1.2212489964440465
1790359023.4586387,1.3083470112178475
1790359023.4633439,1.3445539807435125
1790359023.4769893,1.6694130026735365
1790359023.4839363,1.8017649999819696
1790359023.4901288,1.4046269934624434
1790359023.4932575,2.0317249873187393
1790359023.4941921,1.7859270155895501
1790359023.4958808,1.2368230090942234
1790359023.5268064,2.764553006272763
1790359023.5268846,2.1062469750177115
1790359023.5272207,1.8204209918621927
1790359023.5440607,2.7076739934273064
1790359023.544184,3.4427979844622314
1790359023.5470123,2.0914799824822694
1790359023.548579,1.2809399922844023
1790359023.556158,1.3238340034149587
1790359023.5609875,1.7995419912040234
1790359023.5714672,1.6083689988590777
1790359023.5749073,1.651814003707841
1790359023.5798452,2.782184979878366
1790359023.580364,3.825916995992884
1790359023.5804873,3.0858440150041133
1790359023.5837314,1.4737769961357117
1790359023.5906544,2.0210549992043525
1790359023.5935516,1.5685849939472973
1790359023.6159391,24.582551995990798
1790359023.6214924,24.24967402475886
1790359023.6272578,39.66098002274521
1790359023.6273596,12.752481998177245
1790359023.6316478,19.024520996026695
1790359023.633757,12.942075991304591
1790359023.6338375,39.276201016036794
1790359023.6342354,9.632805013097823
1790359023.6343138,4.842204012675211
1790359023.6370466,15.414752997457981
1790359023.6375937,1.3462479982990772
1790359023.6406136,1.3564540131483227
1790359023.6582355,1.6788429929874837
1790359023.6591198,33.11637899605557
1790359023.660174,37.52034399076365
1790359023.6614666,23.724497004877776
1790359023.661873,15.07917998242192
1790359023.6621792,30.358479998540133
1790359023.6624868,4.24132400075905
1790359023.6625848,3.4560510248411447
1790359023.6633976,1.9111809961032122
1790359023.6701984,1.1556200042832643
1790359023.679525,1.9453770073596388
1790359023.6870682,19.29493699572049
1790359023.6882565,2.0736459991894662
1790359023.6961265,25.634947000071406
1790359023.696311,31.902563001494855
1790359023.6966236,16.106495982967317
1790359023.6972005,10.119196987943724
1790359023.6983864,1.1775159800890833
1790359023.7082167,1.5254449972417206
1790359023.7149444,1.5854929806664586
1790359023.7198644,24.75195997976698
1790359023.722356,1.3945120153948665
1790359023.727791,35.567017999710515
1790359023.7281601,27.11302399984561
1790359023.7282772,10.867531003896147
1790359023.7283328,18.898099981015548
1790359023.7303123,1.157551014330238
1790359023.7471902,1.612386025954038
1790359023.7597866,2.540982997743413
1790359023.7615156,35.46561801340431
1790359023.761789,4.470647982088849
1790359023.7619371,17.134456982603297
1790359023.7620068,8.018421998713166
1790359023.762519,2.3825230018701404
1790359023.7671833,1.3153059990145266
1790359023.7732632,1.7476870270911604
1790359023.773325,2.3519520182162523
1790359023.7835922,1.5944199985824525
1790359023.7948375,1.6626259894110262
1790359023.7971873,1.558096002554521
1790359023.8121738,1.488940994022414
1790359023.8238883,1.7181529838126153
1790359023.8343449,2.0296000002417713
1790359023.835155,31.320590001996607
1790359023.8352215,5.9157249925192446
1790359023.8352873,13.90807400457561
1790359023.8410635,1.4354599989019334
1790359023.858675,7.026873994618654
1790359023.8714883,26.3341490062885
1790359023.8718727,17.690295004285872
1790359023.8719826,33.75570199568756
1790359023.872356,9.965995996026322
1790359023.8792684,1.7203399911522865
1790359023.8882952,37.047428981168196
1790359023.8884144,16.04895299533382
1790359023.8884761,8.970289985882118
1790359023.8886473,29.22286101966165
1790359023.8889768,2.234643994597718
1790359023.891966,1.2907999916933477
1790359023.8943627,1.668693992542103
1790359023.89886,1.5034239913802594
1790359023.9003487,1.4793679874856025
1790359023.933881,22.681012022076175
1790359023.9346755,22.263956983806565
1790359023.9353127,35.55918499478139
1790359023.935842,19.337117002578452
1790359023.936153,9.08568999147974
1790359023.9366965,7.046909013297409
1790359023.9368043,5.862616992089897
1790359023.937668,25.78255400294438
1790359023.9377549,30.291773000499234
1790359023.9389899,37.05974298645742
1790359023.9400089,24.16698500746861
1790359023.940336,11.460922978585586
1790359023.941082,10.788893996505067
1790359023.9413576,9.68594299047254
1790359023.9414127,15.771460981341079
1790359023.9473076,1.7781310016289353
1790359023.947557,1.4855689951218665
1790359023.954049,1.7529229808133096
1790359023.9541473,2.3636310070287436
1790359023.9617639,1.338381989626214
1790359023.9723878,2.007814997341484
1790359023.982726,22.995100007392466
1790359023.9875906,25.066422997042537
1790359023.988376,3.455485013546422
1790359023.9884567,34.21749599510804
1790359024.0081847,22.78925699647516
1790359024.0120575,17.963845981284976
1790359024.0126257,19.09032100229524
1790359024.0173373,41.91847500624135
1790359024.0175273,20.952362014213577
1790359024.022512,25.19838701118715
1790359024.0233061,17.959894990781322
1790359024.042894,53.299272985896096
1790359024.0497794,11.485971015645191
1790359024.0505128,48.965997993946075
1790359024.05086,14.753155002836138
1790359024.0516512,32.63675200287253
1790359024.0522056,10.059052001452073
1790359024.0526838,13.204469985794276
1790359024.052835,5.67211999441497
1790359024.0563462,3.2024370157159865
1790359024.0564373,6.644294015131891
1790359024.0630295,38.227987999562174
1790359024.0636265,45.67714498261921
1790359024.0642936,26.630292006302625
1790359024.065046,26.174498023465276
1790359024.0652537,24.94655200280249
1790359024.0665185,20.41472098790109
1790359024.0666506,17.673145019216463
1790359024.0667222,15.06157498806715
1790359024.0826273,2.037308004219085
1790359024.0889874,18.385150004178286
1790359024.0890903,34.785055002430454
1790359024.1125267,2.000434004003182
1790359024.12583,2.4520060105714947
1790359024.129898,1.4793019799981266
1790359024.1369402,1.5889520000200719
1790359024.1389797,23.109612986445427
1790359024.1429617,17.641821003053337
1790359024.1438076,35.13658299925737
1790359024.1441092,14.201572019373998
1790359024.1441808,6.196742004249245
1790359024.1461935,1.3401049945969135
1790359024.1499777,2.462643984472379
1790359024.1503134,1.692719990387559
1790359024.1821237,17.520597990369424
1790359024.186808,27.89789598318748
1790359024.1874247,18.581603013444692
1790359024.1904795,41.34958499344066
1790359024.1905856,10.488911997526884
1790359024.1926568,25.04966000560671
1790359024.1927218,23.319603002164513
1790359024.1931074,42.404084000736475
1790359024.1931696,8.645386988064274
1790359024.1966572,1.4293420244939625
1790359024.2161982,1.8216879980172962
1790359024.2335582,1.855834008892998
1790359024.2355607,1.767120003933087
1790359024.2414231,1.3842760236002505
1790359024.2493734,26.708794990554452
1790359024.2545004,37.91814300348051
1790359024.2546475,22.250057983910665
1790359024.2547114,20.13704800629057
1790359024.2644691,1.5743419935461134
1790359024.2753313,1.834483991842717
1790359024.2774806,1.6328789934050292
1790359024.3020382,22.302352008409798
1790359024.314684,38.342571002431214
1790359024.316584,10.215004003839567
1790359024.3168185,16.472107992740348
1790359024.316908,13.026894012000412
1790359024.3175213,2.767819009022787
1790359024.3245444,1.4055749925319105
1790359024.3341222,7.149152981583029
1790359024.3358433,36.05284701916389
1790359024.3370037,35.83519597304985
1790359024.3373966,39.82804898987524
1790359024.3385394,32.26317101507448
1790359024.3409138,32.3965169955045
1790359024.3410552,15.41457200073637
1790359024.34122,7.900024007540196
1790359024.341313,20.55140701122582
1790359024.341788,2.1802440169267356
1790359024.3656228,27.944834000663832
1790359024.3751247,12.48779401066713
1790359024.3787804,22.77136401971802
1790359024.3788567,51.18396700709127
1790359024.3808231,16.689879004843533
1790359024.3808885,9.567730012349784
1790359024.3810785,38.79178699571639
1790359024.3851192,2.2178899962455034
1790359024.4007661,37.10543201304972
1790359024.4020607,33.56313600670546
1790359024.4022176,40.170742984628305
1790359024.4035118,31.50593800819479
1790359024.4038432,11.755879007978365
1790359024.4042985,19.72501300042495
1790359024.4043584,6.543027993757278
1790359024.4071069,1.386513002216816
1790359024.4091563,22.20391799346544
1790359024.4202845,27.05847201286815
1790359024.4221404,16.872579988557845
1790359024.4225042,10.54355499218218
1790359024.422582,36.308523995103315
1790359024.4302816,2.433384011965245
1790359024.4323664,2.4994289851747453
1790359024.4331489,1.640005997614935
1790359024.4363048,1.2234009918756783
1790359024.4410846,1.2624189839698374
1790359024.4480062,27.56539298570715
1790359024.449343,36.07434098375961
1790359024.449437,21.079224010463804
1790359024.4497175,17.340891994535923
1790359024.4500473,10.650281008565798
1790359024.4507084,20.25594699080102
1790359024.4507895,6.480219017248601
1790359024.462585,1.6355710104107857
1790359024.4695256,1.653002022067085
1790359024.4751987,1.8439590057823807
1790359024.4861255,1.8591599946375936
1790359024.495234,1.5125600039027631
1790359024.5095634,21.550127014052123
1790359024.5112007,15.956698975060135
1790359024.5113523,3.775182005483657
1790359024.5114818,33.92798299319111
1790359024.5195916,1.779748999979347
1790359024.5204685,17.03560902387835
1790359024.5252314,1.779259997420013
1790359024.5279188,1.239712000824511
1790359024.5325384,22.375676984665915
1790359024.5331225,37.264722981490195
1790359024.5336907,10.91209999867715
1790359024.5337481,9.454677026951686
1790359024.5409076,1.5506980125792325
1790359024.5447032,1.5248520066961646
1790359024.546494,1.4031930186320096
1790359024.5481324,1.1993189982604235
1790359024.5534966,2.019981009652838
1790359024.5599916,1.7815509927459061
1790359024.5608568,1.591726002516225
1790359024.5647287,1.4739810139872134
1790359024.5674968,1.6849469975568354
1790359024.585393,1.6293390071950853
1790359024.5927324,1.4509859902318567
1790359024.5997288,4.249868012266234
1790359024.6021461,5.202884000027552
1790359024.6022332,3.0690220010001212
1790359024.6028097,4.66213800245896
1790359024.6028743,6.408779008779675
1790359024.612179,1.7039079975802451
1790359024.6257741,1.655961008509621
1790359024.639426,20.638321002479643
1790359024.639976,36.050206021172926
1790359024.640042,11.185470997588709
1790359024.646145,1.3956690090708435
1790359024.6601582,2.1813029889017344
1790359024.6664207,1.8771339964587241
1790359024.6669831,1.5309999871533364
1790359024.696659,2.0502539991866797
1790359024.6994708,2.256563020637259
1790359024.7001157,1.4298559981398284
1790359024.7088454,1.8071589875034988
1790359024.7093568,1.7414730100426823
1790359024.72501,1.6689030162524432
1790359024.7272406,1.3994660112075508
1790359024.7309024,1.240150013472885
1790359024.7328732,1.2100939929950982
1790359024.7368746,2.5006990181282163
1790359024.7375424,2.163166005630046
1790359024.7398577,1.2690860021393746
1790359024.7676873,1.6759819991420954
1790359024.779521,1.7635429976508021
1790359024.7833714,2.4059549905359745
1790359024.785177,1.5566459915135056
1790359024.7895093,2.382973994826898
1790359024.7895923,1.9492509891279042
1790359024.7902472,1.846899016527459
1790359024.7949328,1.2979819730389863
1790359024.7987196,1.3193199993111193
1790359024.8059216,1.4837489870842546
1790359024.8082871,2.3556870000902563
1790359024.8083603,1.9290890195406973
1790359024.8163123,1.5653109876438975
1790359024.8282182,2.3961909755598754
1790359024.8320637,2.2648599988315254
1790359024.8338516,1.77824599086307
1790359024.849063,1.6810009838081896
1790359024.8527281,23.924854991491884
1790359024.8562098,34.69400099129416
1790359024.856293,25.109492999035865
1790359024.856991,23.9616259932518
1790359024.8581421,3.7328299949876964
1790359024.8596847,1.531724992673844
1790359024.8689654,2.2222739935386926
1790359024.9004126,31.320490001235157
1790359024.9036257,41.088057012530044
1790359024.904377,15.808885014848784
1790359024.90468,13.671157998032868
1790359024.9057362,28.98234300664626
1790359024.9062738,3.325451019918546
1790359024.909757,3.468826995231211
1790359024.9167671,15.801297995494679
1790359024.923545,32.628246990498155
1790359024.9245872,48.5233020153828
1790359024.9247403,16.20306499535218
1790359024.9248443,21.39066599193029
1790359024.9461112,30.81006300635636
1790359024.9619615,20.00661101192236
1790359024.9664721,12.265183991985396
1790359024.9670365,52.952275989810005
1790359024.9720051,57.201304007321596
1790359024.9755263,1.754338009050116
1790359024.9778066,70.0183880107943
1790359024.9800622,1.7275399877689779
1790359024.9817688,60.54680500528775
1790359024.9826825,60.615377995418385
1790359024.9831202,39.060126000549644
1790359024.9835494,16.614099993603304
1790359024.984039,7.239750993903726
1790359024.9928603,1.8740060040727258
1790359025.0043697,2.3349330003838986
1790359025.0202503,22.15861700824462
1790359025.0203512,35.902705014450476
1790359025.0325346,2.2729849733877927
1790359025.038473,1.9900200131814927
1790359025.0450542,2.470164996339008
1790359025.0460763,1.8243860104121268
1790359025.0648947,2.564513008110225
1790359025.067757,1.9457779999356717
1790359025.0915647,1.7898239893838763
1790359025.0947227,1.576552982442081
1790359025.107596,2.305245987372473
1790359025.1098747,2.2661249968223274
1790359025.110844,2.466278994688764
1790359025.1122923,2.400664991000667
1790359025.1152725,1060.0373100023717
1790359025.1164107,2.8118979826103896
1790359025.1187124,1.9761460134759545
1790359025.1249588,2.468646998750046
1790359025.1254866,2.0227770146448165
1790359025.1358423,2.4841779959388077
1790359025.1359272,2.087705011945218
1790359025.1378665,1.39231001958251
1790359025.1406553,1.3222649868112057
1790359025.149183,1.9816919812001288
1790359025.154725,1.9887610105797648
1790359025.1662526,4.324076988268644
1790359025.1675978,2.971915004309267
1790359025.1695793,1.9471620034892112
1790359025.1898038,8.115270000416785
1790359025.1920133,1.6321910079568624
1790359025.216308,37.17396402498707
1790359025.2164178,23.30940598039888
1790359025.2304652,1.8518900033086538
1790359025.2412086,2.412809000816196
1790359025.2425678,1.4718309976160526
1790359025.2470965,1.4024300035089254
1790359025.266081,1.7399890057276934
1790359025.2725701,1.7794629966374487
1790359025.2816942,17.97865200205706
1790359025.2859108,1.8584009958431125
1790359025.2898004,20.049249986186624
1790359025.2905285,36.9603410072159
1790359025.2910888,7.645337987923995
1790359025.2911973,3.4461930044926703
1790359025.3038116,1.847004983574152
1790359025.3064256,1.567890984006226
1790359025.3127034,1.938408997375518
1790359025.3139465,1.6561899974476546
1790359025.3142297,1.3880729966331273
1790359025.3196752,1.720406988169998
1790359025.323468,1.8127879884559661
1790359025.3240192,1.523726008599624
1790359025.3303905,1.430380012607202
1790359025.3391056,1.6751759976614267
1790359025.3417456,2.6282750186510384
1790359025.342006,2.4129959929268807
1790359025.3420672,2.279171982081607
1790359025.3730643,21.59480599220842
1790359025.3765922,22.466764989076182
1790359025.377918,20.852816000115126
1790359025.396344,5.814028991153464
1790359025.3965898,47.42331200395711
1790359025.397046,4.81121099437587
1790359025.402065,2.2704110015183687
1790359025.4027786,1.7565489979460835
1790359025.4031563,25.22503799991682
1790359025.405187,1.3128799910191447
1790359025.4177504,1.5944299811962992
1790359025.4210958,1.2778000091202557
1790359025.428452,82.00363299692981
1790359025.429296,38.05832800571807
1790359025.4296558,57.42015098803677
1790359025.4302306,32.7900729898829
1790359025.4315205,31.14307002397254
1790359025.4339347,25.40101800695993
1790359025.434259,11.089854990132153
1790359025.4343307,30.949809995945543
1790359025.434419,15.9542880137451
1790359025.4360304,4.497785994317383
1790359025.4367018,1.9875509897246957
1790359025.444681,2.221939997980371
1790359025.4463272,1.193486008560285
1790359025.4550054,23.746400023810565
1790359025.4559503,1.7349660047329962
1790359025.4594598,26.272284012520686
1790359025.459825,37.39217799738981
1790359025.4608476,17.130071995779872
1790359025.4609072,14.323718001833186
1790359025.4609842,20.867432991508394
1790359025.473633,1.744512002915144
1790359025.4814332,1.737193000735715
1790359025.484122,1.456872996641323
1790359025.4988995,2.708739979425445
1790359025.4989762,2.1040079882368445
1790359025.51972,1.6795060073491186
1790359025.5318775,1.6672360070515424
1790359025.5371678,35.28904399718158
1790359025.5372431,32.82293799566105
1790359025.5373714,13.160125992726535
1790359025.5382593,1.7017889767885208
1790359025.5436034,1.5764969866722822
1790359025.5484262,1.6359100118279457
1790359025.550669,1.5995290013961494
1790359025.5515645,1.5623450162820518
1790359025.5587351,1.5286669950000942
1790359025.5614274,1.3541939842980355
1790359025.5659437,1.4758369943592697
1790359025.567352,1.3989490107633173
1790359025.570441,1.2426720059011132
1790359025.5715568,1.1072320048697293
1790359025.5772326,1.5647270192857832
1790359025.5947516,1.835013972595334
1790359025.6030324,1.5977300063241273
1790359025.6088133,1.524435996543616
1790359025.6136456,1.9703140133060515
1790359025.6145217,1.6401130123995245
1790359025.6192048,1.3123099924996495
1790359025.6264367,1.885048986878246
1790359025.6380637,1.6750709910411388
1790359025.6506197,2.934179996373132
1790359025.651216,1.8063620082102716
1790359025.654672,28.225146990735084
1790359025.6560285,2.1957319986540824
1790359025.6579218,11.345072998665273
1790359025.6604269,12.065382004948333
1790359025.6604953,38.94839299027808
1790359025.6607223,4.548627010080963
1790359025.6612525,9.56853199750185
1790359025.6619546,3.337653004564345
1790359025.662206,1.4738730096723884
1790359025.6800604,1.6562409873586148
1790359025.6866424,1.595172012457624
1790359025.6955051,1.8080659792758524
1790359025.6979127,1.4242249890230596
1790359025.703746,2.9873219900764525
1790359025.7038226,2.604801004054025
1790359025.706431,1.4988729963079095
1790359025.7133157,1.498018013080582
1790359025.7188892,1.9747469923458993
1790359025.7189465,1.5691520238760859
1790359025.7215774,1.404782000463456
1790359025.729848,1.8699179927352816
1790359025.7380202,1.5193969884421676
1790359025.7551134,2.556480001658201
1790359025.7584853,1.9916679884772748
1790359025.7590268,1.9715709786396474
1790359025.7832417,1.5625750238541514
1790359025.791008,2.2136880143079907
1790359025.7925713,1.6841889882925898
1790359025.7951393,22.43566099787131
1790359025.8021696,1.46801900700666
1790359025.804647,17.675690993200988
1790359025.804748,35.2320910023991
1790359025.8051877,15.879709011642262
1790359025.805321,7.902901008492336
1790359025.8121982,1.5000470157247037
1790359025.8148468,2.406899002380669
1790359025.8149729,2.011535019846633
1790359025.815559,1.694416016107425
1790359025.8182015,1.1495690268930048
1790359025.8279817,1.6212259943131357
1790359025.8333864,1.8418969993945211
1790359025.8337553,1.688644988462329
1790359025.8390818,1.3961759977973998
1790359025.8491518,1.5498889843001962
1790359025.854994,1.4443340187426656
1790359025.856459,1.309998013311997
1790359025.860545,1.4728230016771704
1790359025.8840358,2.062632003799081
1790359025.8876941,1.4567539910785854
1790359025.8951724,1.6399619926232845
1790359025.9026234,28.681568015599623
1790359025.903602,36.69225098565221
1790359025.9041922,19.590586016420275
1790359025.904255,15.125739009818062
1790359025.9196906,1.7120279953815043
1790359025.9316876,1.5848020266275853
1790359025.9347484,1.8680659995879978
1790359025.935571,1.5219729975797236
1790359025.9647245,17.76638100272976
1790359025.970246,15.4587609868031
1790359025.9739263,20.44320901040919
1790359025.9760227,10.037726984592155
1790359025.9761212,20.628260012017563
1790359025.9762464,39.46417401311919
1790359025.9771807,20.146527007455006
1790359025.977264,40.08879399043508
1790359025.9777951,2.954769995994866
1790359025.9845557,1.5005379973445088
1790359025.9901323,1.5689970168750733
1790359025.9917774,1.2800859985873103
1790359025.9980085,1.8100129964295775
1790359025.9986978,1.445253990823403
1790359025.9999654,1.259214972378686
1790359026.0105162,1.6088460106402636
1790359026.0126872,1.8010759958997369
1790359026.0127487,1.3434340071398765
1790359026.0187776,1.4086209994275123
1790359026.0213385,1.8538550066296011
1790359026.0631075,25.084562978008762
1790359026.0661805,17.60826099780388
1790359026.066275,27.428079018136486
1790359026.067893,27.367369999410585
1790359026.0684803,16.799595003249124
1790359026.0685587,34.29564001271501
1790359026.0718634,1.4379890053533018
1790359026.0772889,45.74122800840996
1790359026.0935957,31.640782981412485
1790359026.1039853,30.351966997841373
1790359026.1046667,30.273551994469017
1790359026.1104107,34.73591399961151
1790359026.1117141,50.302093004575
1790359026.1130617,12.232450011651963
1790359026.113147,13.854032004019246
1790359026.1141667,1.986153016332537
1790359026.1171064,27.429762994870543
1790359026.118545,18.426247988827527
1790359026.1189709,17.5503850041423
1790359026.11907,46.91498901229352
1790359026.1218412,1.6599450027570128
1790359026.1355934,1.6402430192101747
1790359026.140935,1.489461021265015
1790359026.148188,33.46030999091454
1790359026.1487355,15.532980993157253
1790359026.1488097,10.559613991063088
1790359026.1516876,1.28675700398162
1790359026.154181,1.494198018917814
1790359026.1717522,1.7852660093922168
1790359026.1771553,1.3806800125166774
1790359026.1825502,1.499508012784645
1790359026.1929855,34.274310019100085
1790359026.1931536,19.73847098997794
1790359026.1932313,15.917576994979754
1790359026.1970706,1.918713009217754
1790359026.1977015,1.4250570093281567
1790359026.204702,1.5233650046866387
1790359026.231524,2.6676160050556064
1790359026.232873,1.8566299986559898
1790359026.236809,1.555063994601369
1790359026.2508657,27.66028101905249
1790359026.2512722,21.249679994070902
1790359026.2516365,2.6558829995337874
1790359026.2523448,4.372330993646756
1790359026.252462,37.44386800099164
1790359026.2525287,20.41929299593903
1790359026.264221,1.7747530073393136
1790359026.2682695,1.4572270156349987
1790359026.2789235,1.5738120127934963
1790359026.2827098,1.5551359974779189
1790359026.28587,1.3264550070744008
1790359026.295296,4.60538498009555
1790359026.2960422,3.5957729851361364
1790359026.301265,1.810127985663712
1790359026.307046,1.8542320176493376
1790359026.3187542,28.59490198898129
1790359026.320309,1.541024015750736
1790359026.3273447,36.0593119985424
1790359026.3277574,33.75540699926205
1790359026.3286176,39.031024993164465
1790359026.3293443,28.20804002112709
1790359026.3294625,21.021115011535585
1790359026.3295171,3.6547140043694526
1790359026.33492,2.022892003878951
1790359026.3349802,2.6401430077385157
1790359026.3770597,5.9259620029479265
1790359026.3771684,32.20066300127655
1790359026.37726,40.578070998890325
1790359026.3844645,21.16366199334152
1790359026.384723,5.072558997198939
1790359026.3848813,40.065845008939505
1790359026.3857298,2.9461520025506616
1790359026.3866868,1.748666982166469
1790359026.3889365,1.4486319851130247
1790359026.3909464,1.4169939968269318
1790359026.4011683,1.5459900023415685
1790359026.4120657,3.833266004221514
1790359026.4122124,3.1982810178305954
1790359026.4125466,2.9060929955448955
1790359026.4160783,1.2651020078919828
1790359026.431232,1.775482000084594
1790359026.4348066,1.2770299799740314
1790359026.4445322,1.7372019938193262
1790359026.447485,33.913393010152504
1790359026.4478323,23.501081974245608
1790359026.4485385,38.184643985005096
1790359026.4498813,10.229369974695146
1790359026.450263,19.018934021005407
1790359026.4503481,6.73028000164777
1790359026.4526308,1.700119988527149
1790359026.4566774,1.6287039907183498
1790359026.4592083,1.7197529959958047
1790359026.4624627,1.6999589861370623
1790359026.468924,2.486879995558411
1790359026.4792747,2.541138994274661
1790359026.483344,26.65739899384789
1790359026.4871304,1.6586539859417826
1790359026.490908,32.32949401717633
1790359026.4934194,3.1390379881486297
1790359026.493627,31.70228801900521
1790359026.4937844,26.692424988141283
1790359026.4943929,39.881722012069076
1790359026.494544,6.221754010766745
1790359026.495241,3.624690987635404
1790359026.4954822,17.949355009477586
1790359026.4959946,1.4410579751711339
1790359026.4988146,2.214001986430958
1790359026.4989238,2.835364022757858
1790359026.4989953,1.8490910006221384
1790359026.5083592,1.81233900366351
1790359026.5110395,1.6025109798647463
1790359026.5300372,2.40351798129268
1790359026.5444915,2.150024985894561
1790359026.548425,1.3963230012450367
1790359026.553579,1.5302150277420878
1790359026.5559046,1.2762669939547777
1790359026.5689204,1.7162820149678737
1790359026.5704098,27.106219000415877
1790359026.570921,21.978574979584664
1790359026.5725877,36.62834799615666
1790359026.5732715,14.862991985864937
1790359026.5736365,19.470830011414364
1790359026.5753062,4.374580981675535
1790359026.5753722,2.6875830080825835
1790359026.5754557,3.4347320033703
1790359026.5893052,1.7039900121744722
1790359026.591497,1.3631090114358813
1790359026.5918486,2.1904290188103914
1790359026.5997705,2.4780849926173687
1790359026.5998294,1.97491399012506
1790359026.6075995,1.6897720051929355
1790359026.6161842,1.7206259944941849
1790359026.6188529,1.508804998593405
1790359026.628416,1.9644630083348602
1790359026.6356933,1.6309159982483834
1790359026.6457224,1.509814988821745
1790359026.6520202,1.6800009761936963
1790359026.65697,1.4827859995421022
1790359026.6742308,33.83641300024465
1790359026.674392,28.659814997809008
1790359026.6747644,38.32973199314438
1790359026.6764593,22.231975017348304
1790359026.6767364,9.738374006701633
1790359026.6778512,8.1449480203446
1790359026.6780453,6.801012001233175
1790359026.6781116,2.904733002651483
1790359026.6804483,1.5488819917663932
1790359026.6888268,1.7675799899734557
1790359026.6989503,31.246561993611977
1790359026.70048,1.6606380231678486
1790359026.706743,36.495146981906146
1790359026.707129,34.66928901616484
1790359026.7073395,41.86802601907402
1790359026.7079942,29.75046500796452
1790359026.7095776,23.293150996323675
1790359026.7107174,5.130859004566446
1790359026.7109535,20.78242300194688
1790359026.7119172,3.582002012990415
1790359026.712095,2.2364960168488324
1790359026.7141814,2.0761519845109433
1790359026.7142594,1.4821270015090704
1790359026.7234964,1.7462320101913065
1790359026.732719,1.8020530114881694
1790359026.7365599,1.4456050121225417
1790359026.7669754,32.96206702361815
1790359026.7670739,28.9962750102859
1790359026.7674942,35.551973996916786
1790359026.7675629,4.390535992570221
1790359026.7690778,25.794049026444554
1790359026.7815294,5.384305986808613
1790359026.7816112,39.960394002264366
1790359026.8095934,1.976174971787259
1790359026.812214,1.9896769954357296
1790359026.8133323,1.63121399236843
1790359026.8146036,1.2612990103662014
1790359026.8181267,1.2820409901905805
1790359026.8289843,1.529399974970147
1790359026.831226,1.3775219849776477
1790359026.838112,1.5470539801754057
1790359026.8415596,2.232507016742602
1790359026.8425777,1.4345429954119027
1790359026.8426392,2.307190006831661
1790359026.8456166,1.1795359896495938
1790359026.8488824,1.338019996182993
1790359026.855528,1.4577679976355284
1790359026.8608308,1.6799250151962042
1790359026.861077,1.481804996728897
1790359026.8662226,1.494466996518895
1790359026.8759573,1.6442709893453866
1790359026.8777244,1.352560007944703
1790359026.8870683,2.1751449967268854
1790359026.887889,1.702134992228821
1790359026.8933988,2.9204009915702045
1790359026.894645,3.1996839970815927
1790359026.894864,2.5877119915094227
1790359026.8959653,2.2895550064276904
1790359026.9105477,2.9371319978963584
1790359026.9175944,1.9045259978156537
1790359026.9283414,2.143977995729074
1790359026.9337928,2.1893219964113086
1790359026.9391773,1.5229859855026007
1790359026.9422789,33.67444398463704
1790359026.9427688,35.51822598092258
1790359026.9430435,15.098087023943663
1790359026.9432056,17.646741005592048
1790359026.943786,11.107169004390016
1790359026.9653072,1.6108699783217162
1790359026.9811158,1.7275759892072529
1790359026.9932804,2.0291419932618737
1790359027.0026553,3.165419999277219
1790359027.0065525,2.143980993423611
1790359027.0066144,3.0651539855170995
1790359027.0119672,1.7241790192201734
1790359027.0134978,1.5199710032902658
1790359027.0176852,2.221581991761923
1790359027.0189767,2.1170569816604257
1790359027.022171,2.0697419822681695
1790359027.0222595,2.6191070210188627
1790359027.0249114,1.985484006581828
1790359027.0394127,2.7460020210128278
1790359027.0394976,2.154822024749592
1790359027.0412846,1.3420539908111095
1790359027.0435584,2.1111649984959513
1790359027.0451782,2.4884840240702033
1790359027.0454936,1.789394998922944
1790359027.0462055,1.6152749885804951
1790359027.04855,2.179508999688551
1790359027.0496745,1.5899600111879408
1790359027.052138,1.549533975776285
1790359027.0526507,1.2893910170532763
1790359027.0561748,1.2206860119476914
1790359027.0649054,1.8745060078799725
1790359027.068359,1.3197189837228507
1790359027.071746,1.4518559910356998
1790359027.0792372,1.6395319835282862
1790359027.1087053,2.0646289922297
1790359027.117922,16.168126981938258
1790359027.118005,31.400107021909207
1790359027.1284237,1.4552850043401122
1790359027.1436753,2.533402992412448
1790359027.1437573,3.2682289893273264
1790359027.148539,1.8060269940178841
1790359027.1510396,1.672099984716624
1790359027.1551163,1.5809239994268864
1790359027.1588,1.486324006691575
1790359027.1614523,1.331956998910755
1790359027.175034,2.545794006437063
1790359027.1753054,2.108337008394301
1790359027.17807,1.2358919775579125
1790359027.184926,1.7108139873016626
1790359027.1882002,1.4976469974499196
1790359027.188471,1.1995829991064966
1790359027.1963613,3.212196024833247
1790359027.196572,2.597627026261762
1790359027.233809,14.101339009357616
1790359027.2348542,36.85787398717366
1790359027.2355876,3.3023750002030283
1790359027.2356615,7.742192014120519
1790359027.2357662,10.832646978087723
1790359027.2385347,42.79866800061427
1790359027.244182,24.022717989282683
1790359027.2456567,1.462001004256308
1790359027.2606242,33.852788008516654
1790359027.2608154,44.922266009962186
1790359027.2608984,30.804256995907053
1790359027.2611783,23.15853800973855
1790359027.2741094,2.3198779963422567
1790359027.2747962,2.4496389960404485
1790359027.2774642,1.4842909877188504
1790359027.2804856,1.323256001342088
1790359027.2869453,1.5673390007577837
1790359027.2938316,1.7963770078495145
1790359027.2978423,1.3156509958207607
1790359027.3054569,2.2838749864604324
1790359027.3145392,1.8186210072599351
1790359027.3348165,32.69440800067969
1790359027.3350244,26.398402987979352
1790359027.3358161,35.88164100074209
1790359027.3359754,22.135762992547825
1790359027.3377466,1.5992660191841424
1790359027.3407571,1.5354640199802816
1790359027.3415,1.8006429891102016
1790359027.3424034,1.3478519977070391
1790359027.3462346,1.5479210123885423
1790359027.349776,3.4346080210525542
1790359027.3509722,3.780972008826211
1790359027.3511107,3.373562009073794
1790359027.371881,22.094030980952084
1790359027.3836408,18.111671990482137
1790359027.386209,21.357880003051832
1790359027.3871276,38.20716799236834
1790359027.38824,28.284673986490816
1790359027.3922827,24.06821900513023
1790359027.400043,27.169228007551283
1790359027.4004736,41.163796006003395
1790359027.4008005,7.7296240197028965
1790359027.4022605,6.068299000617117
1790359027.402939,1.9933969888370484
1790359027.4118433,2.3728450178168714
1790359027.4135494,1.5232129953801632
1790359027.4136248,37.653465988114476
1790359027.421467,25.822040013736114
1790359027.421571,48.08479698840529
1790359027.421784,24.893528985558078
1790359027.422436,20.718267012853175
1790359027.4231565,9.16305702412501
1790359027.4232333,13.103600009344518
1790359027.4298232,1.7248170042876154
1790359027.4324663,2.6316260045859963
1790359027.4325507,2.222801005700603
1790359027.4331653,1.306810008827597
1790359027.4448853,1.4636139967478812
1790359027.4463873,1.2679899809882045
1790359027.4568722,1.4129170158412308
1790359027.458602,1.5025080065242946
1790359027.4655101,1.5882860170677304
1790359027.476435,4.024354973807931
1790359027.4765277,3.595930989831686
1790359027.4772756,1.3760800065938383
1790359027.4850433,1.639555994188413
1790359027.4857566,1.7447599966544658
1790359027.5049298,3.7626489938702434
1790359027.5049906,3.7233259936328977
1790359027.5090587,1.4118829858489335
1790359027.5236137,2.0920149981975555
1790359027.5263934,1.365783013170585
1790359027.5300598,1.7237420252058655
1790359027.5305986,1.7191630031447858
1790359027.5428164,1.6760459984652698
1790359027.5467157,1.7853309982456267
1790359027.5471776,1.5747199940960854
1790359027.5493515,1.5665550017729402
1790359027.5537508,1.3641109981108457
1790359027.55752,1.3497430190909654
1790359027.5599108,1.1739990150090307
1790359027.5644176,1.5554600104223937
1790359027.5694344,1.37463299324736
1790359027.5777135,1.4542080170940608
1790359027.5961947,2.224595984444022
1790359027.6097376,1.8830879998859018
1790359027.612233,1.9331930088810623
1790359027.6170535,20.142352994298562
1790359027.6177924,34.45800801273435
1790359027.617975,9.146480006165802
1790359027.6201284,2.256989013403654
1790359027.6224444,2.742582990322262
1790359027.622514,3.6038969992659986
1790359027.6228123,2.3424429818987846
1790359027.6316626,1.4045489951968193
1790359027.6531787,31.30855000927113
1790359027.653248,12.673269986407831
1790359027.6615767,1.9462850177660584
1790359027.668315,1.4253219997044653
1790359027.6815116,2.1949470101390034
1790359027.689121,1.640934991883114
1790359027.6987658,26.752732985187322
1790359027.700427,2.971298003103584
1790359027.7004926,35.061911010416225
1790359027.7005908,20.625201985239983
1790359027.700644,8.6832030210644
1790359027.7106395,1.69313998776488
1790359027.7398098,11.072911991504952
1790359027.7400253,32.92971701011993
1790359027.7405455,2.0777010067831725
1790359027.7470949,1.5789070166647434
1790359027.750364,1.9871100084856153
1790359027.7506595,2.7698899793904275
1790359027.7507236,1.7019679944496602
1790359027.7537193,2.36850100918673
1790359027.7545,2.120151009876281
1790359027.7545557,2.7864929870702326
1790359027.7592766,1.4656060084234923
1790359027.7766852,1.9138840143568814
1790359027.7767842,2.6433469902258366
1790359027.7787127,1.248599000973627
1790359027.7872236,1.6526090039405972
1790359027.808207,2.241170994238928
1790359027.8243814,6.090191978728399
1790359027.824475,33.57654600404203
1790359027.8390672,1.5799590037204325
1790359027.857508,2.9809010156895965
1790359027.857745,25.919968000380322
1790359027.8579595,13.884722982766107
1790359027.8618724,1.4642129826825112
1790359027.8645751,7.562846993096173
1790359027.8646493,36.25417099101469
1790359027.8707738,2.367813984164968
1790359027.871997,2.2047040110919625
1790359027.872829,1.4542870048899204
1790359027.8760343,1.2366909941192716
1790359027.8910184,2.675697993254289
1790359027.8915281,2.0809239940717816
1790359027.8918133,1.362518989481032
1790359027.8949108,1.250214991159737
1790359027.8973997,1.4919390087015927
1790359027.8978589,1.3526430120691657
1790359027.9041674,1.6812409739941359
1790359027.9075878,1.331926992861554
1790359027.915966,1.6503639926668257
1790359027.92946,3.4672130132094026
1790359027.929739,4.302262008422986
1790359027.9298637,2.9920280212536454
1790359027.9304183,3.8704150065314025
1790359027.9405725,1.8347639997955412
1790359027.9467168,1.7301790066994727
1790359027.9509373,1.5134360000956804
1790359027.9575288,2.2892160050105304
1790359027.9582534,1.9606479909271002
1790359027.975157,1.5139180177357048
1790359027.9796948,1.3908990076743066
1790359027.9928963,15.632946015102789
1790359027.993001,30.345363018568605
1790359027.9936945,10.418950987514108
1790359027.9993834,2.0686039933934808
1790359028.0095136,1.7586360045243055
1790359028.0098305,1.560789009090513
1790359028.0167773,1.6265360172837973
1790359028.0221183,1.8809550092555583
1790359028.0221741,1.466409012209624
1790359028.0421298,1.9101070065516979
1790359028.0697608,33.71974200126715
1790359028.0706818,1.712344994302839
1790359028.0713537,9.750091005116701
1790359028.071425,35.47191098914482
1790359028.0743916,1.2544100172817707
1790359028.0759912,1.3430080143734813
1790359028.085942,2.455142996041104
1790359028.0868058,2.0773360156454146
1790359028.0897439,1.2959419982507825
1790359028.0920777,1.6531830187886953
1790359028.092995,1.6682129935361445
1790359028.0945587,1.2829720217268914
1790359028.1054888,2.7040129934903234
1790359028.1055453,2.065189997665584
1790359028.1088076,1.5471079968847334
1790359028.109376,1.5474249958060682
1790359028.1152418,1.7043309926521033
1790359028.1221428,1.617324014659971
1790359028.1283667,1.6283330041915178
1790359028.13171,2.2085259843152016
1790359028.1366408,1.7256120045203716
1790359028.1456752,1.424587011570111
1790359028.1606534,22.360535978805274
1790359028.161185,1.8426580063533038
1790359028.1674833,36.7244369990658
1790359028.1682577,4.866000992478803
1790359028.168348,12.84540499909781
1790359028.176021,1.374224986648187
1790359028.1835442,11.767379008233547
1790359028.1952133,19.08071801881306
1790359028.1953156,35.317988018505275
1790359028.2030857,1.64309999672696
1790359028.2048476,1.5758249792270362
1790359028.207954,1.7541070119477808
1790359028.2094536,1.3252850039862096
1790359028.2116897,1.2152520066592842
1790359028.214634,1.498655998148024
1790359028.2155862,1.6265620070043951
1790359028.216407,1.1883330007549375
1790359028.2177923,1.295800000661984
1790359028.2203357,1.4843569952063262
1790359028.2209313,1.5371180197689682
1790359028.223654,1.5729920123703778
1790359028.2293289,1.7803299997467548
1790359028.2398126,2.439774019876495
1790359028.2403882,2.465625002514571
1790359028.242504,1.2375010119285434
1790359028.2443774,1.2166719825472683
1790359028.2512403,2.11122099426575
1790359028.2513115,2.7300610090605915
1790359028.252744,1.2117740116082132
1790359028.2609835,1.7802509828470647
1790359028.2702792,1.6898240137379616
1790359028.2868063,2.0723060006275773
1790359028.2869053,28.803269990021363
1790359028.2873733,21.812797989696264
1790359028.2886138,16.728991991840303
1790359028.2888346,36.78617998957634
1790359028.289872,1.771537004970014
1790359028.320346,28.897794982185587
1790359028.3209465,24.715267994906753
1790359028.3210244,17.091653018724173
1790359028.3297553,30.94977099681273
1790359028.331101,39.72055099438876
1790359028.33211,21.087016008095816
1790359028.3325777,24.182875000406057
1790359028.3327096,13.913140981458127
1790359028.3327873,6.797709997044876
1790359028.335117,25.6609290081542
1790359028.3351989,17.33172600506805
1790359028.335753,43.517067009815946
1790359028.3358846,10.4182539798785
1790359028.3359413,5.1902599807363
1790359028.35386,2.1584889909718186
1790359028.3589504,1.5633550065103918
1790359028.3680418,2.6229550130665302
1790359028.3681493,2.8085560188628733
1790359028.3687894,1.1915949871763587
1790359028.3735988,1.302472985116765
1790359028.374867,1.1337939940858632
1790359028.3784258,1.5237750194501132
1790359028.3805273,1.3523010129574686
1790359028.3866336,1.9835829734802246
1790359028.393261,2.7270090067759156
1790359028.3939075,3.949045989429578
1790359028.394467,3.5224879975430667
1790359028.4335406,19.96591000352055
1790359028.4336572,28.365664009470493
1790359028.4366267,18.587814003694803
1790359028.4427023,46.184869017452
1790359028.4533176,46.68024001875892
1790359028.4539294,11.169169010827318
1790359028.4540582,30.758403008803725
1790359028.472981,78.92343000276014
1790359028.4743142,75.58818298275582
1790359028.4754186,60.10684199281968
1790359028.475672,20.35075900494121
1790359028.4769697,8.645811991300434
1790359028.477252,51.16818001260981
1790359028.4780502,7.623407989740372
1790359028.478134,4.506475990638137
1790359028.485963,66.1822610127274
1790359028.491497,50.3685160074383
1790359028.4915893,47.201823006616905
1790359028.4972122,32.281187013722956
1790359028.5117238,42.09145999629982
1790359028.512167,59.605474001728
1790359028.5129266,41.07677302090451
1790359028.5181763,25.62392599065788
1790359028.5282829,46.68937899987213
1790359028.5283637,28.050944005372003
1790359028.5296032,28.245486988453194
1790359028.533641,29.979641985846683
1790359028.5452375,36.48773301392794
1790359028.547956,52.473098010523245
1790359028.5483415,18.37774898740463
1790359028.5486493,7.989259000169113
1790359028.5499842,17.794497980503365
1790359028.5523722,1.344251009868458
1790359028.5526485,38.32259101909585
1790359028.5543916,46.409668982960284
1790359028.554529,4.3286609870847315
1790359028.5552557,1.3989190047141165
1790359028.5637295,1.6098050109576434
1790359028.567626,1.5415039961226285
1790359028.569229,1.4022499963175505
1790359028.6078374,27.555876993574202
1790359028.617426,15.275360987288877
1790359028.618078,10.930750024272129
1790359028.6181521,38.412482012063265
1790359028.619569,1.9312200020067394
1790359028.6216164,26.850735972402617
1790359028.6256533,1.4470769965555519
1790359028.6269479,49.683588003972545
1790359028.6353588,1.4365850074682385
1790359028.6429486,1.983277004910633
1790359028.6430676,36.845207010628656
1790359028.643809,1.6169370210263878
1790359028.6445127,50.278799986699596
1790359028.6453397,30.593751987908036
1790359028.6455798,27.34204599983059
1790359028.6469085,7.891899993410334
1790359028.6472647,19.204101990908384
1790359028.647327,5.904838995775208
1790359028.6479087,1.9068169931415468
1790359028.6499226,1.2506439816206694
1790359028.6528573,1.406534982379526
1790359028.6576755,1.4841100201010704
1790359028.661176,1.3450380065478384
1790359028.6680033,1.453742996091023
1790359028.6687524,1.5971259854268283
1790359028.6742697,1.9992959860246629
1790359028.6747909,1.8966049829032272
1790359028.6762798,1.291649998165667
1790359028.677561,1.271132001420483
1790359028.6868706,1.5980419993866235
1790359028.6916385,2.092008013278246
1790359028.6917129,2.6898490032181144
1790359028.6920662,1.9907339883502573
1790359028.705585,2.9076929786242545
1790359028.706128,2.673092996701598
1790359028.7135193,1.7328079848084599
1790359028.7190447,1.4699799939990044
1790359028.7263381,1.5661400102544576
1790359028.7304254,2.7414659853093326
1790359028.732457,2.462122996803373
1790359028.7325191,3.6071049980819225
1790359028.7351902,1.2221670185681432
1790359028.7431822,1.6780829755589366
1790359028.747359,1.5900119906291366
1790359028.7511275,1.5878530102781951
1790359028.7897255,12.557431997265667
1790359028.7898002,37.167586997384205
1790359028.7903936,39.043337979819626
1790359028.7904778,20.965611009160057
1790359028.7911847,12.630106997676194
1790359028.7913342,3.256515978137031
1790359028.7957473,27.51579400501214
1790359028.8054886,30.701501993462443
1790359028.805595,38.01512997597456
1790359028.805997,28.05041501414962
1790359028.8068485,20.286130980821326
1790359028.8069086,13.78363001276739
1790359028.8104005,1.4783939986955374
1790359028.8120205,1.3155390042811632
1790359028.819581,1.8038399866782129
1790359028.8198493,1.4605799806304276
1790359028.8296998,2.7363709814380854
1790359028.8334715,3.7598850030917674
1790359028.8336167,5.449081014376134
1790359028.8337784,2.8894669958390296
1790359028.8338966,3.628720995038748
1790359028.8340068,5.002908001188189
1790359028.8374891,1.4961270208004862
1790359028.8444924,1.367421995382756
1790359028.8473487,1.3141920207999647
1790359028.8478591,1.2684989778790623
1790359028.8520093,1.5860240091569722
1790359028.8639805,1.7749099934007972
1790359028.8655233,1.3039909827057272
1790359028.8704295,1.548119995277375
1790359028.8767858,1.3999220100231469
1790359028.879981,1.648043020395562
1790359028.8896477,1.709312986349687
1790359028.897353,1.6339799913112074
1790359028.902198,1.9853599951602519
1790359028.9190602,1.9190890016034245
1790359028.9214175,1.4397469931282103
1790359028.93562,1.735097001073882
1790359028.9361982,1.474355987738818
1790359028.9383743,1.214739982970059
1790359028.950594,1.6303129959851503
1790359028.9655588,4.054482007632032
1790359028.9656982,4.043654014822096
1790359028.966451,3.348748985445127
1790359028.9686577,1.5218309999909252
1790359028.977783,1.7039240046869963
1790359028.984266,1.6369099903386086
1790359028.9978826,1.6784780018497258
1790359029.0105522,6.491831009043381
1790359029.012832,6.234557018615305
1790359029.0140657,3.723764995811507
1790359029.0179586,2.7410069887991995
1790359029.0180724,2.9434380121529102
1790359029.0183222,1.840626006014645
1790359029.0204005,1.5683149977121502
1790359029.0257742,1.3297819823492318
1790359029.029569,2.0700790046248585
1790359029.0296397,2.2705070150550455
1790359029.0356534,1.509563997387886
1790359029.0378864,2.2230299946386367
1790359029.0388196,1.9360010046511889
1790359029.0411735,1.2612910068128258
1790359029.0447166,1.5825899899937212
1790359029.0462933,1.4243749901652336
1790359029.0521276,1.4394400059245527
1790359029.072699,2.865354996174574
1790359029.0838675,1.8879919953178614
1790359029.0863,2.005777001613751
1790359029.09285,1.652027975069359
1790359029.0998373,2.3826849937904626
1790359029.1043663,2.55000899778679
1790359029.1054945,1.551518013002351
1790359029.106223,29.514479014324024
1790359029.1071563,24.362494994420558
1790359029.1072195,36.082114005694166
1790359029.1101,13.240847998531535
1790359029.110613,11.267188005149364
1790359029.1120236,27.30947799864225
1790359029.1121724,4.645784996682778
1790359029.1125765,9.638023999286816
1790359029.114422,3.798146004555747
1790359029.1157877,4.3531050032470375
1790359029.1159544,7.239338010549545
1790359029.1167116,4.122646991163492
1790359029.1227343,1.4205500192474574
1790359029.1386023,1.8523000180721283
1790359029.1486685,32.393852015957236
1790359029.1513214,28.442831011489034
1790359029.15199,5.165623006178066
1790359029.1520832,37.59807100868784
1790359029.1564543,1.6347749915439636
1790359029.1580303,1.5655370079912245
1790359029.160351,1.5690510044805706
1790359029.1612413,1.672741986112669
1790359029.1707594,1.8335439963266253
1790359029.1832883,3.235923999454826
1790359029.1847324,1.9549089774955064
1790359029.1849244,2.7194939902983606
1790359029.1854067,1.7639170109760016
1790359029.1880083,1.7131550121121109
1790359029.201897,1.9032529962714761
1790359029.204122,1.5925240004435182
1790359029.2266233,3.535889001796022
1790359029.2279365,2.6519639941398054
1790359029.236144,1.605805999133736
1790359029.2450886,2.005726011702791
1790359029.2529297,2.1357579971663654
1790359029.255184,24.0978539804928
1790359029.2561226,1.5632440045010298
1790359029.2624955,1.9446399819571525
1790359029.2633576,36.457729001995176
1790359029.2634645,28.170056000817567
1790359029.2637522,15.424182987771928
1790359029.2646215,9.425500000361353
1790359029.265085,12.430689006578177
1790359029.267023,2.50526299350895
1790359029.2671382,1.925706019392237
1790359029.2682643,1.1173180246260017
1790359029.332745,39.84742099419236
1790359029.3488407,63.969679991714656
1790359029.3568068,43.46618099953048
1790359029.3569715,69.46035000146367
1790359029.359558,39.96443698997609
1790359029.360577,35.78120400197804
1790359029.367637,37.22373300115578
1790359029.3684561,47.275496006477624
1790359029.3687274,39.08198099816218
1790359029.3703227,5.537185992579907
1790359029.370824,38.87402298278175
1790359029.371353,31.670657015638426
1790359029.3718562,77.67716801026836
1790359029.3720288,61.26645801123232
1790359029.3722558,12.684757995884866
1790359029.3728306,17.33744901139289
1790359029.373639,28.339023992884904
1790359029.3737984,7.136932021239772
1790359029.3750398,4.705444996943697
1790359029.3754115,9.00793302571401
1790359029.3754783,2.637799014337361
1790359029.3756125,4.247712990036234
1790359029.378371,2.2444039932452142
1790359029.3792171,3.5103390109725296
1790359029.3793025,2.0727289956994355
1790359029.3793623,2.5922869972418994
1790359029.393558,3.030002990271896
1790359029.3946397,1.8110100063495338
1790359029.414319,1.9434319983702153
1790359029.4214218,30.405405996134505
1790359029.422202,32.82079301425256
1790359029.4223037,27.308690012432635
1790359029.4227548,3.7065239739604294
1790359029.4228418,5.294476985000074
1790359029.4298453,5.773771001258865
1790359029.4299886,44.076956022763625
1790359029.4314847,3.005436999956146
1790359029.4367785,2.598274004412815
1790359029.4430525,2.641757018864155
1790359029.4576569,2.791654027532786
1790359029.4582915,2.2577240015380085
1790359029.4587388,1.7203130119014531
1790359029.4611113,1.4717069861944765
1790359029.4665103,1.6208470042329282
1790359029.4705784,1.5031829825602472
1790359029.4729562,1.3037830067332834
1790359029.4940434,3.502186998957768
1790359029.4988751,1.8906350014731288
1790359029.509573,2.0190949726384133
1790359029.511983,28.811850992497057
1790359029.5125923,37.7891690004617
1790359029.5127654,18.932765000499785
1790359029.512837,13.347744999919087
1790359029.5133507,3.65543199586682
1790359029.5200436,2.423794998321682
1790359029.520369,2.87342700175941
1790359029.520435,1.448021997930482
1790359029.525283,1.6235219954978675
1790359029.5291812,1.4738579920958728
1790359029.533284,1.3316139811649919
1790359029.554531,29.236589005449787
1790359029.555214,24.124790012137964
1790359029.5554585,34.934022987727076
1790359029.5559874,22.152674006065354
1790359029.5565176,6.529269012389705
1790359029.556572,3.0597629956901073
1790359029.5721593,1.7155929817818105
1790359029.573043,26.15709899691865
1790359029.5735412,20.67135099787265
1790359029.5740178,13.600130012491718
1790359029.5741043,34.458011999959126
1790359029.5788174,2.4954279942903668
1790359029.578933,2.0778700127266347
1790359029.580965,1.6001529875211418
1790359029.5813758,1.34171501849778
1790359029.5856147,1.6268790059257299
1790359029.591696,1.4373170270118862
1790359029.6106951,26.17614099290222
1790359029.6108828,17.67489200574346
1790359029.615527,20.785877015441656
1790359029.6273851,29.48451999691315
1790359029.6286192,47.192185011226684
1790359029.6345665,24.84327499405481
1790359029.6350954,42.3272629850544
1790359029.6361399,18.485938984667882
1790359029.6362252,14.158931007841602
1790359029.636299,6.750237022060901
1790359029.6411898,1.7156960093416274
1790359029.6447198,49.04132700175978
1790359029.6522732,45.618022995768115
1790359029.6530645,48.83131000678986
1790359029.6539187,39.08171801595017
1790359029.6542797,27.47624000767246
1790359029.6544383,35.12373199919239
1790359029.655067,24.5401969878003
1790359029.6570246,1.4734829892404377
1790359029.66352,1.593001012224704
1790359029.665385,1.336440007435158
1790359029.6685631,1.281603006646037
1790359029.6789622,1.9158599898219109
1790359029.679736,2.0624919852707535
1790359029.6809318,1.6059770132414997
1790359029.692222,2.638435020344332
1790359029.696431,1.5056509873829782
1790359029.7021458,17.924222978763282
1790359029.7079427,17.900439008371904
1790359029.7143497,3.5373610153328627
1790359029.7144277,34.55968099297024
1790359029.7211974,1.935256994329393
1790359029.7237267,1.708825002424419
1790359029.7299998,1.4987530012149364
1790359029.7446036,1.986381015740335
1790359029.7560258,30.593103991122916
1790359029.7570832,35.74498600210063
1790359029.7583375,26.199730986263603
1790359029.7584753,14.784750994294882
1790359029.7754445,2.521915012039244
1790359029.778677,1.4603229938074946
1790359029.7848809,35.98089099978097
1790359029.7850199,27.728020009817556
1790359029.7850826,10.225406993413344
1790359029.7860925,4.744901991216466
1790359029.7870991,1.6281690041068941
1790359029.7927358,1.4275590074248612
1790359029.8025775,1.950217003468424
1790359029.8163517,1.7890449962578714
1790359029.8294282,2.1266069961711764
1790359029.833253,2.3852839949540794
1790359029.8335161,2.1408969769254327
1790359029.8414302,2.380749996518716
1790359029.847051,2.0024150144308805
1790359029.8550816,1.922671013744548
1790359029.8638947,24.05933800037019
1790359029.869259,2.2563989914488047
1790359029.8716319,18.54855800047517
1790359029.8722274,36.00375298992731
1790359029.8727043,11.753866012440994
1790359029.8730912,4.3031089880969375
1790359029.8772597,1.4598290144931525
1790359029.8863492,1.4699210005346686
1790359029.8935997,1.5262060042005032
1790359029.896182,1.2743799888994545
1790359029.9090123,4.583253001328558
1790359029.9097414,5.232897005043924
1790359029.9106169,1.7529269971419126
1790359029.9232135,1.8731229938566685
1790359029.9317942,1.3199829845689237
1790359029.939419,1.9272619974799454
1790359029.9460645,16.664288006722927
1790359029.946434,32.677854993380606
1790359029.9465487,12.532277003629133
1790359029.9470456,5.96263402258046
1790359029.9535515,1.7170289938803762
1790359029.9580421,1.4043050177861005
1790359029.9654958,1.3971119769848883
1790359029.9815629,1.8322349933441728
1790359029.9935293,1.6444939828943461
1790359029.9942963,7.389498001430184
1790359030.0033364,1.8851349886972457
1790359030.0140054,2.3197140253614634
1790359030.0208805,1.6957990010268986
1790359030.021988,34.227878000820056
1790359030.0220718,25.85409997846
1790359030.022745,20.259377983165905
1790359030.0228088,8.792538981651887
1790359030.0369039,1.689508993877098
1790359030.049329,3.6838680098298937
1790359030.050485,3.6065510066691786
1790359030.0515852,3.7662720133084804
1790359030.0541775,3.1743079889565706
1790359030.0546842,2.762152987997979
1790359030.0554261,2.50818399945274
1790359030.0588644,2.3936360084917396
1790359030.0609345,2.0539450051728636
1790359030.0986273,24.294856993947178
1790359030.0997055,16.26324499375187
1790359030.0999086,38.90826299902983
1790359030.1006353,11.715256987372413
1790359030.1142216,34.06228398671374
1790359030.1204665,34.0584600053262
1790359030.1212735,17.857708007795736
1790359030.1218271,45.59951298870146
1790359030.123119,14.384392998181283
1790359030.123238,10.541476018261164
1790359030.137456,32.15524699771777
1790359030.13754,26.43035800429061
1790359030.143485,40.779836010187864
1790359030.1436594,21.74921499681659
1790359030.1608267,13.668325002072379
1790359030.1650581,18.785106018185616
1790359030.1807864,29.052360012428835
1790359030.1832378,30.776926985708997
1790359030.1833634,28.814123012125492
1790359030.1835313,39.82209300738759
1790359030.1878438,23.795314016751945
1790359030.1971426,64.91790901054628
1790359030.2061062,53.02468402078375
1790359030.2068627,43.82276098476723
1790359030.2078502,39.03227701084688
1790359030.207959,54.27744999178685
1790359030.219696,47.82624400104396
1790359030.2201273,49.134608008898795
1790359030.2205317,52.827458013780415
1790359030.2207909,39.73069100175053
1790359030.2220528,46.1583319993224
1790359030.222926,31.84637799859047
1790359030.2230697,38.45176298636943
1790359030.2247765,47.21443500602618
1790359030.2278128,15.26034000562504
1790359030.2360346,52.0485790038947
1790359030.2505605,65.27277801069431
1790359030.254247,38.32687300746329
1790359030.2562852,81.23582898406312
1790359030.262727,49.39589201239869
1790359030.2628782,39.42964400630444
1790359030.2633226,35.67876500892453
1790359030.264783,32.70776299177669
1790359030.264942,21.444195008371025
1790359030.265394,16.762215993367136
1790359030.2672243,53.23249599314295
1790359030.2894428,65.46285297372378
1790359030.292622,71.81727301212959
1790359030.2930777,61.95972501882352
1790359030.2945585,76.80790798622184
1790359030.294695,56.04331599897705
1790359030.2992768,23.1516319909133
1790359030.300238,52.69103200407699
1790359030.3004422,49.33532600989565
1790359030.3035102,17.645296989940107
1790359030.3035924,37.77906799223274
1790359030.3068364,1.537850999739021
1790359030.3225048,2.3474769841413945
1790359030.3230484,1.48460001219064
1790359030.3288693,39.11602598964237
1790359030.328957,51.082599005894735
1790359030.329211,17.542190005769953
1790359030.3293808,8.773539011599496
1790359030.3299227,48.43201499897987
1790359030.3299813,2.7082199812866747
1790359030.3338575,1.4542420103680342
1790359030.3397422,3.0671749846078455
1790359030.3462963,2.8582779923453927
1790359030.3498049,2.3335769947152585
1790359030.3534608,1.5853939985390753
1790359030.3605323,1.9105839892290533
1790359030.3656118,1.6424120112787932
1790359030.3696866,32.94087800895795
1790359030.3699176,22.949527978198603
1790359030.373544,23.723257996607572
1790359030.3743126,40.40729801636189
1790359030.3747942,2.0435669866856188
1790359030.3749282,17.13832200039178
1790359030.3755186,6.910455995239317
1790359030.3755794,12.306495977099985
1790359030.3892581,2.584170986665413
1790359030.3913746,2.1013980149291456
1790359030.392264,1.9283719884697348
1790359030.3949006,1.4001670060679317
1790359030.3970754,1.9045470107812434
1790359030.3988583,1.5241939981933683
1790359030.4026294,1.325082004768774
1790359030.4054227,1.8126409850083292
1790359030.405581,2.5031679833773524
1790359030.406058,1.542775018606335
1790359030.4153006,2.4676729808561504
1790359030.4175847,1.5580200124531984
1790359030.4263577,2.189260005252436
1790359030.4345531,2.256021020002663
1790359030.4491553,18.85160501115024
1790359030.4645092,2.164086006814614
1790359030.467628,41.13855797913857
1790359030.4677372,34.188071003882214
1790359030.4867644,2.075661002891138
1790359030.5058246,2.305164991412312
1790359030.5109537,4.597221995936707
1790359030.5276303,37.96219598734751
1790359030.528172,29.29241899983026
1790359030.529155,23.31713997409679
1790359030.531191,23.31430499907583
1790359030.5350919,25.538427027640864
1790359030.5502977,42.23562101833522
1790359030.5527537,28.77849800279364
1790359030.553255,24.078137008473277
1790359030.5536144,46.57017800491303
1790359030.5536988,11.40733400825411
1790359030.5538168,23.14530999865383
1790359030.5568674,32.039482990512624
1790359030.5600836,1.596254005562514
1790359030.5630658,32.86687799845822
1790359030.5683002,30.770384008064866
1790359030.5685453,46.118867001496255
1790359030.5694761,19.46169597795233
1790359030.5695379,2.1727860148530453
1790359030.5738773,1.7706750077195466
1790359030.5739455,2.3166059982031584
1790359030.5869308,1.4212949899956584
1790359030.5908182,1.5693150053266436
1790359030.6014602,2.3118130047805607
1790359030.6024911,1.9088969856966287
1790359030.6030471,1.3688280014321208
1790359030.6064868,1.49049999890849
1790359030.612713,3.7087159871589392
1790359030.6127887,3.309177001938224
1790359030.6142385,1.341796014457941
1790359030.6156678,1.1916089861188084
1790359030.6252062,1.7644799954723567
1790359030.630529,4.313823999837041
1790359030.6334467,6.399225996574387
1790359030.6336782,5.5798850080464035
1790359030.6338415,4.5159420114941895
1790359030.640813,2.0377519831527025
1790359030.662044,4.5257669989950955
1790359030.663501,3.8656869728583843
1790359030.6635907,4.771821986651048
1790359030.6637774,5.426304007414728
1790359030.664525,3.4908220113720745
1790359030.6645865,1.959407003596425
1790359030.667022,2.0202150044497102
1790359030.6893728,1.5542009787168354
1790359030.721119,28.185441013192758
1790359030.721711,35.120439977617934
1790359030.7225661,9.41786399926059
1790359030.7228827,23.003923997748643
1790359030.7229388,4.705414990894496
1790359030.7278762,28.529270988656208
1790359030.7286189,20.933148014592007
1790359030.7290025,13.774772000033408
1790359030.7290936,35.45209698495455
1790359030.7293775,10.533127991948277
1790359030.7325063,1.4433960022870451
1790359030.7362106,1.9829179800581187
1790359030.7402892,2.435262023936957
1790359030.7417617,1.9203640113119036
1790359030.7421367,3.148807998513803
1790359030.7422097,1.7838810163084418
1790359030.7441373,1.3483520015142858
1790359030.7470155,1.2307320139370859
1790359030.7594838,2.7394890203140676
1790359030.759605,3.439186024479568
1790359030.759979,2.3064859851729125
1790359030.7620087,1.2189950211904943
1790359030.7970679,24.989120982354507
1790359030.8025417,34.20588397420943
1790359030.8030918,28.94052700139582
1790359030.8141532,38.07934300857596
1790359030.8145478,45.31761500402354
1790359030.8148534,37.76738900342025
1790359030.8158925,17.15638898895122
1790359030.8168,32.320657977834344
1790359030.817312,8.858162997057661
1790359030.8173928,5.558628996368498
1790359030.8190944,1.5649120032321662
1790359030.8218818,48.63541398663074
1790359030.824867,1.9217400113120675
1790359030.8269362,1.3960190117359161
1790359030.8377638,62.742862006416544
1790359030.837913,73.61248598317616
1790359030.8417406,70.8997680048924
1790359030.8418803,2.258219989016652
1790359030.8419397,65.44285800191574
1790359030.8431013,61.50495301699266
1790359030.843411,52.84324599779211
1790359030.8435228,38.12547799316235
1790359030.8444693,34.87890399992466
1790359030.8447716,6.747726001776755
1790359030.844836,28.93140900414437
1790359030.8525994,5.466784001328051
1790359030.8619316,1.640331989619881
1790359030.8749192,23.3553129946813
1790359030.8815727,33.93472800962627
1790359030.8816576,8.716674987226725
1790359030.8838718,1.6077780164778233
1790359030.8941896,1.7413290042895824
1790359030.902425,1.6528670093975961
1790359030.9118588,1.482658990425989
1790359030.9197245,3.139184002066031
1790359030.9410243,28.230263997102156
1790359030.9464815,24.02157400501892
1790359030.9605622,10.994645010214299
1790359030.9606557,31.647363997763023
1790359030.9610424,36.98288698797114
1790359030.961441,7.443870999850333
1790359030.9659011,1.7942650010809302
1790359030.9698486,1.4131680072750896
1790359030.9763668,28.284150001127273
1790359030.9789846,1.8546810024417937
1790359030.9872613,73.87083099456504
1790359030.9878037,36.09559699543752
1790359030.9884746,20.898913004202768
1790359030.9889188,54.76427200483158
1790359030.9895046,12.99506999203004
1790359030.9895606,11.257991980528459
1790359030.9896111,30.275882018031552
1790359030.992617,1.6238070093095303
1790359030.9932725,1.304756005993113
1790359030.9992015,1.5753479965496808
1790359031.013745,2.1229429985396564
1790359031.0176334,3.2504650007467717
1790359031.017773,3.9028209866955876
1790359031.0181644,2.413059992250055
1790359031.0185297,1.5267760027199984
1790359031.0236087,1.482465013395995
1790359031.035079,1.7607870104257017
1790359031.0420337,2.062715997453779
1790359031.0455744,1.7940870020538568
1790359031.0497725,1.4271420077420771
1790359031.0525112,2.0409669959917665
1790359031.052623,2.6976749941240996
1790359031.0526876,1.7994900117628276
1790359031.0578845,1.3774159888271242
1790359031.0596528,1.4438300277106464
1790359031.060534,1.5606119995936751
1790359031.0641985,1.4400820073205978
1790359031.0730572,3.0737690103705972
1790359031.0741255,2.272340003401041
1790359031.0744963,3.3269249834120274
1790359031.0756648,1.5292969765141606
1790359031.1107,21.212166000623256
1790359031.11566,29.860239999834448
1790359031.1240277,31.964514026185498
1790359031.1245143,21.682316990336403
1790359031.1256146,10.519520001253113
1790359031.1257255,41.606711980421096
1790359031.1257908,12.91893600136973
1790359031.1266026,26.224025001283735
1790359031.1270697,39.84114897320978
1790359031.127246,22.74568099528551
1790359031.1280415,5.658447014866397
1790359031.1282005,14.02981299906969
1790359031.135531,3.3441580017097294
1790359031.1367257,1.8256220209877938
1790359031.1479478,2.8987519908696413
1790359031.158372,2.923849009675905
1790359031.1619718,2.398012002231553
1790359031.165425,2.346069988561794
1790359031.1666167,1.6933370206970721
1790359031.1774049,2.1117420110385865
1790359031.1797447,2.1948520152363926
1790359031.1843593,2.55350602674298
1790359031.1854925,2.142679993994534
1790359031.1923125,2.5132750160992146
1790359031.2191205,28.57530300389044
1790359031.2199607,28.520918014692143
1790359031.223395,24.572220019763336
1790359031.224645,39.08704599598423
1790359031.2247787,9.327524981927127
1790359031.228818,26.355758018326014
1790359031.228941,12.839775008615106
1790359031.2290196,36.64142297930084
1790359031.2366793,1.826719002565369
1790359031.2488797,2.3296750150620937
1790359031.2557428,1.4897910004947335
1790359031.2609894,38.91364700393751
1790359031.2614186,38.009012991096824
1790359031.2617836,22.612088010646403
1790359031.2623603,9.440997004276142
1790359031.262731,6.67045300360769
1790359031.267065,1.5587039815727621
1790359031.2757888,1.68731200392358
1790359031.284979,2.169091982068494
1790359031.2898939,1.8430800118949264
1790359031.291937,1098.2910549791995
1790359031.292975,36.00045101484284
1790359031.294135,29.203679994679987
1790359031.2962153,3.1108540133573115
1790359031.2964265,10.77085902215913
1790359031.2965002,7.630013016751036
1790359031.296602,29.52765702502802
1790359031.2967684,15.694712987169623
1790359031.302305,1.6774520045146346
1790359031.3064024,1.5480010188184679
1790359031.3081493,1.477504993090406
1790359031.3167522,2.082968014292419
1790359031.3219182,1.8104389891959727
1790359031.3244438,1.9963509985245764
1790359031.324787,1.8354820203967392
1790359031.3248637,2.934257994638756
1790359031.3277864,1.5364249993581325
1790359031.3302102,1.8396020168438554
1790359031.331284,1.8732339958660305
1790359031.3764608,12.332257989328355
1790359031.3843062,21.06148999882862
1790359031.3849797,36.8892629921902
1790359031.3853524,16.77321598981507
1790359031.3854232,4.760201001772657
1790359031.3971243,38.92798998276703
1790359031.3974102,27.09427199442871
1790359031.397912,3.100829984759912
1790359031.4006894,1.4862319803796709
1790359031.416645,1.6158779908437282
1790359031.428047,31.921606976538897
1790359031.4287558,33.6422820109874
1790359031.4291308,11.111333995359018
1790359031.4292698,28.35640200646594
1790359031.4322364,1.7887720023281872
1790359031.4361584,1.8097650026902556
1790359031.4384582,1.3271220086608082
1790359031.447406,1.5899059944786131
1790359031.4485428,12.583592993905768
1790359031.469398,29.760239995084703
1790359031.46951,8.711836009752005
1790359031.4695778,32.9828450048808
1790359031.4719138,1.3144319818820804
1790359031.481071,2.4689609999768436
1790359031.4851437,2.877196006011218
1790359031.4852457,4.163972014794126
1790359031.486072,1.973677019122988
1790359031.4919727,1.5327379805967212
1790359031.497804,1.5527130162809044
1790359031.5056493,1.9138210045639426
1790359031.5074353,27.61982800439
1790359031.5076926,26.041995006380603
1790359031.5083632,35.65318399341777
1790359031.5105221,27.877212007297203
1790359031.5107167,24.45653500035405
1790359031.5114968,16.223773011006415
1790359031.5116565,7.153465994633734
1790359031.5118012,3.30030798795633
1790359031.5118737,13.457087014103308
1790359031.5132592,1.5947690117172897
1790359031.5204113,1.3758559944108129
1790359031.5224788,1.3457089953590184
1790359031.5235176,1.8103219917975366
1790359031.5244114,1.4511490007862449
1790359031.5369008,1.5719419752713293
1790359031.546261,2.360534999752417
1790359031.5504806,1.5497459971811622
1790359031.621739,66.57106502098031
1790359031.623123,47.32743700151332
1790359031.6245635,33.096130995545536
1790359031.6249385,37.5261619919911
1790359031.6250994,12.841365998610854
1790359031.625298,62.52417899668217
1790359031.6259484,23.52414798224345
1790359031.626652,8.55022098403424
1790359031.6338553,58.682897011749446
1790359031.6345687,56.499552010791376
1790359031.6353245,71.90310099394992
1790359031.6380806,41.050750005524606
1790359031.6387186,29.983555985381827
1790359031.639544,77.31146999867633
1790359031.6401262,24.428047996480018
1790359031.6402974,50.69525199360214
1790359031.6405358,14.577574009308591
1790359031.6408477,1.790278998669237
1790359031.6487484,1.6676839732099324
1790359031.6565099,18.415691010886803
1790359031.6624646,1.6268190229311585
1790359031.6725106,31.017178000183776
1790359031.6742709,9.545963985146955
1790359031.6744614,38.72108398354612
1790359031.6745408,18.825644976459444
1790359031.6749082,1.8594769935589284
1790359031.680051,1.420257001882419
1790359031.6871533,1.5056710108183324
1790359031.688635,18.298665003385395
1790359031.696932,1.4820350043009967
1790359031.7063792,30.943549994844943
1790359031.706774,36.89460002351552
1790359031.7070575,26.39179301331751
1790359031.7073514,16.83177801896818
1790359031.7100117,1.5161240007728338
1790359031.7175872,2.0979940018150955
1790359031.7184842,1.654273015446961
1790359031.719289,1.5353880007751286
1790359031.7217824,1.3266459864098579
1790359031.737238,1.8849520129151642
1790359031.7475643,1.8547300132922828
1790359031.750701,1.549879991216585
1790359031.7555974,33.80382701288909
1790359031.7571745,17.83578100730665
1790359031.757801,35.519603989087045
1790359031.758677,12.412840005708858
1790359031.758764,7.451479003066197
1790359031.7589447,3.8106779975350946
1790359031.7594118,3.141115012113005
1790359031.7643013,1.7497199878562242
1790359031.804433,38.32209901884198
1790359031.8157332,40.35201299120672
1790359031.8178072,50.12326198630035
1790359031.821077,54.46866399142891
1790359031.8321092,53.760662995046005
1790359031.8474765,81.8663639947772
1790359031.8475862,69.85384799190797
1790359031.8741786,68.74206897919066
1790359031.8815467,65.67282599280588
1790359031.884232,78.18922298611142
1790359031.8852034,1065.9390399814583
1790359031.8860312,50.656641979003325
1790359031.886689,106.16434502298944
1790359031.886875,59.36302899499424
1790359031.886972,85.91701497789472
1790359031.8883677,71.43431401345879
1790359031.8891623,38.571653974941
1790359031.890021,51.16591398837045
1790359031.8905065,36.55353799695149
1790359031.8906467,83.10897200135514
1790359031.8909395,14.155143988318741
1790359031.8920476,109.48218501289375
1790359031.8922124,29.98190702055581
1790359031.8926616,26.56148001551628
1790359031.8932953,11.499528016429394
1790359031.8935027,3.4731659980025142
1790359031.8935833,33.75735098961741
1790359031.893655,21.57256001373753
1790359031.9296966,29.53474098467268
1790359031.9306417,25.823926989687607
1790359031.9308274,39.37988300458528
1790359031.933,23.64631902310066
1790359031.9338388,33.03439400042407
1790359031.934255,19.366287015145645
1790359031.9354606,1111.9665340229403
1790359031.9356174,40.67239901633002
1790359031.9357858,5.702711001504213
1790359031.9370434,15.957669995259494
1790359031.9372053,7.4984079983551055
1790359031.9372659,6.299455009866506
1790359031.9381325,8.841089002089575
1790359031.939047,6.884262984385714
1790359031.9392962,3.501205996144563
1790359031.9396174,2.0956050138920546
1790359031.9401076,1.9666659936774522
1790359031.945488,1.425527996616438
1790359031.975006,1.9626730063464493
1790359031.9858518,2.74120201356709
1790359031.9879577,3.1138219928834587
1790359031.9883924,4.620179010089487
1790359031.989208,2.5211859901901335
1790359031.989522,1.552463014377281
1790359031.9933145,2.2602819954045117
1790359031.993412,1.7602629959583282
1790359031.9994168,2.5362739979755133
1790359032.0039914,3.2569860049989074
1790359032.0053725,2.777282992610708
1790359032.0062306,2.7490259963087738
1790359032.0062876,1.9934129959437996
1790359032.0153172,2.41276400629431
1790359032.0154574,1.989595009945333
1790359032.0172706,1.805728010367602
1790359032.0189936,2.151158987544477
1790359032.019605,1.4862859970889986
1790359032.0289016,1.5870489878579974
1790359032.0306754,1.7648010107222944
1790359032.0309405,1.5262910164892673
1790359032.0440779,1.9280440174043179
1790359032.0462735,1.7902010004036129
1790359032.0470705,1.422689005266875
1790359032.049243,1.5446720062755048
1790359032.0588737,1.6872909909579903
1790359032.061753,1.515987009042874
1790359032.0641026,1.6727600013837218
1790359032.0664294,1.7718569724820554
1790359032.0734158,1.5439479902852327
1790359032.0809538,2.780359995085746
1790359032.0812557,1.6784879844635725
1790359032.0822055,3.316267015179619
1790359032.0832725,1.884628989500925
1790359032.0871148,1.5343539998866618
1790359032.0915337,1.277814997592941
1790359032.093576,1.3319010031409562
1790359032.102051,1.5907649940345436
1790359032.1073556,3.1826479826122522
1790359032.1082685,1.6420070023741573
1790359032.1199746,2.21574999159202
1790359032.1219676,1.6524090024176985
1790359032.128865,2.52672701026313
1790359032.131095,2.0670570083893836
1790359032.1338358,27.57070300867781
1790359032.1361716,1.722918008454144
1790359032.1446395,39.25456301658414
1790359032.1460466,36.20125100133009
1790359032.1469634,28.32612898782827
1790359032.1476898,20.68364102160558
1790359032.148166,17.057531018508598
1790359032.148268,27.477985015138984
1790359032.148445,9.329813008662313
1790359032.14951,1.808225002605468
1790359032.1547241,1.318294001976028
1790359032.1667995,1.6389030206482857
1790359032.1688824,24.18391898390837
1790359032.171647,1.4871160092297941
1790359032.173736,1.4177999983076006
1790359032.1743505,25.897023995639756
1790359032.1800718,1.5557870210614055
1790359032.1817462,19.554789003450423
1790359032.1825721,39.1574329987634
1790359032.183258,15.542476990958676
1790359032.183573,8.457073010504246
1790359032.1836839,11.873270996147767
1790359032.1876664,1.5636540192645043
1790359032.1893678,2.647382003488019
1790359032.1912978,3.030382009455934
1790359032.1915329,2.644983003847301
1790359032.2211266,17.62359999702312
1790359032.2311263,40.967879991512746
1790359032.2330308,30.471450998447835
1790359032.2331233,27.03356498386711
1790359032.233439,23.74746499117464
1790359032.241492,51.99259097571485
1790359032.2767904,47.35892900498584
1790359032.2887075,58.03846500930376
1790359032.2898962,77.80476898187771
1790359032.2936187,56.68152999714948
1790359032.3069432,59.14011801360175
1790359032.30756,77.48990299296565
1790359032.3088956,74.51876398408785
1790359032.3090081,71.3812010071706
1790359032.3091097,97.77582198148593
1790359032.3092623,59.614370024064556
1790359032.3093376,90.38030699593946
1790359032.3112633,79.15745201171376
1790359032.3218412,57.86458298098296
1790359032.3339875,53.67023899452761
1790359032.338205,49.144747987156734
1790359032.3419025,46.05534000438638
1790359032.3422334,69.7918180085253
1790359032.3432002,42.224403005093336
1790359032.3452852,38.331384013872594
1790359032.3456552,25.55817799293436
1790359032.3601656,97.98119799233973
1790359032.3658078,61.47539400262758
1790359032.3754232,32.210937002673745
1790359032.379218,53.708876977907494
1790359032.3800128,35.223254992160946
1790359032.380113,62.36600299598649
1790359032.380844,31.90066700335592
1790359032.3809316,28.44684399315156
1790359032.3815372,8.008184988284484
1790359032.3816328,17.21832700422965
1790359032.390788,103.3241520053707
1790359032.4019556,75.23640501312912
1790359032.4171755,35.105021990602836
1790359032.4174836,73.30528600141406
1790359032.4190192,10.937555984128267
1790359032.4190965,68.50358200608753
1790359032.41922,73.01302699488588
1790359032.4199624,1.7089610046241432
1790359032.4265337,2.829464996466413
1790359032.427591,1.6470510163344443
1790359032.4289806,97.37905499059707
1790359032.4455295,81.68371100327931
1790359032.4534397,1.8852110079023987
1790359032.4540308,62.31161201139912
1790359032.454517,40.476453985320404
1790359032.4563997,31.44193100160919
1790359032.4572375,69.71945901750587
1790359032.4573271,20.656564011005685
1790359032.4577749,37.63342599268071
1790359032.45791,2.9632310033775866
1790359032.4589565,2.1502090094145387
1790359032.4596226,1.4281629992183298
1790359032.4621952,1.2979759776499122
1790359032.4624445,1.9514279847498983
1790359032.4659564,1.3148720026947558
1790359032.5024264,31.761745020048693
1790359032.5029955,27.457002986920998
1790359032.5083048,22.397421998903155
1790359032.5100713,25.012722006067634
1790359032.510796,5.886218015803024
1790359032.5109391,40.85991199826822
1790359032.5116217,42.07250999752432
1790359032.520992,1.3099669886287302
1790359032.5237443,1.539936987683177
1790359032.555049,38.47001600661315
1790359032.5569808,28.50653597852215
1790359032.5583444,36.62754799006507
1790359032.558475,33.66369300056249
1790359032.5592067,43.12508198199794
1790359032.5594842,28.46474200487137
1790359032.560156,2.9600240231957287
1790359032.5602617,12.111560994526371
1790359032.56221,23.289878998184577
1790359032.5714712,21.732311986852437
1790359032.5729585,7.54436498391442
1790359032.5730941,45.45729100937024
1790359032.5824091,1.5968559891916811
1790359032.591247,1.7969909822568297
1790359032.6074483,27.265527984127402
1790359032.6084144,27.194168011192232
1790359032.608912,36.975650989916176
1790359032.6089957,16.986080998321995
1790359032.6096187,11.071835993789136
1790359032.6096818,6.911374017363414
1790359032.6126597,1.8389069882687181
1790359032.6214714,1.4676040154881775
1790359032.6222043,26.777966995723546
1790359032.6277852,28.812521981308237
1790359032.6313438,37.018276983872056
1790359032.6316772,25.29075599159114
1790359032.6321485,20.844443992245942
1790359032.6322105,6.337768980301917
1790359032.6372535,1.681703026406467
1790359032.638252,1.6574189940001816
1790359032.6426368,1.636718981899321
1790359032.6432705,1.340966991847381
1790359032.6497667,1.7927779990714043
1790359032.6565893,1.525957981357351
1790359032.6602423,1.4903520059306175
1790359032.6638722,1.3646990119013935
1790359032.6726267,2.2600620286539197
1790359032.6747253,3.0449719924945384
1790359032.6757028,2.2366730263456702
1790359032.6757643,1.5151409897953272
1790359032.6807022,1.461478997953236
1790359032.6823175,1.4353769947774708
1790359032.7018156,1.7956600058823824
1790359032.7272708,1.9438560120761395
1790359032.7309484,1.402618014253676
1790359032.737789,2.0765610097441822
1790359032.7414343,13.050625013420358
1790359032.7417946,35.58267100015655
1790359032.7419631,6.753952009603381
1790359032.7425044,5.621338001219556
1790359032.7484326,1.9102020014543086
1790359032.7512765,1.5451060025952756
1790359032.7574005,1.6084969975054264
1790359032.766014,1.799633988412097
1790359032.7730622,1.6728880000300705
1790359032.7758741,16.43960300134495
1790359032.7759726,20.82143901498057
1790359032.785584,15.375410992419347
1790359032.7862344,39.10335400723852
1790359032.7863374,2.0182409789413214
1790359032.7927349,1.6496950120199472
1790359032.797735,1.6284599842038006
1790359032.8042235,2.4995229905471206
1790359032.8042808,1.914780994411558
1790359032.8063807,1.1488599993754178
1790359032.809712,1.2231989821884781
1790359032.816511,1.4645939809270203
1790359032.8189886,1.4568420010618865
1790359032.826795,1.598569011548534
1790359032.848454,1.6865479992702603
1790359032.8529162,1.698776992270723
1790359032.8580167,1.5562180196866393
1790359032.8650382,3.934617998311296
1790359032.8656545,2.932795003289357
1790359032.8679829,1.3077470066491514
1790359032.8710003,21.16605400806293
1790359032.8710895,35.04770901054144
1790359032.871735,13.499902008334175
1790359032.8717933,19.911990995751694
1790359032.872801,9.36866202391684
1790359032.87361,11.435412015998736
1790359032.8760314,2.889281982788816
1790359032.8768349,1.3171879982110113
1790359032.8851244,3.0744319956284016
1790359032.8929398,16.094450023956597
1790359032.8930376,8.88274100725539
1790359032.8931148,18.512510985601693
1790359032.900621,1.6291410138364881
1790359032.9128175,4.5703079958911985
1790359032.9129572,39.20719298184849
1790359032.914339,1.2674440222326666
1790359032.929839,20.49821399850771
1790359032.9428017,27.690317016094923
1790359032.9433901,36.35590599151328
1790359032.949521,25.01361398026347
1790359032.9520078,32.31869501178153
1790359032.955204,27.075264981249347
1790359032.9559143,28.916316019603983
1790359032.9560943,22.385805001249537
1790359032.9562073,37.40479200496338
1790359032.9566362,11.28343798336573
1790359032.9671583,1.576937997015193
1790359032.9708745,1.3643029960803688
1790359032.9753623,33.44368300167844
1790359032.9761496,48.608167009660974
1790359032.976229,19.56874699681066
1790359032.9873595,19.226930977310985
1790359033.0093381,36.00696902140044
1790359033.0233614,44.50083497795276
1790359033.0269818,44.00971200084314
1790359033.0325444,31.26420301850885
1790359033.0480638,75.2208839985542
1790359033.0506127,51.39587100711651
1790359033.0510762,78.91114099766128
1790359033.0523262,56.14769199746661
1790359033.052671,42.93015899020247
1790359033.0530698,50.64519800362177
1790359033.055177,51.35707798763178
1790359033.055468,33.43159498763271
1790359033.0561655,31.78069301065989
1790359033.0567796,54.8336039937567
1790359033.056897,26.715308980783448
1790359033.0575023,16.16705599008128
1790359033.0575857,23.852916987380013
1790359033.064492,2.1359129750635475
1790359033.0646188,37.47329200268723
1790359033.0805774,47.32970200711861
1790359033.0866508,49.974945024587214
1790359033.091152,42.075581004610285
1790359033.091923,19.708939013071358
1790359033.1035595,22.967121010879055
1790359033.1041229,80.3753990039695
1790359033.1047375,41.43799198209308
1790359033.1051135,18.91181300743483
1790359033.1052072,7.995748979737982
1790359033.1053438,18.159869010560215
1790359033.1090593,25.60124301817268
1790359033.1206377,33.97468899493106
1790359033.1255596,87.83136098645627
1790359033.1290882,22.840774996438995
1790359033.1299088,40.12462799437344
1790359033.1302145,42.03334401245229
1790359033.1306198,4.041918000439182
1790359033.1307135,3.6049670015927404
1790359033.13077,3.082158014876768
1790359033.1666172,14.326067990623415
1790359033.1671805,34.843825007556006
1790359033.1684926,4.429086984600872
1790359033.168955,12.899216002551839
1790359033.169287,19.850521988701075
1790359033.1698582,2.1235370077192783
1790359033.1748903,1.5905809996183962
1790359033.1817205,2.0074560015928
1790359033.1828964,30.129263002891093
1790359033.18354,22.182884975336492
1790359033.184201,14.024204981978983
1790359033.1845698,19.3825880123768
1790359033.1851053,39.413461985532194
1790359033.1852186,11.40637299977243
1790359033.185312,4.642711021006107
1790359033.2006571,2.739179995842278
1790359033.2054548,16.785912011982873
1790359033.2069862,2.112738002324477
1790359033.2099056,1.3697500107809901
1790359033.2158701,1.5849049959797412
1790359033.2166214,17.274732992518693
1790359033.2173061,35.52339499583468
1790359033.218078,12.130024988437071
1790359033.2187877,6.511879997560754
1790359033.2188475,3.6015770165249705
1790359033.2365003,1.8088619981426746
1790359033.236974,1.4471869799308479
1790359033.2467382,2.4039940035436302
1790359033.252324,1.6139740182552487
1790359033.256098,1.3918670010752976
1790359033.2805521,27.11640699999407
1790359033.2856784,27.4075870111119
1790359033.2857873,33.34382700268179
1790359033.290733,2.104084996972233
1790359033.2910843,1.7259680025745183
1790359033.291511,1.2766779982484877
1790359033.2932272,1.2740740203298628
1790359033.2957852,1.393534999806434
1790359033.300047,1.8046569894067943
1790359033.3007493,1.8321589741390198
1790359033.3041465,1.3416639994829893
1790359033.3192494,2.0430820004548877
1790359033.3242164,14.450144983129576
1790359033.3510919,31.70903099817224
1790359033.3531086,13.730718987062573
1790359033.353385,41.92400100873783
1790359033.3535078,23.952768999151886
1790359033.3541577,1.6159359947778285
1790359033.3558886,27.083986991783604
1790359033.3570938,26.641743985237554
1790359033.3575141,39.391421974869445
1790359033.3579354,1059.1098520089872
1790359033.3582494,1062.9404959909152
1790359033.3587217,2.1702959784306586
1790359033.358797,14.905781979905441
1790359033.384478,13.305812986800447
1790359033.4076965,16.66344201657921
1790359033.4081132,40.86887100129388
1790359033.4082131,14.64257700718008
1790359033.4096966,58.32568497862667
1790359033.4170945,52.78449098113924
1790359033.419758,5.201474006753415
1790359033.4202318,3.693901002407074
1790359033.4246924,1053.2010909810197
1790359033.4257972,35.561877011787146
1790359033.4322057,2.308880997588858
1790359033.4327717,41.6394830099307
1790359033.4329958,28.751448000548407
1790359033.4338667,63.81822997354902
1790359033.4345064,18.726095993770286
1790359033.4345927,12.971404998097569
1790359033.4395487,1.9339459831826389
1790359033.4425418,1.7733970016706735
1790359033.4451916,1.5468559868168086
1790359033.4556475,1.866853010142222
1790359033.4573836,1.5514859987888485
1790359033.4596424,1.7251200042665005
1790359033.460231,1.3128599966876209
1790359033.463086,1.3255630037747324
1790359033.467608,1.7153719963971525
1790359033.4797046,1.6631970065645874
1790359033.4957216,19.966363994171843
1790359033.4961953,2.2285210143309087
1790359033.496288,33.958301006350666
1790359033.509969,1.8558479787316173
1790359033.5164464,21.427430008770898
1790359033.5165484,35.39915298460983
1790359033.5238743,1.8864570010919124
1790359033.5267124,1.5313260082621127
1790359033.5346882,1.5309570007957518
1790359033.541936,1.7750569968484342
1790359033.5488284,24.4640719902236
1790359033.5491836,18.44875398091972
1790359033.5493298,38.12317500705831
1790359033.5496173,12.225671001942828
1790359033.5540173,2.220970985945314
1790359033.5540757,1.8695369944907725
1790359033.5554647,1.1569370108190924
1790359033.5701153,1.4669079973828048
1790359033.586677,1.516245014499873
1790359033.5959127,28.205601003719494
1790359033.5965514,18.3260090125259
1790359033.596855,36.65116699994542
1790359033.5969193,3.2641089928802103
1790359033.6181703,1.7663169710431248
1790359033.6217647,1.6454370052088052
1790359033.6303258,22.17866000137292
1790359033.630845,33.14800999942236
1790359033.6313825,12.459757999749854
1790359033.631554,8.008837001398206
1790359033.634269,2.0216880075167865
1790359033.6354122,2.021396008785814
1790359033.6371567,1.3415940047707409
1790359033.6569138,1.8384739814791828
1790359033.694169,24.130148987751454
1790359033.695226,23.19387797615491
1790359033.7055485,23.850443016272038
1790359033.7122333,22.013206995325163
1790359033.7126615,12.258282018592581
1790359033.7127566,47.170375008136034
1790359033.717706,30.463656992651522
1790359033.7180624,46.85089099803008
1790359033.7181523,20.615132001694292
1790359033.7234507,1.5964290068950504
1790359033.7296367,1.4506280131172389
1790359033.7458007,1.6835390124469995
1790359033.75934,2.2789009963162243
1790359033.767664,2.3796079913154244
1790359033.7691247,1.9517280161380768
1790359033.7699382,1.5685289981774986
1790359033.77864,1.8396369996480644
1790359033.780358,1.4519169926643372
1790359033.7821598,1.5746669960208237
1790359033.8056731,2.0529499743133783
1790359033.8057647,3.009259991813451
1790359033.817441,3.76702198991552
1790359033.8185754,3.4587570116855204
1790359033.8186657,4.379977006465197
1790359033.8207717,2.598049002699554
1790359033.8208904,3.62766400212422
1790359033.8284163,1.4216499985195696
1790359033.8313236,1.3108819839544594
1790359033.838345,1.7096750088967383
1790359033.8411796,2.2978680208325386
1790359033.8433905,2.5886330113280565
1790359033.8434577,3.57843900565058
1790359033.845837,1.2070299999322742
1790359033.848508,1.2551179970614612
1790359033.8528697,1.4960480039007962
1790359033.869211,1.7154189990833402
1790359033.8705082,1.2871859944425523
1790359033.8776245,1.3446430093608797
1790359033.8855352,2.282412984641269
1790359033.890264,1.475341006880626
1790359033.90147,2.1677280019503087
1790359033.9073312,24.66217498295009
1790359033.907882,32.40359100163914
1790359033.908635,24.689376004971564
1790359033.9086912,10.20264599355869
1790359033.910222,1.1068090097978711
1790359033.9141934,1.2715590128209442
1790359033.9233909,12.46023498242721
1790359033.9486525,28.746936994139105
1790359033.9493678,7.246046996442601
1790359033.9494634,37.805898988153785
1790359033.9586575,17.7830129978247
1790359033.9629653,1.911831001052633
1790359033.9694188,1.4726230001542717
1790359033.9749675,1.67971701011993
1790359033.9786265,28.205723996507004
1790359033.9804626,40.13502100133337
1790359033.9814665,9.705195989226922
1790359033.9816625,17.089660017518327
1790359033.9828002,1.9391480018384755
1790359034.0029488,1.799324993044138
1790359034.0154517,18.701606983086094
1790359034.0155463,36.34759900160134
1790359034.0195842,1.6495549934916198
1790359034.027836,1.6145769914146513
1790359034.0361688,1.898752001579851
1790359034.0443597,1.771825016476214
1790359034.0485027,27.111938019515947
1790359034.0486035,2.0943850104231387
1790359034.0491152,18.187246983870864
1790359034.0492783,37.762891995953396
1790359034.0506675,13.440590992104262
1790359034.0508072,5.191125994315371
1790359034.0515242,2.3966449953150004
1790359034.052901,1.3679490075446665
1790359034.070739,2.091780013870448
1790359034.077897,1.6393499972764403
1790359034.086303,1.6732419899199158
1790359034.093459,21.122447011293843
1790359034.093818,38.63696398911998
1790359034.0939124,13.875990000087768
1790359034.0944214,1.982115994906053
1790359034.1039078,1.824441977078095
1790359034.1123447,1.9448779930826277
1790359034.120084,1.5926369815133512
1790359034.1238577,1.279876014450565
1790359034.1264753,1.3432379928417504
1790359034.1335375,3.7663890107069165
1790359034.1336472,3.2879649952519685
1790359034.1344283,1.4473820046987385
1790359034.139955,1.3840110041201115
1790359034.154044,2.955006988486275
1790359034.1547515,2.7543780161067843
1790359034.168917,1.7958039825316519
1790359034.1732101,2.4060740252025425
1790359034.173697,2.3859500070102513
1790359034.179323,2.421190991299227
1790359034.180341,3.5120229877065867
1790359034.1804695,2.4820389808155596
1790359034.186743,1.4496399962808937
1790359034.2025352,2.015754987951368
1790359034.2319021,34.51499898801558
1790359034.2325766,17.407203995389864
1790359034.238248,29.20905000064522
1790359034.2386508,54.68421202385798
1790359034.2493982,28.374343004543334
1790359034.253774,30.53314401768148
1790359034.254085,48.221214005025104
1790359034.2543428,7.007246982539073
1790359034.254473,9.111624996876344
1790359034.2545426,2.660048980033025
1790359034.2607558,1.9191900209989399
1790359034.2662444,25.527246005367488
1790359034.2666423,59.88898599753156
1790359034.2670891,20.945311000104994
1790359034.2680387,19.80825199279934
1790359034.2682495,10.471159999724478
1790359034.2685235,7.758237014058977
1790359034.2740524,2.265139017254114
1790359034.2741745,2.8406330093275756
1790359034.2745583,1.8065659969579428
1790359034.2763216,1.3285630266182125
1790359034.2788236,1.327967009274289
1790359034.2815595,1.3861549959983677
1790359034.2849648,1.3113929890096188
1790359034.289476,1.598422008100897
1790359034.3129492,29.91466998355463
1790359034.317065,37.35158100607805
1790359034.3176322,12.503348989412189
1790359034.3177307,30.814436002401635
1790359034.31861,1.490624010330066
1790359034.3215766,1.979435997782275
1790359034.3277087,1.7734070133883506
1790359034.335907,23.810467013390735
1790359034.3414583,22.830446978332475
1790359034.3443527,24.257607001345605
1790359034.3444285,36.151281994534656
1790359034.34826,1.2642100045923144
1790359034.3514268,1.5346099971793592
1790359034.3572097,1.7956930096261203
1790359034.359595,1.3628789747599512
1790359034.3657773,1.5695939946454018
1790359034.3686728,2.0679789886344224
1790359034.3692653,1.4757060271222144
1790359034.3745584,1.559180993353948
1790359034.3809557,1.5187519893515855
1790359034.3869572,2.0976409723516554
1790359034.4024556,3.399742010515183
1790359034.4035861,3.9530660142190754
1790359034.4052234,3.8659650017507374
1790359034.4059854,3.5193600051570684
1790359034.4077122,3.255112998886034
1790359034.4078233,2.5907999952323735
1790359034.4086273,1.3437859888654202
1790359034.4172018,1.9651830079965293
1790359034.4226677,1.437675004126504
1790359034.4287882,1.6942789952736348
1790359034.4337833,1.5244589885696769
1790359034.441201,1.5833479992579669
1790359034.4451933,1.8299119838047773
1790359034.4495616,1.4529949985444546
1790359034.4600744,1.7189420177601278
1790359034.4661393,1.4568479964509606
1790359034.4669356,28.276844997890294
1790359034.4733791,1.7565099988132715
1790359034.4757261,34.08428400871344
1790359034.475811,36.58959298627451
1790359034.4762752,20.223094994435087
1790359034.4763896,29.606330004753545
1790359034.4776115,9.306166000897065
1790359034.477696,16.868106002220884
1790359034.4824064,1.4902710099704564
1790359034.4902773,1.3358299911487848
1790359034.4940574,1.639809983316809
1790359034.5002291,1.4662670146208256
1790359034.5044034,1.6605750133749098
1790359034.5159001,1.7741440096870065
1790359034.526981,2.452922984957695
1790359034.5401187,1.922102994285524
1790359034.5528786,27.646204980555922
1790359034.5533447,37.38950000843033
1790359034.5539215,2.7662520005833358
1790359034.5612383,1.479524013120681
1790359034.569538,1.588034996530041
1790359034.5747824,2.2800349979661405
1790359034.5781913,26.47312098997645
1790359034.579162,36.89773002406582
1790359034.5792873,13.419220980722457
1790359034.580344,10.416506003821269
1790359034.5804195,3.3454499789513648
1790359034.5818915,1.339169015409425
1790359034.5948822,1.9985880062449723
1790359034.5970345,1.4078759995754808
1790359034.6038046,1.8880600109696388
1790359034.6111908,1.9031809933949262
1790359034.6122026,1.9075679883826524
1790359034.6130233,1.465551002183929
1790359034.6213598,1.5008969930931926
1790359034.625,1.6678259999025613
1790359034.6318817,1.4596290129702538
1790359034.6436803,2.647913002874702
1790359034.6491365,34.71135598374531
1790359034.6657858,43.02969001582824
1790359034.670867,36.273125995649025
1790359034.6756704,23.300861997995526
1790359034.6772647,53.01358798169531
1790359034.6825852,31.009455997264013
1790359034.6826847,22.65446400269866
1790359034.6832037,41.64121000212617
1790359034.6835463,14.986135007347912
1790359034.6907969,29.86787402187474
1790359034.6909862,36.640484002418816
1790359034.6911275,48.9895649952814
1790359034.6914873,2.510155987692997
1790359034.6935456,1.710763986920938
1790359034.7089589,1.6001129988580942
1790359034.7122693,1.3036000018473715
1790359034.7252014,16.958257998339832
1790359034.737003,37.112232006620616
1790359034.7424214,27.202700992347673
1790359034.7499216,23.7108200090006
1790359034.7518623,37.337381014367566
1790359034.751988,18.87456199619919
1790359034.7520537,8.192698995117098
1790359034.7688906,28.105498990043998
1790359034.769157,13.715134002268314
1790359034.7692318,41.20406100992113
1790359034.7693098,50.43830198701471
1790359034.7694068,2.7509659994393587
1790359034.7714672,1.2784890132024884
1790359034.772251,1.4278180024120957
1790359034.7768152,1.4555729867424816
1790359034.7791486,1.0985700064338744
1790359034.7905087,1.4295520086307079
1790359034.810544,24.167317984392866
1790359034.8106773,38.25927997240797
1790359034.8107808,34.95800099335611
1790359034.8108582,17.287844006204978
1790359034.8146875,1.9066159729845822
1790359034.8213034,1.263729005586356
1790359034.826911,28.32511899759993
1790359034.827407,34.947854990605265
1790359034.8279247,4.555713996523991
1790359034.8282478,2.2733460064046085
1790359034.828354,9.891248017083853
1790359034.8375251,1.7495630017947406
1790359034.844804,1.5273460012394935
1790359034.847702,1.3584200059995055
1790359034.8546693,1.8225030216854066
1790359034.87613,2.632358984556049
1790359034.8765342,2.0456910133361816
1790359034.8822353,1.4680220047011971
1790359034.8874831,1.8697819905355573
1790359034.8904266,36.48053098004311
1790359034.8905137,16.10996699309908
1790359034.8911328,7.255691016325727
1790359034.8917634,12.743225990561768
1790359034.8918364,5.1181229937355965
1790359034.8934743,1.5133169945329428
1790359034.8953745,1.2984890199732035
1790359034.8983157,2.475829009199515
1790359034.8991652,2.8033940179739147
1790359034.8994298,2.104971994413063
1790359034.8994925,1.6989880241453648
1790359034.9064274,1.5894430107437074
1790359034.9125586,1.358860987238586
1790359034.925575,1.7610559880267829
1790359034.9265628,1.7993660003412515
1790359034.927079,1.158372004283592
1790359034.9286618,1.3079479977022856
1790359034.930943,1.2399260012898594
1790359034.936258,2.115503011737019
1790359034.9470532,1.6259749827440828
1790359034.956942,1.5326830034609884
1790359034.9875798,1.6877749876584858
1790359034.9911115,32.47945100883953
1790359034.9911983,28.693345986539498
1790359034.998341,1.7420980148017406
1790359034.998998,1.702517009107396
1790359035.0532727,36.318872997071594
1790359035.0537724,39.13333601667546
1790359035.0559154,7.052581000607461
1790359035.0561938,32.04284000094049
1790359035.0562847,21.115716983331367
1790359035.0565546,2.6244589826092124
1790359035.0604444,60.65506499726325
1790359035.061081,1.5028819907456636
1790359035.0704174,47.453168022911996
1790359035.0711288,50.43654501787387
1790359035.0725362,24.49004098889418
1790359035.0728507,22.609381994698197
1790359035.073539,11.39951599179767
1790359035.0736067,15.95383501262404
1790359035.0737562,42.53537600743584
1790359035.0755575,1.7918709781952202
1790359035.0827656,1.7748959944583476
1790359035.088755,1.857388997450471
1790359035.0888133,1.3929250126238912
1790359035.0944545,1.691495010163635
1790359035.0990984,1.4517979871015996
1790359035.12147,1.6950760036706924
1790359035.1290877,29.94103101082146
1790359035.1294503,9.009814006276429
1790359035.1295223,12.514995993115008
1790359035.1360753,2.3731840192340314
1790359035.1448905,1.7808819829951972
1790359035.147643,17.557390994625166
1790359035.1555943,21.356802026275545
1790359035.1559594,34.038484998745844
1790359035.156355,4.709417000412941
1790359035.1618555,1.6027879901230335
1790359035.1813717,27.63206700910814
1790359035.1854405,18.791442009387538
1790359035.1855316,37.25164200295694
1790359035.20556,3.5971040197182447
1790359035.2081172,4.5581230078823864
1790359035.2216039,32.258662016829476
1790359035.2220297,41.988418000983074
1790359035.2230477,18.689913995331153
1790359035.2234342,20.614381995983422
1790359035.2235274,11.623650992987677
1790359035.2265394,2.1355999924708158
1790359035.2356017,2.782946015940979
1790359035.2362125,30.160997004713863
1790359035.2491539,42.39755900925957
1790359035.2494817,25.64952100510709
1790359035.2495842,4.659933008952066
1790359035.2497668,14.338824024889618
1790359035.249879,4.190769017441198
1790359035.2499828,24.401962000411004
1790359035.2507408,2.561275992775336
1790359035.2592123,2.0541830162983388
1790359035.262784,2.653003000887111
1790359035.2629533,2.27626200648956
1790359035.2644928,1.5290759911295027
1790359035.2672305,1.6328050114680082
1790359035.277509,1.9684210128616542
1790359035.278293,1.7337110184598714
1790359035.2915108,2.040718973148614
1790359035.2978976,2.0071269827894866
1790359035.3057399,2.0848610147368163
1790359035.3101351,2.5841229944489896
1790359035.3105714,2.1234480082057416
1790359035.3180304,2.3981970152817667
1790359035.3228118,2.3424870159942657
1790359035.33835,2.957359014544636
1790359035.3384426,2.4118340224958956
1790359035.3414474,1.941385999089107
1790359035.357111,2.511579019483179
1790359035.3572013,3.3054160012397915
1790359035.3596098,2.192539017414674
1790359035.3669925,2.6303190097678453
1790359035.3677897,1.8500090227462351
1790359035.3787634,3.272319008829072
1790359035.3806186,3.2441740040667355
1790359035.3823185,2.8029359818901867
1790359035.38728,1.9295789825264364
1790359035.3876715,1.7857900238595903
1790359035.3915768,1.552528003230691
1790359035.3957827,1.9824979826807976
1790359035.4008648,1.7173690139316022
1790359035.4041684,2.0302279735915363
1790359035.4157596,2.193243009969592
1790359035.4176667,1.8923729949165136
1790359035.4181848,1.6150430019479245
1790359035.4223726,2.2642539988737553
1790359035.431922,1.5090950182639062
1790359035.4351087,1.1521110136527568
1790359035.4460158,1.4324350049719214
1790359035.454512,28.62515498418361
1790359035.4556963,22.590645996388048
1790359035.4561155,14.183142979163677
1790359035.4563882,9.217707993229851
1790359035.4564464,34.88130899495445
1790359035.4638596,1.7389580025337636
1790359035.4722588,1.7949519969988614
1790359035.4744833,1.4368690026458353
1790359035.4801044,1.589741004863754
1790359035.4821568,24.256341013824567
1790359035.4825358,18.109780008671805
1790359035.4836233,12.65168798272498
1790359035.483716,35.69732798496261
1790359035.4841943,4.079164995346218
1790359035.4842534,9.758394997334108
1790359035.4926612,1.8255239992868155
1790359035.494037,1.3651959889102727
1790359035.5452254,39.20463100075722
1790359035.556174,59.95938298292458
1790359035.5563033,43.37671701796353
1790359035.5590284,46.33941300562583
1790359035.5611093,46.02495799190365
1790359035.5675867,50.2970420056954
1790359035.5733132,33.36602498893626
1790359035.5788512,54.125833994476125
1790359035.578931,12.88498702342622
1790359035.579404,65.10367000009865
1790359035.5795407,15.244888985762373
1790359035.5796156,29.221581004094332
1790359035.5797687,8.419688005233184
1790359035.580775,4.196357011096552
1790359035.5846717,2.970285015180707
1790359035.585984,1.8184339860454202
1790359035.5968475,56.10756200621836
1790359035.5982745,84.37035398674197
1790359035.599786,36.03258897783235
1790359035.5998847,31.89104300690815
1790359035.6006324,62.2823339945171
1790359035.601752,26.622201985446736
1790359035.6018593,36.800107976887375
1790359035.6020002,24.17606598464772
1790359035.6021605,19.913945987354964
1790359035.6028779,3.721016983035952
1790359035.6069355,1.6047610261011869
1790359035.6273963,31.20177800883539
1790359035.632488,31.650865013943985
1790359035.6346545,38.35707000689581
1790359035.636857,25.48996900441125
1790359035.6370347,8.567156997742131
1790359035.637124,16.552755987504497
1790359035.645387,27.112192998174578
1790359035.6528156,25.40497199515812
1790359035.654513,36.83819799334742
1790359035.6547184,19.368119013961405
1790359035.6548202,8.250210987171158
1790359035.655538,1.789471018128097
1790359035.6627674,1.5684280078858137
1790359035.6691916,25.113094976404682
1790359035.6786232,31.522551988018677
1790359035.6800141,38.632337003946304
1790359035.6802404,24.43271200172603
1790359035.6803293,11.883795988978818
1790359035.680903,1.6180000093299896
1790359035.6968985,1.696119987173006
1790359035.700345,1.3633479829877615
1790359035.702946,25.521091010887176
1790359035.7046814,36.928905989043415
1790359035.704842,15.078449010616168
1790359035.7049108,6.472253997344524
1790359035.705732,2.1581750188488513
1790359035.7219334,1.7194660031236708
1790359035.7304854,1.4883169787935913
1790359035.7431364,1.9174189947079867
1790359035.7523587,2.2949370031710714
1790359035.7578588,1.5222920046653599
1790359035.7703729,1.886685990029946
1790359035.7731225,2.345111017348245
1790359035.7732346,1.9249320030212402
1790359035.7794964,1.5338670054916292
1790359035.7837071,1.5245160029735416
1790359035.8106012,4.423395002959296
1790359035.8112807,4.0810100035741925
1790359035.8118865,3.8575009966734797
1790359035.8132668,2.6405889948364347
1790359035.818993,1.6733460070099682
1790359035.8237739,1.5692509768996388
1790359035.8303897,3.480421000858769
1790359035.854854,17.49186299275607
1790359035.8604121,12.580546987010166
1790359035.866729,37.80930198263377
1790359035.8674517,2.9369980038609356
1790359035.8685267,2.3798930051270872
1790359035.8740807,1.8260590150021017
1790359035.8916953,63.5966389963869
1790359035.8918142,47.342609002953395
1790359035.8992536,1.7156469984911382
1790359035.902843,39.232545997947454
1790359035.9034412,73.99196102051064
1790359035.903854,38.82261100807227
1790359035.9041536,32.92724199127406
1790359035.9046583,12.699529994279146
1790359035.9047356,3.0653759895358235
1790359035.9089508,1.4237910218071193
1790359035.910863,1.3067449908703566
1790359035.92907,2.0919459930155426
1790359035.9521034,32.06977798254229
1790359035.9632487,28.200861008372158
1790359035.963362,13.272212992887944
1790359035.968638,23.940965998917818
1790359035.9789515,22.731315984856337
1790359035.9841394,38.07762102223933
1790359035.9858553,73.63138697110116
1790359035.9862874,54.75521401967853
1790359035.9975939,44.82077300781384
1790359035.9985592,61.440338991815224
1790359035.999017,42.20478600473143
1790359036.009851,19.233783008530736
1790359036.0125904,31.094681995455176
1790359036.0191183,34.19217100599781
1790359036.0208259,37.53554599825293
1790359036.021302,29.10706601687707
1790359036.0240495,8.265776006737724
1790359036.024297,18.74294999288395
1790359036.0245237,47.609169996576384
1790359036.039016,37.53447000053711
1790359036.0391371,27.241068019066006
1790359036.0393379,17.889623995870352
1790359036.0409987,15.130589017644525
1790359036.0411813,56.94348202086985
1790359036.041321,6.980053003644571
1790359036.0416498,2.300708001712337
1790359036.0497224,1.8127159855794162
1790359036.051213,28.746378986397758
1790359036.0582507,23.48012398579158
1790359036.0585165,24.766130023635924
1790359036.0589592,35.83867897395976
1790359036.0598493,15.197632979834452
1790359036.0599942,11.416301014833152
1790359036.0608926,1.494992000516504
1790359036.0638075,1.290118001634255
1790359036.0697792,1.5309599984902889
1790359036.07477,2.114831004291773
1790359036.0753944,1.534817012725398
1790359036.0793574,1.3622629921883345
1790359036.0918605,1.577526010805741
1790359036.0993888,2.5600869848858565
1790359036.0995,2.0366139942780137
1790359036.1008763,1.123991998611018
1790359036.1090763,3.1643529946450144
1790359036.1115963,4.456515976926312
1790359036.112647,4.272461985237896
1790359036.1135,1.4548060134984553
1790359036.114124,4.669681977247819
1790359036.1156445,1.2640210043173283
1790359036.125501,1.4549430052284151
1790359036.1348305,2.5293240032624453
1790359036.1387482,1.5616710006725043
1790359036.1695874,2.83993998891674
1790359036.1764855,2.314884011866525
1790359036.1795144,2.047654998023063
1790359036.1874485,1.7319009930361062
1790359036.1886523,1.969038014067337
1790359036.189271,1.3897090102545917
1790359036.1924722,1.291648979531601
1790359036.1993701,1.5880159917287529
1790359036.2038496,2.4493990058545023
1790359036.2039137,3.0929219792596996
1790359036.211457,1.950092992046848
1790359036.2122471,1.5892059891484678
1790359036.2146318,1.3097799965180457
1790359036.2194269,1.322538999374956
1790359036.2207472,1.1925850121770054
1790359036.2366114,1.6293899971060455
1790359036.2466688,2.1579460008069873
1790359036.2711852,25.85721798823215
1790359036.2791996,13.377967989072204
1790359036.279585,36.45770199364051
1790359036.2796762,3.3246840175706893
1790359036.2957814,30.73115201550536
1790359036.2958465,25.32611900824122
1790359036.2982264,36.3103220006451
1790359036.298557,6.422137987101451
1790359036.3063982,1.4329050027299672
1790359036.3246508,23.698783974396065
1790359036.329715,20.68585899542086
1790359036.3297997,32.6944490079768
1790359036.3322604,1.751385017996654
1790359036.3338056,1.531496993266046
1790359036.336132,1.2349220050964504
1790359036.3513615,1.6694119840394706
1790359036.3555267,2.2226129949558526
1790359036.357021,2.8132409788668156
1790359036.357088,2.2076180030126125
1790359036.3613122,2.006716007599607
1790359036.36207,2.136313996743411
1790359036.3665013,1.4276879956014454
1790359036.3735745,1.6342980088666081
1790359036.3791258,1.9785490003414452
1790359036.3809657,1.5433329972438514
1790359036.388591,1.4493599883280694
1790359036.3988059,1.7384570091962814
1790359036.4056563,1.5838189865462482
1790359036.4159722,1.5338020166382194
1790359036.4179175,1.2601229827851057
1790359036.4313567,1.7898159858305007
1790359036.434706,2.213286003097892
1790359036.4554691,32.25925701553933
1790359036.4609346,29.421343991998583
1790359036.4618185,28.831444011302665
1790359036.4621227,5.535870004678145
1790359036.4622338,39.80056699947454
1790359036.463086,2.677036973182112
1790359036.4710634,18.848576000891626
1790359036.471239,11.940361990127712
1790359036.471364,37.67446998972446
1790359036.4796572,1.5797899977769703
1790359036.4993918,3.80762797431089
1790359036.4996436,34.771008999086916
1790359036.500117,2.9914640181232244
1790359036.5007634,2.355411008466035
1790359036.5010126,4.712675989139825
1790359036.506017,1.6373000107705593
1790359036.506396,1.4778809854760766
1790359036.509651,1.3260509877000004
1790359036.514494,1.8312720058020204
1790359036.5423067,31.590213009621948
1790359036.5548701,45.119046000763774
1790359036.560265,47.15726399444975
1790359036.5714734,45.398182002827525
1790359036.5760186,56.261541991261765
1790359036.5799806,50.354111997876316
1790359036.5800695,60.96916500246152
1790359036.5806398,40.38712798501365
1790359036.5817482,20.193677017232403
1790359036.5819044,55.30313300550915
1790359036.5819824,25.06111399270594
1790359036.5820532,47.91000299155712
1790359036.5863316,17.50884798821062
1790359036.5905757,71.99932800722308
1790359036.5913732,66.93313000141643
1790359036.5920417,58.9731189829763
1790359036.5933964,37.04997102613561
1790359036.5940719,35.02835700055584
1790359036.5951805,55.574220983544365
1790359036.5960095,19.346716988366097
1790359036.5960877,30.865511012962088
1790359036.5961745,26.296124007785693
1790359036.599982,1.5446039906237274
1790359036.6180062,40.75574499438517
1790359036.6194708,25.387036992469802
1790359036.6207995,50.28148600831628
1790359036.6261106,26.117803994566202
1790359036.6319747,27.94415201060474
1790359036.632681,16.743797983508557
1790359036.6415632,31.227191007928923
1790359036.6421616,10.763368016341701
1790359036.6425314,39.173867990029976
1790359036.6428063,5.639217997668311
1790359036.6526222,25.914102006936446
1790359036.6554577,41.19768799864687
1790359036.657173,25.18655199673958
1790359036.6574242,7.925313984742388
1790359036.6575634,1070.4110729857348
1790359036.658154,2.052174007985741
1790359036.6684937,2.490750019205734
1790359036.7002513,33.24354600044899
1790359036.7036111,38.1409419933334
1790359036.7052386,20.291469991207123
1790359036.7053843,8.984312997199595
1790359036.7055058,37.58341498905793
1790359036.7059238,16.130882024299353
1790359036.705988,30.02182301133871
1790359036.707435,7.166972995037213
1790359036.7075057,2.80204601585865
1790359036.7142718,1.6392309917137027
1790359036.7194595,1.5711579762864858
1790359036.7277384,23.682847997406498
1790359036.7418332,30.79526498913765
1790359036.742214,39.55496198614128
1790359036.742507,27.508122992003337
1790359036.7430303,16.104587994050235
1790359036.7785912,31.39676700811833
1790359036.7839193,43.99074902175926
1790359036.7864823,27.56200698786415
1790359036.7866054,36.685785016743466
1790359036.7892828,1.526191015727818
1790359036.7964554,1.66320099378936
1790359036.8054702,22.499249986140057
1790359036.8097746,35.08931401302107
1790359036.8104434,19.14219299214892
1790359036.8105495,5.5727460130583495
1790359036.8142884,1.716867001960054
1790359036.8148737,1.2836520036216825
1790359036.826653,1.7607600020710379
1790359036.8284197,1.3496280007530004
1790359036.8373034,2.13853400782682
1790359036.837367,2.8443750052247196
1790359036.846639,2.6348189858254045
1790359036.847163,2.7240850031375885
1790359036.848119,1.4701149775646627
1790359036.8494394,1.9810569938272238
1790359036.8502195,1.4890880265738815
1790359036.8626506,1.9396480056457222
1790359036.8987422,33.47541100811213
1790359036.9040196,33.227970998268574
1790359036.9063287,38.174501998582855
1790359036.9158714,64.05567799811251
1790359036.92888,41.396063985303044
1790359036.9299152,46.003011986613274
1790359036.9308574,56.86491698725149
1790359036.9314094,28.392294014338404
1790359036.9350357,51.870733994292095
1790359036.9357202,22.834468021756038
1790359036.9407933,77.8172450081911
1790359036.9418786,52.98082600347698
1790359036.9426553,57.92290100362152
1790359036.9477673,72.45569498627447
1790359036.951626,27.214002999244258
1790359036.9802375,68.07467798353173
1790359036.980835,62.336572009371594
1790359036.9818163,62.262371997348964
1790359036.9823859,44.81635900447145
1790359036.9828222,43.48166799172759
1790359036.9832256,66.41559401759878
1790359036.9832942,51.19618499884382
1790359036.9834888,18.57404300244525
1790359036.983915,2.535018982598558
1790359036.9980183,1.732813019771129
1790359037.0016186,68.93643701914698
1790359037.0022433,64.1555069887545
1790359037.0037158,45.17295499681495
1790359037.0044556,25.866414012853056
1790359037.0050879,74.5836669811979
1790359037.005871,21.43606700701639
1790359037.0085287,3.1794329988770187
1790359037.0087922,5.066985002486035
1790359037.008908,3.7411839875858277
1790359037.008968,6.190004001837224
1790359037.0090384,4.559205000987276
1790359037.0162594,1.751499017700553
1790359037.027499,2.015252015553415
1790359037.0410125,1.5737189969513565
1790359037.05247,1.409047021297738
1790359037.0536215,20.27170200017281
1790359037.054004,7.9161169996950775
1790359037.0540683,34.43108199280687
1790359037.0651543,1.9337150151841342
1790359037.0672612,1.354161009658128
1790359037.069238,1.2174839794170111
1790359037.0724156,1.44480200833641
1790359037.0729914,1.3339960132725537
1790359037.080194,2.29655799921602
1790359037.0808723,1.5849540068302304
1790359037.0893407,2.0437740022316575
1790359037.089407,1.6431050025857985
1790359037.0980313,1.8778749799821526
1790359037.099632,1.3135029876139015
1790359037.1369827,33.87788200052455
1790359037.1374056,37.25088000646792
1790359037.1485739,20.823803002713248
1790359037.162912,40.07582299527712
1790359037.1637297,26.24945601564832
1790359037.1695247,31.434103002538905
1790359037.1740677,34.81414500856772
1790359037.1741817,55.645795015152544
1790359037.1820304,41.17925598984584
1790359037.1826143,49.96279301121831
1790359037.182801,31.966729991836473
1790359037.2013617,54.538696014788
1790359037.203943,47.57001300458796
1790359037.2042673,59.22394400113262
1790359037.2086995,51.46562401205301
1790359037.2206392,41.0112579993438
1790359037.2214453,57.540798996342346
1790359037.2218251,27.76457497384399
1790359037.2221153,22.5418729824014
1790359037.2331042,30.137130001094192
1790359037.2383347,32.769948011264205
1790359037.2396383,60.986248980043456
1790359037.2402515,48.757436976302415
1790359037.241813,65.46637500287034
1790359037.241942,39.43347200402059
1790359037.2434328,38.473327993415296
1790359037.2440853,45.69854398141615
1790359037.2441695,30.62544300337322
1790359037.2442675,36.99677798431367
1790359037.2446566,15.87067500804551
1790359037.2588649,45.790667994879186
1790359037.2604334,40.98534502554685
1790359037.2606435,28.7013890047092
1790359037.260758,48.98537800181657
1790359037.2608378,20.572692999849096
1790359037.2801592,22.59444401715882
1790359037.2803168,38.13972198986448
1790359037.2809482,5.818670993903652
1790359037.2811081,5.0918520137201995
1790359037.28258,5.968528013909236
1790359037.2832038,8.699783007614315
1790359037.2836995,6.229859980521724
1790359037.2838078,5.021985998610035
1790359037.284107,2.261550980620086
1790359037.2848778,1.6643450071569532
1790359037.3136182,19.697092997375876
1790359037.3188512,19.43667497835122
1790359037.3217332,30.92946799006313
1790359037.327785,30.793162994086742
1790359037.3279886,24.32098498684354
1790359037.3328953,42.58361499523744
1790359037.333241,24.82346899341792
1790359037.3341532,46.062567009357736
1790359037.3342693,16.92692399956286
1790359037.344387,23.476564994780347
1790359037.3604143,49.56630399101414
1790359037.366078,47.914486000081524
1790359037.369366,26.794342003995553
1790359037.3695698,45.7041570043657
1790359037.3701022,55.337308993330225
1790359037.370183,32.29983599158004
1790359037.370317,16.393050987971947
1790359037.3706214,21.23182301875204
1790359037.371405,4.817042994545773
1790359037.3733351,44.3961679993663
1790359037.3741684,32.79831798863597
1790359037.3746471,49.76377499406226
1790359037.3748164,26.562289014691487
1790359037.3755765,24.966628989204764
1790359037.3757362,7.676995999645442
1790359037.3758357,3.4118519979529083
1790359037.3759084,20.518440986052155
1790359037.3812904,1.8033089872915298
1790359037.3815782,1.5651419817004353
1790359037.3834436,1.2977320002391934
1790359037.4028952,1.948758988874033
1790359037.4119296,1.5427700127474964
1790359037.4182649,11.017115000868216
1790359037.418554,32.98929100856185
1790359037.41875,6.462432007538155
1790359037.418949,36.21820101398043
1790359037.4197302,2.709888998651877
1790359037.4221108,1.3175460044294596
1790359037.4371383,1.6663160058669746
1790359037.4404974,1.5158599999267608
1790359037.4444084,1.716419996228069
1790359037.4559984,1.7376279865857214
1790359037.460298,2.0161690190434456
1790359037.4610138,2.0653409883379936
1790359037.461632,1.3231080083642155
1790359037.4721787,1.8010659841820598
1790359037.4752266,1.8721329979598522
1790359037.4850085,1.8150119867641479
1790359037.4968526,1.6319580026902258
1790359037.505141,1.693091995548457
1790359037.513213,14.348277007229626
1790359037.5133379,2.8646639839280397
1790359037.513418,21.661417005816475
1790359037.5142841,37.05559397349134
1790359037.5143735,9.222666994901374
1790359037.5152774,1.4619099965784699
1790359037.518873,1.416516985045746
1790359037.5211673,1.4726550143677741
1790359037.545592,1.818240009015426
1790359037.5610957,1.8239629862364382
1790359037.574071,7.1796789998188615
1790359037.5817003,17.059097008313984
1790359037.585475,17.9209100024309
1790359037.5856583,13.649253989569843
1790359037.5857408,37.98828099388629
1790359037.5862732,1007.140800007619
1790359037.5963957,25.02518499386497
1790359037.6081889,1033.1226979906205
1790359037.621853,28.530258015962318
1790359037.6250088,33.301222982117906
1790359037.629579,34.10720301326364
1790359037.6299555,43.0568809970282
1790359037.6355758,40.74535201652907
1790359037.6356688,69.42151498515159
1790359037.6411552,38.69906801264733
1790359037.647948,44.73240798688494
1790359037.6480942,46.28479000530206
1790359037.6484046,42.913526005577296
1790359037.6492078,35.140672989655286
1790359037.6496747,55.69085999741219
1790359037.6500318,29.9086150189396
1790359037.6552334,32.45378800784238
1790359037.6627946,57.83818199415691
1790359037.666873,53.73071500798687
1790359037.6671913,49.48110302211717
1790359037.6678457,63.796565984375775
1790359037.668292,46.16891097975895
1790359037.6688359,26.36322399484925
1790359037.6691616,16.544509009690955
1790359037.6692293,9.8445079929661
1790359037.669683,7.434965024003759
1790359037.6835136,38.276484003290534
1790359037.6836047,42.305611015763134
1790359037.6839817,28.263045009225607
1790359037.6847441,23.573890008265153
1790359037.6850104,19.66439199168235
1790359037.6907861,1.4324930089060217
1790359037.6976273,2.115615992806852
1790359037.6977258,2.7653830184135586
1790359037.70637,1.9915000011678785
1790359037.7179646,1.9991790177300572
1790359037.7240202,1.9828090153168887
1790359037.7302167,1.9727520120795816
1790359037.7410862,1.9265459850430489
1790359037.7417111,1.8365279829595238
1790359037.7548661,2.2971310245338827
1790359037.7608345,1.4395639882422984
1790359037.764499,1.361025992082432
1790359037.7717862,1.37526702019386
1790359037.7763126,1.5063020109664649
1790359037.7781928,1.284539990592748
1790359037.7799828,1.6451289993710816
1790359037.7808785,1.3087429979350418
1790359037.7875175,2.069915004540235
1790359037.7965515,1.495256001362577
1790359037.8011003,1.9444880017545074
1790359037.8100033,1.6040469927247614
1790359037.821625,1.7036969948094338
1790359037.8250759,1.4225310005713254
1790359037.8289464,1.551701978314668
1790359037.8432617,1.7746420053299516
1790359037.8653305,27.00701600406319
1790359037.8654435,36.45055802189745
1790359037.8659003,23.837924003601074
1790359037.883089,1.6405729984398931
1790359037.8955228,2.4914929817896336
1790359037.901116,21.968755987472832
1790359037.901338,17.231811012607068
1790359037.901446,3.7984810187481344
1790359037.9020634,36.82857900275849
1790359037.9023757,2.5838919973466545
1790359037.9031606,1.517069002147764
1790359037.90993,1.7855830083135515
1790359037.9255354,1.7576320096850395
1790359037.930138,1.6673600184731185
1790359037.9381485,1.549392007291317
1790359037.9423406,32.80237800208852
1790359037.94269,9.073089982848614
1790359037.9427931,16.543980018468574
1790359037.9450922,1.3946590188425034
1790359037.9483645,1.2823720171581954
1790359037.9530375,1.4326800010167062
1790359037.955761,1.667199016083032
1790359037.9571567,1.3846989895682782
1790359037.9784818,2.2286640014499426
1790359037.9802973,1.23010398237966
1790359037.9856918,1.491103001171723
1790359037.995084,1.688944990746677
1790359037.9981873,1.630701997783035
1790359037.9999926,33.33226600079797
1790359038.0004053,22.3997890134342
1790359038.0012434,36.880815983749926
1790359038.00176,19.15103298961185
1790359038.0022557,6.255265005165711
1790359038.0024009,16.153645992744714
1790359038.0071743,1.7961740086320788
1790359038.0078988,1.7340769991278648
1790359038.0156856,1.8750659946817905
1790359038.0346644,1.5363330021500587
1790359038.0389159,1.3194270140957087
1790359038.0571568,28.661185991950333
1790359038.0602374,25.025228009326383
1790359038.0615444,33.965142007218674
1790359038.0616457,16.435971978353336
1790359038.0636358,1.4995959936641157
1790359038.0685172,2.1604669746011496
1790359038.0685706,1.7239139997400343
1790359038.0714312,1.4945929870009422
1790359038.07168,1.2226529943291098
1790359038.0747645,1.3317889824975282
1790359038.0799863,1.6749560018070042
1790359038.08052,1.6624490090180188
1790359038.0852516,1.9871219992637634
1790359038.0858529,1.4943840214982629
1790359038.0933528,3.1410030205734074
1790359038.0944884,1.7952650086954236
1790359038.1119049,1.9428379891905934
1790359038.1269493,1.723513996694237
1790359038.1285384,31.987244001356885
1790359038.1286767,37.603942007990554
1790359038.1291993,4.971314978320152
1790359038.1350472,1.5086889907252043
1790359038.1602812,2.761406998615712
1790359038.1609302,2.3259359877556562
1790359038.1673903,1.2164489889983088
1790359038.1713157,34.16515400749631
1790359038.1733022,36.70036600669846
1790359038.1742442,4.494927008636296
1790359038.174337,16.26118298736401
1790359038.17447,5.657222995068878
1790359038.1747346,9.527604008326307
1790359038.1747868,4.123013000935316
1790359038.1777337,2.4098620051518083
1790359038.1778417,1.960416993824765
1790359038.1786258,2.1785790158901364
1790359038.1951685,1.9629950111266226
1790359038.2053921,1.740587002132088
1790359038.2090557,1.5156489971559495
1790359038.21326,1.5018039848655462
1790359038.2214444,1.7227540083695203
1790359038.2268815,1.3749969948548824
1790359038.2296736,1.7349009867757559
1790359038.2341642,1.6980200016405433
1790359038.2469997,2.1853460057172924
1790359038.2709796,33.02340299705975
1790359038.2716346,5.31048999982886
1790359038.2717175,8.224578981753439
1790359038.2817655,1.5946200001053512
1790359038.2922194,27.21066802041605
1790359038.29307,15.47338700038381
1790359038.2931793,37.725272006355226
1790359038.2933095,11.272430012468249
1790359038.2950156,1.5534999838564545
1790359038.2988975,1.4643300091847777
1790359038.3081753,22.703310009092093
1790359038.3119972,1.5107369981706142
1790359038.32331,1.867552986368537
1790359038.323992,23.224172997288406
1790359038.3241785,27.240384981269017
1790359038.325164,40.22863300633617
1790359038.3252485,1092.1322869835421
1790359038.3255565,6.261923001147807
1790359038.327757,1.3580869999714196
1790359038.343336,1.7544690053910017
1790359038.3644698,27.550105995032936
1790359038.3678675,37.8120300010778
1790359038.368002,10.028896998846903
1790359038.3681047,13.249299983726814
1790359038.3714201,2.108535001752898
1790359038.37552,1.6343980096280575
1790359038.3852475,29.744625004241243
1790359038.3856719,37.351862993091345
1790359038.3860123,19.88086401252076
1790359038.3867948,16.23694901354611
1790359038.386852,11.32014801260084
1790359038.433947,38.70561101939529
1790359038.4407854,50.80260100658052
1790359038.4440184,53.545747010502964
1790359038.4442008,40.84002700983547
1790359038.4561937,51.81717500090599
1790359038.4609842,43.6484900128562
1790359038.461146,32.42282901192084
1790359038.4633486,67.22671599709429
1790359038.4636962,11.044047976611182
1790359038.4640815,28.711847990052775
1790359038.4643905,24.932619009632617
1790359038.4645128,6.2254069780465215
1790359038.4645782,7.8268530196510255
1790359038.465615,59.990902984282
1790359038.466237,42.02533100033179
1790359038.4665678,63.979376980569214
1790359038.4672806,36.112253001192585
1790359038.468369,29.995156975928694
1790359038.4686613,21.1549149826169
1790359038.4692636,15.980255993781611
1790359038.469846,7.909735984867439
1790359038.4699538,12.441272992873564
1790359038.4746048,1.4493920025415719
1790359038.4800048,1.4812650042586029
1790359038.4847124,1.7920169921126217
1790359038.485481,1.2029689969494939
1790359038.5269861,8.12621699878946
1790359038.5270898,31.765624997206032
1790359038.5282173,2.4409140169154853
1790359038.5335634,1.5120370080694556
1790359038.5477405,1.5703649842180312
1790359038.5682235,1.7542800051160157
1790359038.5704367,1.3838570157531649
1790359038.5809186,2.5127340049948543
1790359038.5899174,1.7929599853232503
1790359038.597536,1.5340349928010255
1790359038.6146302,27.180027012946084
1790359038.6152422,6.894451013067737
1790359038.6154666,24.506943998858333
1790359038.6155608,35.50591500243172
1790359038.61612,6.020536995492876
1790359038.6193583,1.307753991568461
1790359038.632969,23.802248993888497
1790359038.6362329,1.6894169966690242
1790359038.638876,15.691014006733894
1790359038.6389785,22.00112902210094
1790359038.6393824,2.9585159791167825
1790359038.6394594,42.71651798626408
1790359038.6422908,1.9026549998670816
1790359038.6508555,1.629211998078972
1790359038.6513016,1.4425819972530007
1790359038.6603332,1.7942959966603667
1790359038.6608493,1.5630850102752447
1790359038.6734822,1.9701949786394835
1790359038.681864,1.4834090252406895
1790359038.6837838,1.626434997888282
1790359038.6923935,1.722390006761998
1790359038.695078,1.3322540035005659
1790359038.70504,2.4374469940084964
1790359038.7121341,1.596315996721387
1790359038.7148254,1.8666470132302493
1790359038.7165248,1.587511011166498
1790359038.7187047,1.228049979545176
1790359038.7274632,1.624940981855616
1790359038.7291107,1.4781090139877051
1790359038.73065,1.530262001324445
1790359038.7345483,1.3198710221331567
1790359038.7371855,1.831692992709577
1790359038.7492177,1.9124509999528527
1790359038.7492747,2.4846610031090677
1790359038.7547472,1.3457379827741534
1790359038.7605035,3.5799050237983465
1790359038.7605739,2.8279779944568872
1790359038.7608182,2.5128659908659756
1790359038.767142,1.6195609932765365
1790359038.7677712,1.4437530189752579
1790359038.7866385,2.1182360069360584
1790359038.7909153,1.4577159890905023
1790359038.7948644,1.274971989914775
1790359038.8045692,21.61836498999037
1790359038.805024,33.49642700050026
1790359038.8051586,2.65670899534598
1790359038.8055925,20.396555977640674
1790359038.8056607,8.114221011055633
1790359038.8057213,12.58724500075914
1790359038.8321817,1.6895989829208702
1790359038.8357227,1.5507219941355288
1790359038.8419664,1.93765401490964
1790359038.8420439,2.407994994428009
1790359038.844395,1.4330740086734295
1790359038.8578706,1.8219900084659457
1790359038.8647232,2.626567002153024
1790359038.8716516,1.3791749952360988
1790359038.8773644,1.7439039947930723
1790359038.8846686,1.7965159786399454
1790359038.8923614,1.3713290099985898
1790359038.8972237,29.382581007666886
1790359038.8984149,36.81332498672418
1790359038.8988514,9.125682001467794
1790359038.899008,27.333096018992364
1790359038.8991416,22.760546999052167
1790359038.8995883,2.351117000216618
1790359038.9040692,1.6646030126139522
1790359038.9071379,1.5196539752651006
1790359038.9283912,1.7086260195355862
1790359038.9307384,1.5231389843393117
1790359038.9348187,1.6219989920500666
1790359038.9423604,1.4629939978476614
1790359038.9444695,2.0996879902668297
1790359038.9510868,1.7041719984263182
1790359038.952769,1.3579569931607693
1790359038.9559488,1.3131000159773976
1790359038.9596648,1.5397040115203708
1790359038.9626853,1.2513770197983831
1790359038.9729452,2.2070010018069297
1790359038.97406,1.9417240109760314
1790359038.99362,2.1887179755140096
1790359038.9943438,1.6537500196136534
1790359039.0015159,1.7432179884053767
1790359039.0055935,1.44214800093323
1790359039.009473,1.4189089997671545
1790359039.017558,1.6204120183829218
1790359039.0229878,1.6716649988666177
1790359039.0237887,1.9513839797582477
1790359039.0499575,2.361864986596629
1790359039.0507026,1.5768680023029447
1790359039.0657818,2.0363020012155175
1790359039.079168,1.7067329899873585
1790359039.1005232,22.386092983651906
1790359039.1065223,18.732794997049496
1790359039.1081529,11.803197994595394
1790359039.1083615,3.652836021501571
1790359039.1084585,36.38979498646222
1790359039.109719,23.85522599797696
1790359039.1176472,1.6246700251940638
1790359039.117784,22.289886022917926
1790359039.118834,15.474312996957451
1790359039.1190567,6.140187993878499
1790359039.119123,37.78708100435324
1790359039.1228743,1.3632230111397803
1790359039.1369777,1.9352029776200652
1790359039.1402314,1.6952969890553504
1790359039.1448987,1.49248301750049
1790359039.1535716,2.849528013030067
1790359039.1635537,2.080487000057474
1790359039.1686137,1.8052409868687391
1790359039.1705203,1.2868439953308553
1790359039.1738307,1.3608899898827076
1790359039.1841083,1.9158580107614398
1790359039.2183301,36.74986501573585
1790359039.219974,19.208555022487417
1790359039.2200477,36.072060000151396
1790359039.2201262,39.43698000512086
1790359039.2224264,35.296573012601584
1790359039.2231205,22.968753008171916
1790359039.223327,38.556674000574276
1790359039.224454,19.89520000643097
1790359039.224972,6.6282409825362265
1790359039.225035,16.098504012916237
1790359039.2299008,24.85977701144293
1790359039.2356925,1.6055320156738162
1790359039.2380342,1.4311799895949662
1790359039.240916,41.81072101346217
1790359039.2467232,1.5370470064226538
1790359039.2557957,38.952368980972096
1790359039.2559633,23.97693000966683
1790359039.2572956,21.20230399305001
1790359039.2574224,43.88210500474088
1790359039.2575166,14.461138984188437
1790359039.2577934,4.241037997417152
1790359039.265357,1.641650014789775
1790359039.2658281,1.5313960029743612
1790359039.315413,23.212758009321988
1790359039.3235254,39.7233440016862
1790359039.3301668,52.24257201189175
1790359039.3355494,36.562307010171935
1790359039.345265,49.783437978476286
1790359039.346484,34.90399001748301
1790359039.3503659,39.58007099572569
1790359039.3504524,77.66068598721176
1790359039.3564503,46.61341602331959
1790359039.3567417,42.034482990857214
1790359039.3628693,49.94235699996352
1790359039.3834867,66.11924301250838
1790359039.3992953,77.20894299563952
1790359039.3999228,105.14724301174283
1790359039.4175253,58.65656700916588
1790359039.43103,115.04365599830635
1790359039.4318328,110.31732498668134
1790359039.4327133,101.88051001750864
1790359039.4329069,119.43197902292013
1790359039.4339268,74.20914500835352
1790359039.4343874,65.35291101317853
1790359039.4348946,44.812417996581644
1790359039.4359179,64.55584499053657
1790359039.4362917,117.96175199560821
1790359039.436379,119.73983902134933
1790359039.436773,44.59772098925896
1790359039.4371471,30.557663005311042
1790359039.4375746,67.85660202149302
1790359039.4378538,72.97717497567646
1790359039.4380007,65.94659501570277
1790359039.4383037,62.42791100521572
1790359039.439517,52.307211997685954
1790359039.4400392,24.50386298005469
1790359039.4401572,92.7051129983738
1790359039.4402218,39.998928987188265
1790359039.4436054,1.6592780011706054
1790359039.4464648,1.4954989892430604
1790359039.4590924,1.6501019999850541
1790359039.4641688,1.3741340080741793
1790359039.4685032,1.8098150030709803
1790359039.4807775,1.445513975340873
1790359039.4857967,1.6248819883912802
1790359039.491521,30.301388003863394
1790359039.4918153,28.397991001838818
1790359039.493029,33.02985898335464
1790359039.493161,21.995968010742217
1790359039.4932292,11.907119012903422
1790359039.4956086,1.3492750003933907
1790359039.5088592,2.844125992851332
1790359039.5101027,2.441260003251955
1790359039.5111208,2.020490006543696
1790359039.5166216,2.970363013446331
1790359039.5191085,2.312163996975869
1790359039.5537634,39.33776399935596
1790359039.558487,15.283584012649953
1790359039.5585616,36.290473013650626
1790359039.5800753,62.44627200067043
1790359039.5809603,61.29913299810141
1790359039.5866272,53.370732988696545
1790359039.5925236,61.22275599045679
1790359039.5929122,33.175293006934226
1790359039.592975,46.93490799400024
1790359039.5975957,85.55215699016117
1790359039.6005864,2.376155025558546
1790359039.6029575,2.814786013914272
1790359039.6030855,48.89662200002931
1790359039.603179,1.8842309946194291
1790359039.6156778,2.112613001372665
1790359039.620998,27.37231398350559
1790359039.6222203,22.95968501130119
1790359039.6223125,42.17873699963093
1790359039.6242757,23.3688659791369
1790359039.624519,20.992391975596547
1790359039.624584,4.418898024596274
1790359039.647119,23.395747994072735
1790359039.6557324,20.588720013620332
1790359039.6565032,25.22396799759008
1790359039.661789,25.60870800516568
1790359039.6677468,39.302505989326164
1790359039.6684797,23.55719800107181
1790359039.6685586,8.356607984751463
1790359039.6717129,28.648715000599623
1790359039.6809056,2.447014005156234
1790359039.6816804,1.805054023861885
1790359039.68837,70.43210201663896
1790359039.688462,31.058365013450384
1790359039.6899638,27.05160900950432
1790359039.6911864,47.40892301197164
1790359039.6914756,12.191237998194993
1790359039.691542,2.840995992301032
1790359039.6937368,1.5313170151785016
1790359039.6992385,1.9152189779561013
1790359039.7137923,2.9653630044776946
1790359039.7348714,24.133889004588127
1790359039.7353437,13.824458990711719
1790359039.7359948,37.861439981497824
1790359039.7366247,2.8451480029616505
1790359039.736704,8.46554001327604
1790359039.7412896,19.1367759834975
1790359039.7482984,19.375443021999672
1790359039.7497594,2.4478410196024925
1790359039.7498302,8.002676971955225
1790359039.749919,37.39071200834587
1790359039.7555223,1.4381310029421002
1790359039.7591329,1.446381997084245
1790359039.7614222,1.6106819966807961
1790359039.7616947,1.407545991241932
1790359039.764197,1.7123669967986643
1790359039.7707865,1.5056149859447032
1790359039.773291,1.8386379815638065
1790359039.7805579,1.565573998959735
1790359039.7873836,12.046110001392663
1790359039.792248,1.6330429934896529
1790359039.7986257,1.620046008611098
1790359039.809451,27.56475398200564
1790359039.811161,35.3110859869048
1790359039.8123264,3.7538759934250265
1790359039.8126059,16.604656004346907
1790359039.8136225,1.9728229963220656
1790359039.8185332,1.9876000005751848
1790359039.8255315,1.8060720176436007
1790359039.8411508,30.700467992573977
1790359039.8426719,26.781727006891742
1790359039.8433943,20.736553997267038
1790359039.8435297,5.851666996022686
1790359039.8437347,43.314691982232034
1790359039.8462446,1.7926559958141297
1790359039.8558385,1.8557249859441072
1790359039.8622978,18.508943991037086
1790359039.8831468,41.6558239958249
1790359039.8832583,32.81455099931918
1790359039.8881733,1.7190760117955506
1790359039.9004712,2.709515014430508
1790359039.9007633,1.4754819858353585
1790359039.9166236,25.067900016438216
1790359039.9175425,35.75578800518997
1790359039.9176326,6.653849995927885
1790359039.9177144,19.183113996405154
1790359039.9206188,1.563632977195084
1790359039.92096,1.3798639993183315
1790359039.9272888,1.7649660003371537
1790359039.9330795,1.8664670060388744
1790359039.9425461,2.105774008668959
1790359039.9434416,2.1786080033052713
1790359039.9455378,1.8150960095226765
1790359039.9485555,1.7528279859106988
1790359039.9507048,1.7648869834374636
1790359039.952566,1.547153980936855
1790359039.9572315,2.0489830058068037
1790359039.9576507,1.9265019800513983
1790359039.9614253,1.957797008799389
1790359039.9652972,1.8845020094886422
1790359039.9851277,1.8705460242927074
1790359039.9867706,1.5065970073919743
1790359039.9925284,1.632388011785224
1790359039.9973855,3.0114819819573313
1790359039.9990528,2.5812590029090643
1790359040.0013735,1.963432994671166
1790359040.0073185,1.6512209840584546
1790359040.022097,2.3689800000283867
1790359040.0221648,1.8802819831762463
1790359040.0244234,1.113745995098725
1790359040.0271018,1.4121639833319932
1790359040.0318623,1.8599409959279
1790359040.034456,1.492849987698719
1790359040.0525048,1.7887010180857033
1790359040.0696256,11.446643009549007
1790359040.0726857,11.948488012421876
1790359040.072904,13.587630004622042
1790359040.074309,7.400080998195335
1790359040.0797477,4.091106995474547
1790359040.090153,2.1591650147456676
1790359040.1002514,28.441597009077668
1790359040.1104066,32.606232998659834
1790359040.1107376,4.491337982472032
1790359040.1107967,47.36766099813394
1790359040.1132655,1.5200289781205356
1790359040.11627,1.4878330111969262
1790359040.117048,1.505967986304313
1790359040.1260395,1.5848419861868024
1790359040.131408,1.6584699915256351
1790359040.1356227,2.632769988849759
1790359040.136346,2.4463259906042367
1790359040.1538935,2.1864489826839417
1790359040.1583862,1.5133960114326328
1790359040.1655507,1.5005869790911674
1790359040.1725626,17.82139399438165
1790359040.1755154,16.97440299903974
1790359040.1762087,34.55120499711484
1790359040.1763937,7.721323985606432
1790359040.177982,1.3556490011978894
1790359040.2104704,35.531193978386
1790359040.2205095,31.562502990709618
1790359040.220646,39.279996999539435
1790359040.2224424,37.94015900348313
1790359040.2228284,3.6654370196629316
1790359040.2228918,19.923132000258192
1790359040.2374246,65.70082402322441
1790359040.2437341,45.506440015742555
1790359040.2484121,60.05202099913731
1790359040.2490242,36.76748601719737
1790359040.2515907,19.585784000810236
1790359040.2581134,36.88572198734619
1790359040.2800946,46.71347202383913
1790359040.2964551,67.18615398858674
1790359040.29682,60.18183898413554
1790359040.3015108,54.8858699912671
1790359040.302218,56.43410197808407
1790359040.3034468,47.516405989881605
1790359040.3037465,73.20546300616115
1790359040.3038423,16.396925988374278
1790359040.3039212,71.10833199112676
1790359040.3091533,64.1079350025393
1790359040.309325,2.451141976052895
1790359040.3122282,1.5883109881542623
1790359040.3177958,71.92980899708346
1790359040.3195693,2.984975988510996
1790359040.320134,65.18563299323432
1790359040.32112,41.77612697822042
1790359040.3212137,78.74721998814493
1790359040.3225665,4.758059018058702
1790359040.3234,12.041429989039898
1790359040.3234785,25.787280988879502
1790359040.32364,15.433847001986578
1790359040.324248,4.1031269938685
1790359040.3245397,4.95884899282828
1790359040.3245964,2.019148989347741
1790359040.3303666,1.4188770146574825
1790359040.3322234,1.290605985559523
1790359040.335929,1.3753059902228415
1790359040.3364527,1.349680998828262
1790359040.3457913,1.9696920062415302
1790359040.364965,2.501322014722973
1790359040.3734748,2.2247559973038733
1790359040.3811204,2.5140529905911535
1790359040.384968,1007.9251230054069
1790359040.385053,1010.5162999825552
1790359040.3881943,1.7434970068279654
1790359040.3931231,26.605492981616408
1790359040.3932338,32.51100500347093
1790359040.3939517,21.860105014638975
1790359040.3942568,10.731088987085968
1790359040.3943224,45.346900005824864
1790359040.4062517,2.344485983485356
1790359040.4104173,1.9053989963140339
1790359040.4152253,1.8847570172511041
1790359040.4291172,24.48985999217257
1790359040.4292061,16.67158299824223
1790359040.429639,1054.9311699869577
1790359040.4305122,15.272902004653588
1790359040.4636664,33.81662399624474
1790359040.4642532,23.19320198148489
1790359040.4643579,39.294199988944456
1790359040.464764,12.751502013998106
1790359040.4692607,33.347882999805734
1790359040.4711628,2.0606880134437233
1790359040.4764245,1069.2824079887941
1790359040.4768798,30.912740010535344
1790359040.4773064,54.68066199682653
1790359040.477809,1050.063325004885
1790359040.4780838,1052.8748119832017
1790359040.4782221,1087.6289519947022
1790359040.478326,1059.46691299323
1790359040.4789162,4.046993009978905
1790359040.4956107,2.2172970056999475
1790359040.4966543,40.297239989740774
1790359040.507381,56.82906901347451
1790359040.50756,1092.5533680128865
1790359040.508533,1081.5464680199511
1790359040.50912,1088.9403500186745
1790359040.5092232,1093.1845559971407
1790359040.509719,36.005402012960985
1790359040.510752,16.260360018350184
1790359040.510853,28.952527994988486
1790359040.5127754,1.742864988045767
1790359040.5143058,1.5195279847830534
1790359040.5316887,1.9000809988938272
1790359040.5379558,2.0022089884150773
1790359040.5479689,1.832879992434755
1790359040.5509248,1.6693490033503622
1790359040.5566723,1.5994900022633374
1790359040.572525,3.362238989211619
1790359040.5744932,2.121260011335835
1790359040.5932188,23.13454999239184
1790359040.598468,23.846908006817102
1790359040.6035833,40.448144980473444
1790359040.6040013,15.576364996377379
1790359040.6095881,1.6977110062725842
1790359040.6138906,27.488725987495854
1790359040.616222,24.347136000869796
1790359040.6163056,36.84220998547971
1790359040.623974,1.5260590007528663
1790359040.650647,3.5090729943476617
1790359040.661078,2.813436003634706
1790359040.6810274,37.70385100506246
1790359040.681406,23.936396988574415
1790359040.681504,41.00985900731757
1790359040.6860893,1.6066999814938754
1790359040.7248065,38.26965601183474
1790359040.7254195,24.603213998489082
1790359040.7287843,38.16480399109423
1790359040.735974,38.53440101374872
1790359040.7411938,35.43691799859516
1790359040.7486866,76.35157098411582
1790359040.7488194,53.63582700374536
1790359040.7498593,48.5576489882078
1790359040.7504659,13.814900012221187
1790359040.7509992,43.03505001007579
1790359040.7511065,52.02979201567359
1790359040.752065,1.774824020685628
1790359040.7592018,1.582083001267165
1790359040.7615907,1.6467879759147763
1790359040.7625856,55.241057998500764
1790359040.762811,31.281570001738146
1790359040.763508,26.278712990460917
1790359040.7636187,8.212146000005305
1790359040.7656884,5.19951299065724
1790359040.7665217,7.023856975138187
1790359040.767312,2.462528005708009
1790359040.7679183,3.2086979772429913
1790359040.7679803,2.118913980666548
1790359040.7693439,1.2329560122452676
1790359040.7749648,1.2687499984167516
1790359040.7762392,1.1667360085994005
1790359040.7785366,1.4108680188655853
1790359040.7791302,1.2679310166276991
1790359040.7808814,1.424924994353205
1790359040.7839165,1.9374209805391729
1790359040.794329,1.64051799220033
1790359040.7980711,1.9011299882549793
1790359040.7999327,1.3349360087886453
1790359040.8164532,4.607265000231564
1790359040.8198807,1.3523800007533282
1790359040.8474898,29.737336008111015
1790359040.8583472,24.677064997376874
1790359040.8587604,34.602775995153934
1790359040.8590946,5.462165019707754
1790359040.8591762,19.02440600679256
1790359040.8629656,49.475944018922746
1790359040.8743503,1.963434013305232
1790359040.8844337,54.63886301731691
1790359040.8853352,1.5033810050226748
1790359040.886489,51.896999997552484
1790359040.886904,34.009982977295294
1790359040.8877738,59.191717009525746
1790359040.8878994,20.548770000459626
1790359040.8880825,8.035721984924749
1790359040.904473,2.5384409818798304
1790359040.9050686,1.5372960187960416
1790359040.9190457,3.1495500006712973
1790359040.9207225,18.257627001730725
1790359040.9210155,32.80600399011746
1790359040.9215105,3.389986988622695
1790359040.9216013,12.71677398472093
1790359040.924876,1.2086700007785112
1790359040.9283156,1.3948699925094843
1790359040.94273,24.220810999395326
1790359040.9524999,26.33062200038694
1790359040.9626358,22.438696993049234
1790359040.9637666,28.84699500282295
1790359040.9639013,46.726917003979906
1790359040.964276,23.413451010128483
1790359040.9677317,20.42364701628685
1790359040.9689987,39.599714014912024
1790359040.977035,1.7115569789893925
1790359040.9900866,21.91829201183282
1790359040.9909067,52.891410974552855
1790359040.9909923,10.455009003635496
1790359040.9984848,2.108472981490195
1790359041.0043485,2.1774659981019795
1790359041.0048838,1.7546760209370404
1790359041.008888,1.3341979938559234
1790359041.0146124,3.0223829962778836
1790359041.015523,4.655302996980026
1790359041.016147,3.472974000032991
1790359041.0164464,1.8167200032621622
1790359041.0323234,2.6309779786970466
1790359041.0494373,31.986460991902277
1790359041.050224,2.4996190040837973
1790359041.0531769,37.452296004630625
1790359041.0533504,22.82667698455043
1790359041.0601726,3.1990600109566003
1790359041.0647485,1.9960839999839664
1790359041.0717168,2.1286380069795996
1790359041.0803227,2.0905779965687543
1790359041.0924895,25.434597017010674
1790359041.0926034,33.58114999718964
1790359041.0933044,41.551721980795264
1790359041.0933971,23.346439003944397
1790359041.103901,3.8958530058152974
1790359041.1040237,3.426531999139115
1790359041.104656,2.9297220171429217
1790359041.1196258,1.9765069882851094
1790359041.1332781,1.7666110070422292
1790359041.1383734,28.336365008726716
1790359041.1384845,15.587864007102326
1790359041.1386645,35.761036997428164
1790359041.1402633,1.5369379834737629
1790359041.180307,26.495200989302248
1790359041.1862948,30.929453001590446
1790359041.1908865,38.26280101202428
1790359041.1913648,43.536871002288535
1790359041.1914973,34.303081018151715
1790359041.1916304,22.5967220030725
1790359041.1920528,14.258612995035946
1790359041.1961758,22.41044901893474
1790359041.196267,44.31660700356588
1790359041.1963744,16.843906021676958
1790359041.2000158,1.6734919918235391
1790359041.2019174,1.4204510080162436
1790359041.2102225,1.9174299959558994
1790359041.225206,30.729203979717568
1790359041.228057,35.43918498326093
1790359041.228628,29.671940981643274
1790359041.2286954,8.234523003920913
1790359041.2288578,23.4641490096692
1790359041.2293417,2.7009890181943774
1790359041.2380145,1.507469976786524
1790359041.245825,2.1019779960624874
1790359041.2486696,1.6814790142234415
1790359041.2502856,1.4254050038289279
1790359041.2565358,31.048125005327165
1790359041.2591884,24.546300992369652
1790359041.2595243,36.350400012452155
1790359041.2602503,18.665654002688825
1790359041.2613602,17.059470992535353
1790359041.2619898,14.473313989583403
1790359041.2620819,6.505133991595358
1790359041.2623596,2.2320449934341013
1790359041.267281,1.376842992613092
1790359041.2714417,1.4652240206487477
1790359041.280578,1.50925901834853
1790359041.2824085,1.6575439949519932
1790359041.287294,1.8937010027002543
1790359041.2946365,1.5403270081151277
1790359041.3103483,21.982739999657497
1790359041.3145995,1.9144739781040698
1790359041.3163838,1.7734139983076602
1790359041.319121,1.2803169956896454
1790359041.3212702,25.86762999999337
1790359041.3216522,8.210614993004128
1790359041.3224802,35.314114997163415
1790359041.3225605,6.989482004428282
1790359041.3400924,5.546617991058156
1790359041.3424985,4.829566983971745
1790359041.3428319,4.019141983008012
1790359041.3448362,1.7169500060845166
1790359041.3512576,1.4132310170680285
1790359041.3624036,1.4534780057147145
1790359041.3699815,34.25107299699448
1790359041.3720539,33.63236700533889
1790359041.3721414,32.55515999626368
1790359041.3736486,10.66144701326266
1790359041.373824,17.96897200983949
1790359041.3738918,27.637334977043793
1790359041.3739808,38.92556999926455
1790359041.3776233,1.7204720061272383
1790359041.379216,1.2921579764224589
1790359041.3859549,1.8182149797212332
1790359041.3974304,1.7301960033364594
1790359041.403559,1.590458006830886
1790359041.4054303,1.2795900111086667
1790359041.4080055,1.6489160188939422
1790359041.409455,1.3009879912715405
1790359041.4107819,1.31784297991544
1790359041.4137383,1.5913780080154538
1790359041.4165292,1.285750011447817
1790359041.4208946,1.669412013143301
1790359041.4359124,2.1009139891248196
1790359041.4546905,2.5562439986970276
1790359041.4567606,1.7827340052463114
1790359041.4718084,1.9310200004838407
1790359041.4857662,31.607354001607746
1790359041.4871182,18.5283399769105
1790359041.4877772,36.60769198904745
1790359041.4880672,3.206970985047519
1790359041.4908655,2.014241006691009
1790359041.4918025,1.38386499020271
1790359041.505863,2.300327003467828
1790359041.5068853,1.473350013839081
1790359041.5119698,1.5287179849110544
1790359041.5125022,1.5261249791365117
1790359041.5179014,1.6063200018834323
1790359041.5221918,1.7207289929501712
1790359041.5324378,2.554929000325501
1790359041.5325332,2.118437987519428
1790359041.5469248,1.6778410063125193
1790359041.5604732,19.723084988072515
1790359041.5647514,2.055017976090312
1790359041.577274,28.549760987516493
1790359041.577401,39.926623983774334
1790359041.577743,12.980475003132597
1790359041.5902665,1.856093993410468
1790359041.5961926,2.0537029777187854
1790359041.6248858,37.182456988375634
1790359041.6300986,40.86174498661421
1790359041.6323802,32.823628978803754
1790359041.6331005,37.76979001122527
1790359041.633624,20.39792700088583
1790359041.6337323,25.273606996051967
1790359041.634168,5.372036015614867
1790359041.6390343,2.0915289933327585
1790359041.6404657,1.4073810016270727
1790359041.6597168,61.05303700314835
1790359041.6600575,73.97980298264883
1790359041.6609895,58.36036000982858
1790359041.6614602,48.99469300289638
1790359041.6625175,42.75797700393014
1790359041.6644516,26.708966004662216
1790359041.6650608,16.316093009663746
1790359041.6652653,30.81090800696984
1790359041.6653461,65.09703499614261
1790359041.6742601,17.060315003618598
1790359041.6881187,38.52283998276107
1790359041.688207,15.050118992803618
1790359041.6915443,2.5151210138574243
1790359041.6932137,2.1702320082113147
1790359041.6937113,1.3402320037130266
1790359041.6990542,27.439610013971105
1790359041.7014046,38.539808010682464
1790359041.7019506,15.935619972879067
1790359041.7020416,12.596829008543864
1790359041.7027752,11.063069017836824
1790359041.7031298,3.8343570195138454
1790359041.7104127,1.7060449754353613
1790359041.7119298,1.371273014228791
1790359041.7174845,1.853063004091382
1790359041.7185397,1.7389910062775016
1790359041.7227616,1.4132209762465209
1790359041.7286735,1.705884002149105
1790359041.7315154,1.6924309893511236
1790359041.7353506,2.075509983114898
1790359041.7356422,1.6526870022062212
1790359041.737164,1.2898019922431558
1790359041.754596,1.8715420155785978
1790359041.755214,16.80399099132046
1790359041.7732055,35.19641500315629
1790359041.7739077,12.369346019113436
1790359041.773974,5.5563420173712075
1790359041.787162,1.7949760076589882
1790359041.800738,37.33693598769605
1790359041.8008502,33.05071499198675
1790359041.8021593,28.06768598384224
1790359041.8028138,3.908654995029792
1790359041.803617,1.9302290165796876
1790359041.8036864,2.8234490018803626
1790359041.8061397,1.561915996717289
1790359041.8069918,1.6054129810072482
1790359041.8183386,1.8302460084669292
1790359041.8238642,1.6487499815411866
1790359041.825403,1.5281800006050617
1790359041.8256917,1.3342189777176827
1790359041.8278906,1.3790749944746494
1790359041.8363209,1.7793150036595762
1790359041.836946,1.562538993312046
1790359041.846832,1.4958769897930324
1790359041.8548791,1.9367519998922944
1790359041.8559961,1.87522399937734
1790359041.8605933,1.7047759902197868
1790359041.861033,1.4565029996447265
1790359041.8638644,1.3784669863525778
1790359041.8714952,1.7723299970384687
1790359041.8753147,1.2739330122713
1790359041.8800178,1.3825729838572443
1790359041.881558,1.4345119998324662
1790359041.8820791,1.2048019852954894
1790359041.8912606,1.726612012134865
1790359041.8919208,1.4288189995568246
1790359041.9142523,1.8628240213729441
1790359041.916665,1.713019999442622
1790359041.9182084,1.2980280152987689
1790359041.920448,1.2706010020337999
1790359041.9360857,1.8025590106844902
1790359041.9415457,1.5453970117960125
1790359041.9457505,1.7418009811080992
1790359041.9556265,27.52387701184489
1790359041.956411,2.0774189906660467
1790359041.959768,38.635693985270336
1790359041.9600255,21.14024499314837
1790359041.9605672,2.3829110141377896
1790359041.9606466,17.192523984704167
1790359041.961205,12.183262995677069
1790359041.96126,6.474027002695948
1790359041.9721677,1.5597890014760196
1790359041.977311,2.5241159892175347
1790359041.978473,2.04912998015061
1790359041.9799962,1.5119060117285699
1790359041.9824545,2.051662013400346
1790359041.9903204,2.1433529909700155
1790359041.9975505,1.9129040010739118
1790359042.0226192,36.42770700389519
1790359042.023427,28.654124995227903
1790359042.0254323,14.361283974722028
1790359042.0258229,43.8014329993166
1790359042.0260918,24.525624001398683
1790359042.0267665,3.325693978695199
1790359042.0364268,32.137862988747656
1790359042.0452476,41.82804800802842
1790359042.0459754,32.04102799645625
1790359042.0461407,9.45073098409921
1790359042.046514,2.1761319949291646
1790359042.0601995,1.6794079856481403
1790359042.0719438,1.5089820080902427
1790359042.0750568,1.4316359884105623
1790359042.080414,1.8778890080284327
1790359042.0812798,12.261357012903318
1790359042.0826359,7.448118994943798
1790359042.0827248,10.672433010768145
1790359042.0827897,34.19132699491456
1790359042.0855658,1.4569240156561136
1790359042.0884743,1.4544170117005706
1790359042.0915885,1.8336260109208524
1790359042.0953088,2.22858801134862
1790359042.0953987,3.3356990024913102
1790359042.1003623,1.4778109907638282
1790359042.1141336,2.3822200018912554
1790359042.1206157,1.4615959953516722
1790359042.121945,31.043476978084072
1790359042.1229055,33.72981399297714
1790359042.123544,31.028423021780327
1790359042.1244001,27.925483998842537
1790359042.1247647,21.26275800401345
1790359042.1248572,11.510694021126255
1790359042.1308756,2.6079149974975735
1790359042.1310887,3.3743010135367513
1790359042.1320367,2.6514089840929955
1790359042.132092,1.8435499805491418
1790359042.1552048,2.014017023611814
1790359042.1575894,1.5685310063418
1790359042.1648166,1.9421619945205748
1790359042.1795626,20.73185599874705
1790359042.1800833,34.01989099802449
1790359042.1802487,26.34121000301093
1790359042.1803176,16.924766008742154
1790359042.190372,1.857061986811459
1790359042.2034352,19.05720098875463
1790359042.204001,35.78529998776503
1790359042.2044442,3.2700439915060997
1790359042.248422,33.59635898959823
1790359042.2554312,42.01964600360952
1790359042.25557,14.663237991044298
1790359042.2556486,32.687389000784606
1790359042.258709,1.510116009740159
1790359042.2747302,39.64807000011206
1790359042.275071,54.984140006126836
1790359042.2757075,73.40668598772027
1790359042.2757921,28.110257000662386
1790359042.276074,2.867162984330207
1790359042.2826657,1.8324750126339495
1790359042.2996025,2.1110870002303272
1790359042.2997677,3.0339719960466027
1790359042.300228,1.7711280088406056
1790359042.3014252,1.188935013487935
1790359042.3063793,1.4500200049951673
1790359042.3179135,1.7302019987255335
1790359042.3195431,1.6183019906748086
1790359042.3202906,1.6035999869927764
1790359042.3258858,1.7487570003140718
1790359042.3305688,1.7641070007812232
1790359042.3340862,1.454821991501376
1790359042.3370247,2.136260998668149
1790359042.3376737,1.835903007304296
1790359042.339515,1.5535330167040229
1790359042.362714,1.8593909917399287
1790359042.3658407,1.420099986717105
1790359042.3717644,3.0139459995552897
1790359042.3771946,1.966687006643042
1790359042.3888154,1.8021879950538278
1790359042.4030917,1.9399439916014671
1790359042.406963,35.8607980015222
1790359042.4072928,20.83416498498991
1790359042.4076798,7.65309898997657
1790359042.4078069,37.53703099209815
1790359042.4254265,2.5509599945507944
1790359042.427841,1.1638279829639941
1790359042.4325244,2.222004986833781
1790359042.4468296,2.1916870027780533
1790359042.4571493,31.540388998109847
1790359042.457517,32.91764701134525
1790359042.458012,27.225718018598855
1790359042.4580865,28.435382002498955
1790359042.4642816,1.6476529999636114
1790359042.4706435,1.472604024456814
1790359042.4762228,1.635855995118618
1790359042.4916198,1.8644049996510148
1790359042.4938245,1.5426540048792958
1790359042.5077844,2.0176980178803205
1790359042.5113554,1.8814720096997917
1790359042.5132763,1.908066013129428
1790359042.5138888,1.4248649822548032
1790359042.5223916,1.9724220037460327
1790359042.5239966,1.484552980400622
1790359042.5258987,1.2955799757037312
1790359042.5306582,1.7853119934443384
1790359042.5307481,2.3219529830385
1790359042.5314565,1.7636919801589102
1790359042.5337026,1.6801949823275208
1790359042.5346816,1.8243700033053756
1790359042.5492258,2.070574992103502
1790359042.5533211,1.597711001522839
1790359042.5753095,29.23414300312288
1790359042.5807498,31.622401002096012
1790359042.5832946,18.149802985135466
1790359042.58343,25.40373898227699
1790359042.5859294,31.40317101497203
1790359042.5934463,46.82427900843322
1790359042.5935788,33.005217992467806
1790359042.5939417,3.9375829801429063
1790359042.5999997,44.84829900320619
1790359042.610333,1.5092910034582019
1790359042.6348288,1.668918994255364
1790359042.6386034,1.4287829981185496
1790359042.6422353,1.3940170174464583
1790359042.649625,2.062916988506913
1790359042.6614423,1.7663100152276456
1790359042.6775117,23.610300006112084
1790359042.684255,41.97450799983926
1790359042.7032664,22.848230990348384
1790359042.7092886,38.34866700344719
1790359042.7094526,3.7537129828706384
1790359042.7131925,2.20201798947528
1790359042.7132537,3.2336200238205492
1790359042.7157693,37.505170999793336
1790359042.716253,41.57231899444014
1790359042.7169745,14.682153007015586
1790359042.7174368,9.245892986655235
1790359042.717583,6.975152995437384
1790359042.7182157,3.8829359982628375
1790359042.7220843,3.3307590056210756
1790359042.7222,4.078291007317603
1790359042.7225742,2.5906570081133395
1790359042.7228303,2.201512979809195
1790359042.7245917,1.3237140083219856
1790359042.7298064,1.5578970196656883
1790359042.7357528,1.8547789950389415
1790359042.7406504,1.5813619829714298
1790359042.7486498,1.4805190148763359
1790359042.7528088,1.7697679868433625
1790359042.7548838,1.3610369933303446
1790359042.7592185,1.2508909858297557
1790359042.760648,1.1789719865191728
1790359042.7775044,1.784391002729535
1790359042.7791018,1.5859509876463562
1790359042.7796347,1.409799006069079
1790359042.7871253,1.4137779944576323
1790359042.8067248,1.6293009975925088
1790359042.8188233,2.277424995554611
1790359042.8240652,1.8661039939615875
1790359042.8407142,3.186277986969799
1790359042.841114,2.772256004391238
1790359042.842767,1.544380997074768
1790359042.8453166,2.1001429995521903
1790359042.8485143,1.616830995772034
1790359042.872483,2.57569199311547
1790359042.872893,2.129563014023006
1790359042.884681,1.8272960151080042
1790359042.9447067,53.41779001173563
1790359042.9508152,37.041644973214716
1790359042.9613245,66.32731898571365
1790359042.9626417,49.460640002507716
1790359042.9632711,45.4497910104692
1790359042.9639761,62.58034901111387
1790359042.964626,41.16231499938294
1790359042.966333,28.72771301190369
1790359042.966546,19.241789006628096
1790359042.9668972,12.045290000969544
1790359042.967142,6.863806018372998
1790359042.9676769,2.9488409927580506
1790359042.9689906,48.244122008327395
1790359042.9698126,66.97789402096532
1790359042.9699843,41.96466397843324
1790359042.9710867,28.585129010025412
1790359042.9721138,20.62899697921239
1790359042.9722276,8.944822999183089
1790359042.972281,13.763503986410797
1790359042.9783063,1.7403189849574119
1790359042.9891372,2.112779999151826
1790359042.9946797,1.9621909887064248
1790359042.9957395,1.8612159765325487
1790359042.9990273,1.987430005101487
1790359042.9994125,1.7223439936060458
1790359043.002285,1.556679024361074
1790359043.0041277,1.4191140071488917
1790359043.0235646,2.5325960014015436
1790359043.0295403,2.462033007759601
1790359043.030863,2.7215029986109585
1790359043.0350406,1.900472998386249
1790359043.0505266,1.7368260014336556
1790359043.0561662,1.7090440087486058
1790359043.0577698,2.3446590057574213
1790359043.0596447,1.7718019953463227
1790359043.0604274,1.5359479875769466
1790359043.0762517,1.6980769869405776
1790359043.0802531,1.8776060023810714
1790359043.0983214,1.8891840009018779
1790359043.099638,1.30651198560372
1790359043.1072633,2.642084000399336
1790359043.1209364,32.165671000257134
1790359043.1210778,24.033355002757162
1790359043.1211472,36.07288998318836
1790359043.121998,20.676513988291845
1790359043.1221545,15.487174008740112
1790359043.1397452,2.8806080226786435
1790359043.157572,22.297965013422072
1790359043.1605296,38.99899902171455
1790359043.1614792,22.325134021230042
1790359043.161621,3.3175749995280057
1790359043.1617062,6.513823027489707
1790359043.1729565,30.73492698604241
1790359043.1731384,16.830426000524312
1790359043.1732056,35.199078993173316
1790359043.1863055,1.9241249829065055
1790359043.1891692,2.5783910241443664
1790359043.1892953,2.150782005628571
1790359043.1972604,1.8081000016536564
1790359043.1996331,2.161434997105971
1790359043.2006533,1.9931549904868007
1790359043.215233,2.1155359863769263
1790359043.2166953,1.6095229948405176
1790359043.2225144,1.447307993657887
1790359043.2465942,1.4774380251765251
1790359043.25504,1.8996739818248898
1790359043.2731776,1.9364049949217588
1790359043.2782223,33.84937800001353
1790359043.2785215,3.061947994865477
1790359043.2815564,1.6265469894278795
1790359043.28269,30.42502302560024
1790359043.2837408,27.886883995961398
1790359043.2843401,10.8933919982519
1790359043.2847095,41.354735993081704
1790359043.2848172,7.948092010337859
1790359043.287592,1.916432986035943
1790359043.294696,1.5317510114982724
1790359043.2969294,2.0173740049358457
1790359043.2981749,1.7289960233028978
1790359043.310333,1.8985820061061531
1790359043.3254566,2.187253994634375
1790359043.331841,1.9098800257779658
1790359043.3410118,1.8095809791702777
1790359043.342886,1.5149899991229177
1790359043.348595,1.8752219912130386
1790359043.3525023,1.7317279998678714
1790359043.3598921,1.9581819942686707
1790359043.3709223,2.032706019235775
1790359043.3800876,1.7612889932934195
1790359043.3830216,1.4452390023507178
1790359043.3862503,31.021124974358827
1790359043.3878207,34.715469024376944
1790359043.3884647,18.296447989996523
1790359043.3888273,29.885651980293915
1790359043.3895063,2.9188519984018058
1790359043.3895798,9.07640901277773
1790359043.3936303,1.556044997414574
1790359043.4069793,1.8572440021671355
1790359043.4200745,30.24489400559105
1790359043.4205189,19.25362498150207
1790359043.420705,35.22252800757997
1790359043.4210424,4.562986985547468
1790359043.4252617,1.5027089975774288
1790359043.4291854,1.3103089877404273
1790359043.4419534,2.550259989220649
1790359043.4422674,3.4513059945311397
1790359043.4423187,2.43300199508667
1790359043.4568553,1.8075820116791874
1790359043.4622855,2.0233910181559622
1790359043.465547,1.3786519994027913
1790359043.4701047,1.4199200086295605
1790359043.4738693,1.7082609992939979
1790359043.4741569,1.5047310153022408
1790359043.479911,1.7190600046887994
1790359043.480716,2.8879769961349666
1790359043.48081,2.063410996925086
1790359043.485484,1.684768998529762
1790359043.4871247,1.2530770036391914
1790359043.4908874,1.8014950037468225
1790359043.4977214,2.1098669967614114
1790359043.5273275,3.271950001362711
1790359043.5279095,37.997523992089555
1790359043.5280073,23.11227298923768
1790359043.5291367,2.4842759885359555
1790359043.533385,2.1979690063744783
1790359043.5424447,2.329721988644451
1790359043.543297,2.365886000916362
1790359043.5442057,2.3127390013542026
1790359043.5451162,1.4077250089030713
1790359043.5463593,1.233582996064797
1790359043.5477958,1.19902502046898
1790359043.5494025,1.29029800882563
1790359043.5512314,1.3779989967588335
1790359043.5524666,1.8924190080724657
1790359043.5656478,2.0202010055072606
1790359043.573236,1.6897809982765466
1790359043.5884812,32.88424698985182
1790359043.590316,11.801077023847029
1790359043.5910373,39.51364298700355
1790359043.591584,25.760660995729268
1790359043.5922976,3.8018529885448515
1790359043.5930026,1.8997830047737807
1790359043.6080663,21.4615180157125
1790359043.618672,28.452155005652457
1790359043.6233819,17.486788012320176
1790359043.6237779,38.84279099293053
1790359043.623894,7.9803890257608145
1790359043.6247642,1.947861979715526
1790359043.638583,23.37932601221837
1790359043.6410835,2.1452780056279153
1790359043.6442006,26.127555000130087
1790359043.644336,37.50766901066527
1790359043.6444283,12.369442993076518
1790359043.6446977,5.08224600343965
1790359043.6504102,1.638687972445041
1790359043.652044,1.3713210064452142
1790359043.6577365,1.5283169923350215
1790359043.6695678,1.9198630179744214
1790359043.676405,2.9057869978714734
1790359043.6770835,2.4010589986573905
1790359043.6809082,2.493176987627521
1790359043.7033129,1.8564359925221652
1790359043.7086654,1.7487549921497703
1790359043.7149134,1.8474359821993858
1790359043.718825,12.763567006913945
1790359043.720209,39.176268997834995
1790359043.7206995,3.7715680082328618
1790359043.7207813,11.40700001269579
1790359043.7212868,1.6779020079411566
1790359043.7228658,1.4575909881386906
1790359043.7300947,1.6267290047835559
1790359043.7317946,1.2699259968940169
1790359043.747335,3.017501992871985
1790359043.7496789,1.3742359878960997
1790359043.7531497,1.6760849975980818
1790359043.7740154,3.183071006787941
1790359043.7773411,1.6192909970413893
1790359043.785507,1.8037600093521178
1790359043.7964962,3.3983449975494295
1790359043.7973888,2.4033410008996725
1790359043.806346,1.3258169929031283
1790359043.8204734,28.12000599806197
1790359043.826059,32.47493100934662
1790359043.8268414,35.05925499484874
1790359043.8274412,28.62757901311852
1790359043.8275,8.553498977562413
1790359043.8450224,2.0277379953768104
1790359043.8556564,2.3238449939526618
1790359043.8597238,2.6288109947927296
1790359043.8625538,2.4974400002975017
1790359043.8671455,27.40590099710971
1790359043.8708858,42.197218019282445
1790359043.8713012,21.787412028061226
1790359043.871532,14.513867005007342
1790359043.872527,13.842985004885122
1790359043.8725913,11.199747008504346
1790359043.8767023,1.864007004769519
1790359043.8846605,3.264619008405134
1790359043.8847535,4.285800998331979
1790359043.890891,2.9622800066135824
1790359043.89152,1.513073977548629
1790359043.9001353,32.66421801527031
1790359043.9073029,29.781121003907174
1790359043.9074845,26.208144990960136
1790359043.916419,26.98718599276617
1790359043.9166186,50.9376410045661
1790359043.9167805,21.364211017498747
1790359043.9168866,29.657095001311973
1790359043.9232054,2.9040160006843507
1790359043.9341483,19.93182799196802
1790359043.940442,2.286220988025889
1790359043.945649,9.828994981944561
1790359043.951426,2.5332759832963347
1790359043.9544737,48.60598698724061
1790359043.9551198,13.901058002375066
1790359043.955212,4.307095019612461
1790359043.9605672,1.7614869866520166
1790359043.9622886,1.41593100852333
1790359043.9674654,2.8218869992997497
1790359043.9678762,1.973263017134741
1790359043.9681468,1.3973640161566436
1790359043.976097,1.7982370045501739
1790359043.9927402,2.9672239907085896
1790359044.00121,4.3544850195758045
1790359044.0021424,3.3147950016427785
1790359044.0056224,5.3142510005272925
1790359044.0058787,2.499135007383302
1790359044.00651,2.286637987708673
1790359044.0109475,1.7658129800111055
1790359044.011009,2.6430939906276762
1790359044.0144372,1.6041510098148137
1790359044.02891,2.7993650001008064
1790359044.028999,2.11829601903446
1790359044.0314596,1.696691004326567
1790359044.043933,1.9125730032101274
1790359044.0458133,1.6414920100942254
1790359044.0485651,1.6686480084899813
1790359044.052028,1.7418370116502047
1790359044.0569863,1.6897349851205945
1790359044.064994,1.6209939785767347
1790359044.0673556,1.3695200032088906
1790359044.104926,1.7873900069389492
1790359044.1108298,2.2746300091966987
1790359044.1131496,2.038767997873947
1790359044.1170514,2.6906120183411986
1790359044.118199,2.316866011824459
1790359044.1260145,1.8181859923060983
1790359044.1296465,1.6802460013423115
1790359044.1329026,1.932011975441128
1790359044.1429315,2.05657901824452
1790359044.151722,3.156851016683504
1790359044.1545484,2.145494014257565
1790359044.1570582,1.6828020161483437
1790359044.1713207,25.51625299383886
1790359044.1717865,21.21425000950694
1790359044.172139,19.07274400582537
1790359044.1722224,39.51800902723335
1790359044.1725311,7.624908990692347
1790359044.1744251,1.5720980009064078
1790359044.1927633,1.7762070056051016
1790359044.1992486,2.2597539937123656
1790359044.2012708,1.4110029733274132
1790359044.2041914,1.5408420003950596
1790359044.2087739,1.4049119781702757
1790359044.2194755,1.6574670153204352
1790359044.2283292,2.2484860091935843
1790359044.2349741,1.5634890005458146
1790359044.2363575,1.277676987228915
1790359044.239364,1.3305669999681413
1790359044.2405705,1.198829006170854
1790359044.2686687,2.0109679899178445
1790359044.2731676,22.40826201159507
1790359044.2807128,36.01548800361343
1790359044.280789,6.748653977410868
1790359044.2864833,1.839343982283026
1790359044.2895772,1.9063430081587285
1790359044.2916396,1.865681988419965
1790359044.2983568,2.0026900165248662
1790359044.302306,1.6980470099952072
1790359044.3039577,1.6310600040014833
1790359044.310001,1.3908340188208967
1790359044.3116276,1.4833660097792745
1790359044.3119109,1.296130008995533
1790359044.3198428,2.214645006461069
1790359044.3238358,1.6208750021178275
1790359044.3412807,1.8955370178446174
1790359044.3509264,1.6776470001786947
1790359044.3684585,23.407086002407596
1790359044.3689332,35.73586500715464
1790359044.3692782,17.54672799143009
1790359044.369338,11.617716983892024
1790359044.3711135,1.321465999353677
1790359044.37629,1.7667989886831492
1790359044.3820417,17.457946989452466
1790359044.3821287,26.90381300635636
1790359044.3902571,16.340278001734987
1790359044.390462,37.79861098155379
1790359044.3912067,2.132302994141355
1790359044.4199069,1.741856976877898
1790359044.4365847,21.283515001414344
1790359044.4367814,36.990956985391676
1790359044.4369066,5.863520986167714
1790359044.437469,2.424863021587953
1790359044.4520686,1.6857210139278322
1790359044.4612093,2.158321993192658
1790359044.4622579,1.964178984053433
1790359044.465631,1.250654982868582
1790359044.4852364,28.376183996442705
1790359044.487138,37.501042999792844
1790359044.4872308,27.58953601005487
1790359044.4893992,18.47221699426882
1790359044.489797,26.107049983693287
1790359044.5138826,33.33433502120897
1790359044.5188146,25.15967100043781
1790359044.5220747,32.26421499857679
1790359044.522255,42.310883989557624
1790359044.5226603,8.009251003386453
1790359044.5285861,14.456878998316824
1790359044.528959,40.5358939897269
1790359044.5290637,11.79334899643436
1790359044.539253,2.3728350060991943
1790359044.5405016,2.2194079938344657
1790359044.5408328,1.5700590156484395
1790359044.556699,1.6519069904461503
1790359044.563076,1.5381809789687395
1790359044.5652695,2.1788809972349554
1790359044.5668235,2.5668299931567162
1790359044.5676646,1.6396010178141296
1790359044.568322,1.3574640033766627
1790359044.575166,1.5517120191361755
1790359044.5755038,1.369967998471111
1790359044.5836143,1.70435500331223
1790359044.5939353,1.6750920040067285
1790359044.5945072,1.3867139932699502
1790359044.600458,1.6707500035408884
1790359044.615873,1.7926500004250556
1790359044.623205,1.6050030244514346
1790359044.632232,1.761964987963438
1790359044.6363955,16.10490499297157
1790359044.6370096,35.560065996833146
1790359044.6370804,10.8929599809926
1790359044.644469,1.494911004556343
1790359044.6529198,1.657863991567865
1790359044.6676908,21.958715020446107
1790359044.675144,18.193580996012315
1790359044.676123,36.67757200310007
1790359044.6766143,15.525330003583804
1790359044.6781342,8.688754023751244
1790359044.678299,12.822418997529894
1790359044.6785429,6.574962986633182
1790359044.6811965,2.6414369931444526
1790359044.6829717,2.397649019258097
1790359044.6863475,1.704196009086445
1790359044.6913023,33.49961998173967
1790359044.6948164,2.5078259932342917
1790359044.6964216,32.67208198667504
1790359044.6979373,31.367134011816233
1790359044.6982038,45.049080974422395
1790359044.698477,28.372299013426527
1790359044.699443,22.37260600668378
1790359044.699672,19.6211879956536
1790359044.7011292,12.793034024070948
1790359044.7012382,8.110273018246517
1790359044.7013836,18.07663298677653
1790359044.7018106,3.4585540124680847
1790359044.7032888,1.8947240023408085
1790359044.7036443,1.6696039820089936
1790359044.7058985,1.6581820091232657
1790359044.7061696,1.4320469927042723
1790359044.71326,3.159811982186511
1790359044.7134416,3.863599995383993
1790359044.7135897,2.9238849820103496
1790359044.7141933,1.8014689849223942
1790359044.7166147,1.2715620105154812
1790359044.7207432,1.5434259839821607
1790359044.724649,1.4638309949077666
1790359044.737636,1.6855600115377456
1790359044.743288,1.4179619902279228
1790359044.7574284,28.19278000970371
1790359044.757628,35.607204015832394
1790359044.7579463,16.917133994866163
1790359044.7580316,5.890257016289979
1790359044.7816615,27.613248996203765
1790359044.782044,35.059316986007616
1790359044.7861624,2.3954140197020024
1790359044.7939541,34.79073802009225
1790359044.794409,10.013101011281833
1790359044.7945647,11.642812023637816
1790359044.79757,2.113038004608825
1790359044.7976284,2.746807993389666
1790359044.8132148,2.0277840085327625
1790359044.8208544,1.8493899842724204
1790359044.8259,2.1962470200378448
1790359044.8265154,2.114503993652761
1790359044.8562987,2.503814990632236
1790359044.862823,1.8647580000106245
1790359044.8720307,25.354559009429067
1790359044.8732193,5.375360982725397
1790359044.873844,38.21850998792797
1790359044.8739297,18.483507010387257
1790359044.8749073,1.677588006714359
1790359044.8804157,2.1116719872225076
1790359044.881216,2.986778999911621
1790359044.8812885,2.0961470145266503
1790359044.8954957,2.347764006117359
1790359044.896914,1.9403600017540157
1790359044.8969812,1.3358379947021604
1790359044.9058876,1.7780519847292453
1790359044.91031,1.7430360021535307
1790359044.9134402,1.399815984768793
1790359044.9224656,1.6432809934485704
1790359044.9263566,2.1456910180859268
1790359044.950542,19.958885008236393
1790359044.96409,36.54410000308417
1790359044.9695544,36.64125001523644
1790359044.9705544,42.45422099484131
1790359044.9707577,29.123056010575965
1790359044.9709303,13.035772019065917
1790359044.97152,20.1673400006257
1790359044.972101,9.4569280045107
1790359044.9723039,4.31696098530665
1790359044.9728093,3.2429720158688724
1790359044.977017,1.780533028068021
1790359044.982021,1.8040710128843784
1790359044.9893954,1.6611189930699766
1790359044.9910896,59.92001399863511
1790359044.9970064,71.99873201898299
1790359044.998832,1.697464002063498
1790359045.0022748,67.48221098678187
1790359045.0029397,73.6238450044766
1790359045.00417,60.002509999321774
1790359045.0048373,43.51958798361011
1790359045.0049253,50.15883699525148
1790359045.0055518,36.70465698814951
1790359045.0058224,39.63713700068183
1790359045.0058784,26.29747599712573
1790359045.007587,1.5157820016611367
1790359045.0158787,2.7743249956984073
1790359045.0161402,3.7608720012940466
1790359045.01621,2.3814949963707477
1790359045.0227876,1.4632400125265121
1790359045.0230725,1.2881960137747228
1790359045.0267634,1.528505003079772
1790359045.0303087,1.4468130248133093
1790359045.0352542,1.5505999908782542
1790359045.0393605,1.6154040058609098
1790359045.0412264,1.390589022776112
1790359045.0441113,1.3552379969041795
1790359045.0459297,1.714739017188549
1790359045.0477753,1.3907620159443468
1790359045.0532267,1.5602849889546633
1790359045.0584407,1.8208519904874265
1790359045.0722604,26.319167023757473
1790359045.0756223,1.5810609911568463
1790359045.0818193,30.883814994012937
1790359045.0821116,37.36265699262731
1790359045.0827343,27.814161992864683
1790359045.083366,7.138682994991541
1790359045.0834475,10.012840997660533
1790359045.0839841,3.43760201940313
1790359045.0861044,1.4911509933881462
1790359045.088844,1.233877002960071
1790359045.097021,2.2146039991639555
1790359045.099114,1.4725880173500627
1790359045.1143117,30.157574015902355
1790359045.1151888,37.13650000281632
1790359045.115344,38.44333201413974
1790359045.115931,30.57283701491542
1790359045.1164203,27.363565983250737
1790359045.1165345,21.170895983232185
1790359045.11662,14.705755980685353
1790359045.1182969,1.5321040118578821
1790359045.1315868,2.9353239806368947
1790359045.1394699,26.983393996488303
1790359045.1426682,37.58321498753503
1790359045.1440086,16.356326988898218
1790359045.1441097,14.133646996924654
1790359045.1444387,11.041525984182954
1790359045.1513577,1.8577390001155436
1790359045.166433,33.74108599382453
1790359045.1677904,36.745525983860716
1790359045.1682427,27.96189399668947
1790359045.1686616,3.3494850213173777
1790359045.1689126,17.420916992705315
1790359045.1824608,1.647108991164714
1790359045.1942186,31.349938013590872
1790359045.1969357,1.75543301156722
1790359045.198169,37.377922009909526
1790359045.1983454,19.815171021036804
1790359045.19842,5.629702005535364
1790359045.20094,1.497535005910322
1790359045.2068992,1.8969480006489903
1790359045.2069573,2.555910003138706
1790359045.2104428,1.3370269734878093
1790359045.235123,1.7753499851096421
1790359045.2382882,3.154303994961083
1790359045.239173,2.298701001564041
1790359045.2406507,1.2139790051151067
1790359045.2437642,1.5027819899842143
1790359045.2451172,1.3434480060823262
1790359045.2637691,2.081127982819453
1790359045.2745237,1.889458013465628
1790359045.2786255,1.809720997698605
1790359045.282786,2.4994760169647634
1790359045.2846217,2.587886992841959
1790359045.2851236,4.071433009812608
1790359045.2851846,2.377450990024954
1790359045.2896235,1.4003929973114282
1790359045.2913496,1.4569979975931346
1790359045.2973318,1.5093660040292889
1790359045.2993395,1.5255750040523708
1790359045.306727,1.3157039938960224
1790359045.3160837,2.135621994966641
1790359045.3181674,1.2932750105392188
1790359045.3331351,1.576444017700851
1790359045.335797,30.91394400689751
1790359045.3364928,29.091912001604214
1790359045.33711,22.34072599094361
1790359045.3372307,36.556683015078306
1790359045.3372984,8.138372999383137
1790359045.344802,1.5023550076875836
1790359045.3650494,11.936440976569429
1790359045.3813233,36.4633509889245
1790359045.382529,16.681831009918824
1790359045.382769,4.462638986296952
1790359045.382894,40.43804100365378
1790359045.3829734,8.226450008805841
1790359045.383123,17.90256699314341
1790359045.392408,3.38704398018308
1790359045.3925629,4.008121002698317
1790359045.3926556,2.787596982670948
1790359045.393269,1.798537006834522
1790359045.3959908,1.3770800142083317
1790359045.4151282,1.5008070040494204
1790359045.4239671,1.982980000320822
1790359045.4255548,1.3537899940274656
1790359045.439635,30.849222996039316
1790359045.440336,19.480840011965483
1790359045.4440198,21.220881986664608
1790359045.4445703,15.56525900377892
1790359045.4447317,39.17489800369367
1790359045.4452448,9.994405001634732
1790359045.4453187,6.5811840177048
1790359045.4468353,1.2946630013175309
1790359045.4587002,1.5176470042206347
1790359045.4635348,33.69765300885774
1790359045.4638824,35.411415999988094
1790359045.4647338,27.90679197642021
1790359045.4658904,26.243318017804995
1790359045.466075,11.288301000604406
1790359045.467168,1.8684840179048479
1790359045.4683852,2.1880379936192185
1790359045.4696515,1.2547590013127774
1790359045.475393,1.456122990930453
1790359045.4860134,1.4936559891793877
1790359045.4866264,1.5056429838296026
1790359045.4907434,1.3289860216900706
1790359045.491188,1.2609840196091682
1790359045.4959552,1.704268011962995
1790359045.4967625,1.9589369767345488
1790359045.4975495,1.4556180103681982
1790359045.4994235,1.8623950018081814
1790359045.5063567,2.4539649893995374
1790359045.5080733,1.6986890113912523
1790359045.5194144,2.914008975494653
1790359045.5205142,2.108991000568494
1790359045.5206017,2.8961630014237016
1790359045.5261922,2.0163199806120247
1790359045.5317655,2.1018350089434534
1790359045.5441768,3.3429690229240805
1790359045.546842,1.8364980060141534
1790359045.5686126,29.402821994153783
1790359045.5693092,26.240197999868542
1790359045.570438,7.823580992408097
1790359045.5705426,7.40269900416024
1790359045.5714245,5.384541989769787
1790359045.571603,43.16127998754382
1790359045.5745842,3.571834007743746
1790359045.5818872,2.8397029964253306
1790359045.5927398,29.836361994966865
1790359045.59473,42.305390001274645
1790359045.595138,30.140047980239615
1790359045.595692,28.83310301695019
1790359045.5963125,24.0487779956311
1790359045.5963995,4.348212998593226
1790359045.6054912,3.621985000791028
1790359045.6059487,4.68884501606226
1790359045.6060324,3.011986002093181
1790359045.607895,3.3004810102283955
1790359045.6099803,1.8566400103736669
1790359045.613185,1.8979949818458408
1790359045.6175513,1.9091830181423575
1790359045.629914,2.384688996244222
1790359045.63114,2.203278010711074
1790359045.6387105,3.0595900025218725
1790359045.6390648,2.819368994096294
1790359045.6391454,3.6085240135435015
1790359045.642885,2.0629140199162066
1790359045.643686,1.6967380070127547
1790359045.6455448,1.726727990899235
1790359045.6564617,2.2099880152381957
1790359045.6774576,13.318313984200358
1790359045.6888304,16.73534099245444
1790359045.6990972,41.774673998588696
1790359045.704076,47.562924009980634
1790359045.7320776,68.13911700737663
1790359045.7373796,62.7094829978887
1790359045.7394238,65.52542801364325
1790359045.7408686,73.79156700335443
1790359045.7410042,73.08021097560413
1790359045.7419155,61.552804021630436
1790359045.7426937,24.62815199396573
1790359045.7427838,46.82597698410973
1790359045.7431996,30.022021004697308
1790359045.744003,11.558208003407344
1790359045.7445765,6.563439004821703
1790359045.7447503,18.876464979257435
1790359045.7451637,5.326298996806145
1790359045.7479217,1.3574559998232871
1790359045.750324,60.53010301548056
1790359045.7511742,50.88423498091288
1790359045.7515166,63.861433998681605
1790359045.7516778,35.96528299385682
1790359045.7528076,32.785723014967516
1790359045.7533946,26.02288097841665
1790359045.753641,20.55370100424625
1790359045.7540698,14.63222099118866
1790359045.7543666,10.353837977163494
1790359045.7802665,5.454939004266635
1790359045.7821012,4.823240014957264
1790359045.785563,2.5801180163398385
1790359045.7896123,13.701443007448688
1790359045.792377,2.247298019938171
1790359045.8070953,26.541503990301862
1790359045.808781,3.077695000683889
1790359045.8112876,23.87955697486177
1790359045.8122902,1.6312679799739271
1790359045.8172338,26.4080649940297
1790359045.8176405,42.219928989652544
1790359045.818659,11.552178009878844
1790359045.8187273,2.7949039940722287
1790359045.824458,1.57233199570328
1790359045.828591,1.532199006760493
1790359045.8325455,1.6093529993668199
1790359045.8398142,3.4022819891106337
1790359045.8403993,1.991014985833317
1790359045.8406758,3.3637399901635945
1790359045.844657,1.491620991146192
1790359045.8569713,2.691360976314172
1790359045.8578231,4.22032899223268
1790359045.8579097,2.981940982863307
1790359045.858419,1.4382560038939118
1790359045.8627899,1.4691950054839253
1790359045.8725166,1.8488900095690042
1790359045.872693,2.662416984094307
1790359045.873553,2.13961600093171
1790359045.8740942,1.2293010076973587
1790359045.894692,2.1084080217406154
1790359045.9066248,26.37573701213114
1790359045.9074268,33.02734700264409
1790359045.907545,2.7252619911450893
1790359045.912235,1.9935249874833971
1790359045.912314,2.7498070267029107
1790359045.9144053,1.7538380052428693
1790359045.9148848,1.7216370033565909
1790359045.9163141,1.4197730051819235
1790359045.9191995,1.437550992704928
1790359045.9198322,1.486876979470253
1790359045.9211254,1.2060540029779077
1790359045.9239047,1.2871169892605394
1790359045.9273016,1.4551350031979382
1790359045.9310324,1.5764610143378377
1790359045.9316282,1.5898119891062379
1790359045.9340293,1.5013979864306748
1790359045.9474628,2.0101529953535646
1790359045.9495895,1.5219260239973664
1790359045.9720426,2.1848629985470325
1790359045.9817276,1.5589729882776737
1790359045.9839027,1011.5906220162287
1790359045.9992082,1.828250999096781
1790359046.0077062,13.263150991406292
1790359046.0082912,29.725572996539995
1790359046.0102503,3.573846974177286
1790359046.0117385,2.0390520221553743
1790359046.0137856,11.10951998271048
1790359046.0143955,6.673536001471803
1790359046.0152552,39.23705100896768
1790359046.0160532,5.793324002297595
1790359046.017645,2.5233179912902415
1790359046.019783,3.3622499904595315
1790359046.0206122,1.333653024630621
1790359046.0208502,2.5230839964933693
1790359046.0337977,2.140504977433011
1790359046.0355487,1.452430005883798
1790359046.0371184,1.1654029949568212
1790359046.0411148,1.5225159877445549
1790359046.0589204,1.87270698370412
1790359046.0696223,27.47973200166598
1790359046.080307,37.6910220074933
1790359046.0804093,17.20735098933801
1790359046.0804944,1097.5974680040963
1790359046.0816922,1092.2860220016446
1790359046.0824268,1.7724159988574684
1790359046.0952396,18.188198999268934
1790359046.0954306,37.417646002722904
1790359046.0957391,11.441097012721002
1790359046.0990949,1.3728560006711632
1790359046.1008623,1.268395979423076
1790359046.110302,1.6363940085284412
1790359046.114098,1.6600179951637983
1790359046.1144607,1.5179569891188294
1790359046.1267943,3.9191120013128966
1790359046.159253,22.12477001012303
1790359046.1600976,21.363837993703783
1790359046.1604922,16.032763000112027
1790359046.161145,9.417155990377069
1790359046.161248,41.398355999263
1790359046.1620831,24.284118990181014
1790359046.162258,19.81997099937871
1790359046.1735902,19.671084999572486
1790359046.1738305,27.415798977017403
1790359046.1739087,39.84232101356611
1790359046.1748164,2.933056006440893
1790359046.1749282,4.1456089820712805
1790359046.175235,2.0860529912170023
1790359046.1764884,1.2446180044207722
1790359046.177995,1.3262900174595416
1790359046.178663,1.519682991784066
1790359046.1930368,1.737752987537533
1790359046.1982765,1.420782005880028
1790359046.2125015,33.79510701051913
1790359046.2126846,16.946657007792965
1790359046.212798,23.123939987272024
1790359046.213214,4.204010998364538
1790359046.2187164,1.6095289902295917
1790359046.2205641,1.8371909973211586
1790359046.221094,1.7399939824827015
1790359046.2302577,1.4687750081066042
1790359046.2415652,1.6526689869351685
1790359046.2493849,1.6175589989870787
1790359046.2663057,1.9347899942658842
1790359046.2726262,2.198121015680954
1790359046.281666,13.824327994370833
1790359046.2823164,38.730211002985016
1790359046.2824612,3.654980013379827
1790359046.2825398,23.3582429937087
1790359046.285371,2.4535580014344305
1790359046.2868187,2.037630998529494
1790359046.2909024,1.801468024495989
1790359046.311587,2.0009910222142935
1790359046.3164065,28.99269401677884
1790359046.3229938,39.278945012483746
1790359046.3231447,20.29485601815395
1790359046.323235,4.407833010191098
1790359046.3391178,1.7068689921870828
1790359046.3424857,1.6176599892787635
1790359046.3429892,1.4560749987140298
1790359046.351044,2.104961982695386
1790359046.3522203,1.7201640002895147
1790359046.3545246,1.4063940034247935
1790359046.359333,1.4596320106647909
1790359046.3654869,1.3910690031480044
1790359046.3817449,1.8825280130840838
1790359046.382477,1.5968370134942234
1790359046.3901575,1.709614007268101
1790359046.399196,1.7224510083906353
1790359046.4163892,2.7870089979842305
1790359046.4413414,38.26838798704557
1790359046.4516313,60.092484985943884
1790359046.4575663,33.0323509988375
1790359046.4623399,44.10769700189121
1790359046.4624517,46.82784198666923
1790359046.4627228,22.482033004052937
1790359046.4632494,15.488624980207533
1790359046.4637477,14.06184397637844
1790359046.4770987,2.3473440087400377
1790359046.4866893,1.8017689872067422
1790359046.4874597,72.91558000724763
1790359046.4879353,60.83080399548635
1790359046.4880886,41.37168297893368
1790359046.4883947,13.733121013501659
1790359046.488485,39.73195899743587
1790359046.4885519,6.469132000347599
1790359046.5015895,1.504255982581526
1790359046.5048978,1.6419259773101658
1790359046.5118098,2.5839689769782126
1790359046.511877,2.153667010134086
1790359046.517369,1.6263049910776317
1790359046.5398295,2.034592005657032
1790359046.5446029,1.3397519942373037
1790359046.5551257,33.9869580056984
1790359046.5559475,35.816307994537055
1790359046.5565238,17.512906983029097
1790359046.556601,10.592222010018304
1790359046.5590956,1.5406229940708727
1790359046.5667365,1.693025988060981
1790359046.5706606,1.4186259941197932
1790359046.5817592,2.6135400112252682
1790359046.6110778,26.197951985523105
1790359046.622154,29.940695996629074
1790359046.6274498,41.610671003581956
1790359046.628045,58.182086009765044
1790359046.6594696,71.43202700535767
1790359046.690047,86.67864202288911
1790359046.6918666,59.6910470048897
1790359046.6928174,79.66067199595273
1790359046.6980777,58.94308097776957
1790359046.7019792,114.63972099591047
1790359046.705978,119.37505201785825
1790359046.7116466,122.80069198459387
1790359046.7117522,65.3676209913101
1790359046.7232058,111.15392198553309
1790359046.727042,82.72370501072146
1790359046.729554,41.73439598525874
1790359046.7351344,144.7559850057587
1790359046.7352676,74.45386299514212
1790359046.7445488,70.16381897847168
1790359046.7473345,78.5861189942807
1790359046.7476895,41.28495100303553
1790359046.7479477,55.007196991937235
1790359046.7481103,35.163031017873436
1790359046.75822,39.01152400067076
1790359046.7613528,56.78822100162506
1790359046.7712388,109.65264099650085
1790359046.7764466,57.92207000195049
1790359046.7769666,64.94862600811757
1790359046.7790093,50.15480500878766
1790359046.77944,53.65642800461501
1790359046.785524,40.445335005642846
1790359046.785997,54.32703299447894
1790359046.7861953,27.51806000014767
1790359046.7862692,22.89928702521138
1790359046.7877762,19.617607991676778
1790359046.7884126,11.952862987527624
1790359046.7884822,18.717067985562608
1790359046.7921555,70.09948100312613
1790359046.802364,1.6818570147734135
1790359046.802824,74.97458599391393
1790359046.803457,89.9989340105094
1790359046.806514,67.90439298492856
1790359046.8073997,65.62841299455613
1790359046.8080733,70.1187789964024
1790359046.8082058,56.53057398740202
1790359046.8087883,46.52823897777125
1790359046.8091004,39.90577600779943
1790359046.8099856,23.083245003363118
1790359046.810067,38.23251399444416
1790359046.8167744,1.5810939949005842
1790359046.8188334,1.3667680032085627
1790359046.822509,1.357745990389958
1790359046.8404975,2.039098006207496
1790359046.8410175,1.9674159993883222
1790359046.8651917,1.8583440105430782
1790359046.8822756,2.698034979403019
1790359046.883762,2.7203279896639287
1790359046.8845716,1.2646590184886009
1790359046.8961637,1.6767200140748173
1790359046.90064,1.5484679897781461
1790359046.918072,1.7527239979244769
1790359046.9264898,2.360853017307818
1790359046.9286518,1.5310669841710478
1790359046.931837,24.687614990398288
1790359046.9426355,2.348923997487873
1790359046.943232,23.24688297812827
1790359046.9436703,37.06119197886437
1790359046.9443312,19.188277976354584
1790359046.9450145,15.751227998407558
1790359046.9450846,3.5460449871607125
1790359046.9504993,1.7511729965917766
1790359046.9529407,1.5760069945827127
1790359046.9562254,1.6466040106024593
1790359046.956858,1.3271550124045461
1790359046.9654493,2.608175011118874
1790359046.96551,1.9866720249410719
1790359046.9959393,1.903770986245945
1790359047.0022705,2.4969820224214345
1790359047.0048225,1.8912699888460338
1790359047.0049198,2.6319349999539554
1790359047.0123742,1.6528760024812073
1790359047.0156739,1.627006015041843
1790359047.0165365,1.5484850155189633
1790359047.0258694,2.5622370012570173
1790359047.0299177,1.8756440258584917
1790359047.0564754,28.555836994200945
1790359047.0574973,20.80616299645044
1790359047.0576668,36.571162985637784
1790359047.058315,7.9923419980332255
1790359047.058392,5.049482977483422
1790359047.062028,2.334413002245128
1790359047.0718083,1.9938029872719198
1790359047.0736277,27.901474997634068
1790359047.0767603,24.99381301458925
1790359047.0768232,37.94456398463808
1790359047.0774372,16.982903005555272
1790359047.0775506,18.306710990145802
1790359047.0784461,5.491763004101813
1790359047.080272,2.53251101821661
1790359047.0805779,1.6610409948043525
1790359047.0813875,1.5466790064238012
1790359047.1040642,1.9649980240501463
1790359047.1066363,1.4734569995198399
1790359047.119566,1.5896490076556802
1790359047.1472883,21.875997976167127
1790359047.158308,23.64425000268966
1790359047.1593802,39.14132100180723
1790359047.160764,5.176820995984599
1790359047.160876,30.179174995282665
1790359047.1610825,18.415528000332415
1790359047.1611457,40.3468799777329
1790359047.1612818,9.590930014383048
1790359047.1613896,25.85693699074909
1790359047.1614769,10.408463975181803
1790359047.162435,4.698926000855863
1790359047.165816,1.4801310026086867
1790359047.173594,2.0929450110998005
1790359047.1780593,1.4811420114710927
1790359047.1980839,2.3527849989477545
1790359047.2010472,30.502625013468787
1790359047.2095904,17.676409013802186
1790359047.2097156,37.55083499709144
1790359047.2097836,6.829764024587348
1790359047.209856,42.14267199859023
1790359047.222801,3.052618005312979
1790359047.2238078,2.0350619743112475
1790359047.2340333,2.6336600130889565
1790359047.234414,14.089276024606079
1790359047.2344806,21.327738999389112
1790359047.2346172,8.45333599136211
1790359047.2347786,37.7122119825799
1790359047.2351885,2.7253110019955784
1790359047.2480512,1.9895720179192722
1790359047.2497041,1.4390379947144538
1790359047.2563899,1.515397016191855
1790359047.2651453,1.4349679986480623
1790359047.2703974,3.682304988615215
1790359047.2736363,4.086111002834514
1790359047.2737489,4.805886012036353
1790359047.2759435,2.6954530039802194
1790359047.277817,1.6864349890965968
1790359047.282288,1.4775210001971573
1790359047.2846384,1.4817170158494264
1790359047.3021421,28.10276800300926
1790359047.3106165,32.196996005950496
1790359047.3108559,28.301620011916384
1790359047.3112288,40.327916998649016
1790359047.3114057,26.616313989507034
1790359047.3119183,3.288698004325852
1790359047.3198571,1.7151529900729656
1790359047.3271096,26.891240006079897
1790359047.3272536,35.73432899429463
1790359047.3276222,12.104438006645069
1790359047.328276,7.803322019753978
1790359047.3577535,22.409662982681766
1790359047.359545,39.636758010601625
1790359047.359915,21.153526002308354
1790359047.3608146,10.883356997510418
1790359047.3609219,3.7879619922023267
1790359047.362225,24.08130600815639
1790359047.3626742,1.5636869939044118
1790359047.367677,24.59676199941896
1790359047.3731122,39.5044369797688
1790359047.3746383,14.38011700520292
1790359047.3747149,18.456554011208937
1790359047.3758152,4.046265006763861
1790359047.375902,5.904902005568147
1790359047.3768585,2.4217540048994124
1790359047.3817492,1.4074459904804826
1790359047.3852882,1.5558509912807494
1790359047.3869164,1.3474969891831279
1790359047.3989847,2.1712089946959168
1790359047.4025924,1.3931420107837766
1790359047.4236977,33.51622199988924
1790359047.423877,25.766897975699976
1790359047.424548,12.832158012315631
1790359047.4250393,3.42658199951984
1790359047.4256027,1.7096130177378654
1790359047.4289887,1.7786420066840947
1790359047.4322438,1.3088090054225177
1790359047.4344087,1.5532599936705083
1790359047.4350133,1.4512820052914321
1790359047.4463615,1.455716002965346
1790359047.4587715,1.7563500150572509
1790359047.4624386,2.1857900137547404
1790359047.4634223,1.9053060095757246
1790359047.4694428,1.6131529991980642
1790359047.4747975,1.5540009771939367
1790359047.4761493,1.2607879762072116
1790359047.4849105,1.6646780131850392
1790359047.4958384,2.443406992824748
1790359047.4959211,3.319973999168724
1790359047.4962268,2.3789069964550436
1790359047.4998643,1.5128550003282726
1790359047.5060883,1.8872170185204595
1790359047.509221,1.9186249992344528
1790359047.511357,1.9919199985451996
1790359047.51181,3.100909001659602
1790359047.512802,1.6778150165919214
1790359047.5172777,1.60861000767909
1790359047.5428963,2.4215750163421035
1790359047.5460966,2.0328840182628483
1790359047.5461915,3.27736500184983
1790359047.5485246,2.0685500057879835
1790359047.5574539,1.4374169986695051
1790359047.5626612,3.2441260118503124
1790359047.563218,3.3277990005444735
1790359047.5633242,2.11233101435937
1790359047.5726902,2.0857850031461567
1790359047.575538,2.419535012450069
1790359047.600609,21.09896598267369
1790359047.6034765,22.390604979591444
1790359047.6054428,17.791874997783452
1790359047.618308,18.71013198979199
1790359047.6187797,22.451631986768916
1790359047.6194074,10.121028986759484
1790359047.619474,45.80326299765147
1790359047.6199923,3.6859349929727614
1790359047.6223054,24.76281698909588
1790359047.622389,43.47936299745925
1790359047.6224716,29.638356994837523
1790359047.6236808,11.988632002612576
1790359047.6240373,6.57326600048691
1790359047.6241229,15.785152994794771
1790359047.6241915,3.531941008986905
1790359047.6310754,1.6004600038286299
1790359047.6359384,1.703477988485247
1790359047.6374793,1.4265489880926907
1790359047.6448555,1.4379410131368786
1790359047.6469033,1.5852529904805124
1790359047.653154,1.5748139994684607
1790359047.655468,1.2829180050175637
1790359047.6809285,2.067850000457838
1790359047.6853514,22.768111986806616
1790359047.6862822,5.220482009463012
1790359047.6863422,32.68132600351237
1790359047.6965272,4.390257003251463
1790359047.6972861,4.088767018401995
1790359047.6979911,3.3284130040556192
1790359047.69936,1.3580090017057955
1790359047.7095664,2.580761007266119
1790359047.7158267,2.7068430208601058
1790359047.7183273,2.335549012059346
1790359047.7230904,2.6320790057070553
1790359047.726992,1.789950008969754
1790359047.745068,2.534469007514417
1790359047.7485762,44.6412360179238
1790359047.7489858,39.209727983688936
1790359047.749533,35.501083999406546
1790359047.75101,34.47124100057408
1790359047.7513537,30.301131977466866
1790359047.7514427,46.92264599725604
1790359047.7522383,22.991186997387558
1790359047.752313,6.911828008014709
1790359047.7545831,2.848520001862198
1790359047.7546859,1013.5580530040897
1790359047.755052,1.6223889833781868
1790359047.7624686,2.82153399894014
1790359047.7626228,4.266104020643979
1790359047.7627597,3.7858719879295677
1790359047.7635083,2.8432150138542056
1790359047.7668798,1.5291040181182325
1790359047.770965,1.5280730149243027
1790359047.777285,1.9550640136003494
1790359047.7834272,2.178643975639716
1790359047.7906291,2.1805400028824806
1790359047.8020647,1.633687992580235
1790359047.8114438,24.377794994506985
1790359047.8171859,21.429271990200505
1790359047.8183901,2.136438008164987
1790359047.8214614,2.470729988999665
1790359047.8225307,1.9442640186753124
1790359047.8238184,1056.339293019846
1790359047.8272536,39.48667200165801
1790359047.8283565,18.624288000864908
1790359047.8288288,9.432521008420736
1790359047.8290074,3.675402025692165
1790359047.8291857,10.783942008856684
1790359047.8298225,1.9260070112068206
1790359047.8397346,1.8846949969884008
1790359047.8421955,1.4803429949097335
1790359047.846153,2.2379820002242923
1790359047.8470676,2.582575019914657
1790359047.8474238,2.427978004561737
1790359047.8693068,1.8939680012408644
1790359047.8809536,1.76025100518018
1790359047.8855202,26.88415299053304
1790359047.885894,2.584272006060928
1790359047.88651,9.16667000274174
1790359047.8895955,1.7109829932451248
1790359047.8937926,11.892815993633121
1790359047.893989,37.46793800382875
1790359047.8940883,8.182980993296951
1790359047.8950114,2.7384079876355827
1790359047.9011283,1.9419970049057156
1790359047.9087448,3.5241100122220814
1790359047.9089773,3.0542110034730285
1790359047.9100852,2.3207779740914702
1790359047.9402933,17.42700900649652
1790359047.9451168,27.690885006450117
1790359047.949776,21.399800025392324
1790359047.9499154,43.16840699175373
1790359047.9500346,13.611632020911202
1790359047.9565425,22.785406006732956
1790359047.9678254,44.17440202087164
1790359047.9681041,9.556376986438408
1790359047.969288,31.021406000945717
1790359047.971704,6.138022028608248
1790359047.9805758,32.036288001108915
1790359047.9891446,25.68457301822491
1790359047.9904659,43.673181993654
1790359047.9905493,23.30805698875338
1790359047.999062,28.284532018005848
1790359048.0015285,31.879691989161074
1790359048.0044372,35.67732300143689
1790359048.0145898,35.068920988123864
1790359048.0147452,46.90289800055325
1790359048.020547,46.153636008966714
1790359048.0316055,55.717885988997295
1790359048.0319204,6.3166159961838275
1790359048.0320349,18.56444001896307
1790359048.0404243,1.8665649986360222
1790359048.0450556,23.72877500602044
1790359048.0452218,64.5251669920981
1790359048.0453215,14.629387005697936
1790359048.0453835,3.763882996281609
1790359048.0474935,1.5217699983622879
1790359048.0528407,1.6306010074913502
1790359048.05778,1.4621839800383896
1790359048.0599978,1.37280800845474
1790359048.0999093,29.657357023097575
1790359048.103183,24.21209600288421
1790359048.1032703,32.06629600026645
1790359048.106937,30.359506024979055
1790359048.1094553,45.21731199929491
1790359048.1098413,20.42350298142992
1790359048.1136153,49.94526898371987
1790359048.1341207,45.57019399362616
1790359048.1356802,37.39499000948854
1790359048.140159,43.96122999605723
1790359048.1402526,33.00307900644839
1790359048.141263,32.76236599776894
1790359048.1447651,33.38296900619753
1790359048.146012,50.48616899875924
1790359048.1461453,19.021290994714946
1790359048.1467588,28.15252900472842
1790359048.1568744,25.387087982380763
1790359048.1674502,87.29875599965453
1790359048.1793277,68.67205799790099
1790359048.179614,62.99756400403567
1790359048.1803312,53.96496399771422
1790359048.1804202,68.42816100106575
1790359048.1815186,50.6028370000422
1790359048.1817527,45.31598900211975
1790359048.1823316,37.55117001128383
1790359048.1830504,30.06555701722391
1790359048.1835334,16.687612020177767
1790359048.1852162,43.31470900797285
1790359048.1859856,34.22669001156464
1790359048.1886027,2.6038140058517456
1790359048.1914632,55.486192024545744
1790359048.1970785,39.07888298272155
1790359048.2059646,2.472423017024994
1790359048.2094536,1.859707001131028
1790359048.2182164,55.230614001629874
1790359048.2212617,59.353678982006386
1790359048.2221348,58.50395897869021
1790359048.2232094,2.641255996422842
1790359048.2233744,55.250607983907685
1790359048.2236176,18.645544012542814
1790359048.2237217,7.433563005179167
1790359048.223785,36.9129300233908
1790359048.2270427,1.2753299961332232
1790359048.2285073,1.4559779956471175
1790359048.2337918,1.654685998801142
1790359048.2500565,1.5030679933261126
1790359048.2567356,2.0331019768491387
1790359048.265342,24.50805899570696
1790359048.265782,2.3357300087809563
1790359048.271227,18.628760997671634
1790359048.2714744,15.166025987127796
1790359048.2718284,7.040839991532266
1790359048.2718995,35.55735101690516
1790359048.2759697,1.5462109877262264
1790359048.2777061,1.7268889932893217
1790359048.314004,29.898115986725315
1790359048.317176,36.016957979882136
1790359048.3189943,21.35665001696907
1790359048.3265882,21.360376005759463
1790359048.3271475,47.08000901155174
1790359048.328503,12.184038001578301
1790359048.3286686,16.829866013722494
1790359048.328812,4.299382009776309
1790359048.3310347,1.4617859851568937
1790359048.3372557,38.24398200958967
1790359048.33791,43.98545599542558
1790359048.3383412,61.00021698512137
1790359048.3384924,2.882252010749653
1790359048.3434615,33.154160977574065
1790359048.3442457,1.5346480067819357
1790359048.358255,1.6532040026504546
1790359048.3597703,47.14801799855195
1790359048.36037,36.50829702382907
1790359048.3612757,61.52930000098422
1790359048.3616447,33.66545998142101
1790359048.361762,28.72590799233876
1790359048.3622465,24.977930006571114
1790359048.362738,10.168225009692833
1790359048.368614,1.6036849992815405
1790359048.3757615,2.7346859860699624
1790359048.3758283,2.2172350145410746
1790359048.3762057,1.5745949931442738
1790359048.390653,2.4005600134842098
1790359048.390728,2.9959910025354475
1790359048.3981993,1.4725890068802983
1790359048.4169533,2.262858994072303
1790359048.418983,2.0073080086149275
1790359048.428916,2.229634003015235
1790359048.435117,2.1453430235851556
1790359048.4444396,2.0170560164842755
1790359048.4478729,1.6109230055008084
1790359048.4576755,2.1424160222522914
1790359048.460293,1.8618290196172893
1790359048.4781897,1.7095980001613498
1790359048.4991264,2.9173610091675073
1790359048.50039,1.9023290078621358
1790359048.5004573,3.0485009774565697
1790359048.504359,1.9282230059616268
1790359048.506034,1.6613479820080101
1790359048.506293,1.357450004434213
1790359048.508937,1.337823981884867
1790359048.5102277,1.2811420019716024
1790359048.5185208,1.7025870038196445
1790359048.5223086,1.5680550131946802
1790359048.524178,1.7689689993858337
1790359048.525698,1.4059640234336257
1790359048.5319805,1.71298100030981
1790359048.5343254,1.9687350140884519
1790359048.5474346,2.7859630063176155
1790359048.5480886,3.5635780077427626
1790359048.5514407,1.5487780037801713
1790359048.558024,2.5807170022744685
1790359048.5591662,2.791576989693567
1790359048.5598218,2.6433639868628234
1790359048.5600727,2.0370290149003267
1790359048.5615768,1.1915429786313325
1790359048.5781207,4.518161003943533
1790359048.5803258,2.6476469938643277
1790359048.5805566,3.4375170071143657
1790359048.582431,1.8617559981066734
1790359048.5852408,1.4207889907993376
1790359048.6023955,1.6695800004526973
1790359048.6151915,1.8567789811640978
1790359048.6274939,31.89730699523352
1790359048.6284359,35.02356601529755
1790359048.6286051,12.874736014055088
1790359048.6286693,20.30470999306999
1790359048.632037,1.629839011002332
1790359048.6342988,1.5089020016603172
1790359048.6398616,1.6105030081234872
1790359048.640318,2.54560902249068
1790359048.6460252,1.5420089766848832
1790359048.651644,2.032797987340018
1790359048.6532087,1.5379510005004704
1790359048.656659,1.3971549924463034
1790359048.6599216,1.3994270120747387
1790359048.6622226,2.2106530086603016
1790359048.6642408,3.331982996314764
1790359048.6716144,3.2260160078294575
1790359048.672824,2.2482510248664767
1790359048.6739838,1.8933140090666711
1790359048.678263,2.2909629915375262
1790359048.6791754,3.651007980806753
1790359048.6793404,2.9786090017296374
1790359048.6828392,1.5126029902603477
1790359048.6959715,2.3447560088243335
1790359048.697764,1.5703770041000098
1790359048.702437,3.2506260031368583
1790359048.7038085,1.9696539966389537
1790359048.7070758,2.500459988368675
1790359048.7080297,1.477092009736225
1790359048.726572,1.951712998561561
1790359048.735209,32.35968601075001
1790359048.7360082,1.854330999776721
1790359048.7393749,33.843198005342856
1790359048.7399626,9.465364011703059
1790359048.7404294,39.420896995579824
1790359048.7405403,25.52889901562594
1790359048.7425663,2.5931770214810967
1790359048.7432213,1.9265369919594377
1790359048.7442658,2.181808988098055
1790359048.7443287,3.5244260216131806
1790359048.7565575,1.5579299943055958
1790359048.761771,1.7883870168589056
1790359048.767441,1.5997730079106987
1790359048.7838137,1.990144985029474
1790359048.8018942,30.43624700512737
1790359048.8026943,3.696889994898811
1790359048.8027859,37.5577200029511
1790359048.8204434,2.1945919725112617
1790359048.8211663,2.1271650039125234
1790359048.8290024,1.6218499804381281
1790359048.8336694,1.6657729865983129
1790359048.8346963,1.8112029938492924
1790359048.835264,1.2108450173400342
1790359048.8438952,2.9273019754327834
1790359048.854599,2.308066003024578
1790359048.863228,2.091572998324409
1790359048.863972,1.859854004578665
1790359048.8728714,2.034565986832604
1790359048.876842,2.5709210021886975
1790359048.8819122,1.7239899898413569
1790359048.8868678,1.8493900133762509
1790359048.8871915,2.240636997157708
1790359048.8907745,1.5318389923777431
1790359048.8956108,1.4592449879273772
1790359048.8996353,1.5927369822748005
1790359048.9064193,1.41774897929281
1790359048.9115446,1.4275100256782025
1790359048.9240143,2.3257819993887097
1790359048.9305396,2.315185993211344
1790359048.9306083,2.850197983207181
1790359048.9367075,1.4703320048283786
1790359048.9427352,1.471108989790082
1790359048.9442642,1.4109370240475982
1790359048.9465303,1.6604269912932068
1790359048.9489655,1.4203900063876063
1790359048.9777856,2.6990119949914515
1790359048.9808333,1.8747150024864823
1790359048.9884267,1.7481120012234896
1790359048.9917274,2.044519002083689
1790359048.992438,30.069716012803838
1790359048.9956598,8.354458987014368
1790359048.9958413,20.13007298228331
1790359048.995962,38.93027300364338
1790359048.9963248,10.185032995650545
1790359048.9984193,4.247058997862041
1790359048.9987674,3.744592977454886
1790359049.0007012,3.6371189926285297
1790359049.0020974,2.032044983934611
1790359049.0051475,1.8300639931112528
1790359049.0197542,1.606334000825882
1790359049.0226943,23.913948010886088
1790359049.0234818,2.5945949892047793
1790359049.0346003,2.93608897482045
1790359049.0392933,37.18285899958573
1790359049.040016,22.95931600383483
1790359049.041111,43.1007570005022
1790359049.0417213,22.797295008786023
1790359049.0422301,4.606827016687021
1790359049.04234,20.52791297319345
1790359049.0424378,3.752943011932075
1790359049.042492,10.13404902187176
1790359049.053701,2.0000580116175115
1790359049.0630858,2.139463002094999
1790359049.0690994,1.996773004066199
1790359049.075921,1.8762479885481298
1790359049.0820987,32.985634985379875
1790359049.083389,17.198058019857854
1790359049.083748,23.90008297516033
1790359049.084016,38.90181297902018
1790359049.084079,14.118227001745254
1790359049.0868795,1.2905490002594888
1790359049.1021602,2.1776230132672936
1790359049.1026182,3.2449889986310154
1790359049.103671,1.8605549994390458
1790359049.1132162,3.646723984275013
1790359049.1135645,3.426548995776102
1790359049.1140604,2.4923959863372147
1790359049.114358,3.538205986842513
1790359049.1202774,1.9307720067445189
1790359049.1203682,2.5764929887373
1790359049.1269689,2.52067600376904
1790359049.1290717,1.879815012216568
1790359049.129472,1.6816149873193353
1790359049.1318288,1.5625669911969453
1790359049.1347013,1.5546759823337197
1790359049.136946,1.5909060020931065
1790359049.139779,1.6960870125330985
1790359049.1457202,2.281524008139968
1790359049.150402,1.8729250004980713
1790359049.1669314,1.9608679867815226
1790359049.1790695,36.97410802124068
1790359049.1794233,34.533747006207705
1790359049.1797745,37.21411098376848
1790359049.1798935,15.997522015823051
1790359049.1799536,11.368915002094582
1790359049.1833189,1.6176399949472398
1790359049.1840742,1007.6860369881615
1790359049.1932375,1.8629059777595103
1790359049.1996093,1036.5126429824159
1790359049.201904,1.5847579925321043
1790359049.219779,35.12941001099534
1790359049.2200437,1048.3069490001071
1790359049.2260625,23.820325994165614
1790359049.2261505,1065.4267329955474
1790359049.226341,1071.7156319878995
1790359049.2265732,32.28674898855388
1790359049.226657,20.865920989308506
1790359049.2283654,7.517486985307187
1790359049.2285361,4.103148996364325
1790359049.2290199,1.7409510037396103
1790359049.2323995,29.34057600214146
1790359049.2363539,1.7670369998086244
1790359049.2409694,26.15665501798503
1790359049.2420058,2.1608919778373092
1790359049.2425554,19.936763012083247
1790359049.243642,12.381778011331335
1790359049.2438912,18.816482013789937
1790359049.2439537,7.007247011642903
1790359049.244083,40.551530983066186
1790359049.244368,2.4467929906677455
1790359049.248759,1.59236098988913
1790359049.2504077,1.3634799979627132
1790359049.2548883,1.539827004307881
1790359049.2675855,1.826310995966196
1790359049.2777174,1.6851599793881178
1790359049.2840533,2.3085919965524226
1790359049.288248,1.570204010931775
1790359049.2915788,1.4235840062610805
1790359049.2921443,1.2955819838680327
1790359049.2980418,1.5070489898789674
1790359049.303521,1.9902309868484735
1790359049.305785,1.3632200134452432
1790359049.313982,3.1097799947019666
1790359049.314267,2.853846992366016
1790359049.3230379,1.6083329974208027
1790359049.3386192,2.2237100056372583
1790359049.3449976,1.4729989925399423
1790359049.3482928,27.570042992010713
1790359049.3523407,24.853312002960593
1790359049.3526413,33.64426200278103
1790359049.3527172,14.620731002651155
1790359049.359808,1.9536280015017837
1790359049.3616436,1.8223230144940317
1790359049.3623,1.9296639948152006
1790359049.3689497,1.3943650119472295
1790359049.3706484,1.3199050154071301
1790359049.3897016,2.3425719991791993
1790359049.3920245,1.5420110139530152
1790359049.4039598,2.335178985958919
1790359049.4123003,1.6451770206913352
1790359049.4170072,1.5053909737616777
1790359049.422695,1.5288889990188181
1790359049.4255674,1.5020739811006933
1790359049.4271913,2.529643999878317
1790359049.427942,1.7660169978626072
1790359049.432598,1.815737981814891
1790359049.4351518,1.5589009854011238
1790359049.442162,1.438497012713924
1790359049.4682286,1.9037610036320984
1790359049.4753683,1.6654619830660522
1790359049.4799814,2.8372500091791153
1790359049.4808643,31.278067006496713
1790359049.4818757,37.21523497370072
1790359049.4821959,11.979302013060078
1790359049.4823823,8.15121500636451
1790359049.4825103,3.616819012677297
1790359049.482606,4.607012000633404
1790359049.485749,1.80478798574768
1790359049.4861956,1.483854983234778
1790359049.5388672,39.09818999818526
1790359049.5402808,28.264805005164817
1790359049.5413196,12.96441798331216
1790359049.5415235,13.849276001565158
1790359049.5419023,6.205142010003328
1790359049.5424602,41.29276401363313
1790359049.5425484,31.206677987938747
1790359049.5426304,12.97054800670594
1790359049.5475574,1.6436180158052593
1790359049.5774376,33.06391800288111
1790359049.5775154,12.389318988425657
1790359049.577983,2.8731000202242285
1790359049.580377,2.8518899925984442
1790359049.5814333,3.2293740077875555
1790359049.582273,3.4962539793923497
1790359049.612726,12.527268001576886
1790359049.6154566,33.871650986839086
1790359049.616283,17.866710986709222
1790359049.6166248,4.701749014202505
1790359049.6166892,36.031482013640925
1790359049.6193566,1.6543999954592437
1790359049.6232164,1.4358810149133205
1790359049.635277,1.9671269983518869
1790359049.6358972,1.581334014190361
1790359049.6433542,1.4159279817249626
1790359049.650981,1.7469119920860976
1790359049.6583872,2.977803989779204
1790359049.6588874,1.8292710010427982
1790359049.6680126,23.281581001356244
1790359049.6761036,23.636133002582937
1790359049.677586,21.206420991802588
1790359049.6776917,18.272788991453126
1790359049.6779375,37.768940994283184
1790359049.6886468,1.7681580211501569
1790359049.6975899,1.4555560192093253
1790359049.706964,30.844735010759905
1790359049.7072854,14.460397011134773
1790359049.7073631,35.46849300619215
1790359049.7166364,1.885006990050897
1790359049.720761,1.4573250082321465
1790359049.7293465,3.869623993523419
1790359049.7304697,2.6583409926388413
1790359049.7480388,1.6927480173762888
1790359049.7586634,31.98213700670749
1790359049.7592852,8.911985001759604
1790359049.7593749,16.747648012824357
1790359049.759438,36.19475499726832
1790359049.7617903,1.5202100039459765
1790359049.7669322,12.364090012852103
1790359049.7825074,1.7320759943686426
1790359049.7853994,1.8751939933281392
1790359049.7887182,33.428908995119855
1790359049.7890973,12.982612999621779
1790359049.7895489,5.0505269900895655
1790359049.7896183,6.568954995600507
1790359049.8248394,19.01394099695608
1790359049.8301628,17.32588800950907
1790359049.8319294,27.931698015891016
1790359049.8349907,28.661424992606044
1790359049.8353534,37.031293992185965
1790359049.8354876,18.048853002255782
1790359049.8358023,8.334092010045424
1790359049.8429961,16.420573985669762
1790359049.8434327,36.541465000482276
1790359049.8437262,7.3731990123633295
1790359049.8488734,1.4808539999648929
1790359049.852909,1.4536340022459626
1790359049.856834,1.292725995881483
1790359049.8717647,1.719290012260899
1790359049.8749382,1.742722000926733
1790359049.8783238,1.3800810265820473
1790359049.879773,1.2512209941633046
1790359049.8816242,1.72018600278534
1790359049.8822653,1.3320689904503524
1790359049.8855543,1.3196140062063932
1790359049.8882277,1.2122670013923198
1790359049.8896875,1.2992600095458329
1790359049.903708,1.8583790224511176
1790359049.944227,34.6984610077925
1790359049.9443111,33.00198999932036
1790359049.9447026,29.509673971915618
1790359049.9448361,16.026769997552037
1790359049.9488256,21.218642010353506
1790359049.949278,30.16625001328066
1790359049.9497726,44.83660601545125
1790359049.9503472,18.171336996601894
1790359049.950408,8.262938994448632
1790359049.9547973,50.43955199653283
1790359049.95839,1.8476299883332103
1790359049.9655313,26.0764510021545
1790359049.9721713,25.74941099737771
1790359049.9723241,2.1870770142413676
1790359049.9773479,1.779408979928121
1790359049.9822185,17.974638001760468
1790359049.9824088,11.26852200832218
1790359049.9831238,42.560623987810686
1790359049.983538,5.421320995083079
1790359049.9907544,2.0331340201664716
1790359049.9928353,1.528164983028546
1790359049.9943786,1.3957310002297163
1790359050.0024014,1.8688330019358546
1790359050.0058813,1.4943190035410225
1790359050.01156,1.6281110001727939
1790359050.01859,1.460989995393902
1790359050.029459,1.9408689986448735
1790359050.0295613,2.6059130032081157
1790359050.0317757,1.5986320213414729
1790359050.0400543,2.390372013906017
1790359050.0411415,1.5738430083729327
1790359050.0560071,4.337938007665798
1790359050.0561259,3.8998219824861735
1790359050.0615165,2.6934079942293465
1790359050.0634768,1.8127329822164029
1790359050.0692792,2.0214180112816393
1790359050.070259,1.4249420200940222
1790359050.0733492,2.1154969872441143
1790359050.074162,1.3669939944520593
1790359050.0814269,1.632076018722728
1790359050.0975213,1.6605090058874339
1790359050.099643,1.381843991111964
1790359050.1139739,1.9994089961983263
1790359050.1160965,1.9810459925793111
1790359050.1257484,2.6168269978370517
1790359050.1258337,2.5418250006623566
1790359050.140068,3.2124079880304635
1790359050.1401296,2.353064017370343
1790359050.1461048,1.6265220183413476
1790359050.1477711,2.494936023140326
1790359050.148433,2.1958899742458016
1790359050.1546998,1.770221017068252
1790359050.1632147,1.461585983633995
1790359050.1695678,1.6802920144982636
1790359050.1812358,3.8081549864728004
1790359050.1830914,31.57460398506373
1790359050.1843197,25.136912998277694
1790359050.1843994,37.57920800126158
1790359050.1850042,17.99998598289676
1790359050.185154,15.073193004354835
1790359050.1852438,5.41945401346311
1790359050.1857557,4.011790995718911
1790359050.1882138,1.680018991464749
1790359050.1994147,2.0663909963332117
1790359050.2015486,1.4100739790592343
1790359050.2069697,1.2889360077679157
1790359050.2363455,31.885410979157314
1790359050.2367222,19.20812501339242
1790359050.249027,14.949394011637196
1790359050.2492194,24.449552001897246
1790359050.2557778,29.35805797460489
1790359050.2679586,29.706405010074377
1790359050.268092,42.27955001988448
1790359050.2681763,65.68529500509612
1790359050.2722878,37.25566799403168
1790359050.278817,48.602534021483734
1790359050.2791822,31.69820999028161
1790359050.2993326,40.82411399576813
1790359050.300002,35.52103400579654
1790359050.3030238,37.2803790087346
1790359050.3037105,34.228156990138814
1790359050.3040786,40.59927799971774
1790359050.3042252,22.85062801092863
1790359050.3160062,47.56299901055172
1790359050.3171446,36.95758600952104
1790359050.3176029,52.433359989663586
1790359050.317688,33.96410099230707
1790359050.3186553,22.622265008976683
1790359050.3187153,7.146151008782908
1790359050.3188043,27.305346011416987
1790359050.3214717,26.849662011954933
1790359050.3224993,1.6584529948886484
1790359050.3271098,38.489216996822506
1790359050.337144,28.660167008638382
1790359050.3410091,26.191524986643344
1790359050.3419986,41.2453509925399
1790359050.3423066,16.140055988216773
1790359050.3423667,5.983067996567115
1790359050.3555412,1.7431870219297707
1790359050.363886,31.973031000234187
1790359050.3658867,13.295710989041254
1790359050.365967,34.76206900086254
1790359050.3699439,1.5078969881869853
1790359050.3734047,1.4588400081265718
1790359050.3767762,1.4728450041729957
1790359050.3800974,1.4653010002803057
1790359050.386844,1.5809939941391349
1790359050.3889737,1.6135500045493245
1790359050.3945405,1.7281199980061501
1790359050.3965538,1.4319319743663073
1790359050.4017594,1.3998019858263433
1790359050.4061844,1.7171950021293014
1790359050.4117508,1.5654129965696484
1790359050.4123669,1.3573250034824014
1790359050.4250598,1.9956939795520157
1790359050.4345033,1.9142400124110281
1790359050.4391475,1.8199559999629855
1790359050.453686,23.672923998674378
1790359050.4546084,17.806154006393626
1790359050.4560199,6.28539000172168
1790359050.4564695,41.84174002148211
1790359050.4565358,3.8102809921838343
1790359050.4578564,2.080940001178533
1790359050.4581892,1.5148149977903813
1790359050.462377,2.1615739970002323
1790359050.4628518,3.1723129795864224
1790359050.463376,1.7812309961300343
1790359050.4659715,2.1318660001270473
1790359050.4757767,1.8914559914264828
1790359050.484388,1.9798680150415748
1790359050.4848704,1.473174022976309
1790359050.488768,1.526644016848877
1790359050.491078,1.5574560093227774
1790359050.4995797,3.321211988804862
1790359050.4996698,2.908683003624901
1790359050.5001843,1.8488949863240123
1790359050.5067952,1.5077950083650649
1790359050.511054,1.518152974313125
1790359050.5129857,1.351879007415846
1790359050.5327847,1.7665820196270943
1790359050.5354557,1.8224749946966767
1790359050.541045,1.4552150096278638
1790359050.5430882,1.350716018350795
1790359050.5546474,3.6143189936410636
1790359050.5629737,3.729040006874129
1790359050.5631099,5.4770950227975845
1790359050.5632958,5.01276200520806
1790359050.563387,4.921386018395424
1790359050.5842435,2.043897984549403
1790359050.5893915,1.9255669903941453
1790359050.5899913,1.7630619986448437
1790359050.5920997,1.4073020138312131
1790359050.604127,2.203480020398274
1790359050.615646,1.8293180037289858
1790359050.6220572,1.7022910178638995
1790359050.6226823,1.397123996866867
1790359050.6248484,1.904322998598218
1790359050.6263435,2.170144987758249
1790359050.6270576,1.717581006232649
1790359050.631678,1.6839210002217442
1790359050.643942,1.8875590176321566
1790359050.6479123,2.6715309941209853
1790359050.6496139,1.6873969871085137
1790359050.6715004,4.03575599193573
1790359050.6715825,2.322297979844734
1790359050.6821644,2.3478999792132527
1790359050.6904476,44.338665989926085
1790359050.6924431,24.042385979555547
1790359050.6929,52.89289998472668
1790359050.6938732,49.27575099281967
1790359050.6947353,34.66027101967484
1790359050.695181,18.254437018185854
1790359050.6954367,7.811442017555237
1790359050.6955347,6.162320991279557
1790359050.6958802,4.4005149975419044
1790359050.7156172,2.329662995180115
1790359050.7163575,1.8740119994617999
1790359050.7242708,2.6414149906486273
1790359050.7254608,2.144522004527971
1790359050.7298205,2.6067029975820333
1790359050.7420845,2.2664719726890326
1790359050.746174,1.8661259964574128
1790359050.7653162,22.13074898463674
1790359050.7661088,36.479308997513726
1790359050.7662113,6.11914400360547
1790359050.7664983,2.428403007797897
1790359050.7689126,1.8419150146655738
1790359050.7763157,3.233146999264136
1790359050.77764,2.6838329795282334
1790359050.7797265,1.9433900015428662
1790359050.7853734,3.7277040246408433
1790359050.7862902,2.1970779926050454
1790359050.7905023,8.65997897926718
1790359050.792553,3.0009779729880393
1790359050.8178654,29.161919985199347
1790359050.8276083,30.882859020493925
1790359050.8308992,39.99989599105902
1790359050.8315706,48.58066898304969
1790359050.831949,33.98768900660798
1790359050.837706,33.518059994094074
1790359050.837809,37.84697499941103
1790359050.8380022,45.97413699957542
1790359050.838779,15.913787996396422
1790359050.8391955,11.742827016860247
1790359050.8425217,40.98709099343978
1790359050.8429189,2.1993840055074543
1790359050.8563678,2.015646023210138
1790359050.8711066,65.43000199599192
1790359050.8718255,45.74427398620173
1790359050.871997,31.987374008167535
1790359050.8723547,28.148879995569587
1790359050.872424,50.27438799152151
1790359050.872507,14.992056996561587
1790359050.872829,5.101549002574757
1790359050.884878,2.2039480099920183
1790359050.9086406,9.449389996007085
1790359050.9090745,38.58416399452835
1790359050.909163,5.741405999287963
1790359050.9292707,37.352772982558236
1790359050.9294152,28.005495987599716
1790359050.9295044,13.171408005291596
1790359050.92982,8.932208991609514
1790359050.941115,2.189082995755598
1790359050.9412024,23.692549002589658
1790359050.95221,1.8692350131459534
1790359050.9536505,22.418751002987847
1790359050.9537516,40.926911984570324
1790359050.9538276,14.18108501820825
1790359050.9698393,1.702437992207706
1790359050.9756305,1.698217005468905
1790359050.9886148,2.025495981797576
1790359050.989425,1.6345240001101047
1790359050.9931755,3.3474420197308064
1790359050.993383,3.1101809872779995
1790359050.9936807,2.8831879899371415
1790359050.9941802,2.7838340029120445
1790359051.0002837,1.6838570008985698
1790359051.005186,1.6823530022520572
1790359051.0052452,2.262049005366862
1790359051.0138686,5.009335000067949
1790359051.014127,2.9497829964384437
1790359051.0142322,3.708136995555833
1790359051.0142863,4.223226977046579
1790359051.025824,1.4580429997295141
1790359051.0422451,2.2892899869475514
1790359051.042326,3.9229530084412545
1790359051.0540664,31.469779991311952
1790359051.0547464,18.066146003548056
1790359051.0551887,38.312452990794554
1790359051.0556655,16.404844995122403
1790359051.061349,4.206290002912283
1790359051.0664737,19.537932006642222
1790359051.0798337,27.750101988203824
1790359051.0912511,23.82182699511759
1790359051.0919223,17.906096996739507
1790359051.0927763,41.27958900062367
1790359051.092888,40.12253001565114
1790359051.0929506,5.504001979716122
1790359051.093061,19.59749500383623
1790359051.0971012,1.6366320196539164
1790359051.0996232,1.5852059877943248
1790359051.1001706,1.5596709854435176
1790359051.1050153,1.5748410078231245
1790359051.1297817,1.8285749829374254
1790359051.1392817,2.3707889777142555
1790359051.1420763,29.44288100115955
1790359051.1423013,36.817763990256935
1790359051.1424098,10.914262005826458
1790359051.1429029,3.6056640092283487
1790359051.1504898,1.6510069835931063
1790359051.1505852,3.1532489811070263
1790359051.1665187,1.763981010299176
1790359051.1710064,1.5406849852297455
1790359051.1759872,1.4829429856035858
1790359051.177467,30.542442022124305
1790359051.1815908,33.63353500026278
1790359051.1822689,37.689455988584086
1790359051.1837265,27.23977802088484
1790359051.1845171,5.77054699533619
1790359051.184662,11.571025010198355
1790359051.184779,18.086755007971078
1790359051.1848617,2.532113983761519
1790359051.1876996,1.7002550011966377
1790359051.1913102,1.726096001220867
1790359051.191937,1.389842975186184
1790359051.193699,1.5059919969644397
1790359051.1941755,1.2769830063916743
1790359051.2020276,1.6213269846048206
1790359051.2059379,1.6307829937431961
1790359051.2180154,1.6788780048955232
1790359051.2375581,1.9658389792311937
1790359051.2440305,2.476480003679171
1790359051.2449458,1.8041089933831245
1790359051.2636817,2.392769994912669
1790359051.2645798,2.228055993327871
1790359051.2651215,1.4271170075517148
1790359051.2741342,1.895698980661109
1790359051.3036892,18.578082002932206
1790359051.303879,27.481298020575196
1790359051.308637,38.40288502397016
1790359051.3098073,23.802026989869773
1790359051.3099585,12.06757000181824
1790359051.3107076,3.359449008712545
1790359051.3130884,1.4804280071984977
1790359051.3156772,25.601416011340916
1790359051.3164134,40.57864300557412
1790359051.3173254,9.393751999596134
1790359051.3174884,14.845486002741382
1790359051.3338993,2.068756992230192
1790359051.334506,1.7933550116140395
1790359051.3373897,1.3282060099299997
1790359051.3405757,1.3173600018490106
1790359051.3449783,1.6257259994745255
1790359051.3487737,1.4206840132828802
1790359051.3505132,1.5332760231103748
1790359051.3552008,1.9650989852380008
1790359051.3552666,2.5999369972851127
1790359051.357772,1.3991970045026392
1790359051.3592303,1.4462489925790578
1790359051.361339,1.9987450214102864
1790359051.365443,1.4679899904876947
1790359051.3747065,1.87156000174582
1790359051.3770626,2.3430350120179355
1790359051.3778157,1.7459320079069585
1790359051.3802698,1.2420190032571554
1790359051.3871331,1.9399540033191442
1790359051.3914583,1.7155359964817762
1790359051.399467,1.8627599929459393
1790359051.4010625,1.5838299877941608
1790359051.4031937,1.3261070125736296
1790359051.4076498,1.6546320111956447
1790359051.4116738,1.3437879970297217
1790359051.4294431,1.6937429900281131
1790359051.4319992,1.5551589895039797
1790359051.4369073,1.6280399868264794
1790359051.4390533,1.326171011896804
1790359051.4409332,1.1739530018530786
1790359051.4436588,1.511694019427523
1790359051.452984,1.5320420206990093
1790359051.455164,1.732700999127701
1790359051.4676344,2.286586008267477
1790359051.4821622,10.747199004981667
1790359051.486203,2.348075999179855
1790359051.4868467,1.5441680152434856
1790359051.489567,1.3221540139056742
1790359051.493583,1.625537988729775
1790359051.503905,19.33258300414309
1790359051.509653,22.79493198147975
1790359051.5099535,18.811190006090328
1790359051.5105357,40.928311995230615
1790359051.5113356,3.722663997905329
1790359051.5114977,12.220973003422841
1790359051.5221176,1.7937409866135567
1790359051.538155,37.852294015465304
1790359051.5390224,28.431318991351873
1790359051.5399637,42.12260301574133
1790359051.5400708,5.075624008895829
1790359051.5413432,1.8646020034793764
1790359051.5447164,2.2875549911987036
1790359051.544783,2.7740770019590855
1790359051.5522294,1.379036984872073
1790359051.5589857,1.5976820141077042
1790359051.568945,1.828630018280819
1790359051.579686,23.10349600156769
1790359051.5824277,20.15538699924946
1790359051.582967,34.27088601165451
1790359051.5831254,7.890405977377668
1790359051.588973,1.5769769961480051
1790359051.5938473,1.7981980054173619
1790359051.5948849,1.9283709989394993
1790359051.595612,1.3869529939256608
1790359051.5970826,1.156577025540173
1790359051.611537,1.775648008333519
1790359051.6146963,1.6288029728457332
1790359051.626857,2.368660003412515
1790359051.6290727,3.8776249857619405
1790359051.631041,2.501448994735256
1790359051.63114,2.0570019842125475
1790359051.6315129,4.643101012334228
1790359051.635064,1.7413409950677305
1790359051.6383674,1.2952980177942663
1790359051.6417751,1.2612990103662014
1790359051.6440742,1.5984750061761588
1790359051.6530745,2.168171020457521
1790359051.653205,3.0313899915199727
1790359051.6629598,3.080847003730014
1790359051.6638105,1.563074009027332
1790359051.6684787,1.730241987388581
1790359051.6739597,16.297025984385982
1790359051.6797087,18.775945995002985
1790359051.685824,2.9630769859068096
1790359051.686808,2.0564520091284066
1790359051.6904716,24.3203470017761
1790359051.690576,1.8491249938961118
1790359051.6952364,17.8494639985729
1790359051.6959493,2.113755006575957
1790359051.6964397,12.429875001544133
1790359051.6968455,41.357493988471106
1790359051.6972191,8.998806995805353
1790359051.6972992,6.004365015542135
1790359051.700332,1.5189480036497116
1790359051.7036865,1.4225869963411242
1790359051.7057493,1.4961439883336425
1790359051.7079747,1.370191021123901
1790359051.7093048,1.321502000791952
1790359051.7140884,1.701366010820493
1790359051.715474,1.3733569940086454
1790359051.7187152,1.2791859917342663
1790359051.741954,1.8925960175693035
1790359051.7449374,2.4850800109561533
1790359051.7459886,1.7739069880917668
1790359051.7472882,1.2903079914394766
1790359051.7487297,1.4320379996206611
1790359051.7505713,1.3199779787100852
1790359051.7686038,1.6796700074337423
1790359051.7873,31.304999021813273
1790359051.7883453,2.0796210155822337
1790359051.794138,1.6022879863157868
1790359051.8105958,1.5875340031925589
1790359051.8174036,3.172311990056187
1790359051.818325,1.5834579826332629
1790359051.8214648,1.4418470091186464
1790359051.824741,1.836210023611784
1790359051.8251374,2.6690659869927913
1790359051.8268642,1.430576987331733
1790359051.8324752,2.232993021607399
1790359051.8331766,1.403141999617219
1790359051.8407733,1.7188719939440489
1790359051.8431647,1.6438419988844544
1790359051.8489056,1.601963012944907
1790359051.8553917,1.4254619891289622
1790359051.8628995,2.0305539947003126
1790359051.87453,1.8125639762729406
1790359051.8903198,1.8771100149024278
1790359051.8923357,2.910608978709206
1790359051.8943713,3.021096985321492
1790359051.8951054,1.7772919964045286
1790359051.9003751,1.249049004400149
1790359051.9185393,1.6670000040903687
1790359051.9239666,26.35136997560039
1790359051.9260979,1.5833590005058795
1790359051.9313598,16.26583602046594
1790359051.9319413,35.77437502099201
1790359051.9319997,9.56799800042063
1790359051.9364905,1.5949880180414766
1790359051.9452846,1.765130989952013
1790359051.9495885,1.5174910076893866
1790359051.9621465,3.578450996428728
1790359051.96314,2.789233985822648
1790359051.9803588,22.807127999840304
1790359051.985727,26.16735699120909
1790359051.9971416,36.292945995228365
1790359052.003304,46.3381560111884
1790359052.0041492,25.456102011958137
1790359052.0045826,14.456502016400918
1790359052.0047193,7.319730997551233
1790359052.0048196,28.568671987159178
1790359052.018462,43.0243739974685
1790359052.018726,30.648570973426104
1790359052.0209937,15.1602320256643
1790359052.0210829,11.308440996799618
1790359052.021143,24.5816650276538
1790359052.0302882,22.194126999238506
1790359052.0408926,25.592667021555826
1790359052.040981,39.31396300322376
1790359052.0521042,1.7027459980454296
1790359052.0583036,1.6496919852215797
1790359052.0931585,19.06176598276943
1790359052.093667,35.31746499356814
1790359052.0942547,9.844061016337946
1790359052.0943213,2.512117993319407
1790359052.1041503,21.434397000120953
1790359052.104448,35.38589901290834
1790359052.10616,5.353852000553161
1790359052.1062346,16.84447401203215
1790359052.1071098,1.570765016367659
1790359052.1105113,1.3988459832035005
1790359052.1134162,2.0406729890964925
1790359052.1134994,1.6916779859457165
1790359052.1205738,1.7602950101718307
1790359052.1256793,1.5103390032891184
1790359052.1401093,1.6243789868894964
1790359052.1495905,1.7615730175748467
1790359052.1515155,2.62704401393421
1790359052.1594062,1.5858100086916238
1790359052.1644628,1.814864983316511
1790359052.1709473,1.4808029809501022
1790359052.1731963,1.3758069835603237
1790359052.1750932,1.3346420018933713
1790359052.1776779,1.4482240076176822
1790359052.1782336,1.1847949936054647
1790359052.181844,1.5038060082588345
1790359052.1897979,1.5755149943288416
1790359052.1926353,1.850703003583476
1790359052.2064784,1.585265010362491
1790359052.2200353,1.8737079808488488
1790359052.2406557,31.289611011743546
1790359052.2418585,33.1148499972187
1790359052.2419245,4.291357006877661
1790359052.2472098,2.476651017786935
1790359052.2481666,1.841178978793323
1790359052.2530613,1.569935993757099
1790359052.2635095,2.5603400135878474
1790359052.2641098,1.830975990742445
1790359052.2708838,1.564673992106691
1790359052.29917,2.322174987057224
1790359052.305617,1.685469993390143
1790359052.3075953,1.5252270095515996
1790359052.3109663,1.4957830135244876
1790359052.3137841,2.3262350005097687
1790359052.3141348,2.054744982160628
1790359052.3188853,1.9326230103615671
1790359052.3498578,32.041466009104624
1790359052.3566391,12.650353979552165
1790359052.3613546,18.165129993576556
1790359052.3683121,20.951551996404305
1790359052.3685408,43.47564501222223
1790359052.3686163,16.260421980405226
1790359052.3787107,30.411125015234575
1790359052.3789375,34.127892984542996
1790359052.3848746,21.143346006283537
1790359052.3901649,32.01435998198576
1790359052.3949351,28.202352987136692
1790359052.3951802,48.66596398642287
1790359052.4063551,40.478299983078614
1790359052.4074037,19.91631998680532
1790359052.4074936,51.93751401384361
1790359052.4075637,27.133613999467343
1790359052.4076514,16.21219699154608
1790359052.4105268,1.6686099988874048
1790359052.411391,25.52781399572268
1790359052.4116733,21.36899999459274
1790359052.4302728,25.920986983692273
1790359052.4304817,42.260486021405086
1790359052.4314022,7.6929710048716515
1790359052.4314933,21.696726995287463
1790359052.4350247,3.3044030133169144
1790359052.43579,2.4856720119714737
1790359052.4514153,1.6799820004962385
1790359052.4548466,33.12473100959323
1790359052.455386,1.2824439909309149
1790359052.4575987,36.43368900520727
1790359052.4579308,27.64211400062777
1790359052.4584744,25.923612993210554
1790359052.4591007,24.54416101682
1790359052.459217,6.258609006181359
1790359052.469253,1.4291630068328232
1790359052.471103,1.293585984967649
1790359052.4745555,1.320823997957632
1790359052.4766297,1.4254239795263857
1790359052.4812224,2.1445699967443943
1790359052.482165,1.9002579792868346
1790359052.4938855,1.9455699948593974
1790359052.4996533,1.4683330082334578
1790359052.50146,1.5175919979810715
1790359052.5124528,1.7357059987261891
1790359052.5227973,1.6097229963634163
1790359052.5346732,29.630039003677666
1790359052.5348547,22.390900005120784
1790359052.5360312,35.23146698717028
1790359052.5371642,3.5084410046692938
1790359052.537228,2.3638300190214068
1790359052.5391834,1.349073980236426
1790359052.5442212,1.9539359782356769
1790359052.5451486,1.705172995571047
1790359052.552095,1.9091949798166752
1790359052.5645285,2.2280910052359104
1790359052.574944,1.9687360036186874
1790359052.5770454,1.5376749797724187
1790359052.5854666,1.8695510225370526
1790359052.5869303,1.452691009035334
1790359052.5897548,1.3270060007926077
1790359052.5916286,1.5005460008978844
1790359052.593001,1.363645977107808
1790359052.5976748,1.5629380068276078
1790359052.609315,1.886873011244461
1790359052.6361938,1.875407004263252
1790359052.6412315,2.3231209779623896
1790359052.6460366,1.7542070127092302
1790359052.654929,2.1126409992575645
1790359052.6623335,2.4334199842996895
1790359052.664545,1.8820670084096491
1790359052.679236,28.065863996744156
1790359052.6793654,24.869462999049574
1790359052.6794689,37.00119798304513
1790359052.67977,18.038303998764604
1790359052.6804118,17.17780900071375
1790359052.69252,2.5321459979750216
1790359052.6999629,3.008330997545272
1790359052.7006536,4.580733017064631
1790359052.70201,2.19740899046883
1790359052.7073197,1.760617014952004
1790359052.716488,1.96608598344028
1790359052.7216806,2.4059029819909483
1790359052.7218053,2.453284017974511
1790359052.7306619,1.9881589978467673
1790359052.7354221,1.7330909904558212
1790359052.73913,1.7391220026183873
1790359052.7417245,1.4083980058785528
1790359052.7623742,1.6996839840430766
1790359052.7716703,1.3541030057240278
1790359052.7867177,32.49157700338401
1790359052.787143,21.74409999861382
1790359052.7933319,40.90972899575718
1790359052.797943,24.86221501021646
1790359052.8031158,23.35293299984187
1790359052.8131704,21.85818599537015
1790359052.8133261,13.592598988907412
1790359052.813405,37.580495001748204
1790359052.8193736,31.238098978064954
1790359052.8197927,1.6820959863252938
1790359052.822012,40.70882999803871
1790359052.8227715,30.732008017366752
1790359052.822836,15.945162012940273
1790359052.8259254,1.7220260051544756
1790359052.8269243,1.7629159847274423
1790359052.8300967,1.4210859953891486
1790359052.8474238,6.391142989741638
1790359052.8476636,6.479122996097431
1790359052.8550017,1.7593259981367737
1790359052.8592463,1.646058983169496
1790359052.8684645,3.6931059730704874
1790359052.8687327,3.488282993203029
1790359052.8693538,2.9041139932814986
1790359052.8711061,1.6161370149347931
1790359052.8716352,1.3588860165327787
1790359052.8743365,1.3768100179731846
1790359052.8755577,1.2117459846194834
1790359052.8898199,1.8125589995179325
1790359052.8975003,1.8839040130842477
1790359052.9051776,2.943778003100306
1790359052.915295,1.4623120077885687
1790359052.9242473,1.521774014690891
1790359052.9288259,1.5686239930801094
1790359052.9329412,22.178926010383293
1790359052.9379168,36.282517976360396
1790359052.9382324,19.895981007721275
1790359052.9384458,12.55399000365287
1790359052.9399107,1.4543739962391555
1790359052.944464,2.0734760037157685
1790359052.9450383,2.100014011375606
1790359052.9460018,1.52881201938726
1790359052.9514754,1.8453529919497669
1790359052.952078,1.4175990072544664
1790359052.9566693,1.5535040001850575
1790359052.9602664,1.8734860059339553
1790359052.963064,1.4491240144707263
1790359052.9677534,1.544721977552399
1790359052.9790397,1.5993200067896396
1790359052.9809978,1.3154709886293858
1790359052.9824305,1.1252420081291348
1790359052.993908,3.34060299792327
1790359053.001688,2.6352220156695694
1790359053.004106,2.400044002570212
1790359053.0093548,1.9776980043388903
1790359053.0104,1.4763560029678047
1790359053.0129504,1.622448005946353
1790359053.0135667,1.385543990181759
1790359053.0212746,1.6945020179264247
1790359053.0526097,3.7424399924930185
1790359053.052725,3.2671729859430343
1790359053.0533586,1.880069001344964
1790359053.0536017,2.7103080064989626
1790359053.0603218,1.6330450016539544
1790359053.0622034,1.8713890167418867
1790359053.0633886,1.9479800248518586
1790359053.0640147,1.3932950096204877
1790359053.067362,1.4626900083385408
1790359053.0728188,1.7695300048217177
1790359053.0808973,1.7511559999547899
1790359053.0872357,1.635104010347277
1790359053.0898042,1.6855860012583435
1790359053.0921862,1.5654080198146403
1790359053.0929518,1.779040991095826
1790359053.0994968,1.9444470235612243
1790359053.1017537,2.1482840238604695
1790359053.1018102,1.740253996104002
1790359053.1065533,1.6013529966585338
1790359053.1107824,2.0046259742230177
1790359053.1139007,1.6787679924163967
1790359053.1145868,1.786625012755394
1790359053.1189396,1.3965039979666471
1790359053.122521,1.2688950228039175
1790359053.1322773,1.7899690137710422
1790359053.1326373,1.4956429949961603
1790359053.1513848,1.8146690272260457
1790359053.1586988,2.602260996354744
1790359053.1592612,1.9252210040576756
1790359053.173866,2.93488398892805
1790359053.174795,20.318760012742132
1790359053.1749983,35.504435014445335
1790359053.1756275,18.912586994701996
1790359053.1757183,39.47377600707114
1790359053.1758282,4.126430983887985
1790359053.1760135,9.081158990738913
1790359053.1872947,1.4816699840594083
1790359053.190377,1.5297460195142776
1790359053.2152681,31.39818098861724
1790359053.2162867,2.129449974745512
1790359053.2164536,33.159057988086715
1790359053.216798,20.120000990573317
1790359053.216864,28.73580000596121
1790359053.2243323,2.6332300039939582
1790359053.224392,2.2046439989935607
1790359053.2260535,1.2285819975659251
1790359053.229338,1.302179996855557
1790359053.774782,2.893476019380614
1790359053.7755973,1.8734559998847544
1790359053.7814407,1.4645739865954965
1790359053.7848291,1.2201629870105535
1790359053.7931607,2.3126190062612295
1790359053.7963786,1.4756859745830297
1790359053.8037071,1.3898389879614115
1790359053.809518,21.341131010558456
1790359053.8104978,28.386161982780322
1790359053.8112683,33.797404990764335
1790359053.8113894,5.554129980737343
1790359053.8117652,13.351053989026695
1790359053.811861,19.53775598667562
1790359053.8366096,1.4849099970888346
1790359053.8421152,1.4108619943726808
1790359053.8497686,30.894003983121365
1790359053.8503416,16.929190984228626
1790359053.8504128,12.110519979614764
1790359053.852848,1.2440790014807135
1790359053.8543189,1.3207419833634049
1790359053.8595576,1.4431540039367974
1790359053.8640664,1.7538570100441575
1790359053.865576,1.4990770141594112
1790359053.8691072,1.3770460209343582
1790359053.8743172,1.3554640172515064
1790359053.8819408,1.6632400220260024
1790359053.8917093,1.8409819749649614
1790359053.9019532,1.6097259940579534
1790359053.9107049,1.720367989037186
1790359053.9176881,2.3078839876689017
1790359053.9178283,2.9434759926516563
1790359053.9188757,1.8739040242508054
1790359053.9194255,1.2988169910386205
1790359053.9224143,1.340068003628403
1790359053.9254696,1.4950879849493504
1790359053.929852,1.4671060198452324
1790359053.9381795,1.6606150020379573
1790359053.941601,1.6121400112751871
1790359053.945822,1.3842630141880363
1790359053.9496508,1.3590629969257861
1790359053.9551477,2.213423023931682
1790359053.9655051,1.421783003024757
1790359053.9677258,1.5200470224954188
1790359053.9748158,2.174098015530035
1790359053.9757173,1.550472981762141
1790359053.9812045,2.60428900946863
1790359053.9815936,2.482790994690731
1790359053.9837725,1.3323180028237402
1790359053.9878557,1.4822960074525326
1790359054.005074,1.774062984623015
1790359054.0113046,1.6416719881817698
1790359054.0211103,1.7525220173411071
1790359054.0283027,1.2633079895749688
1790359054.0467772,27.969271002802998
1790359054.04788,37.367744982475415
1790359054.0489924,19.65507899876684
1790359054.0491323,9.89803101401776
1790359054.0492828,23.21516998927109
1790359054.0501182,1.7452130268793553
1790359054.056847,1.7367179971188307
1790359054.0630553,27.58794100373052
1790359054.064338,2.016068989178166
1790359054.0665674,37.81827699276619
1790359054.066746,21.427430998301134
1790359054.068649,16.05020198621787
1790359054.0688536,12.395801983075216
1790359054.0689688,5.626986996503547
1790359054.0697105,2.283142996020615
1790359054.0714219,1.3565759873017669
1790359054.0925071,1.6999130020849407
1790359054.105663,33.240999007830396
1790359054.1057708,24.652335996506736
1790359054.1060748,9.074080007849261
1790359054.1112368,1.6824619960971177
1790359054.1176035,2.6673200190998614
1790359054.117694,2.273363003041595
1790359054.13121,1.9412629771977663
1790359054.1559334,26.122153998585418
1790359054.1563084,33.34310799255036
1790359054.1563923,10.030712990555912
1790359054.1593568,1.4484729908872396
1790359054.1670318,26.343037985498086
1790359054.1678774,15.120625990675762
1790359054.167989,34.370774985291064
1790359054.1680715,6.484729005023837
1790359054.1697211,1.5643659862689674
1790359054.173239,1.263729005586356
1790359054.1794107,1.514119008788839
1790359054.1819634,1.4791190042160451
1790359054.1851556,1.623036019736901
1790359054.1930587,1.6297319962177426
1790359054.1969209,1.6176569915842265
1790359054.2003653,1.664626004640013
1790359054.2026737,1.282457000343129
1790359054.2041187,1.2720049999188632
1790359054.2068028,2.320864994544536
1790359054.2074764,1.230774010764435
1790359054.2399614,14.308739977423102
1790359054.2400546,34.63122001267038
1790359054.242023,1.543192978715524
1790359054.2582114,28.506261995062232
1790359054.2589757,36.993385991081595
1790359054.2594376,16.385491006076336
1790359054.2611012,1.6518549819011241
1790359054.2631993,2.087183005642146
1790359054.2733912,1.67045698617585
1790359054.294385,2.6971740007866174
1790359054.3045602,1.667101023485884
1790359054.3145869,2.066724991891533
1790359054.3146603,2.8503399807959795
1790359054.32243,2.0093590137548745
1790359054.3280938,2.208643010817468
1790359054.33729,1.8340880051255226
1790359054.3704922,31.16999298799783
1790359054.3815203,41.58552101580426
1790359054.3816257,40.81254900665954
1790359054.382118,53.17663500318304
1790359054.382204,40.62839999096468
1790359054.3830059,28.46149998367764
1790359054.3838785,45.950683997944
1790359054.3849473,23.454910988220945
1790359054.3853812,28.583090024767444
1790359054.4055896,42.02234500553459
1790359054.4090867,61.3922179909423
1790359054.4092743,53.18529100622982
1790359054.4110458,45.74385401792824
1790359054.411422,50.50127400318161
1790359054.4119184,49.45312300696969
1790359054.4141955,50.03584301448427
1790359054.4148257,67.84076601616107
1790359054.4158673,29.56628499669023
1790359054.4162924,33.38333999272436
1790359054.4163673,19.962270016549155
1790359054.4165785,46.895202016457915
1790359054.4168684,14.844919001916423
1790359054.41695,45.311336987651885
1790359054.4249868,29.722627019509673
1790359054.4260035,41.04434797773138
1790359054.4266207,29.01029700296931
1790359054.4280536,15.094139002030715
1790359054.4281604,62.35152800218202
1790359054.4284694,5.2210650173947215
1790359054.4290252,26.191348006250337
1790359054.4291844,29.322914982913062
1790359054.4292598,3.2444249955005944
1790359054.4325268,1.6126769769471139
1790359054.435981,1.5738229849375784
1790359054.4364908,1.4589210040867329
1790359054.4421058,1.6527460247743875
1790359054.4487948,2.5269159814342856
1790359054.449121,2.160814998205751
1790359054.4631152,2.6848799898289144
1790359054.4741979,1.8090179946739227
1790359054.4847093,28.064297017408535
1790359054.4853234,2.2545340179931372
1790359054.4910755,7.404029980534688
1790359054.491573,39.80432800017297
1790359054.491726,4.141120996791869
1790359054.4917908,20.769783994182944
1790359054.4919758,15.0165919912979
1790359054.49295,3.3140119921881706
1790359054.5101688,1.713642996037379
1790359054.528689,22.40884001366794
1790359054.5287755,11.11093198414892
1790359054.5289063,36.39656602172181
1790359054.5295017,3.770339011680335
1790359054.5295584,2.9065659909974784
1790359054.554779,2.2625609999522567
1790359054.560581,26.26826401683502
1790359054.56755,34.248165000462905
1790359054.5679448,9.754644997883588
1790359054.5850308,2.172557986341417
1790359054.5875642,1.4999790000729263
1790359054.6053643,1.4263370248954743
1790359054.6149087,2.105834981193766
1790359054.6219053,2.0397469925228506
1790359054.6244178,1.6548539861105382
1790359054.6331291,2.120739984093234
1790359054.6368256,24.543125997297466
1790359054.637037,35.03502698731609
1790359054.6390536,19.80636900407262
1790359054.6392462,39.465470996219665
1790359054.6399274,16.361054993467405
1790359054.6405983,19.533534010406584
1790359054.6407442,3.578847012249753
1790359054.6418743,1.7365670064464211
1790359054.6564333,2.1313769975677133
1790359054.6629233,1.9024199864361435
1790359054.6834798,26.524546992732212
1790359054.6837938,20.13947899104096
1790359054.6841395,41.067026992095634
1790359054.684218,4.636380006559193
1790359054.7006984,1.7272869881708175
1790359054.7037086,32.66193700255826
1790359054.704227,41.23072899528779
1790359054.7046382,12.105978006729856
1790359054.7047555,3.1668529845774174
1790359054.710623,1.78259500535205
1790359054.7106862,2.6255580014549196
1790359054.713065,1.6475269803777337
1790359054.7199383,1.8859859846998006
1790359054.7221065,2.041461004409939
1790359054.7223983,2.872367011150345
1790359054.7224543,1.5859130071476102
1790359054.7319634,1.8819940160028636
1790359054.7325244,1.5747879806440324
1790359054.782263,17.944922001333907
1790359054.7824345,14.805070997681469
1790359054.7825708,40.05077699548565
1790359054.782928,8.29094200162217
1790359054.783489,24.983973999042064
1790359054.7911158,24.992453021695837
1790359054.791505,41.90964298322797
1790359054.7916248,18.281294003827497
1790359054.7951348,1.685703988187015
1790359054.8082187,1.9254609942436218
1790359054.8116806,1.6645879950374365
1790359054.823023,2.399896999122575
1790359054.8270566,29.840589995728806
1790359054.8296027,1.7770680133253336
1790359054.8300004,21.15928099374287
1790359054.830592,37.66818600706756
1790359054.8307078,18.573712004581466
1790359054.8307688,8.593389997258782
1790359054.8401415,1.6878550231922418
1790359054.847786,1.5713740140199661
1790359054.8669562,1.7062519909814
1790359054.877626,2.6317879965063184
1790359054.8856833,1.7792459984775633
1790359054.8871267,1.4217740099411458
1790359054.8885622,1.3306119944900274
1790359054.9286807,27.127295004902408
1790359054.928802,35.30940899509005
1790359054.9294572,5.27491798857227
1790359054.9492383,2.1691610163543373
1790359054.9500163,26.890525012277067
1790359054.9503212,12.060985987773165
1790359054.9513333,37.281536002410576
1790359054.9514105,3.6844809947069734
1790359054.953784,1.7031749885063618
1790359054.9654531,3.276361007010564
1790359054.9672904,4.32013301178813
1790359054.9677422,1.9906919915229082
1790359054.967836,4.008212999906391
1790359054.9679043,3.2300220045726746
1790359054.9728634,1.540350989671424
1790359054.979948,3.9623180055059493
1790359054.980031,3.016928007127717
1790359054.9802356,3.791020018979907
1790359054.9807217,2.930833987193182
1790359054.983145,1.7627050110604614
1790359054.9844346,1.7243440088350326
1790359054.9916892,1.8999999738298357
1790359054.995176,1.3939660275354981
1790359055.0036097,2.1729799918830395
1790359055.015888,1.9240989931859076
1790359055.0343368,21.865387010620907
1790359055.0352342,20.549044013023376
1790359055.035308,2.545663999626413
1790359055.0381877,2.2490809787996113
1790359055.0388007,1.4507209998555481
1790359055.0438771,1.4167280169203877
1790359055.0466888,13.16728099482134
1790359055.0476153,36.545515002217144
1790359055.0488093,7.747315015876666
1790359055.0489876,12.126318993978202
1790359055.04915,4.43684498895891
1790359055.0497136,1.9951339927501976
1790359055.0521507,1.9900089828297496
1790359055.0531583,1.4176580007188022
1790359055.0545669,1.1160930152982473
1790359055.0576653,1.5389999898616225
1790359055.074797,1.8571550026535988
1790359055.0751255,1.6217060037888587
1790359055.0774224,1.181461993837729
1790359055.0851703,1.6640730027575046
1790359055.0885396,1.3574209879152477
1790359055.0964065,1.4821160002611578
1790359055.1077332,2.51206400571391
1790359055.1130333,1.4995310048107058
1790359055.1158304,1.6178890073206276
1790359055.1248949,1.6117289778776467
1790359055.1282516,1.550407992908731
1790359055.1638937,8.13886898686178
1790359055.1690576,14.779424003791064
1790359055.1764271,28.589976980583742
1790359055.1825204,26.219385996228084
1790359055.182627,27.630442986264825
1790359055.1827102,41.59323000931181
1790359055.186812,3.2213599770329893
1790359055.1868947,2.397596021182835
1790359055.1923797,1.4865600096527487
1790359055.19294,23.335735022556037
1790359055.1939454,9.585368999978527
1790359055.1940856,5.623925011605024
1790359055.194666,2.275623002788052
1790359055.1947525,43.876516981981695
1790359055.2090764,2.1435520029626787
1790359055.209455,1.93567801034078
1790359055.2095919,3.2880129874683917
1790359055.218946,1.588660990819335
1790359055.2511466,38.329303002683446
1790359055.251307,11.762231995817274
1790359055.2513938,28.470086021116003
1790359055.2568822,21.09367400407791
1790359055.2574437,37.59513498516753
1790359055.2575173,15.943689999403432
1790359055.2612116,1.6488709952682257
1790359055.2694793,1.8227270047646016
1790359055.2788265,1.844723999965936
1790359055.2832563,1.4152889780234545
1790359055.2933793,1.527562999399379
1790359055.296691,23.00045100855641
1790359055.303656,24.817419005557895
1790359055.304302,35.564817022532225
1790359055.3049622,6.320495973341167
1790359055.30505,14.150003000395373
1790359055.3093324,2.1965870109852403
1790359055.3124878,1.6340339789167047
1790359055.320505,1.8910990038421005
1790359055.324506,2.1252860024105757
1790359055.3456216,29.808477993356064
1790359055.3467965,38.3957680023741
1790359055.3476214,28.424770018318668
1790359055.3582754,34.71170601551421
1790359055.3649936,38.952444010647014
1790359055.365354,26.169222983298823
1790359055.3667305,25.323559995740652
1790359055.3673143,42.043443012516946
1790359055.367431,6.4241540094371885
1790359055.3675864,3.5626089957077056
1790359055.3748763,1.8222220242023468
1790359055.384979,58.57082500006072
1790359055.3852005,26.13720900262706
1790359055.3859143,23.076941986801103
1790359055.386758,18.925275013316423
1790359055.3870585,5.7037520164158195
1790359055.3916407,2.0129019976593554
1790359055.3917327,2.966350002679974
1790359055.3959856,2.8312659997027367
1790359055.3960636,2.356509998207912
1790359055.3964646,2.012381999520585
1790359055.3996072,1.510942995082587
1790359055.402178,1003.649416990811
1790359055.4035523,1.3633359922096133
1790359055.4160202,1.85370200779289
1790359055.4195418,1.461990992538631
1790359055.423481,1.639661000808701
1790359055.424087,1.531384012196213
1790359055.4366527,1.7631869995966554
1790359055.4391844,1.574274996528402
1790359055.439727,1.3757339911535382
1790359055.4512942,1.7852279997896403
1790359055.454537,1.3223650166764855
1790359055.4704137,1.5977300063241273
1790359055.484163,23.608956020325422
1790359055.4846497,32.48895000433549
1790359055.484723,7.076762994984165
1790359055.4857917,1079.3237420148216
1790359055.486067,3.772666008444503
1790359055.4861207,7.210067997220904
1790359055.5005302,1.7173550149891526
1790359055.507872,29.71319601056166
1790359055.5085611,26.880377990892157
1790359055.5092995,34.0070050151553
1790359055.5094776,7.026720006251708
1790359055.5095515,12.305829994147643
1790359055.5115802,1.4058689994271845
1790359055.5173707,1.6706300084479153
1790359055.5176318,1.3647569867316633
1790359055.5215209,2.6344539946876466
1790359055.5216367,2.2308320039883256
1790359055.5269852,1.5599559992551804
1790359055.5358114,5.246290005743504
1790359055.536017,4.988936008885503
1790359055.5446463,1.8214680021628737
1790359055.5536745,2.424250007607043
1790359055.5600572,1.761330000590533
1790359055.5803535,25.57540198904462
1790359055.5858896,25.36798600340262
1790359055.5861225,18.10913099325262
1790359055.5918505,26.606314000673592
1790359055.5994816,47.698316018795595
1790359055.6003993,26.96168000693433
1790359055.6007092,36.671806999947876
1790359055.601387,26.085560995852575
1790359055.615332,41.26865800935775
1790359055.6154644,38.05579201434739
1790359055.6241586,34.6705490082968
1790359055.6280558,40.177638991735876
1790359055.6333585,31.248791987309232
1790359055.6350121,62.353421992156655
1790359055.6353993,27.22349500982091
1790359055.6358473,55.36321300314739
1790359055.637378,26.47228501155041
1790359055.6378844,21.63926200591959
1790359055.6386316,6.127122993348166
1790359055.6400642,37.36410697456449
1790359055.6596775,49.33778999838978
1790359055.6602874,48.77917200792581
1790359055.660767,57.25628201616928
1790359055.6614292,29.682182997930795
1790359055.6620057,25.137769989669323
1790359055.6620796,20.319943985668942
1790359055.6729531,35.056096996413544
1790359055.6746607,40.53046100307256
1790359055.6748264,17.508193996036425
1790359055.7039921,23.89518902054988
1790359055.7040973,23.1331679970026
1790359055.7056391,38.16234500845894
1790359055.7110648,37.37435501534492
1790359055.7118495,16.215008014114574
1790359055.7122633,12.980872008483857
1790359055.7145505,1.4979609986767173
1790359055.7197287,52.7331700141076
1790359055.725848,2.091471978928894
1790359055.7259367,45.166923984652385
1790359055.7413971,62.228112015873194
1790359055.7414978,54.99691498698667
1790359055.7435617,44.946765003260225
1790359055.744343,39.6645620057825
1790359055.7451813,29.24423702643253
1790359055.745854,5.992160993628204
1790359055.746158,15.535614016698673
1790359055.7471652,4.696091025834903
1790359055.7481678,1.9972760055679828
1790359055.7550542,1.8757240031845868
1790359055.7587671,1.500288984971121
1790359055.7700849,31.524846999673173
1790359055.7747447,37.48963799444027
1790359055.7753203,33.807862986577675
1790359055.7756016,30.406953999772668
1790359055.775938,25.92714800266549
1790359055.7764215,22.261386999161914
1790359055.7829535,1.4504709979519248
1790359055.794538,1.7248639778699726
1790359055.8022287,13.085137004964054
1790359055.8023398,34.53724898281507
1790359055.812326,1.9286229799035937
1790359055.8190677,1.6370699740946293
1790359055.8275476,2.8626480197999626
1790359055.8540027,1.9529259880073369
1790359055.858915,34.842266992200166
1790359055.8598254,12.299324997002259
1790359055.8599222,5.194875993765891
1790359055.86277,1.985662995139137
1790359055.8628309,2.6999739930033684
1790359055.8717709,2.3856600164435804
1790359055.8781667,1.459160994272679
1790359055.883504,1.5461330185644329
1790359055.8855112,1.243710983544588
1790359055.8886552,1.2723690015263855
1790359055.8902574,1.5149569953791797
1790359055.8911622,1.5365089930128306
1790359055.9032826,2.4825459986459464
1790359055.9033482,1.8994440033566207
1790359055.9078076,1.3206599978730083
1790359055.91715,1.8298210052307695
1790359055.922384,2.202114003011957
1790359055.9280925,1.524694002000615
1790359055.9332366,1.4050659956410527
1790359055.962427,14.219952980056405
1790359055.9625204,32.35781300463714
1790359056.0103357,39.617500005988404
1790359056.0109072,38.94996902090497
1790359056.0113227,28.674692992353812
1790359056.0120955,46.50786201818846
1790359056.0123332,25.5362989846617
1790359056.0137236,36.518507986329496
1790359056.0140333,14.51147100306116
1790359056.0141222,50.66302401246503
1790359056.0142477,20.7880700181704
1790359056.0150194,39.92550799739547
1790359056.015147,51.14504901575856
1790359056.0153124,23.2219010067638
1790359056.0159056,16.93213198450394
1790359056.016178,2.980454999487847
1790359056.026713,2.0208069763612
1790359056.0276508,1.3569059956353158
1790359056.0350995,1.5964120102580637
1790359056.0368967,1.374155021039769
1790359056.0425718,2.2632369946222752
1790359056.0550947,2.4180990003515035
1790359056.0551577,2.670979010872543
1790359056.0580275,1.2394759978633374
1790359056.067026,1.365550997434184
1790359056.0920062,30.587191984523088
1790359056.0923483,34.11901701474562
1790359056.0974174,20.611807995010167
1790359056.1053286,22.244357998715714
1790359056.109684,36.30988500663079
1790359056.109766,13.908248016377911
1790359056.113755,20.09559900034219
1790359056.1154492,16.25107097788714
1790359056.1400437,43.669751001289114
1790359056.1442657,32.00665500480682
1790359056.1447673,43.12533201300539
1790359056.1453614,8.779273979598656
1790359056.146105,3.053956985240802
1790359056.1461816,5.275859002722427
1790359056.1503766,1.6631979960948229
1790359056.1606612,57.29991299449466
1790359056.1658263,81.70203599729575
1790359056.166104,39.175279991468415
1790359056.1678958,21.49535799981095
1790359056.1680095,5.567917018197477
1790359056.1680903,25.689240981591865
1790359056.1682067,65.65057899570093
1790359056.1682954,27.981735998764634
1790359056.1688538,2.592256001662463
1790359056.1705933,1.175550016341731
1790359056.1731527,1.6912969877012074
1790359056.173743,1.281817996641621
1790359056.1762486,1.2717189965769649
1790359056.2231846,26.255353004671633
1790359056.2288406,46.49978401721455
1790359056.2290902,40.293078985996544
1790359056.2292004,37.312633998226374
1790359056.2293246,11.853969015646726
1790359056.2298174,5.58574398746714
1790359056.2389581,1.6542600060347468
1790359056.243444,1.710965996608138
1790359056.2447,21.19055500952527
1790359056.2451093,1.3223510177340358
1790359056.2539115,2.6498820225242525
1790359056.2568533,52.411982003832236
1790359056.2571402,16.88397501129657
1790359056.258029,15.299279999453574
1790359056.2586327,27.924338006414473
1790359056.259098,12.52625699271448
1790359056.259171,4.271835990948603
1790359056.2642643,1.5357749944087118
1790359056.2718518,2.327883994439617
1790359056.271915,1.9042750063817948
1790359056.2733548,1.1541089916136116
1790359056.2980807,2.3178979754447937
1790359056.3015609,1.5328570152632892
1790359056.3108385,1.606155012268573
1790359056.3205984,1.634988992009312
1790359056.3237474,1.3690670020878315
1790359056.3254697,1.2076389975845814
1790359056.3328307,1.7105609877035022
1790359056.336546,2.2237450175452977
1790359056.3376415,2.0594680099748075
1790359056.3381925,1.2484669859986752
1790359056.352549,2.446416998282075
1790359056.377076,28.03947401116602
1790359056.38364,24.14326401776634
1790359056.3844044,42.337470018537715
1790359056.404494,2.6122919807676226
1790359056.4057398,31.3882670016028
1790359056.4125664,3.441243985434994
1790359056.4147463,4.209386999718845
1790359056.4148283,2.2492150019388646
1790359056.417194,44.992075010668486
1790359056.4172854,11.241433006944135
1790359056.4185696,7.405950018437579
1790359056.418651,8.84768200921826
1790359056.4379945,2.643700019689277
1790359056.4402714,2.0530149922706187
1790359056.4535306,35.69951798999682
1790359056.4551287,7.873864989960566
1790359056.463809,26.701489987317473
1790359056.464115,24.77073299814947
1790359056.477347,24.889043997973204
1790359056.4808078,32.280390994856134
1790359056.4873984,28.41990499291569
1790359056.4879596,41.46801799652167
1790359056.488071,22.933825006475672
1790359056.4939892,37.86048697656952
1790359056.4949903,35.28852399904281
1790359056.495077,47.280403989134356
1790359056.4959025,26.53807302704081
1790359056.4962156,23.34648498799652
1790359056.4972358,14.630003977799788
1790359056.497334,16.512856003828347
1790359056.51099,40.7134180131834
1790359056.512963,1.957236003363505
1790359056.5172906,39.37243900145404
1790359056.5185559,2.326228015590459
1790359056.5227249,40.832753002177924
1790359056.5285878,23.610175005160272
1790359056.530433,17.32918099150993
1790359056.5305216,3.3536700066179037
1790359056.5306196,4.127709020394832
1790359056.530688,59.8113389860373
1790359056.535876,1.9767229969147593
1790359056.541003,2.441759977955371
1790359056.5410786,1.853994996054098
1790359056.5448418,1.820843986934051
1790359056.5510938,1.823047990910709
1790359056.5534186,1.5876689867582172
1790359056.5541024,1.5065080078784376
1790359056.5603929,2.4872289795894176
1790359056.5652454,2.180608018534258
1790359056.565898,1.7872279859147966
1790359056.5698924,2.1786169963888824
1790359056.5759628,2.439165982650593
1790359056.5836082,1.6363690083380789
1790359056.5855494,1.4352330181282014
1790359056.5906546,1.474061980843544
1790359056.5968874,1.519994024420157
1790359056.5999172,1.930662983795628
1790359056.6013308,2.3125759907998145
1790359056.6055903,2.1142630139365792
1790359056.607705,1.4886569988448173
1790359056.6158662,3.514646989060566
1790359056.617861,3.1018249865155667
1790359056.623346,3.5081739770248532
1790359056.6242306,2.4644619843456894
1790359056.6279888,1.4929659955669194
1790359056.6492355,36.20937099913135
1790359056.6632268,23.871962999692187
1790359056.6640112,22.75636899867095
1790359056.6641085,34.69080600189045
1790359056.6650429,18.352362007135525
1790359056.6653764,11.484561022371054
1790359056.6654556,15.573231008602306
1790359056.6687152,1.4211030211299658
1790359056.6715016,55.62362199998461
1790359056.6762235,1.3381150201894343
1790359056.6829906,71.83171101496555
1790359056.6851444,59.248276986181736
1790359056.6859145,50.632321974262595
1790359056.6864972,44.55990801216103
1790359056.6871865,55.438223003875464
1790359056.6879222,40.84018201683648
1790359056.6886804,68.33171402104199
1790359056.6893349,48.928500997135416
1790359056.689647,36.30383301060647
1790359056.6898196,7.927911006845534
1790359056.6899216,15.946437983075157
1790359056.6899824,32.1253220026847
1790359056.7091408,1.4054460043553263
1790359056.7199893,1.4569979975931346
1790359056.7294214,22.59736999985762
1790359056.7326407,12.454600015189499
1790359056.7328875,16.469234018586576
1790359056.7330165,35.459206002997234
1790359056.74553,19.83740701689385
1790359056.7721586,41.314881993457675
1790359056.7729936,16.37804802157916
1790359056.7733762,5.445205984869972
1790359056.773513,45.71830100030638
1790359056.7735765,4.345813009422272
1790359056.7890248,2.686839987291023
1790359056.7893944,4.258279979694635
1790359056.7931275,1.2516290007624775
1790359056.7972512,74.0474859776441
1790359056.7977946,43.54532199795358
1790359056.7984552,41.06940099154599
1790359056.798663,51.909103989601135
1790359056.7997808,14.055557985557243
1790359056.7999313,31.19646999402903
1790359056.8000267,30.105721001746133
1790359056.801221,7.1258350217249244
1790359056.8012998,13.36900400929153
1790359056.8024719,2.081937011098489
1790359056.8030543,1.5190080157481134
1790359056.81488,1.7364030063617975
1790359056.8205159,2.4730519799049944
1790359056.8213923,2.625127002829686
1790359056.8288114,1.688875985564664
1790359056.8329654,1.8757520010694861
1790359056.8433578,1.7641889862716198
1790359056.848337,2.038926992099732
1790359056.8490145,1.602000993443653
1790359056.8730865,1.6926690004765987
1790359056.8754668,1.5105160127859563
1790359056.8775923,1.5001799911260605
1790359056.885075,1.7058150260709226
1790359056.8874485,1.697180006885901
1790359056.8898811,1.3090010033920407
1790359056.9010553,1.4361109933815897
1790359056.903907,19.45867098402232
1790359056.9174287,35.98365400102921
1790359056.9175334,30.0731010211166
1790359056.917656,21.224230993539095
1790359056.9179618,12.321429006988183
1790359056.921198,1.6178240184672177
1790359056.9370084,1.7837369814515114
1790359056.940165,1.3084469828754663
1790359056.9421825,35.99113100790419
1790359056.9432583,10.24451499688439
1790359056.94333,31.81276799296029
1790359056.943765,7.94908098760061
1790359056.9438655,3.0525049951393157
1790359056.944334,1.4535200025420636
1790359056.964207,2.2982049849815667
1790359056.9653523,2.2041269985493273
1790359056.9659367,1.4638820139225572
1790359056.9776154,1.4262610056903213
1790359056.9799511,1.4902989787515253
1790359056.9905994,2.1928719943389297
1790359056.9919746,2.1835789957549423
1790359057.0055053,1.6592250030953437
1790359057.010035,2.368399000260979
1790359057.011177,2.1576779836323112
1790359057.0133612,3.3133759861811996
1790359057.0143085,1.6964480164460838
1790359057.021136,3.1780249846633524
1790359057.022572,3.4882779873441905
1790359057.0227563,2.9956999933347106
1790359057.022879,2.739454008406028
1790359057.060444,2.1683480008505285
1790359057.0699875,2.5128120032604784
1790359057.0778165,1.5832149947527796
1790359057.0797272,17.485377989942208
1790359057.0898664,2.179731003707275
1790359057.0958238,26.527604990405962
1790359057.0976853,20.84801101591438
1790359057.0980134,37.4361339781899
1790359057.0982983,9.800175990676507
1790359057.0999277,1.487745001213625
1790359057.1108036,1.8984790076501667
1790359057.1233256,1.675573003012687
1790359057.1372478,1.571058004628867
1790359057.145382,2.1160919859539717
1790359057.1475632,33.27681799419224
1790359057.1495402,16.088362026493996
1790359057.1496258,34.836806007660925
1790359057.1500266,12.050471996190026
1790359057.1514118,1.2521310127340257
1790359057.1566732,1.397087995428592
1790359057.157902,1.2204610102344304
1790359057.165189,1.5230400022119284
1790359057.169257,3.455428988672793
1790359057.1704667,2.806595992296934
1790359057.1801496,3.274420974776149
1790359057.181348,3.099977009696886
1790359057.1816583,1.997133978875354
1790359057.1919844,1.4740870101377368
1790359057.2007742,33.94642600324005
1790359057.20583,2.265528979478404
1790359057.2064679,28.780722990632057
1790359057.2065427,40.30905198305845
1790359057.206621,35.36355801043101
1790359057.2067523,27.74944299017079
1790359057.2074287,19.501472997944802
1790359057.2075007,8.049727999605238
1790359057.221746,1.8892989901360124
1790359057.2350314,1.680353016126901
1790359057.237563,1.4335949963424355
1790359057.2397177,1.1976179957855493
1790359057.2418025,1.4227350184228271
1790359057.2612941,2.108560991473496
1790359057.268332,1.4645430201198906
1790359057.2703705,1.2896239932160825
1790359057.2727141,1.2219769996590912
1790359057.2756412,1.582048978889361
1790359057.295636,2.907599991885945
1790359057.2959857,2.045287983492017
1790359057.3080087,33.11023299465887
1790359057.3081298,14.773380011320114
1790359057.3082697,6.862473994260654
1790359057.310108,1.8178820027969778
1790359057.3140113,1.876905997050926
1790359057.3155444,1.522145001217723
1790359057.31658,1.664101000642404
1790359057.3299527,2.000233012950048
1790359057.337721,2.1525949996430427
1790359057.3396153,1.5162029885686934
1790359057.3483555,1.7705010250210762
1790359057.3550084,1.776311983121559
1790359057.362832,1.7041089886333793
1790359057.3718941,1.7703959892969579
1790359057.3747559,1.4060819812584668
1790359057.379365,1.496676995884627
1790359057.3807015,1.3268140028230846
1790359057.3831666,1.495403004810214
1790359057.3893383,2.049462986178696
1790359057.3903549,1.8645139934960753
1790359057.398526,2.0314709981903434
1790359057.4025495,1.3919539924245328
1790359057.4068408,1.4434299955610186
1790359057.4200997,1.7096409865189344
1790359057.4225276,1.6334980027750134
1790359057.4241045,1.38387200422585
1790359057.425796,1.1985769961029291
1790359057.43062,1.4930370089132339
1790359057.437186,1.4894920168444514
1790359057.4393322,1.3833529956173152
1790359057.4406672,1.2386429880280048
1790359057.442883,1.1866780114360154
1790359057.445488,1.9166080164723098
1790359057.4512792,1.493749994551763
1790359057.4536462,1.2506080092862248
1790359057.4578977,1.3292850053403527
1790359057.4692128,1.8931819940917194
1790359057.469557,1.7301919870078564
1790359057.4753547,2.1402510174084455
1790359057.4773297,1.5306980058085173
1790359057.4803855,1.4705350040458143
1790359057.483953,1.3434950087685138
1790359057.4869897,1.2432220100890845
1790359057.4890776,1.422052999259904
1790359057.4897702,1.376953994622454
1790359057.5012755,2.682296995772049
1790359057.5016983,3.179150982759893
1790359057.5017736,2.1225259988568723
1790359057.5045128,1.3421030016615987
1790359057.507814,1.720007014228031
1790359057.5102787,1.7496290092822164
1790359057.5180569,1.872194989118725
1790359057.5235062,2.051164017757401
1790359057.5242908,1.9180479866918176
1790359057.5282357,2.223940013209358
1790359057.551107,2.5613749749027193
1790359057.5511878,2.003642002819106
1790359057.5576842,1.993853016756475
1790359057.5577748,2.777101006358862
1790359057.5588853,2.4461009888909757
1790359057.559593,1.67957300436683
1790359057.5659733,2.0372580038383603
1790359057.5666819,1.9818069995380938
1790359057.5683577,1.6638609813526273
1790359057.579579,1.8892440130002797
1790359057.5796516,2.4704090028535575
1790359057.5861447,1.5287839923985302
1790359057.5956168,1.8775119970086962
1790359057.5983496,2.579426974989474
1790359057.6138017,1.9943130027968436
1790359057.6228726,1.5564310015179217
1790359057.6278605,25.19557499908842
1790359057.6297114,10.847263998584822
1790359057.6300008,35.15096701448783
1790359057.6301374,3.6466190067585558
1790359057.6308434,2.675914001883939
1790359057.6365159,1.4828380080871284
1790359057.6537566,2.028128015808761
1790359057.6629596,1.6984629910439253
1790359057.6720784,25.111417984589934
1790359057.6732745,2.356041019083932
1790359057.6737094,16.787659988040105
1790359057.6738567,39.56026802188717
1790359057.6739326,8.130061003612354
1790359057.687287,1.6556059999857098
1790359057.691541,1.6242109995801002
1790359057.6994605,1.6214610077440739
1790359057.7098985,21.56846900470555
1790359057.7193887,2.417673997115344
1790359057.7194755,3.144182002870366
1790359057.7195714,28.700597991701216
1790359057.719646,32.15241400175728
1790359057.7250838,1.362523005809635
1790359057.7377958,1.8513149989303201
1790359057.7464092,2.7863699942827225
1790359057.746475,2.1755890047643334
1790359057.7484162,1.136274979216978
1790359057.7543337,1.4133320073597133
1790359057.7616692,1.788826019037515
1790359057.7646775,1.7235330014955252
1790359057.772674,2.2615380003117025
1790359057.7727334,2.8137680201325566
1790359057.7764418,1.5046719927340746
1790359057.776498,1.9754350068978965
1790359057.7873495,2.039865998085588
1790359057.7880216,1.5015829994808882
1790359057.8016658,1.870094012701884
1790359057.807959,1.4187170017976314
1790359057.812973,1.7051040194928646
1790359057.821891,2.208125020842999
1790359057.8242679,1.427439012331888
1790359057.836119,3.200234001269564
1790359057.836617,1.9692210189532489
1790359057.846006,33.76110800309107
1790359057.8461697,35.672508005518466
1790359057.8466177,26.39001701027155
1790359057.8466828,21.5738249826245
1790359057.84695,13.089029991533607
1790359057.8554554,1.867521001258865
1790359057.8668828,2.062990010017529
1790359057.871198,1.7781849892344326
1790359057.8773818,1.3888860121369362
1790359057.8842971,27.29082401492633
1790359057.8891487,21.791252016555518
1790359057.8898294,40.064250002615154
1790359057.889906,14.846449019387364
1790359057.8927622,1.5448929916601628
1790359057.8952672,1.3000739854760468
1790359057.8967452,1.1178120039403439
1790359057.9190488,2.4842190032359213
1790359057.9276748,1.5748479927424341
1790359057.9336472,3.3469680056441575
1790359057.9391024,8.1803830107674
1790359057.943464,5.624543002340943
1790359057.9442255,4.2458650132175535
1790359057.9442902,8.179810014553368
1790359057.9447157,1.240710000274703
1790359057.9577804,22.53747099894099
1790359057.9753766,38.36746100569144
1790359057.9759574,36.83687199372798
1790359057.9763148,42.48896401259117
1790359057.9783509,36.60287300590426
1790359057.979659,34.84259301330894
1790359057.9799354,20.184626016998664
1790359057.980183,14.664930989965796
1790359057.9802752,16.94233002490364
1790359057.9911647,34.96136300964281
1790359057.9931235,31.204314989736304
1790359057.9935455,42.860457993810996
1790359057.994125,29.365008987952024
1790359057.9952157,18.714776990236714
1790359058.0070064,21.875611011637375
1790359058.0164037,33.28033001162112
1790359058.0184917,41.08650199486874
1790359058.01987,28.691668005194515
1790359058.0200179,29.86081299604848
1790359058.0201864,5.224221997195855
1790359058.020281,14.578484988305718
1790359058.020381,16.493231989443302
1790359058.0209792,2.428528998279944
1790359058.021898,30.86484200321138
1790359058.025495,1.5046159969642758
1790359058.0297525,33.5091820161324
1790359058.0321863,25.8064049994573
1790359058.0323553,42.97634700196795
1790359058.0329552,28.46843597944826
1790359058.0347075,18.846998980734497
1790359058.0350366,11.622104997513816
1790359058.0353043,5.010449996916577
1790359058.0355496,9.558866993756965
1790359058.036137,1.8371320038568228
1790359058.0379746,1.2537430156953633
1790359058.0554938,1.8954089900944382
1790359058.0562937,26.068464008858427
1790359058.064684,31.71897100401111
1790359058.0653417,37.92023699497804
1790359058.0668697,17.780889000277966
1790359058.0670009,30.855379009153694
1790359058.0670836,8.938826009398326
1790359058.0704167,1.794923999113962
1790359058.074076,1.4203399769030511
1790359058.077868,1.4589999918825924
1790359058.080118,1.3981199881527573
1790359058.087917,1.7174000095110387
1790359058.0897114,1.6587100108154118
1790359058.0968182,1.7225620103999972
1790359058.0993905,1.4420149964280427
1790359058.102075,1.5842730063013732
1790359058.1100307,1.5531399985775352
1790359058.1162133,2.3849260178394616
1790359058.1171634,1.8801270052790642
1790359058.1250896,1.5834810037631541
1790359058.1363976,1.6816999996080995
1790359058.1399639,2.1644470107275993
1790359058.1400537,2.7795899950433522
1790359058.1478333,1.4542629942297935
1790359058.1564438,1.673599996138364
1790359058.162142,1.9284709997009486
1790359058.164101,1.3955830072518438
1790359058.1949704,25.07188799791038
1790359058.2037559,39.59187201689929
1790359058.207182,27.160413010278717
1790359058.2073243,32.859243015991524
1790359058.2073905,40.21763801574707
1790359058.209897,1.6854119894560426
1790359058.2143998,36.225526011548936
1790359058.2250702,1.8011800129897892
1790359058.22596,43.49918497609906
1790359058.238256,18.45358600257896
1790359058.2419693,15.899876016192138
1790359058.2431183,9.231459989678115
1790359058.2431865,47.451768012251705
1790359058.2464566,1.4290830004028976
1790359058.2564933,24.65758300968446
1790359058.2617497,21.315991005394608
1790359058.2621047,1.823098020395264
1790359058.265789,37.525932013522834
1790359058.2662356,8.763820980675519
1790359058.2663143,3.9752240118104964
1790359058.273654,2.5074880104511976
1790359058.2739315,1.7169350176118314
1790359058.2749622,1.8438420083839446
1790359058.2911212,1.7736539884936064
1790359058.3007174,1.618697977392003
1790359058.319203,26.532183022936806
1790359058.3230362,1.6770669899415225
1790359058.3252435,33.69414299959317
1790359058.325372,12.037770997267216
1790359058.3363266,2.072474017040804
1790359058.3428643,1.7412499873898923
1790359058.353024,1.6483829822391272
1790359058.374169,1.821595011278987
1790359058.375734,1.4380670036189258
1790359058.3865886,2.092194015858695
1790359058.4360027,6.887213006848469
1790359058.4361289,50.540980999358
1790359058.4364066,41.94834001827985
1790359058.4365313,17.138669005362317
1790359058.436614,12.509903986938298
1790359058.4620588,50.08893899503164
1790359058.4643743,18.351032020291314
1790359058.4649065,21.178945986321196
1790359058.465256,5.166110000573099
1790359058.4653962,2.26478700642474
1790359058.4685519,23.733892012387514
1790359058.4785397,1.5808259777259082
1790359058.4789338,29.630426986841485
1790359058.483633,21.493944979738444
1790359058.4839544,40.11902800993994
1790359058.4840891,6.36885198764503
1790359058.484181,16.483929997775704
1790359058.4868987,2.5442710029892623
1790359058.4870262,1.8212180002592504
1790359058.487593,1.5665970277041197
1790359058.5035164,2.543707989389077
1790359058.504621,1.9425119971856475
1790359058.5327759,31.172824004897848
1790359058.535417,38.99782101507299
1790359058.535647,25.813781976467
1790359058.5362544,2.165886980947107
1790359058.5411963,17.173357016872615
1790359058.543829,1.8964579794555902
1790359058.5577676,18.015997018665075
1790359058.5608716,11.050649976823479
1790359058.562057,38.64579100627452
1790359058.563332,1.7002479871734977
1790359058.5789163,19.10290599334985
1790359058.5932672,12.707107001915574
1790359058.5933537,23.581665998790413
1790359058.6051812,16.77323502372019
1790359058.6060557,36.94204302155413
1790359058.6061606,43.686721997801214
1790359058.6214879,27.583534974837676
1790359058.6287107,51.526268012821674
1790359058.6348486,73.72674602083862
1790359058.639102,56.36280498583801
1790359058.6396315,50.09554899879731
1790359058.645934,73.88544999412261
1790359058.6465127,18.10486600152217
1790359058.6469243,5.032390006817877
1790359058.6470013,46.98936201748438
1790359058.6475565,3.8609380135312676
1790359058.652444,1.9833480182569474
1790359058.6568847,34.61829500156455
1790359058.6680732,34.21722399070859
1790359058.6733885,30.915398005163297
1790359058.676607,27.544935990590602
1790359058.6778398,41.02547198999673
1790359058.6784782,9.655797999585047
1790359058.6785624,3.3288779959548265
1790359058.6789048,27.983056002995
1790359058.682095,1.4042429975233972
1790359058.6907618,19.285844988189638
1790359058.6908832,26.985243981471285
1790359058.6918898,39.3386360083241
1790359058.6919649,11.820601008366793
1790359058.695912,2.1483599848579615
1790359058.7197566,37.61855899938382
1790359058.7316277,24.730590026592836
1790359058.7317834,15.486051997868344
1790359058.7318747,37.07632201258093
1790359058.7359052,31.12314999452792
1790359058.741824,34.02332900441252
1790359058.7430904,1.9528359989635646
1790359058.7526064,1.7257219878956676
1790359058.7556832,18.694297003094107
1790359058.7559736,42.625575995771214
1790359058.7563653,6.477332004578784
1790359058.7606354,1.422164001269266
1790359058.7794623,1.5846079913899302
1790359058.792658,23.443707003025338
1790359058.793619,34.89519000868313
1790359058.7936807,3.525965992594138
1790359058.8053153,4.792156018083915
1790359058.80616,4.440680990228429
1790359058.8088186,2.64903501374647
1790359058.8089077,4.573191021336243
1790359058.8246548,27.062358014518395
1790359058.8389223,37.80713799642399
1790359058.8401978,43.513155018445104
1790359058.840681,37.48514299513772
1790359058.8407907,35.463092994177714
1790359058.841274,34.40206599771045
1790359058.84156,20.86471300572157
1790359058.842998,12.061146990163252
1790359058.8431509,20.100744994124398
1790359058.849956,38.46001101192087
1790359058.8543203,32.65649001696147
1790359058.8561175,32.402707991423085
1790359058.856598,46.50315301842056
1790359058.8568804,9.376387984957546
1790359058.8606377,1.3717740075662732
1790359058.8656366,17.282295011682436
1790359058.8659897,1.5064750041346997
1790359058.8725905,1.806198008125648
1790359058.8851452,38.36365698953159
1790359058.8855686,19.02282697847113
1790359058.8857517,21.78422998986207
1790359058.8886003,1.8822559795808047
1790359058.889477,1.7269920208491385
1790359058.9004672,1.7384740058332682
1790359058.9015248,1.93559197941795
1790359058.9057152,2.855690981959924
1790359058.9057899,3.6123669997323304
1790359058.9058552,2.539090986829251
1790359058.9112108,1.4138919941615313
1790359058.9147544,1.6668900207150728
1790359058.9177353,1.380720001179725
1790359058.9232657,2.011114003835246
1790359058.9234192,2.8572370065376163
1790359058.923704,1.9490759877953678
1790359058.9310567,1.655170024605468
1790359058.9338896,1.2870659993495792
1790359058.9446125,1.7281339969485998
1790359058.955239,17.53057900350541
1790359058.9719982,26.13978399313055
1790359058.9868639,30.879917001584545
1790359058.988251,17.133823013864458
1790359058.9888647,19.228009012294933
1790359058.9892356,6.574352009920403
1790359058.9897435,12.188346998300403
1790359058.9902198,42.62935399310663
1790359058.9906056,3.7296070076990873
1790359058.996923,1.695264014415443
1790359058.998987,1.3320260040927678
1790359059.0052958,67.08718597656116
1790359059.0147915,49.92097898502834
1790359059.0154977,52.42302399710752
1790359059.0155914,45.31814999063499
1790359059.015676,43.54379000142217
1790359059.0176222,38.16451199236326
1790359059.017758,32.65291600837372
1790359059.0185928,28.839705977588892
1790359059.0187187,21.52827402460389
1790359059.0187821,14.560721989255399
1790359059.037662,7.542963983723894
1790359059.0381415,30.18995700404048
1790359059.0384734,7.388313999399543
1790359059.038599,37.816285010194406
1790359059.063564,34.146529011195526
1790359059.06365,5.53625199245289
1790359059.0707679,1.6356889973394573
1790359059.0748057,1.3730829814448953
1790359059.123164,6.118216988397762
1790359059.1233065,37.33524100971408
1790359059.1239073,20.885342004476115
1790359059.124439,2.492795989383012
1790359059.1371136,1.6495980089530349
1790359059.1408703,61.357275990303606
1790359059.1507533,49.19829699792899
1790359059.151139,62.1136830013711
1790359059.1519237,31.27212100662291
1790359059.15232,43.02279301919043
1790359059.1524332,17.974255984881893
1790359059.152513,9.388598991790786
1790359059.1675348,2.9666030022781342
1790359059.1731372,34.82102102134377
1790359059.1734052,11.139587993966416
1790359059.1735473,7.599264004966244
1790359059.174523,1.9172589818481356
1790359059.18256,1.7638040008023381
1790359059.1874866,1.8119059968739748
1790359059.1960473,1.3399140152614564
1790359059.199533,1.3873499992769212
1790359059.2001262,28.474377002567053
1790359059.2011943,34.662921010749415
1790359059.2032049,23.605157010024413
1790359059.2036903,22.017526003764942
1790359059.204162,15.744630014523864
1790359059.204267,7.168579992139712
1790359059.2061949,2.491324004950002
1790359059.2435176,36.87991399783641
1790359059.2443142,30.504560010740533
1790359059.2446308,38.93094099476002
1790359059.2447107,7.614128990098834
1790359059.245374,40.567582997027785
1790359059.2472067,1.5953159891068935
1790359059.2502298,1.4787690015509725
1790359059.2513154,38.373262010281906
1790359059.251388,49.99803999089636
1790359059.2568123,1.5201339847408235
1790359059.2743068,2.0217529963701963
1790359059.2788763,42.53582100500353
1790359059.2808118,32.67663498991169
1790359059.2817557,27.00546200503595
1790359059.2819061,58.08690100093372
1790359059.282243,43.84288299479522
1790359059.2823057,23.243317991727963
1790359059.2824013,9.115936991292983
1790359059.2874537,1.4521040138788521
1790359059.3034248,2.078255987726152
1790359059.3039196,1.6352329985238612
1790359059.308904,1.9248469907324761
1790359059.3101585,2.266137016704306
1790359059.3197534,1.538484008051455
1790359059.3336287,1.6541439981665462
1790359059.3432226,1.9864740024786443
1790359059.3451784,20.93353000236675
1790359059.3458128,33.84577401448041
1790359059.346186,3.7788049958180636
1790359059.3462734,5.984910007100552
1790359059.3492162,1.3013959978707135
1790359059.3510633,1.424776011845097
1790359059.35253,1.355579006485641
1790359059.3583777,1.5072700043674558
1790359059.3626993,1.8991910037584603
1790359059.3634615,1.6250699991360307
1790359059.364683,1.2120080064050853
1790359059.3653789,1.3520210050046444
1790359059.3669343,1.3778730062767863
1790359059.3677747,1.6018860042095184
1790359059.3700583,1.240762008819729
1790359059.3911905,2.0766340021509677
1790359059.3982549,1.679049979429692
1790359059.403988,1.6433179844170809
1790359059.4082432,1.418090017978102
1790359059.4106982,18.468867987394333
1790359059.411121,36.60197398858145
1790359059.4125073,12.33051999588497
1790359059.4133976,9.042759018484503
1790359059.414114,2.5777929986361414
1790359059.4143958,1.7243229958694428
1790359059.418199,1.655764994211495
1790359059.4185693,2.463987999362871
1790359059.4188945,1.7627640045247972
1790359059.4335513,2.430302993161604
1790359059.4342234,1.5309049922507256
1790359059.4366329,1.3033889990765601
1790359059.4436672,1.659362984355539
1790359059.4467041,1.317533984547481
1790359059.4658628,1.67680301819928
1790359059.4736357,29.07778200460598
1790359059.4740257,10.977173020364717
1790359059.474107,35.34931901958771
1790359059.486701,1.7058830126188695
1790359059.5045822,2.402109996182844
1790359059.5064113,1.704383990727365
1790359059.5396016,2.57806500303559
1790359059.5419188,1.8941349990200251
1790359059.5456522,1.7507029988337308
1790359059.5532856,1.7876540077850223
1790359059.57081,1.8608460086397827
1790359059.5738187,1.4390099968295544
1790359059.5775826,1.5640949713997543
1790359059.5857995,35.20425900933333
1790359059.5868073,19.757645000936463
1790359059.5884783,17.32162499683909
1790359059.589202,8.103919011773542
1790359059.5894837,16.466250992380083
1790359059.5903282,2.96695702127181
1790359059.6061099,1.741455984301865
1790359059.60754,1.4190789952408522
1790359059.6117709,1.8725409754551947
1790359059.6239228,1.813184004276991
1790359059.6262877,1.3941629731561989
1790359059.632218,1.9008849922101945
1790359059.6322784,2.4416329979430884
1790359059.642532,2.245776995550841
1790359059.6517842,2.2954769956413656
1790359059.6533947,2.8345059836283326
1790359059.6538844,1.7927630105987191
1790359059.6597028,2.9180610144976526
1790359059.6656837,1.8775570206344128
1790359059.6865435,1.933925988851115
1790359059.6934068,34.686996979871765
1790359059.6934924,10.030187986558303
1790359059.701567,2.14050299837254
1790359059.7051513,1.7272999975830317
1790359059.709821,2.410327026154846
1790359059.713455,1.4952019846532494
1790359059.7245421,17.845961003331468
1790359059.724636,22.832154005300254
1790359059.725027,38.42611899017356
1790359059.7251105,16.23141099116765
1790359059.728773,1.6051920247264206
1790359059.729375,1.483110012486577
1790359059.732831,1.666393014602363
1790359059.7335684,1.9054280128329992
1790359059.7355013,2.6589090120978653
1790359059.736995,2.1682830119971186
1790359059.7370906,3.009252017363906
1790359059.7391272,1.773058989783749
1790359059.7414875,1.5541920147370547
1790359059.7485578,2.943740983027965
1790359059.7486777,1.863368001068011
1790359059.7595546,2.4037680123001337
1790359059.7811375,32.30679000262171
1790359059.7972496,18.790230999002233
1790359059.797427,39.57104100845754
1790359059.7975576,23.75355700496584
1790359059.8003747,52.94740598765202
1790359059.812597,44.65556898503564
1790359059.8182082,21.93104600883089
1790359059.81829,41.83168598683551
1790359059.834339,27.35423401463777
1790359059.8406131,55.09202301618643
1790359059.8407068,24.473803990986198
1790359059.8408618,19.521109003107995
1790359059.8500829,65.43220300227404
1790359059.8503191,83.19116602069698
1790359059.8670986,63.1960509927012
1790359059.8758435,59.69880701741204
1790359059.8774126,58.16456800675951
1790359059.8776994,40.234564017737284
1790359059.8777962,73.04893500986509
1790359059.882971,51.02525700931437
1790359059.9081562,83.99584199651144
1790359059.9195318,59.40082800225355
1790359059.9196143,71.7806619941257
1790359059.92003,56.01729400223121
1790359059.9293432,47.43995500029996
1790359059.9297848,38.989944994682446
1790359059.9303367,38.528578996192664
1790359059.9304304,71.57633002498187
1790359059.931973,19.62757998262532
1790359059.9320831,14.237748982850462
1790359059.9555798,58.24970899266191
1790359059.9683197,133.22829501703382
1790359059.9753504,33.31011300906539
1790359059.9760664,38.130064989672974
1790359059.9761531,7.267461012816057
1790359059.9788723,61.635096004465595
1790359059.9836357,2.1236329921521246
1790359059.991454,1.8133109842892736
1790359059.9945736,55.995069997152314
1790359059.997363,43.71318401535973
1790359059.99815,39.712072000838816
1790359059.998885,25.64746799180284
1790359059.9989722,7.507317001000047
1790359059.9994884,96.28917899681255
1790359059.9996583,4.330067022237927
1790359060.0001967,13.445241987938061
1790359060.0003526,5.683676979970187
1790359060.0006435,3.1463330087717623
1790359060.0093594,1.969453995116055
1790359060.010085,1.5256519836839288
1790359060.0194314,2.520221984013915
1790359060.032316,2.3007670242805034
1790359060.0414746,18.753946002107114
1790359060.058769,40.49445199780166
1790359060.08383,36.13171400502324
1790359060.0911326,50.153476011473686
1790359060.0963745,42.35660799895413
1790359060.1176693,57.54505700315349
1790359060.1279168,63.81639398750849
1790359060.1296608,93.51698998943903
1790359060.1304517,85.31480198143981
1790359060.1316364,66.6352570115123
1790359060.1317546,46.13304400118068
1790359060.1344793,19.4271529908292
1790359060.1350434,13.805536000290886
1790359060.1354475,17.132762004621327
1790359060.1356237,8.992588002001867
1790359060.138249,101.47376800887287
1790359060.1394312,2.0808560075238347
1790359060.1454809,60.79377298010513
1790359060.1474066,49.13026900612749
1790359060.1481748,86.6739220218733
1790359060.1495552,32.55729199736379
1790359060.1501126,24.90031998604536
1790359060.1507368,18.21964798728004
1790359060.15127,31.56207100255415
1790359060.151634,3.0248139810282737
1790359060.1517081,4.659808008000255
1790359060.165168,2.7041430003009737
1790359060.1715612,1.8796400108840317
1790359060.174413,1.2287819990888238
1790359060.1852303,22.0506000041496
1790359060.1854923,33.25617898372002
1790359060.1866655,5.644253018544987
1790359060.1867597,16.029218008043244
1790359060.1879056,1.8024399760179222
1790359060.1881545,1.2743569968733937
1790359060.205878,1.9976470211986452
1790359060.2068152,2.0044679986312985
1790359060.216754,1.861402008216828
1790359060.2192664,1.3856180012226105
1790359060.2212193,1.467480993596837
1790359060.223375,1.1986780154984444
1790359060.2348182,2.7469799970276654
1790359060.2385552,2.127630024915561
1790359060.2533405,23.256457992829382
1790359060.264181,28.948346007382497
1790359060.2707307,27.814874018076807
1790359060.2754343,30.18484599306248
1790359060.2766163,47.54277699976228
1790359060.2772055,7.449897995684296
1790359060.2772841,15.56489898939617
1790359060.281171,1.5940699959173799
1790359060.2834148,1.238846976775676
1790359060.2863567,41.98745801113546
1790359060.2875109,45.58300497592427
1790359060.2891562,5.615342000965029
1790359060.289236,40.403089980827644
1790359060.289377,15.93817098182626
1790359060.2895024,7.932025997433811
1790359060.2901611,25.96364897908643
1790359060.2903175,6.2523089873138815
1790359060.2910795,5.974733998300508
1790359060.2911978,2.6598559925332665
1790359060.2912693,4.902985005173832
1790359060.3063414,2.00548701104708
1790359060.3081794,1.8238890042994171
1790359060.310141,1.688582997303456
1790359060.314662,2.1011210046708584
1790359060.3324,1.7317140009254217
1790359060.3397355,1.8403680005576462
1790359060.3553421,2.480694995028898
1790359060.3678439,33.421755011659116
1790359060.3682752,38.737027993192896
1790359060.36868,23.795999004505575
1790359060.371011,7.216444006189704
1790359060.371105,40.87895801058039
1790359060.3720646,18.2093019830063
1790359060.3968122,33.69729101541452
1790359060.401209,31.815589987672865
1790359060.4046545,26.286901003913954
1790359060.4059103,22.852152003906667
1790359060.4060035,43.791634001536295
1790359060.4096594,38.35147598874755
1790359060.4141133,34.7176130162552
1790359060.4157813,20.216186007019132
1790359060.416056,32.14603100786917
1790359060.4163384,25.928009999915957
1790359060.4164302,51.63288800395094
1790359060.417744,3.079237008932978
1790359060.4241648,2.115872979629785
1790359060.4311545,2.2291830100584775
1790359060.4411254,3.3206009829882532
1790359060.4420211,2.234712999779731
1790359060.4497764,41.334926994750276
1790359060.450494,31.99092100840062
1790359060.4529245,25.68317699478939
1790359060.4530826,23.38619701913558
1790359060.4533942,59.116387012181804
1790359060.4535098,14.735116012161598
1790359060.4541192,3.4319029946345836
1790359060.454977,3.2609270128887147
1790359060.4556336,1.5028179914224893
1790359060.4655004,1.8025090103037655
1790359060.469243,1.4926129952073097
1790359060.497295,34.44894700078294
1790359060.497979,33.69414701592177
1790359060.4985232,38.67253501084633
1790359060.4986336,19.84904400887899
1790359060.49922,12.803484016330913
1790359060.505455,2.321365987882018
1790359060.5098703,1.9179859955329448
1790359060.5213022,2.1174860012251884
1790359060.5246642,38.99576800176874
1790359060.5256822,37.20845500356518
1790359060.5263767,20.908832986606285
1790359060.5265515,16.520147997653112
1790359060.5266302,39.6766260091681
1790359060.531936,2.04895599745214
1790359060.5363278,2.549665980041027
1790359060.5377076,2.559966000262648
1790359060.5496023,2.6921410171780735
1790359060.562223,2.2353859967552125
1790359060.5655065,2.203515003202483
1790359060.5708096,2.7794820198323578
1790359060.578743,2.505865995772183
1790359060.578826,3.530215995851904
1790359060.5804677,3.2383259967900813
1790359060.5818167,2.6115629880223423
1790359060.5884855,2.365530002862215
1790359060.593254,3.010689979419112
1790359060.5945528,2.5312650250270963
1790359060.6028583,2.8536600002553314
1790359060.6041899,1.8833839858416468
1790359060.611155,1.7937149968929589
1790359060.6198413,1.8196830060333014
1790359060.6316185,1.943600975209847
1790359060.6440923,2.7590380050241947
1790359060.6477277,1.7674860137049109
1790359060.6594522,17.27812600438483
1790359060.6817153,51.25453000073321
1790359060.6871188,58.28055800520815
1790359060.6939807,26.33833300205879
1790359060.694205,46.235362999141216
1790359060.6946852,3.5209640045650303
1790359060.697268,1.6681709967087954
1790359060.7013328,1.783257001079619
1790359060.705438,1.6949400014709681
1790359060.7087274,44.510508014354855
1790359060.7141147,26.16260398644954
1790359060.7148015,57.19663100899197
1790359060.7161953,18.33664800506085
1790359060.7162862,23.133681010222062
1790359060.7170322,15.27865999378264
1790359060.7171226,6.5650559845380485
1790359060.7196934,2.139920979971066
1790359060.7223978,1.632373983738944
1790359060.7444687,2.048077993094921
1790359060.747236,2.3179920099209994
1790359060.7480214,1.807033026125282
1790359060.7500546,1.7423650133423507
1790359060.7638988,2.4124979972839355
1790359060.7645783,1.51833999552764
1790359060.783595,2.477631001966074
1790359060.7946415,2.270656987093389
1790359060.8061876,29.512306005926803
1790359060.8074217,4.0613519959151745
1790359060.807518,2.9315770079847425
1790359060.816599,2.975245995912701
1790359060.8188949,45.88595699169673
1790359060.819719,37.07400697749108
1790359060.819821,17.166080011520535
1790359060.820198,16.0326809855178
1790359060.8203084,9.119260008446872
1790359060.8211837,4.570533987134695
1790359060.8212883,4.828764998819679
1790359060.825745,2.12894199648872
1790359060.8303585,1.6940229979809374
1790359060.834597,1.9553570018615574
1790359060.8346708,2.857783023500815
1790359060.839618,1.891281979624182
1790359060.849768,2.4090229999274015
1790359060.8600914,2.9417409969028085
1790359060.864844,2.55300200660713
1790359060.8671832,2.040713996393606
1790359060.880415,2.2801249870099127
1790359060.880504,3.132176003418863
1790359060.8927722,2.043950982624665
1790359060.8959637,1.8826659943442792
1790359060.9006333,1.9729819905478507
1790359060.9011228,1.6296039975713938
1790359060.9113994,1.927158999023959
1790359060.9193487,2.142201003152877
1790359060.9238524,2.6557229866739362
1790359060.9239542,2.2797799902036786
1790359060.9335544,2.1022449946030974
1790359060.93618,2.7498620038386434
1790359060.936327,2.1790559985674918
1790359060.9369678,1.7306899826508015
1790359060.938316,1.3381240132730454
1790359060.9434328,1.6636269865557551
1790359060.9532022,2.3236970009747893
1790359060.9540882,1.8685960094444454
1790359060.964751,2.277390012750402
1790359060.9833288,2.120797988027334
1790359060.992557,2.0735409925691783
1790359060.99286,1.60581199452281
1790359060.9954307,1.8747430003713816
1790359060.9969604,2.8467779920902103
1790359060.9984717,2.8893399867229164
1790359060.9985366,2.0133809885010123
1790359061.0006998,1.438973005861044
1790359061.0053039,1.8593530112411827
1790359061.0109832,1.9748820050153881
1790359061.0186248,2.0183589949738234
1790359061.0245261,1.8053319945465773
1790359061.0265706,1.364477997412905
1790359061.0294473,1.5618519973941147
1790359061.0356174,1.980097993509844
1790359061.0649276,26.931619009701535
1790359061.0736113,37.90797898545861
1790359061.0737123,22.264463012106717
1790359061.0743098,11.539237981196493
1790359061.0744388,9.638663002988324
1790359061.0763009,28.08357699541375
1790359061.0781012,1.9606880086939782
1790359061.0867522,24.67022798373364
1790359061.0873616,23.828765988582745
1790359061.0879033,46.44766901037656
1790359061.0884092,19.500597001751885
1790359061.0893712,1.9977670162916183
1790359061.1023018,2.6322840130887926
1790359061.1081748,2.1804030111525208
1790359061.1088643,2.1437450195662677
1790359061.10966,2.4429519835393876
1790359061.1105337,1.6553710156586021
1790359061.1134357,1.256073999684304
1790359061.1222246,1.763526990544051
1790359061.1326482,1.9287860195618123
1790359061.1461473,2.0809670095331967
1790359061.160711,1.8888729973696172
1790359061.1614292,25.435190997086465
1790359061.1615481,35.81888499320485
1790359061.1616225,3.93620299291797
1790359061.1635027,1.4706239744555205
1790359061.1837077,2.4013909860514104
1790359061.1865227,1.6340730071533471
1790359061.1923807,2.489145001163706
1790359061.194561,1.8752249889075756
1790359061.1999197,29.082780005410314
1790359061.205504,23.3462970063556
1790359061.2074816,16.842291981447488
1790359061.207676,18.372146994806826
1790359061.2078927,41.30834498209879
1790359061.2083278,11.888965003890917
1790359061.215415,1.8586090009193867
1790359061.2213683,2.482734009390697
1790359061.2220116,1.5757509972900152
1790359061.2328846,31.09603899065405
1790359061.2337077,40.1236419857014
1790359061.2343097,19.92061600321904
1790359061.234867,3.6364980041980743
1790359061.234959,15.223844995489344
1790359061.2394779,1.788460009265691
1790359061.2403274,1.524313003756106
1790359061.2623982,1.846068975282833
1790359061.2701554,1.7962529964279383
1790359061.27765,1.517595024779439
1790359061.2827625,1.4172549999784678
1790359061.2846196,2.5698259996715933
1790359061.2895,3.1136689940467477
1790359061.292549,5.1605679909698665
1790359061.292776,4.283518006559461
1790359061.3001258,1.7850009899120778
1790359061.304833,1.4134550001472235
1790359061.311203,4.038680985104293
1790359061.3117383,3.689521981868893
1790359061.3131511,3.919930983101949
1790359061.313955,5.065453005954623
1790359061.314211,4.47036701370962
1790359061.3200037,1.5796700026839972
1790359061.324903,1.5158680034801364
1790359061.3396375,2.0450330048333853
1790359061.3428266,2.009705000091344
1790359061.3438754,1.8700719811022282
1790359061.3456767,2.602884982479736
1790359061.3474486,1.4822270022705197
1790359061.3480358,1.2312239850871265
1790359061.354309,1.2418259866535664
1790359061.3648567,1.6821440076455474
1790359061.3732777,2.110439003445208
1790359061.3739605,1.591723004821688
1790359061.3773413,1.4235139824450016
1790359061.3870661,1.4278499875217676
1790359061.3909175,1.9081580103375018
1790359061.3947883,2.7041809807997197
1790359061.39493,2.330276998691261
1790359061.3953736,2.1950179943814874
1790359061.3972101,1.4886689896229655
1790359061.3988082,1.480112987337634
1790359061.3991704,1.3833580014761537
1790359061.4011285,1.2736839998979121
1790359061.4094641,2.699100994504988
1790359061.411648,1.8482250161468983
1790359061.4369864,28.853139985585585
1790359061.4694278,42.08680801093578
1790359061.480008,32.660324999596924
1790359061.480791,32.264801004203036
1790359061.4859068,41.69438098324463
1790359061.4867644,65.26261399267241
1790359061.4929123,84.05864602536894
1790359061.4934804,71.5017830079887
1790359061.4936235,37.30626800097525
1790359061.4944117,11.976286012213677
1790359061.4945598,26.246894005453214
1790359061.495208,6.872802012367174
1790359061.5082698,43.13003801507875
1790359061.5088894,2.376301010372117
1790359061.5127113,30.933416011976078
1790359061.5138452,61.4689750073012
1790359061.513994,27.169228007551283
1790359061.5143266,14.359644002979621
1790359061.5204408,2.1259950008243322
1790359061.5336802,2.510245016310364
1790359061.5342329,4.013814992504194
1790359061.5352976,1.6046889941208065
1790359061.540193,2.1749070147052407
1790359061.5499256,1.8833540088962764
1790359061.5634928,2.456898015225306
1790359061.5660062,2.3314349818974733
1790359061.5774534,2.6515600038692355
1790359061.5777974,1.944374991580844
1790359061.5898833,3.0044570157770067
1790359061.5899508,2.2172509925439954
1790359061.5978649,2.484897995600477
1790359061.6064517,1.9896199810318649
1790359061.6091046,1.741788990329951
1790359061.6132739,2.3105119762476534
1790359061.6159472,2.0486729918047786
1790359061.62975,2.31077300850302
1790359061.6435146,2.3349080001935363
1790359061.6501164,2.169162005884573
1790359061.6502287,27.147777989739552
1790359061.6659591,30.602868006099015
1790359061.6668148,21.326947025954723
1790359061.6669846,44.87353298463859
1790359061.6689591,6.478839990450069
1790359061.6690784,11.579762009205297
1790359061.6788416,2.798228000756353
1790359061.6857712,2.6157470128964633
1790359061.69026,2.165437996154651
1790359061.6976051,38.5569540085271
1790359061.6977534,28.501628985395655
1790359061.6996818,43.10952598461881
1790359061.7004554,22.91869799955748
1790359061.7006152,2.5250089820474386
1790359061.7007196,16.46250201156363
1790359061.7144032,2.0414380123838782
1790359061.7250354,2.058473997749388
1790359061.7274709,18.078991008223966
1790359061.7346797,14.745127991773188
1790359061.7348456,39.572804991621524
1790359061.7356708,2.272896992508322
1790359061.7372684,2.3691169917583466
1790359061.7582881,2.0447999995667487
1790359061.7589068,1.565790007589385
1790359061.7604766,1.3882409839425236
1790359061.7637265,1.5274680044967681
1790359061.7753036,1.6109460266306996
1790359061.7842731,3.2115109788719565
1790359061.7852726,2.5782860175240785
1790359061.7918994,1.8229680135846138
1790359061.7990422,2.298010018421337
1790359061.8109906,2.5084300141315907
1790359061.8115137,29.355550999753177
1790359061.8125644,32.838821003679186
1790359061.812888,42.78823299682699
1790359061.8129745,26.904699014266953
1790359061.813542,18.603450007503852
1790359061.8138247,16.100745007861406
1790359061.8139102,4.462464014068246
1790359061.820124,1.9502289942465723
1790359061.8221695,1.69342799927108
1790359061.832768,2.208100020652637
1790359061.8357515,1.5597160090692341
1790359061.872648,23.791892977897078
1790359061.8773856,26.16563899209723
1790359061.8837664,27.371403004508466
1790359061.8839622,33.87934097554535
1790359061.884371,42.147885978920385
1790359061.8844674,26.27068999572657
1790359061.8853788,18.278153002029285
1790359061.8857946,13.1335619953461
1790359061.887705,46.80219400324859
1790359061.9195058,62.128444988047704
1790359061.9249368,63.66893998347223
1790359061.926432,73.81007500225678
1790359061.942302,70.89726900449023
1790359061.9482174,50.509096996393055
1790359061.9586782,52.32896099914797
1790359061.9678645,30.578658013837412
1790359061.968187,42.97473601764068
1790359061.9710007,72.4660360137932
1790359061.9718,47.815909987548366
1790359061.9729855,99.31289800442755
1790359061.9739022,37.52557697589509
1790359061.9742563,12.689394992776215
1790359061.9744208,63.92162499832921
1790359061.974564,29.29802000289783
1790359061.9746556,75.14431199524552
1790359061.9951577,48.37746100383811
1790359062.0061693,67.89137900341302
1790359062.0062978,43.035102979047224
1790359062.0063663,13.96005300921388
1790359062.0099835,19.431795983109623
1790359062.017346,2.214294014265761
1790359062.0213087,25.29482898535207
1790359062.025944,8.797605987638235
1790359062.0260222,39.46225901017897
1790359062.0316603,2.4341479875147343
1790359062.0479674,1.6449599934276193
1790359062.0592651,31.692346994532272
1790359062.0596464,39.536385011160746
1790359062.0597136,14.0956960094627
1790359062.0642762,2.26973500684835
1790359062.0691683,1.7934509960468858
1790359062.0806901,2.4499059945810586
1790359062.0843415,1.7866579873953015
1790359062.096958,1.7847300041466951
1790359062.1027875,36.12658899510279
1790359062.1028848,28.854036994744092
1790359062.1029918,39.55797301023267
1790359062.1034434,23.581233981531113
1790359062.1041965,4.159288015216589
1790359062.1042776,19.750773994019255
1790359062.1078198,1.6631479957140982
1790359062.1092656,1.338389003649354
1790359062.1129074,1.5264420071616769
1790359062.1161294,1.7590010247658938
1790359062.117845,1.5168779937084764
1790359062.1256855,1.717715000268072
1790359062.1715016,23.617131024366245
1790359062.177614,45.472439989680424
1790359062.182395,28.759612992871553
1790359062.1839254,28.181270987261087
1790359062.1843066,43.92485399148427
1790359062.1937723,38.80154501530342
1790359062.2002456,37.47825699974783
1790359062.2097988,49.72783999983221
1790359062.226305,53.60086099244654
1790359062.2303503,64.66248200740665
1790359062.2308357,55.526070995256305
1790359062.2362273,39.57964800065383
1790359062.2387893,59.09572300151922
1790359062.2389734,67.2229019983206
1790359062.2414117,77.37483599339612
1790359062.2434437,36.68479499174282
1790359062.264304,33.20198800065555
1790359062.2954907,84.00308398995548
1790359062.295752,109.13595999591053
1790359062.303762,76.22724998509511
1790359062.304503,66.37940401560627
1790359062.3051672,90.45594101189636
1790359062.3056295,46.780238015344366
1790359062.3068175,35.164333996362984
1790359062.3073106,31.837779009947553
1790359062.3080213,24.916638009017333
1790359062.3081076,6.582257017726079
1790359062.3141809,57.02102297800593
1790359062.3144302,48.489778011571616
1790359062.3151135,59.24930502078496
1790359062.3162208,42.59107299731113
1790359062.316447,37.44545902009122
1790359062.3165162,16.66137998108752
1790359062.3167944,4.48849200620316
1790359062.3215077,1.6660330002196133
1790359062.326411,1.4298749738372862
1790359062.3372378,2.554432983743027
1790359062.337377,3.8799199974164367
1790359062.3374734,2.2976130130700767
1790359062.345165,1.6809779917821288
1790359062.345774,1.7200410075020045
1790359062.3576772,3.2026479893829674
1790359062.3579028,2.7852100029122084
1790359062.3579807,4.251692007528618
1790359062.361438,1.5517989813815802
1790359062.376743,1.8004630110226572
1790359062.3773525,1.6993180033750832
1790359062.3827152,1.6464490036014467
1790359062.3850374,2.027151989750564
1790359062.3859847,1.446008012862876
1790359062.3931584,1.4347860123962164
1790359062.3951855,6.917835999047384
1790359062.4247005,19.106046005617827
1790359062.4249141,20.13235801132396
1790359062.4297206,22.691585996653885
1790359062.429893,27.546427998458967
1790359062.430629,42.451390996575356
1790359062.4312227,13.884109997889027
1790359062.4314125,22.71619299426675
1790359062.4414756,17.607110989047214
1790359062.4421725,35.56310400017537
1790359062.4433992,44.016414001816884
1790359062.4441361,36.34473399142735
1790359062.4449937,29.341111017856747
1790359062.445545,23.322374996496364
1790359062.4505503,22.138941974844784
1790359062.4627476,23.784557008184493
1790359062.4821799,34.83714201138355
1790359062.4822996,55.60445398441516
1790359062.4826791,37.02097898349166
1790359062.483017,49.27418299484998
1790359062.4831867,33.63591298693791
1790359062.4841943,15.717272995971143
1790359062.4842548,5.206245987210423
1790359062.4894993,1.5853449876885861
1790359062.4982896,34.75080701173283
1790359062.5140936,40.54732699296437
1790359062.5142953,27.906283998163417
1790359062.5155911,22.825709980679676
1790359062.5157635,62.25359300151467
1790359062.516313,11.873385985381901
1790359062.5198092,1.625353004783392
1790359062.5282354,34.60265099420212
1790359062.5311525,2.5582319940440357
1790359062.5338664,43.433054990600795
1790359062.5342503,17.32794099370949
1790359062.534609,14.787055988563225
1790359062.5351582,5.909503001021221
1790359062.5392337,2.3497400106862187
1790359062.5417306,1.8006610043812543
1790359062.5825248,34.719782997854054
1790359062.5826466,36.02533301454969
1790359062.583774,1.8721380038186908
1790359062.5866385,1.553173002321273
1790359062.587311,1.4568769838660955
1790359062.5983493,1.747314992826432
1790359062.6013823,2.4686000251676887
1790359062.6015325,2.063731983071193
1790359062.6021593,2.0249009830877185
1790359062.6084642,1.9130720174871385
1790359062.627952,2.415067021502182
1790359062.6292253,2.587976981885731
1790359062.6292918,1.745668996591121
1790359062.6333919,1.5938660071697086
1790359062.6405241,2.0674219995271415
1790359062.645961,2.54994397982955
1790359062.6557271,1.9333449890837073
1790359062.662889,2.00501800281927
1790359062.6642776,1.364358002319932
1790359062.6650627,27.352239994797856
1790359062.674623,2.8755480016116053
1790359062.6763825,27.405386994360015
1790359062.6766906,3.201832005288452
1790359062.6767745,44.47984998114407
1790359062.676946,37.345538003137335
1790359062.6772282,19.679643999552354
1790359062.6775782,15.835089987376705
1790359062.6778595,7.360332005191594
1790359062.6782424,5.9456899762153625
1790359062.684267,1.806354004656896
1790359062.7171023,30.40780298761092
1790359062.7178154,12.309507990721613
1790359062.7179255,39.430959994206205
1790359062.7180767,6.62313899374567
1790359062.7186534,2.803332987241447
1790359062.7264423,30.074392008828
1790359062.7322805,39.26099301315844
1790359062.7334611,19.27875602268614
1790359062.733599,27.30813599191606
1790359062.7339807,15.318452991778031
1790359062.7599378,27.446281019365415
1790359062.760383,41.006004990777
1790359062.760591,8.211699983803555
1790359062.7611873,4.463174991542473
1790359062.7673671,1.6595149936620146
1790359062.7724707,20.70825800183229
1790359062.7779284,24.85380001598969
1790359062.7859948,1.6943990194704384
1790359062.7876084,22.906708996742964
1790359062.78866,5.065653997007757
1790359062.7887511,40.804351010592654
1790359062.8003407,2.4899249838199466
1790359062.8012774,2.6222980231978
1790359062.8062751,1.916956010973081
1790359062.8071666,1.8923580064438283
1790359062.8163283,2.5045700022019446
1790359062.8183634,1.6975749749690294
1790359062.8339508,3.2319070014636964
1790359062.8347661,1.691940997261554
1790359062.8427753,3.002062003361061
1790359062.8664896,1.9341759907547385
1790359062.8704073,1.7704939818941057
1790359062.8792818,13.829603005433455
1790359062.879627,22.118275985121727
1790359062.8796954,42.067324015079066
1790359062.884274,1.7819709901232272
1790359062.8843386,2.4328429717570543
1790359062.8872595,1.8756210047286004
1790359062.891884,1.8153199926018715
1790359062.8937259,1.5097040159162134
1790359062.8994749,1.582828990649432
1790359062.8999572,1.3342359743546695
1790359062.9053519,1.5819800028111786
1790359062.9103694,1.384208007948473
1790359062.921974,2.0054059859830886
1790359062.9268208,1.650580990826711
1790359062.9293115,1.2827660248149186
1790359062.9420702,2.3082339903339744
1790359062.9443173,1.5014820091892034
1790359062.9444356,2.243944996735081
1790359062.9450552,1.7256379942409694
1790359062.948266,1.520065008662641
1790359062.9521186,1.9625260028988123
1790359062.952857,1.6968530253507197
1790359062.9576995,1.373102975776419
1790359062.9658785,1.6285979945678264
1790359062.9673674,1.296172005822882
1790359062.9688807,1.4086889859754592
1790359062.9716837,1.566060003824532
1790359062.9733667,1.4940379769541323
1790359062.9848354,2.1736350026912987
1790359062.9855132,2.258796012029052
1790359062.991752,2.3080839891918004
1790359062.9927735,1.7904540000017732
1790359062.9936423,1.7033929761964828
1790359063.0396094,32.55856400937773
1790359063.0449743,48.513735993765295
1790359063.045529,41.87531099887565
1790359063.0570722,44.744492013705894
1790359063.0751042,45.550435985205695
1790359063.075192,79.67533799819648
1790359063.0761173,74.72425702144392
1790359063.0765946,42.698495992226526
1790359063.0769646,45.09190801763907
1790359063.0785403,43.586996995145455
1790359063.0787706,68.31752700963989
1790359063.0791981,25.165335973724723
1790359063.0817437,20.398722001118585
1790359063.0822778,15.98677400033921
1790359063.0824325,5.041478987550363
1790359063.0826359,42.861481982981786
1790359063.0829928,1.7291069962084293
1790359063.0997393,1.9471829873509705
1790359063.1041021,43.991142010781914
1790359063.1112437,2.7585979842115194
1790359063.1130364,56.94499399396591
1790359063.113387,50.290668004890904
1790359063.1135275,33.76344498246908
1790359063.1135995,42.76996600674465
1790359063.1144674,13.353983988054097
1790359063.1145308,28.74954999424517
1790359063.1146193,5.2729629969689995
1790359063.116069,1.3405669888015836
1790359063.1306367,1.6113259771373123
1790359063.1332595,22.00431900564581
1790359063.1387112,16.1679360026028
1790359063.139904,1.7747160163708031
1790359063.1442554,13.332217989955097
1790359063.1450794,35.10898500098847
1790359063.164,1.8872589862439781
1790359063.1720836,1.7395179893355817
1790359063.1741846,33.95528101827949
1790359063.174257,9.848050016444176
1790359063.1810145,1.746119000017643
1790359063.1841075,1.563958008773625
1790359063.193224,2.3543720017187297
1790359063.1942112,1.9078439800068736
1790359063.1954384,1.2177680036984384
1790359063.2042806,1.4607670018449426
1790359063.204806,1.4324000221677125
1790359063.2066183,1.3849640090484172
1790359063.2073123,1.5349559835158288
1790359063.2132385,1.944524992723018
1790359063.2144196,1.6082089859992266
1790359063.21653,1.471338007831946
1790359063.2255654,2.5154520117212087
1790359063.2260969,2.2342820011544973
1790359063.2293916,1.4105110021773726
1790359063.235384,1.8390890036243945
1790359063.239295,2.1736400085501373
1790359063.2440228,1.8655410094652325
1790359063.2469475,2.2135079780127853
1790359063.2483907,2.4262299994006753
1790359063.2538664,2.5211570027749985
1790359063.2617016,2.8816359990742058
1790359063.2618794,3.9505230088252574
1790359063.2651296,2.4408629979006946
1790359063.2703977,1.9866140210069716
1790359063.2921097,2.705743012484163
1790359063.293958,33.25370801030658
1790359063.2942908,34.72615301143378
1790359063.2944586,31.28653098247014
1790359063.2953827,22.920282994164154
1790359063.296382,1.486991997808218
1790359063.3003151,2.188311016652733
1790359063.3008785,1.5469449863303453
1790359063.3052204,2.266811003210023
1790359063.3052928,1.8659399938769639
1790359063.311938,2.6335599832236767
1790359063.313689,2.9554519860539585
1790359063.3217473,2.155347989173606
1790359063.3357592,8.54510598583147
1790359063.3373024,20.884177996776998
1790359063.3473003,15.442051022546366
1790359063.3478246,6.786166981328279
1790359063.3483644,27.674085984472185
1790359063.3650177,50.85755800246261
1790359063.3740458,23.88703200267628
1790359063.3814974,52.9310819983948
1790359063.3864534,46.35352501645684
1790359063.4074414,72.58917699800804
1790359063.4079742,64.05984199955128
1790359063.4087024,57.644621992949396
1790359063.4089541,48.938028019620106
1790359063.4103386,39.631319988984615
1790359063.4108145,26.89374701003544
1790359063.4118156,21.77500000107102
1790359063.4119093,15.1319180149585
1790359063.418066,1.8604450160637498
1790359063.4195564,67.48974698712118
1790359063.4201915,92.22197401686572
1790359063.4207969,68.19678100873716
1790359063.421535,38.83605700684711
1790359063.4247494,9.555425000144169
1790359063.425111,63.903800008120015
1790359063.4252167,31.99291101191193
1790359063.4253788,6.8219810200389475
1790359063.4260683,36.879502004012465
1790359063.427084,3.0984059849288315
1790359063.4271767,5.0641639973036945
1790359063.4281945,2.113381982780993
1790359063.429708,1.5035600226838142
1790359063.4471548,1.89221600885503
1790359063.4505308,2.1830859768670052
1790359063.465192,2.0521219994407147
1790359063.4748194,3.196192003088072
1790359063.4914834,32.334866002202034
1790359063.5077355,40.24682199815288
1790359063.513182,63.54226000257768
1790359063.5174174,29.775461996905506
1790359063.527721,42.201172007480636
1790359063.5510244,41.8036229966674
1790359063.5534303,58.149929012870416
1790359063.5663333,94.81674901326187
1790359063.568458,45.43975897831842
1790359063.5705113,57.09727600333281
1790359063.5705948,44.07725500641391
1790359063.5707746,49.53622099128552
1790359063.5809364,105.68941399105825
1790359063.5813828,78.16251699114218
1790359063.5818071,49.050158995669335
1790359063.5845273,62.544168991735205
1790359063.5860803,61.80408000363968
1790359063.5865507,69.98287900933065
1790359063.5869343,49.662576988339424
1790359063.588696,57.560385001124814
1790359063.5889223,20.273343980079517
1790359063.589267,6.543911003973335
1790359063.589446,14.231842011213303
1790359063.5927572,36.64744200068526
1790359063.5930505,1.7507379816379398
1790359063.6037023,32.450208003865555
1790359063.6123672,36.46300800028257
1790359063.6125138,25.397094985237345
1790359063.6128702,78.95172099233605
1790359063.612969,13.410874002147466
1790359063.6180375,1.8889129860326648
1790359063.620062,1.8108439981006086
1790359063.6231782,1.5627160028088838
1790359063.6471689,1.9891279807779938
1790359063.6591702,2.0559350086841732
1790359063.660957,1.750872004777193
1790359063.6679943,2.250782010378316
1790359063.671003,1.7562010034453124
1790359063.6758351,1.7075669893529266
1790359063.6855524,1.9590209994930774
1790359063.6915228,2.469172002747655
1790359063.694621,2.1951289963908494
1790359063.6950738,1.670942991040647
1790359063.7000537,1.7648430075496435
1790359063.704612,2.3652140225749463
1790359063.7057922,1.649710990022868
1790359063.7156603,1.887059974251315
1790359063.728627,2.484120981534943
1790359063.7360816,2.1647330140694976
1790359063.7548673,22.984193987213075
1790359063.7581046,3.030880994629115
1790359063.762808,28.258879989152774
1790359063.7632725,43.47577301086858
1790359063.7700808,1.8678829947020859
1790359063.774567,2.0119700056966394
1790359063.784179,3.67235200246796
1790359063.7844234,3.2580529805272818
1790359063.7854278,1.8052819941658527
1790359063.801997,4.194851993815973
1790359063.8021345,3.2195239909924567
1790359063.8110578,2.3378409969154745
1790359063.8184443,2.74648200138472
1790359063.8572419,1.7348480178043246
1790359063.8610203,1.9796440028585494
1790359063.870746,2.0193909876979887
1790359063.8777528,1.9362250168342143
1790359063.8803833,2.0191840012557805
1790359063.8816237,2.047107001999393
1790359063.8846273,1.786175009328872
1790359063.890442,1.8305550038348883
1790359063.896053,1.8163429922424257
1790359063.9000082,2.070902002742514
1790359063.9091249,2.5424160121474415
1790359063.9185367,3.552372974809259
1790359063.9198654,2.738720999332145
1790359063.9199505,3.823817998636514
1790359063.9202316,2.190920989960432
1790359063.9228513,1.7256590072065592
1790359063.9710798,33.50725400377996
1790359063.9846032,23.293761012610048
1790359063.9849753,38.777487992774695
1790359063.9894354,58.338408009149134
1790359063.990498,27.220399992074817
1790359063.9916341,14.990133000537753
1790359063.9917378,23.043107008561492
1790359063.9918253,43.50088501814753
1790359063.992089,26.383952994365245
1790359064.0036347,25.36582198808901
1790359064.0042205,30.569622991606593
1790359064.004586,58.01191201317124
1790359064.0060785,15.56502899620682
1790359064.006178,21.187252015806735
1790359064.0269547,25.4357079975307
1790359064.0327811,49.4205069844611
1790359064.0358348,54.13688500993885
1790359064.0362942,49.27057298482396
1790359064.0365012,34.4461300119292
1790359064.0365772,36.93427800317295
1790359064.0387363,36.021059000631794
1790359064.04019,31.16559499176219
1790359064.044538,34.53729298780672
1790359064.0454085,34.65073899133131
1790359064.0467548,34.158679976826534
1790359064.048343,16.91190298879519
1790359064.0486012,49.66997800511308
1790359064.048727,5.078550020698458
1790359064.057677,2.0558070100378245
1790359064.0641763,2.0380950008984655
1790359064.0680218,38.657358003547415
1790359064.0736537,2.3159350093919784
1790359064.0744882,1.932989020133391
1790359064.0770097,25.851575017441064
1790359064.0771148,43.19425899302587
1790359064.0778995,55.23106499458663
1790359064.0787878,20.12011900660582
1790359064.0812604,9.380706993397325
1790359064.081391,10.979195998515934
1790359064.0817118,7.213488017441705
1790359064.0820782,3.277128009358421
1790359064.0823638,1.7863349930848926
1790359064.0977547,1.9475870067253709
1790359064.0993106,1.5453670057468116
1790359064.106361,2.5029859971255064
1790359064.1064954,3.162134002195671
1790359064.1081395,1.3101670192554593
1790359064.1186366,4.938333993777633
1790359064.1200662,3.4373260277789086
1790359064.1206534,2.6719419984146953
1790359064.1385481,2.03197801602073
1790359064.1451845,1.9495559972710907
1790359064.1478395,1.4158679987303913
1790359064.1576114,28.172996011562645
1790359064.1582448,38.058699981775135
1790359064.1585188,15.859562990954146
1790359064.1587787,7.938169990666211
1790359064.159192,15.009460999863222
1790359064.159347,3.4776000247802585
1790359064.1628451,2.0104510185774416
1790359064.1662476,1.7157550028059632
1790359064.1678421,1.3466810050886124
1790359064.1956801,1.7914639902301133
1790359064.1997757,1.8312110041733831
1790359064.2001038,1.4526750019285828
1790359064.206534,1.7704660131130368
1790359064.209736,1.4421989908441901
1790359064.2208471,2.490711020072922
1790359064.2365785,28.867004002677277
1790359064.2373354,19.925122003769502
1790359064.237453,35.924269002862275
1790359064.237552,14.46889599901624
1790359064.2393122,1.497532008215785
1790359064.2414541,1.7324190121144056
1790359064.2452095,1.5447460173163563
1790359064.2470007,1.459909020923078
1790359064.2510238,1.9772750092670321
1790359064.2515042,1.6636969812680036
1790359064.2626398,1.9274689839221537
1790359064.2970252,29.43718701135367
1790359064.3039575,25.09778700186871
1790359064.3044639,15.101531986147165
1790359064.3045623,41.57824499998242
1790359064.3069205,19.84380601788871
1790359064.310398,17.064988001948223
1790359064.310649,43.62834300263785
1790359064.3119822,3.309073013952002
1790359064.3139446,1.9474609871394932
1790359064.315893,1.534448005259037
1790359064.3175685,1.5457560075446963
1790359064.3182547,1.5363860002253205
1790359064.3239872,1.867342012701556
1790359064.3272543,2.275281003676355
1790359064.3273132,1.7151759820990264
1790359064.3297403,1.3638230157084763
1790359064.3355825,1.531606976641342
1790359064.337536,1.2250940199010074
1790359064.3480597,1.6544529935345054
1790359064.366434,3.313128021545708
1790359064.366515,3.302338009234518
1790359064.373576,3.4864319895859808
1790359064.3757288,1.3868829992134124
1790359064.4038515,35.88257200317457
1790359064.4049656,33.501241996418685
1790359064.4053392,40.45057401526719
1790359064.4074235,1.9942530198022723
1790359064.4180603,2.4210830160882324
1790359064.4244988,2.5670680042821914
1790359064.4279966,1.801341975806281
1790359064.431333,1.7256979772355407
1790359064.4395454,19.849342992529273
1790359064.4396536,25.33983299508691
1790359064.4406717,16.16021999507211
1790359064.4412456,9.672307001892477
1790359064.441697,12.758098018821329
1790359064.4418013,42.82359199714847
1790359064.4418862,4.332534008426592
1790359064.4467623,1.6834069974720478
1790359064.4512944,1.7844509857241064
1790359064.463005,1.8489680078346282
1790359064.4660542,1.8125150236301124
1790359064.4691896,1.899013004731387
1790359064.4693184,2.524429000914097
1790359064.4747686,1.8999489839188755
1790359064.4748752,2.573483972810209
1790359064.4777935,1.3354620023164898
1790359064.483457,2.1098759898450226
1790359064.4842937,1.3030439731664956
1790359064.487005,1.2937179999426007
1790359064.4967244,1.8215139862149954
1790359064.5021398,1.9032100099138916
1790359064.5055332,1.48601399268955
1790359064.5080311,1.2677980121225119
1790359064.5172641,1.7068540037143975
1790359064.5222583,23.581340996315703
1790359064.5271604,24.26110301166773
1790359064.5276587,1.73573600477539
1790359064.535425,36.072547984076664
1790359064.5355086,29.121191997546703
1790359064.5372782,15.007692010840401
1790359064.537379,22.743050009012222
1790359064.5383406,2.156447008019313
1790359064.5446424,1.5920310106594115
1790359064.5472693,1.5832189819775522
1790359064.5577924,1.956674997927621
1790359064.5611532,1.539827004307881
1790359064.564582,1.6070200072135776
1790359064.5782619,1.6965340182650834
1790359064.5838225,1.6644179995637387
1790359064.5858133,1.7042440013028681
1790359064.5897353,1.6728890186641365
1790359064.6056175,25.011138000991195
1790359064.6057558,3.451930999290198
1790359064.606342,1.9973359885625541
1790359064.6088767,25.82895100931637
1790359064.6091764,39.22989100101404
1790359064.610377,24.115084001095966
1790359064.6105022,7.498396007576957
1790359064.6106074,20.74855801765807
1790359064.6142247,1.5672309964429587
1790359064.6256392,2.207164012361318
1790359064.6309152,1.6927820106502622
1790359064.6365762,1.9521680078469217
1790359064.643829,26.78066401858814
1790359064.6489959,24.352263018954545
1790359064.6501477,16.348342993296683
1790359064.656144,10.039512999355793
1790359064.6564727,40.49296598532237
1790359064.657231,5.050574021879584
1790359064.6760924,28.5593879816588
1790359064.6771917,22.37053299904801
1790359064.6811104,23.868392017902806
1790359064.6860065,18.786984001053497
1790359064.6876726,23.0761670100037
1790359064.6926637,56.02333499700762
1790359064.7036693,35.449708986561745
1790359064.7038016,22.38094198401086
1790359064.7093601,33.969534997595474
1790359064.709923,53.61122498288751
1790359064.7305717,41.82302899425849
1790359064.7319143,62.91414800216444
1790359064.7380373,29.032523016212508
1790359064.7581947,45.22898999857716
1790359064.7701406,45.030408015009016
1790359064.7770653,93.14769500633702
1790359064.777841,49.64594100601971
1790359064.7787325,71.39612000901252
1790359064.7789838,39.730146003421396
1790359064.7821903,18.933762999949977
1790359064.7822967,26.651113003026694
1790359064.7824762,10.696603014366701
1790359064.7827923,88.03520200308412
1790359064.7840667,4.053417011164129
1790359064.786198,2.121047000400722
1790359064.79624,1.6860140021890402
1790359064.7992024,53.50301499129273
1790359064.7993982,61.182440986158326
1790359064.7998793,37.44700099923648
1790359064.800121,2.0416059996932745
1790359064.801616,75.06370299961418
1790359064.8017218,33.18937699077651
1790359064.802788,23.941065999679267
1790359064.8036804,18.85806501377374
1790359064.8037834,3.2017850026022643
1790359064.8040164,20.723387016914785
1790359064.8041484,7.722198992269114
1790359064.8144584,1.8213870062027127
1790359064.8301675,1.7860090010799468
1790359064.8513439,19.561601016903296
1790359064.851822,36.95653099566698
1790359064.8519206,10.652152996044606
1790359064.8522284,2.698850992601365
1790359064.8586903,1.6501200152561069
1790359064.862315,23.42919900547713
1790359064.8708487,26.053246983792633
1790359064.871592,40.38160599884577
1790359064.8720148,8.86044601793401
1790359064.8721533,2.828506985679269
1790359064.872239,16.063315997598693
1790359064.8743846,1.28106601187028
1790359064.8785262,1.3696009991690516
1790359064.8803952,1.2962149921804667
1790359064.8829322,1.8081000016536564
1790359064.883832,1.5908149944152683
1790359064.8864248,2.0642699964810163
1790359064.8876429,2.0954190113116056
1790359064.892106,2.038790989900008
1790359064.897565,2.1035219833720475
1790359064.8995605,1.7023679974954575
1790359064.9028585,1.76514801569283
1790359064.9060118,1.8454730161465704
1790359064.9069474,1.3346460182219744
1790359064.91,1.3372190005611628
1790359064.9122968,1.587215025210753
1790359064.9204364,1.851640990935266
1790359064.9245405,1.6147800197359174
1790359064.9318037,2.5113509909715503
1790359064.938891,1.6481089987792075
1790359064.9413378,1.622452022274956
1790359064.9478693,2.226642012828961
1790359064.9488678,1.877011003671214
1790359064.9560826,1.4480180107057095
1790359064.9566839,1.463530003093183
1790359064.96323,2.319589984836057
1790359064.9679098,1.7468209844082594
1790359064.9731605,2.5845940108411014
1790359064.98415,2.567930001532659
1790359064.9898844,2.5475140137132257
1790359064.9903643,2.1327210124582052
1790359065.0171788,2.6426090043969452
1790359065.0281646,12.381732987705618
1790359065.0331242,2.852111996617168
1790359065.0395362,8.302130998345092
1790359065.042615,2.545377006754279
1790359065.0541413,38.93354700994678
1790359065.0597696,2.0671090169344097
1790359065.062617,2.0067619916517287
1790359065.0803843,21.509742975467816
1790359065.0816638,2.7282870141789317
1790359065.0965996,28.862405015388504
1790359065.0966914,40.97167300642468
1790359065.098238,2.7077999839093536
1790359065.0982997,2.258164022350684
1790359065.109906,2.1125180064700544
1790359065.1178715,2.235135994851589
1790359065.119361,1.4783380029257387
1790359065.1364808,1.9515059830155224
1790359065.14337,2.4481389846187085
1790359065.1518276,2.4050470092333853
1790359065.1691625,1.938035013154149
1790359065.175329,2.547306998167187
1790359065.2168353,17.711294000037014
1790359065.227666,35.28678399743512
1790359065.227845,19.497574015986174
1790359065.2330105,15.586613008053973
1790359065.2331223,48.458696983288974
1790359065.2332835,5.210774979786947
1790359065.2340941,3.3283240045420825
1790359065.2413015,1.9254290091339499
1790359065.2469776,53.93708398332819
1790359065.2470953,20.940132992109284
1790359065.2472916,18.249445973197
1790359065.2482703,11.10888400580734
1790359065.248781,6.874501996207982
1790359065.2561011,1.7141770222224295
1790359065.273666,2.425756014417857
1790359065.2755356,1.8544959893915802
1790359065.2866848,2.692854992346838
1790359065.2868035,4.223099997034296
1790359065.2950947,23.107102984795347
1790359065.300864,1.9603520049713552
1790359065.3076236,25.700775993755087
1790359065.309734,17.00667801196687
1790359065.3098688,45.72889898554422
1790359065.310064,26.75306299352087
1790359065.3104813,7.421984017128125
1790359065.310591,3.6292209988459945
1790359065.3138487,1.8557450093794614
1790359065.3249104,2.819622022798285
1790359065.3378918,1.800256985006854
1790359065.340491,36.849239986622706
1790359065.3415923,30.883664003340527
1790359065.347252,2.3433200258295983
1790359065.3473856,27.67035100259818
1790359065.3481705,24.500137980794534
1790359065.3493667,11.207296018255875
1790359065.3494449,47.47475899057463
1790359065.3507128,1.9559749925974756
1790359065.3507862,2.60537100257352
1790359065.3529449,1.5712260210420936
1790359065.3540545,1.836506009567529
1790359065.3604624,3.0921399884391576
1790359065.3611164,3.227118984796107
1790359065.3613324,2.5925049849320203
1790359065.3618698,1.8619629845488816
1790359065.3641024,1.3780090084765106
1790359065.3742065,2.079383993986994
1790359065.3777153,1.5451560029760003
1790359065.381193,1.4572050131391734
1790359065.3845897,1.865347003331408
1790359065.384949,2.6407870172988623
1790359065.3947203,1.8447350012138486
1790359065.4029245,2.445101010380313
1790359065.405008,1.942481001606211
1790359065.4051,2.621962019475177
1790359065.40778,1.541726989671588
1790359065.409137,1.3470189878717065
1790359065.4118354,1.7401590012013912
1790359065.4124315,1.5580820036120713
1790359065.418778,1.6005359939299524
1790359065.4290543,2.0335770095698535
1790359065.4291399,2.7649180265143514
1790359065.4305184,1.2713920150417835
1790359065.4392664,1.970123004866764
1790359065.4396274,1.5256759943440557
1790359065.4495325,2.3976349912118167
1790359065.4878936,28.834913013270125
1790359065.4880662,26.657493988750502
1790359065.49524,47.56608500611037
1790359065.5050359,33.478918980108574
1790359065.5052006,41.37164002167992
1790359065.5141375,54.35271799797192
1790359065.5149033,22.812823008280247
1790359065.5203497,24.21936998143792
1790359065.5272617,64.309260022128
1790359065.5322523,66.23819700325839
1790359065.5366488,26.65891099604778
1790359065.545996,62.991070008138195
1790359065.547213,74.7361789981369
1790359065.5475497,49.242248001974076
1790359065.5482771,29.090820986311883
1790359065.5486,53.16545799723826
1790359065.5510793,5.07049699081108
1790359065.5515544,22.787813999457285
1790359065.5518653,29.52717599691823
1790359065.5525668,2.2935020097065717
1790359065.5538783,32.87024699966423
1790359065.559362,36.163201002636924
1790359065.5654507,62.6999830128625
1790359065.5659983,22.07253998494707
1790359065.5665357,17.904531996464357
1790359065.566603,13.608326989924535
1790359065.574144,2.6546659937594086
1790359065.574272,2.8726400050800294
1790359065.5917113,2.4802940024528652
1790359065.6171227,28.51714097778313
1790359065.6216173,17.550368007505313
1790359065.6226132,25.76537398272194
1790359065.6314464,54.80317698675208
1790359065.636954,25.97058698302135
1790359065.6410277,21.604721987387165
1790359065.6412482,50.51228601951152
1790359065.658159,32.58897201158106
1790359065.6642935,27.128038986120373
1790359065.6857498,43.689702986739576
1790359065.685956,47.882162005407736
1790359065.6868627,30.80347500508651
1790359065.688022,24.82134199817665
1790359065.688148,14.970688003813848
1790359065.6882255,49.36919501051307
1790359065.6945875,2.0772930001839995
1790359065.7044032,2.1171429834794253
1790359065.7078693,84.2432199860923
1790359065.7179723,71.3381509995088
1790359065.7222598,62.86922897561453
1790359065.7250512,79.74989301874302
1790359065.7262342,27.243123011430725
1790359065.7267735,51.53028402128257
1790359065.7277417,24.746843002503738
1790359065.7282999,60.08245301200077
1790359065.7285733,7.587656989926472
1790359065.7287793,14.674684993224218
1790359065.72983,2.077509998343885
1790359065.7307022,20.67272100248374
1790359065.7365456,20.145006012171507
1790359065.741864,18.084793002344668
1790359065.7447772,2.8992540028411895
1790359065.745922,2.056198980426416
1790359065.7517035,44.65054700267501
1790359065.7524726,3.2589360198471695
1790359065.7525773,15.900010010227561
1790359065.7526596,10.194977978244424
1790359065.7553465,1.735213998472318
1790359065.7624755,1.8174790020566434
1790359065.7741919,2.573040022980422
1790359065.774286,1.9849840027745813
1790359065.7745552,1.4630320074502379
1790359065.7773373,1.4882859832141548
1790359065.7858756,2.2989830176811665
1790359065.7891853,2.083122992189601
1790359065.7905624,1.3654250069521368
1790359065.795701,1.5311370079871267
1790359065.814473,12.660810985835269
1790359065.839842,20.051688014063984
1790359065.8399816,31.687504990259185
1790359065.847694,36.374437011545524
1790359065.8478143,25.017748004756868
1790359065.8560534,61.13928300328553
1790359065.866067,42.37557199667208
1790359065.8776608,33.418370003346354
1790359065.8873901,94.79331300826743
1790359065.887861,59.131925023393705
1790359065.8882627,38.95714902319014
1790359065.8894136,34.98932998627424
1790359065.8925622,56.5098829974886
1790359065.8933291,23.911925993161276
1790359065.8963478,35.31615700921975
1790359065.903696,31.305285985581577
1790359065.9139912,91.94047801429406
1790359065.9156444,30.672498018248007
1790359065.9356508,40.96694799955003
1790359065.9570181,54.6844819909893
1790359065.9798243,65.49537100363523
1790359065.983452,64.78894499014132
1790359065.983637,89.58703797543421
1790359065.984218,95.81383300246671
1790359065.9852502,49.43882001680322
1790359065.9854982,59.40644699148834
1790359065.9869256,44.890118995681405
1790359066.0027156,50.873058004071936
1790359066.012026,129.6706770081073
1790359066.0165496,110.8198169968091
1790359066.016749,109.61604700423777
1790359066.0235384,43.15959199448116
1790359066.028349,112.69088400877081
1790359066.033864,109.25597799359821
1790359066.034084,141.7483229888603
1790359066.0347748,96.30326999467798
1790359066.0371451,109.72451200359501
1790359066.0372972,87.27437400375493
1790359066.0388966,9.052286011865363
1790359066.0389922,18.99336400674656
1790359066.0391023,53.5897100053262
1790359066.0413895,54.269418003968894
1790359066.042754,47.33527600183152
1790359066.0429013,86.83597401250154
1790359066.0431595,53.658483986509964
1790359066.0433514,7.307382009457797
1790359066.0440717,40.8965660026297
1790359066.0443854,45.34117499133572
1790359066.045345,40.013605990679935
1790359066.0461214,21.723952988395467
1790359066.0463943,9.238091995939612
1790359066.0482426,3.8434249872807413
1790359066.0486465,8.773150999331847
1790359066.0552905,2.061979001155123
1790359066.0595562,2.7245290111750364
1790359066.0638888,3.3804900012910366
1790359066.0707612,2.1626340167131275
1790359066.0821817,1.9362930033821613
1790359066.0897775,42.74374200031161
1790359066.0955849,36.57262900378555
1790359066.0971751,50.07116301567294
1790359066.097843,41.79301401018165
1790359066.0993116,11.075283982791007
1790359066.0998523,37.50070801470429
1790359066.0999525,21.698849013773724
1790359066.1015227,4.585385002428666
1790359066.1019638,2.294397010700777
1790359066.1208322,2.2091770078986883
1790359066.145428,23.567849973915145
1790359066.1455517,29.962575004901737
1790359066.162218,28.68171001318842
1790359066.1635287,15.941554011078551
1790359066.1636546,53.09244999079965
1790359066.163761,7.596224022563547
1790359066.1682928,38.53419900406152
1790359066.169312,25.53220998379402
1790359066.1700926,48.92945897881873
1790359066.170519,15.596744022332132
1790359066.1707008,13.83773802081123
1790359066.1725142,1.801759994123131
1790359066.1811416,2.7383359847590327
1790359066.182758,2.80386398662813
1790359066.18431,2.6412839943077415
1790359066.185215,1.7643010069150478
1790359066.185277,2.508762991055846
1790359066.1942444,2.4195739824790508
1790359066.1945422,2.0793729927390814
1790359066.2064435,2.2440739849116653
1790359066.207588,1.5928700158838183
1790359066.2096853,1.9699840049725026
1790359066.2110672,2.150076994439587
1790359066.2116492,1.5395779919344932
1790359066.2163217,1.5491039957851171
1790359066.2176056,1.264291990082711
1790359066.2221887,1.5104960184544325
1790359066.2246215,1.385243987897411
1790359066.2277591,1.5149720129556954
1790359066.2304664,1.8212640134152025
1790359066.2319932,1.5145710203796625
1790359066.2387247,2.363690990023315
1790359066.2392478,2.186024998081848
1790359066.2463977,1.8831780180335045
1790359066.2662458,24.427922995528206
1790359066.2716153,18.299613002454862
1790359066.2830613,12.974309996934608
1790359066.289756,44.682618987280875
1790359066.2927585,55.09117298061028
1790359066.2936127,15.735711989691481
1790359066.293697,26.353255001595244
1790359066.2949197,22.600476979278028
1790359066.2963443,3.2620300189591944
1790359066.2969997,1.672770013101399
1790359066.3041708,27.23813700140454
1790359066.3051467,15.066972002387047
1790359066.3054643,11.213285994017497
1790359066.3055286,52.111502998741344
1790359066.314183,2.559496002504602
1790359066.3157208,2.063926978735253
1790359066.31668,1.8355720094405115
1790359066.3205,1.4860850060358644
1790359066.3235006,1.7878969956655055
1790359066.3245265,1.7760919872671366
1790359066.3348317,2.6295639981981367
1790359066.3355763,3.471244010142982
1790359066.3363621,1.5202290087472647
1790359066.3394353,1.8802699923980981
1790359066.3421557,2.0254500268492848
1790359066.3479326,1.6893089923541993
1790359066.352875,1.8703429959714413
1790359066.361279,24.13605898618698
1790359066.3640695,1.844279991928488
1790359066.373686,32.802636007545516
1790359066.3741996,34.750789985992014
1790359066.3744068,40.98542299470864
1790359066.3757598,27.188654989004135
1790359066.3762536,18.258466006955132
1790359066.376925,2.237013977719471
1790359066.410916,24.007096013519913
1790359066.4119465,45.752267993520945
1790359066.4128194,14.388603012776002
1790359066.4140503,23.678520985413343
1790359066.414124,16.84336399193853
1790359066.4142601,11.85590200475417
1790359066.4199631,1.808517990866676
1790359066.422243,35.18618000089191
1790359066.4272819,36.11154100508429
1790359066.427754,30.377644987311214
1790359066.428847,27.76766399620101
1790359066.4290833,49.29182201158255
1790359066.429193,11.961607000557706
1790359066.4295347,4.608781018760055
1790359066.4346037,1.9166690181009471
1790359066.4349463,1.6486340027768165
1790359066.4365544,1.4673629775643349
1790359066.4374936,1.708259980659932
1790359066.4420981,1.9674859941005707
1790359066.4421628,2.616948011564091
1790359066.4530642,1.4961709966883063
1790359066.471474,22.640225011855364
1790359066.474317,2.2661919938400388
1790359066.4790325,1.7240399902220815
1790359066.4832976,2.2208559967111796
1790359066.487644,26.523993990849704
1790359066.4877613,12.812073022359982
1790359066.4890556,41.711983998538926
1790359066.4906418,8.24996898882091
1790359066.4908462,11.110495979664847
1790359066.492448,2.4377660010941327
1790359066.4926584,4.212891013594344
1790359066.4930575,1.887922000605613
1790359066.4945211,1.4525910082738847
1790359066.500334,1.8131360120605677
1790359066.504509,2.216180000687018
1790359066.5192635,1.8481109873391688
1790359066.520084,1.8205790256615728
1790359066.529179,1.767801004461944
1790359066.5334275,1.5890969953034073
1790359066.548698,2.223665011115372
1790359066.5500538,2.235559979453683
1790359066.5557191,1.9236189837101847
1790359066.5674229,1.806721993489191
1790359066.577829,2.110214001731947
1790359066.5823,2.3278409789782017
1790359066.5824125,3.0266849789768457
1790359066.5832424,2.0581090066116303
1790359066.5895302,2.6030220033135265
1790359066.5902677,1.6879479808267206
1790359066.5935357,2.0469939918257296
1790359066.5942955,1.7423259851057082
1790359066.5981412,2.0031380117870867
1790359066.6054032,3.563934995327145
1790359066.6076214,4.517005989328027
1790359066.6078281,5.197835009312257
1790359066.6089716,2.2169680160004646
1790359066.6176755,1.964335999218747
1790359066.6253262,1.8921279988717288
1790359066.6270206,1.4303660136647522
1790359066.6312225,1.4737479796167463
1790359066.6331046,1.502719009295106
1790359066.641928,1.8964660121127963
1790359066.6558459,1.9164519908372313
1790359066.6602798,1.6365800111088902
1790359066.6656535,1.5228900010697544
1790359066.6691363,1.8861280113924295
1790359066.6765914,4.0319079998880625
1790359066.6769018,3.6451809864956886
1790359066.6773734,2.2396369895432144
1790359066.6786394,4.156018985668197
1790359066.6809804,3.4268520248588175
1790359066.6824598,2.970265020849183
1790359066.6825616,3.159489016979933
1790359066.6914916,2.148505998775363
1790359066.6973288,1.9469420076347888
1790359066.7012234,2.2476250014733523
1790359066.7198994,2.321146981557831
1790359066.7301178,2.41466800798662
1790359066.7345161,2.4526430061087012
1790359066.750751,30.835851008305326
1790359066.7541218,2.5079789920710027
1790359066.7564595,24.95059699867852
1790359066.7629068,13.469274999806657
1790359066.7639573,4.299879015889019
1790359066.772956,17.918255005497485
1790359066.7736802,56.95947600179352
1790359066.7751496,5.278911994537339
1790359066.7753165,10.03511599265039
1790359066.7763321,3.2368709798902273
1790359066.7871075,1.9755119865294546
1790359066.7915046,24.10544699523598
1790359066.7932866,3.2672439992893487
1790359066.8024943,18.312644999241456
1790359066.8025916,30.41483199922368
1790359066.8109736,2.390690002357587
1790359066.8128474,23.544024996226653
1790359066.8135147,21.661940001649782
1790359066.8136332,50.3608429862652
1790359066.8168676,2.0193200034555048
1790359066.8273873,2.2311279899440706
1790359066.8311498,1.8852809735108167
1790359066.8334475,1.7902480030898005
1790359066.838342,2.046235982561484
1790359066.840235,1.5835649974178523
1790359066.8429704,1.8220260099042207
1790359066.8463652,2.1916149999015033
1790359066.847783,2.252159989438951
1790359066.849863,1.842926983954385
1790359066.8511934,2.1195070003159344
1790359066.8569367,2.095046016620472
1790359066.862436,1.9089730049017817
1790359066.870097,2.3195460089482367
1790359066.8731964,1.8520379962865263
1790359066.878765,2.0069479942321777
1790359066.9045784,1.9133129972033203
1790359066.9063194,1.7278089944738895
1790359066.9066114,1.4591409999411553
1790359066.9158516,5.51118902512826
1790359066.9193246,5.812472983961925
1790359066.919436,4.573829006403685
1790359066.9195387,7.690525992074981
1790359066.9210835,4.837920016143471
1790359066.9218557,7.749280979624018
1790359066.9229634,4.77675098227337
1790359066.923373,2.273627993417904
1790359066.9422488,2.232204977190122
1790359066.9553797,1.8661789945326746
1790359066.9587688,2.3754500143695623
1790359066.9612784,1.7576030222699046
1790359066.965867,41.19344399077818
1790359066.966366,17.94673499534838
1790359066.9667935,42.94567700708285
1790359066.9669425,11.185772018507123
1790359066.9672246,9.66344799962826
1790359066.9680698,3.9184009947348386
1790359066.9763155,1.8776729993987828
1790359066.992896,1.7251019889954478
1790359066.9945996,1.43704199581407
1790359067.0033302,1044.3414059991483
1790359067.006553,1036.846542992862
1790359067.0073068,1046.9605719845276
1790359067.007387,1019.0442879975308
1790359067.0078664,1017.278757004533
1790359067.0087209,7.079086994053796
1790359067.0092683,6.254788982914761
1790359067.0104356,7.082675991114229
1790359067.0105307,2.6523259875830263
1790359067.0151067,1.6561840020585805
1790359067.020663,1.72690799809061
1790359067.032653,1.6436139994766563
1790359067.041383,34.811699006240815
1790359067.0424595,32.43676899001002
1790359067.0432274,1047.0259830181021
1790359067.0432966,38.914110977202654
1790359067.0442636,25.874371000099927
1790359067.044888,21.466334990691394
1790359067.0449533,11.49267700384371
1790359067.0481813,1.9922179926652461
1790359067.0500982,1.5073800168465823
1790359067.0556216,3.2248720235656947
1790359067.056685,2.2654310159850866
1790359067.0569816,3.2251400116365403
1790359067.0570877,2.2281839919742197
1790359067.058687,1.1542020074557513
1790359067.069197,2.411983994534239
1790359067.0715249,1.5900070138741285
1790359067.0827298,1082.5097020133398
1790359067.0828598,1078.6966829909943
1790359067.090854,1.629884005524218
1790359067.0964363,1.855049020377919
1790359067.0998495,23.276363994227722
1790359067.1001966,2.3917089856695384
1790359067.1037967,1.5094989794306457
1790359067.104172,35.46507700229995
1790359067.1054492,1074.916271987604
1790359067.1055632,40.731693006819114
1790359067.1073017,10.159595985896885
1790359067.1074753,13.73579099890776
1790359067.1075578,9.04251600150019
1790359067.1131415,2.6083609845954925
1790359067.1159034,1.775046985130757
1790359067.1324108,2.0905160054098815
1790359067.139832,28.418083995347843
1790359067.140464,13.280780985951424
1790359067.1482773,42.56492402055301
1790359067.1553411,3.085196978645399
1790359067.1554453,2.4715389881748706
1790359067.161853,2.789548976579681
1790359067.1628933,2.2538060147780925
1790359067.1632953,1.5728909929748625
1790359067.1753237,1.8301809905096889
1790359067.1781266,1.9003030029125512
1790359067.2215927,33.133765013189986
1790359067.2447817,40.1858999975957
1790359067.2541897,47.94767400017008
1790359067.2619865,74.1315099876374
1790359067.272104,53.88017700170167
1790359067.274935,67.83956798608415
1790359067.2765622,74.99719399493188
1790359067.279523,59.615261998260394
1790359067.2802868,45.71825798484497
1790359067.280825,39.59197900258005
1790359067.2810528,9.616555005777627
1790359067.2811341,91.12510600243695
1790359067.2812011,43.46480598906055
1790359067.2815173,31.642725021811202
1790359067.2816057,5.857757001649588
1790359067.281958,90.69746098248288
1790359067.2956898,2.049648988759145
1790359067.2983592,75.02434600610286
1790359067.2984586,61.78409201675095
1790359067.3165562,77.22372200805694
1790359067.3174312,88.26085299369879
1790359067.3181572,63.83043102687225
1790359067.3183537,73.18873700569384
1790359067.3184474,45.09602897451259
1790359067.3197546,14.170240989187732
1790359067.319846,42.898668005364016
1790359067.331094,2.0429680007509887
1790359067.3311837,2.9953560151625425
1790359067.3409011,2.1405770094133914
1790359067.347943,1.7197249981109053
1790359067.3486664,1.707185001578182
1790359067.350053,1.3738330162595958
1790359067.3547633,1.4025849814061075
1790359067.3578143,1.9622510008048266
1790359067.358453,1.374079001834616
1790359067.3747506,2.06967000849545
1790359067.375427,1.668168988544494
1790359067.3774905,1.5535179991275072
1790359067.3789434,1.4425210247281939
1790359067.3885589,1.707480987533927
1790359067.3948147,2.3890349839348346
1790359067.3960025,1.6555499751120806
1790359067.4005382,1.5227340045385063
1790359067.4044383,1.4958620013203472
1790359067.4082842,1.8601230112835765
1790359067.429577,1.8534550035838038
1790359067.4322762,1.998716004891321
1790359067.4346151,2.0855799957644194
1790359067.4354181,1.6275869857054204
1790359067.439571,1.7872070020530373
1790359067.4461546,1.5404380101244897
1790359067.4478118,1.488331996370107
1790359067.4505386,1.5299500082619488
1790359067.4673827,1.7025730048771948
1790359067.471978,2.1086780179757625
1790359067.4753175,1.4979929837863892
1790359067.4868922,1.9822450121864676
1790359067.490311,1.8505070183891803
1790359067.4910047,1.460692990804091
1790359067.4938517,1.5892919909674674
1790359067.4953406,1.2359849934000522
1790359067.4986377,1.700230990536511
1790359067.5000134,2.0941440016031265
1790359067.5015116,1.3051140122115612
1790359067.507539,2.3896450002212077
1790359067.508577,2.470937994075939
1790359067.5087116,3.657853987533599
1790359067.5093348,1.7850800068117678
1790359067.51439,1.6387159994337708
1790359067.5238218,1.7832189914770424
1790359067.5294247,2.116964984452352
1790359067.5321739,2.0456089987419546
1790359067.5421202,2.387995977187529
1790359067.5478542,25.293687009252608
1790359067.5600061,31.57083099358715
1790359067.564121,28.19791200454347
1790359067.5712879,28.755172999808565
1790359067.5721211,53.58924201573245
1790359067.5724115,5.663138988893479
1790359067.5726094,13.940463977633044
1790359067.5782013,2.1871250064577907
1790359067.5864866,2.074291987810284
1790359067.590393,1.5042320010252297
1790359067.5955057,46.71227201470174
1790359067.596745,35.16137399128638
1790359067.59693,48.93145401729271
1790359067.5975506,18.26703400001861
1790359067.5982144,28.310338006122038
1790359067.5989254,10.99641399923712
1790359067.5989923,8.05899701663293
1790359067.6000204,2.458150003803894
1790359067.6099017,1.7328439862467349
1790359067.6117713,1.4942959824111313
1790359067.6135545,1.3815819984301925
1790359067.6328857,1.9976090115960687
1790359067.632959,2.7053270023316145
1790359067.6426134,2.2161219967529178
1790359067.6498585,1.909629994770512
1790359067.6696024,2.6427510019857436
1790359067.6780677,2.0295830036047846
1790359067.6893227,23.847470001783222
1790359067.6898289,2.421114972094074
1790359067.6993437,31.295521999709308
1790359067.7002811,2.646667999215424
1790359067.700693,16.53620900469832
1790359067.70107,48.32230301690288
1790359067.7011569,10.242618998745456
1790359067.7295501,2.2111910220701247
1790359067.732718,2.0664180046878755
1790359067.7387683,1.9012179982382804
1790359067.758439,1.8117669969797134
1790359067.7639623,1.6772900125943124
1790359067.769393,2.4804330023471266
1790359067.7728593,2.6536429941188544
1790359067.7751977,1.7523870046716183
1790359067.7773023,2.0925269927829504
1790359067.7776427,1.8605910008773208
1790359067.778794,1.886678976006806
1790359067.7794058,1.5679210191592574
1790359067.7901845,1.9496330060064793
1790359067.795443,1.6816860006656498
1790359067.7968912,1.3242650020401925
1790359067.8014464,1.6514080052729696
1790359067.8055828,1.9951309950556606
1790359067.8106446,1.859903015429154
1790359067.8113246,1.65621901396662
1790359067.8176053,1.7036319768521935
1790359067.8282743,2.0396829931996763
1790359067.8288927,1.4112800126895308
1790359067.8302991,1.3158080109860748
1790359067.83552,2.8130690043326467
1790359067.8361285,3.7569470005109906
1790359067.8372912,1.7560760024935007
1790359067.8399851,1.3866910012438893
1790359067.8455038,1.513784023700282
1790359067.8620439,1.8270889995619655
1790359067.8708723,2.4453790101688355
1790359067.9030447,2.3611359938513488
1790359067.9093907,2.1568099909927696
1790359067.9123626,1.7730150138959289
1790359067.9218082,1.9213959749322385
1790359067.9258382,22.350968996761367
1790359067.9320536,24.143635004293174
1790359067.9386759,22.54028301103972
1790359067.9407375,16.732876014430076
1790359067.9442987,20.993020007153973
1790359067.9475408,19.247793010436
1790359067.94885,52.369126002304256
1790359067.948995,13.71169401681982
1790359067.9491553,18.809147004503757
1790359067.9492247,4.755781003041193
1790359067.9513817,1.8491719965822995
1790359067.957221,1.744064997183159
1790359067.9635453,1.84045999776572
1790359067.9642813,22.51244298531674
1790359067.9659257,1.4156789984554052
1790359067.966348,20.218493009451777
1790359067.9666963,44.04996402445249
1790359067.967096,13.851099996827543
1790359067.9672174,6.721912999637425
1790359067.9678507,5.168205010704696
1790359067.9838216,1.8650639976840466
1790359067.9845,1.89050700282678
1790359067.9869328,1.7820060020312667
1790359067.986988,1.284257014049217
1790359067.9896462,1.5185410156846046
1790359067.993879,2.242725982796401
1790359067.993958,1.8047659832518548
1790359067.9942274,1.355348009383306
1790359068.000832,2.5032690027728677
1790359068.0012908,2.1782669937238097
1790359068.0022402,2.0223039900884032
1790359068.0028145,1.2269759899936616
1790359068.0147402,2.2367979981936514
1790359068.0208132,1.889944018330425
1790359068.0221012,2.255301020340994
1790359068.0227249,1.6451060073450208
1790359068.0319874,1.870020991191268
1790359068.034283,1.6685110167600214
1790359068.0433109,1.81737300590612
1790359068.047447,1.7162059957627207
1790359068.0588732,2.8196380008012056
1790359068.0625184,2.0431520242709666
1790359068.0697486,1.9925950036849827
1790359068.0718012,1.802512997528538
1790359068.0779011,22.014866000972688
1790359068.0781384,20.901996991597116
1790359068.0783648,41.772027005208656
1790359068.0784645,36.218809022102505
1790359068.0792327,12.198306008940563
1790359068.0799544,11.060583987273276
1790359068.081117,2.0023850083816797
1790359068.0907824,1.7570080235600471
1790359068.0930371,1.9125670078210533
1790359068.124251,2.2417259751819074
1790359068.1333406,3.0156469729263335
1790359068.1369615,36.222547001671046
1790359068.1390333,44.97277698828839
1790359068.1397953,7.672919018659741
1790359068.1400142,14.152568997815251
1790359068.141315,3.369641985045746
1790359068.1414113,3.0768190044909716
1790359068.1521015,1.9767220073845237
1790359068.1593852,3.05317499442026
1790359068.1606395,2.481542993336916
1790359068.172883,1.7065910215023905
1790359068.1788013,2.3955130018293858
1790359068.1800008,1.6365210176445544
1790359068.1901934,1.8021510040853173
1790359068.204503,1.715327991405502
1790359068.211151,1.7713650013320148
1790359068.218982,1.739542989525944
1790359068.225734,1.8120789900422096
1790359068.2316277,1.9242310081608593
1790359068.2349842,1.583286008099094
1790359068.2375202,1.716196013148874
1790359068.2496536,4.363779007690027
1790359068.251576,3.709982003783807
1790359068.2697077,28.601973986951634
1790359068.2899985,40.80925599555485
1790359068.2906618,55.605653004022315
1790359068.2910142,44.04645200702362
1790359068.2922106,27.617435000138357
1790359068.2923653,5.234281008597463
1790359068.292501,29.07720100483857
1790359068.301681,51.26868200022727
1790359068.3018668,17.932076996657997
1790359068.3043227,1.6082320071291178
1790359068.3198764,2.062910993117839
1790359068.33214,1.9298669940326363
1790359068.3344905,22.22678202087991
1790359068.3346872,2.2580270015168935
1790359068.3535073,33.11234500142746
1790359068.3588295,19.211956998333335
1790359068.3595302,28.18511999794282
1790359068.3599663,49.951326014706865
1790359068.3606327,25.34863300388679
1790359068.3608742,22.386505006579682
1790359068.3611352,16.76453198888339
1790359068.3632255,8.927799004595727
1790359068.3638172,4.975486022885889
1790359068.3639235,7.522757019614801
1790359068.375378,32.86569501506165
1790359068.3771987,42.614122008671984
1790359068.378254,20.991926023270935
1790359068.378394,23.542401992017403
1790359068.3788085,17.38405498326756
1790359068.3789423,27.707920991815627
1790359068.3796444,3.8174199871718884
1790359068.3813486,1.4767800166737288
1790359068.3842251,1.4550159976352006
1790359068.3958995,2.058354002656415
1790359068.3959672,2.996509021613747
1790359068.4020677,2.8109730046708137
1790359068.4026182,1.5596570156048983
1790359068.4029455,2.453143009915948
1790359068.4076588,1.8777019868139178
1790359068.4091666,1.4815879985690117
1790359068.4141212,1.9129779830109328
1790359068.4150078,1.6142239910550416
1790359068.4215705,2.395818999502808
1790359068.4216707,3.276005998486653
1790359068.4370189,1.9473549909889698
1790359068.439477,1.6666190058458596
1790359068.444669,2.3600829881615937
1790359068.444739,2.3377400066237897
1790359068.4487352,1.440360996639356
1790359068.4509208,1.693208992946893
1790359068.4515805,1.368208002531901
1790359068.4542365,1.5731430030427873
1790359068.4665926,2.16433999594301
1790359068.5043237,19.031183008337393
1790359068.508903,28.68428800138645
1790359068.5096877,39.61879899725318
1790359068.522115,27.495877002365887
1790359068.522681,52.03554400941357
1790359068.5282376,28.138253022916615
1790359068.5301435,44.006154988892376
1790359068.536433,69.50129600591026
1790359068.5424318,43.20410601212643
1790359068.545208,39.641626994125545
1790359068.555183,53.65611199522391
1790359068.5556457,48.66920999484137
1790359068.5565207,32.03950499300845
1790359068.5617232,68.6479669820983
1790359068.5687382,49.161792994709685
1790359068.569548,63.38202199549414
1790359068.569637,46.2749210128095
1790359068.5697312,56.497265002690256
1790359068.571726,28.2421070151031
1790359068.572571,46.55559698585421
1790359068.5732887,31.4174699888099
1790359068.5741875,35.71092299534939
1790359068.5761595,24.54054998815991
1790359068.5765448,18.51339900167659
1790359068.578699,42.090119008207694
1790359068.5900064,21.94896698347293
1790359068.5904915,50.93586500152014
1790359068.5962083,53.32663099397905
1790359068.602094,42.017926985863596
1790359068.6035166,76.93129099789076
1790359068.6039433,37.766735011246055
1790359068.605008,35.7377809996251
1790359068.6053817,30.73540100012906
1790359068.6071446,25.696619995869696
1790359068.6073067,19.329039991134778
1790359068.6155388,42.956569988746196
1790359068.6162188,29.105908004567027
1790359068.616589,54.06676500570029
1790359068.616718,39.27335099433549
1790359068.6168277,28.41916200122796
1790359068.6344264,23.070596012985334
1790359068.6564226,50.264706020243466
1790359068.6740036,34.2315619927831
1790359068.6741364,26.357335009379312
1790359068.6746836,33.21107997908257
1790359068.6794255,22.48812300967984
1790359068.6796024,25.287489988841116
1790359068.6943967,19.090394023805857
1790359068.694601,58.218959980877116
1790359068.695313,13.134214008459821
1790359068.6953983,18.589104001875967
1790359068.6965878,41.41804500250146
1790359068.699174,1.6673289937898517
1790359068.7019994,72.39303199457936
1790359068.7051558,1.7683719925116748
1790359068.7128432,46.5072329971008
1790359068.7176754,41.744454007130116
1790359068.7183268,53.16992700682022
1790359068.7187357,41.2991979974322
1790359068.7224312,22.607956983847544
1790359068.7227883,15.673003013944253
1790359068.726213,29.294634994585067
1790359068.7275953,6.014411977957934
1790359068.7277162,3.884497011313215
1790359068.7277966,8.208868006477132
1790359068.7492127,28.480848006438464
1790359068.7522442,37.271654000505805
1790359068.7533317,28.920482989633456
1790359068.7553701,32.567415008088574
1790359068.7556753,49.32573199039325
1790359068.7568312,6.942155974684283
1790359068.7569954,8.934212004533038
1790359068.7577915,4.22265799716115
1790359068.758195,3.5017960180994123
1790359068.7582655,6.009424017975107
1790359068.7666204,1.890754996566102
1790359068.7702992,1.6331810038536787
1790359068.7742043,1.5819770051166415
1790359068.7763817,1.9335930119268596
1790359068.8114944,22.659935988485813
1790359068.814222,251.12115300726146
1790359068.8182707,18.765621003694832
1790359068.8235416,48.07133102440275
1790359068.8237078,23.556849017040804
1790359068.8556015,33.721458981744945
1790359068.861501,73.9967770059593
1790359068.862555,48.47393598174676
1790359068.8627715,40.159238007618114
1790359068.86301,13.834032986778766
1790359068.8638253,55.19274901598692
1790359068.8639402,7.260062004206702
1790359068.8762116,2.241557987872511
1790359068.878066,17.738030990585685
1790359068.878318,61.004660004982725
1790359068.8784392,30.089492007391527
1790359068.8785322,24.50542600126937
1790359068.87921,2.7915299870073795
1790359068.895194,2.691309986403212
1790359068.8952742,2.1675600146409124
1790359068.9017978,1.8290149746462703
1790359068.9049094,2.028880000580102
1790359068.917616,1.8311490130145103
1790359068.9297452,2.2034950088709593
1790359068.938567,35.15165200224146
1790359068.938656,28.943785990122706
1790359068.9389079,17.419269017409533
1790359068.9396555,2.930493006715551
1790359068.96407,2.2997519990894943
1790359068.9689834,1.8495209806133062
1790359068.9791427,22.235234995605424
1790359068.979228,49.42463300540112
1790359068.9793203,12.859357986599207
1790359068.9799216,2.810442994814366
1790359068.9820228,1.6553390014450997
1790359068.9866247,1.6369229997508228
1790359069.0318017,17.372604983393103
1790359069.0325053,6.123072991613299
1790359069.033056,41.971362981712446
1790359069.0339553,5.978629982564598
1790359069.034537,7.434111990733072
1790359069.0360744,8.249389007687569
1790359069.0367048,4.888038005447015
1790359069.0368009,6.2304839957505465
1790359069.037204,1.9027229864150286
1790359069.0375035,3.5347889934200794
1790359069.0406878,1.7842220258899033
1790359069.0438392,1.9600149826146662
1790359069.0455148,1.6602220130153
1790359069.0507317,2.000696025788784
1790359069.0532038,1.5468689962290227
1790359069.060099,2.03406999935396
1790359069.0686405,2.5205910205841064
1790359069.0687017,2.445341000566259
1790359069.075787,1.8771660106722265
1790359069.0805058,1.6550440050195903
1790359069.0863175,1.5736279892735183
1790359069.0942523,1.9099169876426458
1790359069.0967934,1.5250050055328757
1790359069.1052582,1.6574129986111075
1790359069.1127994,2.38137599080801
1790359069.1137865,1.7309029935859144
1790359069.1159654,1.571286004036665
1790359069.1180952,1.4391340082511306
1790359069.1188378,1.605972007382661
1790359069.1195257,1.4187339984346181
1790359069.1213584,1.4691699761897326
1790359069.124533,1.3730039936490357
1790359069.1415184,2.2049950202926993
1790359069.164004,28.410929982783273
1790359069.1663063,25.86766000604257
1790359069.1669493,4.223280004225671
1790359069.1670475,42.00521297752857
1790359069.1823401,1.8634189909789711
1790359069.1869934,28.33160400041379
1790359069.1871305,2.0100540132261813
1790359069.190438,2.097810007398948
1790359069.1911004,14.758369012270123
1790359069.191282,42.29040700010955
1790359069.1916633,7.684544019866735
1790359069.1920822,6.287960015470162
1790359069.1952488,1.6347609926015139
1790359069.1974218,1.951743004610762
1790359069.2042718,1.6076600004453212
1790359069.225985,1.9938029872719198
1790359069.234797,35.00065999105573
1790359069.2360003,9.869655012153089
1790359069.2360976,13.672448985744268
1790359069.238451,1.7153439985122532
1790359069.2394211,1.8420029955450445
1790359069.2405715,1.9700920092873275
1790359069.2494836,1.8138199811801314
1790359069.2524993,1.744295994285494
1790359069.2542322,1.2830850027967244
1790359069.2563462,1.964628987479955
1790359069.257414,2.145224978448823
1790359069.2605116,1.3866779918316752
1790359069.267599,3.13760299468413
1790359069.2677069,3.763353975955397
1790359069.2687533,2.470548002747819
1790359069.2709105,1.6062810027506202
1790359069.2714655,1.530602981802076
1790359069.2727067,1.2330070021562278
1790359069.2747009,1.3850409886799753
1790359069.2894168,2.139282994903624
1790359069.2901595,1.7435739864595234
1790359069.2930582,1.728550996631384
1790359069.3245132,33.678587002214044
1790359069.3256202,11.431943014031276
1790359069.330291,31.800185999600217
1790359069.3361728,33.7463169998955
1790359069.34023,49.93921399000101
1790359069.344185,16.63868300965987
1790359069.3444004,5.546774016693234
1790359069.3445227,48.23957500047982
1790359069.350821,2.0130769989918917
1790359069.36232,56.467324000550434
1790359069.3629668,1.8450370116624981
1790359069.3724678,57.55503199179657
1790359069.3729296,1.8976999854203314
1790359069.3827872,47.48323099920526
1790359069.383001,35.41112900711596
1790359069.3832245,73.83991900132969
1790359069.3836691,23.50051701068878
1790359069.3852472,4.975340998498723
1790359069.3853102,18.28156298142858
1790359069.3854303,4.464817000553012
1790359069.3862529,2.290709991939366
1790359069.3881483,1.4898520021233708
1790359069.3906446,1.6566220147069544
1790359069.3958237,1.4977310202084482
1790359069.4153173,1.8902200099546462
1790359069.4213727,2.1562589972745627
1790359069.4219725,1.7152480140794069
1790359069.4232783,1.295537018449977
1790359069.4315536,1.806993008358404
1790359069.4366982,1.6668089956510812
1790359069.4386916,1.6551510198041797
1790359069.440429,1.7159579729195684
1790359069.4407163,1.41002400778234
1790359069.4463599,1.857067021774128
1790359069.4519577,2.0588519982993603
1790359069.4523082,1.7171039944514632
1790359069.457427,1.6634929925203323
1790359069.4623368,1.8677529878914356
1790359069.4654725,1.6107789997477084
1790359069.4717836,2.597479004180059
1790359069.473008,1.7130910127889365
1790359069.4861817,1.9559100037440658
1790359069.4943168,2.034535980783403
1790359069.4964318,1.3638499949593097
1790359069.4991193,25.32133398926817
1790359069.5147808,26.05686499737203
1790359069.5152159,44.930954987648875
1790359069.51623,21.901126980083063
1790359069.5270076,30.13006001128815
1790359069.5383196,33.41053499025293
1790359069.544072,37.59109499515034
1790359069.5533538,33.66866800934076
1790359069.5537395,54.29643401294015
1790359069.553944,43.06631500367075
1790359069.5542235,17.998811992583796
1790359069.5543797,9.767705021658912
1790359069.5550148,5.186625989153981
1790359069.5576022,1.8120339955203235
1790359069.5603445,41.65979300159961
1790359069.5666223,45.113104017218575
1790359069.5690796,66.87293600407429
1790359069.5694883,32.25580899743363
1790359069.569613,18.61694297986105
1790359069.5710123,22.967169003095478
1790359069.571133,1025.6953619827982
1790359069.5723095,1019.4266839826014
1790359069.5723832,2.6266670029144734
1790359069.5765345,2.0622480078600347
1790359069.5772336,1.5203820075839758
1790359069.5845299,2.1626529924105853
1790359069.58514,1.7527480085846037
1790359069.5937717,1.6865869984030724
1790359069.5971088,1.738232997013256
1790359069.6038003,1.549061998957768
1790359069.6060798,1.3603489787783474
1790359069.6183105,2.1251939760986716
1790359069.6327085,34.63700201245956
1790359069.6333177,29.036613006610423
1790359069.6340225,24.78877900284715
1790359069.6343343,41.48960500606336
1790359069.63442,11.02641600300558
1790359069.6403081,1.7987259780056775
1790359069.64106,1.5319129743147641
1790359069.647262,1.663134025875479
1790359069.6486166,1.3439129979815334
1790359069.6565547,2.2918629983905703
1790359069.657098,1.5985769859980792
1790359069.660063,1.2624330120161176
1790359069.663285,2.018069993937388
1790359069.663825,1.6306939942296594
1790359069.66752,2.1114599949214607
1790359069.6682928,1.6024080105125904
1790359069.6726608,1.5857029939070344
1790359069.6792583,2.0224459876772016
1790359069.684354,1.7406500119250268
1790359069.6931405,1.6550330037716776
1790359069.6955354,1.4845030091237277
1790359069.7106159,2.122681005857885
1790359069.7124503,1.6566500125918537
1790359069.715099,1.3508810079656541
1790359069.7166305,1.3742459996137768
1790359069.7426004,2.0024869882036
1790359069.7497556,1.8981540051754564
1790359069.7542048,2.919573016697541
1790359069.7546,4.059030005009845
1790359069.7546585,2.652513998327777
1790359069.7589703,1.4917039952706546
1790359069.777572,2.054844982922077
1790359069.7844765,2.681254001799971
1790359069.7890596,1.841891004005447
1790359069.8019772,2.092456998070702
1790359069.8134391,30.048177985008806
1790359069.816481,1.9140130025334656
1790359069.817727,28.52998601156287
1790359069.819,39.106385986087844
1790359069.819679,5.97808399470523
1790359069.8197687,2.969841007143259
1790359069.8220193,1.6160570085048676
1790359069.8757458,44.082526001147926
1790359069.8764105,35.275580012239516
1790359069.8768413,53.163461008807644
1790359069.8773508,8.027873991522938
1790359069.8774261,3.2081329845823348
1790359069.89412,2.1317230130080134
1790359069.9004424,1.883815013570711
1790359069.9186337,2.426653984002769
1790359069.920401,97.42119300062768
1790359069.9205852,86.04092799942009
1790359069.9221087,89.72456501214765
1790359069.9254322,35.82270699553192
1790359069.9256127,73.8379720132798
1790359069.9260979,33.425419009290636
1790359069.926326,53.051310998853296
1790359069.9264543,17.207619006512687
1790359069.9265807,9.44857599097304
1790359069.9269083,3.6668499815277755
1790359069.9353704,2.8974869928788394
1790359069.93811,1.4674319827463478
1790359069.9451947,2.4510760267730802
1790359069.9528444,7.029038009932265
1790359069.9683783,27.84390200395137
1790359069.9746113,26.902339013759047
1790359069.97967,46.47358899819665
1790359069.9801834,35.57361397542991
1790359069.9814239,34.66148200095631
1790359069.9828613,48.923084017587826
1790359069.9838865,34.58291201968677
1790359069.99174,41.11603501951322
1790359069.9923358,37.699795997468755
1790359069.9935799,48.259283998049796
1790359069.994766,27.537226007552817
1790359069.9954283,13.98913501179777
1790359069.9965482,5.695543979527429
1790359069.9978397,2.2110359859652817
1790359069.9993246,38.446963008027524
1790359070.0041192,1.820742996642366
1790359070.0045042,31.1401890066918
1790359070.0096555,56.04008099180646
1790359070.0113754,3.947329008951783
1790359070.0115283,3.0942419834900647
1790359070.027672,65.12832798762247
1790359070.028117,41.707858006702736
1790359070.028957,36.47352199186571
1790359070.029598,24.016455019591376
1790359070.0298107,21.85611499589868
1790359070.0298967,31.354300008388236
1790359070.0299592,7.489712006645277
1790359070.0487902,23.76492600888014
1790359070.04998,40.081273997202516
1790359070.050105,5.022347992053255
1790359070.0501668,14.556615002220497
1790359070.0520308,1.6043069772422314
1790359070.0631897,28.395424014888704
1790359070.073784,33.51010399637744
1790359070.0765088,24.46632698411122
1790359070.0766554,30.754951993003488
1790359070.0774395,43.949544022325426
1790359070.0782452,16.831482003908604
1790359070.0785065,8.69187799980864
1790359070.0786054,11.293257004581392
1790359070.085067,27.1278329892084
1790359070.0958745,33.4046809875872
1790359070.0965626,27.408118010498583
1790359070.0980434,41.35572802624665
1790359070.0982132,18.79203401040286
1790359070.099234,2.1904800087213516
1790359070.1151419,24.569973000325263
1790359070.1160724,2.104301005601883
1790359070.1225848,2.1107659849803895
1790359070.1251485,16.24655700288713
1790359070.1252847,8.126589003950357
1790359070.1253557,38.210425002034754
1790359070.1308637,1.789275003829971
1790359070.1365092,1.7574240046087652
1790359070.1382706,1.6315520042553544
1790359070.1387587,1.3877780002076179
1790359070.150336,1.980261004064232
1790359070.1539955,2.478243986843154
1790359070.154937,2.3993740032892674
1790359070.155054,1.6321779985446483
1790359070.1568718,1.3057079922873527
1790359070.1575897,1.4401459775399417
1790359070.1603687,1.3837080041412264
1790359070.1917796,25.047058996278793
1790359070.2090101,37.50309400493279
1790359070.2122438,41.493368975352496
1790359070.2123666,37.7706490107812
1790359070.212569,48.976482008583844
1790359070.2157393,39.64526002528146
1790359070.216196,19.748599996091798
1790359070.2181156,10.609175020363182
1790359070.2245722,15.24555601645261
1790359070.224738,54.592353000771254
1790359070.2525418,48.06342101073824
1790359070.2567525,33.64638701896183
1790359070.25781,71.39576599001884
1790359070.2605479,17.979605996515602
1790359070.2606492,6.427057989640161
1790359070.260903,44.30265599512495
1790359070.2610962,52.80759901506826
1790359070.2621665,4.1988590091932565
1790359070.2622585,14.207787986379117
1790359070.263895,51.03984900051728
1790359070.2651784,5.7692829868756235
1790359070.2652514,9.524140012217686
1790359070.2732964,2.029691997449845
1790359070.2899978,3.16177899367176
1790359070.2911286,2.433922025375068
1790359070.2955918,1.6595219785813242
1790359070.2964132,26.715524989413098
1790359070.3016107,21.793769992655143
1790359070.301996,1.8933460232801735
1790359070.3062108,38.049791008234024
1790359070.3069718,1.5982739860191941
1790359070.307042,19.040945975575596
1790359070.3076162,11.015169991878793
1790359070.3079922,16.67892001569271
1790359070.3080816,5.619428993668407
1790359070.3148475,1.773915981175378
1790359070.3155556,1.4594020030926913
1790359070.3268964,1.9146279955748469
1790359070.326961,2.6115710206795484
1790359070.3392804,1.857657014625147
1790359070.3505738,2.1050050272606313
1790359070.3599122,2.235227992059663
1790359070.3600216,12.765693012624979
1790359070.3660364,16.635635984130204
1790359070.3661318,2.8197520005051047
1790359070.3765295,2.508908975869417
1790359070.3807366,2.090861991746351
1790359070.3818161,23.363922984572127
1790359070.3828323,41.434615006437525
1790359070.3833563,19.47921799728647
1790359070.383721,9.133365994784981
1790359070.3847966,2.9656330007128417
1790359070.3848643,1.9783170137088746
1790359070.3986092,2.279216016177088
1790359070.405794,2.536076004616916
1790359070.408207,1.7847339913714677
1790359070.4275672,2.2104119998402894
1790359070.4307935,1.968295022379607
1790359070.4462411,31.1054989870172
1790359070.4520993,24.061974982032552
1790359070.4521956,2.804675983497873
1790359070.4633179,3.263297985540703
1790359070.468025,33.15191698493436
1790359070.4711766,14.60085401777178
1790359070.4716475,10.454105999087915
1790359070.4727712,58.82763399858959
1790359070.4740758,4.650628980016336
1790359070.4763284,5.97421801649034
1790359070.478155,6.494265020592138
1790359070.4785972,4.711326997494325
1790359070.4791696,6.347768998239189
1790359070.4794497,3.977020998718217
1790359070.4797156,6.333836005069315
1790359070.4800823,2.6935710047837347
1790359070.4814925,1.4001000090502203
1790359070.4842284,1.3532150187529624
1790359070.4887595,1.5836840029805899
1790359070.4948447,2.799755980959162
1790359070.495278,1.9514450104907155
1790359070.4956963,1.5017249970696867
1790359070.5032585,2.07156699616462
1790359070.5083408,2.2815399861428887
1790359070.5254843,2.0277589792385697
1790359070.5274339,1.398399006575346
1790359070.5440319,11.304304003715515
1790359070.5441756,37.61115000816062
1790359070.5445309,35.163969005225226
1790359070.5454857,19.989363994682208
1790359070.5479774,6.9524220016319305
1790359070.5485559,5.1887100271414965
1790359070.5495598,2.332809002837166
1790359070.5593786,23.432531976141036
1790359070.5594494,2.946630003862083
1790359070.562938,2.129236003383994
1790359070.565091,19.788490986684337
1790359070.5696926,2.151616004994139
1790359070.5758202,1.8762139952741563
1790359070.5818596,40.08559600333683
1790359070.5822678,47.0488200080581
1790359070.583137,4.425937979249284
1790359070.583652,31.473736016778275
1790359070.5838242,26.711160986451432
1790359070.5849876,20.352499996079132
1790359070.585126,9.293553011957556
1790359070.5851994,13.243892986793071
1790359070.5852764,5.141832021763548
1790359070.5887382,2.3055850178934634
1790359070.589131,2.4939779832493514
1790359070.591273,1.5265510010067374
1790359070.5928864,1.4250829990487546
1790359070.597398,1.7497990047559142
1790359070.6000667,1.511470996774733
1790359070.6043189,1.4320859918370843
1790359070.612225,2.1637400204781443
1790359070.6132221,1.8088340002577752
1790359070.6154118,1.3931669818703085
1790359070.618448,1.5598349855281413
1790359070.6239936,1.7677970172371715
1790359070.6308162,2.208849007729441
1790359070.6311553,2.674138988368213
1790359070.6315098,1.9016599981114268
1790359070.6371214,1.7424770048819482
1790359070.6421363,2.052711002761498
1790359070.6495214,1.9551589793991297
1790359070.6655605,1.8134549900423735
1790359070.6663203,1.777539000613615
1790359070.6727986,2.2073450090829283
1790359070.6734781,1.6422939952462912
1790359070.6860445,2.159901981940493
1790359070.686634,1.5439279959537089
1790359070.691347,1.5716429916210473
1790359070.69392,1.6755149990785867
1790359070.6944304,1.6622350085526705
1790359070.705374,2.2661020047962666
1790359070.705439,2.9027210257481784
1790359070.7068653,1.241767022293061
1790359070.7135048,1.8054230022244155
1790359070.7154453,1.672704005613923
1790359070.7185526,1.5488899953197688
1790359070.7278159,1.8593050190247595
1790359070.7299685,1.4179390273056924
1790359070.7329042,1.6918350011110306
1790359070.7420075,1.7123610014095902
1790359070.7571304,2.033083001151681
1790359070.7590232,1.8813019851222634
1790359070.7596972,1.6023979987949133
1790359070.764632,1.8256510084029287
1790359070.7680652,1.5628160035703331
1790359070.7687101,1.3569889997597784
1790359070.7743824,1.6710710187908262
1790359070.78697,2.266925002913922
1790359070.7956727,17.9120640095789
1790359070.7989953,2.246356016257778
1790359070.8010905,13.041422003880143
1790359070.8015878,1.723137014778331
1790359070.8178215,20.28863798477687
1790359070.8181756,12.217790994327515
1790359070.819905,10.026941017713398
1790359070.8201334,47.95182798989117
1790359070.820224,4.642657993827015
1790359070.8230784,1.8948109936900437
1790359070.8369606,29.80183099862188
1790359070.8438706,3.576096991309896
1790359070.8442588,2.6363230135757476
1790359070.8462338,31.692274002125487
1790359070.8470802,2.2356800036504865
1790359070.8472857,43.45959797501564
1790359070.8473642,27.12757501285523
1790359070.8478806,25.832965009612963
1790359070.8482265,7.29187999968417
1790359070.8488798,6.534284999361262
1790359070.8514867,2.0171059877611697
1790359070.851888,1.863785000750795
1790359070.8607073,1.9788929785136133
1790359070.8612413,1.7377659969497472
1790359070.878591,1.9220930116716772
1790359070.8822129,1.6537329938728362
1790359070.8860884,3.2169559854082763
1790359070.8865476,3.021406999323517
1790359070.8877823,1.6829289961606264
1790359070.887859,2.193714026361704
1790359070.889798,1.5428379992954433
1790359070.8904054,1.325242017628625
1790359070.8952036,2.394337992882356
1790359070.8952909,1.9159329822286963
1790359070.9060483,2.955078991362825
1790359070.9073436,2.984756982186809
1790359070.90776,2.2503700165543705
1790359070.9150271,1.8256909970659763
1790359070.9255059,2.1082090097479522
1790359070.9255881,2.890441013732925
1790359070.932731,1.7189409991260618
1790359070.9466226,3.6851070181000978
1790359070.9516995,1.7882760148495436
1790359070.9643872,30.07949099992402
1790359070.965146,39.00622299988754
1790359070.9653425,20.97989499452524
1790359070.9659195,2.9551369952969253
1790359070.9664056,2.003614994464442
1790359070.9851232,1.7274559941142797
1790359070.9897249,1.8924920004792511
1790359070.9923224,1.6920000198297203
1790359070.9958713,1.470781018724665
1790359071.000827,1.6976059996522963
1790359071.0075238,2.6376979949418455
1790359071.0085123,2.0236700074747205
1790359071.008581,2.675435011042282
1790359071.0147555,1.5202189970295876
1790359071.0245643,1.7142420110758394
1790359071.0273836,1.8782340048346668
1790359071.0430796,2.0277969888411462
1790359071.0509067,2.1023029985371977
1790359071.0520453,2.1341840038076043
1790359071.0527143,1.5458779816981405
1790359071.0555305,2.247252006782219
1790359071.056479,1.725791022181511
1790359071.058933,1.4672269753646106
1790359071.062444,1.6096759936772287
1790359071.0633063,1.605186000233516
1790359071.0685174,2.744672994595021
1790359071.076005,2.9319449968170375
1790359071.0781674,1.9909259863197803
1790359071.0878866,2.402329002507031
1790359071.0910077,23.609847004991025
1790359071.0927534,2.5051280099432915
1790359071.09635,2.187118021538481
1790359071.1012566,26.588327018544078
1790359071.106581,22.029348008800298
1790359071.1162043,49.630625027930364
1790359071.116284,28.384413017192855
1790359071.1177409,26.717979984823614
1790359071.1178272,3.969301003962755
1790359071.1187472,2.3323019850067794
1790359071.1203744,1.6022390045691282
1790359071.1221464,1.6538869822397828
1790359071.1241744,1.424590009264648
1790359071.1405282,2.2518800105899572
1790359071.1408849,1.98286899831146
1790359071.1429825,1.3662150013260543
1790359071.1461565,1.571366999996826
1790359071.1529117,1.8484370084479451
1790359071.1538775,1.842900994233787
1790359071.180519,12.793818023055792
1790359071.1914864,22.68530600122176
1790359071.1961234,26.368020015070215
1790359071.1994762,13.498453015927225
1790359071.2001815,43.9492920122575
1790359071.2002497,7.050724991131574
1790359071.2097578,27.06543100066483
1790359071.209911,18.60276301158592
1790359071.21056,47.477660002186894
1790359071.2115946,1.824036007747054
1790359071.2143097,1.5180560003500432
1790359071.219336,1.478291000239551
1790359071.234372,12.45753699913621
1790359071.2348516,2.350880007725209
1790359071.2529166,2.1983270125929266
1790359071.2596428,24.48950201505795
1790359071.2597342,38.353595009539276
1790359071.2672358,2.1752649918198586
1790359071.2869344,1.874248991953209
1790359071.2915058,12.111288990126923
1790359071.2915936,37.56314399652183
1790359071.2918315,2.704874990740791
1790359071.297982,2.8276939992792904
1790359071.2987587,2.4028879997786134
1790359071.2988174,1.4737529854755849
1790359071.3260584,2.2554650204256177
1790359071.3438427,2.43924098322168
1790359071.348016,10.574062005616724
1790359071.3481336,43.688259000191465
1790359071.3532798,1.8346690048929304
1790359071.3630452,2.1146259969100356
1790359071.3635182,1.8224979867227376
1790359071.369069,1.7545169976074249
1790359071.3697712,1.5629309928044677
1790359071.378251,1.6758290003053844
1790359071.3817348,1.8798189994413406
1790359071.3838322,1.7255010025110096
1790359071.384936,2.299347979715094
1790359071.386427,1.2600240006577224
1790359071.3884025,1.4839420036878437
1790359071.3919184,1.4656019920948893
1790359071.39617,2.1709749998990446
1790359071.3962402,1.742613996611908
1790359071.406278,1.9309589988552034
1790359071.4168463,2.6179839915130287
1790359071.4176872,2.0221380109433085
1790359071.4303105,1.764731016010046
1790359071.4344394,1.6622830007690936
1790359071.4378073,2.0200680010020733
1790359071.4529636,38.08855000534095
1790359071.454468,41.3517479901202
1790359071.4549377,31.191236019367352
1790359071.4566567,26.201799017144367
1790359071.456743,48.703300999477506
1790359071.4568567,18.89635800034739
1790359071.4569206,21.772904001409188
1790359071.4714854,2.551335986936465
1790359071.4767609,2.258975990116596
1790359071.4842885,2.4956160050351173
1790359071.487285,41.376311011845246
1790359071.4876413,17.458332993555814
1790359071.487848,30.517946026520804
1790359071.4879265,12.341252993792295
1790359071.4884806,6.602417008252814
1790359071.500121,1.7867909919004887
1790359071.5046213,1.503359992057085
1790359071.515547,1.8109560187440366
1790359071.5170326,1.4722199994139373
1790359071.519999,1.5550999960396439
1790359071.5263636,1.6172500036191195
1790359071.5372438,1.7755519947968423
1790359071.5410857,2.050930983386934
1790359071.5557919,1.8351929902564734
1790359071.5577717,1.8033429805655032
1790359071.5603926,1.4622239978052676
1790359071.5646758,1.7270480166189373
1790359071.5732014,2.4607709783595055
1790359071.5759015,1.4994980010669678
1790359071.5834365,1.943930023116991
1790359071.5926168,26.298107986804098
1790359071.599825,1.9684649887494743
1790359071.6053462,3.6675430019386113
1790359071.6061094,2.8087949904147536
1790359071.6080139,21.49761898908764
1790359071.6089294,36.66411800077185
1790359071.6093922,28.60227000201121
1790359071.609519,6.958120007766411
1790359071.609871,45.14286099583842
1790359071.610116,10.277081019012257
1790359071.6109736,4.851440986385569
1790359071.6114135,3.5864849924109876
1790359071.6134658,2.0382610091473907
1790359071.6205273,1.992545003304258
1790359071.6278586,1.9795270054601133
1790359071.628569,1.7097890086006373
1790359071.6306865,1.3853020209353417
1790359071.6367466,2.458055008901283
1790359071.6375701,2.1772469917777926
1790359071.6376884,1.473693992011249
1790359071.642186,1.6241430130321532
1790359071.6428504,1.387264986988157
1790359071.6457148,2.8540960047394037
1790359071.6458516,2.8033249836880714
1790359071.6467886,1.514984993264079
1790359071.6537137,1.8819840042851865
1790359071.6587954,1.7951970221474767
1790359071.6602626,1.556607021484524
1790359071.6691222,4.0226650016848
1790359071.6692178,3.5047020064666867
1790359071.6699975,2.9343960050027817
1790359071.6700768,2.202262985520065
1790359071.670332,1.63066599634476
1790359071.675152,1.430712000001222
1790359071.6775184,1.566102000651881
1790359071.6796494,1.6540899814572185
1790359071.6879015,1.7832859884947538
1790359071.696563,2.7456269890535623
1790359071.7014136,2.146855986211449
1790359071.702131,1.942629984114319
1790359071.7088788,1.6553270106669515
1790359071.7149143,1.9984229875262827
1790359071.720889,1.8993279954884201
1790359071.735085,1.8560269963927567
1790359071.7368176,1.7201950249727815
1790359071.7720785,17.44085899554193
1790359071.7994313,53.83931499090977
1790359071.799606,33.28277901164256
1790359071.8006902,33.328647987218574
1790359071.802551,49.140081013320014
1790359071.8026838,34.33027598657645
1790359071.804894,9.253185999114066
1790359071.8056247,15.899685997283086
1790359071.8057518,7.478173996787518
1790359071.8058531,20.236704993294552
1790359071.810038,37.022812000941485
1790359071.8215842,32.56658400641754
1790359071.8276722,37.09981101565063
1790359071.8415647,45.18496399396099
1790359071.8420525,69.90924902493134
1790359071.842158,42.05859900685027
1790359071.847866,34.2777399928309
1790359071.8479776,29.23357201507315
1790359071.8481233,21.160360978683457
1790359071.8487651,47.29593300726265
1790359071.8544557,10.637149011017755
1790359071.8654163,8.186522987671196
1790359071.870212,17.808449018048123
1790359071.8798313,37.370434001786634
1790359071.8951612,44.62296899873763
1790359071.8955398,92.07438101293519
1790359071.8961792,42.69843499059789
1790359071.8989801,38.95619700779207
1790359071.9031515,39.5917690184433
1790359071.9057176,43.1671800033655
1790359071.906487,62.03861001995392
1790359071.9074206,38.33865199703723
1790359071.9096675,21.713804977480322
1790359071.9097712,32.16074500232935
1790359071.9102864,20.34966999781318
1790359071.9110773,11.838956997962669
1790359071.911198,7.214366982225329
1790359071.9249437,38.054134987760335
1790359071.925213,48.936043021967635
1790359071.9274306,2.06218397943303
1790359071.9375582,2.6375209854450077
1790359071.9419415,53.08425900875591
1790359071.942607,2.4138769949786365
1790359071.9473882,63.13234000117518
1790359071.9475017,50.263405981240794
1790359071.948849,48.67280900361948
1790359071.9495194,15.290101990103722
1790359071.949672,38.136514980578795
1790359071.9501324,14.343827002448961
1790359071.9571235,2.483179996488616
1790359071.9855778,7.712382008321583
1790359072.0048091,28.55264098616317
1790359072.0423563,51.083249010844156
1790359072.0514188,61.825451004551724
1790359072.0515485,89.18966198689304
1790359072.0565448,56.45439701038413
1790359072.0604832,72.74294100352563
1790359072.0605886,34.77145099896006
1790359072.0623722,33.53731700917706
1790359072.063268,23.915038007544354
1790359072.064613,27.929244010010734
1790359072.0650923,86.52875199913979
1790359072.0652094,56.37649600976147
1790359072.0692549,22.434276004787534
1790359072.0755424,47.61722797411494
1790359072.0814452,48.95600597956218
1790359072.081742,41.25599202234298
1790359072.0819397,44.10019799252041
1790359072.0829253,58.98816301487386
1790359072.0842812,6.080867984564975
1790359072.0847058,2.464482997311279
1790359072.093887,2.5606100098229945
1790359072.0974052,1.809231995139271
1790359072.1039526,23.546727985376492
1790359072.105369,2.5588650023564696
1790359072.1058125,47.49724201974459
1790359072.1063197,19.996907998574898
1790359072.1067204,14.59402299951762
1790359072.1070578,8.472293004160747
1790359072.122716,2.510593010811135
1790359072.124219,2.3839870118536055
1790359072.1290517,2.2609220177400857
1790359072.1337276,2.180654992116615
1790359072.1418152,2.0758939790539443
1790359072.1464355,1.7351990099996328
1790359072.149464,1.652450009714812
1790359072.152123,1.830610999604687
1790359072.156583,1.6212959890253842
1790359072.1620815,1.6595130146015435
1790359072.1739109,2.219905989477411
1790359072.1855505,1.9464890065137297
1790359072.1983705,19.45198100293055
1790359072.2012796,1.9801669986918569
1790359072.2143862,18.936533015221357
1790359072.2146122,3.0420569819398224
1790359072.2147095,9.418424015166238
1790359072.2147825,38.9028110075742
1790359072.221745,2.7577150030992925
1790359072.2221363,4.81719701201655
1790359072.2315204,13.624754006741568
1790359072.2360296,1.7461339884903282
1790359072.2465649,2.9255479748826474
1790359072.2476246,27.89229401969351
1790359072.2534013,2.468837017659098
1790359072.260706,23.06431799661368
1790359072.2615895,43.10703498777002
1790359072.2635968,18.439722014591098
1790359072.2636957,4.917729995213449
1790359072.2662902,1.6654189967084676
1790359072.278806,1.8733809993136674
1790359072.2858307,1.8027379992417991
1790359072.2910361,2.1264819952193648
1790359072.294911,32.8299889806658
1790359072.2990816,36.18994800490327
1790359072.3001032,28.631941007915884
1790359072.3009121,16.06453998829238
1790359072.3010354,21.642065985361114
1790359072.3024335,10.981218016240746
1790359072.3026328,3.3916770189534873
1790359072.3092535,2.16692901449278
1790359072.3191187,2.44230599491857
1790359072.331152,33.393863996025175
1790359072.337092,34.447363985236734
1790359072.3415148,27.650997013552114
1790359072.34227,17.596205027075484
1790359072.343127,47.36083498573862
1790359072.3444552,15.048761997604743
1790359072.345458,14.632217003963888
1790359072.346513,11.925452010473236
1790359072.3465989,7.735848979791626
1790359072.3466973,14.12440199055709
1790359072.3473916,2.4806309957057238
1790359072.364827,34.836185979656875
1790359072.3654068,40.000170993153006
1790359072.3659024,45.3425080049783
1790359072.3660321,34.866187983425334
1790359072.3670886,34.20814499258995
1790359072.3676946,27.488065999932587
1790359072.367817,32.062843994935974
1790359072.3684835,14.131797011941671
1790359072.3875163,2.307440008735284
1790359072.3955076,1.9569949945434928
1790359072.3996336,2.2093389998190105
1790359072.4026995,2.095745992846787
1790359072.405399,2.684006991330534
1790359072.4065814,1.8296970229130238
1790359072.406703,2.8651180036831647
1790359072.410901,1.7459489754401147
1790359072.4112802,2.690256980713457
1790359072.4153636,2.009774005273357
1790359072.4286056,2.2114129969850183
1790359072.4343114,2.0297990122344345
1790359072.4381962,2.3471599852200598
1790359072.4533818,2.1175610017962754
1790359072.4585416,2.3773649882059544
1790359072.466628,2.978161006467417
1790359072.4703379,3.209131013136357
1790359072.4711246,36.08116999384947
1790359072.4760473,23.892570985481143
1790359072.4771128,39.907683996716514
1790359072.47809,4.5530110073741525
1790359072.4791443,22.30108401272446
1790359072.4799483,48.37352698086761
1790359072.4800453,12.407660018652678
1790359072.4810243,16.377177991671488
1790359072.4819653,2.8059199976269156
1790359072.4827933,6.922480009961873
1790359072.4828582,2.543226000852883
1790359072.4945455,1.8559510062914342
1790359072.500584,2.1807579905726016
1790359072.5055475,1.8446329922880977
1790359072.51372,2.413089998299256
1790359072.5159245,1.6337170090992004
1790359072.5184746,1.8975769926328212
1790359072.5307636,2.2777380072511733
1790359072.530997,3.275815019151196
1790359072.5696788,28.286396991461515
1790359072.5764997,28.08388401172124
1790359072.5768888,45.82444200059399
1790359072.577986,6.442523008445278
1790359072.5781672,8.722597995074466
1790359072.582006,38.47575801773928
1790359072.5823712,2.5733049842529
1790359072.5875218,2.2016920265741646
1790359072.5926955,2.167911996366456
1790359072.5931485,34.22799601685256
1790359072.5937986,23.32180700614117
1790359072.5940871,54.262161982478574
1790359072.5944781,21.65381400845945
1790359072.5959797,6.1544869968201965
1790359072.596084,11.576713994145393
1790359072.6026156,2.379059005761519
1790359072.6053653,2.351053000893444
1790359072.6092227,1.8339260132052004
1790359072.6203954,1.9143249955959618
1790359072.620754,1.6288399929180741
1790359072.6489146,2.35537500702776
1790359072.6652005,23.22080999147147
1790359072.6713703,2.4465289898216724
1790359072.6774204,41.53069099993445
1790359072.6784263,3.903954988345504
1790359072.67853,27.318185020703822
1790359072.6786127,4.849500022828579
1790359072.6798549,3.3355320047121495
1790359072.6934016,3.21054900996387
1790359072.6934972,2.445157995680347
1790359072.7077737,3.5770029935520142
1790359072.7093017,3.012531000422314
1790359072.7252882,2.5235339999198914
1790359072.7284164,28.529869014164433
1790359072.7405932,35.46294098487124
1790359072.7516127,41.25383999780752
1790359072.7528136,56.141763023333624
1790359072.7529204,8.605160983279347
1790359072.7538297,3.7633370084222406
1790359072.7619886,2.7627759845927358
1790359072.764336,2.3326899972744286
1790359072.7794557,3.684160008560866
1790359072.7806096,2.916058001574129
1790359072.7939413,33.508650987641886
1790359072.8112192,16.651058016577736
1790359072.8126888,54.30998399970122
1790359072.8134387,41.33034902042709
1790359072.813746,36.87893500318751
1790359072.8152223,10.054710000986233
1790359072.815573,5.519489001017064
1790359072.8169894,9.447871998418123
1790359072.8183088,12.477954005589709
1790359072.8187346,4.3850140064023435
1790359072.8291907,17.951484012883157
1790359072.8320277,2.364034007769078
1790359072.8486116,28.363346005789936
1790359072.8622644,26.70598600525409
1790359072.8633385,47.1622470067814
1790359072.8634858,19.426442013354972
1790359072.8644266,5.565502011450008
1790359072.8645535,13.746642012847587
1790359072.8654096,29.257874994073063
1790359072.8771203,3.1264550052583218
1790359072.8823168,2.296933002071455
1790359072.8851175,40.304619004018605
1790359072.8862894,30.21074100979604
1790359072.8864138,16.996040008962154
1790359072.887,50.08695198921487
1790359072.8871803,12.420035985996947
1790359072.9255297,21.814646024722606
1790359072.92574,31.385372974909842
1790359072.9448621,42.269097990356386
1790359072.951336,45.26268001063727
1790359072.9667146,74.51993299764581
1790359072.988675,64.18710900470614
1790359072.9926558,103.64858797402121
1790359072.993355,100.32525201677345
1790359072.9981961,93.38206698885188
1790359072.9989674,84.16240802034736
1790359072.9990716,65.31272499705665
1790359073.019391,89.71822299645282
1790359073.0242796,83.86692000203766
1790359073.0256777,88.6067700048443
1790359073.0361228,128.9474950172007
1790359073.0390337,118.85669198818505
1790359073.0396338,95.68582801148295
1790359073.040981,87.34823600389063
1790359073.0429957,87.85609502228908
1790359073.043739,53.395046008517966
1790359073.044268,96.1063569993712
1790359073.0452495,48.866265977267176
1790359073.0459476,50.37012498360127
1790359073.046027,66.68825997621752
1790359073.0462413,45.91629299102351
1790359073.0463243,17.162036994704977
1790359073.0464637,99.77598499972373
1790359073.046909,44.38272200059146
1790359073.0474167,19.489710975904018
1790359073.048363,5.351152009097859
1790359073.0489213,3.660859016235918
1790359073.0494964,2.0681880123447627
1790359073.0585697,3.107293014181778
1790359073.0586429,2.5164980033878237
1790359073.0605648,1.5574509743601084
1790359073.068714,2.09844097844325
1790359073.0736797,2.1463559824042022
1790359073.0800784,2.137419010978192
1790359073.097503,27.701273007551208
1790359073.098663,3.750319010578096
1790359073.1030445,28.65860497695394
1790359073.105316,2.4613559944555163
1790359073.10966,16.853647015523165
1790359073.111713,1.8107799987774342
1790359073.114174,16.654336999636143
1790359073.1153345,48.0682670022361
1790359073.115551,6.726452003931627
1790359073.1159248,2.9208320192992687
1790359073.1254892,2.5623190158512443
1790359073.1259966,2.2912569984328
1790359073.135147,3.588168998248875
1790359073.135256,2.7822749980259687
1790359073.1373303,1.9536929903551936
1790359073.1412914,2.034659992204979
1790359073.1481318,2.4934629909694195
1790359073.1488717,2.0263609767425805
1790359073.1602614,2.026450994890183
1790359073.1671767,1.899662020150572
1790359073.1712284,2.1099679870530963
1790359073.1713123,2.8176619962323457
1790359073.1797316,2.1399380057118833
1790359073.18057,2.0651860104408115
1790359073.1994417,2.215216984041035
1790359073.204681,1.83291599387303
1790359073.2206428,28.22331100469455
1790359073.2315044,29.571153019787744
1790359073.2316687,45.88115299702622
1790359073.2323565,25.999310018960387
1790359073.2335355,16.651406011078507
1790359073.2344549,16.207101987674832
1790359073.2346125,10.359217005316168
1790359073.236375,1.751314994180575
1790359073.2385616,22.843115992145613
1790359073.2472665,1.901412004372105
1790359073.2549393,37.18144301092252
1790359073.2552822,35.69871201761998
1790359073.2565446,51.06962699210271
1790359073.2566373,16.87757598119788
1790359073.2570188,29.66563298832625
1790359073.257084,5.9630629839375615
1790359073.2594922,1.731950993416831
1790359073.2658248,1.9926829845644534
1790359073.2717288,2.272002020617947
1790359073.2887356,3.5242029989603907
1790359073.2898672,1.7645139887463301
1790359073.2986376,2.0741210028063506
1790359073.3170135,30.48010598286055
1790359073.3213062,26.65954700205475
1790359073.3232725,42.79469500761479
1790359073.3233798,18.970645003719255
1790359073.3241546,26.98155998950824
1790359073.3243353,9.112199011724442
1790359073.3278537,25.68872200208716
1790359073.3361113,16.67746700695716
1790359073.3392382,34.12135102553293
1790359073.3441865,26.461199013283476
1790359073.346242,47.2713119816035
1790359073.3467934,25.46994699514471
1790359073.3470924,18.424785026581958
1790359073.3471887,21.57556399470195
1790359073.3841724,39.80769999907352
1790359073.394092,75.8269990037661
1790359073.405192,37.99737402005121
1790359073.4156694,52.27678100345656
1790359073.4213889,79.08655601204373
1790359073.432529,95.39212298113853
1790359073.4336665,56.31262200768106
1790359073.435877,69.69638098962605
1790359073.436452,46.35538297588937
1790359073.436625,50.98206299589947
1790359073.4379444,34.06126899062656
1790359073.4383442,9.275655989767984
1790359073.4384668,31.818531977478415
1790359073.441508,2.7901980211026967
1790359073.4441023,1.6982450033538043
1790359073.451405,66.91230897558853
1790359073.4526663,81.23130098101683
1790359073.4528491,65.73048298014328
1790359073.4536936,62.98368101124652
1790359073.454218,48.2875740271993
1790359073.4546537,41.610785003285855
1790359073.455006,17.67572501557879
1790359073.457119,16.8041420110967
1790359073.4572942,7.902640994871035
1790359073.4657118,1.8563049961812794
1790359073.4715827,1.6686920134816319
1790359073.4768891,3.0071689980104566
1790359073.4772546,2.0218069839756936
1790359073.480539,1.8691360019147396
1790359073.4862819,28.747821983415633
1790359073.4886196,3.419032000238076
1790359073.4900324,3.385040006833151
1790359073.498926,43.34074101643637
1790359073.500758,33.00824100733735
1790359073.5018265,27.518090995727107
1790359073.5027146,30.55180501542054
1790359073.50354,19.439436990069225
1790359073.5040166,18.299524002941325
1790359073.5041049,28.330305009149015
1790359073.5044081,5.684010975528508
1790359073.504661,7.427497010212392
1790359073.5047424,16.11129697994329
1790359073.505197,4.4194619986228645
1790359073.5113733,1.709566975478083
1790359073.5131006,1.715063990559429
1790359073.523438,1.6694660007487983
1790359073.52571,1.57722900621593
1790359073.5311012,2.4029180058278143
1790359073.5356991,1.6622589901089668
1790359073.5692956,3.9102880109567195
1790359073.5700917,1.510719012003392
1790359073.5854275,18.06920100352727
1790359073.5861344,1.9775310065597296
1790359073.5893993,12.120758998207748
1790359073.5895355,36.9359850010369
1790359073.6007326,3.2714830012992024
1790359073.6008542,2.8930600092280656
1790359073.6125176,2.1029379859101027
1790359073.617474,2.008470008149743
1790359073.6183424,2.1870629861950874
1790359073.6195903,2.09955099853687
1790359073.624266,1.7666619969531894
1790359073.6249876,1.889671984827146
1790359073.625467,1.1768749973271042
1790359073.63647,1.9301149877719581
1790359073.636763,1.5420860145241022
1790359073.6448088,2.346629014937207
1790359073.6460574,2.0621599978767335
1790359073.6468875,1.693325990345329
1790359073.6511421,1.7236730200238526
1790359073.662805,2.1426749881356955
1790359073.6728063,2.142166020348668
1790359073.6728783,2.8191280143801123
1790359073.6820943,1.9413369882386178
1790359073.6858213,1.4175889955367893
1790359073.6881847,1.3435109867714345
1790359073.7088816,2.7780590171460062
1790359073.713133,1.9903149805031717
1790359073.7254086,24.767733993940055
1790359073.7300665,2.713725989451632
1790359073.7327695,2.1475660032592714
1790359073.7459106,38.331732008373365
1790359073.7472117,50.33575600828044
1790359073.7529044,24.150860001100227
1790359073.7581878,24.698378023458645
1790359073.7736754,51.67806500685401
1790359073.776015,33.494108996819705
1790359073.7798493,42.29527397546917
1790359073.789064,40.91349299415015
1790359073.790274,16.42493499093689
1790359073.7912302,32.07889897748828
1790359073.7913437,48.122212989255786
1790359073.7973247,7.036928000161424
1790359073.806656,25.023504975251853
1790359073.8199081,42.082008003490046
1790359073.820011,26.952334999805316
1790359073.822179,12.079706997610629
1790359073.822526,7.960124989040196
1790359073.823486,24.379495007451624
1790359073.823917,29.372199991485104
1790359073.8248115,2.053419011645019
1790359073.8327627,30.51545302150771
1790359073.8340914,20.194753975374624
1790359073.8342345,8.204245998058468
1790359073.8343484,44.824213022366166
1790359073.8344245,12.877091008704156
1790359073.8431778,1.6475589945912361
1790359073.845402,1.5284190012607723
1790359073.8689356,1.8459599814377725
1790359073.8728147,2.9174239898566157
1790359073.873231,2.8201339882798493
1790359073.8738036,2.7900470013264567
1790359073.8741856,2.042987005552277
1790359073.8759272,1.7319059988949448
1790359073.8763194,1.717609993647784
1790359073.8825326,1.677702006418258
1790359073.896923,2.229314995929599
1790359073.8983793,1.445289992261678
1790359073.9000034,1.2976239959243685
1790359073.9025035,1.2149589892942458
1790359073.9075058,1.3387550134211779
1790359073.9099946,1.822791004087776
1790359073.9131525,1.2344460119493306
1790359073.9188707,1.617728004930541
1790359073.9362643,1.6730539791751653
1790359073.9460957,2.0494649943429977
1790359073.9488938,2.0656000124290586
1790359073.9524338,27.589123987127095
1790359073.9534898,1.6711359785404056
1790359073.95734,38.42309597530402
1790359073.958476,17.739937000442296
1790359073.9588864,13.713616994209588
1790359073.9590068,11.26384100643918
1790359073.959162,3.511685994453728
1790359073.9592607,6.553412007633597
1790359073.9630845,3.3489640045445412
1790359073.963538,3.2414779998362064
1790359073.9637861,2.514054998755455
1790359073.964772,2.2952620056457818
1790359073.965345,1.5495200059376657
1790359073.9676754,1.4506650040857494
1790359073.9682162,1.393496000673622
1790359073.97216,1013.8720949762501
1790359073.972225,1016.0740030114539
1790359073.97621,1.571141998283565
1790359073.9786131,1.545585982967168
1790359073.9792004,1.4429009752348065
1790359073.9848835,1.2810699990950525
1790359073.9871252,1.6325540200341493
1790359073.9913917,1.7781209899112582
1790359074.0081034,3.168961004121229
1790359074.0081966,3.942404000554234
1790359074.0187442,4.6644329850096256
1790359074.0188673,3.0162520124576986
1790359074.0222492,1.934997009811923
1790359074.0300393,1.9181329989805818
1790359074.0350661,29.53863301081583
1790359074.0534563,38.514398998813704
1790359074.05423,48.018664005212486
1790359074.055071,37.964738003211096
1790359074.0551813,28.98217100300826
1790359074.0568268,21.059763006633148
1790359074.0581894,16.01741000195034
1790359074.0582945,13.897175987949595
1790359074.0584507,1093.0498400120996
1790359074.0701573,29.412921983748674
1790359074.070788,2.004680020036176
1790359074.073325,1.5097559953574091
1790359074.076236,2.751179999904707
1790359074.077128,1.5954740229062736
1790359074.0808716,37.69205400021747
1790359074.0830288,36.00776902749203
1790359074.0833557,42.69601099076681
1790359074.0836985,12.563853000756353
1790359074.0844367,11.796928010880947
1790359074.0845459,9.90715398802422
1790359074.0850194,6.562895985553041
1790359074.0873346,2.2033540008123964
1790359074.0874052,1.7326829838566482
1790359074.0876994,1.3362350000534207
1790359074.0989497,1.8865540041588247
1790359074.104528,1.823509985115379
1790359074.105904,1.3642740086652339
1790359074.1246803,12.40334499743767
1790359074.1348526,33.619127003476024
1790359074.1371503,33.516121009597555
1790359074.1384556,29.932182980701327
1790359074.139662,43.843389983521774
1790359074.1405494,27.553844993235543
1790359074.1463242,30.07233899552375
1790359074.1569173,30.807108007138595
1790359074.1623738,51.12734899739735
1790359074.1757007,61.41640798887238
1790359074.1762307,51.40254498110153
1790359074.1766205,46.055685001192614
1790359074.1833553,23.55383097892627
1790359074.1837099,52.404207992367446
1790359074.1895573,51.53757700463757
1790359074.1897745,14.277558017056435
1790359074.189947,12.154297000961378
1790359074.1917048,52.19065101118758
1790359074.2230718,56.2516920035705
1790359074.2293453,83.63651798572391
1790359074.2398024,62.75566900148988
1790359074.2505183,53.25150498538278
1790359074.2510521,34.866527013946325
1790359074.2661016,78.58672400470823
1790359074.2662187,59.95682699722238
1790359074.2666802,46.18299400317483
1790359074.2680993,76.07805699808523
1790359074.2691157,30.37047598627396
1790359074.2700944,43.13776802155189
1790359074.2703865,7.701642985921353
1790359074.270541,22.68431699485518
1790359074.2747293,83.86448700912297
1790359074.2748306,51.4266719983425
1790359074.2933748,59.15765999816358
1790359074.2949173,66.04269001400098
1790359074.2950609,33.30452198861167
1790359074.2951446,48.82411297876388
1790359074.2970169,1.667837001150474
1790359074.2996736,1.25550598022528
1790359074.3055696,1.4692900003865361
1790359074.3116791,1.6459170146845281
1790359074.3230069,2.1809660247527063
1790359074.3285666,32.228339987341315
1790359074.329171,25.61559298192151
1790359074.3307772,37.02369099482894
1790359074.332199,4.588857002090663
1790359074.3323073,14.907240984030068
1790359074.3323708,24.871465982869267
1790359074.3327436,3.172661003191024
1790359074.3334148,1.9299440027680248
1790359074.335835,1.2210439890623093
1790359074.3588526,6.992631999310106
1790359074.3607326,8.002110989764333
1790359074.3612318,7.14207100099884
1790359074.3614306,5.782519991043955
1790359074.3621547,4.867941985139623
1790359074.362433,1.6899840265978128
1790359074.3697402,1.9322640146128833
1790359074.3768387,1.383522991091013
1790359074.3901598,3.4402750025037676
1790359074.4048014,31.42978297546506
1790359074.4050963,23.568144999444485
1790359074.4064436,41.558683005860075
1790359074.4069445,16.77319299778901
1790359074.4071512,18.441453983541578
1790359074.418974,29.857239976990968
1790359074.4281545,37.00704299262725
1790359074.4303854,14.548667997587472
1790359074.430728,43.073517008451745
1790359074.430885,13.335049006855115
1790359074.431593,2.340765990084037
1790359074.4385464,1.589065999723971
1790359074.4417682,1.4378009946085513
1790359074.4479668,41.50952000054531
1790359074.4480398,31.535463000182062
1790359074.4481378,32.947186002274975
1790359074.4486513,20.66451098653488
1790359074.4505022,10.902341979090124
1790359074.4506078,5.368785001337528
1790359074.4510615,17.48094300273806
1790359074.451229,4.879396001342684
1790359074.4526515,3.99065698729828
1790359074.4527628,2.990923007018864
1790359074.4535315,1.363121991744265
1790359074.4574554,1.6159549995791167
1790359074.4578483,1.4656989951618016
1790359074.4655144,1.486286986619234
1790359074.4670687,1.3568199938163161
1790359074.4733903,1.5979410090949386
1790359074.4934769,1.7593679949641228
1790359074.5133939,2.2411689860746264
1790359074.5151062,1.5020809951238334
1790359074.5192215,1.596246991539374
1790359074.5194943,1.348818012047559
1790359074.5232203,1.373279985273257
1790359074.5320911,1.8009759951382875
1790359074.532683,1.4320400077849627
1790359074.5350158,1.660624984651804
1790359074.5489151,1.6534019960090518
1790359074.559858,1.6037480090744793
1790359074.5668106,1.767876005033031
1790359074.580465,2.0072059996891767
1790359074.5839446,2.8083340148441494
1790359074.5840118,3.4334049851167947
1790359074.5970683,1.6968850104603916
1790359074.601855,2.1913779783062637
1790359074.6156487,2.0497009973041713
1790359074.6221662,1.5812510100658983
1790359074.6408882,1.7977089737541974
1790359074.6469662,1.8690509896259755
1790359074.6493933,1.6730539791751653
1790359074.6529686,1.3430780090857297
1790359074.654615,1.635663997149095
1790359074.6553965,1.4162099978420883
1790359074.7007945,18.306563986698166
1790359074.7161117,19.779129012022167
1790359074.7213187,23.986608983250335
1790359074.7214494,15.356737014371902
1790359074.721642,43.658031994709745
1790359074.7352207,31.056965002790093
1790359074.7354884,3.199800004949793
1790359074.735602,16.355197003576905
1790359074.7357285,45.252550014993176
1790359074.7369256,3.889697982231155
1790359074.7402267,1.95849800365977
1790359074.7403138,2.5609959848225117
1790359074.7462254,2.2393740073312074
1790359074.7463698,2.4646429810673
1790359074.7477264,1.3484609953593463
1790359074.7518551,1.8628599937073886
1790359074.7689507,1.95455300854519
1790359074.7757509,1.633911015233025
1790359074.7851346,2.2565310064237565
1790359074.788821,2.372588001890108
1790359074.794543,2.591705007944256
1790359074.8287673,17.527420015539974
1790359074.836841,28.93559998483397
1790359074.839951,14.104481000686064
1790359074.8400648,46.73013501451351
1790359074.8420732,22.77103200322017
1790359074.8451958,15.965005004545674
1790359074.8581069,31.476563977776095
1790359074.8615046,28.849558992078528
1790359074.8629913,55.864641995867714
1790359074.8633654,11.383181001292542
1790359074.8637123,5.587154999375343
1790359074.8637967,22.493284021038562
1790359074.8643227,2.8020970057696104
1790359074.8673682,2.2365789918694645
1790359074.8678093,17.181258008349687
1790359074.867886,27.687193010933697
1790359074.883325,2.4804109998513013
1790359074.884443,54.13785800919868
1790359074.884587,30.81019999808632
1790359074.8859315,25.77445699716918
1790359074.8862262,21.89200499560684
1790359074.8863013,18.30536700435914
1790359074.886668,3.4855869889725
1790359074.8884273,1.7487220175098628
1790359074.8997898,1.8343990086577833
1790359074.9323468,20.31841900316067
1790359074.9343197,41.66766398702748
1790359074.9344318,14.956292987335473
1790359074.9345286,6.137551012216136
1790359074.9346094,3.2599370169918984
1790359074.9384754,22.298876981949434
1790359074.9443324,23.240140988491476
1790359074.9484599,8.67381299030967
1790359074.948544,17.966426006751135
1790359074.9486136,38.86523700202815
1790359074.949771,1.7734939756337553
1790359074.956055,1.5246330003719777
1790359074.9566553,1.3918449985794723
1790359074.9614596,2.5280549889430404
1790359074.9625154,1.5424689918290824
1790359074.9655287,1.7989519983530045
1790359074.9699004,1.5053579991217703
1790359074.974112,1.4300610055215657
1790359074.9762552,1.6245059960056096
1790359074.9836583,2.115139999659732
1790359074.993354,2.031334995990619
1790359075.005274,1.9580480002332479
1790359075.0119445,29.733108007349074
1790359075.019365,24.328088999027386
1790359075.0208564,42.55380801623687
1790359075.021016,13.642431003972888
1790359075.0222375,1.9335989782121032
1790359075.026218,1.8461220024619251
1790359075.029309,1.345413998933509
1790359075.037463,1.5023729938548058
1790359075.0404193,1.4213800022844225
1790359075.048157,2.258371008792892
1790359075.0552156,1.7912390176206827
1790359075.0558784,1.5989829844329506
1790359075.059229,2.124197024386376
1790359075.0603049,1.8603230128064752
1790359075.0613163,1.783069979865104
1790359075.0620599,1.6099489876069129
1790359075.0652971,1.423877984052524
1790359075.0703595,1.6879999893717468
1790359075.0704322,2.331185998627916
1790359075.0752046,1.2604260118678212
1790359075.0766752,1.3859989994671196
1790359075.0772839,1.4900050009600818
1790359075.0790067,1.5694049943704158
1790359075.0800884,1.7847539857029915
1790359075.0837443,1.3149740116205066
1790359075.1030583,2.6582370046526194
1790359075.1112006,1.7179319984279573
1790359075.1167843,1.5509540098719299
1790359075.1233635,1.9396900024730712
1790359075.125074,1.6902659845072776
1790359075.129977,2.372979011852294
1790359075.1303945,2.0799719786737114
1790359075.1304605,3.340431023389101
1790359075.1348825,1.6185730055440217
1790359075.1423721,1.744771987432614
1790359075.1444168,1.2894590036012232
1790359075.168272,2.382355014560744
1790359075.1728537,1.658574998145923
1790359075.1840212,2.112145011778921
1790359075.1892712,16.068753000581637
1790359075.2196329,22.853319998830557
1790359075.2254727,20.567679981468245
1790359075.2333043,44.697895005811006
1790359075.2339282,22.694648010656238
1790359075.237613,17.300134000834078
1790359075.238144,51.739779009949416
1790359075.2383935,23.080332000972703
1790359075.238816,35.877367976354435
1790359075.238972,21.22461100225337
1790359075.2390647,2.884651010390371
1790359075.2450483,36.2859700107947
1790359075.245822,1.6038210014812648
1790359075.2524304,1.7582190048415214
1790359075.2581701,87.59139801259153
1790359075.2584982,44.98212001635693
1790359075.2604458,43.45152201130986
1790359075.2609367,41.290049004601315
1790359075.261084,69.8883410077542
1790359075.262285,27.72956300759688
1790359075.2630708,21.794631000375375
1790359075.2633398,4.435743001522496
1790359075.2634144,16.95634500356391
1790359075.2638454,3.2010019931476563
1790359075.2779686,1.6689700132701546
1790359075.2883267,1.7594239907339215
1790359075.3031514,2.350764989387244
1790359075.3061082,2.8054800059180707
1790359075.3067849,2.084139996441081
1790359075.3187149,3.435043996432796
1790359075.3220665,30.90860799420625
1790359075.3221667,38.62078397651203
1790359075.3282974,45.43837998062372
1790359075.3283885,26.749364013085142
1790359075.3295474,18.109060009010136
1790359075.3296466,25.6843340175692
1790359075.332458,2.163755998481065
1790359075.363051,14.256523980293423
1790359075.3632097,45.712352002738044
1790359075.3645318,3.204954002285376
1790359075.3700514,3.397266991669312
1790359075.3804176,23.55953402002342
1790359075.3816886,2.4956380075309426
1790359075.3862298,22.75102201383561
1790359075.386848,46.282790979603305
1790359075.3873556,18.995271995663643
1790359075.3883355,1.6264529840555042
1790359075.3900898,1.4155649987515062
1790359075.4006205,1.789099012967199
1790359075.409535,1.9521130016073585
1790359075.4110074,1.4615170075558126
1790359075.4137876,1.5699929790571332
1790359075.4141147,1.3722589937970042
1790359075.4160767,1.3251780183054507
1790359075.417285,1.1997030233033001
1790359075.4300706,2.217173983808607
1790359075.4760993,38.361419981811196
1790359075.4768267,31.246560014551505
1790359075.4771438,40.70978600066155
1790359075.4778965,49.28751400439069
1790359075.4785318,21.230191981885582
1790359075.4789488,7.201998989330605
1790359075.4793067,13.560980005422607
1790359075.4793818,3.1562350050080568
1790359075.4801183,47.6306090131402
1790359075.4804938,40.76540598180145
1790359075.4815004,34.38957198522985
1790359075.481831,23.90580700011924
1790359075.4821208,12.224875012179837
1790359075.4824688,9.544014988932759
1790359075.4856803,2.0647549827117473
1790359075.4955776,2.0969639881514013
1790359075.5100775,2.079164987662807
1790359075.511843,1.7520470137242228
1790359075.5252788,1.9441300246398896
1790359075.5361886,1.884814992081374
1790359075.5459833,2.531969017582014
1790359075.5479598,2.8890800022054464
1790359075.548021,2.026131027378142
1790359075.5570025,1.9112150184810162
1790359075.5630412,1.8218129989691079
1790359075.564708,1.6546270053368062
1790359075.5657444,1.77335599437356
1790359075.5696108,1.894796994747594
1790359075.5714753,1.8513719842303544
1790359075.5778258,2.489742008037865
1790359075.5848217,2.3170080094132572
1790359075.5860584,2.1301119995769113
1790359075.6002953,2.2464279900304973
1790359075.601405,2.362394006922841
1790359075.6023157,1.8097700085490942
1790359075.6080625,2.134787995601073
1790359075.6088483,1.7561120039317757
1790359075.6126153,1.8767939764074981
1790359075.6164768,2.074163989163935
1790359075.6272714,1.7421490047127008
1790359075.6278074,1.6093709855340421
1790359075.636003,1.5442809963133186
1790359075.6394475,1.5763520204927772
1790359075.6460693,1.6654029896017164
1790359075.647654,1.286746992263943
1790359075.6671937,1.7144939920399338
1790359075.6734045,29.58354400470853
1790359075.6747463,29.60923401406035
1790359075.6761827,36.083815997699276
1790359075.6768498,17.39820500370115
1790359075.677005,9.689174010418355
1790359075.6780689,2.54035898251459
1790359075.6810906,1.4817290066275746
1790359075.6945195,2.0501199760474265
1790359075.6963797,1.462699001422152
1790359075.70466,1.8635430024005473
1790359075.7082942,1.5136199945118278
1790359075.7185335,36.9215440005064
1790359075.7196674,38.531106984009966
1790359075.7198436,26.201569009572268
1790359075.7205894,14.877125999191776
1790359075.720701,21.57340501435101
1790359075.7476935,31.251801003236324
1790359075.7595873,24.799017002806067
1790359075.7602687,46.799953997833654
1790359075.760359,8.322154986672103
1790359075.7645824,1.8879199924413115
1790359075.7709115,47.946828010026366
1790359075.7882402,37.76557298260741
1790359075.7890024,76.19018500554375
1790359075.7900984,57.855092018144205
1790359075.7904687,28.533477016026154
1790359075.7905698,16.187981003895402
1790359075.7960439,2.4191970005631447
1790359075.7961102,2.9362709901761264
1790359075.8007276,1.3105469988659024
1790359075.809054,1.5926430060062557
1790359075.811508,1.5865470049902797
1790359075.8156004,1.4042440161574632
1790359075.825459,4.25180300953798
1790359075.8260016,3.8613950018770993
1790359075.8308144,1.2940879969391972
1790359075.8324645,1.1635949776973575
1790359075.8340094,1.1952299973927438
1790359075.846139,1.6178140067495406
1790359075.8505487,1.5625929809175432
1790359075.900095,23.011829995084554
1790359075.9007382,30.883967992849648
1790359075.9013066,40.135192015441135
1790359075.901472,42.34988201642409
1790359075.9016204,39.3257399846334
1790359075.9020877,7.71342299412936
1790359075.9022033,3.811751987086609
1790359075.907205,1.4586609904654324
1790359075.9154382,2.211287006502971
1790359075.9180963,1.4360299974214286
1790359075.9223938,51.9504559924826
1790359075.9230804,1.827505009714514
1790359075.9250584,1.3104650133755058
1790359075.9341366,76.50512701366097
1790359075.93471,55.604520021006465
1790359075.9353628,39.38548901351169
1790359075.9375527,36.80135801550932
1790359075.9379559,69.28836199222133
1790359075.9388928,18.279520998476073
1790359075.9390504,24.60714100743644
1790359075.9394515,29.26414299872704
1790359075.939546,16.357927001081407
1790359075.9396126,11.425992997828871
1790359075.957522,1.6338929999619722
1790359075.9595315,23.704772989731282
1790359075.9669926,2.4537139979656786
1790359075.9678357,1.490994996856898
1790359075.9711435,7.23101501353085
1790359075.971243,39.305269019678235
1790359075.9721541,6.658362981397659
1790359075.972228,2.5608309952076524
1790359075.9791646,1.4767649990972131
1790359075.9851363,1.3585550186689943
1790359075.9974139,2.2907039965502918
1790359075.9978855,2.0044489938300103
1790359075.9979594,3.4340639831498265
1790359076.0000138,1.9502729992382228
1790359076.000431,1.2991039839107543
1790359076.006602,2.2033569985069335
1790359076.012169,2.4396559747401625
1790359076.0233402,2.0322589843999594
1790359076.0476086,1.7869810108095407
1790359076.0725625,29.45111200097017
1790359076.0726666,24.015403003431857
1790359076.0790994,40.27434400632046
1790359076.0792017,10.989798000082374
1790359076.082359,2.3188740015029907
1790359076.0913534,13.85280501563102
1790359076.0968373,29.455089999828488
1790359076.098522,41.733217978617176
1790359076.0987082,16.998266015434638
1790359076.0995119,2.324525994481519
1790359076.1024866,1.7876939964480698
1790359076.1043327,1.8346720025874674
1790359076.1046252,1.5903609746601433
1790359076.1138737,1.7999050032813102
1790359076.115636,1.3832869881298393
1790359076.133898,1.9902509811799973
1790359076.1489167,2.129761007381603
1790359076.1559644,2.117427997291088
1790359076.1613572,2.1118339791428298
1790359076.162863,2.900613995734602
1790359076.1639407,2.7086330228485167
1790359076.164002,1.8253980088047683
1790359076.184376,2.1532910177484155
1790359076.1851816,1.8679790082387626
1790359076.200504,1.9670990004669875
1790359076.204213,1.9191479950677603
1790359076.2133565,2.1267179981805384
1790359076.2134624,3.23016699985601
1790359076.213737,1.934371015522629
1790359076.2202616,1.9558329950086772
1790359076.2234604,1.64250101079233
1790359076.234895,1.4445280248764902
1790359076.2557302,23.096351011190563
1790359076.2573848,1.7617489793337882
1790359076.2619827,1.6201070102397352
1790359076.2657208,1.977487001568079
1790359076.2658138,28.228345996467397
1790359076.269892,38.12283600564115
1790359076.2701347,12.740101024974138
1790359076.2704985,7.58962199324742
1790359076.273974,2.224537980509922
1790359076.2774894,1.7306739755440503
1790359076.2864141,1.9528519769664854
1790359076.2923205,1.986905001103878
1790359076.2958615,21.62197302095592
1790359076.3133104,30.125913996016607
1790359076.3170779,44.86408000229858
1790359076.3174818,30.517039995174855
1790359076.3176754,20.66063301754184
1790359076.3194168,7.082701020408422
1790359076.3195105,16.5199629846029
1790359076.32722,2.3637260019313544
1790359076.3379605,30.194222985301167
1790359076.338228,36.04093301692046
1790359076.3389015,45.201687986264005
1790359076.3392673,21.39288099715486
1790359076.3397558,8.057879022089764
1790359076.3400824,3.674645005958155
1790359076.340147,4.571000987198204
1790359076.3437402,2.1455160167533904
1790359076.349286,1.8074239778798074
1790359076.35683,1.9915100128855556
1790359076.3642154,1.6373360122088343
1790359076.3887196,2.2105899988673627
1790359076.3971212,27.333414007443935
1790359076.4159713,24.417919979896396
1790359076.4264836,32.656605006195605
1790359076.4372487,34.61851901374757
1790359076.4385185,46.47675302112475
1790359076.4390414,51.56238400377333
1790359076.4392443,22.725962015101686
1790359076.4397235,25.350912008434534
1790359076.4413185,11.188464006409049
1790359076.4483783,8.641754015116021
1790359076.4485815,79.37148597557098
1790359076.4574764,49.90180698223412
1790359076.4582162,43.233286996837705
1790359076.459581,55.144832003861666
1790359076.4604187,29.00297098676674
1790359076.461274,15.160084003582597
1790359076.4614127,41.06972401496023
1790359076.4619877,6.996578013058752
1790359076.4620657,10.554609005339444
1790359076.4621568,4.665896005462855
1790359076.4730165,2.116547984769568
1790359076.475635,27.99033699557185
1790359076.4833732,30.26390599552542
1790359076.4851332,44.56377698807046
1790359076.4854295,29.636986000696197
1790359076.4856577,4.003619018476456
1790359076.48577,20.138838997809216
1790359076.4860775,9.53614100581035
1790359076.486142,2.954747003968805
1790359076.4994345,1.8445889872964472
1790359076.5032213,2.443360019242391
1790359076.5171337,2.3098299861885607
1790359076.522789,1.6124639951158315
1790359076.538492,19.322362990351394
1790359076.5387006,33.74269200139679
1790359076.5410337,11.260044004302472
1790359076.5416665,40.04906601039693
1790359076.543236,2.1878260013181716
1790359076.5535436,15.247575007379055
1790359076.5603123,1.9415249989833683
1790359076.5765393,31.699573009973392
1790359076.5795274,10.738163022324443
1790359076.579647,39.38106098212302
1790359076.5808647,3.5792620037682354
1790359076.580974,2.665236999746412
1790359076.581266,2.4213089782278985
1790359076.5895724,1.8258259806316346
1790359076.591761,1.4619280118495226
1790359076.594181,1.6724360175430775
1790359076.603934,2.047571004368365
1790359076.605816,1.5902910090517253
1790359076.6096764,1.885186997242272
1790359076.6128128,2.2539620113093406
1790359076.614694,1.8690969736780971
1790359076.621921,2.1128600055817515
1790359076.6292937,7.35910699586384
1790359076.6321855,2.2126209805719554
1790359076.6367245,1.8470110080670565
1790359076.6664019,24.398649984505028
1790359076.6668506,33.528202009620145
1790359076.6672275,44.889536016853526
1790359076.6675339,14.925948984455317
1790359076.6768596,20.50999502534978
1790359076.6993797,27.544929995201528
1790359076.7047858,58.02886499441229
1790359076.7102532,56.844353006454185
1790359076.7213633,45.38813402177766
1790359076.722213,76.35718199890107
1790359076.735138,55.38599900319241
1790359076.7385952,64.22754199593328
1790359076.738738,59.60414698347449
1790359076.738887,74.78219998301938
1790359076.7393785,74.10525201703422
1790359076.7396035,58.86883300263435
1790359076.7414026,49.955767986830324
1790359076.7428563,36.521550006000325
1790359076.743682,22.299372009001672
1790359076.7437828,32.575048971921206
1790359076.7439551,18.68121000006795
1790359076.7529702,2.6062960096169263
1790359076.7564695,96.5323249984067
1790359076.756738,2.2708390024490654
1790359076.7568698,74.9632439983543
1790359076.757797,85.15893798903562
1790359076.7580411,53.04873100249097
1790359076.7599561,49.468854995211586
1790359076.7604609,47.62768899672665
1790359076.7610736,37.660647998563945
1790359076.7614305,35.392081015743315
1790359076.7617416,21.251519006909803
1790359076.761807,44.34550800942816
1790359076.7751079,1.9721699936781079
1790359076.7751756,2.6290109963156283
1790359076.7772002,1.319563016295433
1790359076.778711,1.358790002996102
1790359076.7806187,1.2692949967458844
1790359076.788303,1.7864080145955086
1790359076.7913473,1.5988739905878901
1790359076.7934732,1.4964319998398423
1790359076.7981982,2.3853240127209574
1790359076.7996745,2.0015960035379976
1790359076.7997596,2.830679004546255
1790359076.8053749,2.158905001124367
1790359076.8059585,2.0080810063518584
1790359076.8179524,1.7883830005303025
1790359076.8402584,2.7735490002669394
1790359076.8612876,32.88935299497098
1790359076.8615596,50.253216992132366
1790359076.885631,26.29896000144072
1790359076.8860466,43.89339798945002
1790359076.886146,12.620021007023752
1790359076.8884022,40.617080027004704
1790359076.8946922,1.9966539985034615
1790359076.8959875,34.15390898589976
1790359076.8961718,5.637413007207215
1790359076.896286,52.939969988074154
1790359076.906626,1.8321099923923612
1790359076.9165468,1.7472619947511703
1790359076.91978,1.6480069898534566
1790359076.9198604,2.23610398825258
1790359076.9227433,1.478324003983289
1790359076.925254,1.6677239909768105
1790359076.9273493,2.0732710254378617
1790359076.9291716,1.3385880156420171
1790359076.9318066,1.7693219997454435
1790359076.9372487,2.192496001953259
1790359076.9377065,2.0676159765571356
1790359076.95516,2.694310009246692
1790359076.957477,1.829290995374322
1790359076.9620001,1.4394400059245527
1790359076.9671302,2.224249008577317
1790359076.967469,2.0200220169499516
1790359076.973393,1.5650889836251736
1790359076.9758413,1.736774982418865
1790359076.9794567,1.4108119939919561
1790359076.9903371,2.7603530033957213
1790359076.9928098,4.296408005757257
1790359076.9934583,2.3835040046833456
1790359076.9935775,3.230282018193975
1790359076.9936454,4.394497984321788
1790359076.9993773,2.1953770192340016
1790359077.000677,3.5839210031554103
1790359077.0008023,2.6826649846043438
1790359077.002075,1.8734729965217412
1790359077.0064423,2.2029770188964903
1790359077.008161,1.6260819975286722
1790359077.0168362,2.502913004718721
1790359077.0177016,2.0790300040971488
1790359077.0187821,1.9360329897608608
1790359077.026231,1.464647997636348
1790359077.0283267,7.08464698982425
1790359077.0503263,2.589082025224343
1790359077.0593295,3.7154770107008517
1790359077.060124,25.528174999635667
1790359077.0630198,2.537888998631388
1790359077.0684078,46.54303300776519
1790359077.068531,13.069694978184998
1790359077.0689306,11.068842984968796
1790359077.0718994,1.8680329958442599
1790359077.0743313,2.417853014776483
1790359077.0783236,2.149278996512294
1790359077.0848317,2.096915995934978
1790359077.0931609,5.431272991700098
1790359077.0934641,4.659121012082323
1790359077.0936441,6.147325009806082
1790359077.094086,3.6751669831573963
1790359077.0948353,3.027730999747291
1790359077.1082456,2.2344379976857454
1790359077.1204238,2.1552749967668205
1790359077.1251864,24.141800997313112
1790359077.1313436,13.788031006697565
1790359077.1333365,1.9777039997279644
1790359077.1340451,36.926077998941764
1790359077.134148,6.856170017272234
1790359077.136536,1.7980840057134628
1790359077.1395273,2.4169220123440027
1790359077.1396134,1.878173992736265
1790359077.1446652,1.6041530179791152
1790359077.1545296,13.057445990853012
1790359077.1818676,28.37585800443776
1790359077.1879928,30.783669993979856
1790359077.1881843,37.71288599818945
1790359077.188623,25.71670600445941
1790359077.1933534,51.38547302340157
1790359077.1935337,16.8228060065303
1790359077.193725,25.99461399950087
1790359077.1942742,8.185852988390252
1790359077.1951334,4.8529040068387985
1790359077.1990476,2.600811014417559
1790359077.2016072,2.3214580141939223
1790359077.2043576,45.91938902740367
1790359077.204437,40.87801001151092
1790359077.2062528,53.56832398683764
1790359077.2064183,30.586632987251505
1790359077.2080631,19.303123001009226
1790359077.2089148,17.472354986239225
1790359077.2092984,4.046315996674821
1790359077.2093945,31.262222008081153
1790359077.2101958,7.349647989030927
1790359077.2114491,13.495294988388196
1790359077.213152,2.9424569802358747
1790359077.2132401,3.1952650169841945
1790359077.2377105,2.357516990741715
1790359077.2398481,2.118442003848031
1790359077.2426205,2.22138300887309
1790359077.2437327,2.472084976034239
1790359077.2446783,2.0400020002853125
1790359077.2487695,2.1983110054861754
1790359077.264193,2.413577982224524
1790359077.2697597,3.0395220092032105
1790359077.2698615,4.311429016524926
1790359077.2702558,2.520028006983921
1790359077.2752724,2.5623889814596623
1790359077.287598,2.421958983177319
1790359077.2882273,2.1424120059236884
1790359077.2958946,2.241987007437274
1790359077.2975588,1.6515230236109346
1790359077.2995276,1.5877089754212648
1790359077.3047576,1.900475996080786
1790359077.3098917,1.864869991550222
1790359077.3295531,2.7167340158484876
1790359077.3298588,2.447895996738225
1790359077.3299432,1.8405210284981877
1790359077.333648,1.9241859845351428
1790359077.335237,2.4418460088782012
1790359077.3371546,2.5434049894101918
1790359077.3372273,1.9812490209005773
1790359077.3557842,1.823647995479405
1790359077.3765688,1.8349289894104004
1790359077.3772762,1.6179670055862516
1790359077.3784559,1.1696649889927357
1790359077.3867865,5.717004009056836
1790359077.389862,6.0204229957889766
1790359077.3906465,8.013367012608796
1790359077.3911607,7.715690997429192
1790359077.3918934,3.9231959963217378
1790359077.4152875,30.537982005625963
1790359077.4232197,2.102547005051747
1790359077.4279618,42.74449299555272
1790359077.4280682,10.970756993629038
1790359077.4303164,2.096445008646697
1790359077.44544,2.141273987945169
1790359077.4476318,1.9248129974585027
1790359077.4586494,2.4626389786135405
1790359077.4624767,22.97360700322315
1790359077.471216,45.81231897464022
1790359077.471885,10.425337008200586
1790359077.4721432,27.511969004990533
1790359077.4722733,16.180448001250625
1790359077.4723608,3.587561019230634
1790359077.473336,3.0116269772406667
1790359077.4804947,1.6338489949703217
1790359077.4835875,1.5607829845976084
1790359077.4920926,1.8643889925442636
1790359077.4967837,1.8464280001353472
1790359077.4971144,1.5382190176751465
1790359077.498855,1.2633840087801218
1790359077.514255,1.7039029917214066
1790359077.5220263,2.2897269809618592
1790359077.5252788,1.6386939969379455
1790359077.5338767,2.5278989924117923
1790359077.5350835,1.964705006685108
1790359077.538781,3.6871320044156164
1790359077.5425005,3.1388830102514476
1790359077.5428133,3.1084310030564666
1790359077.542929,5.6102230155374855
1790359077.5436347,2.364169980864972
1790359077.545371,1.4314659929368645
1790359077.5623157,2.0550760091282427
1790359077.5791783,1.8355539941694587
1790359077.5865262,2.6144599833060056
1790359077.5874615,24.35539200087078
1790359077.587591,38.42987498501316
1790359077.5884914,5.8210029965266585
1790359077.588562,4.089939990080893
1790359077.5943148,2.1274969913065434
1790359077.609172,2.062516985461116
1790359077.6214643,33.08704399387352
1790359077.6292894,24.91630200529471
1790359077.6297388,44.16946999845095
1790359077.6298826,6.758493022061884
1790359077.659467,22.124070004792884
1790359077.659922,28.834272001404315
1790359077.6600652,43.16079500131309
1790359077.6601665,7.539128011558205
1790359077.6624224,1.538146985694766
1790359077.666611,33.35821800283156
1790359077.6713886,29.263311997056007
1790359077.67176,18.07392798946239
1790359077.6722019,44.328625983325765
1790359077.6722748,5.23227802477777
1790359077.703697,35.993651021271944
1790359077.7060018,35.39204300614074
1790359077.706626,28.424732998246327
1790359077.7073433,42.39346901886165
1790359077.7083652,26.67669500806369
1790359077.7092178,23.201601987238973
1790359077.7093053,4.9207199772354215
1790359077.7094836,40.77074199449271
1790359077.7101994,34.70912398188375
1790359077.7105389,41.2953750055749
1790359077.7117577,32.93500700965524
1790359077.7120163,28.189197997562587
1790359077.7129016,11.00519098690711
1790359077.7129703,5.510329006938264
1790359077.7205932,1.7314199940301478
1790359077.7219963,1.4966529852245003
1790359077.723416,1.41091100522317
1790359077.7284338,1.3452550047077239
1790359077.7445514,1.8204480002168566
1790359077.761341,2.12902799830772
1790359077.761525,1047.7957800030708
1790359077.7630036,38.01937398384325
1790359077.7634768,4.985632025636733
1790359077.7635446,31.346600997494534
1790359077.7796037,2.4027429753914475
1790359077.785342,3.241132013499737
1790359077.7854922,2.9297900036908686
1790359077.785928,1.9250889890827239
1790359077.7991035,2.0012229797430336
1790359077.8012443,3.0800919921603054
1790359077.8018413,2.416842005914077
1790359077.802712,1049.724292010069
1790359077.805306,2.2516369936056435
1790359077.8093975,1078.254054998979
1790359077.8096075,1081.735732004745
1790359077.8121276,1081.9079560169484
1790359077.817865,2.3883539834059775
1790359077.8265576,7.908191008027643
1790359077.8408566,32.78409599442966
1790359077.8420362,1114.7902790107764
1790359077.84223,24.350913998205215
1790359077.842905,23.0135069868993
1790359077.844504,11.714911001035944
1790359077.847793,20.736310980282724
1790359077.8554552,17.079459998058155
1790359077.8587449,39.40131899435073
1790359077.8594007,22.636385023361072
1790359077.8594925,16.135578975081444
1790359077.860475,15.382949000922963
1790359077.8922377,20.292839006287977
1790359077.8941007,27.28545299032703
1790359077.8977609,31.613516010111198
1790359077.9086933,32.0145349833183
1790359077.9093091,45.93072802526876
1790359077.910335,34.50538500328548
1790359077.915833,76.18485399871133
1790359077.9232483,4.805228003533557
1790359077.9233253,3.120456007309258
1790359077.9312146,2.3390190035570413
1790359077.932369,39.91844900883734
1790359077.9342058,63.27345600584522
1790359077.9348655,15.554969024378806
1790359077.9349413,9.400141017977148
1790359077.9378088,2.62573899817653
1790359077.938138,2.1236450120341033
1790359077.9385211,1.8242180231027305
1790359077.943221,3.0043500009924173
1790359077.9634976,5.306547012878582
1790359077.964474,4.8134490207303315
1790359077.9646378,4.359846003353596
1790359077.9659884,3.405230992939323
1790359077.9707417,2.0642949966713786
1790359077.972915,1.6137020138558
1790359077.9831207,2.1007820032536983
1790359077.9882426,1.9402139878366143
1790359078.002907,2.2859349846839905
1790359078.0110092,2.0092799968551844
1790359078.0126495,1.6279229894280434
1790359078.0152054,1.90836499677971
1790359078.0272133,1.9858900050166994
1790359078.0340111,1.8394429935142398
1790359078.0363204,2.2870770189911127
1790359078.0421112,2.457423019222915
1790359078.0586042,2.652274997672066
1790359078.0649092,20.145693008089438
1790359078.0650024,27.424919011536986
1790359078.0702376,2.175567002268508
1790359078.0791495,43.83237098227255
1790359078.080673,21.659866004483774
1790359078.080811,8.587266987888142
1790359078.0838084,2.3022570239845663
1790359078.1083534,28.446606011129916
1790359078.1241326,36.28253599163145
1790359078.1509953,76.59989298554137
1790359078.1643386,64.19966099201702
1790359078.1778998,75.99003199720755
1790359078.1848094,91.49099499336444
1790359078.1872044,75.89693600311875
1790359078.187709,49.331211019307375
1790359078.1999822,59.74235699977726
1790359078.2025087,68.87417097459547
1790359078.2029176,98.36448097485118
1790359078.2049692,78.68911599507555
1790359078.2053237,65.84415698307566
1790359078.2054217,56.27112300135195
1790359078.2184143,55.53852400043979
1790359078.2185173,49.43024000385776
1790359078.2216938,109.2648729973007
1790359078.2281606,59.78254499495961
1790359078.2290535,48.56747898156755
1790359078.2363791,63.65120498230681
1790359078.2365067,81.84055899619125
1790359078.2367182,30.833612981950864
1790359078.2441788,48.84116500033997
1790359078.2466145,29.828302998794243
1790359078.2487595,41.83040600037202
1790359078.250062,67.35332700191066
1790359078.2505407,29.546339996159077
1790359078.2507029,32.00381001806818
1790359078.2524471,16.6273060021922
1790359078.2527757,10.64134799526073
1790359078.2532392,2.0026509882882237
1790359078.2574177,71.42980000935495
1790359078.263387,86.83098299661651
1790359078.2689035,2.428674983093515
1790359078.2751334,2.4692269798833877
1790359078.2759802,56.46645699744113
1790359078.276564,2.04500398831442
1790359078.2769356,46.02252700715326
1790359078.2772772,50.072186975739896
1790359078.27837,38.9146109810099
1790359078.2790978,11.988598009338602
1790359078.2792566,34.25264501129277
1790359078.2793186,24.259543977677822
1790359078.279387,5.770285992184654
1790359078.2839935,1.91613202332519
1790359078.2864456,1.8432210199534893
1790359078.2991586,2.5111389986705035
1790359078.2994952,1.8032219959422946
1790359078.3012424,1.3843209890183061
1790359078.30313,1.8765119893942028
1790359078.3125756,1.6440670005977154
1790359078.3228054,2.11192001006566
1790359078.330055,2.4797850055620074
1790359078.33563,18.268680985784158
1790359078.3406947,1.9814890110865235
1790359078.3493433,3.564181999536231
1790359078.349969,2.205236000008881
1790359078.3522055,30.211215984309092
1790359078.3525844,15.37433298653923
1790359078.3532083,44.19409201364033
1790359078.355032,15.297215984901413
1790359078.3551035,8.12044899794273
1790359078.3552082,4.217960988171399
1790359078.3562026,2.6833400188479573
1790359078.358002,1.7879180086310953
1790359078.3692052,2.6478240033611655
1790359078.3752592,2.638064994243905
1790359078.380321,2.5817030109465122
1790359078.383176,1.9110720022581518
1790359078.4100733,9.040450007887557
1790359078.4102645,4.17103900690563
1790359078.4384863,29.741011006990448
1790359078.4413118,45.806887006619945
1790359078.44187,39.44585399585776
1790359078.4431386,49.43703601020388
1790359078.4439282,36.833182006375864
1790359078.4444818,32.15525299310684
1790359078.4447153,34.119285992346704
1790359078.4448166,25.994617986725643
1790359078.4455595,24.979010981041938
1790359078.4460144,21.575422026216984
1790359078.446505,16.211311012739316
1790359078.4466662,12.509129010140896
1790359078.447177,5.294449016219005
1790359078.452283,2.1353439951781183
1790359078.4531176,33.05033899960108
1790359078.453553,48.922096990281716
1790359078.4536326,32.272336015012115
1790359078.454842,22.145362017909065
1790359078.454937,26.916779024759308
1790359078.4564905,19.91003900184296
1790359078.4571984,18.560386000899598
1790359078.4573317,8.28516500769183
1790359078.4582744,3.18065399187617
1790359078.4645598,2.3882450186647475
1790359078.465237,1.6312870138790458
1790359078.4686215,2.2830080124549568
1790359078.4746664,2.966843021567911
1790359078.4762547,3.113857004791498
1790359078.476776,2.2200680105015635
1790359078.4772067,1.8580460164230317
1790359078.4907105,1.8905979814007878
1790359078.4951067,1.9340519793331623
1790359078.4977856,1.6835239948704839
1790359078.4982586,1.4217190037015826
1790359078.5046968,1.92378499195911
1790359078.5094783,2.2260280093178153
1790359078.5104127,2.5524979864712805
1790359078.510549,2.1020739804953337
1790359078.5247178,3.1037830049172044
1790359078.5248137,2.2247589949984103
1790359078.5253465,1.8921100127045065
1790359078.5300183,2.1482309966813773
1790359078.532251,1.9878570165019482
1790359078.5423892,1.6857599839568138
1790359078.5680485,30.84407700225711
1790359078.5692737,18.518966011470184
1790359078.5774875,16.919791989494115
1790359078.577969,23.418237979058176
1790359078.5842454,22.742978995665908
1790359078.5896347,14.891608996549621
1790359078.5906205,47.822574008023366
1790359078.5911887,10.974064993206412
1790359078.5915556,3.746266011148691
1790359078.594673,58.25583598925732
1790359078.5948188,22.52175100147724
1790359078.5996573,2.2910490224603564
1790359078.611091,31.826146005187184
1790359078.6223278,37.37934399396181
1790359078.622785,54.6558859932702
1790359078.6231236,26.470192009583116
1790359078.6232188,24.4849510199856
1790359078.623647,5.589540000073612
1790359078.6396677,38.288993993774056
1790359078.6406703,40.30967899598181
1790359078.6407988,8.496731985360384
1790359078.6446462,1.7993430083151907
1790359078.6515505,2.026098984060809
1790359078.654054,2.4889290216378868
1790359078.6546087,1.4292330015450716
1790359078.6673915,1.8889899947680533
1790359078.6818798,3.911669977242127
1790359078.6831686,2.316951984539628
1790359078.683503,1.4831319858785719
1790359078.692781,3.4949950058944523
1790359078.6928794,4.1712819947861135
1790359078.6965508,2.4361830146517605
1790359078.699724,2.41926999296993
1790359078.7015061,1.8923450261354446
1790359078.7078528,2.5917539896909148
1790359078.7145963,2.9693139949813485
1790359078.7211277,3.1776580144651234
1790359078.7235181,1.9873499986715615
1790359078.753963,3.8159819960128516
1790359078.7550428,2.857009007129818
1790359078.7686625,3.5424469970166683
1790359078.7757986,1.9976100011263043
1790359078.7776985,1.8026670149993151
1790359078.778415,1.9906839879695326
1790359078.7819319,2.4225719971582294
1790359078.783227,2.379125013248995
1790359078.7853515,1.5778729866724461
1790359078.8295767,29.082829976687208
1790359078.8409853,46.105560002615675
1790359078.8411012,21.091622998937964
1790359078.8411977,26.177832012763247
1790359078.8412762,36.18522401666269
1790359078.847893,55.53873901953921
1790359078.8510096,2.433379995636642
1790359078.853396,2.3709059751126915
1790359078.8611963,2.2925020020920783
1790359078.8681486,2.578126994194463
1790359078.87514,58.95020699244924
1790359078.8775678,64.78434300515801
1790359078.8781853,36.7603320046328
1790359078.8792717,5.9029399999417365
1790359078.88244,5.468616000143811
1790359078.8830824,33.19596700021066
1790359078.8832788,75.76338402577676
1790359078.8842695,32.652933994540945
1790359078.8845866,20.307142985984683
1790359078.884776,17.59044302161783
1790359078.8851433,7.563688006484881
1790359078.885226,10.07272198330611
1790359078.8945224,8.35477901273407
1790359078.9047139,24.7976089885924
1790359078.915983,21.715278999181464
1790359078.922102,14.038226974662393
1790359078.9266105,25.20249900408089
1790359078.927949,9.277426986955106
1790359078.930738,52.26740799844265
1790359078.931572,3.3930109930224717
1790359078.9323597,2.4607719969935715
1790359078.9342165,20.013127010315657
1790359078.9349697,47.51442698761821
1790359078.936011,9.063150006113574
1790359078.9361086,7.429227989632636
1790359078.942003,4.571967001538724
1790359078.9421275,3.0517819977831095
1790359078.9422157,4.038178973132744
1790359078.9433308,3.3065699972212315
1790359078.946038,1.6610989987384528
1790359078.9643965,3.6434970097616315
1790359078.9652107,2.5490859989076853
1790359078.9657247,2.2002499899826944
1790359078.982559,2.173835993744433
1790359078.9843285,1.7548570176586509
1790359078.9911878,2.5231839972548187
1790359078.9984653,2.305719011928886
1790359079.0040798,2.4192979908548295
1790359079.0107253,2.243183000246063
1790359079.0202577,2.197156980400905
1790359079.0228279,1.6196419892366976
1790359079.029991,2.4733830068726093
1790359079.0320497,1.8961979949381202
1790359079.0443983,1.7118249961640686
1790359079.0503416,2.3689469962846488
1790359079.0581203,2.5515760062262416
1790359079.0670853,2.027170005021617
1790359079.0755742,30.333583999890834
1790359079.0766723,1.8331940227653831
1790359079.0810702,30.894983996404335
1790359079.0811622,19.528971024556085
1790359079.0812657,40.18298099981621
1790359079.081826,9.036450006533414
1790359079.081997,5.036348011344671
1790359079.083776,1.7672609828878194
1790359079.087014,1.826646999688819
1790359079.1157184,2.30783800361678
1790359079.1228504,3.2827160030137748
1790359079.1258504,2.978242002427578
1790359079.1275897,3.7793079973198473
1790359079.1292899,3.423861984629184
1790359079.1307309,2.032781019806862
1790359079.1386578,2.350966999074444
1790359079.1446822,2.6822919899132103
1790359079.1466084,1.6803010075818747
1790359079.1570637,1.9724130106624216
1790359079.167251,2.8031039983034134
1790359079.1889446,29.699906997848302
1790359079.197571,15.381664008600637
1790359079.1976857,43.65462198620662
1790359079.1978207,32.45065797818825
1790359079.2066395,33.739598002284765
1790359079.211441,28.377135982736945
1790359079.21155,43.449905002489686
1790359079.2223706,2.173459011828527
1790359079.2379007,2.842988003976643
1790359079.2418468,29.53781097312458
1790359079.241968,43.75724701094441
1790359079.2423315,11.581492988625541
1790359079.2427738,4.7075120091903955
1790359079.2510598,1.8957939755637199
1790359079.2550864,1.8639240006450564
1790359079.2663414,2.78820501989685
1790359079.29952,3.5706289927475154
1790359079.3000834,2.228823024779558
1790359079.318978,21.961038990411907
1790359079.3190846,40.00796898617409
1790359079.3259532,2.7897380059584975
1790359079.3280485,1.6772229864727706
1790359079.3450067,1.7791779828257859
1790359079.3555248,27.25645899772644
1790359079.3562448,9.200802014674991
1790359079.3570497,41.82217101333663
1790359079.3572314,32.65730899875052
1790359079.3583183,2.0581020216923207
1790359079.3604262,1.919311995152384
1790359079.3610907,1.4532649947796017
1790359079.3891132,4.735343012725934
1790359079.3934531,5.095177999464795
1790359079.3936946,7.020190008915961
1790359079.3955848,3.4757120010908693
1790359079.395799,5.916035996051505
1790359079.4079394,3.1534119916614145
1790359079.4080286,3.841255995212123
1790359079.4156919,2.9380249907262623
1790359079.4236417,2.406425977824256
1790359079.429046,2.050042006885633
1790359079.4362476,1.6910300182644278
1790359079.4478564,38.49861701019108
1790359079.448359,2.7117920108139515
1790359079.4489555,30.694891000166535
1790359079.4494045,41.058697999687865
1790359079.4495456,27.723212988348678
1790359079.4499645,9.951393003575504
1790359079.4500465,19.49688099557534
1790359079.4542124,1.6863119963090867
1790359079.4551167,1.7520149995107204
1790359079.4579964,1.7267240036744624
1790359079.4619427,2.2406339994631708
1790359079.4841826,1046.7619000119157
1790359079.488859,4.6284109994303435
1790359079.4924092,6.782726995879784
1790359079.4936166,3.0180429748725146
1790359079.5117755,2.9215969843789935
1790359079.5380468,24.61529299034737
1790359079.5381515,43.065770994871855
1790359079.5521867,26.431920006871223
1790359079.5528371,58.95195601624437
1790359079.5530467,22.625356999924406
1790359079.5536928,19.060240010730922
1790359079.5538578,31.534771987935528
1790359079.5540211,14.735154021764174
1790359079.5544608,10.041039990028366
1790359079.555648,36.47001297213137
1790359079.5607555,2.6422330120112747
1790359079.569111,35.32153301057406
1790359079.5701494,2.413831010926515
1790359079.5770333,34.720655996352434
1790359079.5783265,16.942821006523445
1790359079.5784538,66.02889799978584
1790359079.5786417,31.54974099015817
1790359079.5790691,42.07833998952992
1790359079.579166,6.988845008891076
1790359079.5898242,2.179086994146928
1790359079.6004088,3.5015570174437016
1790359079.6005259,2.751736028585583
1790359079.6009836,2.2922370117157698
1790359079.6040514,3.054589993553236
1790359079.6062882,3.0504979949910194
1790359079.6064396,2.370936010265723
1790359079.6084824,3.361435985425487
1790359079.6476078,35.147464979672804
1790359079.6537862,43.58814802253619
1790359079.6555896,49.01684902142733
1790359079.6563933,33.504666993394494
1790359079.6566353,28.88628898654133
1790359079.6567838,17.160165996756405
1790359079.6572561,15.079369011800736
1790359079.6575515,44.14370999438688
1790359079.6578507,50.181919999886304
1790359079.6585765,4.629022994777188
1790359079.6757498,2.484352997271344
1790359079.6783116,1.456167025025934
1790359079.7162173,9.46507800836116
1790359079.7181096,6.46355000208132
1790359079.7183518,9.515966987237334
1790359079.7357385,4.416295007104054
1790359079.7378325,8.309080003527924
1790359079.7389436,6.918856000993401
1790359079.744063,6.205400015460327
1790359079.7489676,6.350592011585832
1790359079.7496326,9.16246700217016
1790359079.7506888,7.66072899568826
1790359079.7521691,4.520599002717063
1790359079.752247,3.2630329951643944
1790359079.781646,2.2736609971616417
1790359079.7860746,1.8803199927788228
1790359079.7960703,24.075430002994835
1790359079.8015232,19.22922598896548
1790359079.8022745,43.213799013756216
1790359079.8023667,7.133742998121306
1790359079.8354552,23.16915799747221
1790359079.8402567,27.169373992364854
1790359079.8468435,29.92570400238037
1790359079.8473434,10.004511015722528
1790359079.853595,21.754832996521145
1790359079.854229,46.45736399106681
1790359079.8544261,13.808104995405301
1790359079.8564632,45.10076899896376
1790359079.8565524,25.919306004652753
1790359079.8572981,24.004209990380332
1790359079.8579476,52.446527988649905
1790359079.8580632,19.08260100753978
1790359079.859357,2.0469820010475814
1790359079.8617823,2.4089060025289655
1790359079.8633163,1.521252008387819
1790359079.8685272,1.6803900070954114
1790359079.8722558,2.5604600086808205
1790359079.873142,1.9177939975634217
1790359079.8828092,2.7991429960820824
1790359079.8908792,2.874966012313962
1790359079.8972278,1.827502012019977
1790359079.9013062,1.8273500027135015
1790359079.9036624,2.3430139990523458
1790359079.9119887,3.7381299771368504
1790359079.9190726,2.408236003248021
1790359079.92258,4.633987002307549
1790359079.923845,4.756523994728923
1790359079.9242494,2.5804759934544563
1790359079.9316442,3.009470005054027
1790359079.9440064,3.103230003034696
1790359079.9545734,2.8971940046176314
1790359079.9560623,2.5262960116378963
1790359079.9588473,2.2712600184604526
1790359079.9610238,1.7390119901392609
1790359079.976894,3.2884679967537522
1790359079.9791856,1.7683279875200242
1790359080.0098364,33.972824981901795
1790359080.0100546,6.241759983822703
1790359080.0111656,2.270630997372791
1790359080.0114274,1.3619700039271265
1790359080.0143805,1.717050006845966
1790359080.0200245,1.7868730064947158
1790359080.0260615,2.1776040084660053
1790359080.0312495,3.5281209857203066
1790359080.0323622,2.9001139919273555
1790359080.0376701,4.030954994959757
1790359080.038367,2.682830992853269
1790359080.0386624,1.9785260083153844
1790359080.0593753,2.1326249989215285
1790359080.0706272,26.662535005016252
1790359080.0707173,6.975077994866297
1790359080.0826454,20.3070440038573
1790359080.0827425,17.115756025305018
1790359080.0833502,41.293721995316446
1790359080.0849397,12.557252019178122
1790359080.0869288,12.895399995613843
1790359080.0870738,10.227406019112095
1790359080.0872366,8.00740101840347
1790359080.0876603,2.938484016340226
1790359080.0974166,29.81580499908887
1790359080.0983326,1.8744719855021685
1790359080.1055984,2.1567030053120106
1790359080.1071675,33.85348099982366
1790359080.107576,44.52235600911081
1790359080.107872,31.630698998924345
1790359080.1079755,30.323345999931917
1790359080.109257,27.83384098438546
1790359080.1093838,13.662601006217301
1790359080.1095433,10.279034991981462
1790359080.1100526,3.950567013816908
1790359080.1181455,2.492962987162173
1790359080.1217248,1.9742180011235178
1790359080.1283886,2.3979860125109553
1790359080.1318874,1.477722980780527
1790359080.1499996,2.6282439939677715
1790359080.1575205,35.0338889984414
1790359080.1597,30.746324016945437
1790359080.1616025,25.846114003797993
1790359080.1619966,38.72321199742146
1790359080.1620665,4.4150859757792205
1790359080.1692393,1.9406729843467474
1790359080.1806142,1.8378690001554787
1790359080.1934593,4.241310991346836
1790359080.1935532,3.1121830106712878
1790359080.211952,25.89852098026313
1790359080.2228131,32.77752400026657
1790359080.2248673,42.76235299766995
1790359080.2249875,28.41352001996711
1790359080.230398,1.878280017990619
1790359080.2378347,3.470719006145373
1790359080.2380075,3.0960440053604543
1790359080.2383747,2.8724870062433183
1790359080.2406008,1.3908909750171006
1790359080.2439454,2.0108100143261254
1790359080.2479374,2.169587998650968
1790359080.2611067,2.676968986634165
1790359080.261654,2.0189349888823926
1790359080.2660503,2.516152977477759
1790359080.27343,1.7740649927873164
1790359080.2832434,1.9858480081893504
1790359080.285289,1.729420997435227
1790359080.288107,2.8007060172967613
1790359080.28957,1.5988390077836812
1790359080.2949064,2.4472080112900585
1790359080.2955358,1.471477997256443
1790359080.301383,1.9138150091748685
1790359080.3139322,2.457549999235198
1790359080.3209321,3.274004004197195
1790359080.3268566,2.158929011784494
1790359080.3302634,21.529791003558785
1790359080.3304515,15.555726975435391
1790359080.3338337,1.9925349915865809
1790359080.3389502,2.6133619830943644
1790359080.3427145,2.5099340127781034
1790359080.346546,26.694357016822323
1790359080.3513234,22.322461009025574
1790359080.3518026,46.12702000304125
1790359080.3521738,17.069777008146048
1790359080.3525238,15.397330018458888
1790359080.356518,1.9226459844503552
1790359080.3597333,1.8122449982911348
1790359080.3711956,1.9832130055874586
1790359080.3721204,1.8508450011722744
1790359080.372965,1.5242579975165427
1790359080.3788342,2.29465399752371
1790359080.3826451,1.636196975596249
1790359080.3872254,2.0885400008410215
1790359080.392669,3.4263590059708804
1790359080.393391,1.7714700079523027
1790359080.406133,2.3126320156734437
1790359080.4120731,3.026897000381723
1790359080.4213614,3.982108988566324
1790359080.4216094,2.990795997902751
1790359080.4229355,3.0274690070655197
1790359080.4343228,2.804327988997102
1790359080.4417815,13.827376009430736
1790359080.4452975,3.499609010759741
1790359080.4459784,2.981637982884422
1790359080.4502804,2.759745984803885
1790359080.4503732,3.9218940073624253
1790359080.4630063,31.03541099699214
1790359080.4752116,32.864487991901115
1790359080.4758825,46.67101299855858
1790359080.4790885,35.1319569745101
1790359080.480041,24.26193398423493
1790359080.4804618,33.93479701480828
1790359080.480687,9.323413018137217
1790359080.480809,4.139454016694799
1790359080.4827416,2.0420950022526085
1790359080.4887161,2.347622998058796
1790359080.490759,25.39862398407422
1790359080.5013015,28.42576600960456
1790359080.5025778,40.26959600741975
1790359080.50298,24.686873017344624
1790359080.5030522,17.19165500253439
1790359080.503407,15.970804990502074
1790359080.54316,23.74303000397049
1790359080.5444193,35.16467197914608
1790359080.5453606,41.89303898601793
1790359080.546082,22.34982798108831
1790359080.546723,9.04640500084497
1790359080.5468051,16.634011000860482
1790359080.5521708,24.506907007889822
1790359080.5526407,45.185349008534104
1790359080.552886,18.597115005832165
1790359080.5529935,14.450535003561527
1790359080.55937,2.5469329848419875
1790359080.5624905,2.3622679873369634
1790359080.564935,2.4284050159621984
1790359080.5665667,3.3846430014818907
1790359080.5785663,2.706735016545281
1790359080.58328,2.412498986814171
1790359080.589073,1.8267729901708663
1790359080.5945373,1.9979489734396338
1790359080.61981,35.145642003044486
1790359080.6200283,30.614345014328137
1790359080.6214557,21.69451501686126
1790359080.6216025,9.601126977941021
1790359080.6217368,42.9731429903768
1790359080.631429,2.8817639977205545
1790359080.63961,33.61995198065415
1790359080.6424677,24.640938005177304
1790359080.6426027,44.36359100509435
1790359080.6446197,1.5911480004433542
1790359080.6564252,1.7295700090471655
1790359080.669759,2.4818750098347664
1790359080.6757038,2.9715559794567525
1790359080.6762261,41.6823809791822
1790359080.6766477,24.75625998340547
1790359080.676757,10.235609021037817
1790359080.676871,6.9728689850308
1790359080.682683,3.950897022150457
1790359080.683525,2.9751350230071694
1790359080.6836429,2.3387609981000423
1790359080.692894,2.853790996596217
1790359080.6957142,2.551728015532717
1790359080.6988122,2.4802200205158442
1790359080.6999981,2.301881992025301
1790359080.7032506,2.3332580167334527
1790359080.7070682,2.31877900660038
1790359080.7098386,1.94423901848495
1790359080.7199225,2.033446973655373
1790359080.7226977,1.9149099825881422
1790359080.7303581,2.7301300142426044
1790359080.733037,2.2859780001454055
1790359080.737047,1.7446310084778816
1790359080.740075,2.065844979370013
1790359080.7462504,2.0829570130445063
1790359080.753462,2.347253990592435
1790359080.7538393,3.6247390089556575
1790359080.7539198,2.1861879795324057
1790359080.769015,2.1363839914556593
1790359080.7753835,1.974318001884967
1790359080.7843764,3.034343011677265
1790359080.7887814,2.335772995138541
1790359080.791342,1.8568590166978538
1790359080.8004582,2.9584319854620844
1790359080.835771,28.272436989936978
1790359080.84177,49.023871979443356
1790359080.842016,33.571835985640064
1790359080.8426018,41.92196798976511
1790359080.8441458,52.38277500029653
1790359080.8446589,22.908454993739724
1790359080.8449073,20.384280011057854
1790359080.8450844,13.368738000281155
1790359080.8463287,33.846047008410096
1790359080.8472655,1.5911830123513937
1790359080.8509543,52.15779799618758
1790359080.8517394,28.070547006791458
1790359080.8523324,21.38069600914605
1790359080.8524063,11.017226002877578
1790359080.855697,1.7995029920712113
1790359080.8583236,1.429149997420609
1790359080.86349,1.623149000806734
1790359080.8694623,1.9080959900747985
1790359080.882118,2.996386989252642
1790359080.8963835,2.701963996514678
1790359080.8986266,3.7921649927739054
1790359080.8988101,2.8140280046500266
1790359080.9064336,3.719085012562573
1790359080.9073727,2.0347929967101663
1790359080.9173524,3.969248995417729
1790359080.9187777,3.3793129841797054
1790359080.920792,2.5643049739301205
1790359080.9343345,4.4430739944800735
1790359080.9351237,2.867495990358293
1790359080.9364069,2.7700270002242178
1790359080.936526,4.948266985593364
1790359080.9394538,1.8158539896830916
1790359080.9495556,2.033252007095143
1790359080.94962,2.7423870051279664
1790359080.9615037,1.868305989773944
1790359080.97139,1.8607910024002194
1790359080.9789388,1.856007002061233
1790359080.9832613,1.6983429959509522
1790359080.9927094,18.852540000807494
1790359080.9928231,30.705163982929662
1790359080.9950197,1.5979549789335579
1790359080.9993777,18.752391973976046
1790359080.999533,40.759240015177056
1790359080.9999104,13.980136980535462
1790359081.0081353,2.621624997118488
1790359081.0210176,2.759813010925427
1790359081.021622,1.5005909954197705
1790359081.0308115,2.204883989179507
1790359081.0336335,1.5108030056580901
1790359081.040586,18.65913299843669
1790359081.0446038,1.7825060058385134
1790359081.047633,1.8312500033061951
1790359081.0626605,31.834006018470973
1790359081.0628278,29.04329201555811
1790359081.062957,40.49938800744712
1790359081.064111,18.92336900345981
1790359081.0647323,11.206316004972905
1790359081.0670664,2.9415129974950105
1790359081.0679293,2.780698996502906
1790359081.0682385,2.0955289946869016
1790359081.0808241,3.0306089902296662
1790359081.0852935,3.0812289915047586
1790359081.0872202,1.91198501852341
1790359081.09246,2.74995100335218
1790359081.0930731,2.4589700042270124
1790359081.093687,2.274460013723001
1790359081.100301,2.5913910067174584
1790359081.108958,1.911542989546433
1790359081.1144006,1.733751007122919
1790359081.116776,2.156508999178186
1790359081.1190825,1.4828690036665648
1790359081.124077,3.0002179846633226
1790359081.1259568,1.8641609931364655
1790359081.127043,2.1022690052632242
1790359081.1310577,1.9213519990444183
1790359081.1313596,1.590386003954336
1790359081.1385822,2.5709730107337236
1790359081.140759,2.161071024602279
1790359081.1445482,2.3398879857268184
1790359081.1482735,1.9204069976694882
1790359081.148357,2.5213359913323075
1790359081.1573045,2.378307981416583
1790359081.1818094,29.002882016357034
1790359081.196573,19.994222006062046
1790359081.2049818,43.26681900420226
1790359081.2064817,15.361849014880136
1790359081.2070134,20.382315997267142
1790359081.207143,7.827041990822181
1790359081.2072036,11.973134998697788
1790359081.217644,1.8983650079462677
1790359081.2236824,1.7637370037846267
1790359081.2242916,79.00251899263822
1790359081.224403,36.74941000645049
1790359081.2248473,30.6914119864814
1790359081.233917,2.0774430013261735
1790359081.2352653,36.98416301631369
1790359081.2353795,33.96810099366121
1790359081.236312,52.00197399244644
1790359081.2364352,16.966494993539527
1790359081.2368088,11.571379989618436
1790359081.258642,13.542758009862155
1790359081.2936497,38.91488298540935
1790359081.2938235,23.840034002205357
1790359081.2954657,10.692373994970694
1790359081.2955616,19.08560100127943
1790359081.2963622,49.59121099091135
1790359081.2976062,52.04991498612799
1790359081.2979884,25.554827006999403
1790359081.2985792,34.797756001353264
1790359081.2991498,54.885817982722074
1790359081.2992826,7.5597639952320606
1790359081.2994084,19.717093993676826
1790359081.3021486,7.156687002861872
1790359081.3054068,4.273983009625226
1790359081.305641,5.946189019596204
1790359081.3057423,3.575705020921305
1790359081.3073947,2.4992109974846244
1790359081.3114614,1.7667470092419535
1790359081.3168244,1.8196589953731745
1790359081.319981,1.9763420277740806
1790359081.322576,1.6955379978753626
1790359081.3384414,2.2214500058908015
1790359081.3467238,2.290079020895064
1790359081.3559427,13.412546017207205
1790359081.3560603,29.919410997536033
1790359081.356895,37.85945300478488
1790359081.3570228,8.251038001617417
1790359081.359288,1.9311420037411153
1790359081.3735883,2.8684439894277602
1790359081.3747883,3.1022779876366258
1790359081.378454,3.642681025667116
1790359081.379458,3.2000020146369934
1790359081.3823261,2.085948013700545
1790359081.3932202,1.8275829788763076
1790359081.3972862,1.9800029986072332
1790359081.4073412,2.9839779890608042
1790359081.412442,2.3331819975282997
1790359081.420061,3.2411970023531467
1790359081.4315429,2.621897991048172
1790359081.4348075,2.4500110012013465
1790359081.4390454,2.4490089854225516
1790359081.45235,2.338318998226896
1790359081.45587,40.87173499283381
1790359081.4560697,36.61059300065972
1790359081.4579725,49.01034402428195
1790359081.4591944,28.804303001379594
1790359081.4596546,16.240582976024598
1790359081.4599323,24.548563989810646
1790359081.46005,5.668164987582713
1790359081.4747763,3.333186003146693
1790359081.4748654,4.564956005197018
1790359081.4781866,2.2421529865823686
1790359081.4884923,2.3951969924382865
1790359081.4949584,24.492262018611655
1790359081.4969318,1.7361390055157244
1790359081.5019953,32.52895301557146
1790359081.5024507,3.4719609830062836
1790359081.503045,29.689201997825876
1790359081.5039442,47.30425801244564
1790359081.5047297,23.748898995108902
1790359081.5051641,16.65447000414133
1790359081.5057344,8.680508995894343
1790359081.505854,4.634289012756199
1790359081.512718,2.792674000374973
1790359081.5128765,2.203142998041585
1790359081.5143971,1.509304012870416
1790359081.5175288,2.026635978836566
1790359081.5318573,2.91559801553376
1790359081.5365467,2.220922993728891
1790359081.5392447,1.879776013083756
1790359081.5401602,1.6984890098683536
1790359081.5511029,1.7195940017700195
1790359081.556683,2.739282004768029
1790359081.5842087,28.526492009405047
1790359081.589208,27.851635997649282
1790359081.5986896,21.400511992396787
1790359081.5991993,18.773103976855054
1790359081.5993977,38.79769699415192
1790359081.5996659,42.81767501379363
1790359081.5997286,5.202746018767357
1790359081.6192253,66.51517399586737
1790359081.6368418,58.74632400809787
1790359081.6375966,68.64999100798741
1790359081.638284,54.7848169808276
1790359081.6385794,28.323848004220054
1790359081.6388793,36.37558899936266
1790359081.6391807,27.568471006816253
1790359081.6410456,15.319701982662082
1790359081.6415505,9.94028800050728
1790359081.6416445,25.484020996373147
1790359081.6492145,42.12419601390138
1790359081.649306,2.2043880017008632
1790359081.6528137,41.95877999882214
1790359081.6530616,48.01941697951406
1790359081.6538205,33.829897991381586
1790359081.6547515,23.92738198977895
1790359081.6548252,8.390505012357607
1790359081.6548965,41.08838297543116
1790359081.6586056,2.5738030089996755
1790359081.6586864,1.944745978107676
1790359081.6642327,2.2137920022942126
1790359081.664518,1.5591499977745116
1790359081.6695113,1.9027850066777319
1790359081.674749,2.3791249841451645
1790359081.6769009,1.9867639930453151
1790359081.6779273,2.067979978164658
1790359081.6804547,2.1257270127534866
1790359081.6871636,2.332306990865618
1790359081.6882389,1.958578999619931
1790359081.6883566,2.5512150023132563
1790359081.692108,1.9488050020299852
1790359081.6964855,2.223695977590978
1790359081.7035446,3.0340910016093403
1790359081.704232,1.6723730077501386
1790359081.7155755,1.9111629808321595
1790359081.7188735,1.8390670011285692
1790359081.72138,1.8602120107971132
1790359081.7223153,1.7088390013668686
1790359081.729584,2.5155259936582297
1790359081.7433333,1.839531003497541
1790359081.746783,3.432709985645488
1790359081.7481124,3.2238690182566643
1790359081.75801,2.827340009389445
1790359081.758729,2.1474269742611796
1790359081.7708693,1.8817560048773885
1790359081.7740593,2.2441289911512285
1790359081.7773674,2.5026259827427566
1790359081.7796168,3.722723020473495
1790359081.7799332,2.5393810064997524
1790359081.8328524,39.254925010027364
1790359081.836406,39.72140100086108
1790359081.8365612,50.23550600162707
1790359081.8649735,62.16520900488831
1790359081.872406,92.08276501158252
1790359081.872777,58.16550200688653
1790359081.874013,51.290386996697634
1790359081.8741083,81.42928301822394
1790359081.876328,47.05085602472536
1790359081.877337,29.978125006891787
1790359081.8777173,20.872897992376238
1790359081.8778622,18.904967000707984
1790359081.8788145,97.69759699702263
1790359081.879006,76.95214299019426
1790359081.879961,84.16662699892186
1790359081.8805516,61.25050599803217
1790359081.8816032,54.36205299338326
1790359081.8824744,44.4458760030102
1790359081.8830204,72.3043100151699
1790359081.8836565,35.169796989066526
1790359081.883964,23.61653998377733
1790359081.8840296,26.495248021092266
1790359081.887621,2.154902002075687
1790359081.8880086,3.3081450092140585
1790359081.8903544,1.8949259829241782
1790359081.8907573,1.7471550090704113
1790359081.8960478,2.0528879831545055
1790359081.8995476,3.487534006126225
1790359081.8996372,2.3648559872526675
1790359081.899699,2.994859009049833
1790359081.9014516,1.284620986552909
1790359081.9158208,1.8038320122286677
1790359081.934717,2.1978470031172037
1790359081.9481938,3.500317980069667
1790359081.959003,29.235581983812153
1790359081.9841602,50.989673007279634
1790359081.986163,36.1971250094939
1790359081.9949145,72.66836098278873
1790359081.998635,20.835508999880403
1790359081.9987934,51.421434996882454
1790359082.0052505,55.855704995337874
1790359082.009955,28.875784017145634
1790359082.0130532,54.993074998492375
1790359082.0164094,36.26746599911712
1790359082.0166738,28.494271013187245
1790359082.0167894,68.185178010026
1790359082.0173676,25.866989977657795
1790359082.0310209,42.08431299775839
1790359082.034485,34.26744200987741
1790359082.0400143,36.900779989082366
1790359082.0414236,49.081482022302225
1790359082.0447247,42.95690997969359
1790359082.0457017,35.7338140020147
1790359082.0457916,63.93611300154589
1790359082.0556,33.15428999485448
1790359082.0660787,54.62398499366827
1790359082.0669663,57.86542099667713
1790359082.0672944,41.97438000119291
1790359082.0707366,36.113990005105734
1790359082.0836556,44.624464004300535
1790359082.0838044,50.84502400131896
1790359082.1008186,53.43218197231181
1790359082.1011016,36.09458098071627
1790359082.1012037,75.16969798598439
1790359082.1016867,26.180831977399066
1790359082.1019661,12.604089017258957
1790359082.1020825,8.257784997113049
1790359082.1022215,31.154614000115544
1790359082.1026485,56.221533013740554
1790359082.109147,1.9775809778366238
1790359082.1130624,56.08135799411684
1790359082.113872,46.5628569945693
1790359082.1145594,40.31578899594024
1790359082.1150205,34.914215008029714
1790359082.1151547,22.15195499593392
1790359082.1154485,71.57560699852183
1790359082.115999,18.997990991920233
1790359082.1341982,2.4882150173652917
1790359082.1393778,3.2849169801920652
1790359082.1412299,2.500312024494633
1790359082.1423051,2.1303059766069055
1790359082.14278,1.5399999974761158
1790359082.1467826,2.634086995385587
1790359082.146871,2.114203991368413
1790359082.1471956,1.5286240086425096
1790359082.1550846,3.023822995601222
1790359082.1636574,1.7302039777860045
1790359082.1735651,1.8815539951901883
1790359082.1803331,2.0119770197197795
1790359082.182253,2.69250400015153
1790359082.1880887,2.421271987259388
1790359082.1902604,1.6921779897529632
1790359082.207135,3.974324994487688
1790359082.2092435,3.8584469875786453
1790359082.2099502,2.408642991213128
1790359082.217328,2.345098997466266
1790359082.2332554,3.713446989422664
1790359082.234906,2.374891977524385
1790359082.2349913,28.38852599961683
1790359082.2510295,1.930185011588037
1790359082.25382,49.27387199131772
1790359082.2555714,42.85254198475741
1790359082.2557428,31.11419701599516
1790359082.256395,25.383130996488035
1790359082.2564857,9.206172020640224
1790359082.2669008,2.151041990146041
1790359082.2702649,3.350223007146269
1790359082.2712715,2.933959010988474
1790359082.2718468,2.2281139972619712
1790359082.2886903,2.184026991017163
1790359082.2995305,3.3651180274318904
1790359082.300339,1.824891980504617
1790359082.3008997,3.1479519966524094
1790359082.3059008,2.5313659862149507
1790359082.306726,2.008554001804441
1790359082.3165457,1.926744997035712
1790359082.321473,1.9462050113361329
1790359082.3281002,2.458790026139468
1790359082.3356183,3.281095006968826
1790359082.337281,3.077454020967707
1790359082.3452497,2.3439079814124852
1790359082.3572445,3.0403300188481808
1790359082.3647609,31.55300600337796
1790359082.3652582,23.291051998967305
1790359082.3654244,37.89796700584702
1790359082.3657954,43.429491022834554
1790359082.3668132,3.7780069978907704
1790359082.3669212,17.48378900811076
1790359082.3713386,2.9141450067982078
1790359082.3715982,2.9367500101216137
1790359082.3763707,3.9494340016972274
1790359082.3765197,2.2626379795838147
1790359082.3766172,3.9301020151469857
1790359082.3782072,2.7014699880965054
1790359082.3796053,2.560417982749641
1790359082.39028,3.2812670106068254
1790359082.3916576,2.108431013766676
1790359082.4008512,2.7152110124006867
1790359082.4300904,24.247658002423123
1790359082.4359822,26.000840007327497
1790359082.4360874,26.89794500474818
1790359082.4403515,24.09730202634819
1790359082.4410434,46.148458000971004
1790359082.4430468,12.617099011549726
1790359082.4431944,19.094297022093087
1790359082.4443655,2.3668349895160645
1790359082.4549086,42.00958801084198
1790359082.4562507,49.08618700574152
1790359082.4568336,3.3984319888986647
1790359082.4571116,34.54977800720371
1790359082.459077,12.9898410232272
1790359082.4593515,24.52115499181673
1790359082.4594615,30.704832985065877
1790359082.4631925,3.4125949896406382
1790359082.4676435,3.098001005128026
1790359082.4758317,3.974735998781398
1790359082.4773996,2.6856540061999112
1790359082.489512,21.85249500325881
1790359082.4897316,28.92025001347065
1790359082.5072217,33.767862973036245
1790359082.5075424,50.60119502013549
1790359082.507748,18.004301004111767
1790359082.508974,4.047345981234685
1790359082.5114577,2.466519013978541
1790359082.5162365,2.3376489989459515
1790359082.5328104,39.83864301699214
1790359082.5340815,27.93930098414421
1790359082.5342112,21.90633400459774
1790359082.534303,46.517726994352415
1790359082.5439024,2.000963984755799
1790359082.5552826,2.2386190248653293
1790359082.5553439,3.3679530024528503
1790359082.5618703,1.6919449844863266
1790359082.5779624,1.7738710157573223
1790359082.5868914,2.723025012528524
1790359082.5869594,3.581419005058706
1790359082.5940394,2.528097975300625
1790359082.5950959,1.5831410128157586
1790359082.6037748,1.975916005903855
1790359082.6127574,2.3025349946692586
1790359082.6148844,2.1063360036350787
1790359082.6172953,1.4549439947586507
1790359082.6187444,2.1289490105118603
1790359082.6381674,2.3313020064961165
1790359082.6390321,1.761739986250177
1790359082.6524856,3.074575011851266
1790359082.6704185,3.394312981981784
1790359082.6704824,4.233973013469949
1790359082.675449,2.3514219792559743
1790359082.6774802,1.4872929896228015
1790359082.6923735,2.620231971377507
1790359082.7129343,30.515093996655196
1790359082.7243726,45.26593998889439
1790359082.7244704,12.391367985401303
1790359082.7246156,5.306214006850496
1790359082.7391675,2.6253690011799335
1790359082.7507832,32.42204099660739
1790359082.753404,2.168172999517992
1790359082.756022,26.703047013143077
1790359082.7563574,40.136031981091946
1790359082.757183,19.069567002588883
1790359082.75754,5.695998988812789
1790359082.7590632,1.514573988970369
1790359082.7612681,2.19422800000757
1790359082.7773366,4.863172012846917
1790359082.7777646,3.8175309891812503
1790359082.7798405,3.4291240153834224
1790359082.7836874,2.0468859875109047
1790359082.7870576,1.347062992863357
1790359082.7914414,21.727826009737328
1790359082.8077385,34.34305201517418
1790359082.813258,44.96631500660442
1790359082.8164577,32.75270599988289
1790359082.817319,30.11968798818998
1790359082.817862,42.69392398418859
1790359082.8184159,39.59745398606174
1790359082.8194494,24.947728990809992
1790359082.8203268,26.41131600830704
1790359082.8205016,10.038314008852467
1790359082.8222392,5.765620007878169
1790359082.822335,3.909795021172613
1790359082.8293896,33.88447599718347
1790359082.8419604,26.356239017331973
1790359082.8420932,24.76066999952309
1790359082.842303,49.278505000984296
1790359082.8436432,22.89537200704217
1790359082.8437474,18.16700299968943
1790359082.8440907,9.217859013006091
1790359082.857083,2.748844010056928
1790359082.8659995,2.3969899921212345
1790359082.8664,40.008685988141224
1790359082.8668303,44.30855700047687
1790359082.8669233,42.18519999994896
1790359082.8672998,12.077055987901986
1790359082.8673627,30.347181018441916
1790359082.8814764,2.471869986038655
1790359082.8833656,1.4948479947634041
1790359082.8889377,1.7497430089861155
1790359082.8928337,2.291696990141645
1790359082.9002683,3.2244999893009663
1790359082.9004707,4.458406998310238
1790359082.901158,2.750527986790985
1790359082.9046233,2.3003589885775
1790359082.9107263,3.161330008879304
1790359082.9114795,2.4859110126271844
1790359082.9198368,2.9178110125940293
1790359082.9264603,2.887523005483672
1790359082.9325147,3.7612410087604076
1790359082.9383693,2.046873007202521
1790359082.9414897,2.4343719996977597
1790359082.944702,1.9193069892935455
1790359082.947613,2.8969940030947328
1790359082.9556575,3.8242659938987345
1790359082.9562554,2.859906991943717
1790359082.959615,3.463995992206037
1790359082.9607532,3.3608060039114207
1790359082.9619546,1.781730999937281
1790359082.9713585,1.9705629965756088
1790359082.9714622,2.733368019107729
1790359082.9824958,1.8858149996958673
1790359082.9849849,2.4754430050961673
1790359082.987689,1.6658749955240637
1790359083.0075765,3.0406170117203146
1790359083.0086837,2.1693969902116805
1790359083.0343149,2.5314739905297756
1790359083.0358655,33.39514401159249
1790359083.037736,1.5045310137793422
1790359083.039281,34.08729599323124
1790359083.0396886,43.41120598837733
1790359083.0406892,28.42821498052217
1790359083.0407562,7.643810997251421
1790359083.0455656,1.9448869861662388
1790359083.054016,1.906345976749435
1790359083.071912,4.681959981098771
1790359083.0721316,5.883820995222777
1790359083.0726702,4.117805015994236
1790359083.0727983,4.904305998934433
1790359083.0793717,2.246650983579457
1790359083.0846093,2.959650009870529
1790359083.086528,1.5948759973980486
1790359083.0910583,2.1192549902480096
1790359083.0956147,2.6897600037045777
1790359083.0963662,1.6736509860493243
1790359083.1121354,2.6482729881536216
1790359083.1227846,3.591141983633861
1790359083.1274705,2.5523219956085086
1790359083.1354504,1.7408500134479254
1790359083.1447608,2.0318460010457784
1790359083.1530256,2.8105310047976673
1790359083.153334,2.600767998956144
1790359083.1633778,2.362319006351754
1790359083.164056,1.5866899921093136
1790359083.1688502,1.7089539906010032
1790359083.180253,1.8702610104810447
1790359083.1811872,2.234779007267207
1790359083.1832054,1.9975559844169766
1790359083.1878328,3.0280830105766654
1790359083.189154,3.6212370032444596
1790359083.1926372,4.089428985025734
1790359083.192913,3.6449169856496155
1790359083.1930335,3.161945001920685
1790359083.2071807,5.961552000371739
1790359083.2077124,6.404857005691156
1790359083.2079215,5.555310985073447
1790359083.2080631,3.6482359864749014
1790359083.2108154,1.591349981026724
1790359083.2231493,2.333652984816581
1790359083.2328417,3.249996982049197
1790359083.243827,2.4030109925661236
1790359083.2492077,2.4907260085456073
1790359083.2508805,1.3737599947489798
1790359083.2673283,2.0265030034352094
1790359083.2718427,3.239922982174903
1790359083.281187,4.06340099289082
1790359083.2815263,4.251567996107042
1790359083.2852561,3.6994309921283275
1790359083.2859643,2.891209995141253
1790359083.2916021,2.5633930054027587
1790359083.3003623,2.3756169830448925
1790359083.3010137,2.09507902036421
1790359083.309519,2.880075015127659
1790359083.3105888,1.5615459997206926
1790359083.3158622,3.4206949931103736
1790359083.317475,3.578414994990453
1790359083.3175979,2.409685985185206
1790359083.3232584,2.5197439827024937
1790359083.3251796,1.763349981047213
1790359083.3350983,3.1399620056618005
1790359083.335938,2.4186069786082953
1790359083.348677,1.9888039969373494
1790359083.3679023,18.45380599843338
1790359083.3692546,1.984702015761286
1790359083.37441,2.158212009817362
1790359083.3790045,40.4461839934811
1790359083.3794196,4.126012994674966
1790359083.3795528,10.276476998114958
1790359083.3797913,3.6434079811442643
1790359083.3812528,4.209450999042019
1790359083.3871412,1.9120440119877458
1790359083.394239,2.351382019696757
1790359083.4003694,19.76508100051433
1790359083.4071014,1.889306993689388
1790359083.4218764,42.211703985231
1790359083.4223123,33.73348401510157
1790359083.422738,30.106352001894265
1790359083.4228585,10.822746000485495
1790359083.435958,22.46182697126642
1790359083.4581156,19.49838799191639
1790359083.4585853,45.847578992834315
1790359083.4618995,25.765297992620617
1790359083.4642158,20.551844994770363
1790359083.4730225,33.669543016003445
1790359083.4793997,25.18232600414194
1790359083.479867,17.8033760166727
1790359083.4799652,47.588686022209004
1790359083.4877703,3.0530759831890464
1790359083.4954908,39.64775401982479
1790359083.4986708,2.2620069794356823
1790359083.5010507,51.81838100543246
1790359083.501159,37.72520602797158
1790359083.5012245,13.595062016975135
1790359083.5068347,1.6411689866799861
1790359083.5093338,2.3829949786886573
1790359083.5106764,2.308822004124522
1790359083.5177505,2.2151129960548133
1790359083.5185003,1.6894980217330158
1790359083.5196974,1.935031992616132
1790359083.5330033,3.599882998969406
1790359083.5651336,23.991171008674428
1790359083.5743678,29.84225397813134
1790359083.5816386,23.82038297946565
1790359083.5826557,42.52148701925762
1790359083.583411,17.044582025846466
1790359083.5838025,6.737471994711086
1790359083.591151,41.70105999219231
1790359083.5930927,1.6722700092941523
1790359083.6024528,69.3226880102884
1790359083.6049507,2.020380983594805
1790359083.6070662,1.8578220042400062
1790359083.6134937,55.002200009766966
1790359083.613889,41.00408699014224
1790359083.6141257,59.656127996277064
1790359083.615578,20.225159998517483
1790359083.616358,9.273864008719102
1790359083.6164248,33.675041020615026
1790359083.616495,12.388639006530866
1790359083.6170745,2.5363029853906482
1790359083.635763,3.058755974052474
1790359083.6382203,1.5185280062723905
1790359083.6448905,1.9120770157314837
1790359083.6519182,2.9106239962857217
1790359083.6576025,2.660272002685815
1790359083.6752899,3.8588939933106303
1790359083.6753862,4.498616995988414
1790359083.681062,4.329957999289036
1790359083.6847155,4.837337008211762
1790359083.686482,4.081705003045499
1790359083.6865926,5.152561003342271
1790359083.687263,2.1830339974258095
1790359083.6955063,2.7295209874864668
1790359083.6982405,1.622748008230701
1790359083.6988344,1.4552960055880249
1790359083.7020047,2.9085899877827615
1790359083.7080512,1.7341600032523274
1790359083.7101,1.4278909948188812
1790359083.7232509,1.978642016183585
1790359083.7307484,1.6026489902287722
1790359083.7331295,24.96608000365086
1790359083.7465186,27.261312992777675
1790359083.747273,20.243203995050862
1790359083.7475219,43.30311200465076
1790359083.7484927,4.990729998098686
1790359083.7637625,18.20479502202943
1790359083.777656,24.631729000248015
1790359083.7827086,22.07618099055253
1790359083.790306,56.290442997124046
1790359083.7909188,37.26963198278099
1790359083.8021448,28.127950005000457
1790359083.8141341,50.04233701038174
1790359083.81787,34.634880983503535
1790359083.8184154,28.26659701531753
1790359083.8207831,73.24789400445297
1790359083.8278515,30.525879003107548
1790359083.828553,70.99282200215384
1790359083.829785,18.332262989133596
1790359083.8306427,12.051127006998286
1790359083.8309166,17.49838699470274
1790359083.8329446,4.3211529846303165
1790359083.836006,33.84637998533435
1790359083.8373568,2.4962640018202364
1790359083.8394642,26.959048002026975
1790359083.8397832,55.89051599963568
1790359083.8399978,23.072014009812847
1790359083.8412871,18.86770300916396
1790359083.8416657,9.804544999497011
1790359083.8418539,3.561502991942689
1790359083.8429837,2.4851830094121397
1790359083.8466315,1.6000820032786578
1790359083.866349,1.9305080058984458
1790359083.8712165,2.004309993935749
1790359083.8732257,1.1704780044965446
1790359083.8901815,18.840985983842984
1790359083.8952985,19.61922101327218
1790359083.9058254,38.69482400477864
1790359083.9059136,12.570277001941577
1790359083.911424,2.3591289937030524
1790359083.9138916,1.7929270106833428
1790359083.9281178,37.80570000526495
1790359083.9286091,39.82016700319946
1790359083.9287329,32.16971299843863
1790359083.929543,19.021696993149817
1790359083.9299002,9.64895699871704
1790359083.941472,2.5983949890360236
1790359083.946435,2.323619002709165
1790359083.9488218,1.4967230090405792
1790359083.955387,1.798721990780905
1790359083.9648755,1.7801680078264326
1790359083.969321,2.4355560017284006
1790359083.981998,3.488965012365952
1790359083.9832933,2.4584130151197314
1790359083.9853456,2.037183992797509
1790359084.0076451,30.052247020648792
1790359084.0096748,39.65027199592441
1790359084.0098476,29.864926997106522
1790359084.010129,3.858180978568271
1790359084.0112908,14.877562003675848
1790359084.0114412,29.902820009738207
1790359084.0115175,4.081072984263301
1790359084.0188847,1.8639169866219163
1790359084.0307472,1.7252149991691113
1790359084.047912,1.8996690050698817
1790359084.0589485,1.713609992293641
1790359084.068492,24.882730009267107
1790359084.068643,42.841356014832854
1790359084.0692503,15.040295023936778
1790359084.069324,6.51557301171124
1790359084.0741503,2.7165970241185278
1790359084.075177,1.5336329815909266
1790359084.0787785,1.8076429842039943
1790359084.0848043,4.125238017877564
1790359084.0852127,5.001256009563804
1790359084.0859847,3.828159999102354
1790359084.0865772,2.3368190159089863
1790359084.086633,3.6838760133832693
1790359084.0959961,2.291759999934584
1790359084.0967946,1.8715769983828068
1790359084.1195724,1.7261700122617185
1790359084.1261811,2.0583939913194627
1790359084.1359847,1.9545309769455343
1790359084.1426048,28.31017301650718
1790359084.1428335,21.288604009896517
1790359084.1430695,41.1908260139171
1790359084.1436417,10.266889003105462
1790359084.1437047,2.4668159894645214
1790359084.152525,2.099927020026371
1790359084.1602483,2.7671749994624406
1790359084.1618483,1.7530519980937243
1790359084.1662362,2.320687985047698
1790359084.1671095,2.2157509811222553
1790359084.168592,1.3286109897308052
1790359084.1723838,2.3650839866604656
1790359084.1730123,1.3949209824204445
1790359084.1767929,2.0138499967288226
1790359084.1808505,1.9774730026256293
1790359084.2161083,1.9356519915163517
1790359084.2260396,2.608765003969893
1790359084.2348175,38.844980008434504
1790359084.2353854,40.264554991154
1790359084.2363157,9.521371015580371
1790359084.236397,17.731136991642416
1790359084.2400143,1.68574700364843
1790359084.2493348,2.225748001364991
1790359084.250335,1.4391359873116016
1790359084.2604432,2.848561998689547
1790359084.261093,2.0187429909128696
1790359084.2760801,4.584019014146179
1790359084.2771287,3.6067510081920773
1790359084.2871583,4.277243977412581
1790359084.2901793,2.71960801910609
1790359084.2935734,2.6735249848570675
1790359084.29625,2.661420003278181
1790359084.3031445,2.0521580008789897
1790359084.319035,12.67963700229302
1790359084.3363538,20.25782599230297
1790359084.3369215,16.987624985631555
1790359084.3397558,21.301751025021076
1790359084.3401897,10.901959001785144
1790359084.340311,40.167762024793774
1790359084.3513741,37.681059999158606
1790359084.3519835,4.1811150149442255
1790359084.3605986,3.1875580025371164
1790359084.3621721,2.329220005776733
1790359084.3691406,3.0904430022928864
1790359084.3696606,1.8065999902319163
1790359084.3788419,1.9143940007779747
1790359084.3860312,1.569980988278985
1790359084.3963375,1.9219020032323897
1790359084.397013,32.375875976867974
1790359084.3976967,30.667760001961142
1790359084.3987432,39.84304901678115
1790359084.3991034,24.291734996950254
1790359084.399849,16.259098978480324
1790359084.3999512,9.399403003044426
1790359084.4112804,2.8455319989006966
1790359084.4131703,1.7567379982210696
1790359084.413427,1.4415059995371848
1790359084.4165015,2.0839489880017936
1790359084.428682,3.586566017474979
1790359084.4301393,3.0872139905113727
1790359084.4307199,1.7089539906010032
1790359084.4385061,2.8794819954782724
1790359084.438617,3.855905990349129
1790359084.4500248,3.0384089914150536
1790359084.460805,3.174700017552823
1790359084.4970992,29.279997979756445
1790359084.497396,44.73653298919089
1790359084.4975443,18.742426007520407
1790359084.498199,3.610835992731154
1790359084.498269,17.826131981564686
1790359084.505317,30.51278699422255
1790359084.5104504,30.965684010880068
1790359084.5143437,25.70547300274484
1790359084.515264,2.8676229994744062
1790359084.5156019,11.093749024439603
1790359084.5156827,44.994050986133516
1790359084.5255997,2.6504200068302453
1790359084.5329359,2.049237984465435
1790359084.5412207,2.679672004887834
1790359084.5432515,3.5520599922165275
1790359084.5559165,4.7304929757956415
1790359084.568543,3.6781629896722734
1790359084.5835907,1.6236859955824912
1790359084.5990162,44.61927601369098
1790359084.6001077,26.091637992067263
1790359084.6006021,47.67450699000619
1790359084.6013215,10.18564001424238
1790359084.6018257,7.898242998635396
1790359084.6019194,13.930104003520682
1790359084.6051974,1.6281059943139553
1790359084.6081872,1.9396920106373727
1790359084.6112325,1.8340479873586446
1790359084.6209977,2.255741012049839
1790359084.6242714,35.187336994567886
1790359084.630074,38.18731100182049
1790359084.6362004,3.0032840149942786
1790359084.6366978,33.79298801883124
1790359084.6368468,31.63947199936956
1790359084.6369731,47.019493009429425
1790359084.6375272,28.591451002284884
1790359084.637673,5.567501997575164
1790359084.637733,22.345355013385415
1790359084.639519,1.6534330206923187
1790359084.6449623,2.5505129888188094
1790359084.6450489,1.8964089977089316
1790359084.647313,1.737976010190323
1790359084.653262,1.7029870068654418
1790359084.6559813,2.114539995091036
1790359084.6604767,1.764468994224444
1790359084.6721628,2.2628649894613773
1790359084.6760912,1.6540390206500888
1790359084.6945455,4.887897986918688
1790359084.6959028,3.538477001711726
1790359084.7012873,2.38995801191777
1790359084.7121768,1.8988090159837157
1790359084.7134264,25.085648987442255
1790359084.7158766,1.8319050141144544
1790359084.717747,26.666357996873558
1790359084.7183385,20.391669997479767
1790359084.718411,41.77956300554797
1790359084.720356,7.82046900712885
1790359084.7204921,12.237656977958977
1790359084.7206142,6.1260169895831496
1790359084.7215078,2.084926003590226
1790359084.7286122,1.7473240150138736
1790359084.7456267,12.126326008001342
1790359084.761572,28.920579003170133
1790359084.761681,25.2025919908192
1790359084.7679195,32.98325600917451
1790359084.7724164,33.982229011598974
1790359084.773994,49.64763898169622
1790359084.774092,32.986478006932884
1790359084.7823858,43.12472400488332
1790359084.7834585,40.867678995709866
1790359084.7837281,52.13031099992804
1790359084.789669,42.88417100906372
1790359084.8116083,47.73419300909154
1790359084.8117514,49.9098000000231
1790359084.8163958,71.45507200038992
1790359084.8191893,68.01632599672303
1790359084.8211868,58.099159999983385
1790359084.8218474,78.40178100741468
1790359084.822982,52.26599701563828
1790359084.8312368,58.557044016197324
1790359084.8325934,33.13051298027858
1790359084.832691,65.40234500425868
1790359084.8327842,23.928894981509075
1790359084.8356357,22.49353300430812
1790359084.8360128,20.478422986343503
1790359084.836293,14.063560985960066
1790359084.8375833,52.600692986743525
1790359084.8629766,55.52837401046418
1790359084.8647044,70.82191499648616
1790359084.8648825,52.387625008122995
1790359084.8654692,44.263504998525605
1790359084.8655598,51.14552899613045
1790359084.8667076,34.719450981356204
1790359084.8671584,32.804893009597436
1790359084.8677099,27.453583985334262
1790359084.8677735,11.619883996900171
1790359084.8706398,36.7898489930667
1790359084.874846,2.195209002820775
1790359084.8771336,51.514785998733714
1790359084.8776991,38.33830400253646
1790359084.8779263,34.64029298629612
1790359084.8791108,33.62021700013429
1790359084.8792765,3.989832999650389
1790359084.8796093,8.358513005077839
1790359084.8813286,1.8566409999039024
1790359084.8852632,2.057414996670559
1790359084.892948,1.765291002811864
1790359084.9006398,1.8750960007309914
1790359084.9037645,2.483149990439415
1790359084.9283593,2.766516001429409
1790359084.9303584,3.3568739891052246
1790359084.9332197,1.3208129967097193
1790359084.9424617,1.600288989720866
1790359084.951466,34.94403397780843
1790359084.9600766,33.85569297824986
1790359084.9602082,29.83105997554958
1790359084.9603105,44.97501297737472
1790359084.966569,27.016945998184383
1790359084.9780471,25.479753996478394
1790359084.9784687,34.375068004010245
1790359084.9876595,30.891027010511607
1790359084.9945877,38.75405702274293
1790359084.9947987,33.72662898618728
1790359084.9998856,51.530683995224535
1790359085.0012057,42.349717987235636
1790359085.0026548,51.46613501710817
1790359085.0029695,37.686633004341274
1790359085.0129385,44.95003700139932
1790359085.0227976,55.792988976463675
1790359085.0282652,52.27563998778351
1790359085.0312629,48.702760017476976
1790359085.0326533,70.56642699171789
1790359085.0342994,20.189108006889
1790359085.0343854,33.02412899211049
1790359085.034613,42.23302999162115
1790359085.0346885,58.02679501357488
1790359085.0349667,46.417040983214974
1790359085.041109,2.853306010365486
1790359085.041406,44.08440500264987
1790359085.045793,41.683003975776955
1790359085.0463128,18.841245997464284
1790359085.046491,7.239291997393593
1790359085.046782,61.260794987902045
1790359085.0468464,2.6243639877066016
1790359085.0525494,1.7639219877310097
1790359085.062456,2.7961580199189484
1790359085.0639389,1.4714330027345568
1790359085.0692298,4.649194976082072
1790359085.0702271,4.566064977552742
1790359085.0707355,3.9720580098219216
1790359085.070869,2.653078001458198
1790359085.0743856,2.6678660069592297
1790359085.0769868,2.0558490068651736
1790359085.0843863,2.9593400249723345
1790359085.085485,2.1291979937814176
1790359085.0893617,2.294000005349517
1790359085.0908856,10.31244799378328
1790359085.1072404,24.659849994350225
1790359085.1152797,28.89050799421966
1790359085.1183286,30.456448992481455
1790359085.1184404,45.82446601125412
1790359085.1185303,17.285362991970032
1790359085.1208448,3.604903002269566
1790359085.1232924,1.9436719885561615
1790359085.134815,37.770274007925764
1790359085.1428761,22.830303001683205
1790359085.1432793,27.442849008366466
1790359085.1434333,15.308026981074363
1790359085.1435058,48.904352996032685
1790359085.1479309,2.8097280010115355
1790359085.1514125,1.6354630060959607
1790359085.1694021,24.89039400825277
1790359085.175801,27.994630014291033
1790359085.1807792,29.352960002142936
1790359085.1898527,23.326029011514038
1790359085.1933007,19.537357991794124
1790359085.193765,48.04034097469412
1790359085.194469,17.645224987063557
1790359085.1945465,9.539185994071886
1790359085.1988692,1.7962190031539649
1790359085.20255,26.40408297884278
1790359085.2034223,20.138121995842084
1790359085.2037048,8.157532021868974
1790359085.2038736,47.319818986579776
1790359085.206127,2.1834929939359426
1790359085.2063227,1.675208011874929
1790359085.2074518,1.9890900002792478
1790359085.2084074,1.9714009831659496
1790359085.2112236,1.5693200111854821
1790359085.220137,2.2366729972418398
1790359085.2207987,1.70891301240772
1790359085.2446303,6.435661984141916
1790359085.2450855,6.800511007895693
1790359085.2478282,4.72400602302514
1790359085.2564747,2.539771026931703
1790359085.2591565,18.94302002619952
1790359085.2697024,1.9636250217445195
1790359085.2700694,25.992680981289595
1790359085.280749,25.55273601319641
1790359085.284265,2.167678001569584
1790359085.2915843,20.15009301248938
1790359085.2928584,47.64958599116653
1790359085.2929473,6.2950179853942245
1790359085.2939866,1.8281910161022097
1790359085.2985713,1.7256650025956333
1790359085.315618,1.7007940041366965
1790359085.324492,1.9417770090512931
1790359085.3352787,23.694450996117666
1790359085.3353858,14.873292006086558
1790359085.3473494,44.397178979124874
1790359085.3479617,9.875178016955033
1790359085.3491154,22.962414019275457
1790359085.3505206,8.554587984690443
1790359085.352591,3.7071020051371306
1790359085.3565345,2.227624994702637
1790359085.3612351,24.056977999862283
1790359085.3645763,1.917208981467411
1790359085.3707228,1.6845809877850115
1790359085.3781428,46.44590598763898
1790359085.3789127,38.40316500281915
1790359085.3790603,29.929281008662656
1790359085.3795183,33.70268899016082
1790359085.3799498,13.498294982127845
1790359085.380028,19.91628500400111
1790359085.3837862,1.9833239784929901
1790359085.3896031,2.164784003980458
1790359085.4016986,2.2831579844933003
1790359085.4050686,2.632899006130174
1790359085.4077315,2.000751002924517
1790359085.4138267,2.13899600203149
1790359085.4147687,1.7382339865434915
1790359085.4177892,2.4453340156469494
1790359085.4194064,1.3834009878337383
1790359085.429949,2.522470022086054
1790359085.4341624,1.8846079765353352
1790359085.4365392,1.712682016659528
1790359085.4413643,2.655139978742227
1790359085.4510264,1.9808849901892245
1790359085.473433,3.1401640153490007
1790359085.4786367,3.0298230121843517
1790359085.4806278,22.400066984118894
1790359085.4912503,44.8425319918897
1790359085.4951358,20.556345989461988
1790359085.4953642,13.607828004751354
1790359085.495525,58.69045099825598
1790359085.4968472,2.453824010444805
1790359085.5479834,29.666146991075948
1790359085.5484085,56.54351299745031
1790359085.5495646,27.548840997042134
1790359085.5499895,23.71395198861137
1790359085.5503962,52.4655659974087
1790359085.5590577,78.33835898782127
1790359085.5591836,47.55314998328686
1790359085.5607808,17.03333097975701
1790359085.5700116,48.61274201539345
1790359085.5834556,28.937625989783555
1790359085.583567,60.710660996846855
1790359085.583643,27.417167992098257
1790359085.5840786,64.56866499502212
1790359085.5845463,43.333229987183586
1790359085.585643,33.686802024021745
1790359085.5864317,30.97246598917991
1790359085.5871732,30.018234014278278
1790359085.588407,23.463153978809714
1790359085.5886467,17.7271330030635
1790359085.5982683,34.62382100406103
1790359085.599391,29.239127004984766
1790359085.5995462,52.68114001955837
1790359085.6008134,22.89067499805242
1790359085.6019814,10.104784014401957
1790359085.6021297,30.503816989948973
1790359085.6022203,6.113467999966815
1790359085.6081278,3.8702860183548182
1790359085.6107578,1.7804329982027411
1790359085.6165323,2.3823980009183288
1790359085.621264,32.60387000045739
1790359085.6225998,2.1949150250293314
1790359085.6248624,1.5020729915704578
1790359085.6281838,2.3070060124155134
1790359085.629883,36.89953498542309
1790359085.6311347,27.53616700647399
1790359085.631273,21.68878397787921
1790359085.631837,17.07690898911096
1790359085.6319509,25.292244012234733
1790359085.6336281,46.079456980805844
1790359085.633769,10.988310998072848
1790359085.6339345,8.534617983968928
1790359085.6340394,5.590724002104253
1790359085.6342924,6.664665997959673
1790359085.6343577,4.890250012977049
1790359085.6543376,2.01792101142928
1790359085.6589835,1.713008008664474
1790359085.6620302,1.965823001228273
1790359085.6683736,2.115777024300769
1790359085.6733387,2.2445329814217985
1790359085.677172,33.315485023194924
1790359085.6781595,21.970813017105684
1790359085.678604,20.677249995060265
1790359085.6786883,43.142525013536215
1790359085.678916,14.855207002256066
1790359085.68025,4.627247020835057
1790359085.680368,10.240297997370362
1790359085.7167559,16.67517301393673
1790359085.7249262,22.925424011191353
1790359085.7290187,49.648232001345605
1790359085.7345734,29.219755990197882
1790359085.7354767,29.429723013890907
1790359085.7467518,31.059770000865683
1790359085.7468636,39.08705699723214
1790359085.7473562,46.06851399876177
1790359085.7480986,27.80857600737363
1790359085.7491622,24.222620006185025
1790359085.750062,43.406569020589814
1790359085.7606149,32.474306994117796
1790359085.7608821,53.53814997943118
1790359085.7617462,49.43944900878705
1790359085.7631114,40.64605198800564
1790359085.7631974,45.99043697817251
1790359085.7691746,42.26645999005996
1790359085.7722256,30.442150979069993
1790359085.7777255,28.54588199988939
1790359085.7842267,50.97432300681248
1790359085.7894814,31.742196006234735
1790359085.7948093,26.53885801555589
1790359085.7958117,60.48263199045323
1790359085.7961235,13.700065988814458
1790359085.796431,11.874839023221284
1790359085.8028452,1.9722879806067795
1790359085.805457,62.61490800534375
1790359085.810286,48.52802000823431
1790359085.81041,69.31188798625953
1790359085.8111897,39.87297898856923
1790359085.8115764,28.30269798869267
1790359085.8118584,12.616850988706574
1790359085.8162875,1.7735660076141357
1790359085.8274605,1.583167992066592
1790359085.8373055,2.191099978517741
1790359085.8547184,30.286205001175404
1790359085.8618042,30.12041701003909
1790359085.8650227,15.68813799531199
1790359085.8659382,22.072067979024723
1790359085.8668385,46.917892002966255
1790359085.8669605,10.334324993891641
1790359085.8674116,5.5931459937710315
1790359085.867552,21.105139021528885
1790359085.8676753,9.631721011828631
1790359085.8704953,2.6486690039746463
1790359085.8757706,2.3593789956066757
1790359085.8808522,1.9904680084437132
1790359085.8869967,33.920880989171565
1790359085.887359,30.02932100207545
1790359085.8908534,31.0055120207835
1790359085.8910286,51.441666000755504
1790359085.8919542,29.13018298568204
1790359085.8921351,4.674747993703932
1790359085.8922765,23.35769700584933
1790359085.8999224,2.0154820231255144
1790359085.9103527,33.0612950201612
1790359085.9137497,2.174591994844377
1790359085.9179387,1.8216660246253014
1790359085.9262607,1081.3685200118925
1790359085.9272115,2.094359020702541
1790359085.9283133,39.59291899809614
1790359085.9301715,1072.1841889899224
1790359085.9320273,10.256289009703323
1790359085.9321055,29.530158994020894
1790359085.932271,45.04471502150409
1790359085.932349,20.03923399024643
1790359085.935091,2.1673110022675246
1790359085.9426985,2.3481429961975664
1790359085.9431531,1.6959499916993082
1790359085.9543526,1.7171890067402273
1790359085.9579237,3.113782004220411
1790359085.9648395,3.114602994173765
1790359085.9985504,38.46239598351531
1790359086.0051136,26.224378001643345
1790359086.005234,35.08989399415441
1790359086.0106533,51.96793700451963
1790359086.5658255,28.990824008360505
1790359086.5659583,22.71620897226967
1790359086.5693064,35.64541300875135
1790359086.5695896,34.41948600811884
1790359086.570253,47.824534005485475
1790359086.5703628,32.970389002002776
1790359086.5787807,1.8056539993267506
1790359086.5826907,2.8573120071087033
1790359086.5835238,2.2864569909870625
1790359086.5851405,1.3989029976073653
1790359086.5911682,2.6787070091813803
1790359086.5932004,2.017140999669209
1790359086.6087346,2.004668000154197
1790359086.6193383,29.47599202161655
1790359086.622065,2.556306979386136
1790359086.6259208,8.3311720227357
1790359086.6260977,40.464177989633754
1790359086.626171,27.139662008266896
1790359086.6296124,1.5130480169318616
1790359086.6343358,1.8190240080002695
1790359086.6359625,1.6135250043589622
1790359086.6370134,2.0057010115124285
1790359086.6434395,2.7188519889023155
1790359086.6457918,1.590977015439421
1790359086.6484783,2.2317779948934913
1790359086.6523805,1.8103700131177902
1790359086.660552,1.8344150157645345
1790359086.6713593,3.4612570016179234
1790359086.7041242,2.8329639753792435
1790359086.7085562,2.472531981766224
1790359086.7201223,2.884248999180272
1790359086.7272947,2.2686249867547303
1790359086.727726,22.28304199525155
1790359086.728521,42.04683398711495
1790359086.7286956,4.374141019070521
1790359086.728804,21.295437996741384
1790359086.7322044,1.788340014172718
1790359086.7339334,1.591205014847219
1790359086.738662,1.8107409996446222
1790359086.7427733,1.8440510029904544
1790359086.7497094,2.0981249981559813
1790359086.752321,3.386238997336477
1790359086.7543685,1.5624150109943002
1790359086.76311,2.482418989529833
1790359086.7701416,1.984021015232429
1790359086.7782345,2.897611993830651
1790359086.7791114,2.561219997005537
1790359086.7957065,2.4361800169572234
1790359086.8031466,2.841649984475225
1790359086.8130705,28.14591201604344
1790359086.818757,3.101857000729069
1790359086.8212655,13.926670973887667
1790359086.821845,22.615904978010803
1790359086.8229096,45.45926200808026
1790359086.8247375,5.662126000970602
1790359086.824831,4.350967996288091
1790359086.8248944,3.6172569962218404
1790359086.8293955,3.016032016603276
1790359086.8295848,3.6792950122617185
1790359086.830102,2.2510859998874366
1790359086.8359373,1.746683003148064
1790359086.839389,2.2904379875399172
1790359086.8410358,1.6285610035993159
1790359086.847502,1.8242500082124025
1790359086.8509743,2.7101989835500717
1790359086.8522189,3.3067429903894663
1790359086.8531318,1.9424910133238882
1790359086.855366,1.8556670111138374
1790359086.8622909,2.7890050259884447
1790359086.879616,3.839409997453913
1790359086.881381,1.647741999477148
1790359086.8946683,3.5110629978589714
1790359086.8963635,1.8295699846930802
1790359086.92617,5.507744994247332
1790359086.9277387,3.4354350063949823
1790359086.9326148,23.313885991228744
1790359086.952369,17.774578009266406
1790359086.952515,47.61183899245225
1790359086.9526806,29.448627989040688
1790359086.9534197,15.29462999315001
1790359086.9535234,3.0446689925156534
1790359086.9729753,26.256313984049484
1790359086.9820297,44.546764984261245
1790359086.9846084,22.00687600998208
1790359086.9957619,28.700117982225493
1790359086.9983974,27.394035016186535
1790359086.9984949,42.95546701177955
1790359087.0065203,49.65370602440089
1790359087.0067306,73.08046700200066
1790359087.0154834,49.609833979047835
1790359087.0161643,54.91875400184654
1790359087.0173032,46.39372299425304
1790359087.0177965,45.83323100814596
1790359087.0186462,39.25544300000183
1790359087.0191743,38.176166999619454
1790359087.0196538,22.30495700496249
1790359087.0209503,18.59203600906767
1790359087.0210955,11.73121901229024
1790359087.0232108,1.4610929938498884
1790359087.0304644,42.24836401408538
1790359087.03677,35.83385000820272
1790359087.037298,32.330791000276804
1790359087.038544,2.9695919947698712
1790359087.038621,59.983297978760675
1790359087.038959,12.087884999345988
1790359087.0390234,19.141614000545815
1790359087.0439594,1.6818169970065355
1790359087.046648,1.9161330128554255
1790359087.0549517,2.200338989496231
1790359087.0568216,1.7606799956411123
1790359087.0658576,2.1417630196083337
1790359087.0693352,2.217569010099396
1790359087.0697138,26.48755698464811
1790359087.0742202,1.843083999119699
1790359087.0753345,27.1359620091971
1790359087.0795014,26.12646101624705
1790359087.0798237,39.1705319925677
1790359087.0808856,25.38544699200429
1790359087.0811985,15.185310010565445
1790359087.0812616,10.710278002079576
1790359087.08673,2.2585520055145025
1790359087.0876231,1.7544059955980629
1790359087.097411,3.0639029864687473
1790359087.103475,2.150205022189766
1790359087.1153305,4.6542310155928135
1790359087.1164246,1.771234004991129
1790359087.1201162,1.8580970063339919
1790359087.147646,3.5809770051855594
1790359087.1518815,3.6035989760421216
1790359087.158233,6.310117983957753
1790359087.160524,6.090084003517404
1790359087.1607645,3.6302499938756227
1790359087.168593,1036.7505000031088
1790359087.174959,2.7090210060123354
1790359087.1798086,4.104678984731436
1790359087.184223,9.708825993584469
1790359087.1952806,3.308840998215601
1790359087.1970127,2.4725569819565862
1790359087.2003505,3.165307018207386
1790359087.2134018,2.031412994256243
1790359087.216135,36.510133009869605
1790359087.2215476,2.114909002557397
1790359087.2219408,28.615062998142093
1790359087.2224126,47.189858014462516
1790359087.222955,27.660143008688465
1790359087.2235696,11.348358006216586
1790359087.2236533,20.39501501712948
1790359087.2318635,2.166596008464694
1790359087.246852,1.7499079986009747
1790359087.2521026,1.752852986101061
1790359087.2527246,1.427846000296995
1790359087.2564504,1.6903780051507056
1790359087.2779238,4.450563021237031
1790359087.2791157,1.7288000090047717
1790359087.2852056,5.040835996624082
1790359087.286715,3.9526339969597757
1790359087.287023,2.825495001161471
1790359087.2964063,1.9531900179572403
1790359087.3091297,2.8487740200944245
1790359087.3122575,1.8051900260616094
1790359087.32419,1.8697420018725097
1790359087.3275712,1020.7463899860159
1790359087.3341742,1.940089976415038
1790359087.3443162,23.172655986854807
1790359087.344404,18.01085699116811
1790359087.3510492,12.683528999332339
1790359087.351156,41.4158150088042
1790359087.3560812,1.9141749944537878
1790359087.360171,1.8010700005106628
1790359087.361169,1.860242016846314
1790359087.3617249,1.346575008938089
1790359087.3657753,1.7793999868445098
1790359087.3662853,3.002270997967571
1790359087.37214,1.7532279889564961
1790359087.3832512,5.453271005535498
1790359087.386921,2.6740589819382876
1790359087.4051669,22.616230009589344
1790359087.4269435,32.73738699499518
1790359087.4281425,42.42167001939379
1790359087.4288902,30.112879001535475
1790359087.432639,7.701350987190381
1790359087.4349234,6.234842992853373
1790359087.4350448,3.5672289959620684
1790359087.435325,43.04099699947983
1790359087.436095,2.2475739824585617
1790359087.4406872,60.342612996464595
1790359087.44667,2.2383719915524125
1790359087.4579253,33.78454101039097
1790359087.4580483,61.198053997941315
1790359087.4638367,38.12829399248585
1790359087.465454,72.55431998055428
1790359087.4661462,36.360115016577765
1790359087.46732,35.43319398886524
1790359087.467958,7.412893988657743
1790359087.46807,25.964600004954264
1790359087.4784145,2.1128139924257994
1790359087.4921427,2.503569994587451
1790359087.501359,2.2965559910517186
1790359087.5016448,27.773272013291717
1790359087.503034,40.14410299714655
1790359087.5035987,24.395546002779156
1790359087.50396,2.2926770034246147
1790359087.5043592,12.716839992208406
1790359087.5044487,4.534946987405419
1790359087.5130806,1.757099002134055
1790359087.5187607,2.09608199656941
1790359087.5196881,1.714951009489596
1790359087.5231264,2.8649320011027157
1790359087.5254602,2.9595529776997864
1790359087.5255692,2.1827339951414615
1790359087.5262709,2.2551220026798546
1790359087.5451407,2.5648209848441184
1790359087.548194,1.7770100093912333
1790359087.5531142,1.7370319983456284
1790359087.556823,1.7140200070571154
1790359087.55748,1.4552969951182604
1790359087.5627282,1.7635810072533786
1790359087.569208,2.019483014009893
1790359087.5723581,2.6130430051125586
1790359087.5731533,1.7419949872419238
1790359087.5758662,1.6311970248352736
1790359087.5933812,2.277557010529563
1790359087.6015496,1.7968789907172322
1790359087.6054804,2.470136998454109
1790359087.6114354,2.1302230015862733
1790359087.611513,3.1321390124503523
1790359087.611753,1.9649980240501463
1790359087.6234314,2.026254980592057
1790359087.6241639,1.7887389985844493
1790359087.629628,1.725156995235011
1790359087.6329348,1.7373439914081246
1790359087.6376917,2.836248982930556
1790359087.6387427,1.5917770215310156
1790359087.6533992,2.6469570002518594
1790359087.660699,1.8655130115803331
1790359087.6645463,1.950316014699638
1790359087.6705768,2.3177539987955242
1790359087.6739354,1.8026609905064106
1790359087.6861408,25.427656015381217
1790359087.6981754,31.211897992761806
1790359087.7022927,24.51140299672261
1790359087.7024333,33.29887500149198
1790359087.7025313,45.12951400829479
1790359087.726634,22.718319989508018
1790359087.7452934,23.44371599610895
1790359087.7520528,23.541275993920863
1790359087.7524364,51.61115899682045
1790359087.7537203,17.88104700972326
1790359087.7562218,14.716643985593691
1790359087.7567055,8.822848001727834
1790359087.765325,3.50637300289236
1790359087.7697902,2.7391659968998283
1790359087.7762234,53.44294902170077
1790359087.7763891,4.1254410170949996
1790359087.7802117,50.27744499966502
1790359087.7864695,89.00497399736196
1790359087.7865725,2.582713990705088
1790359087.7932847,3.3702710061334074
1790359087.7946947,2.958958997623995
1790359087.803403,85.44024298316799
1790359087.8040137,66.38029500027187
1790359087.8046434,58.64511299296282
1790359087.8057473,52.81439199461602
1790359087.8061836,43.196741986321285
1790359087.8077831,37.97720299917273
1790359087.8079126,33.93298402079381
1790359087.809146,2.788459009025246
1790359087.8494854,33.900759008247405
1790359087.907722,93.71455997461453
1790359087.9081476,80.89396602008492
1790359087.9086702,83.36174199939705
1790359087.9088976,79.29812700604089
1790359087.9104676,88.53839698713273
1790359087.9106328,64.35071799205616
1790359087.911042,37.91867601103149
1790359087.911157,43.31743801594712
1790359087.9119768,35.79584197723307
1790359087.912624,16.17513198289089
1790359087.9181194,2.63788498705253
1790359087.9216292,96.8577669991646
1790359087.9443827,131.06959502329119
1790359087.9493732,125.58739201631397
1790359087.9524682,126.86797900823876
1790359087.953217,134.87430301029235
1790359087.955427,126.3535089965444
1790359087.9559004,88.97256199270487
1790359087.9561396,121.29802198614925
1790359087.9571555,88.01276600570418
1790359087.9582295,85.00362897757441
1790359087.9584434,35.10577799170278
1790359087.9585783,8.260313014034182
1790359087.962937,2.8885509818792343
1790359087.9664834,39.58345399587415
1790359087.9828715,38.25488899019547
1790359087.9830003,30.512141005601734
1790359087.9833632,62.52150601358153
1790359087.9838822,10.06945301196538
1790359087.98673,2.8156500193290412
1790359087.9947286,4.594900005031377
1790359087.9963703,2.5392920069862157
1790359088.0068514,3.3549249928910285
1790359088.0106332,3.13693200587295
1790359088.0182948,26.50597901083529
1790359088.0204375,2.9665270121768117
1790359088.0337284,27.692336996551603
1790359088.0462568,48.488881991943344
1790359088.0474646,55.0059330125805
1790359088.0476027,38.180178991751745
1790359088.0478413,18.19465699372813
1790359088.058909,26.339136995375156
1790359088.0639782,28.138866007793695
1790359088.0708015,30.557217018213123
1790359088.082493,28.382938005961478
1790359088.0841641,27.581127011217177
1790359088.0847285,54.00706801447086
1790359088.0859175,9.666819008998573
1790359088.0877836,7.606786995893344
1790359088.088016,39.490413008024916
1790359088.0924752,36.98738900129683
1790359088.0927377,6.32048599072732
1790359088.0931983,4.014391015516594
1790359088.098613,62.076558999251574
1790359088.0987928,24.642211996251717
1790359088.1001549,18.594774010125548
1790359088.100766,12.379995023366064
1790359088.101515,24.581403005868196
1790359088.1016505,4.976996977347881
1790359088.103814,2.0312379929237068
1790359088.10559,1.7620869912207127
1790359088.110246,1.8204999796580523
1790359088.1163285,2.159775991458446
1790359088.121726,2.0949089957866818
1790359088.1254785,1.8385400180704892
1790359088.1302814,2.0746880036313087
1790359088.135259,2.9886150150559843
1790359088.1356401,3.8950729940552264
1790359088.136895,2.344053005799651
1790359088.147478,3.550369990989566
1790359088.1475692,2.6007980050053447
1790359088.1637743,3.4537290048319846
1790359088.176026,1.899992988910526
1790359088.1904929,30.338846001541242
1790359088.1949573,5.660065013216808
1790359088.195153,3.703803988173604
1790359088.1980941,2.223530987976119
1790359088.2023673,30.84620600566268
1790359088.2029707,47.08756800391711
1790359088.203445,15.108978986972943
1790359088.2038434,3.6972870002500713
1790359088.2047703,9.793941979296505
1790359088.2049325,14.42516001407057
1790359088.2056162,8.681938023073599
1790359088.2149012,2.8565060056280345
1790359088.2231188,3.6220500187482685
1790359088.2348268,3.1551930005662143
1790359088.2349458,21.894381992751732
1790359088.2468047,2.7847389865200967
1790359088.2562058,34.638926008483395
1790359088.2617817,2.527814998757094
1790359088.2651062,20.09950199862942
1790359088.265264,22.288487991318107
1790359088.2653594,56.27764901146293
1790359088.2714767,2.806089003570378
1790359088.2719972,1.6818360018078238
1790359088.2739894,1.6765860200393945
1790359088.2742918,1.3939249911345541
1790359088.2792633,2.6249740039929748
1790359088.2793257,2.00025801314041
1790359088.2850182,1.8166629888582975
1790359088.2903159,2.491193008609116
1790359088.2903764,2.010264986893162
1790359088.2937372,1.7126099846791476
1790359088.299783,3.128669981379062
1790359088.3000755,2.689717017346993
1790359088.3001344,1.619557006051764
1790359088.312012,2.0310899999458343
1790359088.314369,2.2260890109464526
1790359088.3191507,1.7756250163074583
1790359088.328596,1.6336659900844097
1790359088.3341234,1.7136579845100641
1790359088.3392115,23.075418983353302
1790359088.340293,1.800519006792456
1790359088.3445652,1.9111809961032122
1790359088.3552039,28.913345013279468
1790359088.355662,24.51378499972634
1790359088.3566403,41.21183598181233
1790359088.357911,16.52376100537367
1790359088.3580391,22.51280299969949
1790359088.3584838,6.773461005650461
1790359088.3857362,2.798539004288614
1790359088.39353,2.116780000505969
1790359088.4031913,3.023918019607663
1790359088.4150922,1.7795339808799326
1790359088.4152505,41.71443299856037
1790359088.4165964,26.94305300246924
1790359088.417033,15.824344009160995
1790359088.417747,25.58343400596641
1790359088.41801,47.03714099014178
1790359088.418998,1.954580016899854
1790359088.4252977,2.3425089893862605
1790359088.427014,2.5245169817935675
1790359088.4271283,1.6195170173887163
1790359088.4283967,2.2520869970321655
1790359088.4314091,1.6468559915665537
1790359088.4375885,2.1023480221629143
1790359088.4616828,2.6742169866338372
1790359088.476074,3.576138988137245
1790359088.47617,2.2617719951085746
1790359088.480914,27.532962994882837
1790359088.4931514,31.4470769953914
1790359088.4936619,41.15534498123452
1790359088.494322,21.15561900427565
1790359088.4947314,14.492715010419488
1790359088.4964724,1.730690011754632
1790359088.5004146,2.526988013414666
1790359088.5033288,1.5464219904970378
1790359088.5066345,2.3578980180900544
1790359088.5217912,2.8962520009372383
1790359088.5353014,1.8359129899181426
1790359088.5357285,1.50686499546282
1790359088.543099,2.557922009145841
1790359088.544089,2.2158299980219454
1790359088.5471237,1.5415860107168555
1790359088.5525675,1.679906010394916
1790359088.5581672,1.8135930004063994
1790359088.5715055,2.560252003604546
1790359088.5949295,37.51828600070439
1790359088.5950143,31.354203005321324
1790359088.5964582,3.6129869986325502
1790359088.596661,16.100482986075804
1790359088.5996292,13.213313999585807
1790359088.6049278,2.4329799925908446
1790359088.6161792,2.792009006952867
1790359088.6211472,2.4338939983863384
1790359088.6285918,33.1940189935267
1790359088.6297667,14.574566012015566
1790359088.6304812,42.83842199947685
1790359088.6305788,24.93825400597416
1790359088.6306837,5.586928018601611
1790359088.6394706,2.5749469932634383
1790359088.6438525,2.1595340222120285
1790359088.6501105,1.596766000147909
1790359088.6545777,1.6619130037724972
1790359088.6722612,2.2634550114162266
1790359088.6842675,36.45656199660152
1790359088.6853483,34.56105900113471
1790359088.6868255,42.67529500066303
1790359088.6869717,17.831529985414818
1790359088.6870522,9.755046979989856
1790359088.6933227,2.7251770079601556
1790359088.7009025,2.4419960100203753
1790359088.716036,3.991265024524182
1790359088.719725,30.024064995814115
1790359088.727502,31.843510980252177
1790359088.7286685,7.786948001012206
1790359088.7298234,21.538478991715237
1790359088.7306273,7.306768995476887
1790359088.7315414,6.848313001682982
1790359088.7325997,2.7596780273597687
1790359088.7343693,58.072799001820385
1790359088.737597,23.017172992695123
1790359088.738251,15.967936022207141
1790359088.7400534,15.655115013942122
1790359088.7411494,13.625997002236545
1790359088.7429717,6.505488010589033
1790359088.7440886,4.01581299956888
1790359088.7649426,2.6518199883867055
1790359088.7751372,37.52023901324719
1790359088.7760859,3.5758449812419713
1790359088.7803738,3.1635220220778137
1790359088.7904632,48.464257997693494
1790359088.7935123,22.17083898722194
1790359088.7948186,60.21645700093359
1790359088.7953563,19.50936802313663
1790359088.795682,13.108315004501492
1790359088.7975488,4.537208005785942
1790359088.8037868,3.303772013168782
1790359088.8137317,3.046898986212909
1790359088.8179204,3.522922983393073
1790359088.823581,3.485941997496411
1790359088.837948,21.71476001967676
1790359088.8699565,1079.2156200041063
1790359088.8706205,1075.7530409900937
1790359088.8788297,26.058944000396878
1790359088.8808675,16.344461997505277
1790359088.8942451,1107.367537013488
1790359088.8954084,28.237578982952982
1790359088.8998883,52.40911300643347
1790359088.9017987,27.706474997103214
1790359088.912198,33.34803201141767
1790359088.9126441,31.49886499159038
1790359088.914126,76.05065600364469
1790359088.9160388,103.39670200482942
1790359088.9200554,34.42865100805648
1790359088.9228876,65.34868001472205
1790359088.940508,74.35485400492325
1790359088.9416358,69.18928597588092
1790359088.9578195,80.58204600820318
1790359088.967531,83.44894502079114
1790359088.9677565,118.17078202147968
1790359088.9719987,43.416717991931364
1790359088.9729967,37.2656499966979
1790359088.9730875,76.84515800792724
1790359088.9745755,82.19510901835747
1790359088.9748478,28.656999027589336
1790359088.975381,50.856770016252995
1790359088.9759026,66.81232099072076
1790359088.9764934,70.46193099813536
1790359088.9772708,1071.242028992856
1790359088.9780333,1085.6927799759433
1790359088.9804993,12.372276978567243
1790359088.9806104,92.2827739850618
1790359088.9811509,62.67803598893806
1790359088.9816592,26.04319399688393
1790359088.9817858,41.25835499144159
1790359088.9822104,51.144057972123846
1790359088.9828773,55.384952982421964
1790359088.983047,9.821599000133574
1790359088.9834046,11.351491993991658
1790359088.9841685,6.122140010120347
1790359088.9982028,1059.721861005528
1790359089.0151138,3.5412120050750673
1790359089.021462,5.512904986971989
1790359089.0268164,5.3315910045057535
1790359089.0288815,4.9519180029165
1790359089.0539312,34.470920014427975
1790359089.0541403,31.94514400092885
1790359089.0669785,36.9311620015651
1790359089.0702543,35.513292998075485
1790359089.070389,44.44778600009158
1790359089.0780585,36.32330900290981
1790359089.086418,48.267225007293746
1790359089.0877073,51.78298000828363
1790359089.087956,56.55197601299733
1790359089.0883834,32.15992799960077
1790359089.1155214,37.432245997479185
1790359089.1170824,89.56100200884975
1790359089.1174307,42.352661985205486
1790359089.1198144,37.56898097344674
1790359089.1285453,67.31648201821372
1790359089.1330967,41.24083500937559
1790359089.1387162,55.812308011809364
1790359089.1412156,37.84817201085389
1790359089.160677,37.09917000378482
1790359089.1614637,31.71674901386723
1790359089.1616223,14.768033986911178
1790359089.1617553,41.40715498942882
1790359089.1856809,109.37585998908617
1790359089.1861715,86.80487700621597
1790359089.1864893,169.41750998375937
1790359089.189078,109.44892800762318
1790359089.1946957,80.68640000419691
1790359089.1989372,36.21315598138608
1790359089.199466,27.28925400879234
1790359089.2017314,26.737211010186
1790359089.201895,22.69819800858386
1790359089.202373,80.50498898955993
1790359089.2025795,157.6523199910298
1790359089.2037191,76.90669401199557
1790359089.2039437,72.94401599210687
1790359089.2040613,37.77673898730427
1790359089.2058167,22.13474700693041
1790359089.2063706,19.68261701404117
1790359089.2068238,15.797908010426909
1790359089.2118912,26.8813059956301
1790359089.2128723,3.8306530041154474
1790359089.2141442,116.02722501265816
1790359089.214752,21.786708995932713
1790359089.21487,24.9844650097657
1790359089.2294238,3.012831002706662
1790359089.241086,2.032860997132957
1790359089.2459106,37.68378999666311
1790359089.2622983,49.41146899363957
1790359089.2640595,33.66597299464047
1790359089.2643313,13.008142006583512
1790359089.2644813,3.874538990203291
1790359089.2645793,69.01644699973986
1790359089.2783682,2.774373017018661
1790359089.2837012,2.6484229892957956
1790359089.3000789,41.30729200551286
1790359089.300469,26.027484011137858
1790359089.3055153,28.540936997160316
1790359089.3068125,56.312250992050394
1790359089.3069196,8.02951300283894
1790359089.3224757,2.5493760185781866
1790359089.3398516,2.27705598808825
1790359089.3438005,2.9992399795446545
1790359089.3486216,2.8708140016533434
1790359089.3520842,2.649118017870933
1790359089.3550055,2.897559985285625
1790359089.3620944,3.092216997174546
1790359089.3687198,4.697397991549224
1790359089.3688216,4.972013994120061
1790359089.3704727,2.4545170017518103
1790359089.376295,2.764260018011555
1790359089.3763835,4.038206010591239
1790359089.38356,2.025983005296439
1790359089.3938136,1.9544149981811643
1790359089.3968952,2.6225100154988468
1790359089.4005067,2.0376940083224326
1790359089.407009,2.801491995342076
1790359089.4071107,3.684144001454115
1790359089.4122713,2.668545988854021
1790359089.4138281,2.8012209804728627
1790359089.4169278,3.084544005105272
1790359089.4193943,3.7264880083967
1790359089.4194663,2.5216159992851317
1790359089.4216752,1.5857190010137856
1790359089.4309444,2.660180995007977
1790359089.4328923,1.9323359883856028
1790359089.436223,2.5458449963480234
1790359089.4369776,2.453495981171727
1790359089.4420626,4.602094006258994
1790359089.4425666,3.9563479949720204
1790359089.4439583,3.7778179976157844
1790359089.4440699,3.169192001223564
1790359089.4493754,2.7360100066289306
1790359089.4508476,2.929073991253972
1790359089.457467,3.026635997230187
1790359089.468126,3.066116012632847
1790359089.4739888,3.7157239858061075
1790359089.4755595,2.996588998939842
1790359089.489393,3.644386975793168
1790359089.491387,3.6682850040961057
1790359089.5086653,24.326366023160517
1790359089.51707,4.033280012663454
1790359089.535761,49.195958010386676
1790359089.5538867,59.25354498322122
1790359089.5545387,40.58837500633672
1790359089.5554829,36.74926399253309
1790359089.5562265,17.02991299680434
1790359089.556346,25.81357499002479
1790359089.5572207,79.53443200676702
1790359089.5584843,13.62746802624315
1790359089.5596473,10.612892016069964
1790359089.5620205,4.499595001107082
1790359089.5631142,2.9918540094513446
1790359089.5702329,3.113170008873567
1790359089.5750115,3.1991110008675605
1790359089.5823088,34.700592019362375
1790359089.5842724,3.3075330138672143
1790359089.586996,3.489894006634131
1790359089.59521,44.9331300042104
1790359089.595333,77.33973697759211
1790359089.5960298,37.896624009590596
1790359089.596466,31.097981001948938
1790359089.5983765,22.392076993128285
1790359089.5991542,28.89755502110347
1790359089.599274,17.140412994194776
1790359089.599902,2.250777994049713
1790359089.6072998,2.3827959957998246
1790359089.6078815,1.96766501176171
1790359089.611566,2.3310440010391176
1790359089.6125479,2.211907005403191
1790359089.6216378,7.404039002722129
1790359089.622879,6.2442019989248365
1790359089.623295,7.989181001903489
1790359089.6259575,7.7018929878249764
1790359089.6264856,5.816307006170973
1790359089.6267135,5.055388988694176
1790359089.627917,5.018424999434501
1790359089.6342237,3.3825699938461185
1790359089.6418643,2.864838024834171
1790359089.6499898,2.469152008416131
1790359089.676018,22.09434300311841
1790359089.6860285,32.928498985711485
1790359089.6866019,29.771022003842518
1790359089.6870315,31.962466979166493
1790359089.6904173,34.30243700859137
1790359089.6971345,13.399549992755055
1790359089.7049353,24.073968001175672
1790359089.7062366,36.17000300437212
1790359089.706825,32.3980120010674
1790359089.734663,44.22185500152409
1790359089.739073,54.10021901479922
1790359089.740485,46.86691300594248
1790359089.747089,55.47783899237402
1790359089.7472336,48.52578300051391
1790359089.7523758,59.72910497803241
1790359089.773952,68.7667180027347
1790359089.7800121,128.27053599175997
1790359089.7931306,142.32360702590086
1790359089.7933986,96.22657098225318
1790359089.7936265,91.56179698766209
1790359089.794702,107.98111397889443
1790359089.7961783,86.37055297731422
1790359089.7968793,68.61240800935775
1790359089.7973795,81.6499029751867
1790359089.7976263,58.53228099294938
1790359089.798245,55.8944680087734
1790359089.8013077,64.78581699775532
1790359089.8017156,89.2532290017698
1790359089.8022535,61.747756000841036
1790359089.8029017,53.111351997358724
1790359089.803102,50.69850999279879
1790359089.8032036,52.183046005666256
1790359089.8041852,45.41526499087922
1790359089.806272,18.690046010306105
1790359089.8064263,27.739298006054014
1790359089.8065364,7.3084059986285865
1790359089.8227096,2.7115480042994022
1790359089.8466656,48.403767024865374
1790359089.8475013,33.71696101385169
1790359089.8479006,67.32403702335432
1790359089.8488898,11.665212019579485
1790359089.8638384,3.407424985198304
1790359089.876676,3.311234002467245
1790359089.9030654,2.8585489781107754
1790359089.9084024,24.824289022944868
1790359089.9087853,40.459982003085315
1790359089.909457,55.54948098142631
1790359089.909952,6.869523000204936
1790359089.910091,62.16908898204565
1790359089.911106,4.8033230123110116
1790359089.9113572,5.847252003150061
1790359089.917364,5.683224007952958
1790359089.918344,6.970443006139249
1790359089.9213157,3.930136008420959
1790359089.9218707,6.758725998224691
1790359089.9227765,2.841363020706922
1790359089.9259882,2.5178339856211096
1790359089.9448183,2.090321999276057
1790359089.9555807,1.962250011274591
1790359089.9567516,1003.7118469772395
1790359089.9608693,3.8322919863276184
1790359089.9620717,3.923663025489077
1790359089.9776578,18.541755998739973
1790359089.9877727,1098.2666870113462
1790359090.0043848,1056.5089260053355
1790359090.01509,1135.3501970006619
1790359090.0222619,39.77403498720378
1790359090.0267317,60.602274985285476
1790359090.0282373,36.158737988444045
1790359090.028912,32.606336986646056
1790359090.0297756,66.8638369825203
1790359090.0351715,22.82293399912305
1790359090.0382714,78.00218800548464
1790359090.039174,46.13318300107494
1790359090.0432847,49.23223500372842
1790359090.0524037,57.326437992742285
1790359090.0531175,1096.6047620167956
1790359090.0700939,50.0969409768004
1790359090.0702002,59.14637501700781
1790359090.0755975,38.59211297822185
1790359090.0912895,1133.4502620156854
1790359090.0915766,48.518476978642866
1790359090.0928814,1133.5772859747522
1790359090.0931263,105.15345798921771
1790359090.0961068,20.330567989731207
1790359090.0963914,1131.02238799911
1790359090.0965188,30.619892000686377
1790359090.098053,47.90438199415803
1790359090.0988023,75.11430399608798
1790359090.0998037,25.093706004554406
1790359090.099925,5.803285981528461
1790359090.1065059,3.1091909913811833
1790359090.1112707,2.963491977425292
1790359090.1196682,2.3052059987094253
1790359090.1241832,2.0898229849990457
1790359090.1305418,2.191409992519766
1790359090.1465561,2.2907420061528683
1790359090.147026,1.9007239898201078
1790359090.14975,2.7112299867440015
1790359090.1512423,2.8324129816610366
1790359090.156974,2.309564995812252
1790359090.1665494,2.846331015462056
1790359090.1729934,2.9966259899083525
1790359090.1763153,2.4037710099946707
1790359090.1829078,20.727300987346098
1790359090.1941628,25.72312401025556
1790359090.2117271,38.713335001375526
1790359090.2151856,1039.2011509975418
1790359090.2182207,27.65777299646288
1790359090.2288299,26.534867996815592
1790359090.2302673,21.49951900355518
1790359090.230573,72.35113802016713
1790359090.2308652,14.26824799273163
1790359090.2310188,17.45098698302172
1790359090.2339811,5.1326210086699575
1790359090.2383144,4.050395014928654
1790359090.2392886,2.5980320060625672
1790359090.240568,1092.2543260094244
1790359090.2486575,3.5029409918934107
1790359090.2759593,4.211602994473651
1790359090.278825,3.8611950003542006
1790359090.2871675,4.474429995752871
1790359090.293316,4.629963979823515
1790359090.2935095,1119.9996210052632
1790359090.295005,3.509753994876519
1790359090.3039615,2.4075409746728837
1790359090.3080478,109.03078698902391
1790359090.3087327,114.35592800262384
1790359090.3146412,110.68647998035885
1790359090.3147478,1122.3313919908833
1790359090.3151052,3.1902520277071744
1790359090.315285,103.20705900085159
1790359090.3165379,101.33381298510358
1790359090.31709,83.98938699974678
1790359090.3184848,97.64044400071725
1790359090.3202922,46.869317011442035
1790359090.3206894,20.15215699793771
1790359090.3208487,3.8688289932906628
1790359090.321159,2.386184991337359
1790359090.3261728,4.142897989368066
1790359090.3274364,6.1251180013641715
1790359090.3277287,5.24939299793914
1790359090.331099,5.562734993873164
1790359090.332138,6.856110005173832
1790359090.3347423,4.349077004007995
1790359090.3441613,15.174285013927147
1790359090.3475044,3.100773988990113
1790359090.3578417,5.73223500396125
1790359090.3606653,27.551353006856516
1790359090.3634338,9.216072998242453
1790359090.364009,15.294837998226285
1790359090.3670223,7.3446870082989335
1790359090.3671625,10.195290989940986
1790359090.368888,4.384252999443561
1790359090.3828452,2.6175999955739826
1790359090.390378,37.331032974179834
1790359090.3925538,3.4418890136294067
1790359090.393592,62.251439987448975
1790359090.3942518,35.45593700255267
1790359090.3969126,35.84172099363059
1790359090.397081,41.82761098491028
1790359090.3971987,18.516534008085728
1790359090.4001713,5.899455019971356
1790359090.4009795,13.294967997353524
1790359090.4085472,6.171515007736161
1790359090.409358,9.165148017928004
1790359090.4101133,10.890655015828088
1790359090.4117,10.161955986404791
1790359090.4126215,8.484969002893195
1790359090.4131792,6.604756985325366
1790359090.4180288,3.585902013583109
1790359090.4217715,24.008053995203227
1790359090.4223962,16.89270799397491
1790359090.4240131,4.891861986834556
1790359090.4340937,3.0725880060344934
1790359090.4453104,3.6109850043430924
1790359090.4614806,3.9411649922840297
1790359090.4633963,51.870039984351024
1790359090.4691615,53.692853020038456
1790359090.4739635,34.163434989750385
1790359090.4742413,46.699961996637285
1790359090.4743288,10.101482010213658
1790359090.474605,73.40798299992457
1790359090.4748216,9.036073985043913
1790359090.4749274,23.92311001312919
1790359090.475066,12.880889000371099
1790359090.4770424,11.860400991281494
1790359090.4771745,7.995349005796015
1790359090.48547,2.0477520010899752
1790359090.4958625,4.955908982083201
1790359090.5140724,34.345186984864995
1790359090.5182948,18.05596801568754
1790359090.5192573,29.760612989775836
1790359090.5301597,17.783802992198616
1790359090.5356276,13.874675991246477
1790359090.552034,58.704012975795195
1790359090.552137,80.38817899068817
1790359090.5522249,26.63725899765268
1790359090.5522997,21.03913002065383
1790359090.5526125,7.680814014747739
1790359090.5533159,4.67027400736697
1790359090.5547395,60.40492802276276
1790359090.5552204,52.84869798924774
1790359090.569341,2.1951970120426267
1790359090.5719805,56.612217013025656
1790359090.5793774,55.120271019404754
1790359090.5798883,78.4724059922155
1790359090.5824127,36.77268497995101
1790359090.5825865,55.53400400094688
1790359090.5826619,40.175863017793745
1790359090.582744,19.246140000177547
1790359090.5882826,2.0390370045788586
1790359090.5964785,2.2668100136797875
1790359090.5979743,2.6449360011611134
1790359090.6061978,2.5304759910795838
1790359090.6148856,2.788958983728662
1790359090.6175132,2.4151969992090017
1790359090.6269417,2.324998000403866
1790359090.6429062,3.013024979736656
1790359090.646441,2.665289008291438
1790359090.663848,30.906496016541496
1790359090.6748464,33.19019899936393
1790359090.6760447,3.4538419859018177
1790359090.6848202,56.612198997754604
1790359090.685378,36.93550202297047
1790359090.6856883,8.81623401073739
1790359090.6899986,7.04208598472178
1790359090.69093,4.345341993030161
1790359090.6929564,2.9387590184342116
1790359090.696526,15.041907987324521
1790359090.6997366,3.1887569930404425
1790359090.704275,2.297782979439944
1790359090.7140956,26.14765998441726
1790359090.7189934,2.794480009470135
1790359090.719119,33.41701001045294
1790359090.725674,2.8524789959192276
1790359090.725785,33.75433597830124
1790359090.731079,33.71257401886396
1790359090.733162,55.66748999990523
1790359090.733409,19.292549026431516
1790359090.7335207,12.793688016245142
1790359090.734543,5.337670998414978
1790359090.7352924,4.196809983113781
1790359090.737066,2.639083017129451
1790359090.7455628,2.498558984370902
1790359090.7463772,1.863378012785688
1790359090.7572234,1002.8806400077883
1790359090.7578728,1.8688229902181774
1790359090.7605166,1.8960199959110469
1790359090.7641127,2.7446059975773096
1790359090.7652795,2.3020989901851863
1790359090.7768607,2.4824100255500525
1790359090.7769756,1.9772750092670321
1790359090.7815669,2.1130479872226715
1790359090.7816324,2.7670539857354015
1790359090.7966146,2.526619005948305
1790359090.7972164,1.7573899822309613
1790359090.8009238,2.0103199931327254
1790359090.8094192,2.2222390107344836
1790359090.8297563,5.676048021996394
1790359090.8351254,1.8254260066896677
1790359090.8394096,1050.6986830150709
1790359090.8395617,1049.378419003915
1790359090.839708,1056.0601509932894
1790359090.839971,1072.7379790041596
1790359090.8403575,4.357278987299651
1790359090.8460655,1.6650189936626703
1790359090.8559637,2.808304998325184
1790359090.8604143,2.6894239999819547
1790359090.8612416,2.1689900022465736
1790359090.8654108,2.1380730031523854
1790359090.8713977,1.7615229880902916
1790359090.8729103,1.377057982608676
1790359090.875987,2.0163650042377412
1790359090.878161,1.4895349740982056
1790359090.8897512,1.645835000090301
1790359090.9072437,1.8466619949322194
1790359090.9109244,1.6338250134140253
1790359090.9291358,3.5773520066868514
1790359090.937283,5.791886011138558
1790359090.9414558,3.437715000472963
1790359090.9447787,1.75643598777242
1790359090.953155,2.750144019955769
1790359090.9546626,1.4970810152590275
1790359090.960873,31.15063300356269
1790359090.9672956,2.1075609838590026
1790359090.971784,32.69031600211747
1790359090.9718902,38.97957899607718
1790359090.9729867,51.25074600800872
1790359090.9750664,22.535247990163043
1790359090.97573,28.39574299287051
1790359090.9765148,3.702082991367206
1790359090.9765983,9.050968015799299
1790359090.9766674,21.294489997671917
1790359090.9829135,1.635788008570671
1790359090.9899952,3.2449679856654257
1790359090.9922993,4.053729004226625
1790359090.9969847,3.7543709913734347
1790359090.9982262,3.0422729905694723
1790359091.0042944,3.137155988952145
1790359091.014417,3.611432999605313
1790359091.016105,3.810861991951242
1790359091.0183954,3.664484014734626
1790359091.0226045,2.642559993546456
1790359091.0236728,2.516964974347502
1790359091.0331771,2.557972999056801
1790359091.0340145,2.525482006603852
1790359091.0442474,3.2360990007873625
1790359091.0455337,3.545740997651592
1790359091.048974,3.1406779889948666
1790359091.049495,5.226718989433721
1790359091.0496225,2.5353280070703477
1790359091.0533717,3.4280000254511833
1790359091.0570402,3.2973900088109076
1790359091.0731874,6.014054990373552
1790359091.0813415,3.3012689964380115
1790359091.0863032,15.94805100467056
1790359091.0996664,4.0474470006302
1790359091.1011984,2.451752021443099
1790359091.113762,34.39356299350038
1790359091.129971,2.754979010205716
1790359091.130769,58.718287997180596
1790359091.1312027,34.10255801281892
1790359091.131322,5.234873999143019
1790359091.141536,2.194397005951032
1790359091.1505072,2.8704869910143316
1790359091.1576207,2.7457749820314348
1790359091.1818953,35.75207100948319
1790359091.1949742,46.383751003304496
1790359091.2017064,29.281999013619497
1790359091.2052238,48.825094010680914
1790359091.2179024,41.05554200941697
1790359091.218025,55.23310098215006
1790359091.218179,37.67117002280429
1790359091.2188485,27.766615006839857
1790359091.2199202,22.901860997080803
1790359091.2206078,47.21768997842446
1790359091.2262802,2.3070769966579974
1790359091.2323594,86.33184002246708
1790359091.2369611,1.917586982017383
1790359091.2417881,63.18406999344006
1790359091.242597,1.9833339902106673
1790359091.2429817,66.31086498964578
1790359091.2433686,59.321547974832356
1790359091.243714,50.48548697959632
1790359091.2454045,39.43387299659662
1790359091.245474,11.102708987891674
1790359091.2457936,6.8318060075398535
1790359091.2464044,1.5842719876673073
1790359091.2709303,3.79690297995694
1790359091.2714517,2.7928900090046227
1790359091.297351,2.4279310018755496
1790359091.299079,33.46821799641475
1790359091.3047733,1.7617300036363304
1790359091.30869,40.91743100434542
1790359091.3090801,48.970973992254585
1790359091.3093805,22.066711011575535
1790359091.3100777,2.8102270152885467
1790359091.3101661,9.25922702299431
1790359091.3139377,2.168485982110724
1790359091.314619,1.7770339909475297
1790359091.3176033,1073.727069015149
1790359091.317678,1026.4883119962178
1790359091.321955,1.3985749974381179
1790359091.3275943,1050.2814929932356
1790359091.328224,1022.2814239969011
1790359091.328802,1043.212960998062
1790359091.3293493,1079.2588850017637
1790359091.3294165,1094.2220790020656
1790359091.3635805,3.967841010307893
1790359091.3639727,2.59893701877445
1790359091.3731842,42.92648899718188
1790359091.373958,13.446961005683988
1790359091.3743508,11.651183012872934
1790359091.3769834,6.263842980843037
1790359091.377991,3.3446090237703174
1790359091.378575,3.0324370018206537
1790359091.3786676,5.27680100640282
1790359091.3796434,1.6406289942096919
1790359091.3866553,1.8115379789378494
1790359091.3871405,1.608569989912212
1790359091.4048629,1.974015001906082
1790359091.4137964,1.6762220184318721
1790359091.421957,2.494150015991181
1790359091.4221675,3.2539899984840304
1790359091.4408965,3.428506985073909
1790359091.4478948,3.030374995432794
1790359091.447958,2.5654459896031767
1790359091.4524336,1.6456799930892885
1790359091.4648514,3.365429991390556
1790359091.4697216,1.4629040088038892
1790359091.478083,2.8031159890815616
1790359091.4817927,2.6938839873764664
1790359091.4932802,2.290616976097226
1790359091.4965408,30.099308001808822
1790359091.5016587,28.285920998314396
1790359091.5094922,47.481690999120474
1790359091.511901,35.028107988182455
1790359091.5125816,9.670191997429356
1790359091.5131211,8.013176993699744
1790359091.513765,33.73705499689095
1790359091.5142808,5.936704983469099
1790359091.514517,8.146663021761924
1790359091.5153646,4.522606002865359
1790359091.515968,2.8340510034468025
1790359091.5241237,2.9511800094041973
1790359091.54705,2.672444999916479
1790359091.555713,31.432463991222903
1790359091.5707285,11.822708009276539
1790359091.5711808,49.052948015742004
1790359091.5713115,3.911442996468395
1790359091.571407,7.931817992357537
1790359091.5783155,3.114510007435456
1790359091.5799036,2.840183995431289
1790359091.5837088,22.470119991339743
1790359091.594107,2.026505011599511
1790359091.6068661,41.20519300340675
1790359091.6074007,39.36774400062859
1790359091.6088738,32.462217001011595
1790359091.6089828,49.25930901663378
1790359091.609131,27.830898005049676
1790359091.6112735,1.6145389818120748
1790359091.6257,3.113131009740755
1790359091.6365755,3.059540002141148
1790359091.6496587,34.00262299692258
1790359091.657488,32.39256699453108
1790359091.6580186,43.50077800336294
1790359091.6583931,24.008700012927875
1790359091.65847,6.058926985133439
1790359091.6724958,3.306107973912731
1790359091.6735816,2.029441006015986
1790359091.6808527,29.13545901537873
1790359091.6937356,23.15932299825363
1790359091.6939046,33.168485009809956
1790359091.6946347,43.95882098469883
1790359091.6963494,2.595798985566944
1790359091.6995654,2.8834470140282065
1790359091.7005868,2.4666239914949983
1790359091.701101,2.020871004788205
1790359091.7027304,1.4957280072849244
1790359091.7167664,2.147710998542607
1790359091.7283525,2.182935015298426
1790359091.7482467,37.171956995734945
1790359091.7488325,28.742875991156325
1790359091.7513635,46.87532200478017
1790359091.7522073,17.396392999216914
1790359091.7530837,12.657968007260934
1790359091.7532248,15.653534006560221
1790359091.7533004,7.808996015228331
1790359091.7546616,2.4418200191576034
1790359091.7782774,36.75286899670027
1790359091.7793925,2.2046789817977697
1790359091.7812696,30.47938400413841
1790359091.7824032,45.69904101663269
1790359091.7824972,14.513987000100315
1790359091.7918649,1.650099002290517
1790359091.7941954,1.5703190001659095
1790359091.8022683,3.407615004107356
1790359091.8030744,2.726626000367105
1790359091.8031332,1.4245709753595293
1790359091.805115,1.554029993712902
1790359091.8206959,2.1070860093459487
1790359091.8286161,3.161438013194129
1790359091.8295765,2.0680959860328585
1790359091.8376682,2.1993199770804495
1790359091.8451045,2.0804270170629025
1790359091.8593118,3.2483690010849386
1790359091.860609,2.3876999912317842
1790359091.866014,2.3331659904215485
1790359091.866714,1.5677270130254328
1790359091.8902287,28.107777994591743
1790359091.9166162,44.70767400925979
1790359091.9173167,30.616689007729292
1790359091.919029,51.09207998611964
1790359091.9198995,4.448919993592426
1790359091.9200377,25.285840005381033
1790359091.9203095,20.550813002046198
1790359091.9225066,57.871133991284296
1790359091.927451,58.89626400312409
1790359091.9306104,2.0645710173994303
1790359091.933204,75.98256200435571
1790359091.9338565,1.9519130000844598
1790359091.9368696,1.718501007417217
1790359091.9491985,1.8379749963060021
1790359091.9495726,57.78887399355881
1790359091.9497614,64.25855899578892
1790359091.9515476,81.8759000103455
1790359091.952363,56.48445198312402
1790359091.9526973,46.0792449885048
1790359091.9536123,27.708408975740895
1790359091.9547071,25.35362698836252
1790359091.9548259,15.481267007999122
1790359091.9553013,21.32415698724799
1790359091.9566145,2.5050650001503527
1790359091.9571455,1.665827992837876
1790359091.9910202,26.882598001975566
1790359092.004692,31.228042003931478
1790359092.0054042,42.83224599203095
1790359092.0066762,37.84842201275751
1790359092.0068684,19.808585988357663
1790359092.0072331,29.9366410181392
1790359092.0075011,16.07244199840352
1790359092.0077982,7.15325100463815
1790359092.0113769,2.147527993656695
1790359092.0272171,69.2026829929091
1790359092.0329344,56.45968299359083
1790359092.0376842,74.06319698202424
1790359092.0382876,54.26068001543172
1790359092.0384762,49.78481098078191
1790359092.0407677,48.507564002647996
1790359092.0409708,24.423900002148002
1790359092.0413837,38.97453998797573
1790359092.041492,17.322715983027592
1790359092.0418153,6.416132993763313
1790359092.0440865,1.7300279869232327
1790359092.051271,28.858385980129242
1790359092.056228,46.022211987292394
1790359092.056629,30.66480200504884
1790359092.0572908,27.847841003676876
1790359092.0574653,18.23424399481155
1790359092.0575578,3.949484002077952
1790359092.0580912,11.200887995073572
1790359092.0587342,4.478791001019999
1790359092.0651114,1.7503059934824705
1790359092.0745122,1.7415180045645684
1790359092.0858736,2.070786984404549
1790359092.097229,2.1758609800599515
1790359092.1042824,2.3105219879653305
1790359092.1074245,2.2883549972902983
1790359092.1164935,2.6412319857627153
1790359092.122948,27.098188002128154
1790359092.1276245,2.1871509961783886
1790359092.1310527,1.4110259944573045
1790359092.1332064,29.111751005984843
1790359092.1372182,27.952003001701087
1790359092.1383479,45.07162101799622
1790359092.138814,16.597270994680002
1790359092.1393678,11.110756022389978
1790359092.1394596,6.107892986619845
1790359092.1466036,2.2149050200823694
1790359092.1466746,1.7255630227737129
1790359092.1526477,1.6169459850061685
1790359092.1557722,1.5222719812300056
1790359092.1591609,3.0521019943989813
1790359092.160105,2.4365389836020768
1790359092.191666,2.902048989199102
1790359092.1990118,21.971162990666926
1790359092.2001717,43.12108000158332
1790359092.2004094,3.4727439924608916
1790359092.2004793,10.03478397615254
1790359092.2012944,1.5831299824640155
1790359092.2109601,2.318457991350442
1790359092.2136106,1.8067840137518942
1790359092.2153175,1.6882790077943355
1790359092.2288978,4.482414020458236
1790359092.2325299,8.824310993077233
1790359092.235812,10.2375470160041
1790359092.2372289,9.436881984584033
1790359092.2374582,6.088842987082899
1790359092.2384315,9.733814978972077
1790359092.2393644,4.462316021090373
1790359092.2458835,2.197690977482125
1790359092.2481725,2.1117949800100178
1790359092.2545605,1.998486986849457
1790359092.262984,3.4589239803608507
1790359092.264666,26.21780298068188
1790359092.2750425,29.681718006031588
1790359092.275479,41.57887998735532
1790359092.2768373,29.541757015977055
1790359092.2772317,18.36087999981828
1790359092.2775288,17.22880601300858
1790359092.2781227,15.12577899848111
1790359092.2784152,5.394410982262343
1790359092.2943757,1.9180089875590056
1790359092.299168,37.425554008223116
1790359092.3024158,30.391756998142228
1790359092.302727,41.436208004597574
1790359092.3030818,11.234213976422325
1790359092.3081229,1.8481000151950866
1790359092.3142354,1.7013780015986413
1790359092.3165994,2.2499339829664677
1790359092.318172,2.6491970056667924
1790359092.319022,1.8352629849687219
1790359092.3262446,1.859222014900297
1790359092.3321903,2.032443997450173
1790359092.337164,1.9412380061112344
1790359092.3424804,2.4983400071505457
1790359092.3560944,2.4138150038197637
1790359092.3593836,3.128108975943178
1790359092.3594902,3.376294975169003
1790359092.3614092,1.7428949940949678
1790359092.365461,1.7569889896549284
1790359092.3681145,2.2794049873482436
1790359092.3764133,3.1498000025749207
1790359092.3765485,2.435687987599522
1790359092.3823092,1.8019709968939424
1790359092.4221637,18.63646600395441
1790359092.4262607,8.673695992911234
1790359092.4268665,22.51088499906473
1790359092.4270139,43.14223100664094
1790359092.4279015,3.0952609959058464
1790359092.4318562,2.479368995409459
1790359092.4330773,24.18844201019965
1790359092.4344192,2.688638982363045
1790359092.435048,11.543239990714937
1790359092.4354298,45.20955300540663
1790359092.435709,5.327557999407873
1790359092.435786,7.3192070121876895
1790359092.4459167,2.054198004771024
1790359092.4588952,2.0990740158595145
1790359092.4589884,3.2969169842544943
1790359092.4615848,2.4690240097697824
1790359092.46246,1.9887820235453546
1790359092.462564,2.653610019478947
1790359092.5010831,24.39794800011441
1790359092.5094557,24.273893010104075
1790359092.5137537,18.256871990161017
1790359092.513872,46.55484200338833
1790359092.517527,45.538614998804405
1790359092.5179765,27.544363983906806
1790359092.5180724,16.402331995777786
1790359092.529724,2.559646003646776
1790359092.5329583,2.0471469906624407
1790359092.5389426,2.370436006458476
1790359092.5470135,3.091996011789888
1790359092.5519965,2.4143859918694943
1790359092.565458,39.08534799120389
1790359092.5661938,30.836316000204533
1790359092.566292,38.312591990688816
1790359092.567644,52.77849198319018
1790359092.5683854,26.21719700982794
1790359092.568556,22.268388973316178
1790359092.5708582,2.0054909982718527
1790359092.6161804,39.22922399942763
1790359092.6169062,29.421073995763436
1790359092.6214752,46.77029198501259
1790359092.622148,42.38372700638138
1790359092.623126,27.855822001583874
1790359092.6242807,57.59513899101876
1790359092.625636,21.378233999712393
1790359092.6257517,15.938633994664997
1790359092.6265364,55.06252599298023
1790359092.6266823,8.223847020417452
1790359092.6267674,33.18678800133057
1790359092.6276362,15.602355008013546
1790359092.627734,19.802208989858627
1790359092.6293013,2.2609610168728977
1790359092.632841,2.002864988753572
1790359092.643912,1.7894589982461184
1790359092.6468534,2.1817240049131215
1790359092.6567593,2.5029450189322233
1790359092.6572354,2.3354509903583676
1790359092.6623213,2.5671089824754745
1790359092.6635344,2.521834016079083
1790359092.663608,3.1201940146274865
1790359092.667761,1.8513200047891587
1790359092.6788995,3.1201989913824946
1790359092.6791072,5.307618004735559
1790359092.7025392,27.437635988462716
1790359092.7152503,29.74483199068345
1790359092.716152,44.91234800661914
1790359092.7162657,6.415649986593053
1790359092.7214549,2.4651889980304986
1790359092.7225688,2.1925810142420232
1790359092.7239814,18.201222002971917
1790359092.7247417,44.76184499799274
1790359092.7254355,8.591617981437594
1790359092.7255068,5.847688997164369
1790359092.727193,1.5674590249545872
1790359092.7316437,1.8062169838231057
1790359092.7352,1.945769996382296
1790359092.7397983,2.495263994205743
1790359092.7489185,2.1311769960448146
1790359092.7680986,2.485158998752013
1790359092.7746363,32.18081599334255
1790359092.7747526,37.92771397274919
1790359092.7762387,21.30980501533486
1790359092.7770686,41.68888699496165
1790359092.7771695,8.541671006241813
1790359092.7841134,1.97050700080581
1790359092.789908,2.0425539987627417
1790359092.792417,1.421517983544618
1790359092.8049786,15.87080699391663
1790359092.826203,31.40955901471898
1790359092.834231,29.956548009067774
1790359092.834319,47.25249100010842
1790359092.8399043,25.216153997462243
1790359092.8403728,44.64480601018295
1790359092.8417058,9.027512016473338
1790359092.8429503,2.118848991813138
1790359092.8436787,32.59227899252437
1790359092.8666785,20.35439998144284
1790359092.8737128,41.96226998465136
1790359092.873987,36.35212799417786
1790359092.8755655,30.20120700239204
1790359092.8770244,57.44691801373847
1790359092.8772333,28.395917994203046
1790359092.878037,17.085001978557557
1790359092.8784952,26.903001009486616
1790359092.8786068,3.769236005609855
1790359092.8787377,17.010086012305692
1790359092.885893,2.5424449995625764
1790359092.888682,2.2272850037552416
1790359092.8962703,16.531875007785857
1790359092.8964267,54.649850993882865
1790359092.8970814,12.873116007540375
1790359092.89717,4.429133987287059
1790359092.9113855,2.0460189844015986
1790359092.9194384,2.56290499237366
1790359092.9380682,43.869695015018806
1790359092.938178,24.06246299506165
1790359092.9397407,18.559381016530097
1790359092.9398465,4.8507739847991616
1790359092.939973,48.26703597791493
1790359092.9461913,2.1475059911608696
1790359092.9491656,14.997834019595757
1790359092.9524803,1.794319017790258
1790359092.9667928,2.0040310046169907
1790359092.9721901,29.403150983853266
1790359092.9743323,2.1274969913065434
1790359092.9771252,2.078123012324795
1790359092.9822524,1.8561350007075816
1790359092.9829981,34.85756597365253
1790359092.9831202,22.000415017828345
1790359092.984957,49.12808601511642
1790359092.9851077,17.7846240112558
1790359092.98624,11.883572995429859
1790359092.9863112,10.143129009520635
1790359092.9919934,2.1292469755280763
1790359092.9920647,2.890711009968072
1790359093.0000744,2.1163930068723857
1790359093.0096784,1.8627300160005689
1790359093.0169816,2.4166550138033926
1790359093.0467906,2.9467460117302835
1790359093.0475752,1.9432829867582768
1790359093.0582352,1.995568018173799
1790359093.0623019,1.6875870060175657
1790359093.06294,1.487856003222987
1790359093.0724628,2.1036539983469993
1790359093.0725434,2.7422489947639406
1790359093.0779452,1049.0986289805733
1790359093.0793252,3.322033997392282
1790359093.0794146,3.329478990053758
1790359093.0824244,1.6756500117480755
1790359093.0853941,2.3606090107932687
1790359093.087604,2.3046739806886762
1790359093.0879755,1.8570560205262154
1790359093.0985193,1.8256519979331642
1790359093.1052723,2.326988003915176
1790359093.1076531,2.3656850098632276
1790359093.1152253,2.1379549871198833
1790359093.1166565,2.4272080045193434
1790359093.1171775,1.6221559781115502
1790359093.1239452,1.8114229897037148
1790359093.1283207,2.0462349930312485
1790359093.1285865,1.5000659914221615
1790359093.1306736,1.703342975815758
1790359093.1387136,2.1558559965342283
1790359093.1495004,2.930271002696827
1790359093.182146,34.23953501624055
1790359093.182293,41.152493009576574
1790359093.1953862,30.80945898545906
1790359093.1980402,34.241963003296405
1790359093.200636,33.56880598585121
1790359093.2007322,63.293479004641995
1790359093.2022789,13.250916003016755
1790359093.203626,2.696915005799383
1790359093.2057126,40.20572599256411
1790359093.2105849,37.1136280009523
1790359093.2292106,30.965345998993143
1790359093.2305758,67.86121998447925
1790359093.2307036,22.856557014165446
1790359093.2314947,3.396676998818293
1790359093.2438262,2.009877993259579
1790359093.2527885,2.320550993317738
1790359093.2605262,2.466049016220495
1790359093.260862,1.8475319957360625
1790359093.2657151,2.3775279987603426
1790359093.2677438,1.8281920056324452
1790359093.2717962,2.0959519897587597
1790359093.272547,1.8793979834299535
1790359093.2754376,2.163605997338891
1790359093.2798643,3.362145012943074
1790359093.281097,2.9343980131670833
1790359093.2832391,2.1255280007608235
1790359093.2936502,2.848059026291594
1790359093.294373,2.704776998143643
1790359093.2944646,4.814650019397959
1790359093.305091,2.8250470058992505
1790359093.3052037,3.8079970108810812
1790359093.3105047,5.0051680009346455
1790359093.320515,15.113019006093964
1790359093.3217027,4.936306009767577
1790359093.3224232,2.5297540123574436
1790359093.3265772,3.083750983932987
1790359093.3463898,3.124768001725897
1790359093.3491244,33.029704994987696
1790359093.3593938,40.50092599936761
1790359093.36048,52.049883001018316
1790359093.3606362,33.386513008736074
1790359093.3635867,14.730046998010948
1790359093.363829,40.52948401658796
1790359093.3691509,4.117936972761527
1790359093.3720996,4.637881997041404
1790359093.3728192,3.84131699684076
1790359093.3754563,4.408446024172008
1790359093.3819795,5.412806989625096
1790359093.3851209,5.689425015589222
1790359093.385363,5.285641003865749
1790359093.3860269,4.81623102677986
1790359093.3864472,4.179339011898264
1790359093.4040573,2.723664016230032
1790359093.4171383,2.7105780027341098
1790359093.4240942,2.1119150042068213
1790359093.4275124,2.3149920161813498
1790359093.436602,30.695557972649112
1790359093.4471836,27.63204200891778
1790359093.4473598,55.73840899160132
1790359093.4474423,23.053165001329035
1790359093.4478428,16.543106001336128
1790359093.4543698,20.81800700398162
1790359093.4568202,24.707576987566426
1790359093.4774454,42.68622898962349
1790359093.4783852,50.79631399712525
1790359093.4784656,8.36250200518407
1790359093.4810138,1.643333991523832
1790359093.4850738,2.0606250036507845
1790359093.4862213,31.828820996452123
1790359093.490831,19.450008985586464
1790359093.4914277,58.39897601981647
1790359093.4919386,9.780175023479387
1790359093.4922576,8.820071001537144
1790359093.4998512,2.861329005099833
1790359093.4999979,2.353222022065893
1790359093.5004816,1.6230700130108744
1790359093.503305,1.4984690060373396
1790359093.503991,1.5791250043548644
1790359093.5065594,1.4467270229943097
1790359093.514144,1.8834149814210832
1790359093.5174809,1.7120270058512688
1790359093.5189447,1.4537940151058137
1790359093.5214288,1.7948889872059226
1790359093.5277374,1.660548005020246
1790359093.5381408,1.6032220155466348
1790359093.5424352,2.430474996799603
1790359093.5485177,2.0110099867451936
1790359093.549125,1.731724973069504
1790359093.5543947,2.8014999988954514
1790359093.5601192,3.147960000205785
1790359093.5649555,1.69743099831976
1790359093.5942838,37.45702898595482
1790359093.5949085,44.52013902482577
1790359093.5953383,34.61090399650857
1790359093.595758,22.737772000255063
1790359093.6027853,2.6708570076152682
1790359093.6041806,2.5151379813905805
1790359093.605877,1.4828319835942239
1790359093.6272976,1.84079899918288
1790359093.639154,3.224510990548879
1790359093.639585,2.2251949994824827
1790359093.6417336,1.9965139799751341
1790359093.6418188,11.025532003259286
1790359093.6434143,6.802599993534386
1790359093.6435251,35.360777023015544
1790359093.6436467,5.487635993631557
1790359093.6441555,1.8207159882877022
1790359093.655175,1.6609629965387285
1790359093.6822398,5.43784600449726
1790359093.6823268,5.355594999855384
1790359093.6857624,2.20894199446775
1790359093.6918106,1.7557220126036555
1790359093.6969237,2.0037220092490315
1790359093.7028594,2.2751479991711676
1790359093.7033024,1.8779430247377604
1790359093.7098882,1.8534970004111528
1790359093.7122416,1.7401540244463831
1790359093.7149897,1.383385999361053
1790359093.716535,1.536547002615407
1790359093.7242868,1.6013960121199489
1790359093.7281988,2.215788990724832
1790359093.7457278,2.483174001099542
1790359093.7459133,2.785655000479892
1790359093.7470398,1.1156400141771883
1790359093.7727337,19.820276997052133
1790359093.7784057,17.58045601309277
1790359093.7834132,31.275074987206608
1790359093.7844713,20.17922399681993
1790359093.793891,34.301859996048734
1790359093.7984178,36.44925699336454
1790359093.7991738,48.77595600555651
1790359093.7999651,34.26912898430601
1790359093.8001149,29.460642021149397
1790359093.8069575,38.07326898095198
1790359093.8125696,63.35567298810929
1790359093.821951,24.31933398474939
1790359093.8295588,42.08466998534277
1790359093.8344264,24.352373991860077
1790359093.8346443,30.07707800134085
1790359093.8390133,30.251010990468785
1790359093.8392558,28.525556990643963
1790359093.8449566,27.57028499036096
1790359093.8454444,63.86525899870321
1790359093.8466094,18.35516601568088
1790359093.8479187,10.676012985641137
1790359093.848747,21.389030996942893
1790359093.8506966,64.43146499805152
1790359093.8511975,11.11535998643376
1790359093.8512952,5.681022012140602
1790359093.8517535,20.31098399311304
1790359093.8524747,4.7522379900328815
1790359093.8539386,2.1742190001532435
1790359093.8699472,3.3284060191363096
1790359093.870025,3.3070210192818195
1790359093.8704503,1.8140760075766593
1790359093.8768866,1.8503819883335382
1790359093.885306,1.916546985739842
1790359093.894578,1.7375529860146344
1790359093.8979416,1.5859989798627794
1790359093.899806,1.3491940044332296
1790359093.9063377,2.5319379928987473
1790359093.9122179,7.399138994514942
1790359093.921274,1.7744640063028783
1790359093.9354885,1.8119199958164245
1790359093.9393618,1.517891010735184
1790359093.94209,10.498121002456173
1790359093.9422507,5.679672001861036
1790359093.9423556,37.94983998523094
1790359093.944297,1.6793099930509925
1790359093.9461322,1.823835977120325
1790359093.9499435,1.7175530083477497
1790359093.9506729,1.4749419933650643
1790359093.9553266,1.5692609886173159
1790359093.9592173,1.535453018732369
1790359093.964707,1.618034002603963
1790359093.968254,1.8654169980436563
1790359093.9747334,2.17215801239945
1790359093.9753475,1.3979829964227974
1790359093.9883273,1.5901529986876994
1790359093.9920013,1.4922049886081368
1790359094.0028026,3.9107499760575593
1790359094.0080814,1.5714979963377118
1790359094.008958,6.707511027343571
1790359094.0380118,8.919589017750695
1790359094.039006,38.02546899532899
1790359094.039249,3.8138639938551933
1790359094.0393085,2.9007759876549244
1790359094.0401356,1.9026850059162825
1790359094.0446506,1.3801839959342033
1790359094.0481243,1.3225630100350827
1790359094.0520515,1.3874229916837066
1790359094.0526295,1.2672620068769902
1790359094.0555618,1.7066459986381233
1790359094.0569751,1.403522997861728
1790359094.0581663,1.1822230007965118
1790359094.0672169,1.857847993960604
1790359094.0765057,1.7658529977779835
1790359094.1091788,30.37768101785332
1790359094.1094658,40.16669699922204
1790359094.1095772,19.79285798734054
1790359094.1129303,26.799997984198853
1790359094.1217253,1.9090480054728687
1790359094.1311224,3.7965259980410337
1790359094.1314058,24.105004995362833
1790359094.131586,46.43298499286175
1790359094.1317806,9.522211010335013
1790359094.145271,2.046490990323946
1790359094.1799514,27.408830996137112
1790359094.1863844,14.20885298284702
1790359094.186533,57.637600984890014
1790359094.1911383,28.272839001147076
1790359094.193144,47.220971988281235
1790359094.1932673,15.45941800577566
1790359094.1937041,12.672457000007853
1790359094.2006638,1.811580004869029
1790359094.2084582,29.676756996195763
1790359094.211094,2.114369999617338
1790359094.2161033,2.046502981102094
1790359094.2178628,1.7478920053690672
1790359094.217965,23.353197990218177
1790359094.2183344,54.11641701357439
1790359094.2192883,12.603625014889985
1790359094.2194545,9.27409398718737
1790359094.2195263,4.347125010099262
1790359094.2237756,1.3861100014764816
1790359094.2255194,1.4341060013975948
1790359094.2382545,2.156345988623798
1790359094.2722273,22.25797498249449
1790359094.2805161,22.770442999899387
1790359094.2886364,63.879435998387635
1790359094.3083656,44.45378901436925
1790359094.309126,39.66979801771231
1790359094.3097982,55.205587996169925
1790359094.3102508,34.56288197776303
1790359094.3116353,64.66397299664095
1790359094.3123684,47.78110500774346
1790359094.3158693,37.05953300232068
1790359094.3347976,60.352729982696474
1790359094.3357625,59.43378299707547
1790359094.3359866,51.26897199079394
1790359094.3360825,63.38425201829523
1790359094.3417485,50.27350300224498
1790359094.3473945,59.261098998831585
1790359094.352761,57.34293701243587
1790359094.3530045,73.16487398929894
1790359094.3590024,48.16333999042399
1790359094.373566,74.99631500104442
1790359094.3906515,70.4384470009245
1790359094.3909564,64.21089399373159
1790359094.3957243,58.60503899748437
1790359094.3970556,80.33751900075004
1790359094.3974483,42.786516016349196
1790359094.3982306,25.50773398252204
1790359094.4014559,103.64098197896965
1790359094.4139872,31.77641102229245
1790359094.4173174,85.02112602582201
1790359094.4241683,100.44495298643596
1790359094.4250252,82.45407399954274
1790359094.4251916,61.95580598432571
1790359094.4266362,38.607857015449554
1790359094.4267519,52.116922015557066
1790359094.4283714,11.892620997969061
1790359094.4293306,9.398210007930174
1790359094.4294224,20.56857300340198
1790359094.4353867,33.53580500697717
1790359094.4411154,26.75387600902468
1790359094.4414692,54.40881798858754
1790359094.4420745,23.709203000180423
1790359094.4422085,13.66965999477543
1790359094.4581301,1.940527989063412
1790359094.4634485,1.6942080110311508
1790359094.4677896,1.7312190029770136
1790359094.4740949,24.76832299726084
1790359094.476806,2.1595960133709013
1790359094.4837742,1.9255609950050712
1790359094.4865258,27.349695999873802
1790359094.4867544,21.34280899190344
1790359094.4881623,42.529138998361304
1790359094.488301,14.887956000166014
1790359094.4892201,6.750156986527145
1790359094.4893656,2.600407984573394
1790359094.4894602,8.223485987400636
1790359094.4925146,1.693319994956255
1790359094.4977484,1.6784069885034114
1790359094.500134,1.5260249783750623
1790359094.517695,2.232908009318635
1790359094.5177548,2.8984070231672376
1790359094.5225894,1.404118025675416
1790359094.5266757,3.6848099844064564
1790359094.5304973,1.8747230060398579
1790359094.5316808,2.3511990148108453
1790359094.5536103,2.696551993722096
1790359094.5561464,2.1980319870635867
1790359094.562158,1.6009259852580726
1790359094.566644,4.475262976484373
1790359094.5677805,1.7963580030482262
1790359094.5679054,3.39613898540847
1790359094.5720663,2.893035998567939
1790359094.5741286,1.6428229864686728
1790359094.5784333,1.5588510141242296
1790359094.5805488,2.105114981532097
1790359094.5973945,2.583909983513877
1790359094.6045694,4.9629810091573745
1790359094.6047673,3.499834012473002
1790359094.6056871,1.7024179978761822
1790359094.6095698,22.3858300014399
1790359094.6142309,1.5390449843835086
1790359094.617184,20.965425006579608
1790359094.617573,38.45023998292163
1790359094.6196382,16.968284005997702
1790359094.619706,19.46796799893491
1790359094.619831,7.811802002834156
1790359094.6201324,2.2592440072912723
1790359094.624602,1.976619998458773
1790359094.6248686,1.6256880189757794
1790359094.676352,17.895267985295504
1790359094.6798615,23.886017996119335
1790359094.6902652,31.03292899322696
1790359094.7068024,40.583040012279525
1790359094.7119262,71.62044002325274
1790359094.7177346,75.96949697472155
1790359094.722652,53.69618901750073
1790359094.7349205,48.57945398543961
1790359094.7353377,36.4860330009833
1790359094.7362473,64.4173780165147
1790359094.7366695,11.071893008193001
1790359094.736755,12.607410026248544
1790359094.7461903,80.93903301050887
1790359094.7669976,79.50800401158631
1790359094.7733333,29.019482026342303
1790359094.777183,67.64967800700106
1790359094.7792473,54.31833802140318
1790359094.7799604,76.83758600614965
1790359094.780313,40.07051500957459
1790359094.781898,30.1058349723462
1790359094.785636,39.064295997377485
1790359094.7882786,31.791468005394563
1790359094.7934759,66.98295500245877
1790359094.8046784,43.87324000708759
1790359094.8076499,52.971938013797626
1790359094.8242466,67.11969399475493
1790359094.8245163,52.41849398589693
1790359094.8250854,42.96746299951337
1790359094.8254843,76.30690702353604
1790359094.826916,43.37611599476077
1790359094.8276238,67.53170400043018
1790359094.8278544,38.36260398384184
1790359094.8281488,18.638105015270412
1790359094.8282533,9.251977986423299
1790359094.8285882,2.4118049768731
1790359094.8593276,73.4572549990844
1790359094.8608155,57.95339701580815
1790359094.861343,72.46696998481639
1790359094.8618186,24.655335990246385
1790359094.8622892,40.05178000079468
1790359094.8628564,51.68085900368169
1790359094.8647532,15.604204003466293
1790359094.86518,18.54328898480162
1790359094.8672042,9.895032999338582
1790359094.8694525,3.8791850092820823
1790359094.8711426,26.1369259969797
1790359094.8712626,3.3826760191004723
1790359094.8722672,1.9677870150189847
1790359094.875249,27.87410400924273
1790359094.8814673,24.77844600798562
1790359094.8818204,40.47465600888245
1790359094.88323,17.299161001574248
1790359094.8834832,20.6123809912242
1790359094.884153,15.247582021402195
1790359094.8844545,3.4660680103115737
1790359094.902904,2.551223005866632
1790359094.9127624,29.06793000875041
1790359094.9157486,1.8135749851353467
1790359094.9192748,18.124886002624407
1790359094.9200847,40.54716898826882
1790359094.921195,1.9077759934589267
1790359094.9276986,2.436935988953337
1790359094.9282253,1.4146389730740339
1790359094.9331994,1.6532419831492007
1790359094.943871,1.7663900216575712
1790359094.9526742,28.843218984548002
1790359094.955983,30.143987998599187
1790359094.9563441,38.98317500716075
1790359094.9564455,27.04669500235468
1790359094.956991,18.096423998940736
1790359094.9578066,8.661559986649081
1790359094.9726028,1.9409249944146723
1790359094.993765,49.72179897595197
1790359094.9991882,32.22367601119913
1790359095.007883,28.199863008921966
1790359095.0160854,37.86659799516201
1790359095.0229867,38.611885014688596
1790359095.024105,47.6007699908223
1790359095.0250647,26.829969021491706
1790359095.0262473,21.19394697365351
1790359095.0264137,11.249075992964208
1790359095.0265758,3.5732979886233807
1790359095.057345,84.48053000029176
1790359095.0574694,62.780045002000406
1790359095.0580037,46.658454986754805
1790359095.0585666,58.434884005691856
1790359095.0587418,39.396817999659106
1790359095.0588121,76.77371901809238
1790359095.0609055,36.519964021863416
1790359095.0613267,25.053639023099095
1790359095.06152,15.085937979165465
1790359095.0618656,11.542351014213637
1790359095.0725102,43.64287800854072
1790359095.0777943,36.88933598459698
1790359095.0780523,25.23591701174155
1790359095.078174,50.108455994632095
1790359095.0782607,29.28879199316725
1790359095.0795782,3.4838319988921285
1790359095.0831594,1.7901179962791502
1790359095.090245,1.6837030125316232
1790359095.0928574,2.0052120089530945
1790359095.0938385,2.4773999757599086
1790359095.0939023,2.0383210212457925
1790359095.0954602,1.230289984960109
1790359095.0997367,1.9354859832674265
1790359095.1220615,2.6395169843453914
1790359095.1290903,1.5570349933113903
1790359095.1393557,2.172717999201268
1790359095.151965,1.7192339873872697
1790359095.161308,1.8488210043869913
1790359095.174474,38.39525501825847
1790359095.1753087,28.223711997270584
1790359095.1771822,42.85653599072248
1790359095.1772966,4.151614994043484
1790359095.1775475,24.48049999657087
1790359095.1777189,8.019724016776308
1790359095.1782537,1.8298809882253408
1790359095.1893406,1.8655340245459229
1790359095.1939127,1.7572689976077527
1790359095.201328,2.269789983984083
1790359095.201975,1.746264984831214
1790359095.2170904,35.473372001433745
1790359095.2188065,28.453245002310723
1790359095.2199357,39.62985999532975
1790359095.220095,20.46776600764133
1790359095.2201712,22.597867995500565
1790359095.2404432,27.97766399453394
1790359095.2483773,42.9966879892163
1790359095.2489634,28.234986995812505
1790359095.2501915,34.61650898680091
1790359095.2513149,16.939673980232328
1790359095.2520595,10.803953016875312
1790359095.2521377,5.883502017240971
1790359095.253354,2.7405460132285953
1790359095.2590404,2.3725789797026664
1790359095.2631621,45.1219079841394
1790359095.2643383,38.319485989632085
1790359095.2645113,50.035120017128065
1790359095.264605,25.09456899133511
1790359095.2655053,15.943907987093553
1790359095.2658627,19.82161501655355
1790359095.266716,15.390107000712305
1790359095.266808,9.295908006606624
1790359095.2739906,3.4233960031997412
1790359095.2755108,3.3611379913054407
1790359095.2755911,2.1328559960238636
1790359095.2774503,1.280542986933142
1790359095.2815285,1.4674990088678896
1790359095.285034,1.9684739818330854
1790359095.2854235,1.8929090001620352
1790359095.2882562,1.586606987984851
1790359095.292984,1.7206699994858354
1790359095.2944498,1.3213219936005771
1790359095.3083313,3.0150680104270577
1790359095.3152053,1.690889010205865
1790359095.3231766,2.583530993433669
1790359095.325654,1.6639649984426796
1790359095.3279295,1.622846000827849
1790359095.3468711,2.2886490041855723
1790359095.3537295,1.4367639960255474
1790359095.378043,28.85313701699488
1790359095.3869934,31.67616800055839
1790359095.3871076,41.685671982122585
1790359095.3871799,24.754779995419085
1790359095.3881392,22.161655011586845
1790359095.3891373,14.091161981923506
1790359095.3894541,28.842443018220365
1790359095.3910265,1.451649994123727
1790359095.395503,30.189951008651406
1790359095.3971367,28.307747998042032
1790359095.3980227,42.07368299830705
1790359095.3984163,1.9662539998535067
1790359095.398562,10.410719027277082
1790359095.4008152,1.583733013831079
1790359095.4036107,1.4455359778366983
1790359095.4295347,2.0621780131477863
1790359095.436945,2.5236349902115762
1790359095.4432561,2.1892459772061557
1790359095.4486482,12.861177994636819
1790359095.451984,1.8384639988653362
1790359095.4581475,1.6471549752168357
1790359095.4716938,28.146919008577242
1790359095.4721115,42.71055100252852
1790359095.472183,17.59608299471438
1790359095.50878,20.998408988816664
1790359095.5101533,20.810046000406146
1790359095.5172577,28.39865200803615
1790359095.5211513,26.622105011483654
1790359095.5297952,32.76173898484558
1790359095.5305488,38.85704500135034
1790359095.530866,14.379786007339135
1790359095.531167,33.34887299570255
1790359095.5312665,7.574485003715381
1790359095.5315344,30.553449993021786
1790359095.5321906,54.418766987510026
1790359095.536695,51.52135799289681
1790359095.5368083,28.961919975699857
1790359095.5382113,16.456688987091184
1790359095.5541878,28.132373990956694
1790359095.5596738,28.12570400419645
1790359095.5646362,34.825014998205006
1790359095.5736144,38.36207900894806
1790359095.5747924,47.205823997501284
1790359095.5751214,25.247787008993328
1790359095.5761764,31.584516022121534
1790359095.5765798,24.25043997936882
1790359095.5773811,8.330648997798562
1790359095.577467,17.7785940177273
1790359095.580475,38.37995999492705
1790359095.5806572,31.74263800610788
1790359095.5807374,47.41742298938334
1790359095.581059,30.576890014344826
1790359095.5821035,29.158889985410497
1790359095.5823972,17.74722000118345
1790359095.5826795,4.494941997108981
1790359095.5966501,2.2817440039943904
1790359095.620519,2.338770980713889
1790359095.6271605,2.0822350052185357
1790359095.6319308,38.14938900177367
1790359095.632013,13.012822979362682
1790359095.6324682,2.6444719987921417
1790359095.634974,2.0548879983834922
1790359095.635062,2.583360008429736
1790359095.6388397,3.1682029948569834
1790359095.639028,3.6383089900482446
1790359095.639794,2.243919007014483
1790359095.6484504,2.297797007486224
1790359095.6625526,2.1436819806694984
1790359095.6718903,2.4105350021272898
1790359095.6756861,1.967845018953085
1790359095.6821754,24.036955990595743
1790359095.6822655,16.627436998533085
1790359095.6898015,42.192088993033394
1790359095.6902914,9.454521990846843
1790359095.6903868,19.469969003694132
1790359095.6945515,1.95720000192523
1790359095.6970456,2.4831599730532616
1790359095.7008197,2.0940499962307513
1790359095.7013652,1.886766985990107
1790359095.7062957,3.1777739932294935
1790359095.7065864,4.338769009336829
1790359095.708082,4.18776398873888
1790359095.7082887,6.1081140011083335
1790359095.708897,2.300573018146679
1790359095.7089608,3.3591849787626415
1790359095.723768,2.6143199938815087
1790359095.7240999,3.6543379828799516
1790359095.7241719,1.9778029818553478
1790359095.726306,1.4632710081059486
1790359095.7384312,2.0350020204205066
1790359095.7471454,1.7009949951898307
1790359095.7580206,2.5318099942523986
1790359095.7835393,2.563540998380631
1790359095.7899754,13.896187010686845
1790359095.7902372,46.12317500868812
1790359095.790729,36.15560501930304
1790359095.7923627,4.486541991354898
1790359095.7930183,2.2779720020480454
1790359095.7934945,2.886033005779609
1790359095.7969735,1033.7171949795447
1790359095.80064,2.0476760109886527
1790359095.8012383,1.8170260009355843
1790359095.8047607,1.6168980218935758
1790359095.8157847,2.39094698918052
1790359095.8286018,2.337667014217004
1790359095.8291943,1.9062130013480783
1790359095.8341272,2.1594260178972036
1790359095.8342016,2.8238369850441813
1790359095.839332,2.5171009765472263
1790359095.840465,1.604652003152296
1790359095.844688,2.2388749930541962
1790359095.8447592,3.1501429912168533
1790359095.8455331,2.224963012849912
1790359095.8596866,3.3342090027872473
1790359095.8611577,2.9037600033916533
1790359095.861256,3.425606992095709
1790359095.8638437,1.62401600391604
1790359095.8658717,1.7971770139411092
1790359095.87241,1.7654870171099901
1790359095.8743966,1.6096500039566308
1790359095.8829942,2.7751419984269887
1790359095.8844385,1.4319089823402464
1790359095.9047046,3.4430229861754924
1790359095.9369378,48.42734502744861
1790359095.9372735,33.454796008300036
1790359095.9488797,61.552314000437036
1790359095.956456,52.4152790021617
1790359095.9576874,35.10533401276916
1790359095.9579792,52.54132501431741
1790359095.9590585,33.630004996666685
1790359095.9591606,23.986562009667978
1790359095.9603,52.25360201438889
1790359095.960438,6.576593994395807
1790359095.9605188,14.334653998957947
1790359095.9628937,1.666041003772989
1790359095.9808042,56.24633899424225
1790359095.9887896,75.15761398826726
1790359095.9889393,62.21854800241999
1790359095.9907968,53.08132400386967
1790359095.9923034,36.43156599719077
1790359096.007105,55.78768000123091
1790359096.0289102,54.508191999047995
1790359096.040836,45.089164981618524
1790359096.0414295,47.288625995861366
1790359096.0415776,49.856294004712254
1790359096.0418968,41.5066990244668
1790359096.0438607,59.52183899353258
1790359096.0449831,41.80898898630403
1790359096.0455155,33.614397019846365
1790359096.046331,27.900335000595078
1790359096.0464766,17.769861995475367
1790359096.0479577,3.4269810130354017
1790359096.0521715,87.86197900190018
1790359096.0524516,70.3767029917799
1790359096.0533254,2.024553978117183
1790359096.0581021,60.305799008347094
1790359096.0585039,73.35584997781552
1790359096.059171,57.105825981125236
1790359096.0613813,47.774326987564564
1790359096.0624409,58.58236501808278
1790359096.0627923,39.31808099150658
1790359096.0628731,15.77966200420633
1790359096.0630064,20.593610999640077
1790359096.0634623,3.5137869999744
1790359096.0674658,2.767696976661682
1790359096.0679379,2.2912530112080276
1790359096.0752127,1.7512899939902127
1790359096.093267,23.050618008710444
1790359096.0983474,19.95504999649711
1790359096.110941,31.978601007722318
1790359096.1143155,33.46779299317859
1790359096.1153035,45.767974021146074
1790359096.1155171,30.03699198598042
1790359096.1161878,16.75978602725081
1790359096.1220953,37.654972984455526
1790359096.1223273,17.167865997180343
1790359096.124832,47.9784150084015
1790359096.1255155,26.217351987725124
1790359096.127906,26.929849002044648
1790359096.1280053,22.020545991836116
1790359096.1296318,3.5378080210648477
1790359096.1373818,2.8145609830971807
1790359096.1451788,2.1154870046302676
1790359096.1493602,38.23489599744789
1790359096.1537375,2.255147002870217
1790359096.1646712,36.905921006109565
1790359096.1647758,2.7430159971117973
1790359096.1660798,59.07019501319155
1790359096.1662843,30.30436101835221
1790359096.1677096,23.68751200265251
1790359096.167792,13.265017012599856
1790359096.1753047,2.2717510000802577
1790359096.1772647,1.8043380114249885
1790359096.1779022,1.6592539905104786
1790359096.1792161,1.303783996263519
1790359096.181296,1.4660170127172023
1790359096.1838655,1.2152809940744191
1790359096.190938,3.0463410075753927
1790359096.1955647,1.6977790219243616
1790359096.2163172,2.4630420084577054
1790359096.225325,2.3760079930070788
1790359096.2324786,2.7545370103325695
1790359096.2431653,2.7143879851792008
1790359096.2549148,33.857692003948614
1790359096.2622082,2.6244460023008287
1790359096.2640727,42.41161898244172
1790359096.264984,36.732290987856686
1790359096.2658424,4.38212402514182
1790359096.265956,26.6174319840502
1790359096.2660272,19.07139300601557
1790359096.2761073,2.7607200026977807
1790359096.2871141,3.3294660097453743
1790359096.2880495,1.9919410115107894
1790359096.29272,2.075583004625514
1790359096.2996647,1.715141988825053
1790359096.3086715,2.471187006449327
1790359096.3213973,1.77138700382784
1790359096.3263717,2.7883920120075345
1790359096.3318453,1.996534992940724
1790359096.33747,1.818652992369607
1790359096.3475227,4.213226988213137
1790359096.3482993,2.5127429980784655
1790359096.3506243,2.1067440102342516
1790359096.3536258,1.7727370141074061
1790359096.3567815,2.489743987098336
1790359096.363918,2.0215459808241576
1790359096.3843083,3.219886013539508
1790359096.3889658,2.7880730049218982
1790359096.389299,4.966231994330883
1790359096.389452,3.742414992302656
1790359096.4172883,2.1521909802686423
1790359096.4293818,35.14554598950781
1790359096.4361484,17.15380299719982
1790359096.4463823,55.090334004489705
1790359096.460603,32.102983008371666
1790359096.461577,43.67308900691569
1790359096.4616966,27.400575985666364
1790359096.4631517,33.637082000495866
1790359096.4678013,23.24621201842092
1790359096.4678943,24.683180992724374
1790359096.474985,36.508032004348934
1790359096.4758067,47.986649005906656
1790359096.4762921,32.3544240090996
1790359096.4763963,26.68442201684229
1790359096.4771397,11.253762990236282
1790359096.486517,2.3029879957903177
1790359096.4895651,31.244989979313686
1790359096.503155,2.3949129972606897
1790359096.5042658,33.2434669835493
1790359096.5090737,16.715494013624266
1790359096.50919,49.547851987881586
1790359096.51184,1.9812250102404505
1790359096.5209396,2.610262017697096
1790359096.5224884,2.1185840014368296
1790359096.5292015,1.738491002470255
1790359096.5332172,2.8619240038096905
1790359096.5384312,1.938444998813793
1790359096.5537977,26.859411998884752
1790359096.561278,1.7520829860586673
1790359096.564854,35.3629190067295
1790359096.566369,42.39582101581618
1790359096.5664914,32.567791000474244
1790359096.5668325,26.03218299918808
1790359096.5710695,2.187047997722402
1790359096.6003206,17.92742099496536
1790359096.6104646,25.344414985738695
1790359096.6223035,5.915496003581211
1790359096.6224225,45.29551399173215
1790359096.6339571,60.80196300172247
1790359096.658027,77.03117802157067
1790359096.6584077,74.87518899142742
1790359096.6596317,48.94969399902038
1790359096.6604319,42.518962000031024
1790359096.6605887,80.6196519988589
1790359096.6622117,38.07046799920499
1790359096.6624498,36.90995697979815
1790359096.665324,40.60080801718868
1790359096.672922,37.780279002618045
1790359096.6733394,52.25255200639367
1790359096.6743464,54.94223500136286
1790359096.6744423,45.2183659945149
1790359096.6754196,36.55310699832626
1790359096.6771257,20.778803009307012
1790359096.6773624,13.86988302692771
1790359096.6850774,3.0667960236314684
1790359096.6961625,4.453383997315541
1790359096.696331,3.327045007608831
1790359096.70155,2.2519149933941662
1790359096.708282,59.58741999347694
1790359096.7089543,32.742520997999236
1790359096.7092812,25.48232299159281
1790359096.709414,50.796036986866966
1790359096.7094963,66.03079498745501
1790359096.7105541,18.25187000213191
1790359096.7106678,16.039754991652444
1790359096.722837,2.838128013536334
1790359096.7302423,3.5788220120593905
1790359096.730625,2.5323650042992085
1790359096.7363195,2.1540659945458174
1790359096.7440417,2.2758289997000247
1790359096.7517395,27.946164016611874
1790359096.7548072,27.41424398845993
1790359096.756046,44.81390700675547
1790359096.7569315,21.60283099510707
1790359096.7578893,28.98372200434096
1790359096.7581306,11.765194998588413
1790359096.7595222,2.124974998878315
1790359096.7664044,2.4611410044599324
1790359096.7751088,1.839728996856138
1790359096.800783,33.74246900784783
1790359096.8008993,22.496861987747252
1790359096.8009725,42.626804002793506
1790359096.8020627,3.2659780117683113
1790359096.8047426,2.21192798926495
1790359096.8053415,1.722582004731521
1790359096.812396,1.6371110104955733
1790359096.818422,1.7519420071039349
1790359096.8218951,2.051282994216308
1790359096.822774,1.72452098922804
1790359096.823586,1.4699090097565204
1790359096.8245354,1.5554729907307774
1790359096.8300068,1.9390569941606373
1790359096.831874,1.8541399913374335
1790359096.8326597,1.7078479868359864
1790359096.838059,2.3384209780488163
1790359096.83844,1.7471179889980704
1790359096.848967,1.8122189794667065
1790359096.8809168,21.86890601296909
1790359096.8811321,34.8568570043426
1790359096.8812268,41.27888398943469
1790359096.8816483,18.853249988751486
1790359096.882431,12.173997005447745
1790359096.8881376,28.043442987836897
1790359096.8934507,2.465173020027578
1790359096.899659,33.64395000971854
1790359096.9051383,18.406354007311165
1790359096.9111025,6.841649010311812
1790359096.9111888,52.840874006506056
1790359096.917961,1.9622179970610887
1790359096.9322906,1.8833100039046258
1790359096.93624,1.8550649983808398
1790359096.9444752,1.9817489956039935
1790359096.9518821,2.753397013293579
1790359096.9531465,30.534313002135605
1790359096.9532835,41.84109601192176
1790359096.9540281,44.14274598821066
1790359096.9549239,22.17668801313266
1790359096.9562836,10.902441979851574
1790359096.9564106,19.91919500869699
1790359096.9564836,5.811834009364247
1790359096.9618506,1.8549079832155257
1790359096.9685729,2.0218770077917725
1790359096.9707043,1.7892469768412411
1790359096.9807765,2.448077022563666
1790359096.9935083,3.4693930065259337
1790359096.993933,4.585939983371645
1790359096.9940486,3.484070999547839
1790359096.9954486,2.441810996970162
1790359096.9972498,1.5590789844281971
1790359097.0030422,2.5136549957096577
1790359097.0105886,1.6442800115328282
1790359097.0147705,2.7150660171173513
1790359097.035788,29.22885201405734
1790359097.047375,36.35958698578179
1790359097.0482802,11.00833699456416
1790359097.0484078,22.117685002740473
1790359097.0485437,45.934681984363124
1790359097.0593293,1.8511809757910669
1790359097.0615554,28.696565015707165
1790359097.0728288,30.49142300733365
1790359097.072951,39.45152601227164
1790359097.0784776,2.54697902710177
1790359097.0796955,2.113618975272402
1790359097.079762,2.9619139968417585
1790359097.0833566,1.708793017314747
1790359097.0846841,1.3178609951864928
1790359097.0927699,1.91115599591285
1790359097.0948591,2.0667439966928214
1790359097.1072195,2.7411490154918283
1790359097.1074014,2.3437209893018007
1790359097.1391518,19.11025302251801
1790359097.1421468,29.22985699842684
1790359097.1478388,41.85744599089958
1790359097.148973,19.16735799750313
1790359097.1493545,16.720781015465036
1790359097.149464,4.324898996856064
1790359097.1498926,19.582195003749803
1790359097.1665525,22.354345972416922
1790359097.1670215,46.00676699192263
1790359097.1672685,12.405319983372465
1790359097.1678762,2.808085992000997
1790359097.171708,2.3173319932539016
1790359097.1803396,3.037521004443988
1790359097.1896358,1.7577180115040392
1790359097.1899142,13.260412000818178
1790359097.223136,37.52168998471461
1790359097.2251573,33.50495599443093
1790359097.2266307,48.64869298762642
1790359097.2268164,24.19718899182044
1790359097.227129,5.599377996986732
1790359097.2276027,28.877966018626466
1790359097.227745,19.678970013046637
1790359097.2315838,1.775114011252299
1790359097.2356992,44.753848982509226
1790359097.2359707,22.23942900309339
1790359097.2360675,32.534074009163305
1790359097.2363756,12.044061004417017
1790359097.2391002,1.564820995554328
1790359097.2487376,2.330855990294367
1790359097.2586708,2.19416301115416
1790359097.266283,28.114120999816805
1790359097.267774,2.3195889953058213
1790359097.2756388,2.0074329804629087
1790359097.2789104,31.309643993154168
1790359097.2797627,12.895440013380721
1790359097.2798467,43.16587100038305
1790359097.2800786,15.621892991475761
1790359097.2805269,3.0286560067906976
1790359097.2836363,1.4355950115714222
1790359097.2915914,1.8751499883364886
1790359097.2920256,1.6789920045994222
1790359097.304751,1.8645949894562364
1790359097.3085835,2.9983640124555677
1790359097.315551,1.624280004762113
1790359097.3209348,4.480218980461359
1790359097.3210137,3.3408750023227185
1790359097.3276532,1.9720499985851347
1790359097.3530738,30.33242400852032
1790359097.3631861,17.924087995197624
1790359097.3633244,44.04181698919274
1790359097.3635051,15.724880999187008
1790359097.3642328,36.0392710135784
1790359097.3648357,28.656743990723044
1790359097.3652704,4.022409004392102
1790359097.3668087,19.691311987116933
1790359097.3675704,3.8116369978524745
1790359097.3678837,41.42065200721845
1790359097.3679748,5.3688470216002315
1790359097.3680584,19.33774899225682
1790359097.3775291,1.8888670019805431
1790359097.3855062,1.876076014013961
1790359097.4019053,22.476890997495502
1790359097.4143744,20.302548015024513
1790359097.4196525,46.122227009618655
1790359097.4284601,32.40088900201954
1790359097.4342892,26.779910986078903
1790359097.4344008,25.52187701803632
1790359097.4555564,48.729359987191856
1790359097.4562433,47.842313011642545
1790359097.456693,46.57709601451643
1790359097.457606,51.41152598662302
1790359097.4579976,34.24063400598243
1790359097.4600468,19.613971991930157
1790359097.4608803,15.498569991905242
1790359097.461069,49.49475699686445
1790359097.4620507,1.9910339906346053
1790359097.468033,1.5310739981941879
1790359097.470758,84.68445600010455
1790359097.4712164,45.58738900232129
1790359097.4713879,46.95092898327857
1790359097.4725327,30.851485003950074
1790359097.4733107,14.787492022151127
1790359097.473429,10.902271984377876
1790359097.4735053,4.416041978402063
1790359097.4807677,2.5853200058918446
1790359097.4808853,2.11283698445186
1790359097.486524,2.3917619837448
1790359097.486616,2.018972998484969
1790359097.4942837,1.7098329844884574
1790359097.500205,1.8840290140360594
1790359097.5098145,1.9168909930158406
1790359097.5240037,18.438814004184678
1790359097.5241175,2.5684110005386174
1790359097.5439575,11.364956997567788
1790359097.5461643,45.65541897318326
1790359097.5469286,10.447482985910028
1790359097.5471275,34.8790230054874
1790359097.5474617,6.383291009115055
1790359097.550186,6.424359016818926
1790359097.5506816,4.951361013809219
1790359097.5513434,2.0692970138043165
1790359097.5536184,18.014429981121793
1790359097.5563164,1.664000010350719
1790359097.563869,1.9167159916833043
1790359097.5747476,37.37994100083597
1790359097.57506,29.97008600505069
1790359097.5761375,33.670136996079236
1790359097.5766692,28.350474982289597
1790359097.5769708,23.066067980835214
1790359097.5771458,3.9016430091578513
1790359097.579578,11.085120000643656
1790359097.5804598,22.58043800247833
1790359097.580544,50.61643000226468
1790359097.5824628,4.461137985344976
1790359097.5825694,4.734894027933478
1790359097.5830379,5.882102996110916
1790359097.5862923,2.116340008797124
1790359097.5882947,1.3601209793705493
1790359097.590443,1.4618699788115919
1790359097.5953946,1.9140209769830108
1790359097.6051412,25.180455995723605
1790359097.605241,19.877304992405698
1790359097.6058633,1.8188229878433049
1790359097.6192555,31.652586010750383
1790359097.6193538,38.13829802675173
1790359097.6203535,27.42441598093137
1790359097.6204295,25.935379992006347
1790359097.6428642,1.7300809849984944
1790359097.6478484,4.020418011350557
1790359097.6651568,4.749261017423123
1790359097.6657412,4.208282975014299
1790359097.6658983,3.691755991894752
1790359097.6677904,2.6204070018138736
1790359097.6793754,1.7999029951170087
1790359097.6854546,1.590419007698074
1790359097.7031496,10.278574976837263
1790359097.7039285,9.505802998319268
1790359097.7040622,7.825704989954829
1790359097.7056046,6.767880986444652
1790359097.7065988,2.5258969981223345
1790359097.7070172,3.842631005682051
1790359097.7120638,1.7572240030858666
1790359097.7204273,1.9486889941617846
1790359097.7207873,1.8347949953749776
1790359097.7208683,2.9716189892496914
1790359097.7243497,1.6065449744928628
1790359097.7433815,2.1299619984347373
1790359097.751773,2.455371984979138
1790359097.75822,24.036385992076248
1790359097.7613714,1.9403350015636533
1790359097.767064,2.7926059847231954
1790359097.774584,27.979976002825424
1790359097.7754457,2.2538799967151135
1790359097.775621,22.0942200103309
1790359097.776876,42.054952995385975
1790359097.7770548,11.98164199013263
1790359097.7771246,16.688659001374617
1790359097.780196,2.8499919862952083
1790359097.7804484,2.424557984340936
1790359097.7807007,1.8419490079395473
1790359097.7963505,1.9515349995344877
1790359097.801989,1.9369579968042672
1790359097.8047442,1.756132987793535
1790359097.8092384,1.5846499882172793
1790359097.8129807,1.87238201033324
1790359097.8207378,29.829306004103273
1790359097.8227541,41.998545988462865
1790359097.8230433,24.426273012068123
1790359097.823477,12.991591007448733
1790359097.823845,17.231175006600097
1790359097.8241758,23.037851991830394
1790359097.8253217,5.1395309856161475
1790359097.8267176,2.0738930033985525
1790359097.8327842,2.7187220111954957
1790359097.8416705,18.615083012264222
1790359097.8457453,2.2455190191976726
1790359097.853407,27.930946002015844
1790359097.8561025,1.762786996550858
1790359097.864273,33.37846099748276
1790359097.8654528,46.42466802033596
1790359097.8663306,3.8861480134073645
1790359097.8665068,2.992483990965411
1790359097.8671002,19.26981401629746
1790359097.869458,2.939049998531118
1790359097.872813,1.7444190161768347
1790359097.8763244,2.2837680007796735
1790359097.892217,2.645341999595985
1790359097.895463,1.743586006341502
1790359097.9018579,34.74401100538671
1790359097.910365,37.067097990075126
1790359097.9108894,43.17514700233005
1790359097.9164917,35.43592101777904
1790359097.9165976,23.57271997607313
1790359097.9348304,8.854946005158126
1790359097.9350276,40.43009100132622
1790359097.9365723,12.17744400491938
1790359097.9366722,8.252561005065218
1790359097.9422984,1.7876960046123713
1790359097.9491596,34.01733099599369
1790359097.9498258,43.88131300220266
1790359097.9523714,27.0771500072442
1790359097.9544384,26.939460018184036
1790359097.9546497,16.81301000644453
1790359097.956041,9.040932025527582
1790359097.9566238,4.904200002783909
1790359097.9567218,3.7836740084458143
1790359097.9670076,1.9104069797322154
1790359097.9823546,1.8198309990111738
1790359097.9924483,21.160206000786275
1790359097.9925416,29.589154000859708
1790359098.0082269,54.47803999413736
1790359098.0208175,28.14554498763755
1790359098.0262475,28.800637985114008
1790359098.026765,42.38085501128808
1790359098.0268698,8.230748993810266
1790359098.03365,46.294510015286505
1790359098.0362053,42.58146698703058
1790359098.0367312,3.937570989364758
1790359098.0370305,51.677932002348825
1790359098.0371764,38.113196002086625
1790359098.0373092,17.00843300204724
1790359098.0377333,2.9538660019170493
1790359098.0381403,1.9243760034441948
1790359098.039812,1.6584040131419897
1790359098.0493658,2.0885039994027466
1790359098.0539033,1.441964996047318
1790359098.069095,26.88559898524545
1790359098.0809348,30.982306983787566
1790359098.0852957,25.24383200216107
1790359098.085513,44.30643701925874
1790359098.0906353,27.864547009812668
1790359098.0965595,31.674291007220745
1790359098.1028373,31.747612985782325
1790359098.108844,25.154878007015213
1790359098.1167479,22.830186993815005
1790359098.1179962,57.800103997578844
1790359098.118138,19.044271990424022
1790359098.1185272,16.849940991960466
1790359098.120072,5.473460012581199
1790359098.1207461,3.9858800009824336
1790359098.1243236,1.7093079804908484
1790359098.1285052,2.5758120173122734
1790359098.1294503,46.633538004243746
1790359098.1304607,1.5815049991942942
1790359098.1317441,42.953502997988835
1790359098.1332324,37.660756992409006
1790359098.1333203,32.477492990437895
1790359098.1341925,30.329550005262718
1790359098.1348703,19.367556989891455
1790359098.1357548,16.704862006008625
1790359098.1359117,8.121577004203573
1790359098.136311,68.08658299269155
1790359098.1363776,12.043840979458764
1790359098.1448214,2.9494159971363842
1790359098.1448863,2.332243020646274
1790359098.1612723,2.0938410016242415
1790359098.1664743,1.9744370074477047
1790359098.1710775,2.2995259787421674
1790359098.1810846,2.2835319978185
1790359098.184576,23.07268200092949
1790359098.1918907,24.358583992579952
1790359098.1925807,11.312018003081903
1790359098.1929712,40.34947100444697
1790359098.193085,22.815463016740978
1790359098.1940958,4.244458017637953
1790359098.1951659,2.3436429910361767
1790359098.2039437,2.0961660193279386
1790359098.2126913,1.817159994971007
1790359098.2151604,1.7273619887419045
1790359098.2167788,1.4695059799123555
1790359098.2275245,2.2208470036275685
1790359098.2281113,1.6319819842465222
1790359098.2324255,1.687276002485305
1790359098.2360482,2.1265679970383644
1790359098.2379878,1.5665309911128134
1790359098.2466466,2.144033001968637
1790359098.265355,2.4874650116544217
1790359098.274917,36.57614201074466
1790359098.2749999,27.318027016008273
1790359098.2812002,2.6285999920219183
1790359098.2826612,3.0745419790036976
1790359098.2827394,2.083163009956479
1790359098.2830412,1.5885739994700998
1790359098.293083,2.9210289940238
1790359098.293188,3.732793004019186
1790359098.2933567,4.683389008278027
1790359098.2938185,2.509949990781024
1790359098.297127,1.8848020117729902
1790359098.3065295,1.7905150016304106
1790359098.3127496,2.03585100825876
1790359098.3229027,21.339134022127837
1790359098.3455513,24.793135991785675
1790359098.3482087,39.38613101490773
1790359098.3499398,47.68354198313318
1790359098.3514028,38.330854004016146
1790359098.352918,31.112550001125783
1790359098.354412,19.43599700462073
1790359098.3546014,7.377626985544339
1790359098.3547413,34.62055398267694
1790359098.356305,37.80023701256141
1790359098.375084,30.5505029973574
1790359098.375335,24.936261004768312
1790359098.3755436,51.02173998602666
1790359098.3767667,13.759611989371479
1790359098.3772316,57.872069999575615
1790359098.3773184,5.792356008896604
1790359098.3886676,33.256555994739756
1790359098.407124,38.7307740165852
1790359098.407385,23.26302300207317
1790359098.4192243,32.44698399794288
1790359098.422461,70.93716599047184
1790359098.433739,61.54970300849527
1790359098.4390502,52.86242498550564
1790359098.4482923,72.69789298879914
1790359098.453707,61.27134201233275
1790359098.4602013,61.476584000047296
1790359098.4619634,70.71010299841873
1790359098.469603,75.69824098027311
1790359098.4771688,59.16876901756041
1790359098.480652,99.01586300111376
1790359098.4813359,81.19392400840297
1790359098.482481,76.18373399600387
1790359098.4875464,53.37899099686183
1790359098.489703,95.03245798987336
1790359098.4902427,50.43416700209491
1790359098.4906409,33.40901600313373
1790359098.4912956,28.135131986346096
1790359098.491739,21.39816601993516
1790359098.4931743,5.114972009323537
1790359098.4933069,17.136502981884405
1790359098.5035186,89.49392099748366
1790359098.5047016,2.4738119973335415
1790359098.5126991,81.26864899531938
1790359098.5128796,76.49739398038946
1790359098.5140295,55.998201976763085
1790359098.5141282,116.33017298299819
1790359098.5151706,50.491793983383104
1790359098.5152655,31.728945003123954
1790359098.5159068,23.503418022301048
1790359098.5187452,2.1009650081396103
1790359098.522204,2.1175459842197597
1790359098.527857,2.922685001976788
1790359098.5279737,3.131746023427695
1790359098.5401175,2.4410479818470776
1790359098.5486832,2.3568900069221854
1790359098.568604,27.08037701086141
1790359098.5857785,32.036633987445384
1790359098.6146462,45.462933980161324
1790359098.6169467,77.36541700433008
1790359098.6229496,38.319924991810694
1790359098.6331127,45.37904099561274
1790359098.6338253,66.9092140160501
1790359098.635302,37.816508003743365
1790359098.6363568,26.04936799616553
1790359098.6368327,19.0487049985677
1790359098.6384137,16.500524012371898
1790359098.6386182,14.1341749986168
1790359098.6427228,2.459440001985058
1790359098.6520875,65.13735698536038
1790359098.652747,58.777529979124665
1790359098.6564147,3.2627860200591385
1790359098.6652985,101.07991899712943
1790359098.666911,6.089108996093273
1790359098.667032,4.363488988019526
1790359098.6678064,3.1603840179741383
1790359098.6681972,59.43329900037497
1790359098.6698053,98.95322998636402
1790359098.66992,56.18086599861272
1790359098.670495,51.98283799109049
1790359098.6709256,47.10996200446971
1790359098.671177,33.80124398972839
1790359098.6722088,30.902261001756415
1790359098.6725419,17.46978098526597
1790359098.6752937,2.2249940084293485
1790359098.6760297,2.114173985319212
1790359098.6763365,1.5230719873216003
1790359098.6832266,2.2896319860592484
1790359098.6898465,1.8223609949927777
1790359098.718051,23.73414600151591
1790359098.723246,27.159154997207224
1790359098.728187,24.547281995182857
1790359098.7287405,17.08518498344347
1790359098.7298703,42.59265700238757
1790359098.729942,10.069038020446897
1790359098.7381482,27.432703005615622
1790359098.7395601,44.509895000373945
1790359098.7396529,20.360725990030915
1790359098.7590945,2.236055996036157
1790359098.7745032,9.6229350019712
1790359098.774573,35.61774399713613
1790359098.7863407,2.560573018854484
1790359098.798693,8.361931017134339
1790359098.8006377,32.15175701188855
1790359098.8058574,21.974652976496145
1790359098.8097517,43.26112999115139
1790359098.8099883,18.97182100219652
1790359098.810359,8.94294900353998
1790359098.821358,2.190802013501525
1790359098.8244088,29.027343000052497
1790359098.833941,26.80403902195394
1790359098.8340278,42.18053200747818
1790359098.8350062,13.393653003731743
1790359098.8364003,2.240828995127231
1790359098.8399177,1.6885359946172684
1790359098.8438094,1.7306410009041429
1790359098.8530977,2.2880650067236274
1790359098.8655639,2.920302009442821
1790359098.8769836,3.5200159763917327
1790359098.878184,2.109738008584827
1790359098.8809726,23.815113003365695
1790359098.8855042,1.9876949954777956
1790359098.8933682,18.99251900613308
1790359098.893481,27.34344100463204
1790359098.8940837,43.89057800290175
1790359098.8941498,16.901643975870684
1790359098.8997543,1.7763889918569475
1790359098.9043467,1.6941819922067225
1790359098.9062886,1.4306520170066506
1790359098.9188802,2.9032700113020837
1790359098.9201088,2.0802909857593477
1790359098.931036,3.3099279971793294
1790359098.9311285,3.3191829861607403
1790359098.935969,1.7527620075270534
1790359098.940566,1.6642780101392418
1790359098.9538007,2.007609000429511
1790359098.9599373,2.8947769897058606
1790359098.9608486,1.6214810020755976
1790359098.964634,2.0751959818881005
1790359098.9647634,13.651057990500703
1790359098.9698472,13.445106014842167
1790359098.9863153,43.0592320044525
1790359098.986495,25.5057190079242
1790359098.98656,28.675067995209247
1790359098.9874368,1.945834024809301
1790359098.9913847,1.9309550116304308
1790359098.9969842,1.7235389968845993
1790359099.0086477,3.0315759941004217
1790359099.0132418,2.5505819940008223
1790359099.0207992,5.861302983248606
1790359099.021385,7.039838994387537
1790359099.0248597,7.367006008280441
1790359099.0249686,5.812955001601949
1790359099.025965,9.599312994396314
1790359099.0266302,8.596381987445056
1790359099.027458,5.757094011642039
1790359099.0279734,2.7446910098660737
1790359099.0286334,5.0428269896656275
1790359099.0287282,2.7527989877853543
1790359099.0350583,2.0873199973721057
1790359099.0392911,1.8574109999462962
1790359099.0443513,2.167220984119922
1790359099.0509045,2.5263519783038646
1790359099.058339,2.3778430186212063
1790359099.0584016,2.545029012253508
1790359099.0611491,1.611118990695104
1790359099.0617874,1.615570014109835
1790359099.0744135,3.645937016699463
1790359099.0753503,3.2945369894150645
1790359099.076007,3.1912160047795624
1790359099.076339,4.9014390096999705
1790359099.0764017,1.8172080162912607
1790359099.0810683,1.6736949910409749
1790359099.0881848,2.2923799988348037
1790359099.0990577,2.5371240044478327
1790359099.1006649,3.324943012557924
1790359099.1007867,4.852436017245054
1790359099.1060274,1.6974720056168735
1790359099.1126297,4.270203993655741
1790359099.112943,3.0636349983979017
1790359099.1134138,2.224536001449451
1790359099.1229227,3.2526470022276044
1790359099.1387193,2.742530021350831
1790359099.1411643,1.637945999391377
1790359099.1449144,1.9129400025121868
1790359099.146314,2.1705249964725226
1790359099.1478016,2.7233709988649935
1790359099.1575997,1.5686800179537386
1790359099.1666577,12.648022995563224
1790359099.1677384,1.7665769846644253
1790359099.1860852,27.662396983942017
1790359099.1866512,40.90346701559611
1790359099.1869266,15.937336022034287
1790359099.1875165,3.102145012235269
1790359099.2001896,2.2585779952351004
1790359099.202707,1.6522960213478655
1790359099.2049985,1.5576290024910122
1790359099.209811,29.659099993295968
1790359099.2167974,18.192242976510897
1790359099.2181282,42.54060800303705
1790359099.2182746,30.57305800030008
1790359099.2186716,15.770142985275015
1790359099.2188761,12.660570006119087
1790359099.2202609,3.4473349805921316
1790359099.2245584,1.8687419942580163
1790359099.236912,2.145791018847376
1790359099.2465649,2.3070420138537884
1790359099.2540493,42.928361013764516
1790359099.254129,32.76561200618744
1790359099.254649,40.77640199102461
1790359099.2552106,27.056662016548216
1790359099.2553966,17.570004012668505
1790359099.2558887,3.3641869958955795
1790359099.2566907,2.5498610048089176
1790359099.2596016,1.7342339851893485
1790359099.270455,1.951521000592038
1790359099.2961283,37.22824499709532
1790359099.2969065,19.658867007819936
1790359099.2969873,39.88362700329162
1790359099.3316066,26.108291000127792
1790359099.3323474,33.371738012647256
1790359099.3334582,27.021115005481988
1790359099.3335836,44.633487006649375
1790359099.3354878,19.741458992939442
1790359099.3355792,26.953188003972173
1790359099.3367836,17.024800996296108
1790359099.3369982,6.839609006419778
1790359099.337122,26.218875020276755
1790359099.3373737,29.512484004953876
1790359099.3494859,40.07285900297575
1790359099.3499618,46.54626300907694
1790359099.3502738,38.60559099121019
1790359099.351932,33.11164700426161
1790359099.3520627,23.35257499362342
1790359099.3521354,11.484290997032076
1790359099.357651,1.6880220209714025
1790359099.378899,2.0322010095696896
1790359099.3796136,28.916492010466754
1790359099.3803399,37.385185016319156
1790359099.3809464,6.305460003204644
1790359099.3810189,3.476779005723074
1790359099.389482,1.9885519868694246
1790359099.3909822,1.3588200090453029
1790359099.4004962,2.585656999144703
1790359099.4134424,3.0463089933618903
1790359099.4139338,2.33221598318778
1790359099.4207902,5.382360017392784
1790359099.4259968,1.7625299806240946
1790359099.4462433,28.72673000092618
1790359099.4566455,2.0272010006010532
1790359099.458936,10.058517975267023
1790359099.4590492,40.304617024958134
1790359099.4630473,1.7211369995493442
1790359099.4669974,1.7984469886869192
1790359099.4773793,3.065261000301689
1790359099.4781291,1005.096112989122
1790359099.4796317,1038.78869098844
1790359099.4806976,2.0940510148648173
1790359099.4839969,2.1823340211994946
1790359099.4890099,1.715411024633795
1790359099.506405,1.8000589916482568
1790359099.510382,1.6200759855564684
1790359099.5270185,2.2453349956776947
1790359099.5308542,2.001184009714052
1790359099.5417068,2.778802008833736
1790359099.54327,1.550918008433655
1790359099.5452907,1.3225050061009824
1790359099.5610414,1.7655029951129109
1790359099.571342,1.982651010621339
1790359099.571408,3.066302015213296
1790359099.5807617,1.832801994169131
1790359099.5820935,1.3213049969635904
1790359099.590041,1.945238996995613
1790359099.5948734,1.4204619801603258
1790359099.6040213,1.8589439860079437
1790359099.6114166,2.580116008175537
1790359099.6128778,2.635878016008064
1790359099.6149702,1.4574929955415428
1790359099.6192133,1.623112999368459
1790359099.625378,33.80956899491139
1790359099.6255953,36.68343200115487
1790359099.6256855,24.326846993062645
1790359099.6265466,20.142555993515998
1790359099.6277685,18.308974977117032
1790359099.629496,18.236530013382435
1790359099.6298933,13.298681005835533
1790359099.662953,21.239705005427822
1790359099.6686783,34.14154102210887
1790359099.672581,43.724528019083664
1790359099.6726925,25.828815007116646
1790359099.673287,19.325339992064983
1790359099.6734822,16.499997989740223
1790359099.673866,6.084973021643236
1790359099.6803832,2.2421269968617707
1790359099.696683,61.394807999022305
1790359099.706634,64.09651599824429
1790359099.7069051,76.90280300448649
1790359099.7081037,81.22755799558945
1790359099.7198868,16.47419700748287
1790359099.720432,41.31085198605433
1790359099.720595,28.33221899345517
1790359099.7245364,15.468858007807285
1790359099.7292242,72.93804999790154
1790359099.735901,87.44934800779447
1790359099.7411075,74.16423599352129
1790359099.7499447,67.43749300949275
1790359099.751101,48.51094100740738
1790359099.7522933,76.29525000811554
1790359099.7523823,47.04012899310328
1790359099.7573526,1093.8451300025918
1790359099.7611704,43.30663799191825
1790359099.7621872,48.77014600788243
1790359099.7629104,37.24299298482947
1790359099.7635674,1101.629723008955
1790359099.7637668,14.525306993164122
1790359099.7665272,2.748744998825714
1790359099.7689562,87.61723601492122
1790359099.7795856,53.045815002406016
1790359099.7854128,66.58079000771977
1790359099.785518,7.275919982930645
1790359099.7960699,85.57153699803166
1790359099.796589,41.944414988392964
1790359099.8010712,19.372716022189707
1790359099.8011994,26.246127003105357
1790359099.8012955,55.92821098980494
1790359099.8039823,2.514866995625198
1790359099.8122199,26.252406009007245
1790359099.820701,2.3415350005961955
1790359099.8256037,15.295027988031507
1790359099.8261235,48.56408399064094
1790359099.826702,2.539581008022651
1790359099.8329825,2.0993209909647703
1790359099.833627,1.7171990184579045
1790359099.835719,1.607237005373463
1790359099.8470018,2.247683994937688
1790359099.881887,19.502404000377283
1790359099.8820171,43.161010020412505
1790359099.8867242,2.322679996723309
1790359099.8871367,39.770324976416305
1790359099.8872309,6.505022989585996
1790359099.8905225,2.167569997254759
1790359099.8916461,2.1935469994787127
1790359099.9043448,2.0016780181322247
1790359099.9063928,1.857813011156395
1790359099.9104254,1.6704020090401173
1790359099.9309733,2.615429984871298
1790359099.934667,2.368988993111998
1790359099.9353144,2.468271995894611
1790359099.9401503,2.1340210223570466
1790359099.9495862,1.7144719895441085
1790359099.9544263,1.7179910209961236
1790359099.9590635,1.854403002653271
1790359099.9604962,1.4205760089680552
1790359099.969735,2.1142810001038015
1790359099.9736338,2.174969995394349
1790359099.9754727,1.4790429850108922
1790359099.9810467,2.8681310068350285
1790359099.9812198,3.750355012016371
1790359099.9812858,2.539812005124986
1790359099.9843411,2.2356639965437353
1790359099.9980366,1.733857992803678
1790359100.0080082,2.0926379947923124
1790359100.012974,3.443383000558242
1790359100.0136979,1.833742018789053
1790359100.0234928,5.088814999908209
1790359100.0243254,3.929291997337714
1790359100.0344763,2.5647330039646477
1790359100.034807,32.84517501015216
1790359100.0381534,43.612693989416584
1790359100.0391605,30.422192008700222
1790359100.0401587,29.90286098793149
1790359100.0406015,26.47722599795088
1790359100.0411272,21.42855600686744
1790359100.0414054,2.431507018627599
1790359100.0421045,8.71241302229464
1790359100.042169,20.902881980873644
1790359100.0519402,2.009596995776519
1790359100.052325,1.7199509893544018
1790359100.0585306,2.4484989990014583
1790359100.060019,2.2852410038467497
1790359100.0670798,3.010286978678778
1790359100.0674348,2.620910992845893
1790359100.0683963,1.8559510062914342
1790359100.074595,1.523282000562176
1790359100.0784266,7.661362993530929
1790359100.0930228,3.569602995412424
1790359100.0952237,3.860001015709713
1790359100.1056497,2.7650200063362718
1790359100.1168492,32.491816993569955
1790359100.1178699,2.793796011246741
1790359100.1180067,46.36053700232878
1790359100.1186557,28.53172499453649
1790359100.119326,26.28889598418027
1790359100.1194332,3.281037003034726
1790359100.1197793,14.113117009401321
1790359100.1408436,1.6048529942054302
1790359100.1474972,3.274667978985235
1790359100.1544125,2.329808019567281
1790359100.1585855,2.5964980013668537
1790359100.1683419,2.3994899820536375
1790359100.1718585,27.738028002204373
1790359100.1720407,33.52718200767413
1790359100.1774359,2.7661740023177117
1790359100.183579,1.9826909992843866
1790359100.1852992,35.97063501365483
1790359100.1863375,31.306215008953586
1790359100.1876693,50.4215280234348
1790359100.1879945,8.603160007623956
1790359100.1881382,14.908832992659882
1790359100.1881995,30.291750008473173
1790359100.1897538,1.4470379974227399
1790359100.2205844,2.2586300037801266
1790359100.2397113,29.732551978668198
1790359100.2473536,18.54255099897273
1790359100.247833,41.743289999431
1790359100.248062,9.333394991699606
1790359100.2484567,2.7924540045205504
1790359100.2620902,2.254813996842131
1790359100.2659926,28.229159011971205
1790359100.270911,30.911034991731867
1790359100.2775793,25.55422598379664
1790359100.2776644,40.620660001877695
1790359100.2999682,18.147460010368377
1790359100.3066106,16.409164993092418
1790359100.3142872,12.092707009287551
1790359100.3144615,46.95432598236948
1790359100.3145397,8.814626024104655
1790359100.3202999,2.1322050015442073
1790359100.3204412,47.04584201681428
1790359100.3264592,31.81386398500763
1790359100.3265445,38.045854977099225
1790359100.3275812,22.651534993201494
1790359100.3285449,58.561848010867834
1790359100.3291018,4.926651017740369
1790359100.3292747,11.922498990315944
1790359100.3293529,5.89121799566783
1790359100.330273,2.6792619901243597
1790359100.3425293,1.7684710037428886
1790359100.3447454,2.2044730139896274
1790359100.3454986,1.7586720059625804
1790359100.3509467,3.495943994494155
1790359100.3511007,3.143173991702497
1790359100.35147,2.5491830019745976
1790359100.357408,2.229071978945285
1790359100.374962,1.8095599953085184
1790359100.3803515,1.7227659991476685
1790359100.3846433,2.3582160065416247
1790359100.4061859,7.327561994316056
1790359100.4071715,6.5622570109553635
1790359100.4112592,6.614627985982224
1790359100.4124699,10.078418010380119
1790359100.4126923,6.48277101572603
1790359100.4128103,3.3997799910139292
1790359100.4152396,2.2587800049223006
1790359100.417579,1.824172999477014
1790359100.4371543,2.362662024097517
1790359100.4400847,2.1591059921775013
1790359100.4550347,2.993989997776225
1790359100.4555962,1.5397430106531829
1790359100.4629529,1.752911979565397
1790359100.4671535,1.7120730190072209
1790359100.467738,38.736440998036414
1790359100.4682903,32.706956000765786
1790359100.4694743,22.595916991122067
1790359100.4702294,17.427462997147813
1790359100.470325,45.06506200414151
1790359100.470875,12.645768991205841
1790359100.4709625,8.77670501358807
1790359100.4741254,1.6713720106054097
1790359100.5179942,42.94520799885504
1790359100.5217834,25.423390994546935
1790359100.5220206,48.62888398929499
1790359100.5221343,10.878814005991444
1790359100.526966,37.14963101083413
1790359100.5297189,25.534583983244374
1790359100.530222,11.249934992520139
1790359100.530318,48.856571986107156
1790359100.5425751,2.2025060025043786
1790359100.5583441,25.658786005806178
1790359100.5594127,1.890610990813002
1790359100.5603712,47.8469829831738
1790359100.5604408,7.809482980519533
1790359100.5930905,2.0217340206727386
1790359100.596734,1.7889289883896708
1790359100.6078234,13.754728977801278
1790359100.6079667,38.070648995926604
1790359100.609388,1.3704779848922044
1790359100.6200688,1.8153389974031597
1790359100.622541,1.8874989764299244
1790359100.6290848,3.1630099983885884
1790359100.6304488,3.537667013006285
1790359100.643229,1.8116339924745262
1790359100.656452,3.9144429902080446
1790359100.6570365,3.217572986613959
1790359100.658763,1.5671989822294563
1790359100.6628313,1.6332860104739666
1790359100.6645336,27.301777008688077
1790359100.66598,37.68336900975555
1790359100.6674519,19.94449700578116
1790359100.6683295,15.149114973610267
1790359100.6686132,12.294068990740925
1790359100.6691558,8.874003979144618
1790359100.6698437,2.896196994697675
1790359100.6826108,2.5841759925242513
1790359100.685909,2.497394976671785
1790359100.7128458,39.36726998654194
1790359100.7167306,36.05614599655382
1790359100.7414212,45.584283012431115
1790359100.743295,74.6225779876113
1790359100.7542653,60.78258602065034
1790359100.7577028,55.377864016918465
1790359100.7578375,69.72886799485423
1790359100.7584608,59.10205200780183
1790359100.758903,43.77329701674171
1790359100.7597637,36.50039600324817
1790359100.760795,28.307169006438926
1790359100.7612596,12.930477008922026
1790359100.761335,21.665259002475068
1790359100.7626657,77.31755397981033
1790359100.7671964,2.1535729756578803
1790359100.7728937,2.3791360144969076
1790359100.7742534,77.32463799766265
1790359100.7754998,54.83858200022951
1790359100.7765813,45.71499599842355
1790359100.7781374,40.03406601259485
1790359100.7798977,36.031963012646884
1790359100.780132,10.596867999993265
1790359100.7808757,8.511081978213042
1790359100.7819226,30.88762899278663
1790359100.7825918,3.986363997682929
1790359100.7827232,6.125988002168015
1790359100.782859,6.015997001668438
1790359100.7829335,7.4168010032735765
1790359100.7902627,2.021769993007183
1790359100.7995198,2.167625993024558
1790359100.8165393,29.5656860107556
1790359100.8189652,1.9666430016513914
1790359100.8247266,36.40896300203167
1790359100.8248858,37.326055025914684
1790359100.8249667,10.547694022534415
1790359100.8270948,1.9779379945248365
1790359100.8284245,2.017088991124183
1790359100.832496,2.0846169791184366
1790359100.8395135,1.8889179918915033
1790359100.8640943,12.764220999088138
1790359100.877507,16.295506997266784
1790359100.8786955,40.03760198247619
1790359100.878786,13.739610003540292
1790359100.8788662,10.398148995591328
1790359100.884908,2.8377709968481213
1790359100.8863177,23.86549601214938
1790359100.8881247,1.792451017536223
1790359100.8933246,1.7849539872258902
1790359100.8940556,27.43308001663536
1790359100.894571,24.805847991956398
1790359100.8948731,44.27638300694525
1790359100.8955467,12.757423013681546
1790359100.896356,7.54233100451529
1790359100.8978946,1.526416017441079
1790359100.900175,2.0351889834273607
1790359100.9007819,1.672917976975441
1790359100.9050643,1.600062008947134
1790359100.908368,2.1569130185525864
1790359100.9092195,1.7748929967638105
1790359100.910682,1.2352819903753698
1790359100.918942,2.3599659907631576
1790359100.9231791,2.5717809912748635
1790359100.9243996,2.4854310031514615
1790359100.9309094,1.7318449972663075
1790359100.9383545,2.0899850060231984
1790359100.9411798,3.6853119963780046
1790359100.942131,2.9494549962691963
1790359100.9454596,2.080625999951735
1790359100.9684427,2.18225599383004
1790359100.9756894,1.7259429732803255
1790359100.9830441,2.4821179977152497
1790359100.9920146,1.8096709973178804
1790359100.9958537,3.3883940195664763
1790359100.9980347,4.767877020640299
1790359101.0003867,2.909080998506397
1790359101.0005758,3.871774999424815
1790359101.0077097,2.747172984527424
1790359101.0120354,3.2203849987126887
1790359101.0157728,1.8705260008573532
1790359101.0173182,1.5339340025093406
1790359101.0249722,2.020537998760119
1790359101.0276797,1.9876610022038221
1790359101.035928,1.718774001346901
1790359101.0397892,2.7175209834240377
1790359101.040249,2.3636400001123548
1790359101.052627,4.465228004846722
1790359101.0532532,3.3318510104436427
1790359101.0572033,3.93490499118343
1790359101.0840478,1.9825420167762786
1790359101.084134,4.030247015180066
1790359101.0934396,2.185912017012015
1790359101.0955172,1.3955899921711534
1790359101.1002274,2.8445659845601767
1790359101.1015594,2.35007400624454
1790359101.1096494,2.7024539886042476
1790359101.1215296,3.892566019203514
1790359101.1247332,5.226814013440162
1790359101.1254184,3.8672430091537535
1790359101.125597,3.9393150073010474
1790359101.1280005,1.501418009866029
1790359101.1328886,3.7189010181464255
1790359101.1339715,2.152507018763572
1790359101.1340373,3.785733977565542
1790359101.1448905,1.6752860101405531
1790359101.1570027,2.1028349874541163
1790359101.169768,2.520805021049455
1790359101.1794007,2.6174529921263456
1790359101.1837533,1.6360440058633685
1790359101.193537,2.0452440076041967
1790359101.1972764,38.335238001309335
1790359101.1981018,22.218091995455325
1790359101.1984236,16.907954995986074
1790359101.1984856,12.258250993909314
1790359101.20432,1.8254440219607204
1790359101.208933,3.2800650224089622
1790359101.2090209,2.4300859950017184
1790359101.2093024,1.6961790097411722
1790359101.2110474,1.4036970096640289
1790359101.2149398,1.9028609967790544
1790359101.2155526,1.5345900028478354
1790359101.2199726,3.6056810058653355
1790359101.220591,2.082743012579158
1790359101.2211926,2.224432013463229
1790359101.2212539,3.2929329900071025
1790359101.2279558,1.6968819836620241
1790359101.2333632,1.646346994675696
1790359101.2457132,2.3362729989457875
1790359101.2493875,1.5716819907538593
1790359101.2585247,1.9974670140072703
1790359101.2657967,1.8014360102824867
1790359101.2719138,1.804747007554397
1790359101.275111,3.0232499993871897
1790359101.2756562,1.6634549829177558
1790359101.2773743,1.707151997834444
1790359101.3056233,28.232293989276513
1790359101.319527,33.46089200931601
1790359101.3202336,26.741006993688643
1790359101.3203878,42.1883589879144
1790359101.3204641,24.020448996452615
1790359101.3230762,28.281681006774306
1790359101.3243217,20.231150003382936
1790359101.3244252,43.77146600745618
1790359101.324489,2.3452469904441386
1790359101.3264108,1.4874910120852292
1790359101.3300915,1.749079005094245
1790359101.3476586,2.315088000614196
1790359101.3564062,1.9675270013976842
1790359101.3619492,2.027737005846575
1790359101.369203,22.936385998036712
1790359101.3694947,39.34771500644274
1790359101.370088,11.45072397775948
1790359101.3701816,5.193591001443565
1790359101.3720555,1.568978012073785
1790359101.3750942,1.4009629958309233
1790359101.378011,1.927421981235966
1790359101.3802402,1.5340099926106632
1790359101.380306,2.047086018137634
1790359101.3849406,1.732564007397741
1790359101.3859787,1.7681529861874878
1790359101.386699,1.5292709867935628
1790359101.389676,2.6791919954121113
1790359101.3900023,2.3094819916877896
1790359101.3900697,1.510906993644312
1790359101.3943274,2.902781998272985
1790359101.3944495,2.333424024982378
1790359101.3985238,1.9570270087569952
1790359101.4016182,1.5858109982218593
1790359101.402199,1.3919920020271093
1790359101.4184153,1.7611140210647136
1790359101.4293263,2.040349005255848
1790359101.4325523,17.638985998928547
1790359101.4445665,9.517894999589771
1790359101.44902,31.825537997065112
1790359101.450019,41.31627600872889
1790359101.4503934,19.318448001286015
1790359101.4510188,15.380597003968433
1790359101.4514146,14.247404993511736
1790359101.4515545,9.632590983528644
1790359101.462753,19.540525012416765
1790359101.4671252,28.82673402200453
1790359101.4724238,29.873055027564988
1790359101.4725406,36.05682300985791
1790359101.4764023,44.64530499535613
1790359101.477034,24.965602002339438
1790359101.477341,2.2770249925088137
1790359101.4918177,2.159170020604506
1790359101.4925568,27.867427008459345
1790359101.4932578,46.25102100544609
1790359101.4933333,14.26546199945733
1790359101.4982767,1.8286619742866606
1790359101.5007548,1.581301010446623
1790359101.5047996,3.7930879916530102
1790359101.5062945,4.707824002252892
1790359101.506464,3.9920109848026186
1790359101.507442,1.9362719904165715
1790359101.5093348,1.5983390039764345
1790359101.5184903,2.3094770149327815
1790359101.533239,2.6158370019402355
1790359101.5394056,1.835751987528056
1790359101.5440774,40.743524994468316
1790359101.54467,38.36391298682429
1790359101.546732,33.074572012992576
1790359101.547796,15.507420001085848
1790359101.5486512,29.499153984943405
1790359101.548729,44.878101005451754
1790359101.548824,7.2038200160022825
1790359101.5488894,3.100103000178933
1790359101.5581167,1.891326013719663
1790359101.5643103,1.6793860122561455
1790359101.5666022,1.4682909823022783
1790359101.5823495,1.3615799834951758
1790359101.613818,33.68258601403795
1790359101.618502,17.375171999447048
1790359101.6196327,22.365365002769977
1790359101.6206782,7.354547007707879
1790359101.6207635,11.900301993591711
1790359101.6208458,42.237282992573455
1790359101.6240869,38.344795000739396
1790359101.6241562,14.546185004292056
1790359101.6276836,1.8044370226562023
1790359101.6293612,1.4785300008952618
1790359101.632203,1.4503079873975366
1790359101.6340654,1.8528859945945442
1790359101.6351924,2.0242220198269933
1790359101.645984,2.0894869812764227
1790359101.647358,1.363565999781713
1790359101.648989,1.4396219921763986
1790359101.6593246,1.9138849747832865
1790359101.6594276,2.520436013583094
1790359101.6646347,1.5603649953845888
1790359101.6756094,10.708115005400032
1790359101.678059,3.1386410119012
1790359101.6863167,2.17031899956055
1790359101.702174,18.654511019121855
1790359101.7088163,21.686064021196216
1790359101.7099478,43.28386698034592
1790359101.7100756,14.816616981988773
1790359101.722732,1.726834016153589
1790359101.72497,35.19308098475449
1790359101.72657,40.1840349950362
1790359101.727079,14.455475000431761
1790359101.7288194,5.512187985004857
1790359101.7300484,4.1022720106411725
1790359101.7316883,3.427225979976356
1790359101.7323477,1.8527590145822614
1790359101.7446775,1.7479730013292283
1790359101.7556002,28.508772986242548
1790359101.7618005,36.818332999246195
1790359101.7623477,2.5066909729503095
1790359101.7628648,1.7730029940139502
1790359101.7657034,36.685673985630274
1790359101.766246,39.66316700098105
1790359101.768748,20.30390501022339
1790359101.7690275,9.101112984353676
1790359101.769269,4.361636005342007
1790359101.7693737,36.102582002058625
1790359101.770046,3.0835999932605773
1790359101.7703438,2.7015639934688807
1790359101.7721286,1.2242219818290323
1790359101.7765105,2.295314014190808
1790359101.7801154,1.6723830194678158
1790359101.7842417,1.6209110035561025
1790359101.7858553,1.5925759798847139
1790359101.7905424,1.7921679827850312
1790359101.7911344,1.892300002509728
1790359101.7946594,1.7054490162990987
1790359101.797625,2.591013995697722
1790359101.8008337,2.4844289873726666
1790359101.8016713,4.0267930016852915
1790359101.801843,2.847550989827141
1790359101.8028862,2.0431209995876998
1790359101.822928,2.0071490143891424
1790359101.823792,1.9495649903547019
1790359101.8370485,2.393155009485781
1790359101.839182,1.5637699980288744
1790359101.83979,1.6475419979542494
1790359101.8563192,2.6228589995298535
1790359101.8591585,1.8261689983773977
1790359101.8685634,2.21452399273403
1790359101.8710966,29.227933002403006
1790359101.8717017,17.450913990614936
1790359101.8829238,2.4829239991959184
1790359101.8853028,26.112014980753884
1790359101.88629,43.66876601125114
1790359101.886385,16.576238005654886
1790359101.886461,4.065762012032792
1790359101.89639,2.463038981659338
1790359101.9077945,2.525726013118401
1790359101.9132566,1.784565014531836
1790359101.921188,1.6735600074753165
1790359101.9355032,1.7686299979686737
1790359101.9369097,28.649552987189963
1790359101.9371755,23.32841299357824
1790359101.93725,8.111883013043553
1790359101.9373162,40.43373200693168
1790359101.9439232,1.685169991105795
1790359101.947187,1.8288980063516647
1790359101.9573197,1.9015129946637899
1790359101.9603028,2.5334919919259846
1790359101.9604971,2.193501015426591
1790359101.96381,3.089523990638554
1790359101.9684474,1.5997310110833496
1790359101.9704366,1.3149550068192184
1790359101.9741127,1.4828229905106127
1790359101.979799,1.6136220074258745
1790359101.9849286,1.9252609927207232
1790359101.9905183,1.56329499441199
1790359101.9993904,2.472738007782027
1790359102.001938,1.285748992813751
1790359102.01094,2.5060019979719073
1790359102.0154736,2.5132660230156034
1790359102.0220242,36.1940469883848
1790359102.023583,27.240404015174136
1790359102.0247557,25.351941992994398
1790359102.0251539,43.549378984607756
1790359102.0252554,22.68301200820133
1790359102.0263722,8.639164007036015
1790359102.026543,17.307773989159614
1790359102.028282,1.7279949970543385
1790359102.0359666,1.4261339965742081
1790359102.0509167,1.7081479891203344
1790359102.0527685,31.604857998900115
1790359102.0529118,20.974309998564422
1790359102.0531392,38.82742399582639
1790359102.0538049,11.862980987643823
1790359102.053888,4.015270998934284
1790359102.0604506,1.9674480136018246
1790359102.064729,1.9783219904638827
1790359102.066768,1.791260001482442
1790359102.077754,3.6486580211203545
1790359102.0799806,2.210193983046338
1790359102.080925,2.466278994688764
1790359102.1185136,18.505153013393283
1790359102.1188288,9.11350201931782
1790359102.1467073,42.00413901708089
1790359102.1470854,32.958313007839024
1790359102.1472533,30.57546299532987
1790359102.1480985,47.22691100323573
1790359102.1482286,3.6078779958188534
1790359102.1501145,34.89358999649994
1790359102.1531887,1.6138259961735457
1790359102.1665535,65.90380799025297
1790359102.1668758,2.2564159880857915
1790359102.1707046,1.6821080062072724
1790359102.1730003,1.5900569851510227
1790359102.1777434,42.531838989816606
1790359102.1797502,2.9237029957585037
1790359102.1814332,51.76740698516369
1790359102.1817765,34.67725598602556
1790359102.1822326,13.841521024005488
1790359102.1825228,19.009020004887134
1790359102.1838078,11.63266901858151
1790359102.1840663,13.256812002509832
1790359102.1907563,2.8333809750620276
1790359102.2210743,31.670933007262647
1790359102.2248695,21.31948701571673
1790359102.2255223,43.16011999617331
1790359102.2270727,4.751019994728267
1790359102.2272246,6.005296017974615
1790359102.23056,31.66033999877982
1790359102.2318738,18.78630300052464
1790359102.232423,40.93272800673731
1790359102.2331727,11.825041001429781
1790359102.2332819,9.616806986741722
1790359102.2362037,1.7738819879014045
1790359102.2367935,1.5310849994421005
1790359102.239701,1.9017939921468496
1790359102.2526894,2.6130619808100164
1790359102.2599792,2.818461012793705
1790359102.2678986,2.3785230005159974
1790359102.2734637,2.795870997942984
1790359102.2924263,22.331680986098945
1790359102.3013215,28.91906801960431
1790359102.3020911,37.59182302746922
1790359102.3021736,7.105857017450035
1790359102.3071492,1.7600720166228712
1790359102.3121564,3.0955920228734612
1790359102.314259,1.3750539801549166
1790359102.323185,29.055374005110934
1790359102.3240182,38.87098701670766
1790359102.3253024,28.470955992816016
1790359102.3268569,18.35424199816771
1790359102.327148,16.13310500397347
1790359102.3273861,11.779438995290548
1790359102.3280897,3.3806329884100705
1790359102.3283584,2.6036400231532753
1790359102.3337452,2.370205009356141
1790359102.368428,18.02464699721895
1790359102.373917,19.856756000081077
1790359102.3833773,41.978533990914
1790359102.383545,6.0680590104311705
1790359102.3836155,17.283074994338676
1790359102.387367,1.9254270009696484
1790359102.3898199,39.27769701112993
1790359102.4015474,61.646513000596315
1790359102.4019933,2.120491990353912
1790359102.4116075,50.304072006838396
1790359102.4204571,50.2972679969389
1790359102.423122,69.76996100274846
1790359102.424594,40.141331002814695
1790359102.4279602,36.081628990359604
1790359102.4326854,29.938243998913094
1790359102.4328413,25.16383200418204
1790359102.4471693,44.52963301446289
1790359102.452443,42.890327982604504
1790359102.464884,58.006567996926606
1790359102.4652855,64.72741899779066
1790359102.4660635,57.408608001424
1790359102.466594,62.45362100889906
1790359102.4672906,24.12798799923621
1790359102.4674203,46.021072019357234
1790359102.469044,34.54945798148401
1790359102.4895778,29.66347598703578
1790359102.489939,66.11444099689834
1790359102.4907541,41.52265298762359
1790359102.4913602,24.659184011397883
1790359102.4918044,15.904311992926523
1790359102.5102634,57.30556198977865
1790359102.5114398,42.17789601534605
1790359102.5118866,25.428883993299678
1790359102.5136476,50.48884998541325
1790359102.5137374,62.68181698396802
1790359102.514731,10.493561014300212
1790359102.5155663,15.010104019893333
1790359102.5195172,25.997575983637944
1790359102.5268247,14.013298990903422
1790359102.5357854,33.81819900823757
1790359102.5368016,46.23860400170088
1790359102.537256,27.964731998508796
1790359102.5375443,22.801807994255796
1790359102.5377576,11.671029002172872
1790359102.538209,4.8977390106301755
1790359102.543735,1.8309540173504502
1790359102.5575078,28.797175007639453
1790359102.557939,37.30341198388487
1790359102.5582688,44.04517501825467
1790359102.5583463,4.624913010047749
1790359102.558486,17.305087996646762
1790359102.5600467,1.273517991648987
1790359102.5765033,2.515622996725142
1790359102.5791981,2.1389659959822893
1790359102.5859675,30.60808399459347
1790359102.58694,11.020392004866153
1790359102.587078,38.31180901033804
1790359102.5872002,19.390081986784935
1790359102.5920806,2.4335639900527894
1790359102.5928392,1.7152309883385897
1790359102.5976949,1.5984589990694076
1790359102.6062267,3.0623780039604753
1790359102.6111841,2.3736869916319847
1790359102.623873,1.8739239894784987
1790359102.630482,1.5721090021543205
1790359102.6443172,29.517471994040534
1790359102.6557448,41.49662298732437
1790359102.6558928,28.192212979774922
1790359102.6620908,1.9126280094496906
1790359102.684727,15.269702998921275
1790359102.6857057,42.51043198746629
1790359102.6858342,4.099998011952266
1790359102.7046554,25.95258000656031
1790359102.704858,41.553880990250036
1790359102.705971,2.573584992205724
1790359102.716459,1.845257997047156
1790359102.7333148,28.348671999992803
1790359102.7350774,15.634551993571222
1790359102.7362046,2.7141259924974293
1790359102.7363193,39.26639401470311
1790359102.7496145,1.8207219836767763
1790359102.7587094,37.331523024477065
1790359102.758808,26.39228999032639
1790359102.758894,21.589560987195
1790359102.7607293,1.4888379955664277
1790359102.7654696,2.0329570106696337
1790359102.77236,1.729002018691972
1790359102.776624,1.7338100005872548
1790359102.7814772,2.385736006544903
1790359102.7828336,2.3121809936128557
1790359102.7838285,1.5588410024065524
1790359102.7843935,1.1877979850396514
1790359102.8072135,2.3467859718948603
1790359102.8093004,2.061134990071878
1790359102.8218105,1.8142829940188676
1790359102.8286448,1.9676479860208929
1790359102.832327,1.9979770004283637
1790359102.8368773,1.7743580101523548
1790359102.837464,1.4645110059063882
1790359102.8493748,1.9222550035919994
1790359102.8665526,2.4790160241536796
1790359102.876314,2.0204899774398655
1790359102.897682,27.693843003362417
1790359102.9071798,43.202214990742505
1790359102.9073322,25.057574006495997
1790359102.9445138,21.49300801102072
1790359102.9446383,29.642122011864558
1790359102.9447227,41.50004999246448
1790359102.9504333,30.097481998382136
1790359102.9583895,40.86130199721083
1790359102.9585068,16.51061201118864
1790359102.9640927,1.7862799868453294
1790359102.964971,1.8661899957805872
1790359102.9687936,3.124322014627978
1790359102.9706037,2.436694980133325
1790359102.9708965,3.831576992524788
1790359102.9731266,4.00792999425903
1790359102.9799933,2.9187850013840944
1790359102.9953132,1.7912079929374158
1790359102.9997861,1.7505710129626095
1790359103.007931,21.8163329991512
1790359103.008044,32.447022007545456
1790359103.011673,16.34793297853321
1790359103.012406,38.85316499508917
1790359103.0124724,5.303184007061645
1790359103.0224476,2.175809000618756
1790359103.0248778,1.5189780096989125
1790359103.071165,2.3325340007431805
1790359103.0776718,1.9076440075878054
1790359103.0947082,42.49421099666506
1790359103.0962362,24.23746100976132
1790359103.0965285,41.21450200909749
1790359103.1041148,2.197669993620366
1790359103.1092892,2.0403759845066816
1790359103.114642,1.8556130235083401
1790359103.120333,41.62966599687934
1790359103.1204267,14.043937000678852
1790359103.1215043,4.244673997163773
1790359103.1215966,9.792284981813282
1790359103.1330693,2.0281609904486686
1790359103.1606827,35.836390015902
1790359103.1608126,15.97450699773617
1790359103.161045,42.93919200426899
1790359103.1612465,5.730545002734289
1790359103.161372,28.29085200210102
1790359103.1693387,29.009040008531883
1790359103.177477,25.26044100522995
1790359103.1783166,21.089031011797488
1790359103.1784122,43.00194198731333
1790359103.184147,2.2486179950647056
1790359103.1887648,23.283417976927012
1790359103.1893778,2.17432199860923
1790359103.1921349,1.5616959717590362
1790359103.2019525,43.47611402045004
1790359103.2020535,19.211353996070102
1790359103.202128,14.387753995833918
1790359103.2319772,18.30655598314479
1790359103.2329743,39.16848500375636
1790359103.233079,4.073588002938777
1790359103.2453227,32.39777800627053
1790359103.2457361,40.05489600240253
1790359103.2459157,7.345685007749125
1790359103.2459931,31.68370801722631
1790359103.2487333,1.7520940164104104
1790359103.26293,2.1643720101565123
1790359103.268076,2.2281809942796826
1790359103.2723947,2.799106005113572
1790359103.2744787,1.915350992931053
1790359103.289019,2.4373850028496236
1790359103.2935998,28.7975009996444
1790359103.29603,26.995307009201497
1790359103.2964735,44.00573598104529
1790359103.29681,26.589957997202873
1790359103.2973032,9.8014920076821
1790359103.2973964,11.47978802327998
1790359103.29747,3.260368015617132
1790359103.3000588,2.2337440168485045
1790359103.3034651,2.0138919935561717
1790359103.3174932,1.9774489919655025
1790359103.3304372,1.8081729940604419
1790359103.3336744,2.500125003280118
1790359103.3428915,2.7349889860488474
1790359103.3763423,42.108766007004306
1790359103.3841279,24.125964002450928
1790359103.3848753,41.20114698889665
1790359103.3849583,10.36184502299875
1790359103.3868694,43.959214992355555
1790359103.4092326,41.93459401722066
1790359103.409338,76.63863501511514
1790359103.4153502,29.55588500481099
1790359103.4164176,23.787273006746545
1790359103.4165218,43.157881998922676
1790359103.4175978,21.735091984737664
1790359103.4176624,7.336593000218272
1790359103.424549,32.95258301659487
1790359103.4307349,36.50515800109133
1790359103.4331563,43.26861200388521
1790359103.4345646,37.30419700150378
1790359103.436351,24.023154022870585
1790359103.4403489,3.2799619948491454
1790359103.4411082,4.742741992231458
1790359103.4429054,4.551187012111768
1790359103.4435785,4.101569997146726
1790359103.4436646,3.301666001789272
1790359103.4437308,2.6101420226041228
1790359103.4510207,1.7990829946938902
1790359103.4521167,2.057185978628695
1790359103.4637303,3.7223929830361158
1790359103.4663038,4.319092986406758
1790359103.4673715,1.8700800137594342
1790359103.468115,2.8023719787597656
1790359103.4696867,1.557755982503295
1790359103.4802656,2.84102198202163
1790359103.4879494,3.6458050017245114
1790359103.4950287,2.0150170021224767
1790359103.4995017,1.5986079815775156
1790359103.5035923,1.6887919919099659
1790359103.508467,3.1513010035268962
1790359103.5094013,1.9227739830967039
1790359103.5144672,1.996617007534951
1790359103.516967,1.79883700911887
1790359103.5171177,2.429549000225961
1790359103.5363235,7.773513003485277
1790359103.5370498,6.731531000696123
1790359103.5371702,4.924111010041088
1790359103.5378647,6.767106999177486
1790359103.5480623,1.6743449959903955
1790359103.5536232,2.0751059928443283
1790359103.5541685,1.9352349918335676
1790359103.5592859,4.893267003353685
1790359103.5598319,3.7825290055479854
1790359103.5604937,2.0987960160709918
1790359103.5734015,4.443817015271634
1790359103.5743954,4.736342991236597
1790359103.5755405,2.886019996367395
1790359103.5811396,1.814615010516718
1790359103.591062,2.247095020720735
1790359103.5929687,1.8919419962912798
1790359103.6062942,3.8002069923095405
1790359103.6078854,2.276287996210158
1790359103.6575155,52.015622990438715
1790359103.6576824,41.10182699514553
1790359103.6622496,28.04339799331501
1790359103.665125,27.419571008067578
1790359103.6666377,24.648788006743416
1790359103.6688907,20.035045978147537
1790359103.6690562,50.39804498665035
1790359103.6695411,23.251390986843035
1790359103.669868,71.66297399089672
1790359103.688815,52.248524996684864
1790359103.6889799,50.65344797912985
1790359103.6890619,67.54739899770357
1790359103.6899645,41.97210998972878
1790359103.6900713,46.75823199795559
1790359103.6908972,36.67722098180093
1790359103.6979802,30.60313602327369
1790359103.7016485,31.504651997238398
1790359103.7165883,29.528163984650746
1790359103.7183964,26.06846299022436
1790359103.7206788,52.335977990878746
1790359103.727966,34.35224699205719
1790359103.737378,36.546605988405645
1790359103.7386382,63.541984010953456
1790359103.7392328,30.55274099460803
1790359103.7393203,32.41047702613287
1790359103.749512,43.53074901155196
1790359103.7551835,40.51451399573125
1790359103.7601874,52.80442599905655
1790359103.761013,57.776939996983856
1790359103.7610974,47.289554990129545
1790359103.7783551,61.55110397958197
1790359103.7825255,59.57766401115805
1790359103.7833471,65.60647001606412
1790359103.7842636,56.84431901318021
1790359103.7851613,37.50029197544791
1790359103.7905269,47.370237996801734
1790359103.8002312,73.89656698796898
1790359103.806628,74.05779699911363
1790359103.8079627,64.13333298405632
1790359103.8088787,51.67344800429419
1790359103.8090024,85.07955400273204
1790359103.809446,31.978081999113783
1790359103.829228,52.39509098464623
1790359103.8354135,41.835401993012056
1790359103.8478181,73.50413899985142
1790359103.8480208,31.69121398241259
1790359103.8527443,35.32270499272272
1790359103.8575,47.858122998150066
1790359103.8645918,9.952045016689226
1790359103.8646922,86.2304370093625
1790359103.8681166,2.096788986818865
1790359103.8739398,49.434190994361416
1790359103.8782218,2.6834229938685894
1790359103.8799577,24.480399006279185
1790359103.881736,3.2904900144785643
1790359103.8828273,2.2067019890528172
1790359103.8835835,15.289867005776614
1790359103.884836,84.10320000257343
1790359103.8855352,6.531605002237484
1790359103.8857737,8.193483023205772
1790359103.887203,2.116827992722392
1790359103.8873923,4.550643992843106
1790359103.9231365,11.833607975859195
1790359103.9237332,37.59918798459694
1790359103.9261377,1.710659998934716
1790359103.933553,32.142006006324664
1790359103.934308,41.052459011552855
1790359103.9347754,5.013991001760587
1790359103.9348547,11.065485014114529
1790359103.9375331,1.8073670216836035
1790359103.9401953,2.3285069910343736
1790359103.948,2.00400099856779
1790359103.956219,2.043448999756947
1790359103.9605148,2.4553319963160902
1790359103.961118,2.4434379884041846
1790359103.9751203,1.8183900101576
1790359103.9896977,3.154791978886351
1790359103.9917789,1.577004004502669
1790359104.0023386,1.806943997507915
1790359104.0190434,1.9282930006738752
1790359104.029344,2.8795610123779625
1790359104.0328906,1.7460149829275906
1790359104.0420265,2.732169989030808
1790359104.0468953,2.2154480102472007
1790359104.0491104,36.73430500202812
1790359104.0544803,30.573224008549005
1790359104.055304,45.67616499844007
1790359104.0559828,28.417233988875523
1790359104.0571382,14.645095012383536
1790359104.0583014,8.952466974733397
1790359104.0591903,25.49643098609522
1790359104.0599055,2.7525079785846174
1790359104.0603683,1.8027730111498386
1790359104.063589,1.8142699846066535
1790359104.066176,2.152669010683894
1790359104.0986376,28.882965998491272
1790359104.0996442,2.81026100856252
1790359104.1005502,1.4187869965098798
1790359104.108015,42.70293298759498
1790359104.1081626,10.262485011480749
1790359104.108503,3.4641959937289357
1790359104.1145577,2.111934998538345
1790359104.1206963,2.319865016033873
1790359104.121327,1.7158780246973038
1790359104.1250515,2.5268750032410026
1790359104.1308796,1.998519990593195
1790359104.1380382,3.34773599752225
1790359104.170231,29.939458006992936
1790359104.1745172,37.361455004429445
1790359104.183555,2.1276780171319842
1790359104.188385,1.749368995660916
1790359104.2004812,21.265189978294075
1790359104.2110713,25.030188990058377
1790359104.2118356,20.239100995240733
1790359104.2246866,27.894204016774893
1790359104.2331278,16.940035013249144
1790359104.2333102,12.411000992869958
1790359104.2333877,43.139755027368665
1790359104.2406335,1.7688279913272709
1790359104.24618,69.74086901755072
1790359104.2553377,2.9224440222606063
1790359104.2570071,2.548579010181129
1790359104.2591171,51.84187900158577
1790359104.2612042,66.87902100384235
1790359104.2615426,43.1195650016889
1790359104.2626565,14.516998984618112
1790359104.2629085,26.983500021742657
1790359104.2629745,9.943982004188001
1790359104.2635753,2.018900995608419
1790359104.2669053,2.2855119896121323
1790359104.2693582,2.1043390152044594
1790359104.2698836,1.8712950113695115
1790359104.270192,1.3530199939850718
1790359104.2756844,1.6271729837171733
1790359104.2787719,1.523876009741798
1790359104.2846258,1.8512509996071458
1790359104.2846925,2.8049590182490647
1790359104.2887964,2.7104270120617002
1790359104.296294,1.8132049881387502
1790359104.3033066,2.1911090007051826
1790359104.3054953,2.1731299930252135
1790359104.316409,1.8313759937882423
1790359104.3185258,1.6400690074078739
1790359104.320745,1.6442589985672385
1790359104.3279386,1.5424250159412622
1790359104.3350217,2.5777589762583375
1790359104.341095,1.7699369927868247
1790359104.3492565,2.9144489963073283
1790359104.3683639,2.868657000362873
1790359104.3687882,1.688755990471691
1790359104.3741696,2.4346339923795313
1790359104.3761,3.3448829781264067
1790359104.3774078,2.2542719962075353
1790359104.377465,3.8068299763835967
1790359104.3809054,2.1730749867856503
1790359104.3872666,2.859246014850214
1790359104.3911777,1.9091730064246804
1790359104.3952835,1.4795120223425329
1790359104.3995237,3.889846004312858
1790359104.4000375,2.9945140122435987
1790359104.4057717,1.5946679923217744
1790359104.4116664,1.6394609992858022
1790359104.4159548,1.8254890164826065
1790359104.4165492,1.7044749984052032
1790359104.4295754,2.533555991249159
1790359104.4298458,3.401967027457431
1790359104.434228,1.8256600014865398
1790359104.4367535,3.69646999752149
1790359104.4379532,3.1443140178453177
1790359104.4490035,2.900202991440892
1790359104.4576812,2.1851480123586953
1790359104.479524,38.90658600721508
1790359104.4819956,33.62073400057852
1790359104.482681,21.742135024396703
1790359104.4832919,15.202833019429818
1790359104.483715,44.894959981320426
1790359104.5000792,33.80963098607026
1790359104.5052779,27.227651997236535
1790359104.5066726,23.977937002200633
1790359104.5070057,41.351591993588954
1790359104.507072,4.033604025607929
1790359104.5117955,31.059468019520864
1790359104.5125399,2.0231599919497967
1790359104.5178246,20.09809500304982
1790359104.5190344,2.1165919897612184
1790359104.5222275,40.18606399768032
1790359104.5228527,13.95583598059602
1790359104.5229177,6.999772012932226
1790359104.52376,4.714433016488329
1790359104.5247862,1.7725469951983541
1790359104.532983,1.9666659936774522
1790359104.5469785,2.0607509941328317
1790359104.5489209,1.5127589867915958
1790359104.5628047,2.891637006541714
1790359104.5678852,2.7138929872307926
1790359104.5735555,1.8353080085944384
1790359104.5798542,4.255852982169017
1790359104.586091,1.9527639960870147
1790359104.615512,38.042811007471755
1790359104.621664,15.46280100592412
1790359104.6288626,34.27077998640016
1790359104.633215,16.05419602128677
1790359104.6495643,74.47553001111373
1790359104.6550777,38.94356099772267
1790359104.6568866,36.26384100061841
1790359104.658909,45.167996984673664
1790359104.6596363,40.58651300147176
1790359104.6604183,13.302374980412424
1790359104.6607869,27.277921995846555
1790359104.6609032,3.4933350107166916
1790359104.6626184,24.3742739839945
1790359104.6627,58.940889983205125
1790359104.6875963,36.22406299109571
1790359104.6877654,21.051497984444723
1790359104.6878738,60.033705027308315
1790359104.7046118,32.506588002434
1790359104.7105374,39.968177996343
1790359104.7111301,36.69611198711209
1790359104.7112794,43.90680100186728
1790359104.711688,20.100686990190297
1790359104.7159472,1.6467180103063583
1790359104.7212691,45.85568598122336
1790359104.7284243,26.100295974174514
1790359104.729935,8.177095995051786
1790359104.7303324,60.36009397939779
1790359104.7323732,1.9750870123971254
1790359104.7489858,1.884745026472956
1790359104.7609959,1.9544329843483865
1790359104.761075,33.39334100019187
1790359104.7641993,41.39236797345802
1790359104.764677,18.31370801664889
1790359104.764785,11.392293003154919
1790359104.802626,22.917783993761986
1790359104.8031352,1074.8512709978968
1790359104.8033023,5.064700992079452
1790359104.8087099,2.0771170093212277
1790359104.8291388,2.6677509886212647
1790359104.8323865,36.47998001542874
1790359104.833923,2.7041580178774893
1790359104.8446567,2.455615991493687
1790359104.8455017,1096.9502769876271
1790359104.8472936,46.61001599743031
1790359104.8479977,66.27656798809767
1790359104.8485906,16.866515012225136
1790359104.8486931,18.837965006241575
1790359104.8487616,27.05123700434342
1790359104.8493338,3.1812189845368266
1790359104.856827,2.6053760084323585
1790359104.8601487,1.4765069936402142
1790359104.8640964,1.4936499937903136
1790359104.8678095,2.061598002910614
1790359104.8810327,2.1575759747065604
1790359104.8853223,24.16472102049738
1790359104.8898737,2.9137580131646246
1790359104.8912377,26.84451499953866
1790359104.8959246,2.1010359923820943
1790359104.8978689,27.34982399852015
1790359104.8987725,14.618874003645033
1790359104.8989487,42.06065202015452
1790359104.8990488,7.160002976888791
1790359104.9041178,1.996206003241241
1790359104.9055755,2.42550898110494
1790359104.9081979,2.462119999108836
1790359104.9416046,23.519526002928615
1790359104.9502165,35.01675900770351
1790359104.9511235,28.625916020246223
1790359104.9524648,25.81409501726739
1790359104.9527774,45.29154900228605
1790359104.9529634,13.673978013684973
1790359104.95813,33.36396999657154
1790359104.960658,46.29160900367424
1790359104.9623036,10.936163977021351
1790359104.9623888,24.859958997694775
1790359104.9640663,2.3507710138801485
1790359104.9662936,3.2286169880535454
1790359104.9667013,2.6219199935439974
1790359104.9677064,2.025282010436058
1790359104.9683204,1.4010439917910844
1790359104.9732883,1.6087109979707748
1790359104.97495,1.5461129951290786
1790359104.9837956,1.889710983959958
1790359104.990271,2.0390480058267713
1790359104.994872,1.816181989852339
1790359105.014647,27.97047601779923
1790359105.0179205,25.570885016350076
1790359105.0187752,42.10856699501164
1790359105.0189688,24.08416898106225
1790359105.0191674,3.881544020259753
1790359105.0326092,1.72908601234667
1790359105.03459,22.315756999887526
1790359105.0352945,39.59983302047476
1790359105.0355039,18.569711013697088
1790359105.040682,1.8686429830268025
1790359105.0472655,2.390868990914896
1790359105.055332,1.7342249921057373
1790359105.05896,2.973566995933652
1790359105.0591247,2.624568995088339
1790359105.0626092,1.9192920008208603
1790359105.0639567,2.237312000943348
1790359105.0663395,1.6628020093776286
1790359105.0680637,1.712272991426289
1790359105.069202,2.3038670187816024
1790359105.0701098,2.0282670157030225
1790359105.0780222,1.7625610053073615
1790359105.0883832,5.00876599107869
1790359105.0885072,4.026663023978472
1790359105.0895545,3.0367540020961314
1790359105.091643,2.847211988409981
1790359105.0989661,3.280724020441994
1790359105.1163843,2.1709889988414943
1790359105.1212087,2.466459001880139
1790359105.1219108,4.296192986657843
1790359105.1219764,2.2802030143793672
1790359105.1267073,1.9101589859928936
1790359105.129762,2.378083998337388
1790359105.1364713,3.6235360021237284
1790359105.1425753,3.1581980001647025
1790359105.1438093,2.2100320202298462
1790359105.1455288,2.427108003757894
1790359105.1636977,2.4240899947471917
1790359105.1677022,2.795696025714278
1790359105.1791198,2.885692985728383
1790359105.190635,1.6378869768232107
1790359105.211397,35.8502050221432
1790359105.2149174,27.1294139965903
1790359105.2153947,41.136231971904635
1790359105.2160637,24.428467004327103
1790359105.2226317,19.45989701198414
1790359105.2335596,29.35987600358203
1790359105.2440212,38.35193000850268
1790359105.2447147,20.07393998792395
1790359105.2448983,7.758331019431353
1790359105.2449677,45.13914400013164
1790359105.2497957,41.79483201005496
1790359105.259088,1.9781019946094602
1790359105.2603028,57.70683000446297
1790359105.2608957,29.790148022584617
1790359105.2610679,3.3540849981363863
1790359105.2611966,12.186572974314913
1790359105.267769,3.919356007827446
1790359105.268761,1.6821009921841323
1790359105.2750382,1.9801680173259228
1790359105.2751718,4.238641005940735
1790359105.2819371,2.599044004455209
1790359105.287869,2.0394919847603887
1790359105.2908,22.845645988127217
1790359105.2920141,1.822567021008581
1790359105.2991128,2.1655570017173886
1790359105.303953,32.17018299619667
1790359105.3041346,38.28385000815615
1790359105.3053834,31.374323007185012
1790359105.305757,23.302099987631664
1790359105.3058593,3.1445650092791766
1790359105.306036,16.601097013335675
1790359105.3065205,8.647695009130985
1790359105.3065794,10.69388198084198
1790359105.312971,1.9993919995613396
1790359105.3132982,1.8318840011488646
1790359105.3133903,3.055745008168742
1790359105.3161793,1.893270993605256
1790359105.3178575,1.3286730099935085
1790359105.3202875,1.7745659861247987
1790359105.3263307,2.421201003016904
1790359105.3273544,2.0937119843438268
1790359105.3285623,1.1984530137851834
1790359105.3379781,2.7026550087612122
1790359105.3509023,1.9527800031937659
1790359105.351834,2.02221202198416
1790359105.354829,2.9814250010531396
1790359105.3596308,2.298784995218739
1790359105.372084,2.1463960001710802
1790359105.3730052,1.8206689856015146
1790359105.3759856,3.7077940069139004
1790359105.37767,4.508235986577347
1790359105.3787804,2.248511998914182
1790359105.3807926,5.991629004711285
1790359105.3809485,3.8591239717788994
1790359105.388527,1.8968739896081388
1790359105.3916826,2.27529599214904
1790359105.4024267,2.4140109890140593
1790359105.4086764,1.8124119960702956
1790359105.416637,22.038180992240086
1790359105.4210124,16.97998002055101
1790359105.4322577,19.52649198938161
1790359105.441052,29.72995600430295
1790359105.4472113,33.872319996589795
1790359105.4474742,54.977532010525465
1790359105.4539006,38.63600202021189
1790359105.458657,41.72882199054584
1790359105.4594908,42.84241498680785
1790359105.4598527,49.91932801203802
1790359105.4603853,27.89910597493872
1790359105.460806,21.632200019666925
1790359105.4609082,38.783682975918055
1790359105.4643736,45.57210599887185
1790359105.4649382,2.4479220155626535
1790359105.4774683,2.1989360102452338
1790359105.4807105,57.13843400008045
1790359105.4808753,2.6126860175281763
1790359105.4843073,68.29050500527956
1790359105.4850333,46.83975799707696
1790359105.4853532,31.15784499095753
1790359105.4854338,18.63094200962223
1790359105.486288,6.809534010244533
1790359105.4863477,9.830391994910315
1790359105.4888923,1.8841330020222813
1790359105.4897113,1.8441579886712134
1790359105.493211,1.8789519963320345
1790359105.4933388,2.5351679942104965
1790359105.503829,1.9412729889154434
1790359105.5154488,1.4821429795119911
1790359105.5238929,2.865766000468284
1790359105.5437286,18.060305999824777
1790359105.5454826,28.282304003369063
1790359105.552068,30.287163011962548
1790359105.5525086,40.05970599246211
1790359105.5525987,13.645154016558081
1790359105.5669913,13.954663008917123
1790359105.5676742,41.91758102388121
1790359105.568819,1.8135420104954392
1790359105.5698035,1.793878007447347
1790359105.5724204,2.6061550015583634
1790359105.5728254,2.067839988740161
1790359105.573486,1.5419709961861372
1790359105.5772648,1.9587729766499251
1790359105.57878,1.380578993121162
1790359105.5835388,2.002085995627567
1790359105.5953705,3.7879849842283875
1790359105.5956488,2.489692997187376
1790359105.6225011,2.533147984649986
1790359105.6385913,3.328830993268639
1790359105.6453874,3.3635680156294256
1790359105.650851,3.470459982054308
1790359105.6577058,5.565287021454424
1790359105.6579006,4.128076019696891
1790359105.6597733,3.987094998592511
1790359105.6718829,1.7730609979480505
1790359105.6784852,4.430325992871076
1790359105.6897783,3.1863859912846237
1790359105.693922,5.47788999392651
1790359105.6946442,4.592901008436456
1790359105.696193,1.9675669900607318
1790359105.7083817,2.8495070000644773
1790359105.7241485,36.65168900624849
1790359105.7258306,36.4650719857309
1790359105.7265165,43.780982989119366
1790359105.726808,35.08884200709872
1790359105.7268994,32.06250400398858
1790359105.7269735,18.57145200483501
1790359105.7272604,3.262791986344382
1790359105.7305408,1.7872879980131984
1790359105.7365565,1.8511460220906883
1790359105.7431617,1.928420999320224
1790359105.7547874,1.7205660114996135
1790359105.7593753,2.931602008175105
1790359105.7598944,1.8055489927064627
1790359105.7708318,6.4519200241193175
1790359105.7709515,6.422067002858967
1790359105.771554,5.211992014665157
1790359105.7735784,3.2076390052679926
1790359105.7753267,3.493862983305007
1790359105.7885756,2.9557340021710843
1790359105.7886643,4.529082012595609
1790359105.7934475,1.6215740179177374
1790359105.7981327,1.6136509948410094
1790359105.8036463,1.9683819846250117
1790359105.8122127,2.758463000645861
1790359105.81407,1.832438021665439
1790359105.8165758,1.8111910030711442
1790359105.8183942,1.796071999706328
1790359105.8204634,1.3091479777358472
1790359105.8326895,2.0066289871465415
1790359105.8353112,3.6794799962081015
1790359105.8360858,2.2497060126625
1790359105.8376472,1.265147002413869
1790359105.8470573,4.7813740093261
1790359105.847134,5.445892020361498
1790359105.8473365,6.155658018542454
1790359105.8482232,3.222066006856039
1790359105.8516006,1.9995149923488498
1790359105.8532045,1.3413330016192049
1790359105.8679054,3.3294750028289855
1790359105.868965,2.5961259962059557
1790359105.8690982,8.39848502073437
1790359105.86943,4.290976008633152
1790359105.8731673,1.4838259958196431
1790359105.8927064,1.7579090199433267
1790359105.8975017,29.71359802177176
1790359105.8984845,2.3754470166750252
1790359105.9023979,41.98879300383851
1790359105.902527,14.94606101186946
1790359105.903545,10.058793995995075
1790359105.9036446,6.866095995064825
1790359105.914127,1.7064200073946267
1790359105.950015,17.96230598120019
1790359105.959954,41.65776100126095
1790359105.960969,8.197830989956856
1790359105.9610808,17.803226015530527
1790359105.9620905,1.6986049886327237
1790359105.9761717,2.9391990101430565
1790359105.978455,1.5166150114964694
1790359105.9790187,42.00144502101466
1790359105.986917,37.897589994827285
1790359105.9870746,2.7070220094174147
1790359105.9962823,2.5053560093510896
1790359105.9964957,79.98078601667657
1790359105.9990592,36.65301197906956
1790359105.9999928,26.039857999421656
1790359106.0001292,45.315442024730146
1790359106.0002143,16.55387200298719
1790359106.0003622,14.775799994822592
1790359106.0007393,61.825165001209825
1790359106.002207,5.632116983179003
1790359106.0023687,3.2975070062093437
1790359106.0033495,2.085040003294125
1790359106.0056322,1.9253799982834607
1790359106.006341,1.511136011686176
1790359106.0110369,2.310537005541846
1790359106.0117502,1.9291210046503693
1790359106.0120082,1.3459660112857819
1790359106.0148451,2.36402201699093
1790359106.014902,1.9316340039949864
1790359106.0214536,1.8132010009139776
1790359106.0302882,3.531893016770482
1790359106.0325596,5.0402189954184
1790359106.0334382,5.090610007755458
1790359106.0335186,3.2154570217244327
1790359106.033582,2.4301699886564165
1790359106.0435867,2.202308998676017
1790359106.0457323,1.7728879756759852
1790359106.0483778,2.343408006709069
1790359106.048668,1.5604369982611388
1790359106.0499475,1.1892809998244047
1790359106.0614305,1.594792993273586
1790359106.0670834,1.6396839928347617
1790359106.0795965,2.170288993511349
1790359106.0926242,33.503440994536504
1790359106.0976336,23.61651399405673
1790359106.097753,35.02451200620271
1790359106.0981581,42.38385200733319
1790359106.0994685,3.5208129847887903
1790359106.0995522,2.6712150138337165
1790359106.1029267,1.7111919878516346
1790359106.105068,1.398315973347053
1790359106.1135437,2.1165439975447953
1790359106.124545,1.7817800107877702
1790359106.1556892,36.234208004316315
1790359106.156152,39.335079985903576
1790359106.1568239,21.679002995369956
1790359106.156958,10.103226988576353
1790359106.1666555,2.122145000612363
1790359106.1758683,31.293506996007636
1790359106.176016,40.03987097530626
1790359106.1761127,19.891347998054698
1790359106.18023,1.5984060009941459
1790359106.1930673,2.2417299915105104
1790359106.2007701,1.8023579905275255
1790359106.2221098,34.27657298743725
1790359106.2226357,33.88958898722194
1790359106.2233183,30.879525002092123
1790359106.2233858,12.310136022279039
1790359106.2273693,2.105178020428866
1790359106.2315934,1.618736976524815
1790359106.2386422,2.0396829931996763
1790359106.248971,2.181018004193902
1790359106.2517376,1.5641369973309338
1790359106.263217,28.43243200914003
1790359106.2639992,19.933093019062653
1790359106.2650084,15.50011002109386
1790359106.2652662,38.912307005375624
1790359106.2653337,5.816500022774562
1790359106.2690005,1.3985760160721838
1790359106.2717636,1.7797289765439928
1790359106.3181965,3.8433050212915987
1790359106.3184206,35.72350202011876
1790359106.337414,2.180718001909554
1790359106.345291,19.264434988144785
1790359106.345424,39.588631014339626
1790359106.3454826,1.9176749920006841
1790359106.3580015,2.1377879893407226
1790359106.3628688,1.8672780133783817
1790359106.3814707,31.589115998940542
1790359106.3856633,28.740009991452098
1790359106.3866384,17.426781996618956
1790359106.3867462,38.74528201413341
1790359106.4083347,1.9030259863939136
1790359106.4136543,2.1253899903967977
1790359106.4154565,3.1532430148217827
1790359106.4158516,39.383466995786875
1790359106.4160469,19.954988994868472
1790359106.4161124,6.558656023116782
1790359106.448859,28.33274198928848
1790359106.4549773,40.758488001301885
1790359106.4551344,10.706844012020156
1790359106.4553704,18.02390001830645
1790359106.4556832,16.950394987361506
1790359106.4569583,3.989540011389181
1790359106.4597166,36.336257006041706
1790359106.461231,17.440144991269335
1790359106.4613163,23.369960981654003
1790359106.472816,23.261549009475857
1790359106.4917397,70.16150900744833
1790359106.4918492,23.1024700042326
1790359106.503224,45.63670899369754
1790359106.5037632,24.013051006477326
1790359106.5038457,20.570127991959453
1790359106.5053387,7.979240996064618
1790359106.5054338,4.081227001734078
1790359106.523305,67.42527600727044
1790359106.5342925,60.08857599226758
1790359106.5370483,54.7482330002822
1790359106.5390751,69.33362100971863
1790359106.5392876,54.31860900716856
1790359106.5398781,41.91019100835547
1790359106.5405052,24.39801799482666
1790359106.5408185,9.39710799138993
1790359106.5408802,11.377970018656924
1790359106.5428913,1.8086489872075617
1790359106.5466428,25.45574601390399
1790359106.5478992,17.892048985231668
1790359106.548768,41.75053600920364
1790359106.5489562,10.998111014487222
1790359106.5501306,2.5590949808247387
1790359106.5731597,22.532132017659023
1790359106.583333,25.698312994791195
1790359106.5842113,39.55966400098987
1790359106.5919132,35.60169998672791
1790359106.5949,28.80706900032237
1790359106.5951722,26.024327002232894
1790359106.5952463,40.64093399210833
1790359106.595395,19.101170008070767
1790359106.5955133,8.398118981858715
1790359106.624992,46.598268003435805
1790359106.6293886,38.45119598554447
1790359106.629483,10.161907004658133
1790359106.6415365,59.62316601653583
1790359106.6470983,54.169175011338666
1790359106.6640065,71.78308800212108
1790359106.664122,13.996289984788746
1790359106.670053,13.49445601226762
1790359106.6838095,27.835957007482648
1790359106.6908455,32.97898100572638
1790359106.6934004,44.20780699001625
1790359106.6937795,31.64334999746643
1790359106.6982126,38.680402998579666
1790359106.699021,45.04163601086475
1790359106.7022607,32.01825698488392
1790359106.709828,44.646886992268264
1790359106.7211123,30.2495890064165
1790359106.7212124,49.383486999431625
1790359106.724009,41.85714598861523
1790359106.7328708,43.78851500223391
1790359106.7436914,71.44428600440733
1790359106.7607706,79.69233099720441
1790359106.7652705,69.84384500537999
1790359106.7663279,78.19957000901923
1790359106.774077,69.35970301856287
1790359106.7748315,84.43018700927496
1790359106.7752693,62.78197100618854
1790359106.7759862,50.59937102487311
1790359106.777632,68.9322620164603
1790359106.781256,78.40045599732548
1790359106.781858,57.20768301398493
1790359106.7819421,89.44169199094176
1790359106.7832015,55.23194299894385
1790359106.783471,57.16250298428349
1790359106.7839167,36.77100100321695
1790359106.7862394,59.27640100708231
1790359106.7896962,1.882802986074239
1790359106.8098123,7.159748987760395
1790359106.812823,64.32372098788619
1790359106.8419359,31.942747009452432
1790359106.8432622,31.56881098402664
1790359106.845123,116.29816200002097
1790359106.8490183,45.70329899434
1790359106.8501344,63.100462983129546
1790359106.85605,38.91921500326134
1790359106.857923,55.92593699111603
1790359106.8582602,93.9162049908191
1790359106.8583422,47.34314899542369
1790359106.8585484,40.43043797719292
1790359106.8586175,42.51526002190076
1790359106.858691,54.290089989081025
1790359106.8608255,39.76727699046023
1790359106.8774996,30.58926298399456
1790359106.8836749,43.20562499924563
1790359106.884732,56.44346898770891
1790359106.884853,20.457078993786126
1790359106.884929,30.322792008519173
1790359106.8892705,61.59651602501981
1790359106.8931956,2.137995994416997
1790359106.894484,52.08162497729063
1790359106.8966086,70.64826399437152
1790359106.8976336,50.080293003702536
1790359106.897896,4.689096997026354
1790359106.8979974,6.2187200237531215
1790359106.8981564,35.9098479966633
1790359106.8982613,13.16396301263012
1790359106.9008908,6.201417010743171
1790359106.9183443,18.334780994337052
1790359106.942863,36.20693500852212
1790359106.942981,40.27546101133339
1790359106.944071,32.40796600584872
1790359106.9447439,47.78799298219383
1790359106.9451284,18.50361900869757
1790359106.9477592,48.62048997892998
1790359106.9478571,47.42403401178308
1790359106.9487178,50.1876610214822
1790359106.9492376,44.72431802423671
1790359106.9500437,40.47420198912732
1790359106.950321,21.598115999950096
1790359106.9507203,27.656598016619682
1790359106.951255,23.17199599929154
1790359106.9513721,20.753961987793446
1790359106.9543612,1.981962996069342
1790359106.9593818,1.9969840068370104
1790359106.9684286,1.9058390171267092
1790359106.9704833,1.8076029955409467
1790359106.9825635,2.2459119791164994
1790359106.9854083,53.42270800611004
1790359106.9855223,47.39210501429625
1790359106.986117,24.785132001852617
1790359106.9862251,31.350762001238763
1790359106.987547,8.305850002216175
1790359106.9877162,20.13074597925879
1790359106.9990463,2.109199995175004
1790359106.9993641,1.7644439940340817
1790359107.000796,1.1521719861775637
1790359107.008375,2.8335379902273417
1790359107.020913,2.309100003913045
1790359107.0215595,1.9425589998718351
1790359107.028717,3.4970309934578836
1790359107.0305264,2.872732002288103
1790359107.036748,2.3089130118023604
1790359107.0442555,5.025709018809721
1790359107.0480242,5.106702010380104
1790359107.0492342,8.419886988122016
1790359107.0500176,2.6757300074677914
1790359107.0501094,5.544169020140544
1790359107.0502286,3.661247988929972
1790359107.0634334,2.6419679925311357
1790359107.0691483,2.4619259929750115
1790359107.0761757,1.6870459949132055
1790359107.092561,33.86765401228331
1790359107.0937905,2.0767480018548667
1790359107.0954843,33.244056976400316
1790359107.0963619,23.461536009563133
1790359107.0970204,40.31566600315273
1790359107.0989435,21.507379016838968
1790359107.099345,4.898218001471832
1790359107.1018205,5.301811994286254
1790359107.1019933,3.6912159994244576
1790359107.1021683,4.381754988571629
1790359107.1212745,2.0009910222142935
1790359107.139945,18.043086980469525
1790359107.142905,42.975653981557116
1790359107.1430674,9.956130001228303
1790359107.1435626,1.960674999281764
1790359107.162036,30.593859002692625
1790359107.1634665,28.277419973164797
1790359107.1638293,41.17589199449867
1790359107.1639023,9.266198991099373
1790359107.164474,2.0080640097148716
1790359107.173805,1.7826129915192723
1790359107.1770968,2.4524730106350034
1790359107.1772234,3.0640370096080005
1790359107.186562,1.7116089875344187
1790359107.2009618,1.98579000425525
1790359107.2060373,2.3928629816509783
1790359107.222882,1.9725459860637784
1790359107.2277532,25.94141601002775
1790359107.2286782,39.17683201143518
1790359107.2293355,9.456539002712816
1790359107.2294073,5.159196007298306
1790359107.2389333,2.474395005265251
1790359107.2393541,1.8564149795565754
1790359107.2435682,2.179976989282295
1790359107.2445765,1.8389479955658317
1790359107.2565784,1.7888809961732477
1790359107.2657146,2.271117002237588
1790359107.279223,26.59202300128527
1790359107.282529,2.2245930158533156
1790359107.284805,38.2590260123834
1790359107.2852128,22.894213994732127
1790359107.2855814,12.4646209878847
1790359107.2874732,1.7292209959123284
1790359107.2893202,1.4128480106592178
1790359107.2948976,1.4503959973808378
1790359107.3010144,1.7628250061534345
1790359107.3092022,2.3280479945242405
1790359107.314263,2.573055011453107
1790359107.3214853,1.9524350063875318
1790359107.3307152,2.3192990047391504
1790359107.332343,33.82431701174937
1790359107.3331351,42.56801601150073
1790359107.3331897,27.029957011109218
1790359107.3334343,25.357211008667946
1790359107.334002,15.104756981600076
1790359107.3341048,13.660391996381804
1790359107.34492,1.8233059963677078
1790359107.3557744,1.9027689995709807
1790359107.3558824,2.5453779962845147
1790359107.360923,1.610412000445649
1790359107.3648512,1.600463001523167
1790359107.3698626,1.6086529940366745
1790359107.382724,1.7113240028265864
1790359107.4046903,1.842527010012418
1790359107.4254043,3.3272150030825287
1790359107.4254754,4.297180013963953
1790359107.4288871,2.5723220023792237
1790359107.4404705,5.646577017614618
1790359107.4407458,5.790410010376945
1790359107.4412694,7.500408013584092
1790359107.441404,4.834002000279725
1790359107.4679654,30.79592200811021
1790359107.4855716,38.56158402049914
1790359107.4869852,42.83306098659523
1790359107.488068,9.64239498716779
1790359107.488787,25.916173006407917
1790359107.5097668,60.173728998051956
1790359107.515517,30.49698701943271
1790359107.5189304,81.2585020030383
1790359107.519329,74.39691200852394
1790359107.5251415,52.61409698869102
1790359107.5252697,42.20302400062792
1790359107.5275302,34.48394199949689
1790359107.5287764,48.57829798129387
1790359107.529004,24.586144980276003
1790359107.529591,16.443105007056147
1790359107.5299592,11.970179009949788
1790359107.5338688,2.0229849906172603
1790359107.5410063,2.596134989289567
1790359107.5508802,2.2475679870694876
1790359107.5516803,63.8220300024841
1790359107.5606136,53.50346301565878
1790359107.5607007,60.09785900823772
1790359107.5615327,77.32457399833947
1790359107.5616746,45.168468001065776
1790359107.562993,38.75011100899428
1790359107.5639186,13.973569992231205
1790359107.5647478,27.04643999459222
1790359107.564904,3.0321090016514063
1790359107.5649815,26.299478020519018
1790359107.5666826,2.0438680076040328
1790359107.5727878,2.9585340234916657
1790359107.5731063,2.623240987304598
1790359107.5738888,1.577598974108696
1790359107.580741,1.9086860120296478
1790359107.5817611,2.2335139801725745
1790359107.588109,3.2036289921961725
1790359107.598572,2.5864149793051183
1790359107.6019988,1.9596500205807388
1790359107.6099274,2.249334007501602
1790359107.620837,2.180456998758018
1790359107.624998,2.1189700055401772
1790359107.6304202,2.5878330052364618
1790359107.6326516,3.9769379945937544
1790359107.6331387,2.5011779798660427
1790359107.6334937,1.7777559987735003
1790359107.6369133,2.2158319770824164
1790359107.6445746,2.1506600023712963
1790359107.6511295,2.7163680060766637
1790359107.6521592,1.9316479738336056
1790359107.6599274,18.982387002324685
1790359107.6650698,1.8998219748027623
1790359107.6697118,1.7189430072903633
1790359107.6777737,28.16357000847347
1790359107.6779366,34.6427210024558
1790359107.678569,41.50580501300283
1790359107.6789732,19.780287984758615
1790359107.6791086,12.813169014407322
1790359107.6796436,7.841051992727444
1790359107.681984,1.5987420047167689
1790359107.692425,1.9997449999209493
1790359107.6940846,1.4331960119307041
1790359107.7031102,1.7444480035919696
1790359107.709617,3.734997007995844
1790359107.7110827,3.578750998713076
1790359107.724553,3.2139599788933992
1790359107.7387378,2.6874229952227324
1790359107.7388773,3.5078089858870953
1790359107.7469702,6.116305012255907
1790359107.7477183,6.538304005516693
1790359107.7487264,1.7431070154998451
1790359107.7533169,3.635838977061212
1790359107.7542922,3.265452978666872
1790359107.761111,4.044474015245214
1790359107.7612495,5.501957988599315
1790359107.7619414,2.850778982974589
1790359107.7675703,2.95052002184093
1790359107.7714,1.5293569886125624
1790359107.7768347,2.1036160178482533
1790359107.785328,20.07349900668487
1790359107.786494,2.1689480054192245
1790359107.8059106,40.06026400020346
1790359107.8060632,35.574525012634695
1790359107.8108177,23.7861129862722
1790359107.818228,43.37434397893958
1790359107.8185754,15.27776598231867
1790359107.8233552,1089.1986430215184
1790359107.8326623,1077.0917469926644
1790359107.8327293,27.386973990360275
1790359107.8397095,30.954704008763656
1790359107.8402848,15.116847993340343
1790359107.8433094,26.131921011256054
1790359107.8434033,40.64284099149518
1790359107.8437388,14.263877004850656
1790359107.8739622,58.51244801306166
1790359107.874053,1126.2115119898226
1790359107.8832037,61.16444699000567
1790359107.8835917,75.35346801159903
1790359107.886549,42.32914399472065
1790359107.8943496,65.01952302642167
1790359107.8944914,58.58083500061184
1790359107.9022136,65.30272698728368
1790359107.9074607,52.157611993607134
1790359107.911583,55.48788799205795
1790359107.911686,60.98464300157502
1790359107.9229438,71.63961700280197
1790359107.9232538,63.058951986022294
1790359107.923649,60.549725021701306
1790359107.9237976,38.7407949892804
1790359107.9252262,10.254433989757672
1790359107.9253001,26.99024701723829
1790359107.9305272,37.79148397734389
1790359107.9312975,82.26993499556556
1790359107.931579,50.84978000377305
1790359107.9317389,19.785743992542848
1790359107.9327252,5.413559993030503
1790359107.9335747,1.5774820058140904
1790359107.9429605,1.9356179982423782
1790359107.9505615,1.5763449773658067
1790359107.9616032,1.7260779859498143
1790359107.9679427,37.398785003460944
1790359107.9697866,29.918907006504014
1790359107.9702013,42.10764498566277
1790359107.9706068,24.357999995118007
1790359107.987146,30.181193025782704
1790359107.9922502,23.581940011354163
1790359107.997727,25.470765976933762
1790359108.008315,45.038529991870746
1790359108.0084255,12.33443699311465
1790359108.008936,47.32112999772653
1790359108.0136335,41.92415901343338
1790359108.014467,23.815721011487767
1790359108.0148098,47.81556499074213
1790359108.014894,16.671721008606255
1790359108.0201743,2.482356008840725
1790359108.0203345,3.3693510049488395
1790359108.0269608,1.6421689942944795
1790359108.054057,32.23244400578551
1790359108.0565593,4.70824001240544
1790359108.0566406,38.003228983143345
1790359108.0757816,1.9242689886596054
1790359108.083275,17.007665999699384
1790359108.0834296,37.166888010688126
1790359108.0859213,1.666717987973243
1790359108.103704,1.6998060164041817
1790359108.108396,4.2226990044582635
1790359108.1089294,3.285618993686512
1790359108.1094365,2.4702789960429072
1790359108.11281,1.5647019899915904
1790359108.1152837,1.6555010224692523
1790359108.14282,1.8502789898775518
1790359108.1457794,1.7404319951310754
1790359108.1505919,11.238111008424312
1790359108.1516352,9.894867020193487
1790359108.1518002,38.761044008424506
1790359108.1522605,1.6539339849259704
1790359108.1559827,1.7791239952202886
1790359108.1565008,1.4219509903341532
1790359108.1668127,2.1626089874189347
1790359108.173518,2.7689290000125766
1790359108.1739264,1.6421760083176196
1790359108.1887739,1.7234520055353642
1790359108.1964107,39.60215300321579
1790359108.196629,24.81872300268151
1790359108.196712,33.47362199565396
1790359108.1968322,26.855837990297005
1790359108.1975806,18.20273802150041
1790359108.211243,1.9630570022854954
1790359108.2140198,1.5569870010949671
1790359108.2205439,2.0184600143693388
1790359108.2246275,1.80982198799029
1790359108.2247198,14.325828000437468
1790359108.225146,35.927840013755485
1790359108.2255569,4.4014109880663455
1790359108.2256334,10.686758003430441
1790359108.2380395,2.0565199956763536
1790359108.2483997,2.2262230049818754
1790359108.2708757,9.136794978985563
1790359108.2715425,26.01934998529032
1790359108.2717366,5.025559017667547
1790359108.2718205,37.87620898219757
1790359108.276343,2.4668609839864075
1790359108.2825396,1.7415689944755286
1790359108.2905335,21.329102019080892
1790359108.2919345,29.472674999851733
1790359108.2925937,43.824869993841276
1790359108.2927501,12.7301019965671
1790359108.2938485,3.2961550168693066
1790359108.2992325,1.8985219940077513
1790359108.3129401,2.785885997582227
1790359108.3130658,4.549157019937411
1790359108.314732,22.786908026318997
1790359108.316089,2.0875099871773273
1790359108.3226337,1.5910459915176034
1790359108.3295991,21.671882015652955
1790359108.3298419,20.647132012527436
1790359108.32998,42.0129940030165
1790359108.3312418,20.295892987633124
1790359108.3313313,15.232315985485911
1790359108.331767,8.694336982443929
1790359108.3477895,1.9060960039496422
1790359108.3550975,1.8633839790709317
1790359108.3864074,38.203164003789425
1790359108.386734,20.156756014330313
1790359108.3869042,2.892235992476344
1790359108.3886771,1.7619020072743297
1790359108.3919106,1.7873909964691848
1790359108.3935647,39.24519900465384
1790359108.3936603,12.437997007509694
1790359108.3945277,6.678794015897438
1790359108.3946404,9.87745399470441
1790359108.4136958,4.621881002094597
1790359108.4143126,4.347570997197181
1790359108.4239829,1.9399400043766946
1790359108.4297814,1.8267259874846786
1790359108.4485178,22.86652199109085
1790359108.4497232,37.801633996423334
1790359108.4499137,17.020374012645334
1790359108.4567506,4.323325993027538
1790359108.4572682,1.7161620198749006
1790359108.4577036,1.4733090065419674
1790359108.4732482,2.9653679812327027
1790359108.4782815,3.117679007118568
1790359108.4800863,1.5091059904079884
1790359108.4916544,2.654729993082583
1790359108.4918032,2.1575659920927137
1790359108.503554,1.827760977903381
1790359108.5148275,2.532929996959865
1790359108.5175846,3.3142719767056406
1790359108.5269191,25.73670700076036
1790359108.533621,28.527773974929005
1790359108.5363946,23.2401049870532
1790359108.5366435,39.45147799095139
1790359108.5377173,22.497325000585988
1790359108.5483878,24.532576993806288
1790359108.5533526,30.063484009588137
1790359108.5539665,25.410217000171542
1790359108.5659664,34.0787630120758
1790359108.5661783,50.19065798842348
1790359108.5663078,33.50442400551401
1790359108.5763228,42.6892880059313
1790359108.5764182,36.300603998824954
1790359108.5805345,56.02908201399259
1790359108.5813878,29.083114000968635
1790359108.581709,4.576939012622461
1790359108.5818756,21.534669009270146
1790359108.5819824,13.23696700274013
1790359108.5861886,2.021013991907239
1790359108.59144,34.91476099588908
1790359108.6006582,51.38777199317701
1790359108.6015022,36.42786099226214
1790359108.6016827,6.316899991361424
1790359108.601786,22.912490007001907
1790359108.6018674,31.809810985578224
1790359108.6019533,5.3062149963807315
1790359108.6026108,3.5918909998144954
1790359108.6204684,1.6078100015874952
1790359108.6316545,1.6530909924767911
1790359108.6369984,22.73291299934499
1790359108.6371806,36.20635799597949
1790359108.637276,15.938250988256186
1790359108.6388586,1.4463260013144463
1790359108.6472561,2.24492498091422
1790359108.6583347,2.3336950107477605
1790359108.6665757,22.28273800574243
1790359108.670212,1.7883480177260935
1790359108.678455,38.74627299956046
1790359108.6789901,24.031398992519826
1790359108.6794083,13.677105976967141
1790359108.6798956,10.83859900245443
1790359108.684904,2.8229469899088144
1790359108.686044,2.41119900601916
1790359108.6883643,1.6053550061769783
1790359108.7003713,2.119487995514646
1790359108.7029884,1.6248169995378703
1790359108.7045324,1.4307830133475363
1790359108.708255,2.546138013713062
1790359108.708854,1.4796440082136542
1790359108.7151048,1.6515630122739822
1790359108.727218,3.163290995871648
1790359108.727333,5.091985018225387
1790359108.7353613,4.188567982055247
1790359108.7403913,3.5020489885937423
1790359108.7436163,1.9156039925292134
1790359108.746037,3.18176401196979
1790359108.7478106,3.735417005373165
1790359108.7503724,2.317080012289807
1790359108.7573013,2.2629310260526836
1790359108.7622595,1.686785981291905
1790359108.7669415,2.5301999994553626
1790359108.7744055,4.269466997357085
1790359108.7752185,5.998651991831139
1790359108.7808595,3.399565990548581
1790359108.7952511,1.9377519784029573
1790359108.8019092,2.3481839743908495
1790359108.8087223,33.192762988619506
1790359108.8177881,3.578959993319586
1790359108.8207867,28.66619999986142
1790359108.8214257,3.2074239861685783
1790359108.8273869,53.61035800888203
1790359108.8275566,31.976783007849008
1790359108.8280468,26.122026989469305
1790359108.8281307,12.346723000518978
1790359108.8290815,4.163247998803854
1790359108.8391454,5.9155319759156555
1790359108.8399603,5.010977009078488
1790359108.8665056,2.869353018468246
1790359108.8716118,3.283916012151167
1790359108.8778832,4.062899010023102
1790359108.8781195,49.16984000010416
1790359108.881477,47.37578297499567
1790359108.881647,14.517864998197183
1790359108.88241,59.755241993116215
1790359108.883076,12.83005700679496
1790359108.883223,6.277923006564379
1790359108.88334,44.17524900054559
1790359108.8887053,2.6890890148933977
1790359108.8977857,2.685346989892423
1790359108.9116213,28.141712013166398
1790359108.9240065,37.00352102168836
1790359108.924735,18.409490992780775
1790359108.9252343,50.00909499358386
1790359108.9254236,8.929097995860502
1790359108.9379904,2.302704000612721
1790359108.9421482,2.7942450251430273
1790359108.9493842,39.81184001895599
1790359108.9530797,2.9216099937912077
1790359108.9661624,4.146054008742794
1790359108.9665568,1105.477893986972
1790359108.967322,3.058840986341238
1790359108.9674358,69.56114000058733
1790359108.9789371,2.314390003448352
1790359108.9837391,64.8686770000495
1790359108.9888294,47.76934301480651
1790359108.988984,50.575220986502245
1790359108.989059,1127.1127549989615
1790359108.990085,28.82768100243993
1790359108.9906363,27.461291989311576
1790359108.990873,21.321156003978103
1790359108.9917045,13.94396199611947
1790359109.0083601,3.3957719861064106
1790359109.0211802,23.417229007463902
1790359109.0370455,29.446898988680914
1790359109.0378394,23.04034901317209
1790359109.037965,46.20328897726722
1790359109.038035,18.12655699905008
1790359109.0438342,2.4647889949847013
1790359109.0486372,2.4101439921651036
1790359109.0545,3.1260190007742494
1790359109.0597568,2.3546689772047102
1790359109.0614974,51.039281010162085
1790359109.0627372,54.26984699442983
1790359109.0628662,47.19020801712759
1790359109.0635872,18.751131981844082
1790359109.0636985,38.809618999948725
1790359109.06496,15.99190101842396
1790359109.0651798,9.397333982633427
1790359109.067402,2.20747001003474
1790359109.0715363,2.584531990578398
1790359109.0741181,2.7904899907298386
1790359109.0834124,2.319104998605326
1790359109.1115148,24.61744798347354
1790359109.1117299,14.19049798278138
1790359109.1298094,36.09931198298
1790359109.1299021,30.62342799967155
1790359109.133468,32.10157199646346
1790359109.1395488,37.45747299399227
1790359109.1420598,28.897079988382757
1790359109.1424963,8.401200990192592
1790359109.1427314,57.16103801387362
1790359109.1431217,3.3790500019676983
1790359109.144118,32.371086010243744
1790359109.1448584,58.68796998402104
1790359109.1451783,19.071379996603355
1790359109.1458454,7.626488019013777
1790359109.1459198,4.991929017705843
1790359109.1562028,2.7936630067415535
1790359109.157032,1.9323330197948962
1790359109.157588,1.3737929984927177
1790359109.1604831,2.0582530123647302
1790359109.161022,1.8233619921375066
1790359109.1791542,4.334410012234002
1790359109.1792173,2.6308999804314226
1790359109.1846938,2.9401129868347198
1790359109.1888828,3.372651000972837
1790359109.1903718,1.2793070054613054
1790359109.2276006,27.26051802164875
1790359109.2334049,22.1052470151335
1790359109.2447503,35.293877008371055
1790359109.2498899,62.19597000745125
1790359109.2536733,47.113572974922135
1790359109.253774,28.603737009689212
1790359109.2556696,25.749336986336857
1790359109.2557862,43.47258299821988
1790359109.2560906,15.996834001271054
1790359109.2562351,5.494554003234953
1790359109.256333,22.32533198548481
1790359109.259905,1.9759429851546884
1790359109.26946,2.135849994374439
1790359109.271205,57.86535301012918
1790359109.2716274,42.27064401493408
1790359109.272368,48.44010900706053
1790359109.2730348,39.181303000077605
1790359109.2735517,31.206924992147833
1790359109.2740388,23.213979991851375
1790359109.2744217,14.117812999757007
1790359109.274496,38.513223989866674
1790359109.2794335,2.1051189978607
1790359109.282741,1.7684249905869365
1790359109.2841768,1.4246799983084202
1790359109.2871346,2.6398220215924084
1790359109.2884543,2.5474010035395622
1790359109.2891748,1.7768620164133608
1790359109.2901847,1.7062480037566274
1790359109.316526,2.839502994902432
1790359109.3165886,2.991893998114392
1790359109.325523,1.7726410005707294
1790359109.330794,1.5880549908615649
1790359109.341636,4.3516090081539005
1790359109.3489013,4.173230001470074
1790359109.3543627,2.726359001826495
1790359109.360412,25.673304015072063
1790359109.361962,2.3138959950301796
1790359109.3694096,1.8065999902319163
1790359109.3817108,2.379643003223464
1790359109.382196,39.47182997944765
1790359109.3880281,2.1835780062247068
1790359109.3881776,38.976666983217
1790359109.390624,32.409343984909356
1790359109.3907394,59.681604005163535
1790359109.3932447,10.084815992740914
1790359109.393444,17.696767987217754
1790359109.3935611,28.942490986082703
1790359109.3943293,3.1735289958305657
1790359109.40293,4.1925060213543475
1790359109.4034522,2.1011930075474083
1790359109.4130754,15.116130991373211
1790359109.418914,18.64734699483961
1790359109.437709,26.09344501979649
1790359109.4396174,32.173741987207904
1790359109.454307,32.05086899106391
1790359109.456647,20.650364982429892
1790359109.4600394,60.58196898084134
1790359109.462385,53.22561698267236
1790359109.4820402,35.640390997286886
1790359109.482256,65.5302029917948
1790359109.4895492,58.28069199924357
1790359109.4906762,45.79484698479064
1790359109.4910698,80.45412198407575
1790359109.493119,45.52454801159911
1790359109.5000684,45.54034801549278
1790359109.500886,49.85079698963091
1790359109.5024137,42.08244301844388
1790359109.5031445,25.711025984492153
1790359109.5042398,36.415729991858825
1790359109.5047107,28.39007502188906
1790359109.5145597,26.479783991817385
1790359109.5152063,48.89740399084985
1790359109.5158417,60.11169802513905
1790359109.5365736,38.5149669891689
1790359109.537909,67.82519799889997
1790359109.5383422,61.048520990880206
1790359109.5388432,57.185230019968
1790359109.5393715,65.27693298994564
1790359109.5409963,43.74831399763934
1790359109.5449104,21.870479016797617
1790359109.5450568,13.83537397487089
1790359109.5454795,4.163387988228351
1790359109.5455728,49.001142993802205
1790359109.546832,44.55057700397447
1790359109.5483708,2.194130007410422
1790359109.562584,34.77060099248774
1790359109.577176,36.83621101663448
1790359109.577941,32.24574599880725
1790359109.5783284,13.381785014644265
1790359109.5788631,11.483458016300574
1790359109.5789468,43.95349798141979
1790359109.584835,19.09578000777401
1790359109.5858345,37.06656402209774
1790359109.5863788,5.647134006721899
1790359109.5880497,1.6599080117885023
1790359109.588961,3.039297997020185
1790359109.5893652,2.222926006652415
1790359109.5898817,1.3721779978368431
1790359109.593633,1.7371290014125407
1790359109.5939114,1.4853679749649018
1790359109.6024086,1.8477510020602494
1790359109.6246622,1.786920998711139
1790359109.627735,1.41376000829041
1790359109.6423311,1.9277770188637078
1790359109.6433032,1.6899610054679215
1790359109.6438348,1.1935910151805729
1790359109.652531,1.4682790206279606
1790359109.6597648,2.0732160191982985
1790359109.6598322,1.6359149885829538
1790359109.6622486,1.4813290035817772
1790359109.664412,1.3316909899003804
1790359109.6680903,1.6341010050382465
1790359109.6720936,2.782299998216331
1790359109.6778133,1.6497909964527935
1790359109.6842098,2.4302260135300457
1790359109.6842897,3.0271919968072325
1790359109.6987104,1.9064609950874
1790359109.6987722,2.6600359997246414
1790359109.7250528,1.7926309956237674
1790359109.7501225,2.868165000109002
1790359109.7513483,3.0577809957321733
1790359109.7544918,2.0756789890583605
1790359109.7575433,2.1069909853395075
1790359109.7647598,2.6375590241514146
1790359109.7753823,1.8079529982060194
1790359109.7790797,2.520203997846693
1790359109.810766,23.042400978738442
1790359109.822814,32.77014699415304
1790359109.824282,26.114003994734958
1790359109.8245811,19.391188019653782
1790359109.825249,26.28001698758453
1790359109.8253286,11.976801004493609
1790359109.8254132,45.09853300987743
1790359109.8254912,9.112507977988571
1790359109.8256829,17.710973013890907
1790359109.8257794,43.16519500571303
1790359109.8259284,23.847831995226443
1790359109.8293407,1.8844679871108383
1790359109.8398554,2.4377000227104872
1790359109.8399167,1.90450600348413
1790359109.8457115,1.554096001200378
1790359109.846604,1.5443210140801966
1790359109.8549385,2.3906860151328146
1790359109.8824105,31.828682986088097
1790359109.8948832,38.741151976864785
1790359109.89567,19.972421985585243
1790359109.8964996,47.96373599674553
1790359109.8966622,5.3490030113607645
1790359109.8974204,18.258462980156764
1790359109.8994873,26.90407499903813
1790359109.9002573,44.68757600989193
1790359109.9009485,22.66490602050908
1790359109.901735,11.789159005274996
1790359109.9022303,5.558155011385679
1790359109.9099624,1.7614709795452654
1790359109.9140394,2.132145018549636
1790359109.9295216,2.230717975180596
1790359109.9439318,22.19546100241132
1790359109.9540007,18.047643010504544
1790359109.9540875,25.745504011865705
1790359109.9545817,40.40435401839204
1790359109.9552615,8.288607001304626
1790359109.9713805,36.089093977352604
1790359109.972253,30.040810990612954
1790359109.9731662,3.782223997404799
1790359109.9735374,22.66259799944237
1790359109.9736433,43.861148005817086
1790359109.9821053,1.646841992624104
1790359109.9821844,27.544401993509382
1790359109.9857724,1.4486789877992123
1790359109.9915586,11.691695981426165
1790359109.9921658,40.60196000500582
1790359109.9922526,9.444732015253976
1790359109.996195,1.604771998245269
1790359109.997954,1.749602990457788
1790359109.998949,1.3784850016236305
1790359110.0007546,1.5892480150796473
1790359110.0064073,2.149173989892006
1790359110.0123773,1.7779670015443116
1790359110.0181365,1.9274019869044423
1790359110.0301063,4.002697998657823
1790359110.0301719,2.74811900453642
1790359110.030282,4.263025999534875
1790359110.0305076,2.255036000860855
1790359110.0364103,1.712226017843932
1790359110.0379057,1.3135909975972027
1790359110.0518389,1.8435070232953876
1790359110.0537932,1.3321180013008416
1790359110.057843,1.504063024185598
1790359110.068367,3.837915020994842
1790359110.0840442,4.224375996273011
1790359110.0853205,4.072126001119614
1790359110.086087,3.3456509991083294
1790359110.10122,3.09224400552921
1790359110.1275203,2.392594004049897
1790359110.137501,40.63745602616109
1790359110.137671,16.69896100065671
1790359110.1378164,11.736072978237644
1790359110.1381872,2.4742259993217885
1790359110.1534185,3.4838519932236522
1790359110.1535711,2.7484699967317283
1790359110.1536486,4.442317003849894
1790359110.1789556,1.9558980129659176
1790359110.1974573,23.162603989476338
1790359110.20591,22.262649988988414
1790359110.2062943,11.400638002669439
1790359110.2063787,39.35601201374084
1790359110.220644,35.75949597870931
1790359110.2207863,37.84501799964346
1790359110.2212474,1.832015987019986
1790359110.2292101,1.8621500057633966
1790359110.2299113,1.5611219860147685
1790359110.2450864,1.3865780201740563
1790359110.2601807,2.1507109922822565
1790359110.2623246,1.484900014474988
1790359110.274458,31.70648598461412
1790359110.2801979,34.525655006291345
1790359110.2808738,20.677881984738633
1790359110.2852228,12.681107997195795
1790359110.2961264,13.835510006174445
1790359110.3127453,71.85440498869866
1790359110.3204303,25.874582992400974
1790359110.3241603,46.327327989274636
1790359110.32427,56.4958679897245
1790359110.327018,38.52063399972394
1790359110.3288422,24.43293802207336
1790359110.3289864,59.704265993786976
1790359110.329302,22.339753981214017
1790359110.3296442,15.051543014124036
1790359110.3303633,4.019440995762125
1790359110.3325312,1.5017690020613372
1790359110.3399704,1.7999589908868074
1790359110.3401234,75.3972899983637
1790359110.3497424,2.019525010837242
1790359110.3539228,47.866786015219986
1790359110.354793,43.21982301189564
1790359110.355491,36.131799017312005
1790359110.3564377,29.106757981935516
1790359110.3569255,21.812863007653505
1790359110.3575568,16.42589399125427
1790359110.357931,8.177912997780368
1790359110.3580008,65.40108099579811
1790359110.3670936,1.8288569990545511
1790359110.3765166,18.011323001701385
1790359110.3802755,1.9646260188892484
1790359110.387503,9.892784990370274
1790359110.3876214,38.981785997748375
1790359110.389114,2.664480998646468
1790359110.3973157,1.7218059801962227
1790359110.4062219,2.108418004354462
1790359110.4072738,2.2022810007911175
1790359110.4091291,1.364095020107925
1790359110.4127488,1.457100996049121
1790359110.4145103,1.2593530118465424
1790359110.4163516,1.8326459976378828
1790359110.4177806,1.4196760021150112
1790359110.4312775,1.6579259827267379
1790359110.4368424,1.7028570000547916
1790359110.4392638,1.5667789848521352
1790359110.4466891,1.5795769868418574
1790359110.4542212,2.762553980574012
1790359110.454889,2.871125005185604
1790359110.4559622,1.8702840025071055
1790359110.4603875,2.57059300201945
1790359110.4620097,3.0874919902998954
1790359110.4677422,2.304961992194876
1790359110.47531,2.1589270036201924
1790359110.4901748,2.426596009172499
1790359110.4902575,4.17433597613126
1790359110.4963217,1.6667949967086315
1790359110.500194,1.4736359880771488
1790359110.5003028,32.549758994719014
1790359110.5022085,41.61737402318977
1790359110.5023546,27.03250100603327
1790359110.5025806,15.724529017461464
1790359110.5028887,11.761505011236295
1790359110.5037,6.92155200522393
1790359110.5039814,3.3397469960618764
1790359110.5076232,1.4626699849031866
1790359110.517472,1.7617499979678541
1790359110.5215526,1.5209229895845056
1790359110.5342999,1.6689460026100278
1790359110.5479574,2.5865979841910303
1790359110.5485528,1.9626249850261956
1790359110.5513406,1.1894220078829676
1790359110.5563812,2.061281993519515
1790359110.5596974,1.5241360233630985
1790359110.5626276,1.341449999017641
1790359110.5771587,1.9925209926441312
1790359110.5824025,1.5801409899722785
1790359110.5847244,1.5650359855499119
1790359110.585418,1.805017003789544
1790359110.5934105,2.6628159976098686
1790359110.5941744,1.7946369771379977
1790359110.5957363,1.5525000053457916
1790359110.5995028,1.4478919911198318
1790359110.6007419,1.2312490143813193
1790359110.605015,1.6011999978218228
1790359110.6105611,1.8884349847212434
1790359110.6114352,1.6098310006782413
1790359110.6150644,1.3422610063571483
1790359110.6181087,1.8243989907205105
1790359110.624355,2.4762969987932593
1790359110.628484,1.4991080097388476
1790359110.6363494,1.8077470012940466
1790359110.6545336,1.8219059857074171
1790359110.6605692,37.213667994365096
1790359110.6606712,26.980319002177566
1790359110.6607525,15.297645004466176
1790359110.685352,1.7179480055347085
1790359110.704415,2.261902001919225
1790359110.7170448,28.09782899566926
1790359110.7181747,40.13405600562692
1790359110.718276,10.724974010372534
1790359110.718359,2.9328799864742905
1790359110.7345884,22.876614006236196
1790359110.735246,1.6375150007661432
1790359110.7397177,16.698563005775213
1790359110.7411969,37.714733014581725
1790359110.7576466,3.785134991630912
1790359110.7577698,2.9714849952142686
1790359110.7583876,2.37556200590916
1790359110.802442,2.0624799944926053
1790359110.806641,33.59107000869699
1790359110.8067143,38.05147102684714
1790359110.8181124,1.9437599985394627
1790359110.8242586,1.5262439846992493
1790359110.850456,3.1117470061872154
1790359110.8505137,2.202694013249129
1790359110.8597863,1.4137929829303175
1790359110.877387,2.3807559919077903
1790359110.8897321,2.053176984190941
1790359110.8947306,2.5431409885641187
1790359110.8955307,1.387864991556853
1790359110.8979683,23.84040001197718
1790359110.8988476,2.558187989052385
1790359110.8998015,1.6589520091656595
1790359110.905574,1.5182440110947937
1790359110.9079735,31.54428902780637
1790359110.9085078,17.29688499472104
1790359110.9087386,40.450555010465905
1790359110.909872,16.597770008957013
1790359110.9099686,14.27152001997456
1790359110.910475,9.429073019418865
1790359110.9105494,13.667843013536185
1790359110.9136293,1.4989940100349486
1790359110.9350338,2.2278500255197287
1790359110.942624,35.858484014170244
1790359110.9432316,19.780556991463527
1790359110.9433568,9.82901599491015
1790359110.9447,1.3326660264283419
1790359110.9464762,1.3823780172970146
1790359110.9594717,1.5057490090839565
1790359110.97088,3.2922789978329092
1790359110.994024,32.70681999856606
1790359110.9946575,38.54455199325457
1790359110.995968,25.878794986056164
1790359110.9963603,44.42002999712713
1790359110.9977858,11.666995007544756
1790359110.9987125,21.56435599317774
1790359111.0018015,10.049546981463209
1790359111.0066562,32.87008998449892
1790359111.012557,31.629887002054602
1790359111.0137277,24.481210013618693
1790359111.014212,45.025133003946394
1790359111.0148413,21.728007995989174
1790359111.0162437,8.998899982543662
1790359111.016403,18.605633988045156
1790359111.024358,27.478511998197064
1790359111.0344882,28.99781402084045
1790359111.0454366,55.238122993614525
1790359111.046327,22.43222901597619
1790359111.0610619,46.45335199893452
1790359111.0653155,42.17111799516715
1790359111.065425,23.449200991308317
1790359111.0655746,14.82229499379173
1790359111.065976,10.443893988849595
1790359111.0693789,1.36667798506096
1790359111.072702,1.3407499936874956
1790359111.0732157,34.72464298829436
1790359111.074261,49.71842101076618
1790359111.0750053,24.60858298582025
1790359111.0755184,21.256798005197197
1790359111.0758865,17.39835098851472
1790359111.0759637,5.617232003714889
1790359111.0796869,1.3598009827546775
1790359111.0847273,1.5358569798991084
1790359111.1047566,1.8248449778184295
1790359111.1076076,2.5844489864539355
1790359111.1084077,1.2805319856852293
1790359111.1129346,1.6054839943535626
1790359111.1145535,1.608885999303311
1790359111.120345,2.1543549955822527
1790359111.120886,1.4611289952881634
1790359111.1265807,1.5376849914900959
1790359111.12841,1.2748560111504048
1790359111.139323,1.7350440029986203
1790359111.1475458,1.9479749898891896
1790359111.153585,2.254389022709802
1790359111.1604903,1.3505209935829043
1790359111.1688817,2.8494709986262023
1790359111.1988225,2.4606770020909607
1790359111.2044547,1.9874759891536087
1790359111.210436,35.6371040106751
1790359111.2112408,9.583267994457856
1790359111.211314,3.702436020830646
1790359111.2152257,1.565156999276951
1790359111.2256038,1.98272499255836
1790359111.2348177,26.31695897434838
1790359111.240442,1.8609660037327558
1790359111.2430313,1.5398499963339418
1790359111.2445176,30.197709013009444
1790359111.244867,38.20666600950062
1790359111.2452831,7.406705990433693
1790359111.2458925,6.431480986066163
1790359111.2482278,1.5604649961460382
1790359111.252918,1.3433840067591518
1790359111.2661595,2.266552997753024
1790359111.2743506,2.186241006711498
1790359111.2839773,1.7314960132353008
1790359111.287693,1.5599179896526039
1790359111.2906928,2.2136190091259778
1790359111.2922082,27.792487002443522
1790359111.292699,19.7300540166907
1790359111.2967198,11.314635979942977
1790359111.2970974,38.36975700687617
1790359111.2975206,9.816467994824052
1790359111.2978206,3.9390109886880964
1790359111.3139265,2.0629149803426117
1790359111.316337,1.8447770271450281
1790359111.3268902,27.530577004654333
1790359111.336271,22.479934996226802
1790359111.3367352,17.25202301167883
1790359111.336832,36.94738101330586
1790359111.3397226,2.595897007267922
1790359111.3429036,2.9038469947408885
1790359111.3441553,15.627271990524605
1790359111.393356,44.99362001661211
1790359111.3946652,39.09340797690675
1790359111.3954494,24.882383993826807
1790359111.3956375,54.67241199221462
1790359111.3969755,33.26771201682277
1790359111.3973744,20.31216400791891
1790359111.3986611,4.632743017282337
1790359111.3987494,5.531269998755306
1790359111.401485,62.423714000033215
1790359111.4022617,2.575285005150363
1790359111.4063237,63.208494015270844
1790359111.4067028,2.3175659880507737
1790359111.4167128,90.52428099676035
1790359111.416826,67.44293597876094
1790359111.4180348,54.47548200027086
1790359111.4192786,53.66464701364748
1790359111.420189,29.647279996424913
1790359111.421584,26.905427017481998
1790359111.4219463,80.21236199419945
1790359111.422078,47.40582901285961
1790359111.4222531,3.6902189895045012
1790359111.4223273,22.51217101002112
1790359111.4223907,29.02160899247974
1790359111.4329226,1.8319200025871396
1790359111.4370086,1.8889819912146777
1790359111.4379792,2.0265649945940822
1790359111.4400172,2.027890004683286
1790359111.4400902,1.6322819865308702
1790359111.4449823,1.9728860061150044
1790359111.4459884,1.4004060067236423
1790359111.450784,1.6786670021247119
1790359111.4508402,2.257043990539387
1790359111.4576292,2.5108809932135046
1790359111.4584837,2.1718420030083507
1790359111.4657555,2.0364590163808316
1790359111.4666255,2.2931589919608086
1790359111.4775488,1.5235629980452359
1790359111.4872878,2.3840089852456003
1790359111.4976554,2.339250990189612
1790359111.4998646,30.159076006384566
1790359111.5025427,20.606174977729097
1790359111.5032248,17.034624004736543
1790359111.5033162,36.58919199369848
1790359111.5088072,1.4941819827072322
1790359111.5137236,1.4731419796589762
1790359111.5202537,2.4293920141644776
1790359111.5315032,1.7794599989429116
1790359111.5344558,2.387848013313487
1790359111.5382836,5.444401991553605
1790359111.540542,3.7189229915384203
1790359111.5408623,3.227221983252093
1790359111.5435987,2.0617990230675787
1790359111.546523,1.8551139801274985
1790359111.5474427,1.7632560047786683
1790359111.5777602,24.316467985045165
1790359111.5905848,34.529226017184556
1790359111.5913415,23.04347199969925
1790359111.5922973,42.02536301454529
1790359111.5934494,18.01207399694249
1790359111.5935233,7.303791993763298
1790359111.5937006,23.607023002114147
1790359111.5943143,5.822326027555391
1790359111.5958593,27.717016026144847
1790359111.5959413,41.96841499651782
1790359111.597659,5.2926210046280175
1790359111.5978746,16.21835900004953
1790359111.5981753,28.690206992905587
1790359111.598338,45.37899297429249
1790359111.5984895,8.425066014751792
1790359111.599066,28.036864998284727
1790359111.5997493,5.239159014308825
1790359111.5998948,13.059408986009657
1790359111.6003957,3.188533999491483
1790359111.6004658,1.9668290042318404
1790359111.6045086,1.4968279865570366
1790359111.613037,1.754756027366966
1790359111.6266186,1.8317080102860928
1790359111.6331003,5.195420002564788
1790359111.63362,3.9776909979991615
1790359111.633985,3.2357570016756654
1790359111.6340594,6.598373991437256
1790359111.6344457,3.1976629979908466
1790359111.6360328,1.351772982161492
1790359111.642692,2.1441559947561473
1790359111.6519308,2.182388008804992
1790359111.6589346,2.161074982723221
1790359111.663377,1.5974559937603772
1790359111.6711352,2.218867011833936
1790359111.6740117,1.9259459804743528
1790359111.675966,27.359344996511936
1790359111.6868684,36.396826995769516
1790359111.6887667,40.822793991537765
1790359111.6891358,28.694114997051656
1790359111.6898158,22.83997301128693
1790359111.7007954,31.151829985901713
1790359111.7109737,34.658824995858595
1790359111.726334,43.3237629767973
1790359111.726839,39.1470409813337
1790359111.7270641,47.34759501297958
1790359111.7305598,46.47588200168684
1790359111.7316306,49.62865498964675
1790359111.731689,38.28668498317711
1790359111.7324202,24.56068102037534
1790359111.7325246,4.684317013015971
1790359111.7467563,1.6389439988415688
1790359111.7539318,52.30217502685264
1790359111.7550066,1.8185499939136207
1790359111.7598143,36.5523720101919
1790359111.7653148,24.77671200176701
1790359111.7659788,3.274808987043798
1790359111.766255,9.876710013486445
1790359111.766388,59.21619202126749
1790359111.7665126,14.37012999667786
1790359111.7734025,1.4060179819352925
1790359111.7816048,1.6955850005615503
1790359111.7837875,1.306738005951047
1790359111.7853272,1.3629610184580088
1790359111.8070478,1.8381979898549616
1790359111.817736,32.244223984889686
1790359111.8178015,9.107213991228491
1790359111.819502,1.5324650157708675
1790359111.8243186,1.8011890060734004
1790359111.8281152,1.4468269946519285
1790359111.8335924,1.8128369993064553
1790359111.836575,1.570805994560942
1790359111.8381748,1.2612130085472018
1790359111.8509097,1.6152530151885003
1790359111.8523738,1.4550230116583407
1790359111.85896,2.420974982669577
1790359111.8597217,1.9197069923393428
1790359111.86756,1.5555089921690524
1790359111.8720238,2.179871022235602
1790359111.8913898,2.1597299783024937
1790359111.8964164,2.3021359811536968
1790359111.9084055,27.849349018651992
1790359111.908979,37.72272798232734
1790359111.9093032,16.1700910248328
1790359111.9093666,2.2775880061089993
1790359111.913174,2.064739994239062
1790359111.9139278,1.8902590090874583
1790359111.9175358,2.1670499991159886
1790359111.9204233,1.8749549926724285
1790359111.92324,1.591656997334212
1790359111.926972,1.6198350058402866
1790359111.9308624,1.5006819739937782
1790359111.9337304,1.6069080156739801
1790359111.9431849,1.7115020018536597
1790359111.9579008,1.945354015333578
1790359111.9646301,23.74344802228734
1790359111.9647553,12.68603399512358
1790359111.9725,1.987733005080372
1790359111.980076,39.74890400422737
1790359111.980234,14.968119998229668
1790359111.981764,2.7767629944719374
1790359111.981839,4.041574982693419
1790359111.9821618,1.662387017859146
1790359112.0002532,1.717756997095421
1790359112.007023,1.9784389878623188
1790359112.0150192,1.7371979774907231
1790359112.0179887,21.794150990899652
1790359112.021049,1.6163280233740807
1790359112.034475,32.43000601651147
1790359112.037903,27.015747007681057
1790359112.0396388,20.71491300011985
1790359112.039708,44.28056799224578
1790359112.0402262,18.702217988902703
1790359112.0403051,8.037033985601738
1790359112.0591564,2.1345810091588646
1790359112.0652792,34.37712701270357
1790359112.065369,27.151941001648083
1790359112.06556,3.9425000140909106
1790359112.0656338,42.61927100014873
1790359112.0987937,28.484796988777816
1790359112.1043608,26.45807299995795
1790359112.1135054,34.491317986976355
1790359112.1149833,29.239619005238637
1790359112.1188679,32.16652901028283
1790359112.120696,29.680505977012217
1790359112.1295755,60.53067199536599
1790359112.131488,31.242664001183584
1790359112.137294,61.37731397757307
1790359112.1400063,42.32021400821395
1790359112.1424444,19.60506397881545
1790359112.1483657,56.726393988355994
1790359112.1488576,47.16556699713692
1790359112.1490014,25.288305012509227
1790359112.1514606,19.083332997979596
1790359112.1515856,21.88031902187504
1790359112.1518025,9.21597401611507
1790359112.1543055,29.07538300496526
1790359112.155328,50.15113900299184
1790359112.1572206,16.218862001551315
1790359112.157406,27.019173023290932
1790359112.1576903,7.319758005905896
1790359112.1785295,23.14467402175069
1790359112.1851964,1.8861989956349134
1790359112.192179,37.374004983576015
1790359112.1922557,5.08816700312309
1790359112.2033763,1.843652018578723
1790359112.2040844,1.5133539855014533
1790359112.2083232,1.8587890081107616
1790359112.209516,2.396906987996772
1790359112.2104244,1.4521149860229343
1790359112.2104824,2.1491210209205747
1790359112.2150147,1.7628720088396221
1790359112.2173643,1.3592309842351824
1790359112.2212105,1.698223000857979
1790359112.2215486,1.456683996366337
1790359112.2286773,1.625993027118966
1790359112.2349184,1.781025988748297
1790359112.238121,1.3961869990453124
1790359112.2400122,1.5161189949139953
1790359112.2554862,2.233431994682178
1790359112.272066,2.342093997867778
1790359112.2961967,21.325834008166566
1790359112.2966943,13.258822989882901
1790359112.297087,42.55792498588562
1790359112.303993,1.8596140143927187
1790359112.3108683,29.91874801227823
1790359112.3227186,21.894498000619933
1790359112.322793,44.84728697570972
1790359112.3266783,1.9479129987303168
1790359112.3430052,40.0338240142446
1790359112.3431964,14.771248999750242
1790359112.349874,1.842858997406438
1790359112.352268,1.5474759857170284
1790359112.385238,2.2764680034015328
1790359112.3908436,1.8827369785867631
1790359112.3965683,2.1453649969771504
1790359112.4083498,32.08048699889332
1790359112.4089954,2.195487992139533
1790359112.4119449,27.151316025992855
1790359112.4127274,17.753464984707534
1790359112.4128003,38.176435977220535
1790359112.4130523,22.9708090191707
1790359112.4145916,3.742020984645933
1790359112.4156606,2.5969120033551008
1790359112.415734,3.273488982813433
1790359112.422876,2.6184149901382625
1790359112.4236617,1.7339189944323152
1790359112.4271326,1.3664609869010746
1790359112.4321826,1.4822919911239296
1790359112.4377596,1029.6332360012457
1790359112.4385138,1.9927590037696064
1790359112.439174,1.3275840028654784
1790359112.4414303,1.262309990124777
1790359112.4725115,13.286742003401741
1790359112.4865139,25.864886993076652
1790359112.4869273,36.856335995253175
1790359112.4874315,9.93507998646237
1790359112.4875662,16.5789189923089
1790359112.4884093,18.475040007615462
1790359112.489478,1.6915189917199314
1790359112.4935815,17.516067979158834
1790359112.4953685,40.284267015522346
1790359112.4954607,15.098798990948126
1790359112.5001636,2.1283390233293176
1790359112.5004728,2.339055994525552
1790359112.5005689,3.185807989211753
1790359112.5099714,1.5806790033821017
1790359112.5145435,1.7887260182760656
1790359112.5230868,1.4755209849681705
1790359112.5328405,2.3013910104054958
1790359112.5336957,1.7768859979696572
1790359112.5363402,1.4289450191427022
1790359112.5390024,1.5920789737720042
1790359112.5479543,1.8565259815659374
1790359112.5487804,1.6129290161188692
1790359112.5497673,1.6514459857717156
1790359112.5516818,1.452047989005223
1790359112.5692139,2.9934580088593066
1790359112.569316,2.523735980503261
1790359112.5747826,1.589325984241441
1790359112.5771253,1.4263089979067445
1790359112.58165,1.2700310035143048
1790359112.5830758,1.1877810175064951
1790359112.5875273,1.6665729926899076
1790359112.5904937,1.9691000052262098
1790359112.5910378,1.7794779851101339
1790359112.6050296,1.7230099765583873
1790359112.6079893,1.4616739936172962
1790359112.61459,1.3635339855682105
1790359112.6262527,2.2754509991500527
1790359112.626357,2.8824820183217525
1790359112.6419592,1.6456030134577304
1790359112.6451998,1.5587520028930157
1790359112.6479225,2.498872025171295
1790359112.6487732,1.6393589903600514
1790359112.6542318,1.3269410119391978
1790359112.6577961,2.0068250014446676
1790359112.6578934,2.6501030079089105
1790359112.6628687,2.7534269902389497
1790359112.6645744,1.5306799905374646
1790359112.667125,1.611684012459591
1790359112.66766,1.353294006548822
1790359112.6689181,1.1545349843800068
1790359112.6730402,1.3449149846564978
1790359112.7023568,2.818309993017465
1790359112.7072628,28.46025102189742
1790359112.7097554,1.94491000729613
1790359112.7120697,37.419782020151615
1790359112.7122238,11.210880998987705
1790359112.714132,1.8969090015161783
1790359112.714282,3.61162397894077
1790359112.7155383,2.488583995727822
1790359112.7190518,1.6302000149153173
1790359112.7302177,1.6068339755292982
1790359112.7325149,1.5809480100870132
1790359112.7331507,1.4053320046514273
1790359112.7371397,1.9310299830976874
1790359112.7409155,1.4570959901902825
1790359112.7600427,1.7927539884112775
1790359112.7623372,1.366527983918786
1790359112.7941864,25.78947800793685
1790359112.8056133,26.85939898947254
1790359112.8076255,7.748928997898474
1790359112.8081112,16.091641009552404
1790359112.8085935,42.61049898923375
1790359112.8090613,3.2894189935177565
1790359112.8098607,33.20888098096475
1790359112.8123925,29.122331005055457
1790359112.8125381,15.871443989453837
1790359112.8126152,43.22549799690023
1790359112.814235,10.070660995552316
1790359112.8143127,6.6740550100803375
1790359112.8147695,1.9703629950527102
1790359112.8235395,1.6366549825761467
1790359112.8255048,1.9551090081222355
1790359112.8260071,1.3186099822632968
1790359112.8348074,1.9542189838830382
1790359112.8354745,1.5095189737621695
1790359112.8479013,1.3776599953416735
1790359112.8523777,1.646957010962069
1790359112.87008,24.730131000978872
1790359112.881759,33.31014301511459
1790359112.882263,40.15271700336598
1790359112.8830829,26.69292700011283
1790359112.8923156,33.33084000041708
1790359112.8993633,45.14473598101176
1790359112.900128,9.852847026195377
1790359112.9003298,5.292312009260058
1790359112.9047976,2.4551480018999428
1790359112.9100842,18.63242601393722
1790359112.9119875,1.7325159860774875
1790359112.920592,24.442916008410975
1790359112.9256012,63.997127988841385
1790359112.9258807,18.01943901227787
1790359112.927792,49.993180989986286
1790359112.927962,5.4536620154976845
1790359112.9299843,2.3838299966882914
1790359112.9371166,2.0015859918203205
1790359112.9412944,2.9313130071386695
1790359112.9547575,28.86393599328585
1790359112.9625194,30.036523996386677
1790359112.9630837,43.98652201052755
1790359112.963871,26.309968990972266
1790359112.9643955,24.28063499974087
1790359112.9648683,17.312358017079532
1790359112.96532,4.192710999632254
1790359112.983556,38.8543680019211
1790359112.9894662,44.12174099707045
1790359112.9901311,36.342099017929286
1790359112.990224,23.71103799669072
1790359113.0203469,43.833508010720834
1790359113.0208845,25.136337004369125
1790359113.0212464,18.849888001568615
1790359113.0213203,3.795336000621319
1790359113.0300283,28.37197302142158
1790359113.030412,2.269231976242736
1790359113.0383332,24.800906976452097
1790359113.0389957,45.44812999665737
1790359113.0396035,12.50172100844793
1790359113.039677,10.827446007169783
1790359113.0495968,1.8240040226373821
1790359113.053176,1.577118004206568
1790359113.0666864,21.101315011037514
1790359113.0723135,22.316896996926516
1790359113.0827823,12.97382899792865
1790359113.0849347,42.229632003000006
1790359113.086112,13.224444002844393
1790359113.0863101,10.035604995209724
1790359113.0866394,6.935271987458691
1790359113.1011462,30.42209500563331
1790359113.1013443,44.00732001522556
1790359113.1014483,26.313990994822234
1790359113.1017733,8.23314898298122
1790359113.1018429,23.692260991083458
1790359113.10802,2.0873589965049177
1790359113.1103063,1.728787989122793
1790359113.113124,1.4132910000625998
1790359113.1170578,1.429940020898357
1790359113.1203475,17.880653991596773
1790359113.1265607,19.35784998931922
1790359113.1322982,21.207225014222786
1790359113.1327972,40.851845988072455
1790359113.1329052,7.187845010776073
1790359113.1329625,17.84970998414792
1790359113.1382794,1.992471981793642
1790359113.1383545,2.885141992010176
1790359113.1593852,1.7979179974645376
1790359113.1689594,1.8437640101183206
1790359113.175543,1.980061992071569
1790359113.1765275,1.7421480151824653
1790359113.1978736,2.60109402006492
1790359113.20391,2.002269000513479
1790359113.2059338,1.4257679868023843
1790359113.2188766,35.82264998112805
1790359113.2204072,19.9017169943545
1790359113.2218618,19.368036009836942
1790359113.2219996,9.105921984883025
1790359113.2220626,41.24764399603009
1790359113.223986,1.8080350128002465
1790359113.226856,1.5890479844529182
1790359113.229764,1.3623060076497495
1790359113.232342,1.6581679810769856
1790359113.2328672,2.5892609846778214
1790359113.2329166,1.8216339813079685
1790359113.2362313,1.3390920066740364
1790359113.240348,1.290079002501443
1790359113.2423398,1.5542439941782504
1790359113.2426147,1.3860909966751933
1790359113.2467525,1.9332690280862153
1790359113.2524056,1.4186490152496845
1790359113.2611306,1.7795480089262128
1790359113.2638385,1.3715429813601077
1790359113.2654462,1.2968509981874377
1790359113.2746356,1.8777850200422108
1790359113.2766426,1.7307689995504916
1790359113.277261,1.7142220167443156
1790359113.2970498,3.2467319979332387
1790359113.297346,2.511309983674437
1790359113.297621,2.0275620045140386
1790359113.3253427,2.1314900077413768
1790359113.3291965,1.8241920042783022
1790359113.331741,1.8698190106078982
1790359113.3318322,2.470139996148646
1790359113.3458924,2.1783589909318835
1790359113.3467808,2.3492230102419853
1790359113.347663,1.4023499970789999
1790359113.3927178,40.392660012003034
1790359113.3962204,35.78594501595944
1790359113.4002514,52.01550500351004
1790359113.4004602,36.390383989783004
1790359113.4007225,34.55574999679811
1790359113.401622,33.0897239909973
1790359113.401931,8.891974022844806
1790359113.4026818,42.866370000410825
1790359113.4029372,19.61666499846615
1790359113.4045832,3.8473659951705486
1790359113.4068441,1.9788380013778806
1790359113.4118073,52.82224001712166
1790359113.412165,44.34199398383498
1790359113.4130201,33.448800997575745
1790359113.4131355,22.73144098580815
1790359113.4145539,12.610296020284295
1790359113.414642,17.98977199359797
1790359113.4156134,2.0479499944485724
1790359113.4178119,1.588618993991986
1790359113.4229565,2.251122990855947
1790359113.4244885,1.5162639901973307
1790359113.426359,1.685094990534708
1790359113.4287653,1.512057991931215
1790359113.4309103,1.464730012230575
1790359113.4451308,1.8412700155749917
1790359113.4591737,2.70723199355416
1790359113.459354,23.652075993595645
1790359113.4695618,3.3916129905264825
1790359113.469655,2.344398992136121
1790359113.4752982,16.591149993473664
1790359113.4754803,21.38575099525042
1790359113.4756281,39.31278598611243
1790359113.4756844,8.96685299812816
1790359113.4761484,1.917360001243651
1790359113.479811,1.602678996277973
1790359113.481346,1.3231500051915646
1790359113.486118,2.197357011027634
1790359113.497072,2.0311870030127466
1790359113.5023406,1.966387004358694
1790359113.5120978,3.0101349984761328
1790359113.5121675,2.495116990758106
1790359113.5190113,2.209377009421587
1790359113.532464,2.2330600186251104
1790359113.5354893,1.7584680172149092
1790359113.5399835,2.1086009801365435
1790359113.5435393,19.100728997727856
1790359113.544676,1.8929469806607813
1790359113.5587013,24.05659802025184
1790359113.5592055,39.09189801197499
1790359113.5594704,28.629577020183206
1790359113.5597854,20.36035098717548
1790359113.5634904,1.4883870026096702
1790359113.573295,1.963288988918066
1790359113.5802658,1.8514000112190843
1790359113.594027,1.6906739911064506
1790359113.5995286,1.6614259802736342
1790359113.6033719,2.6561630074866116
1790359113.6054668,2.0747559901792556
1790359113.610622,2.884436020394787
1790359113.6111171,2.219842019258067
1790359113.6128976,1.765586988767609
1790359113.619785,2.0406080002430826
1790359113.6240704,2.38891298067756
1790359113.6302152,1.939898997079581
1790359113.6305714,1.5412310021929443
1790359113.6348917,1.4341269852593541
1790359113.636639,1.5719840012025088
1790359113.6427538,2.541205001762137
1790359113.6430533,2.949087996967137
1790359113.6480525,1.8985119822900742
1790359113.6674445,2.062412997474894
1790359113.6700568,1.6604959964752197
1790359113.676848,1.943366980412975
1790359113.6848903,23.214747983729467
1790359113.6861854,2.265946997795254
1790359113.6904705,35.86407701368444
1790359113.6909108,23.092927993275225
1790359113.691599,22.405719995731488
1790359113.6917188,12.38704999559559
1790359113.7047634,2.7456020179670304
1790359113.7084253,2.089921006700024
1790359113.7093313,1.9348970090504736
1790359113.7331476,2.531461010221392
1790359113.7421806,2.0303890050854534
1790359113.7427952,1.7041579994838685
1790359113.755891,3.1685580033808947
1790359113.7574275,1.5250930155161768
1790359113.7673607,2.5763259909581393
1790359113.7828586,28.359796007862315
1790359113.7904415,32.57262101396918
1790359113.791358,3.8641569844912738
1790359113.7924728,2.9823520162608474
1790359113.7990296,45.12975801480934
1790359113.799619,10.954658995615318
1790359113.8000822,8.875525993062183
1790359113.8001618,34.02132898918353
1790359113.800935,3.3835750073194504
1790359113.8014061,1.7622869927436113
1790359113.8098412,1.7927100125234574
1790359113.8099139,2.2915260051377118
1790359113.8182192,1.5618370089214295
1790359113.8228865,1.586419006343931
1790359113.8238575,3.0983859905973077
1790359113.8254113,2.060702012386173
1790359113.8260431,1.6252740169875324
1790359113.8365278,2.0748530223499984
1790359113.8410208,1.705879985820502
1790359113.8469195,1.7655489791650325
1790359113.8588886,23.742083983961493
1790359113.869092,20.126196002820507
1790359113.8693445,38.21709001203999
1790359113.869553,6.985799001995474
1790359113.8697612,27.75567999924533
1790359113.8706725,2.20664800144732
1790359113.8861313,2.6538539968896657
1790359113.8906705,36.46778699476272
1790359113.8913958,1.7204750038217753
1790359113.8952746,29.114144999766722
1790359113.899478,3.606993006542325
1790359113.8996828,28.84674901724793
1790359113.8998492,46.95099900709465
1790359113.9001389,15.81139100017026
1790359113.901354,4.063750995555893
1790359113.9032347,3.0836950172670186
1790359113.9042811,2.055653982097283
1790359113.9107664,1.7800659989006817
1790359113.9222186,2.828401018632576
1790359113.923066,2.684358012629673
1790359113.9234278,1.9081270147580653
1790359113.928256,1.6961380024440587
1790359113.9285314,1.4459890080615878
1790359113.9308128,1.4403870154637843
1790359113.9472451,2.5979570054914802
1790359113.9583108,23.763180972309783
1790359113.9605975,3.5937450011260808
1790359113.963493,1.6314630047418177
1790359113.969512,12.682456988841295
1790359113.9697208,11.076715018134564
1790359113.9698057,40.97490099957213
1790359113.971899,1.9690750050358474
1790359113.984895,2.4467379844281822
1790359113.9898627,2.09383899345994
1790359113.9979138,2.615504985442385
1790359114.0032663,2.6473120087757707
1790359114.006227,2.548680000472814
1790359114.0111132,2.267372008645907
1790359114.0150623,3.208910988178104
1790359114.0163503,3.4940940095111728
1790359114.0165281,2.879364008549601
1790359114.018791,2.2479190083686262
1790359114.0338066,2.7750389999710023
1790359114.0359766,2.1500899747479707
1790359114.0432763,2.6504120032768697
1790359114.055095,2.6123140123672783
1790359114.0624204,2.2711880155839026
1790359114.067255,2.3423070088028908
1790359114.0785422,2.431864006211981
1790359114.0816445,2.403215999947861
1790359114.0863864,2.5907050003297627
1790359114.0931978,2.8839570004493
1790359114.09824,15.892731986241415
1790359114.1260338,30.32862499821931
1790359114.126261,41.4503590145614
1790359114.1345336,25.75306998915039
1790359114.1348088,14.307133998954669
1790359114.134939,54.997049999656156
1790359114.1381207,30.465104005998
1790359114.1421342,48.84883898193948
1790359114.142294,12.467994005419314
1790359114.1423955,28.783852991182357
1790359114.1617277,4.011176992207766
1790359114.1627018,2.256791020045057
1790359114.1679397,2.5157159834634513
1790359114.1744041,2.9715250129811466
1790359114.1778605,3.0034619849175215
1790359114.1800566,58.23131900979206
1790359114.1802502,27.63163499184884
1790359114.180701,22.141065972391516
1790359114.1810079,16.474294010549784
1790359114.182311,12.780377990566194
1790359114.1823933,7.692164013860747
1790359114.1837757,5.522321007447317
1790359114.1854334,2.233448001788929
1790359114.190762,2.7233870059717447
1790359114.1920118,2.3994319781195372
1790359114.2022228,2.56570300552994
1790359114.2086291,2.123671001754701
1790359114.2146366,2.9712569958064705
1790359114.231917,29.489111999282613
1790359114.2384317,29.028902004938573
1790359114.254257,36.80165999685414
1790359114.254502,17.036303994245827
1790359114.2758877,60.50054999650456
1790359114.286789,93.66501899785362
1790359114.2880352,46.95790499681607
1790359114.293022,57.820653019007295
1790359114.2932308,53.06293998728506
1790359114.2984893,85.07443399867043
1790359114.316384,87.63678799732588
1790359114.3217618,73.47742500132881
1790359114.3448663,86.39567199861631
1790359114.348284,67.3005869903136
1790359114.3499823,110.70924802334048
1790359114.3544345,92.54940401297063
1790359114.359921,117.46742500690743
1790359114.3674195,90.71166900685057
1790359114.3688414,125.63176601543091
1790359114.3695507,87.24795098532923
1790359114.3697476,78.34027899662033
1790359114.3704746,82.41847701719962
1790359114.3713934,71.40414998866618
1790359114.3722496,65.01346098957583
1790359114.3724446,33.98031400865875
1790359114.3729198,5.235882999841124
1790359114.3730295,60.50131199299358
1790359114.3762038,2.102066995576024
1790359114.3874109,2.507199998944998
1790359114.3930004,99.57441801088862
1790359114.3939915,2.2095610038377345
1790359114.395523,94.18322797864676
1790359114.396145,74.59477300290018
1790359114.3964777,56.879790005041286
1790359114.396572,111.68161101522855
1790359114.3978953,51.28255797899328
1790359114.3992224,2.513642015401274
1790359114.3993657,47.11901501286775
1790359114.3994915,26.064573001349345
1790359114.3997757,18.013569002505392
1790359114.400529,11.40358200063929
1790359114.400592,6.400771002518013
1790359114.4029467,1.558127987664193
1790359114.406993,2.005154005018994
1790359114.4156318,2.612548996694386
1790359114.4170249,2.372210001340136
1790359114.4245136,2.0962069975212216
1790359114.4317825,1.9398459990043193
1790359114.4339368,1.666423981077969
1790359114.4382288,2.2450420074164867
1790359114.4405053,2.2625809942837805
1790359114.4418788,1.92079899716191
1790359114.4462056,2.095241012284532
1790359114.4498034,2.269603981403634
1790359114.473314,2.9041859961580485
1790359114.4745119,2.182583004469052
1790359114.4775653,2.0896360219921917
1790359114.488757,2.04570300411433
1790359114.4950151,1.9259419932495803
1790359114.5000424,1.8033380038104951
1790359114.5087254,2.2353999956976622
1790359114.5132647,2.0265739876776934
1790359114.5176725,1.7106410232372582
1790359114.528448,2.941552986158058
1790359114.5295994,2.55044101504609
1790359114.5369327,2.486918994691223
1790359114.5376492,1.6997079947032034
1790359114.5425577,2.0228529756423086
1790359114.5453432,2.4262639926746488
1790359114.546079,1.6566859849262983
1790359114.5490367,1.429484982509166
1790359114.5553772,1.7561600252520293
1790359114.5577784,1.947737007867545
1790359114.5595834,1.7906110151670873
1790359114.5628953,1.6780979931354523
1790359114.573449,2.2333969827741385
1790359114.5761564,1.8631319981068373
1790359114.579574,2.02069801161997
1790359114.5859733,2.0037340000271797
1790359114.5906763,2.3249060031957924
1790359114.5949395,2.3164259910117835
1790359114.6068354,2.3030730080790818
1790359114.6151865,2.2010059910826385
1790359114.6388242,3.4297379897907376
1790359114.6440277,2.8661140240728855
1790359114.646489,2.445444988552481
1790359114.6491835,2.0541870035231113
1790359114.6567528,2.410557004623115
1790359114.6622837,49.96828400180675
1790359114.6624246,31.305406999308616
1790359114.6638334,26.857816003030166
1790359114.6659427,21.013654011767358
1790359114.666407,23.824876989237964
1790359114.667692,8.422115002758801
1790359114.668033,15.573426993796602
1790359114.6942053,29.21831700950861
1790359114.7006128,29.537413007346913
1790359114.706412,20.065141026861966
1790359114.7091029,37.04239599755965
1790359114.709403,52.58174499613233
1790359114.7162044,14.390269992873073
1790359114.7194903,20.820569014176726
1790359114.731546,28.64894800586626
1790359114.7349122,67.89867399493232
1790359114.740834,33.603355986997485
1790359114.746123,32.09592300117947
1790359114.7584329,47.09913398255594
1790359114.7713106,48.65826800232753
1790359114.7721121,43.79601601976901
1790359114.7728508,59.96499501634389
1790359114.7731566,47.2531019768212
1790359114.7736528,56.95228697732091
1790359114.7741575,73.1641240126919
1790359114.7787025,41.10748099628836
1790359114.784054,36.02257699822076
1790359114.7917342,67.11505202110857
1790359114.8020654,74.57324699498713
1790359114.8104532,95.25513401604258
1790359114.8122754,80.03460100735538
1790359114.8123813,68.53782801772468
1790359114.8125374,59.065476001705974
1790359114.8145587,30.339909018948674
1790359114.814778,28.535497025586665
1790359114.8165965,44.73790599149652
1790359114.8191192,28.976944013265893
1790359114.8207896,35.641725989989936
1790359114.8219829,61.03126402013004
1790359114.822515,33.48943201126531
1790359114.8234441,20.03177799633704
1790359114.8241382,15.667338011553511
1790359114.8242378,13.62027000868693
1790359114.824797,9.402567986398935
1790359114.8367248,3.104819974396378
1790359114.837414,1.8910859944298863
1790359114.8570879,50.47015700256452
1790359114.8650255,4.5160140143707395
1790359114.865952,31.42068101442419
1790359114.8667603,53.60213600215502
1790359114.8681579,48.18418499780819
1790359114.8683336,67.78525598929264
1790359114.8693123,8.997537021059543
1790359114.870815,4.828546982025728
1790359114.8758736,3.4874979755841196
1790359114.9078214,39.28124799858779
1790359114.9192882,39.0318620193284
1790359114.9226363,47.930749016813934
1790359114.9231145,16.157061996636912
1790359114.92321,5.148572992766276
1790359114.9261758,52.895515982527286
1790359114.9306288,2.073214011033997
1790359114.9313538,49.874377000378445
1790359114.9363935,72.48426298610866
1790359114.9464324,2.58790299994871
1790359114.9527671,1.9562470261007547
1790359114.953218,44.00931400596164
1790359114.9590704,32.88037399761379
1790359114.9596422,28.999741014558822
1790359114.9597533,63.14920599106699
1790359114.9608948,11.479681998025626
1790359114.9623365,2.0489039889071137
1790359114.9650798,1.8098470172844827
1790359114.9657168,1.7903890111483634
1790359114.9798372,2.567494986578822
1790359114.9824333,2.0272249821573496
1790359114.9832392,1.846819999627769
1790359114.9913466,1.6814910050015897
1790359115.010394,2.1018770057708025
1790359115.0239367,7.830662012565881
1790359115.024536,26.394697022624314
1790359115.0370827,27.955263009062037
1790359115.0453634,48.7010590150021
1790359115.0464354,23.26474100118503
1790359115.0475373,4.647516005206853
1790359115.070677,36.186470999382436
1790359115.071215,25.67660599015653
1790359115.0714974,54.64564199792221
1790359115.0720327,21.336885984055698
1790359115.07268,4.226520017255098
1790359115.0766797,17.933644994627684
1790359115.076806,27.78484398731962
1790359115.08422,2.0863540121354163
1790359115.0918775,1.959329005330801
1790359115.0973375,6.692764989566058
1790359115.097745,8.778468007221818
1790359115.0978947,50.07914500311017
1790359115.097994,20.709847973193973
1790359115.1088018,1.887060992885381
1790359115.1097088,1.930775004439056
1790359115.1275005,2.2955800232011825
1790359115.12908,1.5676130133215338
1790359115.1394265,1.8091759993694723
1790359115.1433303,1.9965560059063137
1790359115.1448414,1.5004590095486492
1790359115.1511059,1.9921950006391853
1790359115.1553102,5.406237003626302
1790359115.1553853,4.2659690079744905
1790359115.1555877,2.639532001921907
1790359115.1711273,18.792187998769805
1790359115.1923137,35.75620398623869
1790359115.2116816,46.64567901636474
1790359115.2215586,52.90020001120865
1790359115.2370675,85.16461600083858
1790359115.2441692,65.89781900402158
1790359115.2470472,69.7312010161113
1790359115.2471728,54.47433999506757
1790359115.2500784,92.17017400078475
1790359115.2617188,58.1967220059596
1790359115.27241,77.98707697656937
1790359115.2869265,131.44005800131708
1790359115.2896342,132.296566007426
1790359115.3000638,94.40383399487473
1790359115.3147254,103.79873900092207
1790359115.3252683,92.19121999922208
1790359115.3380458,81.16363000590354
1790359115.3485515,105.4237570206169
1790359115.348683,122.21235898323357
1790359115.3538518,108.23765199165791
1790359115.3572478,148.10132299317047
1790359115.3581655,95.47461100737564
1790359115.3619883,100.25107601541094
1790359115.3623981,133.24127500527538
1790359115.365304,169.385250977939
1790359115.3654034,157.12360400357284
1790359115.3667583,93.56291298172437
1790359115.3672564,100.72136900271289
1790359115.3681874,71.08372100628912
1790359115.3684025,13.032855000346899
1790359115.3686326,74.56745998933911
1790359115.3687675,60.494331002701074
1790359115.3688745,33.81410599104129
1790359115.3837013,11.968463979428634
1790359115.3922145,124.41106798360124
1790359115.3923182,93.67239099810831
1790359115.3927667,97.42151800310239
1790359115.4055102,28.021593985613436
1790359115.4113264,30.15224399860017
1790359115.4167404,97.57258798344992
1790359115.4179783,149.13907198933885
1790359115.418496,76.49996300460771
1790359115.4189503,55.708286992739886
1790359115.4214835,44.65286899358034
1790359115.4219487,41.880206001223996
1790359115.432446,1104.0123759885319
1790359115.434039,64.25156598561443
1790359115.4343705,1068.8221599848475
1790359115.4344673,14.919046981958672
1790359115.444437,49.09997701179236
1790359115.449816,67.37055198755115
1790359115.465129,40.437499003019184
1790359115.4770253,66.48312899051234
1790359115.4795582,15.794939012266695
1790359115.4797878,85.76594101032242
1790359115.4801733,11.65502701769583
1790359115.4878817,64.18125401251018
1790359115.501279,104.20851400704123
1790359115.5179453,91.26397498766892
1790359115.518148,50.62158399960026
1790359115.5244215,35.21742002340034
1790359115.5376956,40.053322998574004
1790359115.5398376,39.65120101929642
1790359115.5405965,66.55991901061498
1790359115.540711,34.28470098879188
1790359115.542197,33.092775993281975
1790359115.5427637,27.30080598848872
1790359115.543905,20.83597399177961
1790359115.544027,13.878881989512593
1790359115.549559,3.1059079919941723
1790359115.5500317,77.08256700425409
1790359115.5506864,119.8981290217489
1790359115.5510767,58.28825198113918
1790359115.5512445,52.78987900237553
1790359115.5528157,49.47141799493693
1790359115.5532537,40.230229002190754
1790359115.553352,45.43901199940592
1790359115.5547724,7.664557022508234
1790359115.5548782,27.60893598315306
1790359115.5583243,2.0454050099942833
1790359115.5603633,2.024240995524451
1790359115.5658758,2.788420009892434
1790359115.5663323,2.347544999793172
1790359115.5724509,2.3672749812249094
1790359115.5791867,2.0428049901966006
1790359115.5795767,7.112249004421756
1790359115.5830438,1.7076389922294766
1790359115.591102,12.860030983574688
1790359115.5937726,2.253277023555711
1790359115.6060727,3.14498197985813
1790359115.6071632,2.1766639838460833
1790359115.609769,1.8166379886679351
1790359115.6191452,37.29164999094792
1790359115.62302,27.087887021480128
1790359115.6240957,13.052931986749172
1790359115.6243906,51.270935975480825
1790359115.6246436,21.169482002733275
1790359115.6248655,17.68724399153143
1790359115.6254003,4.9646619881968945
1790359115.6261895,5.543015984585509
1790359115.6343904,2.884619985707104
1790359115.6345048,4.159666015766561
1790359115.6443722,2.408330998150632
1790359115.6496778,2.239180001197383
1790359115.659046,2.38105800235644
1790359115.6598425,1.7302899796050042
1790359115.6689303,2.079664991470054
1790359115.6697836,2.1027530019637197
1790359115.6721737,2.5715759838931262
1790359115.6744108,2.046403009444475
1790359115.6776016,2.0991880155634135
1790359115.681174,1.906498015159741
1790359115.6860545,1.9135719921905547
1790359115.6894429,1.5887659974396229
1790359115.6969216,2.5229699967894703
1790359115.6984067,2.0719949970953166
1790359115.7098248,2.56842901580967
1790359115.7159567,2.742473006946966
1790359115.7166016,2.1402759884949774
1790359115.7186327,1.6167900175787508
1790359115.7277744,1.7712429980747402
1790359115.733987,2.7324139955453575
1790359115.7361,1.6940159839577973
1790359115.7408564,2.456397021887824
1790359115.746099,1.7765979864634573
1790359115.7701128,2.864439011318609
1790359115.7712572,38.42094200081192
1790359115.7819834,38.663595012621954
1790359115.7822733,44.96100201504305
1790359115.7861881,54.18291501700878
1790359115.78656,28.391065017785877
1790359115.788855,16.74658397678286
1790359115.7893023,2.725463011302054
1790359115.8201587,25.762031000340357
1790359115.8205237,36.35449998546392
1790359115.8212943,12.32409299700521
1790359115.821484,52.751136012375355
1790359115.8215902,7.0058559940662235
1790359115.8245955,1.973647013073787
1790359115.827618,24.095602973829955
1790359115.8330028,22.58099999744445
1790359115.8455813,57.44765201234259
1790359115.8457167,28.061015997081995
1790359115.8479483,3.370175982126966
1790359115.8518195,3.0314399919006974
1790359115.8551114,2.6354669826105237
1790359115.8628318,2.498027984984219
1790359115.8720021,4.7617680102121085
1790359115.872259,3.1120789935812354
1790359115.8785045,3.4862580068875104
1790359115.8793397,2.3004449903964996
1790359115.8875759,40.367754991166294
1790359115.8923607,42.85133400117047
1790359115.8931706,39.88218100857921
1790359115.8933418,50.69631402147934
1790359115.894795,28.374916990287602
1790359115.8952188,27.034308994188905
1790359115.8970158,20.891169988317415
1790359115.8971317,1088.041634997353
1790359115.89721,8.153981994837523
1790359115.8972917,25.0162219745107
1790359115.907087,2.705950988456607
1790359115.907611,2.147724007954821
1790359115.9133036,1.5518910076934844
1790359115.9199743,1.8762300023809075
1790359115.922479,2.3162099823821336
1790359115.9269207,1.7591329815331846
1790359115.9317033,2.1510309888981283
1790359115.9374933,1.9356079865247011
1790359115.9397688,1.6426699876319617
1790359115.9454324,1.717836013995111
1790359115.9521117,2.2416279825847596
1790359115.9609728,2.15168998693116
1790359115.9610834,2.8669789899140596
1790359115.9634354,1.5961799945216626
1790359115.986543,2.249348006444052
1790359115.995498,2.31448098202236
1790359115.9962833,2.1257319895084947
1790359116.0072887,2.5170219887513667
1790359116.007437,3.4132660075556487
1790359116.0107753,2.5346949987579137
1790359116.0170562,1.8116009887307882
1790359116.020381,2.134706999640912
1790359116.0257125,1.9427329825703055
1790359116.0346062,2.1448249754030257
1790359116.0407462,1.9795619882643223
1790359116.0464957,2.95742999878712
1790359116.0465648,2.145892009139061
1790359116.058891,3.2802119967527688
1790359116.0901904,28.435329004423693
1790359116.0967548,33.55034801643342
1790359116.1137147,22.548755980096757
1790359116.1273947,18.538824981078506
1790359116.1276033,69.19824497890659
1790359116.1383667,80.98206698196009
1790359116.1435056,23.240610025823116
1790359116.151482,32.90021599968895
1790359116.1597707,35.5869059858378
1790359116.1602278,26.745654991827905
1790359116.1651354,43.78560799523257
1790359116.1661186,29.470105975633487
1790359116.1882021,91.21540398336947
1790359116.197335,71.10339400242083
1790359116.2002847,55.31025101663545
1790359116.2025309,109.30787099641748
1790359116.2116523,76.50620499043725
1790359116.2200465,57.35284398542717
1790359116.2204745,81.22915198327973
1790359116.2222388,83.72858000802808
1790359116.2254784,54.081363981822506
1790359116.2336245,99.4564949942287
1790359116.2364266,45.82486400613561
1790359116.2593381,60.23610400734469
1790359116.259458,55.541592999361455
1790359116.2627227,92.71643401007168
1790359116.2630992,53.31153399311006
1790359116.2649837,47.980914008803666
1790359116.265745,37.8368959936779
1790359116.265936,33.212184003787115
1790359116.2665253,14.16712100035511
1790359116.2673035,3.5463639942463487
1790359116.2691543,124.96696101152338
1790359116.2698097,106.47100099595264
1790359116.269915,108.1231510033831
1790359116.270921,85.57494101114571
1790359116.2725227,77.06436698208563
1790359116.2743282,65.37858897354454
1790359116.2750955,20.845716004259884
1790359116.2752042,43.532988987863064
1790359116.2756526,59.97555499197915
1790359116.2762194,3.6790430021937937
1790359116.2797906,1.8850049818865955
1790359116.2831042,2.1644609805662185
1790359116.2853012,1.7834639875218272
1790359116.2936652,2.101726015098393
1790359116.3062072,1.9981999939773232
1790359116.3132632,1.744108012644574
1790359116.3181355,1.8127670045942068
1790359116.3290732,1.777139026671648
1790359116.3334348,1.7669890075922012
1790359116.3391268,1.5468640194740146
1790359116.3444717,1.5807640156708658
1790359116.3478622,1.5272510063368827
1790359116.352196,1.4371839934028685
1790359116.3568149,1031.0556040203664
1790359116.357387,1.377519016386941
1790359116.3615873,1.3966760016046464
1790359116.369076,1029.0212419931777
1790359116.3696337,1028.6274660029449
1790359116.3702192,1041.1991979926825
1790359116.3708591,1089.6995540242642
1790359116.3713174,1060.32948900247
1790359116.3722086,1040.0920039974153
1790359116.372298,1051.9746040226892
1790359116.3724923,1055.2378179854713
1790359116.3741655,7.310878980206326
1790359116.3747363,4.5082810102030635
1790359116.3748126,3.147928015096113
1790359116.3750684,2.300766995176673
1790359116.3964624,2.9816680180374533
1790359116.3965707,3.2778359891381115
1790359116.4008727,1.5387180028483272
1790359116.4037678,1.6362550086341798
1790359116.4069111,2.0188870257698
1790359116.4126353,1.8858670082408935
1790359116.439549,1.868272025603801
1790359116.4434822,1.7019700026139617
1790359116.4490898,2.0645129843614995
1790359116.4583995,2.1861470013391227
1790359116.464311,32.634714007144794
1790359116.4651906,24.060221010586247
1790359116.476077,31.49339198716916
1790359116.4973671,1088.81915800157
1790359116.5188227,93.50134499254636
1790359116.5190933,28.828053997131065
1790359116.519244,38.118402007967234
1790359116.5196576,61.055700993165374
1790359116.5254838,15.201639995211735
1790359116.5393026,67.58490999345668
1790359116.5554101,42.00197500176728
1790359116.555934,108.2988640118856
1790359116.5657218,68.1940219947137
1790359116.5670886,81.17455299361609
1790359116.568242,1158.6858039954677
1790359116.5733542,100.93266502371989
1790359116.5737774,78.35568001610227
1790359116.581963,58.21157598984428
1790359116.593994,68.05020797764882
1790359116.59456,81.94233599351719
1790359116.6045144,90.5209280026611
1790359116.6049309,69.38905699644238
1790359116.6062424,83.76579600735568
1790359116.6066477,54.24533601035364
1790359116.6067448,56.303474004380405
1790359116.607254,51.07981801847927
1790359116.607726,41.210309020243585
1790359116.609484,1073.421868000878
1790359116.6095998,26.06579998973757
1790359116.6106737,12.475438008550555
1790359116.6107821,1088.8425710145384
1790359116.616234,104.71182002220303
1790359116.6189666,2.047557005425915
1790359116.6436324,119.36336901271716
1790359116.648805,101.43894702196121
1790359116.6513789,96.88155000912957
1790359116.6527054,129.66482099727727
1790359116.6528795,71.61895299213938
1790359116.6532938,67.77066198992543
1790359116.6618893,23.57878998736851
1790359116.678367,23.118087003240362
1790359116.6864417,73.91469899448566
1790359116.6885946,23.159459000453353
1790359116.6895556,13.015564007218927
1790359116.689657,52.11156202130951
1790359116.697428,65.33106800634414
1790359116.7016842,48.532804008573294
1790359116.7022061,71.51595098548569
1790359116.7023017,2.8541159990709275
1790359116.7027154,38.254639017395675
1790359116.7065156,1.999721018364653
1790359116.7302082,61.04622199200094
1790359116.736908,38.45350898336619
1790359116.7518318,23.315824975725263
1790359116.7520642,48.24483298580162
1790359116.7543347,66.91958699957468
1790359116.7571397,32.40171298966743
1790359116.757832,27.35677600139752
1790359116.7584417,21.388799999840558
1790359116.758683,24.946229008492082
1790359116.7801044,49.51512801926583
1790359116.7805715,30.23206102079712
1790359116.782822,59.99790801433846
1790359116.783014,47.44717801804654
1790359116.7838533,5.534046998945996
1790359116.784505,2.4535290140192956
1790359116.7936125,2.1497659909073263
1790359116.8042848,33.31849302048795
1790359116.8052888,24.699326982954517
1790359116.8056548,49.68316399026662
1790359116.8057904,19.971101981354877
1790359116.8125386,1.754788012476638
1790359116.820717,1.710851996904239
1790359116.823348,1.8809930188581347
1790359116.8250358,1.4225129853002727
1790359116.8295624,1.5390529879368842
1790359116.8355827,1.8139199819415808
1790359116.8362398,1.6478679899591953
1790359116.841781,1.9829600059892982
1790359116.842514,1.5138750022742897
1790359116.8487492,1.6805719933472574
1790359116.8572214,1.9495640008244663
1790359116.868922,1.7938920063897967
1790359116.8734539,2.3256010026670992
1790359116.8765,1.7327269888482988
1790359116.8806078,1.830761000746861
1790359116.8893108,2.163862984161824
1790359116.8953502,13.235991995315999
1790359116.9107413,2.561758999945596
1790359116.9161642,2.2272719943430275
1790359116.925056,2.375657990342006
1790359116.9313293,2.3537559900432825
1790359116.932227,37.80202200869098
1790359116.9330878,20.125175011344254
1790359116.9343798,15.030873008072376
1790359116.934894,52.218494995031506
1790359116.9350054,11.756235995562747
1790359116.9470432,4.436922987224534
1790359116.9478474,2.894139994168654
1790359116.9482095,2.0621090079657733
1790359116.954914,2.0772989955730736
1790359116.955646,1.8722080276347697
1790359116.9639955,1.9090080168098211
1790359116.9672756,1.6263620054814965
1790359116.9725227,2.0324350043665618
1790359116.9733255,1.7927789886016399
1790359116.9759037,1.6485870000906289
1790359116.9836693,1.8922659801319242
1790359116.989614,1.8852470093406737
1790359116.9935231,1.8873589870054275
1790359117.0031338,2.0872979948762804
1790359117.0059369,1.7860519874375314
1790359117.0287614,2.6520160026848316
1790359117.033821,34.04863100149669
1790359117.0345407,44.63954898528755
1790359117.0346847,17.43238201015629
1790359117.0348372,31.282192008802667
1790359117.0386581,1.9939779886044562
1790359117.0446608,1.8509500077925622
1790359117.0497258,1.7959180113393813
1790359117.0534248,2.6350229745730758
1790359117.0541623,2.54817699897103
1790359117.0542471,1.9791810191236436
1790359117.0618424,3.105087991571054
1790359117.0619843,2.426722989184782
1790359117.06304,2.667070017196238
1790359117.0671468,1.6779470024630427
1790359117.0699556,2.167811995605007
1790359117.0794573,2.062189014395699
1790359117.0960264,3.4249589953105897
1790359117.0990381,5.395879008574411
1790359117.0993028,3.842311998596415
1790359117.0995002,4.725857026642188
1790359117.0998924,3.593939996790141
1790359117.1012523,4.058485006680712
1790359117.1104822,2.634625998325646
1790359117.123863,1.8065269978251308
1790359117.1321275,2.651693008374423
1790359117.1352007,2.120703982654959
1790359117.148443,28.171456011477858
1790359117.1511724,28.421671013347805
1790359117.155125,46.58810998080298
1790359117.1554964,25.072475982597098
1790359117.1556258,19.601970008807257
1790359117.1560678,18.1412200035993
1790359117.1565895,18.110169999999925
1790359117.1582727,6.171965011162683
1790359117.1586921,4.2904769943561405
1790359117.1644428,2.0554999937303364
1790359117.1690872,2.465506986482069
1790359117.1697328,1.7585390014573932
1790359117.1807914,39.31115102022886
1790359117.183231,47.78948298189789
1790359117.1837618,27.68211701186374
1790359117.1845999,20.98983299219981
1790359117.184675,17.486155993537977
1790359117.1848333,31.226346996845677
1790359117.1848998,7.352690008701757
1790359117.1882102,1.6113659949041903
1790359117.1964948,2.068128000246361
1790359117.218608,37.58084701257758
1790359117.2234018,30.030290014110506
1790359117.2267315,47.188283991999924
1790359117.2269177,26.75980600179173
1790359117.227795,12.041776004480198
1790359117.2279046,23.071661998983473
1790359117.2344654,33.4713360061869
1790359117.2373118,2.0205629989504814
1790359117.2396636,30.048496002564207
1790359117.2416852,42.25250502349809
1790359117.2421045,17.401458986569196
1790359117.2424505,1041.9799459923524
1790359117.2470253,1027.6343009900302
1790359117.2480602,2.3729330278001726
1790359117.2529917,2.7510290092322975
1790359117.2542398,2.3246539931278676
1790359117.2908938,41.23082698788494
1790359117.2910159,40.14605100383051
1790359117.2923083,49.07635701238178
1790359117.292876,25.703035993501544
1790359117.2931397,19.964779989095405
1790359117.2947726,18.421886023133993
1790359117.2949016,9.310455003287643
1790359117.2962978,24.007913016248494
1790359117.3066914,53.27114398824051
1790359117.30682,31.238382012816146
1790359117.3069208,24.91657400969416
1790359117.316707,2.1385709987953305
1790359117.323019,1.9712310167960823
1790359117.3269715,1078.8875470170751
1790359117.337968,1.6211720067076385
1790359117.3757162,27.492977998917922
1790359117.3765051,43.526130000827834
1790359117.376605,23.400309000862762
1790359117.3793454,2.0073020132258534
1790359117.384001,32.20059699378908
1790359117.3951528,41.23910699854605
1790359117.397229,11.006445973180234
1790359117.3972993,46.59214901039377
1790359117.4023285,1.5380099939648062
1790359117.4267945,18.61769298557192
1790359117.4318056,23.546843993244693
1790359117.4472558,21.17074598209001
1790359117.448023,27.792625012807548
1790359117.4491045,21.314397017704323
1790359117.4497378,42.07670901087113
1790359117.4499447,5.511427007149905
1790359117.4500248,11.814853001851588
1790359117.450918,43.86375000467524
1790359117.4513676,13.926988001912832
1790359117.4520464,6.121550017269328
1790359117.4521182,12.216759991133586
1790359117.455544,1.6568319988436997
1790359117.4587982,1.4705359935760498
1790359117.473819,1.8655240128282458
1790359117.4812603,1.8468130147084594
1790359117.4862735,1.5885119792073965
1790359117.5012302,1.6187359869945794
1790359117.5078678,31.601683993358165
1790359117.508012,38.47200801828876
1790359117.5082319,25.26156700332649
1790359117.5083528,12.453338014893234
1790359117.5091171,1.8307110003661364
1790359117.5207422,2.1609670075122267
1790359117.5226738,1.9203389820177108
1790359117.5234883,1.8764259875752032
1790359117.5243907,1.7051720060408115
1790359117.5289729,2.0129269978497177
1790359117.5308094,1.4969920157454908
1790359117.536469,1.924696989590302
1790359117.541708,1.887357997475192
1790359117.5418656,2.6462319947313517
1790359117.5436711,1.7935310024768114
1790359117.5514812,1.4909029996488243
1790359117.556111,1.371342019410804
1790359117.5571816,1005.6764729961287
1790359117.5572608,1026.4054040017072
1790359117.5615695,1.3648300082422793
1790359117.5644548,1.2347730225883424
1790359117.5666463,1.2895860127173364
1790359117.5698557,1.39862802461721
1790359117.588595,1.837880990933627
1790359117.591284,1.6274620138574392
1790359117.5949616,1.6464990039821714
1790359117.6056974,2.049848990282044
1790359117.607261,1.5498819993808866
1790359117.6160243,26.96330801700242
1790359117.6163397,24.521404004190117
1790359117.6166277,12.30346001102589
1790359117.6167665,31.599062000168487
1790359117.6168342,16.716890007955953
1790359117.6169796,44.37680199043825
1790359117.6180015,4.201217001536861
1790359117.6218324,4.744741978356615
1790359117.622495,9.161148977000266
1790359117.6228817,4.368484020233154
1790359117.6237342,3.348698024637997
1790359117.6238508,2.5949700211640447
1790359117.6239307,4.408044012961909
1790359117.625473,1.4194359828252345
1790359117.628397,2.1057440026197582
1790359117.6294363,1.9688669999595731
1790359117.6302977,1.7406789993401617
1790359117.630978,1.4337780012283474
1790359117.6327949,1.2298689980525523
1790359117.6371539,1076.688216009643
1790359117.6374338,1074.2389210208785
1790359117.6852748,30.220541026210412
1790359117.6854434,34.1513580060564
1790359117.686008,41.86133900657296
1790359117.686541,18.979037005919963
1790359117.6866302,27.724843996111304
1790359117.6930754,1.6363470058422536
1790359117.6936638,1132.407085999148
1790359117.7030694,1.6211850161198527
1790359117.7132316,62.629879015730694
1790359117.7136147,78.24875100050122
1790359117.7145567,1143.922985997051
1790359117.7157815,58.34294899250381
1790359117.7160392,53.98176301969215
1790359117.716391,40.910488984081894
1790359117.7177029,64.10391800454818
1790359117.7178082,10.860423994017765
1790359117.7178862,20.252735004760325
1790359117.719137,1.9960420031566173
1790359117.723165,1.222736987983808
1790359117.7287624,1.71563500771299
1790359117.7348921,1.5614600270055234
1790359117.7388248,1.255776995094493
1790359117.764533,1.5469079953618348
1790359117.779612,1.750049996189773
1790359117.794475,2.751162013737485
1790359117.7952604,36.79413098143414
1790359117.7957442,38.07505199802108
1790359117.7959812,17.602623003767803
1790359117.796076,3.461754007730633
1790359117.7961495,21.20860799914226
1790359117.799348,1.3225470029283315
1790359117.8032086,1.2818590039387345
1790359117.8084557,1.4426260022446513
1790359117.8105311,1.2645310198422521
1790359117.816021,1.5896969998721033
1790359117.816081,2.056301018455997
1790359117.86833,26.426840981002897
1790359117.8739219,34.10705100395717
1790359117.8787575,38.20927900960669
1790359117.8797913,27.96125298482366
1790359117.8799083,44.93687901413068
1790359117.8799894,21.706342027755454
1790359117.8838809,1.6681950073689222
1790359117.8864083,1.7839659994933754
1790359117.886487,53.29042501398362
1790359117.8982482,1.7235149862244725
1790359117.9081397,51.88641499262303
1790359117.9104464,1.6980750078801066
1790359117.9122581,38.2060399861075
1790359117.9130883,56.16225898847915
1790359117.913621,29.730529990047216
1790359117.914818,19.9442460143473
1790359117.9159172,8.832269988488406
1790359117.9168918,7.461242988938466
1790359117.9174984,2.2613730106968433
1790359117.9176295,3.3246719976887107
1790359117.9176905,3.825769992545247
1790359117.9210553,2.0143479923717678
1790359117.9221134,2.3408900015056133
1790359117.9221766,1.6417520237155259
1790359117.9393723,2.130601991666481
1790359117.940666,2.2499500191770494
1790359117.9478462,1.5054670220706612
1790359117.9617653,1.951360987732187
1790359117.972223,2.0193280070088804
1790359117.9767425,1.5028849884402007
1790359117.9795053,14.53418901655823
1790359117.9837146,1.5103420009836555
1790359117.9892318,1.4358140178956091
1790359117.9943976,21.13439902313985
1790359117.995057,46.90369198215194
1790359117.995221,14.145200984785333
1790359117.9958417,10.21331298397854
1790359117.9960117,2.937785000540316
1790359118.0009713,1.9308929913677275
1790359118.0020854,2.130537002813071
1790359118.0081005,1.6012420237530023
1790359118.0096552,1.3959360076114535
1790359118.0122166,1.5317020006477833
1790359118.0145805,1.3515690225176513
1790359118.0160103,1.3480400084517896
1790359118.0198026,1.8761770043056458
1790359118.0287209,1.573121000546962
1790359118.03857,12.16151801054366
1790359118.0564094,1.612243999261409
1790359118.0627353,16.544441983569413
1790359118.0628452,36.987585976021364
1790359118.0701807,1.4464289997704327
1790359118.0731735,1.5332789917010814
1790359118.077646,1.4345540257636458
1790359118.090597,1.7999070114456117
1790359118.09066,2.3618590203113854
1790359118.103456,1.6369670047424734
1790359118.1087976,1.6103530069813132
1790359118.1104336,1.5052370144985616
1790359118.118357,1.5697929775342345
1790359118.1262498,3.1140450155362487
1790359118.1264112,2.7491020155139267
1790359118.1271436,2.0405399845913053
1790359118.1311066,1.7709789972286671
1790359118.1318748,1.5041079896036536
1790359118.1444962,1.662018010392785
1790359118.1465414,1.4221009914763272
1790359118.1560016,1.4818510098848492
1790359118.160082,1.7295439902227372
1790359118.164321,1.324526994721964
1790359118.16918,1.3345329789444804
1790359118.1784317,1.6701559943612665
1790359118.1858344,1.703004993032664
1790359118.1928325,1.9304209854453802
1790359118.211468,2.3056170030031353
1790359118.2246625,13.168967998353764
1790359118.224826,38.12668600585312
1790359118.224909,30.8712899859529
1790359118.2292292,1.979869994102046
1790359118.2295263,2.385293017141521
1790359118.2395272,1.3264660083223134
1790359118.264019,2.3853140010032803
1790359118.264708,1.708636002149433
1790359118.2677617,1.3236519880592823
1790359118.287667,1.801269012503326
1790359118.2960203,1.7251109820790589
1790359118.3087707,2.0663239993155003
1790359118.3105605,33.94567398936488
1790359118.3140428,41.566897998563945
1790359118.3141332,24.20371602056548
1790359118.314841,1.8167289963457733
1790359118.3151784,18.21001002099365
1790359118.3152745,2.9273520049173385
1790359118.321421,1.6252589994110167
1790359118.3398154,2.296746999491006
1790359118.3447216,1.5950920060276985
1790359118.3527155,1.5761620015837252
1790359118.353398,1.5397480165120214
1790359118.3561509,2.1141689794603735
1790359118.3565736,1.9008340022992343
1790359118.3594282,2.6046110142488033
1790359118.3600395,2.298856998095289
1790359118.3603408,1.6089649870991707
1790359118.3662267,2.2647760051768273
1790359118.366753,1.9164919795002788
1790359118.3686717,1.7338559846393764
1790359118.3714278,2.003139990847558
1790359118.379158,2.2959210036788136
1790359118.3802624,2.0173359953332692
1790359118.3863528,2.1293619938660413
1790359118.3890576,1.8143820052500814
1790359118.4011922,2.1277729829307646
1790359118.4041684,2.4582119949627668
1790359118.409826,2.110589004587382
1790359118.4108574,1.4646239869762212
1790359118.42019,2.0349730039015412
1790359118.4224706,1.6190890164580196
1790359118.424553,1.5441220020875335
1790359118.4262006,1.5549120143987238
1790359118.4281673,1.9571090233512223
1790359118.4282272,1.5326240099966526
1790359118.4320278,1.5608849935233593
1790359118.4393244,2.563816000474617
1790359118.4394028,2.074763993732631
1790359118.454393,2.1436310198623687
1790359118.4715333,1.9442499906290323
1790359118.4725192,1.7937340016942471
1790359118.4746087,1.2865689932368696
1790359118.4849398,1.7883630061987787
1790359118.503297,1.9319459970574826
1790359118.5087469,1.7208549834322184
1790359118.5238733,37.6038399990648
1790359118.5243244,18.101616005878896
1790359118.5244162,6.337326020002365
1790359118.5316958,4.207060992484912
1790359118.5319874,3.9427880255971104
1790359118.5321372,2.9893650207668543
1790359118.5329738,1.749377988744527
1790359118.5359674,2.4787150032352656
1790359118.5373375,1.9206459983251989
1790359118.5411797,2.0819290075451136
1790359118.5422075,1.4552569773513824
1790359118.5543246,2.1046919864602387
1790359118.5546308,1.6786270134616643
1790359118.560805,1.4726909867022187
1790359118.5699892,1.5703059907536954
1790359118.5821543,18.602351017761976
1790359118.5822437,25.870793993817642
1790359118.5933583,18.4497449954506
1790359118.5934386,39.61065399926156
1790359118.5978768,2.4526999914087355
1790359118.6010883,2.5559710047673434
1790359118.6055768,1.4059189998079091
1790359118.6145093,35.259024996776134
1790359118.615548,2.010414988035336
1790359118.6159723,19.1219040134456
1790359118.6166031,40.68122699391097
1790359118.6167989,10.563217016169801
1790359118.6168928,16.97630700073205
1790359118.6196895,1.5429560153279454
1790359118.6285603,1.7195449909195304
1790359118.6312313,1.5187259996309876
1790359118.6389909,1.8082530004903674
1790359118.6394973,1.6100170032586902
1790359118.641265,1.335478009423241
1790359118.642495,1.2208179978188127
1790359118.6479592,2.617156016640365
1790359118.648688,2.718966017710045
1790359118.6495254,2.827681979397312
1790359118.650312,1.4882750110700727
1790359118.6547933,1.3756910047959536
1790359118.6727252,22.268964006798342
1790359118.6749976,1.8537289870437235
1790359118.6877668,17.631694005103782
1790359118.6879046,36.95229600998573
1790359118.6983633,1.6704949957784265
1790359118.7041402,1.8917729903478175
1790359118.7097557,2.2704740113113075
1790359118.7184827,7.19610700616613
1790359118.7304056,2.0903289841953665
1790359118.7510443,19.205235003028065
1790359118.7517598,39.95067102368921
1790359118.7518768,6.715897005051374
1790359118.7643557,2.348053007153794
1790359118.7695425,1.598597998963669
1790359118.7750692,1.4850939915049821
1790359118.778588,34.09258701140061
1790359118.7799969,32.62322299997322
1790359118.7808764,10.233641020022333
1790359118.7811098,17.6436870242469
1790359118.7813523,44.431042013457045
1790359118.7829068,1.5045579930301756
1790359118.7908368,1.782145001925528
1790359118.793139,1.3982570089865476
1790359118.8059616,1.6933139995671809
1790359118.8078802,22.527140012243763
1790359119.3746753,27.898069994989783
1790359119.379686,43.990971986204386
1790359119.3907578,30.962835997343063
1790359119.3963654,22.664574993541464
1790359119.4172406,44.670632982160896
1790359119.4178119,24.341519980225712
1790359119.417898,13.477205007802695
1790359119.4185507,7.30070099234581
1790359119.4191148,3.5883310192730278
1790359119.4381902,49.48484999476932
1790359119.4473782,22.603920981055126
1790359119.4553819,86.71270700870082
1790359119.4563637,53.81959100486711
1790359119.4573007,74.27567799459212
1790359119.4577045,45.57687998749316
1790359119.4578717,51.38597197947092
1790359119.458771,26.75032301340252
1790359119.4588614,34.96773701044731
1790359119.4637907,23.32041598856449
1790359119.4806104,38.753572007408366
1790359119.4823704,63.200446020346135
1790359119.5019715,27.911767014302313
1790359119.503412,20.35008301027119
1790359119.5039852,58.84815301396884
1790359119.5041811,71.19072999921627
1790359119.5116916,36.82364500127733
1790359119.5118012,24.831860995618626
1790359119.5118978,69.03556198813021
1790359119.5122647,18.048288009595126
1790359119.5231164,18.869942985475063
1790359119.5237386,34.15835299529135
1790359119.5455422,43.413681007223204
1790359119.5479307,32.850011019036174
1790359119.54804,13.911474001361057
1790359119.5481746,52.06416500732303
1790359119.5486395,5.165565002243966
1790359119.555348,55.24253999465145
1790359119.5554824,20.170022995444015
1790359119.5555713,4.64556401129812
1790359119.5556521,35.631503007607535
1790359119.5564153,3.6252629943192005
1790359119.5585628,1.5917870041448623
1790359119.5606055,1.5471469960175455
1790359119.5657513,1.5397749957628548
1790359119.56887,1.4223179896362126
1790359119.569498,1.491254020947963
1790359119.5754855,1.3542670058086514
1790359119.580202,1.2485339830163866
1790359119.5841672,1.553092006361112
1790359119.5874891,1.41865701880306
1790359119.592437,1.4825570106040686
1790359119.603867,1.5610400005243719
1790359119.6088016,2.2431350080296397
1790359119.621741,2.164739998988807
1790359119.624974,17.844690999481827
1790359119.635183,29.1138669999782
1790359119.6402514,40.81741801928729
1790359119.6403468,2.35611799871549
1790359119.6464455,2.6311360124964267
1790359119.6465378,2.8086809907108545
1790359119.6517098,1.586386002600193
1790359119.65942,1.6433399869129062
1790359119.6717815,23.726405983325094
1790359119.6740448,2.060847997199744
1790359119.6776812,20.67388201248832
1790359119.6802692,3.2906779961194843
1790359119.681623,2.9051250021439046
1790359119.6853235,27.062014996772632
1790359119.6860013,37.33571100747213
1790359119.6874125,15.359837998403236
1790359119.6877038,8.443452999927104
1790359119.6877742,9.711177990539
1790359119.6881936,2.1258550113998353
1790359119.6953015,1.6802199825178832
1790359119.7053273,1.7344049992971122
1790359119.708522,2.0447940041776747
1790359119.7247515,20.454218989470974
1790359119.724865,24.246314977062866
1790359119.7455554,24.84748000279069
1790359119.7461114,50.224840990267694
1790359119.7463179,3.86800299747847
1790359119.7491758,2.2347559861373156
1790359119.7564347,24.071957974229008
1790359119.757677,2.2992209997028112
1790359119.7662525,52.41559201385826
1790359119.7667603,23.25854799710214
1790359119.7674658,16.85870799701661
1790359119.7675762,8.518786984495819
1790359119.7753468,2.10205398616381
1790359119.7778673,1.8724619876593351
1790359119.7802515,2.0727720111608505
1790359119.7818716,1.6071099962573498
1790359119.789783,3.362012008437887
1790359119.7898753,2.62356098392047
1790359119.790177,1.9986190018244088
1790359119.7981222,1.8835990049410611
1790359119.8010798,1.8654029991012067
1790359119.8063774,1.802757993573323
1790359119.811168,2.072725008474663
1790359119.8162367,1.9041170016862452
1790359119.8256047,2.6295669958926737
1790359119.8259737,2.4203520151786506
1790359119.8260438,1.7111810157075524
1790359119.830085,1.8676050240173936
1790359119.84834,2.2333679953590035
1790359119.8514998,17.235929000889882
1790359119.8538575,2.2254020150285214
1790359119.8688612,19.25263600423932
1790359119.8706176,18.160768988309428
1790359119.8707209,37.25607699016109
1790359119.8757248,2.397302014287561
1790359119.8766277,2.1477620175573975
1790359119.8837605,2.4944149772636592
1790359119.8839357,3.251013986300677
1790359119.8859549,2.005918009672314
1790359119.8902755,1.9608760194387287
1790359119.897647,2.333915006602183
1790359119.8989785,2.293022000230849
1790359119.900311,1.8207179964520037
1790359119.9081097,2.0845189865212888
1790359119.9091525,1.8986349750775844
1790359119.9127378,2.3647850030101836
1790359119.912809,1.8956839921884239
1790359119.9173353,1.6670489858370274
1790359119.953039,2.1379560057539493
1790359119.9586208,40.80674200668
1790359119.9590926,11.24852302018553
1790359119.9595003,6.216638023033738
1790359119.9662597,2.1068000060040504
1790359119.9723585,2.2475349833257496
1790359119.9733357,2.173532993765548
1790359119.9739037,1.5326289867516607
1790359119.9869795,1.925513002788648
1790359119.9872377,1.66054698638618
1790359120.001181,2.0618359849322587
1790359120.0238469,1.4959450054448098
1790359120.0294437,1.3881729973945767
1790359120.0415206,2.529240009607747
1790359120.0516634,2.188716025557369
1790359120.0537488,28.90661099809222
1790359120.0554032,1.6405540227424353
1790359120.0625117,14.19122499646619
1790359120.063579,43.323484977008775
1790359120.0636992,28.553812007885426
1790359120.0639637,13.936400006059557
1790359120.0647757,3.0666060047224164
1790359120.1016827,36.24521300662309
1790359120.1017878,14.35646999743767
1790359120.1157584,1.7383329977747053
1790359120.1264455,1.4673980185762048
1790359120.1332817,2.539834997151047
1790359120.1334987,3.2439959759358317
1790359120.13399,2.2158130013849586
1790359120.1378236,1.3286519970279187
1790359120.140325,1.334135013166815
1790359120.1424525,1.2204039958305657
1790359120.1515481,1.6789269866421819
1790359120.1621568,1.835535978898406
1790359120.1703193,1.5874670061748475
1790359120.1744082,1.7118870164267719
1790359120.1797378,1.9602090178523213
1790359120.1860926,14.470852009253576
1790359120.186193,23.91514799091965
1790359120.1961372,2.9298739973455667
1790359120.1978,20.712381025077775
1790359120.1979132,41.85562001657672
1790359120.2140017,21.507377998204902
1790359120.2403946,34.45117099909112
1790359120.2417037,30.665892001707107
1790359120.2423472,25.600302004022524
1790359120.2460299,24.117943015880883
1790359120.2466166,26.854485011426732
1790359120.2466958,51.807568001095206
1790359120.247241,10.685972985811532
1790359120.2475147,5.155669001396745
1790359120.2476385,20.08681299048476
1790359120.2489004,2.8590550064109266
1790359120.252849,1.575019006850198
1790359120.2659354,2.2072059800848365
1790359120.273177,79.17656397330575
1790359120.2803655,70.0774909928441
1790359120.2815907,69.58179399953224
1790359120.2830343,62.42520301020704
1790359120.2832563,75.01894602319226
1790359120.2838368,64.71920799231157
1790359120.2841575,58.99799900362268
1790359120.2845414,45.43758599902503
1790359120.285316,54.89614899852313
1790359120.2854402,22.83433498814702
1790359120.285512,3.7888690130785108
1790359120.2932093,2.23347099381499
1790359120.3017442,33.512320020236075
1790359120.3092306,42.54514299100265
1790359120.3094084,19.401969999307767
1790359120.3094935,34.607478010002524
1790359120.312113,1.416598999639973
1790359120.3188763,1.6269730112981051
1790359120.3215938,1.6727220208849758
1790359120.3219395,1.448464987333864
1790359120.3265295,1.3913190050516278
1790359120.3317046,1.5245029935613275
1790359120.3334274,1.834672992117703
1790359120.3344562,1.6873540007509291
1790359120.3417106,1.5759720117785037
1790359120.3467946,1.5269540017470717
1790359120.3468518,2.0264179911464453
1790359120.348845,1.2628550175577402
1790359120.349595,1.4607030025217682
1790359120.3587902,2.155244001187384
1790359120.359714,2.5310910132247955
1790359120.3597918,2.0053439948242158
1790359120.3624213,2.0551650086417794
1790359120.3631175,1.5149609826039523
1790359120.379735,1.8156380101572722
1790359120.3825033,1.6072560101747513
1790359120.3833265,1.9141999946441501
1790359120.3911188,1.3062099751550704
1790359120.40382,1.8066290067508817
1790359120.4110718,2.143086021533236
1790359120.4168153,1.4814859896432608
1790359120.4204671,33.793879993027076
1790359120.421142,27.044274000218138
1790359120.4227958,19.872447999659926
1790359120.4229417,13.08782899286598
1790359120.4230735,37.432204000651836
1790359120.4236782,2.5235489883925766
1790359120.4274175,1.6942989896051586
1790359120.430534,1.3254549994599074
1790359120.4341822,1.5573790005873889
1790359120.4379158,1.635701017221436
1790359120.4466803,1.7683919868431985
1790359120.4496427,1.8910389917436987
1790359120.453162,2.383729995926842
1790359120.4538875,2.0574440131895244
1790359120.4682064,1.975470979232341
1790359120.4732032,1.5855079982429743
1790359120.4820378,1.4600919967051595
1790359120.491845,1.8198019824922085
1790359120.496584,1.913140993565321
1790359120.5039783,1.9773289968725294
1790359120.5139246,24.750754004344344
1790359120.5140972,38.576758990529925
1790359120.5158675,24.009468994336203
1790359120.516049,3.799017984420061
1790359120.5161405,45.05739299929701
1790359120.5162761,20.542207988910377
1790359120.516351,9.971082996344194
1790359120.5223424,1.9405510101933032
1790359120.5227652,1.706250972347334
1790359120.5265422,1.4684849884361029
1790359120.5284076,1.729719981085509
1790359120.529039,1.6660240071360022
1790359120.5490406,2.4153190024662763
1790359120.5516849,1.7378479824401438
1790359120.5607219,1.6758750134613365
1790359120.5674298,1.9676410011015832
1790359120.5707426,1.839497999753803
1790359120.5711913,1.55895299394615
1790359120.5731795,1.864826015662402
1790359120.5741165,2.308469993295148
1790359120.5773861,2.001625980483368
1790359120.578375,1.8194220028817654
1790359120.5849783,1.5914500108920038
1790359120.5878813,1.603120006620884
1790359120.5881526,1.3581860112026334
1790359120.5914989,2.298503997735679
1790359120.5915816,2.929840993601829
1790359120.592035,1.274752983590588
1790359120.5957034,1.2451040092855692
1790359120.6019738,2.020941989030689
1790359120.6020453,2.777477988274768
1790359120.6041589,1.410803000908345
1790359120.6049001,1.4576429966837168
1790359120.6054132,1.1384820099920034
1790359120.6131258,1.6677929961588234
1790359120.6165369,1.6592750034760684
1790359120.617071,1.5789669996593148
1790359120.6355367,1.7393690068274736
1790359120.6379786,1.8161640036851168
1790359120.638692,1.935492007760331
1790359120.6417994,1.729899988276884
1790359120.6422946,1.398510008584708
1790359120.6476452,1.3286239991430193
1790359120.6515942,1.3989779981784523
1790359120.6531663,1.3050840061623603
1790359120.6637359,2.5877259904518723
1790359120.6646502,1.93241800297983
1790359120.6684613,1.5616420132573694
1790359120.677946,15.838564984733239
1790359120.689147,22.835017007309943
1790359120.700134,25.48809497966431
1790359120.7107933,50.34816701663658
1790359120.7109048,14.206324005499482
1790359120.716435,2.2459140163846314
1790359120.7267017,46.23964300844818
1790359120.7267826,31.732286006445065
1790359120.7269185,15.869143011514097
1790359120.7278395,1.9333219970576465
1790359120.737284,2.3646969930268824
1790359120.7381728,2.353107003727928
1790359120.7519467,2.063914987957105
1790359120.7610116,1.8238670018035918
1790359120.7745447,25.41241399012506
1790359120.7858186,33.59475900651887
1790359120.7877853,20.473315002163872
1790359120.7881713,26.94513401365839
1790359120.7888236,42.27277697646059
1790359120.7893605,13.890000991523266
1790359120.7896776,8.606710005551577
1790359120.789732,4.6791170025244355
1790359120.7995927,1.7227270000148565
1790359120.8013334,24.121482972986996
1790359120.801875,37.995676015270874
1790359120.8029246,19.07886497792788
1790359120.8030126,9.480207023443654
1790359120.806645,1.4965170121286064
1790359120.8126476,1.5656019968446344
1790359120.817162,1.6557620256207883
1790359120.826081,1.787366985809058
1790359120.8267899,1.5454209933523089
1790359120.832093,1.6234150098171085
1790359120.832555,1.5128710074350238
1790359120.8370845,1.7298719903919846
1790359120.8434649,1.602595002623275
1790359120.8465936,1.6367339994758368
1790359120.8491952,1.7785539967007935
1790359120.849994,1.4122689899522811
1790359120.8578598,1.8710919830482453
1790359120.8598402,1.3253109937068075
1790359120.8612838,1.2354689824860543
1790359120.8668735,1.3974019966553897
1790359120.872743,1.6890119877643883
1790359120.8751261,1.5660090139135718
1790359120.8759568,1.6912849969230592
1790359120.8765373,1.4000149967614561
1790359120.8884869,2.188917016610503
1790359120.9067945,1.8445749883539975
1790359120.9173925,2.122254023561254
1790359120.918941,19.67679100926034
1790359120.9197962,39.16490598930977
1790359120.9199383,10.125400993274525
1790359120.9204445,2.860121981939301
1790359120.92461,1.4280180039349943
1790359120.9306734,1.5492110105697066
1790359120.9345052,1.4629469951614738
1790359120.942597,1.5688099956605583
1790359120.9574137,24.91541299968958
1790359120.972011,22.6933800149709
1790359120.9732654,37.819240998942405
1790359120.9740293,44.42586898221634
1790359120.9745154,23.17621000111103
1790359120.9853299,40.05317500559613
1790359120.9922886,27.006998017895967
1790359120.9984753,53.93456501769833
1790359121.006838,39.59125801338814
1790359121.0090172,39.3616929941345
1790359121.0127034,23.468502011382952
1790359121.0218163,26.631282991729677
1790359121.02252,17.845346010290086
1790359121.0226183,56.4615790208336
1790359121.0306413,36.57031399779953
1790359121.0361362,34.85563100548461
1790359121.0412374,24.80425199610181
1790359121.0418353,53.828921023523435
1790359121.0441473,23.445061000529677
1790359121.0449088,17.33760701608844
1790359121.0450857,5.977474007522687
1790359121.045191,15.724533004686236
1790359121.045569,2.982899983180687
1790359121.061263,42.68355297972448
1790359121.0618486,2.0596270042005926
1790359121.0619366,38.901721010915935
1790359121.0634747,35.216421994846314
1790359121.0638824,49.62592400261201
1790359121.0643795,13.523872010409832
1790359121.0647092,33.38994600926526
1790359121.0647855,24.861245998181403
1790359121.0684757,2.386292995652184
1790359121.0696769,2.1784960117656738
1790359121.070474,1.6499630000907928
1790359121.0743322,2.1937759884167463
1790359121.0811007,2.0226560009177774
1790359121.0944934,1.856242015492171
1790359121.1091695,2.732968016061932
1790359121.1155524,25.961582985473797
1790359121.1169376,2.2499909973703325
1790359121.123181,1.9350770162418485
1790359121.126313,30.261213978519663
1790359121.1264486,39.68368499772623
1790359121.1267722,20.186666981317103
1790359121.1276197,3.7095970183145255
1790359121.1277466,8.458203985355794
1790359121.143128,1.7345079977530986
1790359121.14669,2.768613019725308
1790359121.1487372,2.0284329948481172
1790359121.1495216,1.522973005194217
1790359121.1580472,1.6270179767161608
1790359121.1631641,2.701443008845672
1790359121.173578,1.58462900435552
1790359121.1864288,1.7175170069094747
1790359121.2056906,2.0370700221974403
1790359121.2219672,2.004377020057291
1790359121.2387433,2.6147419994231313
1790359121.245556,1.7549829790368676
1790359121.2509854,1.405836985213682
1790359121.2517385,22.22146198619157
1790359121.2523248,37.94979999656789
1790359121.2527602,13.996976020280272
1790359121.2531037,6.32869201945141
1790359121.2546995,1.5859689738135785
1790359121.259996,1.6451920091640204
1790359121.2604644,1.4714230201207101
1790359121.2692418,1.6466430097352713
1790359121.2766085,2.0809120032936335
1790359121.285782,2.138918003765866
1790359121.297546,1.5435629757121205
1790359121.298435,32.726471981732175
1790359121.303006,34.49906600872055
1790359121.3037283,38.579465996008366
1790359121.303823,21.225936012342572
1790359121.3051264,14.643192989751697
1790359121.3062828,2.214498003013432
1790359121.307154,2.015898993704468
1790359121.3077075,1.3201900001149625
1790359121.3091078,1.2489219952840358
1790359121.3136022,1043.78405798343
1790359121.3175356,1.8633180006872863
1790359121.318409,1.9567979907151312
1790359121.324249,1079.55679402221
1790359121.3248134,1059.7969070076942
1790359121.3248844,1077.0262900041416
1790359121.3314416,1.7281240143347532
1790359121.3431451,2.8276100056245923
1790359121.3482761,2.949875983176753
1790359121.3571568,39.53133200411685
1790359121.3572867,18.05603102548048
1790359121.357968,11.85075001558289
1790359121.3580613,15.492355014430359
1790359121.3698366,3.093551000347361
1790359121.370746,2.1715349867008626
1790359121.3822172,1.7541400156915188
1790359121.3942907,1.8038779962807894
1790359121.3986793,1.508432993432507
1790359121.400848,1.3991140003781766
1790359121.407524,2.128402004018426
1790359121.4140658,1.7873400065582246
1790359121.4192076,1.9746299949474633
1790359121.4235506,2.0670810190495104
1790359121.4294953,33.739259000867605
1790359121.4303942,25.75317697483115
1790359121.4304762,32.484205992659554
1790359121.4320579,25.554176012519747
1790359121.4332252,19.01170698693022
1790359121.4335058,43.07866800809279
1790359121.433975,14.75432500592433
1790359121.4345572,8.659194019855931
1790359121.4354703,1.4859630027785897
1790359121.4408724,1.8024629971478134
1790359121.4452195,1.8224430095870048
1790359121.445278,1.3866389926988631
1790359121.452591,1.4435529883485287
1790359121.4552386,1.3856790028512478
1790359121.4919562,22.129168995888904
1790359121.5090663,50.84473700844683
1790359121.5114365,30.17537301639095
1790359121.5121722,29.364488000283018
1790359121.512844,38.02846500184387
1790359121.5138624,17.736326000886038
1790359121.5140433,4.729754000436515
1790359121.5201223,1.8379880057182163
1790359121.5255852,1.7494269995950162
1790359121.5298774,47.77750201174058
1790359121.5303597,1.5345790015999228
1790359121.531618,51.40382199897431
1790359121.531781,23.549137986265123
1790359121.5318527,36.641774990130216
1790359121.533618,20.389132987475023
1790359121.533927,10.720802994910628
1790359121.5340254,7.808071008184925
1790359121.5347126,1.5301740204449743
1790359121.5365915,1.265862985746935
1790359121.542498,1.6596339992247522
1790359121.5425804,2.2470410040114075
1790359121.545311,1.1312269780319184
1790359121.5533175,1.4800229982938617
1790359121.55553,1.4601520088035613
1790359121.5591311,2.8997119807172567
1790359121.5601923,2.4558159930165857
1790359121.5625536,1.2060640146955848
1790359121.57124,1.5406220045406371
1790359121.574068,1.5064600156620145
1790359121.5887034,1.7839969950728118
1790359121.5924504,1.5702250238973647
1790359121.5931532,34.793244005413726
1790359121.593528,26.657381997210905
1790359121.595248,38.19158099940978
1790359121.5954726,23.518856993177906
1790359121.5955942,6.878749001771212
1790359121.5956662,13.4301430080086
1790359121.596388,2.600145002361387
1790359121.5987015,1.7184930038638413
1790359121.5992422,1.4261649921536446
1790359121.6125183,1.8925659824162722
1790359121.6202726,2.3410059802699834
1790359121.6440513,33.94117599236779
1790359121.6495202,32.18707401538268
1790359121.653707,29.866703000152484
1790359121.659521,30.754564999369904
1790359121.6660259,31.964472989784554
1790359121.6665182,44.71809900132939
1790359121.6690767,23.7507919955533
1790359121.669498,49.678566021611914
1790359121.6701264,27.137305005453527
1790359121.6706402,13.092889974359423
1790359121.6711316,6.339801009744406
1790359121.671274,9.757495019584894
1790359121.6760454,1.4911369944456965
1790359121.6927798,68.27044000965543
1790359121.6978972,67.60621798457578
1790359121.6999109,65.2164529892616
1790359121.7000017,55.48355501377955
1790359121.7013896,94.91551600513048
1790359121.7023218,76.95986199541949
1790359121.703246,44.65436699683778
1790359121.703682,37.64420599327423
1790359121.7042978,15.748838981380686
1790359121.7047334,56.66597999515943
1790359121.7060606,43.69243298424408
1790359121.7062862,14.885415002936497
1790359121.7064998,7.607021980220452
1790359121.706582,19.989470980362967
1790359121.7073014,1.772986986907199
1790359121.7134554,1.7732630076352507
1790359121.7205076,1.9943029910791665
1790359121.7259684,29.239829018479213
1790359121.7279453,27.39651399315335
1790359121.7282727,43.75515197170898
1790359121.7284398,13.142829993739724
1790359121.7285316,21.219561982434243
1790359121.7382867,1.6857000009622425
1790359121.7461307,1.7198380082845688
1790359121.7868242,9.484865993726999
1790359121.7869241,40.436359005980194
1790359121.7928364,1.5371130139101297
1790359121.7998478,30.731203994946554
1790359121.8002148,38.932454015593976
1790359121.8002913,10.173450980801135
1790359121.8116345,2.2084899828769267
1790359121.8137026,1.469018985517323
1790359121.819538,1.7115469963755459
1790359121.8243346,1.4613640087191015
1790359121.827747,1.4076789957471192
1790359121.8313963,1.4699070015922189
1790359121.8323817,1.7212730017490685
1790359121.8332088,1.4759899931959808
1790359121.8430853,1.7027080175466835
1790359121.847424,1.4994840021245182
1790359121.8554027,1.5157400048337877
1790359121.873325,1.746456982800737
1790359121.8803446,1.6226570005528629
1790359121.8860977,1.801976002752781
1790359121.8970804,29.742071026703343
1790359121.8981695,1.7369209963362664
1790359121.9019752,29.41336197545752
1790359121.9029527,19.583290995797142
1790359121.9031005,39.65161900850944
1790359121.9031725,9.954582987120375
1790359121.9047265,1.3737879926338792
1790359121.909516,1.4931219920981675
1790359121.9154184,1.8944369803648442
1790359121.9236257,1.9629630260169506
1790359121.9252486,1.4919330133125186
1790359121.9430258,1.9516019965521991
1790359121.946721,25.83881199825555
1790359121.947514,24.314618989592418
1790359121.9476979,14.450026996200904
1790359121.9477792,35.1994959928561
1790359121.9563649,1.4193200040608644
1790359121.9640348,2.142106997780502
1790359121.9806266,1.7439280054531991
1790359121.9940217,1.8536830029916018
1790359121.9984133,1.8111399840563536
1790359122.0018566,1.7422950186301023
1790359122.010741,2.068180008791387
1790359122.010827,24.049039027886465
1790359122.011152,36.48864201386459
1790359122.0112305,17.199018999235705
1790359122.0122375,6.039530999260023
1790359122.0123231,12.790954991942272
1790359122.014957,1.327697013039142
1790359122.029072,2.1483880118466914
1790359122.0309901,1.6668880125507712
1790359122.0388668,19.8234380222857
1790359122.045399,1.825005019782111
1790359122.0505993,1.6335220134351403
1790359122.059363,27.457938995212317
1790359122.0600638,2.846816001692787
1790359122.0609674,33.473763993242756
1790359122.0623038,4.394449992105365
1790359122.0623786,42.970922018866986
1790359122.0625799,6.239977024961263
1790359122.0627074,18.50653497967869
1790359122.0631657,3.981571993790567
1790359122.0636268,3.25121299829334
1790359122.0723045,1.5807650052011013
1790359122.0736814,2.0630689978133887
1790359122.0854385,1.3508209958672523
1790359122.0901506,2.1803929994348437
1790359122.0999734,3.302638011518866
1790359122.1014261,21.04113801033236
1790359122.1171088,17.734377004671842
1790359122.1178517,29.247407015645877
1790359122.1195872,22.41918200161308
1790359122.1199796,15.870168019318953
1790359122.1201308,32.64276799745858
1790359122.120211,41.74926900304854
1790359122.120332,5.49957700422965
1790359122.121443,4.559418011922389
1790359122.1225014,1.7988689942285419
1790359122.124749,1.3384369958657771
1790359122.140442,3.284109989181161
1790359122.1408458,35.89459101203829
1790359122.1412823,25.644596986239776
1790359122.141782,43.76363698975183
1790359122.1425564,23.460005002561957
1790359122.1430638,3.5924370167776942
1790359122.143178,21.44044201122597
1790359122.1432753,18.37310500559397
1790359122.1433406,5.263232975266874
1790359122.1559165,3.4329069894738495
1790359122.1559896,2.828049997333437
1790359122.1563659,1.5139800088945776
1790359122.159494,1.5518729924224317
1790359122.1649067,2.062771003693342
1790359122.1659315,1.8328040023334324
1790359122.171138,1.517488999525085
1790359122.1789796,1.8763639964163303
1790359122.184983,1.5138800081331283
1790359122.1866946,1.376578991767019
1790359122.1929352,1.4669550000689924
1790359122.195213,1.649419020395726
1790359122.1957972,1.2731299793813378
1790359122.2109578,1.938442001119256
1790359122.2166154,1.3634120114147663
1790359122.2312913,1.675658015301451
1790359122.236095,28.438000997994095
1790359122.2365391,24.62651499081403
1790359122.238737,40.62686499673873
1790359122.2388515,17.062550992704928
1790359122.238955,3.424372000154108
1790359122.239559,2.7729159919545054
1790359122.2465832,1.498267985880375
1790359122.2554812,1.763345004292205
1790359122.2643547,1.8425050075165927
1790359122.265549,12.667241011513397
1790359122.277155,1.9964090024586767
1790359122.279118,19.718191004358232
1790359122.2794619,39.1214239934925
1790359122.2801175,2.6050329906865954
1790359122.2801898,8.657810016302392
1790359122.2819011,1.370035024592653
1790359122.2834792,1.2720919912680984
1790359122.2859244,1.484634994994849
1790359122.2870667,1.9555909966584295
1790359122.2881148,2.0917479996569455
1790359122.2887368,1.3125660188961774
1790359122.2946212,2.5251240003854036
1790359122.2984078,1.318406022619456
1790359122.3047693,1.4124959998298436
1790359122.3225262,32.0940540113952
1790359122.3226275,30.0090340024326
1790359122.3331368,31.21586301131174
1790359122.3383257,48.97881599026732
1790359122.348604,36.52496199356392
1790359122.3588936,53.97950898623094
1790359122.3599892,51.22174698044546
1790359122.3714378,52.11399600375444
1790359122.372563,34.11926398985088
1790359122.3726513,64.57561600836925
1790359122.3736556,21.551259007537737
1790359122.3738184,25.03936199354939
1790359122.385333,48.40744598186575
1790359122.4024312,51.47465202026069
1790359122.4078891,66.96151400683448
1790359122.4103177,57.43918800726533
1790359122.4109313,22.056841989979148
1790359122.411101,9.292069007642567
1790359122.4126012,1.488893001805991
1790359122.4130447,48.14728398923762
1790359122.4259741,89.66224297182634
1790359122.4269145,34.117945993784815
1790359122.4280574,22.249230998568237
1790359122.4283183,58.28652699710801
1790359122.4284923,13.575782009866089
1790359122.429128,4.03241699677892
1790359122.4424853,25.761525001144037
1790359122.4474583,20.53125499514863
1790359122.4548302,5.2450119983404875
1790359122.4549232,40.65768400323577
1790359122.465753,23.13033098471351
1790359122.4765384,38.465113000711426
1790359122.4766886,13.927058025728911
1790359122.4772894,2.1820499969180673
1790359122.491337,1.6099739877972752
1790359122.5062606,2.4843660066835582
1790359122.5072372,2.6659430004656315
1790359122.512985,1.5640440105926245
1790359122.5136507,1.547785010188818
1790359122.5798833,51.63987699779682
1790359122.603076,61.3408449862618
1790359122.60576,67.20924799446948
1790359122.606221,63.351891993079334
1790359122.6135173,75.79106697812676
1790359122.6138697,82.32402498833835
1790359122.6148376,71.48435999988578
1790359122.6150162,81.0836729942821
1790359122.615899,62.608647014712915
1790359122.616391,52.91231701266952
1790359122.6181006,41.74439300550148
1790359122.618368,20.765568013302982
1790359122.618449,31.064737995620817
1790359122.6185231,35.42359301354736
1790359122.6231995,1.7947969899978489
1790359122.633367,1.9656229997053742
1790359122.6394935,114.37808201299049
1790359122.641107,108.8889460079372
1790359122.6411788,96.94514801958576
1790359122.6420836,86.89088901155628
1790359122.6428792,70.18681798945181
1790359122.6429603,96.13068102044053
1790359122.643245,56.667067983653396
1790359122.6438367,64.74201899254695
1790359122.64415,16.470382019178942
1790359122.6442077,51.09747499227524
1790359122.648273,1.6368759970646352
1790359122.6500268,1.374967978335917
1790359122.6542425,2.313022007001564
1790359122.6543093,1.8386089941486716
1790359122.662229,1.5148420061450452
1790359122.6630945,1.8504080071579665
1790359122.664377,1.274006994208321
1790359122.6710417,1.7321649938821793
1790359122.6717217,1.3540690124500543
1790359122.7026289,22.708181000780314
1790359122.705634,24.480047984980047
1790359122.7166564,32.237600011285394
1790359122.7173808,43.217368016485125
1790359122.7174768,10.7340470131021
1790359122.7184005,6.858882989035919
1790359122.7260618,37.289648986188695
1790359122.7269409,49.749954021535814
1790359122.7274432,18.293794011697173
1790359122.7286825,8.391731011215597
1790359122.72932,4.262759000994265
1790359122.7307496,3.2928129949141294
1790359122.733424,1.6915890155360103
1790359122.7482479,1.6696630045771599
1790359122.7697628,40.21816301974468
1790359122.7702262,44.09250000026077
1790359122.7706292,3.585471014957875
1790359122.771074,12.553979002404958
1790359122.7718518,25.9401070070453
1790359122.7725632,4.331787000410259
1790359122.7733946,2.308987983269617
1790359122.7738075,4.031606018543243
1790359122.7738755,2.154104004148394
1790359122.804215,3.3509350032545626
1790359122.811377,2.3614169913344085
1790359122.8118346,1.8006940081249923
1790359122.8121188,1.288952014874667
1790359122.8180175,2.7300460205879062
1790359122.8193464,3.505411004880443
1790359122.8234339,2.072642993880436
1790359122.823509,2.579751017037779
1790359122.8272865,1.5690199797973037
1790359122.838889,1.5380920085590333
1790359122.8422425,1.3948649866506457
1790359122.8456428,1.2474609829951078
1790359122.8485343,1.5794939827173948
1790359122.8502963,1.7487590084783733
1790359122.8569508,1.3895419833716005
1790359122.8695126,1.6216710209846497
1790359122.8793154,2.8002159961033612
1790359122.885127,2.832750993547961
1790359122.8857017,6.738708005286753
1790359122.8865917,1.4546750171575695
1790359122.9001582,1.9325659959577024
1790359122.9016051,18.26514900312759
1790359122.9158106,27.629137999610975
1790359122.917356,38.89773300033994
1790359122.9181268,9.456433996092528
1790359122.918766,16.766480985097587
1790359122.9188867,2.6275419804733247
1790359122.925809,1.5505800256505609
1790359122.9375048,34.1690779896453
1790359122.9419425,27.051038981880993
1790359122.9423194,12.510283006122336
1790359122.9425213,24.233976000687107
1790359122.9427063,38.87855401262641
1790359122.9481158,1.3972109882161021
1790359122.9597893,1.7107829917222261
1790359122.97172,1.5091240056790411
1790359122.9744914,30.942262994358316
1790359122.9769926,1.9325830216985196
1790359122.9796405,29.436830984195694
1790359122.9803398,40.19833100028336
1790359122.9806828,13.941482990048826
1790359122.9808278,8.502825017785653
1790359122.981379,5.526482011191547
1790359122.984013,2.622180007165298
1790359122.9841018,2.2243800049182028
1790359122.997783,3.3473199873697013
1790359122.9986567,2.8196149796713144
1790359122.999296,2.3171819921117276
1790359123.0089195,3.6359009973239154
1790359123.0090907,5.143713002325967
1790359123.010504,5.358969996450469
1790359123.0110123,3.687971009640023
1790359123.0118532,2.0774159929715097
1790359123.0129404,1.9167150021530688
1790359123.020112,2.0906690042465925
1790359123.0218477,1.7237919964827597
1790359123.0287216,1.803300023311749
1790359123.033938,3.038750000996515
1790359123.0340447,2.510014979634434
1790359123.0341372,3.8526190037373453
1790359123.0458374,2.9092720069456846
1790359123.0469844,2.0786990062333643
1790359123.0486946,1.6987510025501251
1790359123.054531,2.9243530007079244
1790359123.0554786,1.6459260077681392
1790359123.0762918,27.15496701421216
1790359123.0840008,31.070897995959967
1790359123.0932026,35.636185988551006
1790359123.0935636,45.68894498515874
1790359123.0939271,31.515399023192003
1790359123.0943298,27.93605500482954
1790359123.0961163,34.14909899584018
1790359123.0968683,15.452704014023766
1790359123.0971684,6.091432005632669
1790359123.0973399,14.498718024697155
1790359123.0974305,22.78763899812475
1790359123.0977514,3.0803029949311167
1790359123.100287,36.42787502030842
1790359123.1054578,36.12345698638819
1790359123.1064765,45.5783499928657
1790359123.1069982,29.69594599562697
1790359123.107636,17.194825981277972
1790359123.1078022,25.60942101990804
1790359123.1083548,16.72246100497432
1790359123.1084292,10.326877993065864
1790359123.1136606,1.349149999441579
1790359123.1180363,1.2972080148756504
1790359123.1446729,2.6416920009069145
1790359123.1491828,17.01662302366458
1790359123.1526268,2.2256270167417824
1790359123.164754,2.2191159951034933
1790359123.164872,38.60932498355396
1790359123.1662877,13.648843014379963
1790359123.166686,23.323870002059266
1790359123.1670485,1.9785270269494504
1790359123.179986,2.080003992887214
1790359123.1812556,1.2608019751496613
1790359123.195155,1.7347719985991716
1790359123.204346,1.73491399618797
1790359123.2097409,37.84147198894061
1790359123.2113893,32.505570008652285
1790359123.2118473,29.568443016614765
1790359123.2140315,12.24452699534595
1790359123.2168233,2.780753013212234
1790359123.217074,6.771919986931607
1790359123.2182577,46.91707200254314
1790359123.219328,6.353624979965389
1790359123.2196414,7.364657998550683
1790359123.2197907,3.5458499914966524
1790359123.2199268,4.687834996730089
1790359123.2207453,2.2086249955464154
1790359123.2271256,1.9653060007840395
1790359123.228599,2.5045499787665904
1790359123.2326193,1.7790209967643023
1790359123.235538,1.706668990664184
1790359123.2386918,1.6141609812621027
1790359123.2436109,2.512848994228989
1790359123.2442102,1.6162669926416129
1790359123.2485492,1.492862997110933
1790359123.2508087,1.4297369925770909
1790359123.2594268,1.899508002679795
1790359123.266,1.5168760146480054
1790359123.2719362,1.8987630028277636
1790359123.2890732,25.778545008506626
1790359123.2894258,37.646323995431885
1790359123.3054242,30.540865001967177
1790359123.3106916,24.180086998967454
1790359123.3126957,43.19202501210384
1790359123.3131967,9.73073099157773
1790359123.3135104,2.804415998980403
1790359123.3142788,39.94708799291402
1790359123.3275573,40.6170999922324
1790359123.3279314,20.857402007095516
1790359123.3283095,48.66575400228612
1790359123.3284485,15.737323992652819
1790359123.3285556,10.047777992440388
1790359123.3310864,1.768722984706983
1790359123.3349154,1.886913989437744
1790359123.3418295,26.148248987738043
1790359123.3485382,1.7525959992781281
1790359123.3527694,33.61916099675
1790359123.3529184,21.723985992139205
1790359123.3530529,39.25454898853786
1790359123.3533678,7.215275982161984
1790359123.3558667,1.2388890027068555
1790359123.3588452,1.3767470081802458
1790359123.3708553,1.8070960068143904
1790359123.376671,1.8316269852221012
1790359123.3798637,1.4469210000243038
1790359123.3858507,1.3591210008598864
1790359123.3910246,1.3049069966655225
1790359123.3972266,1.5733859909232706
1790359123.400105,1.4970689953770489
1790359123.4102814,1.6677879902999848
1790359123.4261935,34.099217009497806
1790359123.4274743,20.60373200220056
1790359123.4275875,30.239243991672993
1790359123.4279456,3.7760840205010027
1790359123.4280183,41.71104999841191
1790359123.4281878,10.584178002318367
1790359123.4286532,3.5132949997205287
1790359123.4319422,1.322354975854978
1790359123.4361806,1.1622340243775398
1790359123.4484248,1.556643983349204
1790359123.4508445,1.4256279973778874
1790359123.452043,1.1895549832843244
1790359123.4584522,1.7974030051846057
1790359123.4786682,1.4982619904913008
1790359123.499495,26.391196995973587
1790359123.5011811,1.6729320050217211
1790359123.5022354,20.36852002493106
1790359123.5023537,34.11944999243133
1790359123.5060298,1.4581670111510903
1790359123.5096555,1.3617840013466775
1790359123.513834,2.2267859894782305
1790359123.5139196,2.7628630050458014
1790359123.514312,2.0187749760225415
1790359123.5334089,1.8756659992504865
1790359123.5398457,1.8928589997813106
1790359123.5458357,17.918797995662317
1790359123.5523417,2.462250995449722
1790359123.554631,2.84406598075293
1790359123.5578637,4.1009249980561435
1790359123.5594199,2.1119389857631177
1790359123.559508,4.183735989499837
1790359123.5627174,27.764669008320197
1790359123.5663524,42.86656601470895
1790359123.5667555,25.289306009653956
1790359123.5674143,16.79411600343883
1790359123.5675015,15.05050202831626
1790359123.5686886,13.869254995370284
1790359123.5689769,12.861642026109621
1790359123.569318,8.882539987098426
1790359123.5754387,2.4213319993577898
1790359123.5755332,1.7882440006360412
1790359123.5790958,1.8415320082567632
1790359123.5799747,1.7634780087973922
1790359123.5815523,1.3637199881486595
1790359123.5856938,1.399734988808632
1790359123.590623,1.4487580046989024
1790359123.61956,1.8497180135454983
1790359123.632816,2.2549289860762656
1790359123.6342967,1022.6643880014308
1790359123.634375,1038.411441986682
1790359123.642295,1.9654129864647985
1790359123.6440158,1049.0898310090415
1790359123.6652465,3.3039050176739693
1790359123.6982136,33.86229000170715
1790359123.7081273,33.02628701203503
1790359123.7082362,45.42571198544465
1790359123.708344,27.4534169875551
1790359123.709038,26.545872999122366
1790359123.710184,15.16316898050718
1790359123.7102854,19.921912986319512
1790359123.7138975,1081.413808016805
1790359123.7144694,2.0170950156170875
1790359123.7228918,63.105792010901496
1790359123.723354,1112.3429359868169
1790359123.7246175,57.46654298854992
1790359123.7247667,61.41756198485382
1790359123.7257767,46.60477099241689
1790359123.7264192,75.11371199507266
1790359123.7322826,50.84269100916572
1790359123.7426028,57.59799899533391
1790359123.7479851,55.63359198276885
1790359123.753734,57.775994995608926
1790359123.759346,15.561784006422386
1790359123.7633195,27.811679989099503
1790359123.7667181,17.76024600258097
1790359123.7727408,16.21718000387773
1790359123.7735047,55.39270199369639
1790359123.7736013,11.851306015159935
1790359123.7784996,3.037851012777537
1790359123.779379,2.394137001829222
1790359123.7799387,52.496178017463535
1790359123.780346,19.49806002085097
1790359123.7819204,5.505537992576137
1790359123.7820358,14.058866014238447
1790359123.7830508,1.7107930034399033
1790359123.7889624,1.8377599772065878
1790359123.792436,1.5458669804502279
1790359123.7973406,1.3979139912407845
1790359123.8069353,1.5844549925532192
1790359123.8101583,1.4675290149170905
1790359123.8129845,2.070564980385825
1790359123.8136265,1.5057790151331574
1790359123.8180134,1.584407000336796
1790359123.8306978,2.2502359934151173
1790359123.8314838,1.6944069939199835
1790359123.8339865,1.6386149800382555
1790359123.8358119,1.6096479957923293
1790359123.8423972,1.840644981712103
1790359123.8526855,1.7571590142324567
1790359123.8584309,1.3222609995864332
1790359123.8633566,1.5052010130602866
1790359123.8643658,1.9394329865463078
1790359123.879641,2.1144110069144517
1790359123.8951375,3.0312740127556026
1790359123.8985047,1.9365230109542608
1790359123.9178743,11.928124004043639
1790359123.923962,8.296258980408311
1790359123.9294367,39.40465100458823
1790359123.9301395,43.684336997102946
1790359123.9302151,37.56444502505474
1790359123.9303417,16.010358987841755
1790359123.9304173,28.064623998943716
1790359123.930981,3.3340480003971606
1790359123.9384816,39.23599899280816
1790359123.94573,1.544688013382256
1790359123.9585571,1.5328220033552498
1790359123.965341,1.6913700092118233
1790359123.9704835,18.09722901089117
1790359123.9813988,1.705953007331118
1790359123.986564,2.410057990346104
1790359123.988794,1.5658370102755725
1790359123.9949286,13.327907014172524
1790359123.995428,9.445959003642201
1790359123.9955842,7.5909630104433745
1790359123.9957106,32.50274999300018
1790359123.9959419,27.510382991749793
1790359123.9963102,43.32424502354115
1790359123.9964623,4.165021993685514
1790359123.9967937,1.8545300117693841
1790359124.002311,1.5049799985717982
1790359124.0049257,1.3603400147985667
1790359124.0077083,1.2605359952431172
1790359124.0103483,1.1739120236597955
1790359124.0160046,1.630323997233063
1790359124.0178704,1.6465899825561792
1790359124.0398648,2.549176017055288
1790359124.0404031,1.404906011885032
1790359124.0488744,1.5245219983626157
1790359124.053149,29.1741139953956
1790359124.053567,15.57330199284479
1790359124.055267,38.12466299859807
1790359124.0553484,12.52537898835726
1790359124.0585258,2.0407160045579076
1790359124.0777082,1.817757001845166
1790359124.0844965,1.9822419853881001
1790359124.0856826,3.8983100093901157
1790359124.085745,34.83903399319388
1790359124.08582,24.743378977291286
1790359124.0867603,2.388448017882183
1790359124.097608,1.6483740182593465
1790359124.1038358,1.9056729797739536
1790359124.1134703,6.980387988733128
1790359124.1201851,30.021259997738525
1790359124.1258552,27.32900998671539
1790359124.1267304,40.35247000865638
1790359124.1269064,22.583734011277556
1790359124.1327424,18.216516997199506
1790359124.1491227,27.811521984403953
1790359124.1497977,42.74757098755799
1790359124.1549878,2.628981019370258
1790359124.1567106,1.48438400356099
1790359124.1592436,30.08639201289043
1790359124.1657834,12.659799016546458
1790359124.1706836,12.592097977176309
1790359124.1731858,4.01517198770307
1790359124.1735241,54.59191999398172
1790359124.173631,3.534874995239079
1790359124.174248,2.779201982775703
1790359124.1911166,1.6233150090556592
1790359124.1968932,1.5560580068267882
1790359124.2029076,2.1508909994736314
1790359124.2085588,1.711474993498996
1790359124.2144651,1.8666030082385987
1790359124.2223656,30.53663799073547
1790359124.2232244,24.830498994560912
1790359124.2235897,40.633324009831995
1790359124.2236848,21.866216993657872
1790359124.2243373,12.514065980212763
1790359124.2244189,8.50328800152056
1790359124.2316792,1.546701998449862
1790359124.2346034,1.4579179987777025
1790359124.2556312,1.7054129857569933
1790359124.2578127,1.3961130171082914
1790359124.262923,2.54710900480859
1790359124.2708023,1.4650689845439047
1790359124.2723384,1.2443540035746992
1790359124.2790704,1.8571040127426386
1790359124.279125,2.491029998054728
1790359124.2811263,1.1102329881396145
1790359124.2879405,1.4495679934043437
1790359124.2940602,2.0923379925079644
1790359124.2971618,2.0766439847648144
1790359124.2972414,2.5414789852220565
1790359124.2973025,3.2310050155501813
1790359124.3150127,1.553470006911084
1790359124.3199172,1.427201001206413
1790359124.3249567,2.1895870158914477
1790359124.3279788,2.7898669941350818
1790359124.3390675,1.9865419890265912
1790359124.3400714,1.9167120044585317
1790359124.3448713,1.858178002294153
1790359124.3449523,2.574721002019942
1790359124.3470938,1.5321880055125803
1790359124.3573043,2.248058997793123
1790359124.3596573,2.007979986956343
1790359124.370584,1.6109420103020966
1790359124.3815637,1.4206980122253299
1790359124.3823678,27.862570015713573
1790359124.3840742,28.300766018219292
1790359124.3841445,38.09652998461388
1790359124.3843553,9.861580998403952
1790359124.3844664,18.019236013060436
1790359124.3899403,1.451685995562002
1790359124.3982713,1.8873229855671525
1790359124.4020941,1.5076010022312403
1790359124.419737,27.3389529902488
1790359124.4226253,23.85941898683086
1790359124.4233825,13.894953997805715
1790359124.4236825,41.23185100615956
1790359124.4237852,9.06459501129575
1790359124.4401474,29.570054990472272
1790359124.4444375,36.73022400471382
1790359124.4448252,16.006124002160504
1790359124.4453082,4.58863697713241
1790359124.463555,29.6622020250652
1790359124.464025,15.755275002447888
1790359124.464518,37.7551430137828
1790359124.464636,9.99148201663047
1790359124.4651577,2.291666984092444
1790359124.4749117,26.180418994044885
1790359124.4772956,1.4762110076844692
1790359124.4796152,22.044162004021928
1790359124.482751,36.16273298393935
1790359124.4839466,9.841057006269693
1790359124.484461,1.660334994085133
1790359124.484919,1.5008309856057167
1790359124.4935517,1.367794000543654
1790359124.4965851,1.378629996906966
1790359124.4998007,1.4196849951986223
1790359124.5112772,1.4438189973589033
1790359124.5156014,1.2737669749185443
1790359124.526339,2.306333015440032
1790359124.526958,1.3968559796921909
1790359124.557569,38.49870400154032
1790359124.55986,35.27039699838497
1790359124.560425,47.48338198987767
1790359124.5613883,30.190582998329774
1790359124.561491,17.471247003413737
1790359124.5718877,28.567575995111838
1790359124.5786507,20.24119399720803
1790359124.5787387,42.7344290073961
1790359124.5811105,1.5589089889544994
1790359124.596745,36.295543977757916
1790359124.5968668,26.581719983369112
1790359124.6004875,1.464493980165571
1790359124.6041644,2.162401011446491
1790359124.6046777,2.079272991977632
1790359124.6049576,1.767754991305992
1790359124.608955,1.3133750180713832
1790359124.638886,31.666260998463258
1790359124.640992,2.054573007626459
1790359124.6707916,2.067851019091904
1790359124.6727307,1.544678001664579
1790359124.6754627,17.90905700181611
1790359124.676425,36.91192000405863
1790359124.676534,7.088187005138025
1790359124.6768775,2.2428629745263606
1790359124.7172546,6.810585007769987
1790359124.7173512,36.97468599420972
1790359124.72063,1.6938020125962794
1790359124.741752,2.844139002263546
1790359124.7423117,2.209450991358608
1790359124.743402,46.22649701195769
1790359124.750877,1.8824659928213805
1790359124.753359,74.27903500501998
1790359124.7536905,42.60609298944473
1790359124.7547517,72.52954097930342
1790359124.754971,26.742968009784818
1790359124.7556248,15.990132989827543
1790359124.7556942,9.810616000322625
1790359124.7587333,1.5425830206368119
1790359124.7731807,2.026803995249793
1790359124.782721,1062.9753199755214
1790359124.7932112,27.477272000396624
1790359124.7936797,43.86738801258616
1790359124.7938144,18.73056701151654
1790359124.7947989,10.927499999525025
1790359124.7948985,17.82903799903579
1790359124.7993352,22.940209979424253
1790359124.799773,18.222434009658173
1790359124.803595,1.73360898043029
1790359124.8083217,1.390435005305335
1790359124.8105586,18.220630998257548
1790359124.8172245,14.814185997238383
1790359124.8186207,4.087160021299496
1790359124.8186805,42.996070988010615
1790359124.819617,1.4725509972777218
1790359124.8240182,1.319704024353996
1790359124.827773,1.5094009868334979
1790359124.8463721,2.5489539839327335
1790359124.847486,1.5778850065544248
1790359124.8475664,2.0552219939418137
1790359124.852078,1.5702009841334075
1790359124.8535266,1.4388139825314283
1790359124.862869,2.1651889837812632
1790359124.8658085,2.1684830135200173
1790359124.8659897,2.8899930184707046
1790359124.8673723,2.720596006838605
1790359124.868862,2.02979298774153
1790359124.8713691,1.9911539857275784
1790359124.8727262,3.8529580051545054
1790359124.8747525,3.216607990907505
1790359124.874871,2.7435429801698774
1790359124.8749378,4.600101994583383
1790359124.882303,1.7843800014816225
1790359124.8890104,2.6215179823338985
1790359124.8890996,2.2124160022940487
1790359124.8932512,2.2875659924466163
1790359124.898773,3.0012300121597946
1790359124.8988626,2.392349997535348
1790359124.903917,1.9916819874197245
1790359124.9104125,1.8517389835324138
1790359124.9136815,1.8138269952032715
1790359124.9169888,2.060703991446644
1790359124.9234295,2.0622680021915585
1790359124.9298034,1.843342004576698
1790359124.9362507,1.991685014218092
1790359124.945794,2.1008420153521
1790359124.955564,25.62209402094595
1790359124.965989,23.16129201790318
1790359124.9684458,41.641490010078996
1790359124.9685512,4.1161090193782
1790359124.982472,2.685291023226455
1790359124.9967146,2.2442929912358522
1790359124.9979947,22.656129993265495
1790359124.998821,8.70335299987346
1790359124.9989288,45.11181099223904
1790359125.0039694,2.130013977875933
1790359125.0191193,2.0315170113462955
1790359125.0271049,2.299440006026998
1790359125.033786,3.133140009595081
1790359125.034442,1.6886290104594082
1790359125.0414937,32.05873601837084
1790359125.0421693,37.22910099895671
1790359125.0423188,18.176829005824402
1790359125.0430677,11.49099602480419
1790359125.0431974,14.85488298931159
1790359125.0435505,3.3946580078918487
1790359125.0436156,5.122289003338665
1790359125.0478442,2.3679299920331687
1790359125.0479307,2.952067006845027
1790359125.0503898,1.748854003380984
1790359125.0512373,1.625291013624519
1790359125.0520847,1.5366500010713935
1790359125.0604908,3.0404529825318605
1790359125.0626557,1.6482140053994954
1790359125.0689774,1.8722870154306293
1790359125.079573,2.175744011765346
1790359125.0828836,1.9802819879259914
1790359125.085683,1.9260430126450956
1790359125.0868282,1.9469879916869104
1790359125.0869071,2.6083270204253495
1790359125.0899131,1.4233679976314306
1790359125.0942216,1.5637140022590756
1790359125.0984757,1.8619699985720217
1790359125.1077535,1.9723250006791204
1790359125.1128345,1.4913289924152195
1790359125.1148527,1.4181199949234724
1790359125.118034,1.4064459828659892
1790359125.123861,1.4638879802078009
1790359125.1423142,1.7054950003512204
1790359125.1516106,1.5129350067581981
1790359125.1578257,1.4748270041309297
1790359125.1641574,2.0312739943619817
1790359125.1765852,1.6889790131244808
1790359125.1797972,2.4885220045689493
1790359125.1808515,2.92238499969244
1790359125.1817899,1.411994977388531
1790359125.1884096,1.415362989064306
1790359125.1903803,1.2424270098563284
1790359125.193507,1.3068150146864355
1790359125.1975968,2.8116379980929196
1790359125.1985264,3.2357970194425434
1790359125.1986458,2.9170009947847575
1790359125.2135682,2.2584440011996776
1790359125.2199342,2.8798769926652312
1790359125.2200515,2.4649479892104864
1790359125.220505,1.3095749891363084
1790359125.2433887,3.7281690165400505
1790359125.2466836,3.278409014455974
1790359125.2512414,4.52377597684972
1790359125.2536252,3.1880690075922757
1790359125.2537,4.32915601413697
1790359125.254768,2.8852719988208264
1790359125.2562344,2.393424976617098
1790359125.2573931,2.333526994334534
1790359125.2582827,1.41756099765189
1790359125.2659373,1.5277419879566878
1790359125.2676268,1.552082976559177
1790359125.2734876,1.5301609819289297
1790359125.2895255,1.7441210220567882
1790359125.2911842,1.3716989778913558
1790359125.3042965,2.6618939882609993
1790359125.306698,1.963741990039125
1790359125.30788,22.837736003566533
1790359125.308704,1.5085070044733584
1790359125.3124564,37.3492979852017
1790359125.312855,24.501487001543865
1790359125.313578,18.682285997783765
1790359125.3140528,8.18932699621655
1790359125.314175,10.708367015467957
1790359125.3166678,1.4642870228271931
1790359125.3177495,1.8676239997148514
1790359125.3182876,1.305318990489468
1790359125.3236768,2.633169002365321
1790359125.3237662,2.1026830072514713
1790359125.3243132,1.5801260014995933
1790359125.3353167,1.8524309853091836
1790359125.3410206,1.9604920234996825
1790359125.345994,2.1448309998959303
1790359125.3460846,2.95586499851197
1790359125.3511183,1.929327001562342
1790359125.3699439,2.3718049924355
1790359125.3777385,2.7813400083687156
1790359125.3796153,2.04400101210922
1790359125.3843277,2.00882600620389
1790359125.4002159,24.305655009811744
1790359125.415366,2.0505319989752024
1790359125.4155886,37.83495302195661
1790359125.416215,39.72739799064584
1790359125.416304,10.133570001926273
1790359125.4201684,1.3080430217087269
1790359125.4218724,1.3739510031882674
1790359125.4271512,1.631924998946488
1790359125.4358833,1.3583379914052784
1790359125.444832,1.6039700130932033
1790359125.4498255,19.397669995669276
1790359125.4520748,1.651024998864159
1790359125.4612389,1.890532992547378
1790359125.463045,24.316072987858206
1790359125.4652495,38.78798501682468
1790359125.465615,16.511400986928493
1790359125.466055,3.971328987972811
1790359125.4662158,11.70222699875012
1790359125.4663079,5.044144025305286
1790359125.4663694,2.9382400098256767
1790359125.4722922,1.4706579968333244
1790359125.4846003,17.016820987919345
1790359125.4962118,14.745140011655167
1790359125.5037227,21.749036997789517
1790359125.5074856,20.17935799085535
1790359125.5080857,14.693711011204869
1790359125.5081763,41.145419992972165
1790359125.5135868,1.636269997106865
1790359125.5192466,2.0537299860734493
1790359125.5210662,41.316704999189824
1790359125.5211499,29.232176981167868
1790359125.5217795,15.548288996797055
1790359125.5225875,4.189676023088396
1790359125.522699,7.571847003418952
1790359125.5252745,1.507014996604994
1790359125.5293515,1.4911250036675483
1790359125.5325418,1.401983987307176
1790359125.53438,1.4058079977985471
1790359125.5499701,1.579589006723836
1790359125.5542855,3.215442004147917
1790359125.554804,2.489939011866227
1790359125.564561,1.698973006568849
1790359125.569895,1.3441680057439953
1790359125.5761952,28.484093985753134
1790359125.576672,26.142246002564207
1790359125.5773003,36.69065999565646
1790359125.5778468,26.248959999065846
1790359125.578622,23.80794199416414
1790359125.5787086,12.646213988773525
1790359125.581349,1.399820001097396
1790359125.5848641,1.4206029882188886
1790359125.5969622,1.6652559861540794
1790359125.6038651,1.5751599858049303
1790359125.611434,1.998494000872597
1790359125.6121268,1.4693480043206364
1790359125.6152651,1.189828006317839
1790359125.6254911,1.6971739823929965
1790359125.6258578,1.554318005219102
1790359125.6328375,1.4798369957134128
1790359125.636162,1.4397719933185726
1790359125.6439836,1.6498200129717588
1790359125.6552203,2.492176980013028
1790359125.6584604,1.4712080010212958
1790359125.6616328,1.3703109871130437
1790359125.6722436,1.8503259925637394
1790359125.6740596,1.717351988190785
1790359125.6744118,1.4346879906952381
1790359125.6762383,1.3370180095080286
1790359125.6834803,1.8969329830724746
1790359125.6838222,1.7458439979236573
1790359125.6914756,1.6706520109437406
1790359125.6941001,1.8404449801892042
1790359125.6946967,1.314355991780758
1790359125.698537,1.7046009888872504
1790359125.6991372,1.3492459838744253
1790359125.7049394,1.6335580148734152
1790359125.7119005,1.4128780167084187
1790359125.7151265,1.3582930259872228
1790359125.7239835,1.728150004055351
1790359125.7253451,1.352030987618491
1790359125.7494762,3.262256010202691
1790359125.7504737,2.160275005735457
1790359125.770212,23.349049995886162
1790359125.770299,33.62323800683953
1790359125.773434,46.48874999838881
1790359125.7744515,17.44512698496692
1790359125.7748199,11.915913986740634
1790359125.7748864,8.00512102432549
1790359125.7772555,1.6303320007864386
1790359125.7796912,17.932272021425888
1790359125.7797856,15.969642990967259
1790359125.7859035,2.124239021213725
1790359125.8005285,1.9403769983910024
1790359125.8023021,31.538932002149522
1790359125.8025885,19.792797975242138
1790359125.803452,8.732593996683136
1790359125.80353,44.37049801344983
1790359125.805026,1.280593016417697
1790359125.8126843,1.9811310048680753
1790359125.8174534,1.4320859918370843
1790359125.8264947,1.7127780010923743
1790359125.8267727,1.4451949973590672
1790359125.8308213,1.586161000886932
1790359125.8310704,1.3517700135707855
1790359125.847489,2.271281002322212
1790359125.850091,1.54699498671107
1790359125.8574743,1.4992599899414927
1790359125.8656335,1.6318830021191388
1790359125.869471,24.877181014744565
1790359125.8705409,24.296471994603053
1790359125.8715277,16.175331023987383
1790359125.8721497,39.90478502237238
1790359125.8723135,5.342985998140648
1790359125.8723931,14.413090015295893
1790359125.8787549,1.4378770138137043
1790359125.8820875,1.4178720011841506
1790359125.886392,1.729677023831755
1790359125.886668,1.4710779942106456
1790359125.8968434,1.8740159866865724
1790359125.9129732,1.9136570044793189
1790359125.9161017,1.9040539918933064
1790359125.9278808,1.6875449800863862
1790359125.935629,10.127257992280647
1790359125.9357226,37.85712202079594
1790359125.935792,22.55380601854995
1790359125.9385574,2.61950001004152
1790359125.944384,1.5061429876368493
1790359125.9486735,12.667511007748544
1790359125.9797332,22.915854991879314
1790359125.9804945,27.314218983519822
1790359125.981101,21.97238098597154
1790359125.9811947,44.27250599837862
1790359125.9824076,19.151257001794875
1790359125.9825845,15.50029800273478
1790359125.9845815,14.17167199542746
1790359125.9849195,8.69133899686858
1790359125.98528,25.515994988381863
1790359125.985345,13.126190984621644
1790359125.9929411,2.229899022495374
1790359125.9963264,28.729710000334308
1790359125.997328,14.283425000030547
1790359125.9976227,50.362590001896024
1790359125.9987106,23.156175011536106
1790359125.9989836,32.79081601067446
1790359125.999065,6.1103570042178035
1790359126.0002267,28.516605991171673
1790359126.0012045,8.455878007225692
1790359126.0013099,6.468130013672635
1790359126.001381,5.043096985900775
1790359126.0022452,2.6700439921114594
1790359126.0065122,1.7087350133806467
1790359126.0086353,1.4120239939074963
1790359126.0103211,1.307647005887702
1790359126.0118296,1.499769015936181
1790359126.0123498,1.2597840104717761
1790359126.0185235,1.3491270074155182
1790359126.0193198,1.634616986848414
1790359126.0238163,1.5566200017929077
1790359126.0383103,1.6647019947413355
1790359126.0508153,1.7128820181824267
1790359126.0611691,1.670491008553654
1790359126.077227,23.881289002019912
1790359126.0782108,38.60522998729721
1790359126.0783,15.908600995317101
1790359126.0811331,2.1418719843495637
1790359126.0980556,24.896632006857544
1790359126.1031373,23.045046982588246
1790359126.1042302,41.15080100018531
1790359126.1050148,4.054196004290134
1790359126.1050994,9.786762995645404
1790359126.1157503,1.7471160099375993
1790359126.1201835,1.44405200262554
1790359126.122391,33.04381199995987
1790359126.1229255,22.62672799406573
1790359126.1230223,40.422123012831435
1790359126.1235476,21.17083701887168
1790359126.123632,6.692324997857213
1790359126.1252527,1.363276009215042
1790359126.1263943,1.883704011561349
1790359126.1298048,1.4105410082265735
1790359126.1333926,1.3473090075422078
1790359126.1724062,34.324342996114865
1790359126.172634,28.025135019561276
1790359126.1772974,30.197685002349317
1790359126.1811783,33.48185200593434
1790359126.1815593,27.627389004919678
1790359126.1819856,43.39078298653476
1790359126.1829004,23.628847993677482
1790359126.1832702,20.161212974926457
1790359126.1838229,30.536336998920888
1790359126.1846433,14.45736997993663
1790359126.1847422,9.812690987018868
1790359126.18726,29.840603994671255
1790359126.1876838,48.681590997148305
1790359126.1878781,27.03509500133805
1790359126.1887748,20.62933598062955
1790359126.1897306,16.461541003081948
1790359126.190548,1.7617960111238062
1790359126.1935358,1.7247720097657293
1790359126.199276,1.8237729964312166
1790359126.2070765,1.6053910076152533
1790359126.2209764,22.952261002501473
1790359126.2247994,1.6301129944622517
1790359126.2290368,1.65566400391981
1790359126.2309089,1.6980090003926307
1790359126.230988,37.397231004433706
1790359126.232759,12.43622598121874
1790359126.2333813,5.155305989319459
1790359126.2335484,7.176251994678751
1790359126.2341995,2.5170489971060306
1790359126.2346823,1.9119220087304711
1790359126.2388985,2.037764003034681
1790359126.239932,2.2631610045209527
1790359126.2404954,1.346158009255305
1790359126.2483842,1.52832199819386
1790359126.251751,1.5895100077614188
1790359126.2535946,1.7291769909206778
1790359126.2548614,1.2571490078698844
1790359126.2584174,1.6330300131812692
1790359126.2586727,1.3928470143582672
1790359126.2800758,1.9462310010567307
1790359126.287962,2.4584629863966256
1790359126.2903345,1.5721539966762066
1790359126.2982383,2.054351003607735
1790359126.3029933,30.04779599723406
1790359126.3089745,28.637490002438426
1790359126.309158,41.330296982778236
1790359126.309334,23.112791997846216
1790359126.3101964,18.491124996216968
1790359126.3102639,8.233586995629594
1790359126.3119128,1.418677973560989
1790359126.3394113,35.78611102420837
1790359126.341207,41.34022499783896
1790359126.3413422,19.76471798843704
1790359126.3717623,43.693062994861975
1790359126.3731966,35.96256801392883
1790359126.380852,28.29844001098536
1790359126.3859134,69.4353949802462
1790359126.397145,30.585603992221877
1790359126.4002106,34.25865698955022
1790359126.400419,32.05699400859885
1790359126.401694,62.73052599863149
1790359126.4025667,28.12410198384896
1790359126.4032233,23.290530021768063
1790359126.403526,4.711602028692141
1790359126.4035902,11.98206000844948
1790359126.4088154,72.7266579924617
1790359126.4095209,1.9068190013058484
1790359126.4160993,1.5567179943900555
1790359126.4194624,52.20046199974604
1790359126.4218087,52.04208701616153
1790359126.422345,72.27057599811815
1790359126.422467,47.21458800486289
1790359126.423129,41.234765987610444
1790359126.4254446,25.92211202136241
1790359126.425893,16.361749003408477
1790359126.4260814,31.26229500048794
1790359126.4274256,3.2143119897227734
1790359126.4275067,2.0493569900281727
1790359126.4408972,1.5462269948329777
1790359126.4439697,1.4784260129090399
1790359126.4476912,1.4158989943098277
1790359126.451325,1.2409210030455142
1790359126.4529614,1.2610929843503982
1790359126.4550624,1.199507009005174
1790359126.4569278,1.2373000208754092
1790359126.4582255,1.289147010538727
1790359126.4605322,1.1648389918264002
1790359126.4659865,1.826124993385747
1790359126.4666624,1.433631987310946
1790359126.4841092,1.8808840250130743
1790359126.4887578,1.4811479777563363
1790359126.492714,1.4930309844203293
1790359126.5045655,1.8364510033279657
1790359126.5299044,1.592362008523196
1790359126.5376158,12.285040022106841
1790359126.53772,1.7565509770065546
1790359126.5543163,2.3394680174533278
1790359126.5590098,29.092199984006584
1790359126.5659945,1.7299299943260849
1790359126.5674367,27.54441200522706
1790359126.5680423,43.30225501325913
1790359126.5682123,10.483015008503571
1790359126.5695992,1.3740220165345818
1790359126.5823257,1.615720015252009
1790359126.5867822,1.4983160072006285
1790359126.5936928,2.3062879918143153
1790359126.5939891,3.142468020087108
1790359126.5940704,2.2754319943487644
1790359126.5994704,1.5275969926733524
1790359126.6007783,1.1636879935394973
1790359126.605342,1.2088250077795237
1790359126.6088684,1.6935369931161404
1790359126.6096323,1.1868010042235255
1790359126.6270988,1.9342339946888387
1790359126.6272259,2.587191993370652
1790359126.630701,1.4249030209612101
1790359126.6339512,1.4601680159103125
1790359126.6352594,1.1738199973478913
1790359126.6383426,1.4254650159273297
1790359126.644809,1.3311539951246232
1790359126.6494775,1.5333539922721684
1790359126.6571512,1.676738989772275
1790359126.658025,1.6675250080879778
1790359126.6605434,1.7780240159481764
1790359126.661446,1.4396969927474856
1790359126.6723576,1.708936004433781
1790359126.6764789,1.7138039984274656
1790359126.6800034,1.4771840069442987
1790359126.684603,1.8025079916696995
1790359126.6918736,1.8322689866181463
1790359126.7165692,27.395541983423755
1790359126.7257068,26.474935992155224
1790359126.726166,42.48380599892698
1790359126.7262478,6.14887400297448
1790359126.7438078,21.865729009732604
1790359126.7441287,31.27295200829394
1790359126.7442083,40.29645799892023
1790359126.7602267,1.760920014930889
1790359126.7750046,1.7582119908183813
1790359126.7865596,2.4460979911964387
1790359126.7950969,1.6702269786037505
1790359126.799349,1.5311810129787773
1790359126.8092964,2.3115059884730726
1790359126.8101962,2.275909995660186
1790359126.8102632,1.7733789863996208
1790359126.8156455,1.2690599833149463
1790359126.8191938,1.8629999831318855
1790359126.8216522,2.449183026328683
1790359126.8226993,3.016688977368176
1790359126.82287,4.155733011430129
1790359126.8240442,3.5460939980112016
1790359126.8241227,2.0546879968605936
1790359126.8307447,1.789283996913582
1790359126.8325462,1.2460629804991186
1790359126.8350537,1.8066880002152175
1790359126.8356137,1.9468880200292915
1790359126.8372035,1.57423599739559
1790359126.8392546,1.2551159888971597
1790359126.8417754,1.2005509925074875
1790359126.8447871,1.2099120067432523
1790359126.8579478,1.6767059860285372
1790359126.8619862,2.1462249860633165
1790359126.8650198,1.307380007347092
1790359126.8814175,1.986336981644854
1790359126.8826177,2.2444589994847775
1790359126.8829174,1.4876050117891282
1790359126.8863437,1.3869090180378407
1790359126.8980794,1.4488360029645264
1790359126.9018764,1.530150999315083
1790359126.9082541,1.419323991285637
1790359126.9118907,17.260766006074846
1790359126.9222984,23.910897987661883
1790359126.9247792,36.71235599904321
1790359126.9248974,18.6377200006973
1790359126.9249773,6.551501021021977
1790359126.9253712,2.4750130251049995
1790359126.9422703,1.6096050094347447
1790359126.9501927,2.0240650046616793
1790359126.9698443,14.264878001995385
1790359126.974818,32.41161402547732
1790359126.9789045,26.26822001184337
1790359126.9813535,21.880585001781583
1790359126.981513,43.68429601890966
1790359126.9816208,17.184811003971845
1790359126.9822252,3.0305840191431344
1790359126.987149,1.7967469757422805
1790359126.9987457,34.95158097939566
1790359126.9993315,43.209277006099
1790359127.0002756,5.798149999463931
1790359127.000525,20.84911198471673
1790359127.0009344,35.78654199372977
1790359127.0014484,1.756318990373984
1790359127.0111926,1.9224800053052604
1790359127.0245595,27.07618201384321
1790359127.0301168,1.9048340036533773
1790359127.0370762,1.4625389885623008
1790359127.039736,36.66591999353841
1790359127.0399415,21.81731999735348
1790359127.0402691,44.066051981644705
1790359127.0403466,8.103334985207766
1790359127.0436425,2.0626530167646706
1790359127.0445402,2.4450299970339984
1790359127.0472293,1.3833599805366248
1790359127.0498502,1.540266996016726
1790359127.0501237,1.389123994158581
1790359127.0518823,1.1408109858166426
1790359127.0574477,1.6140240186359733
1790359127.0575068,2.1730889857281
1790359127.0691307,1.8768089939840138
1790359127.070053,1.729644980514422
1790359127.0779114,1.3989650178700686
1790359127.0806453,2.1155969880055636
1790359127.0807116,1.7941370024345815
1790359127.084183,1.2621049827430397
1790359127.0897303,1.4344879891723394
1790359127.0944195,1.5808060124982148
1790359127.100734,1.5571020194329321
1790359127.1319153,1.7918719968292862
1790359127.1394782,1.6388270014431328
1790359127.1475093,14.88254198920913
1790359127.147854,28.337004012428224
1790359127.148063,40.814082021825016
1790359127.148157,3.6422619887162
1790359127.1482267,5.201523978030309
1790359127.148497,3.4793050144799054
1790359127.166345,1.640181988477707
1790359127.1758008,1.4563000004272908
1790359127.1826425,1.4980380074121058
1790359127.1902518,27.41071200580336
1790359127.1915925,19.75170598598197
1790359127.1930327,15.856851998250932
1790359127.1931531,36.228128999937326
1790359127.1944964,2.1703820093534887
1790359127.195442,1.6923990042414516
1790359127.1996582,1.4170690265018493
1790359127.205528,1.695857004960999
1790359127.21706,1.5944890037644655
1790359127.2315123,3.5185339802410454
1790359127.2324777,3.519655001582578
1790359127.237115,1.3394700072240084
1790359127.2450368,1.624833996174857
1790359127.249349,1.3993909815326333
1790359127.2522593,1.2910979858133942
1790359127.2613688,1.9546410185284913
1790359127.2740066,1.9380540179554373
1790359127.275447,1.3199480017647147
1790359127.280726,1.7262909968849272
1790359127.2818234,2.2982030059210956
1790359127.2822592,1.3543170061893761
1790359127.2921467,1.7373109876643866
1790359127.315284,1.724825007840991
1790359127.3354712,2.1486539917532355
1790359127.3458333,2.029039984336123
1790359127.3517222,1.8451200157869607
1790359127.3520172,27.129577996674925
1790359127.3587766,41.91207399708219
1790359127.358989,10.403104999568313
1790359127.3590748,19.52152600279078
1790359127.3838334,12.816314003430307
1790359127.3954515,41.58047601231374
1790359127.3956583,21.54185899416916
1790359127.3966768,2.947255998151377
1790359127.413453,5.28176300576888
1790359127.413619,41.811089002294466
1790359127.4137025,32.86831401055679
1790359127.414712,2.9293629922904074
1790359127.4192405,1.7341370112262666
1790359127.4220836,1.5075979754328728
1790359127.4226391,1.3031420239713043
1790359127.447257,1.9434739951975644
1790359127.4508624,1.6491810092702508
1790359127.4798553,18.503670988138765
1790359127.49315,41.895608010236174
1790359127.4969182,31.08560701366514
1790359127.4973748,50.96051501459442
1790359127.499111,24.51283298432827
1790359127.510276,23.661716986680403
1790359127.5107446,19.68124898849055
1790359127.5108397,48.93876300775446
1790359127.5112476,13.071035005850717
1790359127.5145917,1.8281629891134799
1790359127.5270634,44.75765599636361
1790359127.529265,39.26853500888683
1790359127.5294843,25.507930025923997
1790359127.529556,62.9107849963475
1790359127.5296578,37.64291500556283
1790359127.52979,5.965068005025387
1790359127.530241,3.162103006616235
1790359127.5335493,1.7818699998315424
1790359127.5351763,1.51848400128074
1790359127.5392559,1.5505779883824289
1790359127.5418801,2.6126459997612983
1790359127.5422778,2.286541013745591
1790359127.542582,2.137450996087864
1790359127.5431287,1.6407409857492894
1790359127.5605555,1.8274710164405406
1790359127.5611467,1.631924998946488
1790359127.5670693,1.816439995309338
1790359127.5720384,1.5283120155800134
1790359127.57518,1.4504830178339034
1790359127.5777042,1.7120540142059326
1790359127.5783193,1.3198160158935934
1790359127.59331,1.9766530022025108
1790359127.6148114,3.0300120124593377
1790359127.6148844,2.2636569919995964
1790359127.6177547,1.45829698885791
1790359127.6269784,1.7366250103805214
1790359127.6305344,1.4725580113008618
1790359127.6384666,1.7750320257619023
1790359127.6442971,3.7642440001945943
1790359127.6465106,2.911704999860376
1790359127.6478934,3.5832069988828152
1790359127.6479545,5.711928999517113
1790359127.6493933,2.14682100340724
1790359127.6494634,2.7968609938398004
1790359127.6575735,1.7286149959545583
1790359127.6737716,1.865391997853294
1790359127.6792848,2.4555599957238883
1790359127.6796362,2.1795319917146116
1790359127.680101,1.9567009876482189
1790359127.6841319,1.3034279982093722
1790359127.6879609,3.278482996392995
1790359127.688319,2.9497780196834356
1790359127.6909056,1.2260999938007444
1790359127.694114,2.3903110122773796
1790359127.694185,1.9661890110000968
1790359127.6945512,1.7982750141527504
1790359127.6978421,1.7109789769165218
1790359127.698361,1.2988050002604723
1790359127.7070365,1.382742018904537
1790359127.7111967,1.4329010155051947
1790359127.724415,1.5933559916447848
1790359127.7279508,1.3869850081391633
1790359127.7294247,1.2629520206246525
1790359127.733118,1.489725982537493
1790359127.7466102,1.9781229784712195
1790359127.7661548,31.954828999005258
1790359127.7807882,25.634983991039917
1790359127.7812583,48.0413899931591
1790359127.781522,20.824687991989776
1790359127.7816346,4.5175839914008975
1790359127.7817333,32.9442459915299
1790359127.785634,2.1498480055015534
1790359127.7898257,1.9001509936060756
1790359127.789959,22.92101798229851
1790359127.7958932,16.879752016393468
1790359127.7967045,47.28112000157125
1790359127.7978907,13.192377024097368
1790359127.7980483,4.813855019165203
1790359127.7990234,2.1889109921175987
1790359127.816898,22.99890198628418
1790359127.8219187,18.18474000901915
1790359127.826761,37.940359994536266
1790359127.8304768,1.5066810010466725
1790359127.8463275,1.4917640073690563
1790359127.855927,1.7834109894465655
1790359127.8602486,1.5440010174643248
1790359127.8636186,1.9699179974850267
1790359127.8758392,2.023737004492432
1790359127.8825896,28.998514986597
1790359127.8851962,40.97208799794316
1790359127.886308,24.15160901728086
1790359127.8868678,26.197498984402046
1790359127.8869667,29.335889004869387
1790359127.8871958,5.831518996274099
1790359127.887363,12.739364989101887
1790359127.8938708,18.0183409829624
1790359127.9179916,29.378515988355502
1790359127.919345,42.89918299764395
1790359127.9197729,23.13318502274342
1790359127.9201097,16.63890399504453
1790359127.9201844,4.197458998532966
1790359127.924356,28.7644499912858
1790359127.9312532,30.300521990284324
1790359127.9315183,25.945656991098076
1790359127.933787,12.381802021991462
1790359127.9345276,50.44671898940578
1790359127.9353595,3.8282150053419173
1790359127.9359634,3.4606500121299177
1790359127.9360378,2.2368429927155375
1790359127.9453886,1.8312559986952692
1790359127.9529796,1.699446002021432
1790359127.963032,1.8631689890753478
1790359127.9728727,1.8763899861369282
1790359127.9801917,2.096263982821256
1790359127.981114,1.9506009994074702
1790359127.9984589,2.1513740066438913
1790359128.028211,27.97442101291381
1790359128.0286639,20.686700998339802
1790359128.0299249,20.047255005920306
1790359128.0308337,41.633988003013656
1790359128.0309312,19.11079799174331
1790359128.0339782,22.988908021943644
1790359128.0527806,16.324939002515748
1790359128.0535383,6.561548012541607
1790359128.0536394,48.85700001614168
1790359128.0603383,1.907385012600571
1790359128.0714726,32.7595230191946
1790359128.0738564,1.7723970231600106
1790359128.0781791,27.84645900828764
1790359128.078495,40.88548998697661
1790359128.0790951,16.6337380069308
1790359128.0802932,4.8738660116214305
1790359128.09727,20.382850983878598
1790359128.1181865,29.99506299966015
1790359128.1220653,47.435121989110485
1790359128.1224775,27.08419499685988
1790359128.122813,16.613420011708513
1790359128.1233792,11.417439003707841
1790359128.1267607,2.576466999016702
1790359128.1272736,48.11749898362905
1790359128.1279895,14.780844998313114
1790359128.1281128,3.0078109994065017
1790359128.128196,22.61957700829953
1790359128.1282568,21.159435011213645
1790359128.1368217,2.58221902186051
1790359128.1368852,2.0754639990627766
1790359128.1411486,1.775717013515532
1790359128.1422274,1.9587010028772056
1790359128.144521,1.8765070126391947
1790359128.1454427,1.3712069776374847
1790359128.1510231,1.6304909950122237
1790359128.153991,1.9688720058184117
1790359128.1548724,1.6055669984780252
1790359128.1705437,1.9701919809449464
1790359128.1797369,2.90804699761793
1790359128.1803784,2.1742200187873095
1790359128.180673,1.5561239852104336
1790359128.1825202,1.4840259973425418
1790359128.1880248,1.8446150061208755
1790359128.190005,1.9686940067913383
1790359128.1908216,1.9545380200725049
1790359128.1957252,1.7272890254389495
1790359128.1973798,1.6434999997727573
1790359128.1987653,1.3754060200881213
1790359128.205271,2.287348994286731
1790359128.2053537,2.939705998869613
1790359128.2056768,2.1327899885363877
1790359128.2079616,1.3629579916596413
1790359128.2119288,1.774030999513343
1790359128.2152023,1.5189850237220526
1790359128.222364,2.0919340022373945
1790359128.2251134,1.6776499978732318
1790359128.2264893,1.355012005660683
1790359128.2284136,1.8159330065827817
1790359128.2427247,3.1239439849741757
1790359128.242842,2.313714998308569
1790359128.2534137,2.1342219843063504
1790359128.2627714,2.62253699474968
1790359128.2806013,22.333722008625045
1790359128.2807076,36.75317598390393
1790359128.2827375,41.483314998913556
1790359128.2828436,21.28007900319062
1790359128.2892895,1.6855779977049679
1790359128.289447,13.303621992236003
1790359128.2972045,2.100098005030304
1790359128.3101032,2.03980301739648
1790359128.3129644,21.794886008137837
1790359128.3130898,41.19140200782567
1790359128.3137343,6.5230309846811
1790359128.3145545,1.345452998066321
1790359128.3208613,1.3632900081574917
1790359128.3366537,1.7879649822134525
1790359128.352352,1.847678009653464
1790359128.3557775,1.9451100088190287
1790359128.3738348,2.025419002166018
1790359128.3746576,26.00464300485328
1790359128.3758948,39.06859099515714
1790359128.3760345,15.102861012564972
1790359128.3761072,23.282668989850208
1790359128.3890636,1.3993289903737605
1790359128.3982399,1.5782979899086058
1790359128.4001634,1.2302070099394768
1790359128.4058506,2.2476650192402303
1790359128.4074275,2.8280130063649267
1790359128.4075594,4.634040989913046
1790359128.4076245,4.1385850054211915
1790359128.409114,1.383671013172716
1790359128.410755,1.3029510155320168
1790359128.415948,1.388637989293784
1790359128.42668,1.780090999091044
1790359128.4280615,1.3587819994427264
1790359128.430324,1.6212209884542972
1790359128.4305763,1.3546119735110551
1790359128.4333968,1.3197310036048293
1790359128.4525461,1.4649679942522198
1790359128.460489,1.450454001314938
1790359128.464167,15.224947012029588
1790359128.4697275,1.883780991192907
1790359128.479376,2.0935570064466447
1790359128.4815874,1.5818029933143407
1790359128.4843626,30.086543993093073
1790359128.484928,24.3154639902059
1790359128.4866312,11.80727401515469
1790359128.4867291,4.502064984990284
1790359128.486805,40.00551198259927
1790359128.4868844,9.006494015920907
1790359128.4896417,1.752726995619014
1790359128.4913604,3.8580670079682022
1790359128.491436,2.943247993243858
1790359128.4923756,2.436734997900203
1790359128.493433,1.6152420139405876
1790359128.4942124,1.695609011221677
1790359128.5075426,1.6516140021849424
1790359128.5107136,1.3305849861353636
1790359128.5180378,1.7986460006795824
1790359128.5181382,2.4494039826095104
1790359128.532171,1.721914013614878
1790359128.5374818,1.3181089889258146
1790359128.5419977,1.4207539788912982
1790359128.5444827,2.1435560192912817
1790359128.550258,1.3819849991705269
1790359128.560621,2.0599710114765912
1790359128.5752068,29.671266995137557
1790359128.5837717,25.744365993887186
1790359128.5846655,41.857101023197174
1790359128.5849123,21.331591997295618
1790359128.5860906,10.629463009536266
1790359128.5862215,14.656304992968217
1790359128.5862892,8.329887001309544
1790359128.58815,1.449333009077236
1790359128.5893836,25.158403004752472
1790359128.6019979,29.501534008886665
1790359128.6023216,25.133707997156307
1790359128.6026947,41.8800360057503
1790359128.6036532,10.489722015336156
1790359128.6037307,23.958923004101962
1790359128.6056175,1.3704960001632571
1790359128.6091318,1.268143008928746
1790359128.612395,1.3091159926261753
1790359128.6154773,1.7357830074615777
1790359128.6216846,2.1082080202177167
1790359128.6292338,1.693805999821052
1790359128.658806,15.578955004457384
1790359128.6597896,38.88888901565224
1790359128.6600642,29.797216993756592
1790359128.6615698,17.04812000389211
1790359128.661882,16.620604001218453
1790359128.6789303,29.337795975152403
1790359128.6802566,33.24130200780928
1790359128.6834412,43.79719600547105
1790359128.6841257,31.133714015595615
1790359128.6842148,28.470607998315245
1790359128.6859345,28.318039985606447
1790359128.686589,21.31516599911265
1790359128.6871972,12.159379984950647
1790359128.687261,2.9177959950175136
1790359128.690309,37.931631988612935
1790359128.69842,1.5822020068299025
1790359128.700143,45.90289600309916
1790359128.700568,44.02915301034227
1790359128.7020824,50.89178300113417
1790359128.7022846,29.108850023476407
1790359128.7032857,20.820631994865835
1790359128.7035315,18.100586981745437
1790359128.703602,43.52475199266337
1790359128.7036965,5.26382599491626
1790359128.7053535,1.5488849894609302
1790359128.7118812,1.404600974638015
1790359128.7168858,1.2819079856853932
1790359128.7246618,1.8892129883170128
1790359128.7247481,2.586463000625372
1790359128.7272172,1.3165500131435692
1790359128.7309,1.3954939786344767
1790359128.732814,1.196739001898095
1790359128.734429,1.1686709767673165
1790359128.7445526,1.6032390121836215
1790359128.759442,1.7939200042746961
1790359128.7660403,12.000713992165402
1790359128.7678316,1.6408189840149134
1790359128.7829523,2.4920430150814354
1790359128.786261,2.2366899938788265
1790359128.7864146,41.61843299516477
1790359128.7868109,22.767631977330893
1790359128.7872918,7.93806099682115
1790359128.7874017,5.486962996656075
1790359128.789541,1.407659990945831
1790359128.7942498,1.4657900028396398
1790359128.8032286,1.8711219890974462
1790359128.8048275,1.4970169868320227
1790359128.8136888,2.2873499838169664
1790359128.8141022,2.0735840080305934
1790359128.8148863,1.7604939930606633
1790359128.81672,1.2025310134049505
1790359128.8241591,1.8610320112202317
1790359128.8369162,2.0945179858244956
1790359128.8466454,1.6528189880773425
1790359128.851951,35.10569501668215
1790359128.852146,20.28696599882096
1790359128.8524408,16.942793008638546
1790359128.864862,1.495619013439864
1790359128.8656306,1.6005200159270316
1790359128.871046,1.340974005870521
1790359128.8742886,1.5136080037336797
1790359128.8751166,1.5886379987932742
1790359128.8757086,1.285897014895454
1790359128.8835392,1.598639995791018
1790359128.8895938,1.9049220136366785
1790359128.8945794,1.4830209838692099
1790359128.904843,1.8034450185950845
1790359128.912262,1.4499179960694164
1790359128.9253473,23.090436996426433
1790359128.9272177,38.03190900362097
1790359128.9273403,21.634564007399604
1790359128.9275067,12.843681004596874
1790359128.9278193,9.84055598382838
1790359128.92855,13.314843992702663
1790359128.9389133,20.44387298519723
1790359128.943432,2.2054830042179674
1790359128.945923,1.383416005410254
1790359128.952723,36.80655098287389
1790359128.952805,10.40015000035055
1790359128.96515,1.9553409947548062
1790359128.9687774,1.420846994733438
1790359128.973244,1.5440579736605287
1790359128.9738393,1.3312349910847843
1790359128.9766748,1.3231530028861016
1790359128.977257,1.2038120185025036
1790359128.9827154,1.384616014547646
1790359128.9979274,1.5740790113341063
1790359129.0006902,1.4387069968506694
1790359129.0237644,1.7320209881290793
1790359129.0296588,2.075509022688493
1790359129.0376015,1.7820399953052402
1790359129.0538094,25.69465897977352
1790359129.0541253,16.51003200095147
1790359129.05421,2.2194590128492564
1790359129.0638232,38.42103201895952
1790359129.0639179,6.730066001182422
1790359129.0886996,2.412956004263833
1790359129.0916274,23.790562991052866
1790359129.092359,5.979068024316803
1790359129.0924475,35.188545007258654
1790359129.09727,1.4743079955223948
1790359129.1122735,1.5401800046674907
1790359129.12193,1.5897580015007406
1790359129.1251407,19.199695001589134
1790359129.1252253,30.16125300200656
1790359129.1262827,35.56495200609788
1790359129.1265864,10.158512013731524
1790359129.1268895,5.750882002757862
1790359129.141669,1.6959960048552603
1790359129.1466186,1.5268810093402863
1790359129.1513038,21.899519982980564
1790359129.1589503,34.8891920002643
1790359129.1590307,15.274011995643377
1790359129.1733127,1.8746909918263555
1790359129.173836,1.6402459878008813
1790359129.1797662,1.7166459874715656
1790359129.182045,1.3168069999665022
1790359129.1835132,1.3307479966897517
1790359129.1858642,1.2873719970230013
1790359129.2043564,1.9773130188696086
1790359129.212881,28.800166997825727
1790359129.2197275,32.833951991051435
1790359129.2204201,36.80341399740428
1790359129.2205067,13.918192009441555
1790359129.2210002,9.004479012219235
1790359129.2241192,1.5421620046254247
1790359129.232539,2.7657580212689936
1790359129.2347565,2.2025240177754313
1790359129.2385602,27.987214998574927
1790359129.24887,30.52752697840333
1790359129.253152,27.708617999451235
1790359129.2548933,18.74412700999528
1790359129.255019,45.392774016363546
1790359129.256366,25.961634994018823
1790359129.2565567,5.203496024478227
1790359129.2575688,1.824211998609826
1790359129.2717562,2.0760610059369355
1790359129.2724593,28.09328300645575
1790359129.2733002,1.650388992857188
1790359129.276712,22.414288017898798
1790359129.2773411,42.06903500016779
1790359129.2780702,11.166544980369508
1790359129.2781384,7.9305349790956825
1790359129.282709,3.104912000708282
1790359129.2993271,18.30846900702454
1790359129.3040733,23.97545601706952
1790359129.3094428,24.028260027989745
1790359129.315917,23.549534002086148
1790359129.3161035,28.77660299418494
1790359129.323976,20.98709301208146
1790359129.3241413,41.95091300061904
1790359129.324372,30.323573999339715
1790359129.3342452,58.53863499942236
1790359129.3399668,48.17877500317991
1790359129.3489113,40.38919598679058
1790359129.355701,62.5910309900064
1790359129.3570056,59.53226998099126
1790359129.3580573,69.78162701125257
1790359129.3589134,53.782480012159795
1790359129.3589983,41.3021559943445
1790359129.3653665,42.67000901745632
1790359129.3705812,64.76927097537555
1790359129.3927243,63.17502199090086
1790359129.40021,68.68187399231829
1790359129.4009447,67.25615100003779
1790359129.401743,69.29461201070808
1790359129.4046624,61.478617979446426
1790359129.4052887,59.37617100425996
1790359129.406371,88.06487999390811
1790359129.4065151,32.4572800018359
1790359129.407177,41.203017986845225
1790359129.4072638,17.042080027749762
1790359129.407662,63.88611899456009
1790359129.4079928,13.867950008716434
1790359129.408075,86.38542698463425
1790359129.4085023,44.47500398964621
1790359129.408917,3.6181480099912733
1790359129.4161208,1.5689869760535657
1790359129.4430711,67.36058898968622
1790359129.4432154,69.82712200260721
1790359129.443566,52.17721001827158
1790359129.4446871,60.767361021135
1790359129.4448512,41.96124599548057
1790359129.4456003,26.78076599841006
1790359129.4466164,40.08915199665353
1790359129.446752,22.19090299331583
1790359129.4468212,15.219925990095362
1790359129.449689,28.059436997864395
1790359129.4571462,30.61348499613814
1790359129.457564,23.47320201806724
1790359129.4577045,40.74815401691012
1790359129.4579897,2.173286018660292
1790359129.4597688,1.3128859864082187
1790359129.4602969,1.2218939955346286
1790359129.4627416,1.2790490000043064
1790359129.4650528,1.3829210074618459
1790359129.4694443,1.2670700089074671
1790359129.4719222,1.2912189995404333
1790359129.480539,1.6094660095404834
1790359129.4823713,1.418057974660769
1790359129.4857917,1.3748439960181713
1790359129.4903834,1.318289985647425
1790359129.4935877,1.7286009970121086
1790359129.4944615,1.4778909971937537
1790359129.4957783,1.3073909794911742
1790359129.5003874,1.4057079970370978
1790359129.5014849,1.7640729784034193
1790359129.513998,1.6530409920960665
1790359129.5192473,1.4094910002313554
1790359129.520497,1.2401329877320677
1790359129.5219214,1.2825409939978272
1790359129.5243468,1.3791129749733955
1790359129.5250063,1.4174619864206761
1790359129.5280662,1.2655059981625527
1790359129.530101,1.4798750053159893
1790359129.5397475,2.5272989878430963
1790359129.5398402,3.0575010168831795
1790359129.5407526,1.749038987327367
1790359129.5489616,2.5909699907060713
1790359129.549042,3.165606001857668
1790359129.5496504,2.2517409815918654
1790359129.5565114,1.7999709816649556
1790359129.562343,1.5126109938137233
1790359129.5686977,1.5548259834758937
1790359129.569269,1.5557890001218766
1790359129.5739481,1.942518982104957
1790359129.577814,2.562820998718962
1790359129.5779362,2.282622008351609
1790359129.5780292,3.304966987343505
1790359129.5804799,1.2000899878330529
1790359129.5879474,1.4296589943114668
1790359129.595577,1.7039689992088825
1790359129.595847,1.486513006966561
1790359129.5980995,1.1237949947826564
1790359129.5998402,1.575437985593453
1790359129.6019888,1.155003992607817
1790359129.6071918,1.4658579893875867
1790359129.6198964,1.5719810035079718
1790359129.6336858,2.1501870069187135
1790359129.650858,2.212866995250806
1790359129.6520638,12.52136699622497
1790359129.678327,10.455601994181052
1790359129.6784854,49.1475370072294
1790359129.67858,26.503229018999264
1790359129.6895366,11.857015022542328
1790359129.693232,30.420622002566233
1790359129.701129,26.432895014295354
1790359129.7019491,41.77335900021717
1790359129.7026055,5.2188340050634
1790359129.7027423,20.878812996670604
1790359129.7053962,1.6881290066521615
1790359129.7167883,40.749878011411056
1790359129.7169461,33.12778699910268
1790359129.717499,1.9696230010595173
1790359129.7177784,18.24527798453346
1790359129.7178388,6.316735001746565
1790359129.7380157,2.0612509979400784
1790359129.7425525,1.800261001335457
1790359129.7599854,1.6880439943633974
1790359129.7901058,20.83092401153408
1790359129.7903705,37.39775001304224
1790359129.7910917,13.769877987215295
1790359129.791209,7.197049999376759
1790359129.7987664,1.9293339864816517
1790359129.8025398,1.8686330004129559
1790359129.8072689,1.8172560085076839
1790359129.8088114,32.610192021820694
1790359129.810739,1.4998230035416782
1790359129.8121939,33.88717197231017
1790359129.812866,42.73272500722669
1790359129.813956,18.058658024528995
1790359129.8146977,16.989124997053295
1790359129.8147705,10.69432101212442
1790359129.8151393,9.091585990972817
1790359129.8154476,2.071124006761238
1790359129.8204007,1.791563001461327
1790359129.829001,1.6108940180856735
1790359129.8306725,1.6580189985688776
1790359129.8357317,1.7359500052407384
1790359129.8364058,1.3748689962085336
1790359129.8438265,1.8428509938530624
1790359129.8582337,1.684610004303977
1790359129.872488,23.946792993228883
1790359129.8819582,39.489624003181234
1790359129.8820822,16.884354001376778
1790359129.9053514,22.0827309822198
1790359129.9126506,46.808478015009314
1790359129.9128191,12.606867996510118
1790359129.914223,29.43007499561645
1790359129.924007,22.335553978336975
1790359129.9242318,43.6992869945243
1790359129.9243438,15.608354995492846
1790359129.9246657,3.46162699861452
1790359129.9439037,2.338277001399547
1790359129.9452598,1.3444009819068015
1790359129.9513202,48.92261701752432
1790359129.9517722,35.90624799835496
1790359129.9523442,51.29352700896561
1790359129.9527378,26.28627698868513
1790359129.953031,10.826131998328492
1790359129.9533687,3.578789997845888
1790359129.9547286,1.3517540064640343
1790359129.9567435,1.380608999170363
1790359129.9594393,1.3794809929095209
1790359129.9676974,1.4041639806237072
1790359129.9727216,1.647063996642828
1790359129.9739678,1.236203999724239
1790359129.9815986,1.7385989776812494
1790359129.9833915,1.577938994159922
1790359129.9984622,1.6795939882285893
1790359130.003365,24.337401002412662
1790359130.004742,23.9880149892997
1790359130.0055869,3.2767759985290468
1790359130.0077631,1.505526975961402
1790359130.0143828,12.71453601657413
1790359130.0145874,26.161113986745477
1790359130.0161834,41.415047977352515
1790359130.0167665,12.752320995787159
1790359130.0170007,7.289353990927339
1790359130.0178823,3.0089649953879416
1790359130.0299335,2.624681976158172
1790359130.0325053,1.5923370083328336
1790359130.0574796,27.529615006642416
1790359130.0597944,42.7214769879356
1790359130.0598874,7.907647988758981
1790359130.0624776,1.8093390099238604
1790359130.0688899,1.9014020217582583
1790359130.0721807,1.661560992943123
1790359130.0780587,1.6509749984834343
1790359130.0830266,13.458956993417814
1790359130.0968032,2.264074981212616
1790359130.1023974,37.24017401691526
1790359130.1025672,3.213539981516078
1790359130.1030636,27.79688299051486
1790359130.1032388,9.70943400170654
1790359130.10352,5.286178988171741
1790359130.1036136,3.6807910073548555
1790359130.1169362,3.507512010401115
1790359130.1172822,2.7301509981043637
1790359130.1433215,28.024441009620205
1790359130.1506171,23.832525010220706
1790359130.155572,24.68023300752975
1790359130.1598043,30.593208997743204
1790359130.1615074,5.416434025391936
1790359130.1616192,16.464636981254444
1790359130.1617198,48.386163980467245
1790359130.1627505,12.46742601506412
1790359130.1628475,45.14400300104171
1790359130.1671264,1.8572589906398207
1790359130.1733398,2.4767150171101093
1790359130.1744368,1.9954460149165243
1790359130.175985,1.5373860078398138
1790359130.1794653,1.780649006832391
1790359130.1863742,2.9268829966895282
1790359130.188428,2.7452390058897436
1790359130.1885233,2.671583992196247
1790359130.1950245,2.1589820098597556
1790359130.1989126,1.5687469858676195
1790359130.205323,2.699164004297927
1790359130.2063625,1.7465139972046018
1790359130.2206628,2.5250210019294173
1790359130.22791,32.39673702046275
1790359130.2337756,2.680355013580993
1790359130.2339203,31.97777399327606
1790359130.240218,36.49376498651691
1790359130.2410634,30.533928977092728
1790359130.24117,2.754157001618296
1790359130.2416184,47.73323400877416
1790359130.2422314,6.806610006606206
1790359130.2423236,12.869448022684082
1790359130.2456222,1.940161018865183
1790359130.2509887,1.7981269920710474
1790359130.2542417,1.7014859768096358
1790359130.2760887,1.4889840094838291
1790359130.2911587,1.5611849958077073
1790359130.3017588,1.5701079973950982
1790359130.3034058,29.366681992542
1790359130.3035939,34.385273000225425
1790359130.3041418,15.699823998147622
1790359130.3043034,4.888561990810558
1790359130.3046317,2.170731982914731
1790359130.3082178,1.5280419902410358
1790359130.3088796,1.373742998111993
1790359130.3119662,1.6164599801413715
1790359130.3169262,1.5692700108047575
1790359130.3174603,1.3440129987429827
1790359130.3305488,1.493274001404643
1790359130.33405,1.6229029861278832
1790359130.3343325,1.3116119953338057
1790359130.3425505,1.804038998670876
1790359130.3441582,1.3833289849571884
1790359130.3518999,1.4454499760176986
1790359130.3656387,3.3654009748715907
1790359130.3663855,1042.004351009382
1790359130.3664706,1018.6467299936339
1790359130.3665764,1017.5577719928697
1790359130.3673377,1.3613959890790284
1790359130.3696694,1.8037529953289777
1790359130.3715808,1.9023490021936595
1790359130.3725176,1.4731090050190687
1790359130.3748093,1.5368799795396626
1790359130.375627,1.7287090013269335
1790359130.378899,1.2127240188419819
1790359130.3811252,1.2260559888090938
1790359130.3878694,1.4374300080817193
1790359130.3960876,2.3760460026096553
1790359130.3966868,2.1445199963636696
1790359130.4098487,3.7149419949855655
1790359130.4099405,3.372132981894538
1790359130.4107845,2.585514012025669
1790359130.410845,1.528722990769893
1790359130.4280128,1.4714259887114167
1790359130.4345572,1077.2517760051414
1790359130.434831,1081.2353630026337
1790359130.4348965,2.4867980100680143
1790359130.4434981,1.4918649976607412
1790359130.445767,1.541285018902272
1790359130.4463801,1.289246982196346
1790359130.4630544,2.26498901611194
1790359130.4639306,1.8008420011028647
1790359130.4990873,1.6714739904273301
1790359130.5017426,1.5789199969731271
1790359130.5086462,1.702589972410351
1790359130.516048,1.7496829968877137
1790359130.5287662,33.07426499668509
1790359130.531016,32.89622301235795
1790359130.5314672,29.607272997964174
1790359130.5332944,3.6655970034189522
1790359130.5334132,25.786509999306872
1790359130.5335147,43.22220801259391
1790359130.533594,18.676773994229734
1790359130.5385942,1.9907229871023446
1790359130.5458868,1.9343089952599257
1790359130.5487628,1.5259069914463907
1790359130.55896,2.6057280192617327
1790359130.5620086,1.4810949796810746
1790359130.569037,27.231520012719557
1790359130.5712504,24.93190800305456
1790359130.5717616,3.7271640030667186
1790359130.572272,47.50110799795948
1790359130.5726109,23.012282006675377
1790359130.572831,15.853303979383782
1790359130.5736532,2.3907870054244995
1790359130.5737224,8.715137984836474
1790359130.5754573,2.239947993075475
1790359130.5764465,1.670313999056816
1790359130.5867972,2.485362987499684
1790359130.598469,1.5651590074412525
1790359130.6105282,26.905384002020583
1790359130.6106677,25.654648983618245
1790359130.6111846,4.070290015079081
1790359130.612329,3.175144986016676
1790359130.6124413,38.54475301341154
1790359130.6152031,1.501002989243716
1790359130.6219876,1.780131016857922
1790359130.6317246,23.671425005886704
1790359130.6354315,1.5704490069765598
1790359130.6368127,25.030951015651226
1790359130.6408587,37.32510199188255
1790359130.6413834,25.961934006772935
1790359130.6414456,8.196693990612403
1790359130.6455307,1.4680870226584375
1790359130.6501899,1.304088975302875
1790359130.6544495,1.376047992380336
1790359130.6569111,1.1678340088110417
1790359130.6597154,1.5873619995545596
1790359130.6606052,1.5687989944126457
1790359130.6658702,1.2399829865898937
1790359130.6705546,1.476381003158167
1790359130.6753507,1.2721589882858098
1790359130.6909935,1.6742570151109248
1790359130.697299,1.720819011097774
1790359130.7062016,1.3652360066771507
1790359130.7157228,18.412379984511063
1790359130.7161272,1.6145269910339266
1790359130.7288404,36.40936201554723
1790359130.7296557,9.485048009082675
1790359130.729754,20.296245987992734
1790359130.7479734,1.9658819946926087
1790359130.7546594,1.78389300708659
1790359130.76029,17.677082010777667
1790359130.7618012,12.174526986200362
1790359130.761887,41.88783300924115
1790359130.7779896,2.2872219851706177
1790359130.7781193,1.9221749971620739
1790359130.7795186,1.391035009874031
1790359130.7914515,3.4686760045588017
1790359130.7916303,4.1736330022104084
1790359130.7917027,2.9023480019532144
1790359130.7919798,2.161709009669721
1790359130.794483,1.1758529872167856
1790359130.7976427,1.2355359795037657
1790359130.802469,1.6035189910326153
1790359130.8040395,1.4416389749385417
1790359130.8061957,2.047974005108699
1790359130.8071315,1.8974200065713376
1790359130.8084712,1.330213010078296
1790359130.8091602,1.5247139963321388
1790359130.8097425,1.2625509989447892
1790359130.8246455,1.8309059960301965
1790359130.8282697,1.2296180066186935
1790359130.8313098,6.653032003669068
1790359130.8418322,1.5994790010154247
1790359130.8593829,24.630130996229127
1790359130.8597553,34.55955800018273
1790359130.86005,2.2644639830105007
1790359130.86434,1.7765960074029863
1790359130.865052,1.4620330184698105
1790359130.8709116,1.3696780079044402
1790359130.874026,1.6598840011283755
1790359130.8747299,1.5680160140618682
1790359130.8795605,1.336267014266923
1790359130.8865495,1.424407004378736
1790359130.896829,1.6081810172181576
1790359130.8982627,1.3215220242273062
1790359130.900978,1.7847819835878909
1790359130.901136,2.3265669879037887
1790359130.9061623,3.580035991035402
1790359130.9062428,2.7009210025426
1790359130.910591,1.6903630166780204
1790359130.918007,1.681741006905213
1790359130.931699,27.462302008643746
1790359130.94088,38.15416101133451
1790359130.941286,26.981185015756637
1790359130.9419966,41.98367602657527
1790359130.9424582,17.047011002432555
1790359130.9425638,20.581129007041454
1790359130.943019,6.965857988689095
1790359130.955094,32.30815497227013
1790359130.9558654,20.65190000575967
1790359130.9560075,37.61150600621477
1790359130.9561229,7.287043001269922
1790359130.9569035,2.797180990455672
1790359130.961039,1.2752209731843323
1790359130.966886,1.7299159953836352
1790359130.967228,1.7210980004165322
1790359130.9707952,1.5130869869608432
1790359130.971117,2.2745990136172622
1790359130.9715426,1.4977979881223291
1790359130.9762986,1.1737640015780926
1790359130.9797425,1.2248899729456753
1790359130.9849567,1.6722229775041342
1790359130.9852648,1.4956630184315145
1790359130.9906325,1.348032004898414
1790359131.0012314,2.6014409959316254
1790359131.0352857,27.386889996705577
1790359131.041063,22.460926993517205
1790359131.0433679,42.655654018744826
1790359131.0439277,18.929373007267714
1790359131.0442975,14.50184898567386
1790359131.0443766,8.328989002620801
1790359131.045228,3.347672987729311
1790359131.0567193,56.50764002348296
1790359131.0776954,67.08508598967455
1790359131.078874,69.37203498091549
1790359131.0793598,51.56755598727614
1790359131.080272,49.734542990336195
1790359131.0808406,43.02437900332734
1790359131.0809755,59.62311802431941
1790359131.0858834,30.037466989597306
1790359131.0870817,40.69029600941576
1790359131.0952847,43.70150199974887
1790359131.0959017,41.692489001434296
1790359131.0965407,24.995186977321282
1790359131.0971003,38.098301010904834
1790359131.0976095,42.82522399444133
1790359131.1013339,15.233897021971643
1790359131.1200652,25.562740018358454
1790359131.12514,23.667618981562555
1790359131.1356344,39.07018998870626
1790359131.1357703,23.509585007559508
1790359131.1358473,42.91471798205748
1790359131.1369498,19.054436997976154
1790359131.1370332,8.528873004252091
1790359131.1414423,75.32928898581304
1790359131.1478384,1.6556080081500113
1790359131.1518242,37.92586500640027
1790359131.1616404,43.094679014757276
1790359131.162177,42.92963299667463
1790359131.1624703,8.315756014781073
1790359131.163118,17.80026897904463
1790359131.181563,1.8852610082831234
1790359131.1899364,1.7909340094774961
1790359131.1902506,27.76783797889948
1790359131.1908853,37.97221099375747
1790359131.1910634,5.378424015361816
1790359131.1916838,1.42304998007603
1790359131.1974733,1.3966590049676597
1790359131.2034752,2.2036799928173423
1790359131.2312663,28.404872020473704
1790359131.2319202,22.74971900624223
1790359131.2370374,32.698783004889265
1790359131.2387893,40.23493398563005
1790359131.2433453,26.238917984301224
1790359131.2449968,22.526048007421196
1790359131.2529898,27.476699004182592
1790359131.2533019,28.533646021969616
1790359131.259323,25.884383998345584
1790359131.2680254,19.512603001203388
1790359131.2681584,17.273433972150087
1790359131.275066,25.146547006443143
1790359131.2813334,77.44818599894643
1790359131.2894654,66.15798699203879
1790359131.2898643,27.337911014910787
1790359131.2910283,21.644638996804133
1790359131.2911837,18.052811996312812
1790359131.291665,34.312472998863086
1790359131.2919106,14.219296019291505
1790359131.2943258,2.4024320009630173
1790359131.2976067,33.134866011096165
1790359131.3051696,33.11843698611483
1790359131.3078003,75.728871015599
1790359131.307907,34.184632007963955
1790359131.3182254,37.55345699028112
1790359131.3358192,29.63484000065364
1790359131.3362677,18.62354899640195
1790359131.3398604,42.852860991843045
1790359131.3447523,32.98009900026955
1790359131.353082,33.01005798857659
1790359131.3537397,22.73465000325814
1790359131.3556867,57.789796992437914
1790359131.3563223,15.169918013270944
1790359131.3566694,16.98785601183772
1790359131.3567626,6.939404003787786
1790359131.3579473,36.25143799581565
1790359131.3613605,2.0423950045369565
1790359131.3631017,70.30489901080728
1790359131.3681393,2.1252039878163487
1790359131.3720374,2.116463001584634
1790359131.3768208,2.1084460022393614
1790359131.3910737,56.61608499940485
1790359131.3924866,52.60681299841963
1790359131.392816,25.61756898649037
1790359131.3933241,39.56776799168438
1790359131.3936543,31.54709900263697
1790359131.3946047,70.0167489994783
1790359131.3947136,46.37697199359536
1790359131.395137,13.383261015405878
1790359131.3952146,21.83990099001676
1790359131.395644,6.859332992462441
1790359131.3957787,7.931708008982241
1790359131.3970792,3.148037998471409
1790359131.4023666,2.0663609902840108
1790359131.4034195,2.0190640061628073
1790359131.405947,1.823616010369733
1790359131.4335113,2.1837249805685133
1790359131.4403887,2.2069370024837554
1790359131.4481118,2.163605997338891
1790359131.4557593,1.795299001969397
1790359131.4565632,38.40158000821248
1790359131.4580865,26.03867099969648
1790359131.458762,5.689151992555708
1790359131.4591613,43.864328996278346
1790359131.4596834,20.845568011282012
1790359131.46094,1.9949249981436878
1790359131.474769,2.3929390008561313
1790359131.4848409,22.730299009708688
1790359131.4917889,2.2325990139506757
1790359131.4982438,1.9932819996029139
1790359131.5022283,22.343571996316314
1790359131.5037348,40.903521003201604
1790359131.5038688,9.963869990315288
1790359131.5049622,1.9956569885835052
1790359131.510656,1.9656509975902736
1790359131.5208917,2.0678259897977114
1790359131.5249193,2.7870769845321774
1790359131.5285819,1.9372589886188507
1790359131.5314615,1.9224009884055704
1790359131.5356405,2.0867130078841
1790359131.5365882,1.8573609995655715
1790359131.538459,1.3524219975806773
1790359131.5447447,2.174096996895969
1790359131.5449028,1.6800459998194128
1790359131.5544434,2.0079640089534223
1790359131.5581217,1.8610809929668903
1790359131.6088655,45.14662001747638
1790359131.6123025,18.127806979464367
1790359131.6126397,25.777834001928568
1790359131.614424,25.630421994719654
1790359131.6179373,53.524038987234235
1790359131.6182072,16.505140985827893
1790359131.6183307,8.310336008435115
1790359131.6261647,54.16796501958743
1790359131.6264021,15.65089900395833
1790359131.6265147,23.667407978791744
1790359131.6290402,2.1617489983327687
1790359131.6423304,2.1323850087355822
1790359131.6477144,30.985113000497222
1790359131.6581635,27.57905700127594
1790359131.6585479,43.37231398676522
1790359131.658618,6.931664975127205
1790359131.6637347,2.5961140054278076
1790359131.6642048,2.52527798875235
1790359131.6651423,1.3981999945826828
1790359131.6675785,1.4587490004487336
1790359131.6708443,2.2887329978402704
1790359131.6713955,2.1847560128662735
1790359131.6718569,2.151242981199175
1790359131.6787014,2.3045540146995336
1790359131.6790266,2.028160000918433
1790359131.679477,1.5759170055389404
1790359131.6896052,2.050415991107002
1790359131.6984951,1.7516110092401505
1790359131.7167556,32.10057597607374
1790359131.718937,3.2169119804166257
1790359131.7215424,27.60011301143095
1790359131.721653,38.73290398041718
1790359131.7230334,13.439558009849861
1790359131.723102,5.542819999391213
1790359131.739333,2.6219979918096215
1790359131.7521763,2.5153339956887066
1790359131.7578924,2.3781179916113615
1790359131.7607226,24.184107984183356
1790359131.7615104,43.21220799465664
1790359131.7616215,12.899141001980752
1790359131.7622526,12.082881003152579
1790359131.7647493,2.1956900018267334
1790359131.7724955,1.9841030007228255
1790359131.7852182,2.2724519949406385
1790359131.7895615,1.9770540238823742
1790359131.7982066,2.6953109772875905
1790359131.7991245,1.995232014451176
1790359131.7993822,2.8561610088218004
1790359131.8017025,2.309153991518542
1790359131.80214,1.689558004727587
1790359131.8349168,29.63792299851775
1790359131.8370104,29.32436199625954
1790359131.8407824,30.305257998406887
1790359131.8490756,33.787594991736114
1790359131.8493316,24.807926994981244
1790359131.8502424,50.36313697928563
1790359131.850354,15.006914996774867
1790359131.8548307,2.597427985165268
1790359131.8552184,43.41986699728295
1790359131.8564062,52.41593701066449
1790359131.857156,40.297386003658175
1790359131.8572564,31.677555001806468
1790359131.8578422,22.387460980098695
1790359131.8672009,1.8495699914637953
1790359131.8692095,1.7473890038672835
1790359131.872649,1.6269349725916982
1790359131.8773026,1.758630998665467
1790359131.8908398,2.3496170178987086
1790359131.895631,2.4370370083488524
1790359131.8967445,1.6139420040417463
1790359131.8995764,1.6025019867811352
1790359131.9122217,2.2001440229360014
1790359131.9171867,2.04466498689726
1790359131.9208128,1.8317880167160183
1790359131.925515,1.7638429999351501
1790359131.9317443,2.3096420045476407
1790359131.9340775,2.753670996753499
1790359131.9451938,2.7768780128099024
1790359131.9738903,4.595233011059463
1790359131.9741294,11.95106701925397
1790359131.9746892,38.57539998716675
1790359131.98095,1.9508350233081728
1790359131.9918892,23.446595994755626
1790359131.9927664,2.9494180053006858
1790359131.9962912,1.928654994117096
1790359132.000795,26.887746003922075
1790359132.001254,41.94126700167544
1790359132.0022902,19.46180299273692
1790359132.003006,12.405742978444323
1790359132.0031168,8.164387021679431
1790359132.0054164,1.8310960149392486
1790359132.0189083,1.9969760032836348
1790359132.0648277,2.7646920061670244
1790359132.06972,22.966707998421043
1790359132.0844898,9.647185011999682
1790359132.0846145,46.02186498232186
1790359132.0920281,2.3169869964476675
1790359132.1090102,23.663995001697913
1790359132.123779,24.89920100197196
1790359132.1243973,33.86940900236368
1790359132.126799,24.267604982014745
1790359132.1278603,20.236966985976323
1790359132.1286545,49.075278016971424
1790359132.1287582,24.204906017985195
1790359132.1291256,7.6246669923420995
1790359132.1330884,1.5727520221844316
1790359132.1402674,36.985774990171194
1790359132.140906,45.48155900556594
1790359132.14128,35.21559099317528
1790359132.1420505,1067.7974450227339
1790359132.142811,23.254128987900913
1790359132.1430595,1080.1328440138604
1790359132.1439068,1087.3883200110868
1790359132.143968,16.09585600090213
1790359132.1464097,1.6289250052068383
1790359132.1510892,1.5863250009715557
1790359132.153332,1.7193950188811868
1790359132.1665978,1.6336480039171875
1790359132.2033308,33.69795801700093
1790359132.204565,22.660657996311784
1790359132.2048347,44.848532998003066
1790359132.2060268,10.211593995336443
1790359132.2061276,13.491618010448292
1790359132.2139618,4.325944988522679
1790359132.2146807,3.7391209916677326
1790359132.2171943,39.58439698908478
1790359132.2194037,36.373521987115964
1790359132.2196846,51.826885988703
1790359132.2204242,4.292831989005208
1790359132.2208953,18.811095011187717
1790359132.2214322,11.119080008938909
1790359132.2222605,10.115649027284235
1790359132.2224286,27.242373005719855
1790359132.223176,5.042136996053159
1790359132.2239017,2.4596680013928562
1790359132.224721,2.0576019887812436
1790359132.2255774,1.5003930020611733
1790359132.2429416,1.9857909937854856
1790359132.2511635,2.6123349962290376
1790359132.2518845,3.898638009559363
1790359132.2524235,2.4886030005291104
1790359132.25286,1.5511760138906538
1790359132.2585385,1.6030419792514294
1790359132.2710903,2.570753014879301
1790359132.271169,2.559073007432744
1790359132.2809868,1.8088200013153255
1790359132.2904046,2.280730986967683
1790359132.2925186,1.8771479954011738
1790359132.2950523,1.6741289873607457
1790359132.3010678,2.2853690024930984
1790359132.3128538,25.50625300500542
1790359132.3129568,23.81111800787039
1790359132.3134809,39.73872200003825
1790359132.3142014,22.566744009964168
1790359132.3203728,24.31459099170752
1790359132.3217633,19.11094499519095
1790359132.3322282,24.07887700246647
1790359132.339739,30.918500997358933
1790359132.3511214,8.276356005808339
1790359132.3670516,34.677303017815575
1790359132.3671448,59.62477999855764
1790359132.3772585,22.642572002951056
1790359132.377348,56.475185992894694
1790359132.3777578,70.90251098270528
1790359132.3778396,39.79813097976148
1790359132.3995895,42.96028500539251
1790359132.3997083,54.96145901270211
1790359132.4174228,84.05337799922563
1790359132.419641,52.7064009802416
1790359132.4246645,66.92265698802657
1790359132.444282,43.76048699487001
1790359132.445035,75.686311989557
1790359132.4459093,32.90210198611021
1790359132.4460614,38.337977981427684
1790359132.4552546,32.02164999675006
1790359132.4566288,64.78636397514492
1790359132.457571,18.21685000322759
1790359132.4576714,7.198579987743869
1790359132.4593189,1.4999390114098787
1790359132.4718864,35.84541700547561
1790359132.4726114,27.516194997588173
1790359132.483993,2.4474909878335893
1790359132.4848046,29.370792995905504
1790359132.4853399,66.79517700104043
1790359132.485567,19.055534998187795
1790359132.486097,3.220642014639452
1790359132.4975333,1.6505130042787641
1790359132.501506,1.4975910016801208
1790359132.531541,29.540246992837638
1790359132.5477798,26.963362004607916
1790359132.5560453,31.673495017457753
1790359132.5565207,58.63273300928995
1790359132.556915,24.969456979306415
1790359132.5594494,43.59042702708393
1790359132.560086,36.492655985057354
1790359132.5635457,58.14508700859733
1790359132.564668,34.53619100037031
1790359132.5647585,28.50541000952944
1790359132.564902,36.34245999273844
1790359132.565237,19.97512299567461
1790359132.5653396,13.206945004640147
1790359132.5654542,39.94148099445738
1790359132.5660555,4.965314990840852
1790359132.5756233,4.3474260019138455
1790359132.575811,34.55870199832134
1790359132.5765746,1.7998229886870831
1790359132.5908062,41.05659297783859
1790359132.599895,45.77130300458521
1790359132.6007702,2.905424014898017
1790359132.6012254,35.157914011506364
1790359132.6021352,53.15465497551486
1790359132.6031969,9.733893006341532
1790359132.6032784,30.150436999974772
1790359132.6062236,2.0421899971552193
1790359132.6206722,2.522558002965525
1790359132.6410546,33.19355900748633
1790359132.6422684,20.869700994808227
1790359132.6425724,39.92844998720102
1790359132.6433349,3.1890310056041926
1790359132.6434033,6.296873994870111
1790359132.6445749,17.591363983228803
1790359132.6620953,24.027981999097392
1790359132.6679285,21.599453990347683
1790359132.6778994,34.38151100999676
1790359132.689061,39.36433698982
1790359132.6920507,47.169437020784244
1790359132.6946201,33.26752199791372
1790359132.695249,26.124178984900936
1790359132.6955872,28.55180701590143
1790359132.7080355,31.013069994514808
1790359132.7126155,87.16222998918965
1790359132.7128835,64.11920301616192
1790359132.713916,33.367726020514965
1790359132.7140274,62.37594099366106
1790359132.7150521,66.95807399228215
1790359132.7156124,49.6193089929875
1790359132.716231,47.72279498865828
1790359132.7170897,38.097151002148166
1790359132.719984,29.030633013462648
1790359132.7209377,45.87280401028693
1790359132.7215042,12.826645019231364
1790359132.7301402,40.23730399785563
1790359132.7433817,51.267792005091906
1790359132.7437563,64.00910098454915
1790359132.7438633,48.26449300162494
1790359132.744236,37.20862898626365
1790359132.75508,36.33964998880401
1790359132.7598438,38.32490500644781
1790359132.7683506,26.846096996450797
1790359132.7738793,20.11232601944357
1790359132.7759957,19.72734200535342
1790359132.7764065,59.234487009234726
1790359132.7765431,29.560880997451022
1790359132.7768557,18.84475100087002
1790359132.7824688,59.628929011523724
1790359132.7878904,41.77900301874615
1790359132.7883554,68.16551301744767
1790359132.7890751,39.11379899363965
1790359132.7901611,32.89914000197314
1790359132.790275,34.637160977581516
1790359132.7907383,21.535609994316474
1790359132.7921693,16.913158993702382
1790359132.7922647,19.305046007502824
1790359132.7945454,1.5575110155623406
1790359132.7983813,24.48412499506958
1790359132.8045242,34.339905017986894
1790359132.8059719,1.949753990629688
1790359132.8203242,61.33982300525531
1790359132.8257756,23.60694599337876
1790359132.8310814,46.01964700850658
1790359132.8427238,32.19329597777687
1790359132.8492656,31.866677978541702
1790359132.8593016,27.81101400614716
1790359132.8594906,9.374501009006053
1790359132.8595924,45.24889000458643
1790359132.8644018,2.1646299865096807
1790359132.8664575,1.5726550191175193
1790359132.8866732,76.8564360041637
1790359132.886784,65.97030299599282
1790359132.8965406,51.04411000502296
1790359132.8968558,81.25337099772878
1790359132.8970377,33.71690498897806
1790359132.8973517,41.88788100145757
1790359132.8981893,3.9971069782041013
1790359132.89926,1.8969020165968686
1790359132.902045,1.7299129976890981
1790359132.9328752,2.226926008006558
1790359132.9382665,2.5925390073098242
1790359132.939273,1.6555149923078716
1790359132.965666,2.075583004625514
1790359132.9772086,2.2025619982741773
1790359132.9772828,2.8760429995600134
1790359132.9820821,2.976988995214924
1790359132.9826922,3.0737479974050075
1790359132.984026,1.9314379896968603
1790359132.9926734,1.9128670101054013
1790359133.0346494,1.9136809860356152
1790359133.048535,2.116966003086418
1790359133.0600033,34.83933801180683
1790359133.0603595,42.890582990366966
1790359133.0604482,18.465142988134176
1790359133.0614765,2.1982270118314773
1790359133.0695171,1.9684610015247017
1790359133.0781,1.702446985291317
1790359133.081619,1.5776139916852117
1790359133.0856602,2.2862939804326743
1790359133.129025,27.836932975333184
1790359133.1383252,23.97808199748397
1790359133.14087,13.76800300204195
1790359133.1460824,31.03064399329014
1790359133.1481738,48.031501995865256
1790359133.1486652,11.200239008758217
1790359133.1487296,19.183967990102246
1790359133.1491964,29.043412010651082
1790359133.1543145,26.306560001103207
1790359133.1547174,47.0829019905068
1790359133.15487,18.29170002019964
1790359133.1553924,1020.8668380219024
1790359133.1679394,2.2061299823690206
1790359133.1705134,2.069691981887445
1790359133.1719346,2.2043750213924795
1790359133.17277,1.6085930110421032
1790359133.1768403,1.2874400126747787
1790359133.1846056,2.0450869924388826
1790359133.189894,2.0851239969488233
1790359133.190981,1.79719299194403
1790359133.1916678,1.4401770022232085
1790359133.194504,1.7269059899263084
1790359133.1988127,3.234938019886613
1790359133.1992338,3.723476023878902
1790359133.2000854,2.4629629915580153
1790359133.201122,2.2977259941399097
1790359133.2020748,1.743796980008483
1790359133.2035055,1.2904939940199256
1790359133.2139995,2.622499014250934
1790359133.2140574,2.8046059887856245
1790359133.2171216,1.4485710125882179
1790359133.2195053,1.75595298060216
1790359133.2259388,2.0891909953206778
1790359133.2266998,2.1167999948374927
1790359133.2280946,2.1429269982036203
1790359133.229066,2.141556004062295
1790359133.229963,1.70348200481385
1790359133.2321436,1.4835850161034614
1790359133.235356,1.59000200801529
1790359133.2423582,1.7395899922121316
1790359133.2658906,1.9486130040604621
1790359133.2709,1.7322110070381314
1790359133.2899337,2.072758972644806
1790359133.3010314,1.9775510008912534
1790359133.3072522,2.0171010110061616
1790359133.3114,2.356364013394341
1790359133.321822,2.1018440020270646
1790359133.3388674,33.03634200710803
1790359133.342492,29.683013999601826
1790359133.3489792,26.100035989657044
1790359133.3502915,47.20616800477728
1790359133.3517504,25.72894300101325
1790359133.3522944,20.84773502429016
1790359133.352786,15.681434015277773
1790359133.352935,14.719956991029903
1790359133.353403,10.43952300096862
1790359133.3534963,28.169564000563696
1790359133.3539612,7.0890309871174395
1790359133.3623946,1.9449870160315186
1790359133.36894,39.40948299714364
1790359133.369633,45.56984797818586
1790359133.3698204,33.97427999880165
1790359133.3707244,33.14936000970192
1790359133.3740768,28.359869989799336
1790359133.3745058,32.86318699247204
1790359133.3748057,11.140810005599633
1790359133.3749135,24.398808978730813
1790359133.3755722,3.229047986678779
1790359133.375875,4.482425021706149
1790359133.3878157,3.1783739977981895
1790359133.388182,4.693922004662454
1790359133.4036536,17.856082995422184
1790359133.431284,14.601361996028572
1790359133.4316995,23.403772996971384
1790359133.4369648,42.12979300064035
1790359133.4371505,28.095182991819456
1790359133.437247,35.200512007577345
1790359133.4380283,1.835319009842351
1790359133.443998,1.7460309900343418
1790359133.4476323,1.782476989319548
1790359133.4500382,63.469649001490325
1790359133.4652047,1.7503229901194572
1790359133.46946,30.833864002488554
1790359133.4699168,51.087250001728535
1790359133.4703147,25.82809398882091
1790359133.47085,4.720958997495472
1790359133.4709527,9.019557997817174
1790359133.4745398,1.801093021640554
1790359133.4794037,2.505030977772549
1790359133.4795,3.190615010680631
1790359133.4805582,2.4514940159861
1790359133.481188,1.4532319910358638
1790359133.4852428,1.8138509767595679
1790359133.5091171,1.9083450024481863
1790359133.5203757,20.257530006347224
1790359133.5204809,38.70224001002498
1790359133.5205677,10.165921994484961
1790359133.53094,1.8713909958023578
1790359133.533907,1.8722940003499389
1790359133.5344853,1.5121640171855688
1790359133.5363834,1.6251750057563186
1790359133.5366597,1.396651001414284
1790359133.5437686,1.8114339909516275
1790359133.5442374,1.4998579863458872
1790359133.5470676,1.8883800075855106
1790359133.54838,1.75714201759547
1790359133.5499573,1.5664210077375174
1790359133.5604713,1.9919660117011517
1790359133.5662034,1.8247629923280329
1790359133.5718055,1.7693109984975308
1790359133.5723433,1.6765600012149662
1790359133.585961,1.909148006234318
1790359133.5860288,2.5334999954793602
1790359133.5966892,2.5191449967678636
1790359133.5967515,1.9683229911606759
1790359133.6020584,1.5769629972055554
1790359133.6055415,1.806913991458714
1790359133.6082764,1.7721030162647367
1790359133.6090357,1.6720340063329786
1790359133.6124914,1.6741740109864622
1790359133.615322,1.5195139858406037
1790359133.6181684,1.3071380089968443
1790359133.6211646,1.3445549993775785
1790359133.627031,1.7042969993781298
1790359133.629346,1.3005239889025688
1790359133.6307325,1.1541970015969127
1790359133.6384788,2.172611973946914
1790359133.6396716,2.020406012888998
1790359133.6453638,1.5967629733495414
1790359133.6512485,2.289197000209242
1790359133.6575596,2.4562960024923086
1790359133.6576293,2.4419509863946587
1790359133.6609259,1.535573013825342
1790359133.6770961,1.7720329924486578
1790359133.6890972,2.1792189800180495
1790359133.7104704,36.76326500135474
1790359133.7140062,21.38553000986576
1790359133.7145967,5.931543011683971
1790359133.715229,31.735889991978183
1790359133.7159407,49.37139101093635
1790359133.7161033,12.471513007767498
1790359133.716242,1015.4026389936917
1790359133.71637,5.676962988218293
1790359133.7191925,1.7926440050359815
1790359133.72321,23.963568004546687
1790359133.727147,1039.9859570025
1790359133.7274408,1033.5353880072944
1790359133.7296417,6.141402991488576
1790359133.729852,3.8193849904928356
1790359133.7300017,25.660934974439442
1790359133.7306218,1.8150749965570867
1790359133.7342887,25.059391016839072
1790359133.7461443,46.249989012721926
1790359133.7462616,32.23669299040921
1790359133.747918,21.402173006208614
1790359133.748231,24.095264001516625
1790359133.7483656,30.323493003379554
1790359133.749933,13.77460200455971
1790359133.7502508,17.270195996388793
1790359133.7653213,14.467973989667371
1790359133.765431,30.82303301198408
1790359133.7655225,27.139202982652932
1790359133.7673216,18.235941999591887
1790359133.7724607,20.853791007539257
1790359133.7762125,45.43546598870307
1790359133.7777836,20.045668992679566
1790359133.7782571,18.23804300511256
1790359133.778456,9.332652000011876
1790359133.7785425,26.260810991516337
1790359133.7922485,2.2980039939284325
1790359133.7955618,40.73258800781332
1790359133.795714,36.93868199479766
1790359133.796281,48.98738401243463
1790359133.7969072,25.89782900759019
1790359133.7969885,36.16896699531935
1790359133.8026104,1.9093140144832432
1790359133.806497,1.8637369794305414
1790359133.8110173,1.869347004685551
1790359133.8357584,29.24676999100484
1790359133.843392,33.34687300957739
1790359133.8501647,34.943000006023794
1790359133.8510385,20.471892989007756
1790359133.852628,40.588132018456236
1790359133.8530443,12.362681998638436
1790359133.853209,19.7502990195062
1790359133.8532925,18.322307005291805
1790359133.857852,2.04074100474827
1790359133.860372,1082.863598014228
1790359133.871121,42.625676025636494
1790359133.8868973,54.1433610196691
1790359133.890849,56.62987398682162
1790359133.8928125,69.53387099201791
1790359133.893328,55.85994099965319
1790359133.8940213,47.633671027142555
1790359133.902068,32.23653099848889
1790359133.9026835,24.527180998120457
1790359133.903311,17.22048397641629
1790359133.9034038,45.2695369895082
1790359133.9054532,46.05613500461914
1790359133.9055355,33.009507023962215
1790359133.913446,2.187262987717986
1790359133.9162393,2.4737209896557033
1790359133.9164326,33.817145973443985
1790359133.9230826,2.1201620111241937
1790359133.936745,26.11716600949876
1790359133.937052,60.84531100350432
1790359133.9381602,26.05099798529409
1790359133.9382362,23.373759991955012
1790359133.9481733,2.3995600058697164
1790359133.9485967,1.9527990079950541
1790359133.9520252,1.587095990544185
1790359133.957922,1.8075949919875711
1790359133.958518,1.6048979887273163
1790359133.9608257,1.628190017072484
1790359133.9629693,1.6821380122564733
1790359133.9692628,2.064275002339855
1790359133.979095,2.714295987971127
1790359133.9792185,2.2609349980484694
1790359133.9793282,3.9063500007614493
1790359133.9827704,1.8150090181734413
1790359133.9915483,2.6234140095766634
1790359133.9928243,2.968599001178518
1790359133.992905,2.071503025945276
1790359134.0128322,2.1933310199528933
1790359134.024345,19.301708991406485
1790359134.0432293,32.04499199637212
1790359134.0491505,47.90417800541036
1790359134.0492487,21.019617997808382
1790359134.0749156,59.522973984712735
1790359134.075921,41.16666698246263
1790359134.0870843,55.17590799718164
1790359134.0922472,36.69865700067021
1790359134.1002324,86.00831500370987
1790359134.1003516,39.40635098842904
1790359134.101124,70.38526501855813
1790359134.101844,36.70812398195267
1790359134.101936,84.74967500660568
1790359134.1295626,69.77486299001612
1790359134.1301985,65.85707000340335
1790359134.1304014,59.48734199046157
1790359134.1412187,99.95641399291344
1790359134.1575634,71.95887400303036
1790359134.170229,97.85019798437133
1790359134.1728606,74.03548900038004
1790359134.173896,63.889758981531486
1790359134.1742852,41.91629198612645
1790359134.1744723,79.23000099253841
1790359134.1757877,34.05516198836267
1790359134.176206,28.899540979182348
1790359134.178092,17.36958499532193
1790359134.1784458,26.519239996559918
1790359134.178539,12.268838996533304
1790359134.1860301,88.24235000065528
1790359134.1867678,2.3348599788732827
1790359134.1920033,102.67856399877928
1790359134.193215,84.63654000661336
1790359134.194173,56.459037004970014
1790359134.1950078,71.7977019958198
1790359134.1951556,50.24760001106188
1790359134.195943,91.59034298500046
1790359134.1960394,45.08779797470197
1790359134.1968472,40.25883600115776
1790359134.1978354,5.777089012553915
1790359134.197913,21.546010015299544
1790359134.1980076,12.801563018001616
1790359134.1986609,2.6091600011568516
1790359134.2009246,1.3888089742977172
1790359134.2134788,1.9634859927464277
1790359134.2173762,1.6480589983984828
1790359134.2229578,1.5820490079931915
1790359134.2351604,2.246816991828382
1790359134.2352397,3.0857840029057115
1790359134.2418969,1.619410002604127
1790359134.2450528,1.7023969849105924
1790359134.2488568,1.9603169930633157
1790359134.2657187,2.2181509993970394
1790359134.270494,1.957981992745772
1790359134.285568,39.33487497852184
1790359134.2864091,25.18655901076272
1790359134.288128,24.026944010984153
1790359134.2882936,45.4843099869322
1790359134.2883859,8.787758997641504
1790359134.2977605,1.9290760101284832
1790359134.3036373,1.8869219929911196
1790359134.3095572,2.180680981837213
1790359134.3156562,29.22975001274608
1790359134.3161185,38.427244988270104
1790359134.3162754,15.396196016808972
1790359134.3165927,12.845004996052012
1790359134.316657,7.888688996899873
1790359134.3188574,2.064878004603088
1790359134.319316,1.3341319863684475
1790359134.325643,2.8505809896159917
1790359134.326642,2.994935988681391
1790359134.327702,4.310992022510618
1790359134.3277867,2.640312013681978
1790359134.33025,1.487408997491002
1790359134.3337612,1.645529002416879
1790359134.3430777,2.3923490080051124
1790359134.3447473,1.653445971896872
1790359134.345767,1.8005799793172628
1790359134.3466878,1.3112029992043972
1790359134.349338,1.4296870213001966
1790359134.3539464,1.9082750077359378
1790359134.354259,1.4221809979062527
1790359134.3615031,1.9262669957242906
1790359134.3673499,1.6202979895751923
1790359134.3694866,1.4260550087783486
1790359134.3831537,2.7212839922867715
1790359134.3876662,2.46819099993445
1790359134.3905108,2.354154014028609
1790359134.393163,21.798047004267573
1790359134.4011872,3.553532005753368
1790359134.401321,2.4845050065778196
1790359134.4072044,1.7878309881780297
1790359134.4152863,33.34553798777051
1790359134.415968,45.343967009102926
1790359134.4171293,28.35822699125856
1790359134.4172435,31.57087101135403
1790359134.4195821,21.84661600040272
1790359134.4197795,16.195149975828826
1790359134.435624,25.053204997675493
1790359134.446052,33.105123991845176
1790359134.4505274,40.53103900514543
1790359134.455453,43.0993199988734
1790359134.4583066,40.96239901264198
1790359134.4608903,49.29397997329943
1790359134.4700842,42.27597298449837
1790359134.4704514,23.582327994517982
1790359134.4728706,65.54868098464794
1790359134.4777055,50.63101201085374
1790359134.486398,33.695732010528445
1790359134.4897864,44.7420590207912
1790359134.4937131,40.354819007916376
1790359134.4942656,75.39377597277053
1790359134.4954972,43.31313900183886
1790359134.5021117,41.83406900847331
1790359134.5036583,44.60403602570295
1790359134.5037785,35.08066199719906
1790359134.5049767,53.501718008192256
1790359134.5063262,32.989796018227935
1790359134.512396,30.0488059874624
1790359134.5146601,40.23534298175946
1790359134.525679,27.344118017936125
1790359134.5260496,25.249045982491225
1790359134.5289187,29.892832011682913
1790359134.5296016,28.094932000385597
1790359134.5455992,41.49982499075122
1790359134.5466573,41.49443699861877
1790359134.5471156,34.36004000832327
1790359134.547267,47.37690600450151
1790359134.5484064,40.43948801700026
1790359134.5484915,31.150666996836662
1790359134.5485818,22.36227400135249
1790359134.5486667,6.589366006664932
1790359134.583052,59.01138699846342
1790359134.5834565,107.09144701831974
1790359134.5871859,28.534831013530493
1790359134.59693,28.84138497756794
1790359134.5975034,45.90686102164909
1790359134.5997975,60.78379097743891
1790359134.6081424,17.008089023875073
1790359134.6121926,59.59367801551707
1790359134.6253,31.074615981196985
1790359134.6261442,107.64033900341019
1790359134.6266081,54.082604008726776
1790359134.6377287,73.57490999856964
1790359134.63954,34.31637701578438
1790359134.6406274,30.18874500412494
1790359134.641859,46.77012900356203
1790359134.6419537,10.813234024681151
1790359134.6421852,6.364089989801869
1790359134.6425617,2.8736960084643215
1790359134.6429527,88.83011699072085
1790359134.6518736,2.1966120111756027
1790359134.6540265,50.871735002147034
1790359134.6699724,77.13604599121027
1790359134.670069,59.75086698890664
1790359134.6716974,67.82147299963981
1790359134.671836,47.95710201142356
1790359134.6725276,37.844845006475225
1790359134.6731935,36.63297698949464
1790359134.6733537,6.021386012434959
1790359134.6734464,29.18439998757094
1790359134.6898263,37.63130499282852
1790359134.6901693,5.433768994407728
1790359134.6934416,2.1099250006955117
1790359134.695255,1.5900910075288266
1790359134.6977994,1.511996000772342
1790359134.6998632,1.2410659983288497
1790359134.709588,1.8140339816454798
1790359134.7293718,1.7889860027935356
1790359134.7387135,1.9582090026233345
1790359134.7390773,1.5343480044975877
1790359134.7533438,1.8880979914683849
1790359134.7577252,1.5634770097676665
1790359134.7609105,1.474808988859877
1790359134.7744064,2.427331986837089
1790359134.7777166,1.5996329893823713
1790359134.7794118,1.4979929837863892
1790359134.7825203,1.3588550209533423
1790359134.7982364,2.2373200044967234
1790359134.7997665,2.360155980568379
1790359134.8005087,1.838225987739861
1790359134.8148654,1.8677120096981525
1790359134.8371735,2.4833139905240387
1790359134.84214,2.056699013337493
1790359134.8445706,2.1526929922401905
1790359134.860686,23.49927299655974
1790359134.87675,35.63811400090344
1790359134.8798833,27.955735014984384
1790359134.8818362,38.4515619953163
1790359134.8975031,61.52680498780683
1790359134.8978705,44.26897200755775
1790359134.8985474,42.307096999138594
1790359134.8996522,33.920439978828654
1790359134.9017768,50.584652984980494
1790359134.9018755,26.080570998601615
1790359134.902042,14.8166709986981
1790359134.9021375,8.250670012785122
1790359134.9145358,56.68486101785675
1790359134.9166656,1.9829719967674464
1790359134.926298,51.33342300541699
1790359134.9268649,48.28334000194445
1790359134.9271443,72.2774569876492
1790359134.9277334,36.644578009145334
1790359134.9280443,21.59702399512753
1790359134.9281096,7.359612995060161
1790359134.9345405,1.7484450072515756
1790359134.9360504,1.4997500111348927
1790359134.9584959,17.815308005083352
1790359134.972651,30.008834990439937
1790359134.9730146,23.213486012537032
1790359134.98726,29.883334005717188
1790359134.9882364,43.76144500565715
1790359135.0081859,69.86990701989271
1790359135.008405,44.688602996757254
1790359135.0092366,74.0294300194364
1790359135.0152466,58.971263002604246
1790359135.022711,55.45822699787095
1790359135.0230916,61.697448982158676
1790359135.0270793,59.277934982674196
1790359135.0281093,83.06030201492831
1790359135.0333667,60.18804700579494
1790359135.0551913,93.07191698462702
1790359135.0673535,96.00963498814963
1790359135.0688868,79.8671210068278
1790359135.0690458,33.648816985078156
1790359135.0696862,78.10835400596261
1790359135.0699115,100.03618500195444
1790359135.0707443,22.17902400298044
1790359135.070847,40.64392499276437
1790359135.072204,33.095868973759934
1790359135.0723329,82.12744299089536
1790359135.0724714,6.4599859761074185
1790359135.072583,18.036988010862842
1790359135.0755267,79.45425499929115
1790359135.0762956,47.750952013302594
1790359135.076556,102.7313619852066
1790359135.0774558,45.23274197708815
1790359135.0776,40.81276900251396
1790359135.0787177,37.68410600605421
1790359135.0796216,26.764085021568462
1790359135.0798175,24.27741201245226
1790359135.07992,8.67121500778012
1790359135.104722,2.408641012152657
1790359135.1125445,2.9711519891861826
1790359135.113329,3.1108339899219573
1790359135.1134276,2.4202599888667464
1790359135.1182601,1.4806970139034092
1790359135.1273844,2.5216230133082718
1790359135.1274753,2.5227460137102753
1790359135.1339707,2.0865320111624897
1790359135.139013,2.018378989305347
1790359135.1413357,1.542101992527023
1790359135.1429787,1.5217249747365713
1790359135.1466367,1.5818809915799648
1790359135.1472356,1.3919130142312497
1790359135.1491978,1.5194570005405694
1790359135.1538026,2.1823120187036693
1790359135.1598542,2.312639990122989
1790359135.172558,2.069602982373908
1790359135.1795373,2.300541993463412
1790359135.1925113,28.87554801418446
1790359135.1933146,2.3517390072811395
1790359135.193432,18.880111980251968
1790359135.201882,14.29007001570426
1790359135.2019942,43.71145000914112
1790359135.2062068,2.3490849998779595
1790359135.221302,2.503903000615537
1790359135.2304373,2.3156819806899875
1790359135.2367892,31.728923990158364
1790359135.2417622,22.00296800583601
1790359135.2553923,24.55333899706602
1790359135.2566888,5.254699004581198
1790359135.2568357,1091.5716270101257
1790359135.2569244,54.800332989543676
1790359135.2663999,2.442431985400617
1790359135.2708569,23.22092800750397
1790359135.2723756,2.8031649999320507
1790359135.2770007,17.686606995994225
1790359135.277979,10.327502997824922
1790359135.2893531,14.102260989602655
1790359135.2894802,53.96364099578932
1790359135.2895827,5.682571994839236
1790359135.2984738,2.4563680053688586
1790359135.3056848,2.489685022737831
1790359135.314881,2.5977710029110312
1790359135.3182254,40.229128004284576
1790359135.3187184,19.624193984782323
1790359135.3192759,13.573839998571202
1790359135.3194041,48.11932999291457
1790359135.3194962,33.95433697733097
1790359135.3208032,4.685999010689557
1790359135.321679,1.8493710085749626
1790359135.331783,3.0887539905961603
1790359135.333045,2.589466021163389
1790359135.3380313,2.2198700171429664
1790359135.3505063,3.1325479794759303
1790359135.351896,2.4973489926196635
1790359135.3590145,2.410692977719009
1790359135.3602479,2.1543920156545937
1790359135.3633628,2.177121990825981
1790359135.3693879,2.467320009600371
1790359135.3772185,2.9031989979557693
1790359135.3772898,2.029119001235813
1790359135.3792512,1.8446329922880977
1790359135.3951166,4.428440995980054
1790359135.3966267,2.8487659874372184
1790359135.404231,2.2892410052008927
1790359135.426142,33.78092500497587
1790359135.4286973,20.005662983749062
1790359135.4376242,38.90882199630141
1790359135.4539669,26.25999500742182
1790359135.4560459,19.10416199825704
1790359135.456235,26.630354986991733
1790359135.4569316,51.81128499680199
1790359135.4570282,5.757270992035046
1790359135.4571328,14.83537201420404
1790359135.460741,1.932679006131366
1790359135.4627132,55.13907698332332
1790359135.4679558,76.29613499739207
1790359135.4863734,76.89680898329243
1790359135.4865272,75.75127101154067
1790359135.4872282,58.181077998597175
1790359135.488421,47.1733020094689
1790359135.4885294,52.93098802212626
1790359135.4886398,44.78075299994089
1790359135.489062,37.064414005726576
1790359135.492467,1.417233987012878
1790359135.4943683,1.7314230208285153
1790359135.497505,1.596324989804998
1790359135.501878,2.7395350043661892
1790359135.5020087,2.2528819972649217
1790359135.5027184,1.6643760027363896
1790359135.5064256,1.4959379914216697
1790359135.5091999,1.2600570044014603
1790359135.513127,1.636372006032616
1790359135.5167582,2.438464987790212
1790359135.5178993,2.0420729997567832
1790359135.5219693,1.4911250036675483
1790359135.529034,1.9942279905080795
1790359135.5376303,1.7845230177044868
1790359135.540583,1.9056540040764958
1790359135.5410063,1.7191319784615189
1790359135.5422614,1.246883999556303
1790359135.5463147,1.5583530184812844
1790359135.5494928,2.1152200060896575
1790359135.5501091,1.5419709961861372
1790359135.5656888,2.8008789813611656
1790359135.5658255,2.481143019394949
1790359135.5658953,3.8079849909991026
1790359135.5674615,1.4329499972518533
1790359135.5745184,1.548005995573476
1790359135.5941703,2.5025790091603994
1790359135.613808,2.3355930170509964
1790359135.6177628,26.32405300391838
1790359135.6189258,37.3856209916994
1790359135.619286,21.727534011006355
1790359135.619384,3.1840570154599845
1790359135.6211054,1.5060259902384132
1790359135.6320744,2.8733540093526244
1790359135.6336408,2.0953459898009896
1790359135.6337044,2.8051039844285697
1790359135.6344697,2.0884679979644716
1790359135.6350787,1.2660439824685454
1790359135.6397593,1.8448029877617955
1790359135.643637,1.726880989735946
1790359135.6454535,1.424624992068857
1790359135.6467736,1.3099859934300184
1790359135.6493664,1.5366779989562929
1790359135.649636,1.3070270069874823
1790359135.653359,1.5637160104233772
1790359135.6546817,1.3132540043443441
1790359135.6599107,1.6153089818544686
1790359135.6674635,2.137294999556616
1790359135.6700084,1.9471249834168702
1790359135.6733916,2.5377650163136423
1790359135.6762397,1.8983279878739268
1790359135.6783965,1.863042009063065
1790359135.6824944,25.325939990580082
1790359135.693804,29.321773996343836
1790359135.6939683,26.493303012102842
1790359135.7025564,47.82947598141618
1790359135.703486,33.24764099670574
1790359135.7043996,32.25943600409664
1790359135.7052207,6.817187997512519
1790359135.7053397,19.40111501608044
1790359135.70541,30.16678200219758
1790359135.7143507,1.7443470133002847
1790359135.7214174,23.19233398884535
1790359135.727315,26.726523006800562
1790359135.7275677,11.667178972857073
1790359135.7279286,45.05123299895786
1790359135.7314095,2.217032015323639
1790359135.7365031,1.6678310057613999
1790359135.7524378,2.559143991675228
1790359135.7571194,1.8164530047215521
1790359135.7668667,38.80636300891638
1790359135.7672834,36.38327299267985
1790359135.769028,17.580762010766193
1790359135.7692208,42.63381700729951
1790359135.7693303,31.680099986260757
1790359135.7699625,2.497395995305851
1790359135.786524,1.817605021642521
1790359135.8010643,1.8969769880641252
1790359135.801446,1.4974779915064573
1790359135.8075914,1.8454919918440282
1790359135.8403466,25.85755498148501
1790359135.8513412,31.14049998112023
1790359135.851698,39.12068798672408
1790359135.8561742,39.33095600223169
1790359135.8589096,17.667144013103098
1790359135.859684,38.83205002057366
1790359135.8602839,53.411245986353606
1790359135.860441,33.976474980590865
1790359135.8632922,51.7775540065486
1790359135.8633761,5.615529982605949
1790359135.8635375,3.8413370202761143
1790359135.8636358,37.934868974843994
1790359135.8641021,29.635513987159356
1790359135.864459,22.38662200397812
1790359135.8645265,5.604203004622832
1790359135.8839743,3.0702459916938096
1790359135.8848577,2.484466996975243
1790359135.8859146,1.9248120079282671
1790359135.887351,2.3011789890006185
1790359135.8880937,1.6718559782020748
1790359135.8937929,2.7220859774388373
1790359135.8957229,3.168548981193453
1790359135.8968832,2.156582981115207
1790359135.902879,3.2213229860644788
1790359135.9195628,1.967884018085897
1790359135.9342535,2.0172610238660127
1790359135.935036,21.241082984488457
1790359135.935832,14.767957996809855
1790359135.9359193,39.89613798330538
1790359135.9412553,2.057434991002083
1790359135.94189,1.801378995878622
1790359135.9550607,1.8434030062053353
1790359135.9556968,1.6096750041469932
1790359135.9617627,1.7197609995491803
1790359135.9647763,1.731880009174347
1790359135.9691174,1.97838299209252
1790359135.9698777,1.9463589997030795
1790359135.9717762,1.2631909921765327
1790359135.9743443,1.8413859943393618
1790359135.9752705,1.6568760038353503
1790359135.980434,1.6005400102585554
1790359135.9848454,1.4382049848791212
1790359135.9924042,2.809286001138389
1790359135.992479,2.226668002549559
1790359135.9945128,1.1797919869422913
1790359136.003862,1.6605089767836034
1790359136.0190153,2.377225988311693
1790359136.0264125,1.9340529979672283
1790359136.028688,23.0297630187124
1790359136.0318067,2.1443279983941466
1790359136.0407057,2.1073239913675934
1790359136.042617,21.94881800096482
1790359136.0437953,44.2746159969829
1790359136.04388,16.04155098902993
1790359136.0449018,8.41268801013939
1790359136.045414,1048.4842899895739
1790359136.0488415,3.148359013721347
1790359136.0515394,3.8612810021732002
1790359136.053901,1.5847960021346807
1790359136.0661278,1.829823973821476
1790359136.0742614,25.40481899632141
1790359136.074413,3.3524490136187524
1790359136.07924,32.17621799558401
1790359136.080948,23.160012991866097
1790359136.0817444,3.4742550051305443
1790359136.0972385,53.22991299908608
1790359136.0975158,24.12778401048854
1790359136.0977132,27.58022100897506
1790359136.0984118,18.89432201278396
1790359136.0991871,6.124527979409322
1790359136.0999696,8.955805998994038
1790359136.1000543,4.081496997969225
1790359136.103454,1.7328760004602373
1790359136.1330812,40.900012012571096
1790359136.1339076,39.36008000164293
1790359136.1389172,49.321314989356324
1790359136.1404202,31.901581009151414
1790359136.141683,39.33308902196586
1790359136.14232,48.40921898721717
1790359136.142436,42.00596400187351
1790359136.1441603,24.276009004097432
1790359136.1443062,9.494911006186157
1790359136.1456993,29.391110001597553
1790359136.1458578,1086.9418240035884
1790359136.145944,15.54826699430123
1790359136.147992,30.14635801082477
1790359136.1480982,1087.7804899937473
1790359136.1488483,25.596502993721515
1790359136.1489398,44.32375999749638
1790359136.1504235,16.4950990001671
1790359136.150521,8.822775998851284
1790359136.2085602,64.19051499688067
1790359136.2091146,32.627195003442466
1790359136.2095368,28.430740989279002
1790359136.2097785,43.81624699453823
1790359136.20989,18.57126600225456
1790359136.2102344,4.210104001685977
1790359136.2136135,27.399654005421326
1790359136.2278903,2.1861770073883235
1790359136.2300673,52.188072993885726
1790359136.2305,25.53288100170903
1790359136.2312932,3.2500030065421015
1790359136.2313938,24.771974014583975
1790359136.2428873,2.607992006232962
1790359136.2449014,3.2422829826828092
1790359136.2450202,1.850512984674424
1790359136.2452536,1.3929980050306767
1790359136.2474773,1.7901839746627957
1790359136.2483099,1.2833029904868454
1790359136.2508154,1.1771759891416878
1790359136.2535222,2.019819017732516
1790359136.2545226,1.5748639998491853
1790359136.2641656,2.0333349821157753
1790359136.2701461,1.8882169970311224
1790359136.2793944,1.66123200324364
1790359136.2835398,1.871066022431478
1790359136.2841685,1.3562050007749349
1790359136.2873063,1.5671309956815094
1790359136.332817,17.273483012104407
1790359136.3484027,28.982150019146502
1790359136.3485126,41.561871010344476
1790359136.3509817,33.58189298887737
1790359136.3514192,30.849173024762422
1790359136.3519235,41.01539001567289
1790359136.3523152,41.937607020372525
1790359136.3524652,29.968768008984625
1790359136.352941,18.52414500899613
1790359136.3535702,4.912152013275772
1790359136.3536856,10.02290699398145
1790359136.360446,39.03841899591498
1790359136.3662345,38.67406799690798
1790359136.3676476,1.9723580044228584
1790359136.3777652,2.683163998881355
1790359136.3943994,52.44724501972087
1790359136.3958657,51.370291999774054
1790359136.3959537,67.11212999653071
1790359136.3976269,23.81086300010793
1790359136.398208,21.956070006126538
1790359136.3993015,36.469605984166265
1790359136.4003222,7.300647994270548
1790359136.4011223,2.9004099778831005
1790359136.4060788,2.1975980198476464
1790359136.4067383,25.069567986065522
1790359136.4105792,1.8912650120910257
1790359136.4135911,2.120004006428644
1790359136.4196076,2.004289999604225
1790359136.42181,25.663963024271652
1790359136.4226432,23.329529009060934
1790359136.422764,44.497430993942544
1790359136.4233308,18.129212985513732
1790359136.4245381,15.21776500158012
1790359136.424621,12.310713005717844
1790359136.4271374,1.4772459981031716
1790359136.4383974,2.1156510047148913
1790359136.4394166,1.835867005866021
1790359136.441797,1.5171649865806103
1790359136.4436138,1.6851930122356862
1790359136.4442177,1.8028279882855713
1790359136.4458318,1.5019160055089742
1790359136.4529812,1.5360399847850204
1790359136.4578867,2.9489359876606613
1790359136.489616,32.963132980512455
1790359136.5013323,23.148834006860852
1790359136.5121984,60.1194070186466
1790359136.5146854,34.26542101078667
1790359136.5283835,48.66388801019639
1790359136.533033,44.0018140070606
1790359136.5341797,57.568974007153884
1790359136.5343266,35.11330499895848
1790359136.5405622,84.61254599387757
1790359136.5419817,51.49429800803773
1790359136.5428064,51.05841500335373
1790359136.542913,55.33482600003481
1790359136.5438483,39.7050479950849
1790359136.544079,27.326396986609325
1790359136.5444345,15.636213996913284
1790359136.5466402,1.5487319906242192
1790359136.5504234,35.72124300990254
1790359136.5526218,1.6475640004500747
1790359136.5600479,1.9108999986201525
1790359136.566714,43.90311302267946
1790359136.5675528,1.5453250089194626
1790359136.5769966,36.36479898705147
1790359136.5778947,32.054196984972805
1790359136.5781105,47.82807899755426
1790359136.5787625,87.43611598038115
1790359136.5791113,14.183310995576903
1790359136.580554,27.252861997112632
1790359136.580794,9.912979003274813
1790359136.5813792,1.8317009962629527
1790359136.5889196,2.0154030062258244
1790359136.592255,1.5796119987498969
1790359136.5976086,1.7689169908408076
1790359136.5999298,1.5274570032488555
1790359136.6022549,1.3623139820992947
1790359136.6058445,1.3416399888228625
1790359136.6121676,1.3667719904333353
1790359136.61917,1.852950023021549
1790359136.637491,23.142274003475904
1790359136.6387517,2.367231994867325
1790359136.6453083,17.378806020133197
1790359136.64539,4.470868996577337
1790359136.6456716,39.7705800132826
1790359136.6463325,2.689821005333215
1790359136.6628275,2.0463399996515363
1790359136.6666327,1.4581630239263177
1790359136.668044,1.4028669975232333
1790359136.6711152,1.3681260170415044
1790359136.678157,2.4107999925035983
1790359136.678261,2.594694000435993
1790359136.6896152,2.208289020927623
1790359136.6909502,2.4828110181260854
1790359136.6939297,1.4375359751284122
1790359136.7015986,1.9223150156904012
1790359136.7193856,20.30943302088417
1790359136.724263,22.513589006848633
1790359136.7333045,30.603376013459638
1790359136.7397363,44.589230994461104
1790359136.7405398,14.542866992997006
1790359136.740939,4.9004290194716305
1790359136.7445443,1.7398969794157892
1790359136.7469616,14.66595899546519
1790359136.7475576,47.07190502085723
1790359136.747636,10.06830099504441
1790359136.751112,1.8551850225776434
1790359136.784168,34.243917994899675
1790359136.7927651,1.962199981790036
1790359136.798979,2.4142089823726565
1790359136.8016584,2.0256430143490434
1790359136.806944,2.7534539985936135
1790359136.8083146,1.3591019960585982
1790359136.8116455,16.379874985432252
1790359136.8153224,17.936548014404252
1790359136.815655,43.85103299864568
1790359136.8158464,5.035112000769004
1790359136.8162699,13.229787000454962
1790359136.816494,11.676353024085984
1790359136.816586,4.288439988158643
1790359136.8170612,3.770317998714745
1790359136.82293,1.4519249962177128
1790359136.8600035,18.013360007898882
1790359136.8800726,38.7378049781546
1790359136.8820581,38.89434499433264
1790359136.8821547,28.708125988487154
1790359136.8827057,48.22727901046164
1790359136.88349,16.409209987614304
1790359136.8836105,5.261224985588342
1790359136.8836942,22.33789800084196
1790359136.8856301,38.90397000941448
1790359136.8910387,1.6851510154083371
1790359136.8967032,2.0127430034335703
1790359136.8967903,39.23861400107853
1790359136.9019105,68.69344101869501
1790359136.913032,49.36113802250475
1790359136.9175634,62.86356601049192
1790359136.9177477,43.89800000353716
1790359136.9178402,37.7511809929274
1790359136.9194157,25.860112014925107
1790359136.9195042,15.784204995725304
1790359136.9203575,12.633331993129104
1790359136.9285986,1.4705469948239625
1790359136.9366581,32.12531498866156
1790359136.9383507,1.48254499072209
1790359136.939731,19.875566009432077
1790359136.9400468,36.93130300962366
1790359136.9406755,10.085932008223608
1790359136.9408937,2.31585800065659
1790359136.948832,1.709873991785571
1790359136.9549274,2.074187999824062
1790359136.9556499,1.6006660007406026
1790359136.9645653,2.3334689904004335
1790359136.9831486,2.1949779766146094
1790359136.9932497,36.11666400684044
1790359136.9934745,26.51967099518515
1790359136.9937816,8.248687983723357
1790359136.999292,3.421831992454827
1790359137.0003288,2.9685710032936186
1790359137.000562,3.8569080061279237
1790359137.0014393,3.2099199888762087
1790359137.002721,1.7242770118173212
1790359137.00332,1.4886519929859787
1790359137.0056577,1.604399993084371
1790359137.0062394,1.329799008090049
1790359137.0079966,1.424780988600105
1790359137.0145142,1.6032319981604815
1790359137.0239956,1.6836430004332215
1790359137.0312774,1.6345579933840781
1790359137.0384746,1.5737340145278722
1790359137.0408733,2.264531998662278
1790359137.0425549,2.722033008467406
1790359137.042957,2.073851996101439
1790359137.0437927,1.6304899763781577
1790359137.0487874,2.2912779822945595
1790359137.0492616,2.0496289944276214
1790359137.049576,1.4195319963619113
1790359137.0553982,1.5933320100884885
1790359137.0596056,2.0176719990558922
1790359137.0643427,1.78396500996314
1790359137.0786982,26.96341200498864
1790359137.0813425,1.774742006091401
1790359137.0842748,27.400943014072254
1790359137.0928018,34.50397000415251
1790359137.093415,10.64797499566339
1790359137.0992746,34.404560981784016
1790359137.0993738,49.62844602414407
1790359137.1080368,22.756610007490963
1790359137.110778,21.95835000020452
1790359137.149986,45.0063290190883
1790359137.1521447,44.93738597375341
1790359137.165175,81.49326598504558
1790359137.165402,56.677525979466736
1790359137.173258,63.283149007475004
1790359137.1769588,65.77948000631295
1790359137.1891818,97.25026701926254
1790359137.1939986,97.90946397697553
1790359137.2047877,100.97374598262832
1790359137.204886,91.03726598550566
1790359137.2098844,65.75105199590325
1790359137.2194214,102.04384601092897
1790359137.22567,75.52602398209274
1790359137.226674,71.10933499643579
1790359137.227017,51.02155898930505
1790359137.2271104,101.37023299466819
1790359137.2278578,67.51036702189595
1790359137.2279549,40.32056900905445
1790359137.229566,36.985856015235186
1790359137.2296882,8.89490800909698
1790359137.2342026,119.59561199182644
1790359137.2424617,1.927047997014597
1790359137.2561636,108.08138397987932
1790359137.259635,96.26136001315899
1790359137.2600796,124.52519498765469
1790359137.2613406,103.20315600256436
1790359137.2615983,37.39306700299494
1790359137.2618606,62.55554698873311
1790359137.2619338,79.77624601335265
1790359137.2630408,74.68455098569393
1790359137.263145,3.4994739980902523
1790359137.2632687,5.023637000704184
1790359137.2633321,5.772167001850903
1790359137.266879,1.310286024818197
1790359137.28168,2.0571399945765734
1790359137.2828586,2.384933002758771
1790359137.2838144,1.8600439943838865
1790359137.2890882,1.5078969881869853
1790359137.3021781,1.771645009284839
1790359137.315871,1.8743270193226635
1790359137.3289826,3.3209259854629636
1790359137.3292181,3.6509439814835787
1790359137.3310654,1.8346100114285946
1790359137.343406,2.081196988001466
1790359137.3437514,1.825301005737856
1790359137.3586895,2.0484200213104486
1790359137.3686707,1.8306919955648482
1790359137.3867981,30.832783988444135
1790359137.3976614,32.9732850077562
1790359137.40718,22.55174599122256
1790359137.4092214,60.849037021398544
1790359137.4159162,15.569809009321034
1790359137.416023,46.857879002345726
1790359137.4162111,27.926476002903655
1790359137.4185789,1.9352389790583402
1790359137.432957,51.72079897602089
1790359137.4344985,61.593313002958894
1790359137.4357018,48.474804003490135
1790359137.4358833,41.046762984478846
1790359137.4359865,27.656679012579843
1790359137.4361227,18.718870996963233
1790359137.4401138,3.800856997258961
1790359137.4409492,6.145691004348919
1790359137.4415226,8.548897982109338
1790359137.4416382,4.5534179953392595
1790359137.4422257,1.9435980066191405
1790359137.4422991,2.6770719850901514
1790359137.443896,1.5029679925646633
1790359137.456679,1.7980289994738996
1790359137.458316,1.3864359934814274
1790359137.4714699,3.9928719925228506
1790359137.4717565,3.663288982352242
1790359137.4723287,2.863929985323921
1790359137.472387,1.9119570206385106
1790359137.478473,1.4243659970816225
1790359137.4930162,2.99554000957869
1790359137.4931226,4.406054998980835
1790359137.5081983,1.962658017873764
1790359137.5182045,2.0361159986350685
1790359137.5196755,37.65522097819485
1790359137.5224204,42.45988599723205
1790359137.5225315,31.398859020555392
1790359137.5226178,15.475441003218293
1790359137.5227501,33.888859004946426
1790359137.5232797,6.115580996265635
1790359137.5233405,3.064059012103826
1790359137.5360048,1.7521929985377938
1790359137.548141,4.083391017047688
1790359137.5495625,4.8280560004059225
1790359137.5496476,6.191762979142368
1790359137.5503888,1.4971159980632365
1790359137.5672262,1.6078000189736485
1790359137.5720756,1.4768099936190993
1790359137.5781803,2.3754480062052608
1790359137.581673,34.40778699587099
1790359137.582138,20.16494600684382
1790359137.583227,2.771845000097528
1790359137.5834856,11.099524010205641
1790359137.5835857,7.035905990051106
1790359137.583646,14.163261017529294
1790359137.5942729,1.4907190052326769
1790359137.6033447,1.8756590143311769
1790359137.6050355,1.4110199990682304
1790359137.6196897,3.2909729925449938
1790359137.6198523,2.8746500029228628
1790359137.6203427,2.244144008727744
1790359137.6252637,1.5526200004387647
1790359137.62791,1.407559000654146
1790359137.6310947,1.641159993596375
1790359137.6314373,1.4611780061386526
1790359137.6327379,1.292019005632028
1790359137.6356401,1.4834579778835177
1790359137.6426299,2.4685750249773264
1790359137.6432717,3.7095379957463592
1790359137.6559684,1.6945739916991442
1790359137.6671798,1.7310049734078348
1790359137.6765616,33.82012801012024
1790359137.6766577,15.012256015324965
1790359137.684828,3.83589300327003
1790359137.68604,2.55402599577792
1790359137.7044811,21.919307007919997
1790359137.7217247,37.50165700330399
1790359137.7225957,40.895164012908936
1790359137.72292,26.715704996604472
1790359137.723044,7.035855000140145
1790359137.7231493,25.459064985625446
1790359137.7245831,37.12193699902855
1790359137.7255998,28.804293018765748
1790359137.7261581,24.655898014316335
1790359137.726952,40.868145995773375
1790359137.7270606,7.271467009559274
1790359137.745806,2.797780995024368
1790359137.752763,2.3479149967897683
1790359137.7659478,3.8958519871812314
1790359137.7667253,2.8673000051639974
1790359137.7711267,1.9183019758202136
1790359137.7856464,2.1912189840804785
1790359137.7873797,1.717807026579976
1790359137.8043368,3.433131001656875
1790359137.8055272,2.6666360208764672
1790359137.8075287,1.7434559995308518
1790359137.8130548,2.0838660129811615
1790359137.813129,2.741179021541029
1790359137.8180716,1.9654170027934015
1790359137.8224485,2.2560820216313004
1790359137.8285773,1.9045009976252913
1790359137.8348587,2.7725239924620837
1790359137.8508162,1.8569999956525862
1790359137.8545258,1.502423023339361
1790359137.8637872,1.6327449993696064
1790359137.8716888,37.88764798082411
1790359137.8730621,20.680660993093625
1790359137.8732603,28.328535001492128
1790359137.873616,12.179382989415899
1790359137.8741798,5.605333979474381
1790359137.8819308,2.023901994107291
1790359137.891946,2.2492480056826025
1790359137.8945498,24.809829017613083
1790359137.9112186,23.972069000592455
1790359137.9136167,41.16577599779703
1790359137.9142294,20.998343999963254
1790359137.9143944,7.00304500060156
1790359137.9224343,2.093621005769819
1790359137.925429,2.0694700069725513
1790359137.932888,2.770716993836686
1790359137.934442,1.541737001389265
1790359137.9403613,40.70240998407826
1790359137.9457436,32.752024999354035
1790359137.9470205,24.43434001179412
1790359137.947729,47.95804398600012
1790359137.9478254,18.543234007665887
1790359137.948273,17.322502011666074
1790359137.9484885,11.039108008844778
1790359137.9506977,2.1954810072202235
1790359137.952974,1.948596996953711
1790359137.9565089,2.4736420018598437
1790359137.9600976,1.756095007294789
1790359137.9692347,2.375383977778256
1790359137.9763231,3.100052010267973
1790359137.9773376,1.7656539857853204
1790359137.9775782,32.52625299501233
1790359137.9776638,28.395706001902
1790359137.9881432,34.69668698380701
1790359137.9884868,44.722994993207976
1790359137.9894729,34.01890900568105
1790359137.990099,27.447756001492962
1790359137.9912808,20.900642004562542
1790359137.9916878,17.192466999404132
1790359137.9919124,7.718093984294683
1790359137.9929461,2.991215995280072
1790359137.9936883,1.7653190006967634
1790359137.9956753,1.7294100252911448
1790359137.9995775,1.9088519911747426
1790359138.0348105,22.404274001019076
1790359138.0349216,30.180327012203634
1790359138.0459669,40.15068302396685
1790359138.0518613,28.009400004521012
1790359138.0528758,48.787842999445274
1790359138.054031,12.940740009071305
1790359138.0541177,20.729756011860445
1790359138.0653462,58.26273999991827
1790359138.0814388,77.9947119881399
1790359138.08579,38.60124098719098
1790359138.0868425,64.06642100773752
1790359138.0902853,61.410291003994644
1790359138.0910504,83.41114601353183
1790359138.091196,31.25703299883753
1790359138.095412,33.92982398509048
1790359138.095554,18.137731007300317
1790359138.095719,49.59826898993924
1790359138.1019669,65.32104799407534
1790359138.1119812,19.01864999672398
1790359138.1239605,82.13616898865439
1790359138.1241076,63.13165699248202
1790359138.1242044,70.93249799800105
1790359138.1301107,81.68937498703599
1790359138.130393,52.1658549841959
1790359138.1336682,19.633255986263976
1790359138.1345398,40.483124990714714
1790359138.1352181,18.50726001430303
1790359138.136468,16.88423499581404
1790359138.1378846,9.601929981727153
1790359138.1680791,68.06478300131857
1790359138.1704419,54.73627499304712
1790359138.1708193,62.11965502006933
1790359138.174345,57.100776000879705
1790359138.174704,39.29763298947364
1790359138.1748562,54.178087011678144
1790359138.1754508,29.41719099180773
1790359138.1756628,39.01106398552656
1790359138.1774902,17.504457995528355
1790359138.178289,45.63185197184794
1790359138.1787682,7.212805008748546
1790359138.1790946,3.2295319833792746
1790359138.184661,1.7036620120052248
1790359138.19429,1039.3158390070312
1790359138.2012656,34.3216480105184
1790359138.2024012,1.970423007151112
1790359138.2113173,2.5180700176861137
1790359138.2125237,1.652103994274512
1790359138.2258756,52.205143991159275
1790359138.2370126,86.62888000253588
1790359138.2372658,57.27464202209376
1790359138.2468877,23.269005003385246
1790359138.2540731,16.958191990852356
1790359138.2614522,47.13606199948117
1790359138.2632182,75.45693998690695
1790359138.2674556,15.981937991455197
1790359138.2679873,58.071233012015
1790359138.2689726,60.686621989589185
1790359138.2692628,1077.5634620222263
1790359138.2806492,59.41100500058383
1790359138.2908764,62.31230101548135
1790359138.2942727,39.18876999523491
1790359138.3063357,42.93415602296591
1790359138.311984,61.90413000877015
1790359138.3131886,80.54704798269086
1790359138.313643,59.05559498933144
1790359138.3144479,56.87553799361922
1790359138.3153634,1110.3560960036702
1790359138.3164902,63.20061400765553
1790359138.3208075,41.35655701975338
1790359138.3218172,1107.1540570119396
1790359138.3261428,36.146087979432195
1790359138.3461993,1118.1017229973804
1790359138.3468676,48.88290198869072
1790359138.3469546,59.31427198811434
1790359138.352312,47.63811599696055
1790359138.3569853,65.6546289974358
1790359138.3575816,50.8073829987552
1790359138.357999,38.65844200481661
1790359138.3585467,21.59246598603204
1790359138.3586445,13.962930999696255
1790359138.3589787,6.466368999099359
1790359138.3627002,54.37486502341926
1790359138.3842175,57.430902001215145
1790359138.3846765,47.0083819818683
1790359138.3853076,64.11675302661024
1790359138.3878562,19.661755010019988
1790359138.3923445,42.72835000301711
1790359138.403479,39.70500099239871
1790359138.4039302,30.803433008259162
1790359138.4083161,33.13668302143924
1790359138.4092255,12.986201996682212
1790359138.409335,29.17528699617833
1790359138.4148748,32.98213300877251
1790359138.420712,21.205684024607763
1790359138.4267318,16.220927995163947
1790359138.4334357,59.02221199357882
1790359138.4336317,18.5928069986403
1790359138.4341245,6.968672998482361
1790359138.4359047,1.7661339952610433
1790359138.4424098,77.56782899377868
1790359138.4521656,26.776982995215803
1790359138.453367,40.238170011434704
1790359138.4534657,25.1034940010868
1790359138.4536107,5.765061010606587
1790359138.4536958,52.72442600107752
1790359138.4570491,1.644982025027275
1790359138.4783106,29.306921001989394
1790359138.4814632,20.725482987472787
1790359138.4829981,41.52807799982838
1790359138.483392,5.771814001491293
1790359138.4834614,3.03614599397406
1790359138.4919307,2.2477160091511905
1790359138.5009017,1.7333249852526933
1790359138.5090458,2.7409319882281125
1790359138.511138,32.545260997721925
1790359138.51546,39.19544201926328
1790359138.5158293,40.24413198931143
1790359138.5171967,19.184598000720143
1790359138.5175662,35.69097100989893
1790359138.5176952,16.382550995331258
1790359138.5181172,10.639451997121796
1790359138.5219593,1.8675609899219126
1790359138.5220246,2.531470003305003
1790359138.5251434,1.5461920120287687
1790359138.5287802,1.4614060055464506
1790359138.5303974,1.3116750051267445
1790359138.5320399,1.2607950193341821
1790359138.5337694,1.2007500045001507
1790359138.5384047,2.8717679961118847
1790359138.5386999,2.686855004867539
1790359138.539524,2.5037580053322017
1790359138.5521345,1.6420479805674404
1790359138.560339,1.9580880180001259
1790359138.5746386,19.052710995310917
1790359138.574714,35.011848027352244
1790359138.5754173,5.753950012149289
1790359138.5755112,36.76527799689211
1790359138.582641,1.5468350029550493
1790359138.587426,2.1245819807518274
1790359138.5908647,1.6216390067711473
1790359138.592538,1.3833149860147387
1790359138.5975428,1.4287960075307637
1790359138.5987737,1.222304010298103
1790359138.6230218,1.9871129770763218
1790359138.6338205,2.1700240031350404
1790359138.6420832,1.7951560148503631
1790359138.6451976,37.22068600472994
1790359138.6455414,39.343206997727975
1790359138.6468754,16.815566981676966
1790359138.650135,10.617049993015826
1790359138.6514068,10.284450981998816
1790359138.6535177,6.1695089971181005
1790359138.6544483,5.173703015316278
1790359138.6550682,2.1786300058010966
1790359138.6552916,3.679183981148526
1790359138.6568816,1.578753988724202
1790359138.6620395,1.617963018361479
1790359138.6672611,1.76188099430874
1790359138.6770864,2.269277989398688
1790359138.6802545,1.498420984717086
1790359138.6825058,1.3496669998858124
1790359138.684505,1.7510570178274065
1790359138.6912377,2.1643810032401234
1790359138.7012942,2.1846769959665835
1790359138.7043934,2.1720390068367124
1790359138.7118473,5.908187013119459
1790359138.7119327,4.106437001610175
1790359138.7154274,1.7938079836312681
1790359138.7222776,1.790623995475471
1790359138.7269163,33.6023060081061
1790359138.7284374,26.954125001793727
1790359138.728913,41.12864300259389
1790359138.7295554,26.299986988306046
1790359138.7301254,24.03397098532878
1790359138.7308457,22.58857199922204
1790359138.731179,13.566225999966264
1790359138.7312672,7.668537000427023
1790359138.7380304,1.9124130194541067
1790359138.7389584,1.8745360139291734
1790359138.7400827,1.9054939912166446
1790359138.7430556,1.6439530008938164
1790359138.7447898,1.551146007841453
1790359138.7543592,1.9793800020124763
1790359138.7624896,1.75351498182863
1790359138.7663805,1.8237540207337588
1790359138.7733486,1.9153489847667515
1790359138.7737417,1.5342209953814745
1790359138.8019269,1.78823500755243
1790359138.813534,1.855558017268777
1790359138.8191695,19.880504987668246
1790359138.8198252,38.29930900246836
1790359138.8211818,20.37012600339949
1790359138.8213186,6.550608988618478
1790359138.8417158,21.440953016281128
1790359138.8519933,17.90568302385509
1790359138.8594432,7.4349200003780425
1790359138.8595371,41.165576985804364
1790359138.8624637,37.307804013835266
1790359138.8634894,40.194853994762525
1790359138.8636136,28.902516001835465
1790359138.8636992,7.00378100736998
1790359138.868946,1.608324993867427
1790359138.8750691,3.7125340022612363
1790359138.875436,3.480326005956158
1790359138.8754978,3.1082200002856553
1790359138.876978,1.7126399907283485
1790359138.8772528,1.2695110053755343
1790359138.8810759,2.14173601125367
1790359138.8816833,2.22636602120474
1790359138.8852642,1.3260709820315242
1790359138.8924055,3.835804993286729
1790359138.8927257,3.5604409931693226
1790359138.8938112,3.8675029936712235
1790359138.898994,4.135219001909718
1790359138.8994029,3.517063014442101
1790359138.8994846,2.545858995290473
1790359138.9065964,1.9239159882999957
1790359138.9140098,2.014854020671919
1790359138.9287386,1.974162005353719
1790359138.9297352,1.9517060136422515
1790359138.9429653,1.8450170173309743
1790359138.9476466,1.6654299979563802
1790359138.9511733,1.6694170190021396
1790359138.9528973,1.6050910053309053
1790359138.9546216,1.4087439922150224
1790359138.9642742,3.140165004879236
1790359138.9643846,2.6889409928116947
1790359138.9734018,2.9694650147575885
1790359138.9734943,3.1981679785531014
1790359138.973796,1.9084360101260245
1790359138.982191,1.889456994831562
1790359138.983331,1.9155580084770918
1790359138.9855294,1.9514639861881733
1790359138.9864535,1.3338210119400173
1790359138.9965167,1.857997995102778
1790359138.998915,1.7566520255059004
1790359139.0177722,21.138389012776315
1790359139.0330162,32.85406899522059
1790359139.0406525,41.456827020738274
1790359139.0459318,30.01540098921396
1790359139.0460398,9.260676015401259
1790359139.0465043,48.392566008260474
1790359139.0472066,1.9538580090738833
1790359139.0505836,36.16953099844977
1790359139.0600512,2.1211660059634596
1790359139.0668566,2.326429996173829
1790359139.072358,77.11621202179231
1790359139.0728,2.0722609770018607
1790359139.0739386,1011.4369209914003
1790359139.077197,1.8676990002859384
1790359139.0777974,43.431016005342826
1790359139.0859036,2.133344009052962
1790359139.0890172,2.319281978998333
1790359139.0972416,54.8581620096229
1790359139.0978756,46.012605977011845
1790359139.0980392,84.46300000650808
1790359139.0991683,37.00220899190754
1790359139.0996563,30.968409992055967
1790359139.1000302,26.07982201152481
1790359139.1001272,24.2221679945942
1790359139.1006978,14.781881007365882
1790359139.1074798,1.7451349995099008
1790359139.12108,2.1429519983939826
1790359139.1213589,1.655017986195162
1790359139.1244242,1.3883830106351525
1790359139.1275613,1.5193640138022602
1790359139.1302843,1.3577700010500848
1790359139.1383762,2.08948299405165
1790359139.1398907,1.4982209831941873
1790359139.1435146,1.4943539863452315
1790359139.145768,1.6211940092034638
1790359139.1460469,1.3709499908145517
1790359139.152387,1.8278379866387695
1790359139.155282,1.7313150165136904
1790359139.1604028,2.250227000331506
1790359139.1610613,1.7966479936148971
1790359139.163045,1.7272340191993862
1790359139.1641233,2.0177919941488653
1790359139.1651268,1.7307689995504916
1790359139.188278,1.7888259899336845
1790359139.190826,1.6043930081650615
1790359139.1924686,1.6291089996229857
1790359139.194955,1.4356059837155044
1790359139.2054694,1.9916870223823935
1790359139.2071857,1.7000639927573502
1790359139.211855,1.587773993378505
1790359139.2267299,1.673337013926357
1790359139.230473,2.2438500018324703
1790359139.2315586,1.5151069965213537
1790359139.2360272,1.8166200025007129
1790359139.2364895,1.3734100211877376
1790359139.2451115,2.2189980081748217
1790359139.2459333,2.3694380070082843
1790359139.2473767,1.873014000011608
1790359139.2539227,2.2392119863070548
1790359139.2546332,1.5442330040968955
1790359139.2578588,1.5912630187813193
1790359139.266922,1.7666270141489804
1790359139.269546,1.956337015144527
1790359139.2704954,2.303943008882925
1790359139.2714596,1.7848360002972186
1790359139.279562,2.693693997571245
1790359139.2796423,2.214981010183692
1790359139.2862306,1.7828310083132237
1790359139.287076,1.5690149739384651
1790359139.2880688,1.6635670035611838
1790359139.2885845,1.2110600073356181
1790359139.2921858,1.3067620166111737
1790359139.2964435,1.3620829849969596
1790359139.3112342,1.8212709983345121
1790359139.3140397,1006.445287988754
1790359139.334398,4.656018019886687
1790359139.335029,4.001051012892276
1790359139.335718,5.173048994038254
1790359139.3362086,4.391416994621977
1790359139.3371341,2.093616989441216
1790359139.345678,1.8918669957201928
1790359139.3670766,2.4974789994303137
1790359139.3787892,31.880360998911783
1790359139.3865306,2.4715970212128013
1790359139.3866456,40.45824200147763
1790359139.386992,2.10022198734805
1790359139.405819,2.108886983478442
1790359139.4062376,1.6784710169304162
1790359139.4106472,1.3913709844928235
1790359139.4141688,1.4238349976949394
1790359139.416165,1.8473530071787536
1790359139.4169526,2.0349980040919036
1790359139.4182575,1.186531997518614
1790359139.4228888,1.9755919929593801
1790359139.4234626,1.8833489739336073
1790359139.4248097,1.2571050028782338
1790359139.4281285,1.7349330009892583
1790359139.447055,2.0739639876410365
1790359139.452907,2.4375650100409985
1790359139.4542196,1.848382002208382
1790359139.4679778,27.820516988867894
1790359139.4681382,37.95584398903884
1790359139.4689586,17.54062599502504
1790359139.4691725,21.15800100727938
1790359139.4694953,11.163883988047019
1790359139.472636,1.7222210008185357
1790359139.480546,1.799365010811016
1790359139.4902914,3.3396389917470515
1790359139.4911902,2.9870459984522313
1790359139.4981952,1.702481007669121
1790359139.504518,22.88801400572993
1790359139.510712,2.0886970160063356
1790359139.5142357,40.84657799103297
1790359139.514348,26.6562009928748
1790359139.5149252,26.06432099128142
1790359139.5149894,9.441242989851162
1790359139.520235,1.4435609919019043
1790359139.5377293,6.037856015609577
1790359139.5390856,6.434862007154152
1790359139.5392175,5.143262009369209
1790359139.5396423,4.004596994491294
1790359139.545949,1.4897460059728473
1790359139.555926,1.5043629973661155
1790359139.587369,1.8768159789033234
1790359139.5882208,1.828392007155344
1790359139.5887759,1.396756008034572
1790359139.592078,2.2190730087459087
1790359139.596334,2.1803109848406166
1790359139.5968888,1.8218570039607584
1790359139.6044207,1.780638995114714
1790359139.606674,1.5530090022366494
1790359139.6097503,2.0017029892187566
1790359139.611437,1.6761439910624176
1790359139.6300638,6.8457429879345
1790359139.6303544,6.533760984893888
1790359139.630445,4.656990000512451
1790359139.630542,3.9487030007876456
1790359139.6479135,1.7231199890375137
1790359139.6619203,1.992990990402177
1790359139.6818354,23.222795978654176
1790359139.692276,2.2553239832632244
1790359139.6925528,26.425917982123792
1790359139.6927361,42.7038730122149
1790359139.6928158,23.12811100273393
1790359139.6952097,44.55953600700013
1790359139.6963232,1.9583679968491197
1790359139.7039745,1.856458984548226
1790359139.713762,1.5765620046295226
1790359139.724174,2.179942006478086
1790359139.7270021,2.048030000878498
1790359139.7291129,2.096830023219809
1790359139.735504,1.6397309955209494
1790359139.7395165,30.348971020430326
1790359139.740016,2.279178996104747
1790359139.7401242,35.859574971254915
1790359139.7401989,17.205447977175936
1790359139.7404644,12.823425000533462
1790359139.7473588,1.712235010927543
1790359139.7480679,1.766596978995949
1790359139.7509913,1.6999170184135437
1790359139.7542484,1.5935669944155961
1790359139.7612631,1.4693959965370595
1790359139.7710674,1.8468100170139223
1790359139.7732856,1.8344790150877088
1790359139.7742028,1.674308005021885
1790359139.7803564,1.4876739878673106
1790359139.7985346,2.763792988844216
1790359139.804385,2.319733001058921
1790359139.8101704,1.8632859864737839
1790359139.8123224,1.401641988195479
1790359139.8228974,1.8299930088687688
1790359139.8339818,1.788791996659711
1790359139.8382583,2.280704997247085
1790359139.8471859,2.028898015851155
1790359139.8481574,1.9163569959346205
1790359139.8522856,1.9552049925550818
1790359139.8534749,2.021351014263928
1790359139.8549602,1.3652609777636826
1790359139.8623612,2.324191009392962
1790359139.8662515,1.7942959966603667
1790359139.8762202,1.5889299975242466
1790359139.8802726,1.522932987427339
1790359139.8912072,1.9881180196534842
1790359139.8925855,1.3675630034413189
1790359139.8957367,1.5021759900264442
1790359139.904014,2.7832299820147455
1790359139.9358516,7.681750983465463
1790359139.9377139,1.8483150051906705
1790359139.9490283,1.700116990832612
1790359139.9551067,1.8636439926922321
1790359139.9602845,1.6467100067529827
1790359139.9642332,3.149178985040635
1790359139.9643004,2.749385021161288
1790359139.9687524,1.3605979911517352
1790359139.974099,1.4603050076402724
1790359139.9887953,2.648084977408871
1790359139.9915433,2.959257981274277
1790359139.998301,2.7740450168494135
1790359139.9990516,2.875077974749729
1790359140.0032983,1.775787997758016
1790359140.0060456,1.7542440036777407
1790359140.0140855,25.275231018895283
1790359140.015029,18.22880099643953
1790359140.015319,37.1751050115563
1790359140.015383,4.987802007235587
1790359140.0274506,2.984920982271433
1790359140.0297754,2.3102170089259744
1790359140.0301275,1.8805310246534646
1790359140.0451245,2.6541230035945773
1790359140.0572567,1.7952460038941354
1790359140.058053,26.966165023623034
1790359140.0697064,39.263380982447416
1790359140.0702868,6.210380000993609
1790359140.0755038,1.6321239818353206
1790359140.09113,2.4502140004187822
1790359140.0945966,35.95959101221524
1790359140.0946808,27.009316021576524
1790359140.0957794,5.950841004960239
1790359140.0968087,1.8334909982513636
1790359140.1009567,2.4487240007147193
1790359140.1057203,1.8348479934502393
1790359140.1073036,1.572070992551744
1790359140.1117473,1.2727910070680082
1790359140.1164734,1.6203239792957902
1790359140.1217027,1.5348430024459958
1790359140.1266382,1.6029000107664615
1790359140.1288133,1.4998149999883026
1790359140.1310036,2.0136029925197363
1790359140.1325417,1.520959980553016
1790359140.140904,1.564565987791866
1790359140.1474688,1.9265060254838318
1790359140.1477892,1.6903560026548803
1790359140.1557808,1.3736239925492555
1790359140.1751845,2.535831998102367
1790359140.1827676,2.029980008956045
1790359140.1852047,1.7921690014190972
1790359140.187556,1.562954974360764
1790359140.1883652,1.5305310080293566
1790359140.220423,36.35387399117462
1790359140.2264717,14.28381900768727
1790359140.2323313,50.07073900196701
1790359140.2324233,8.715834002941847
1790359140.237189,17.6944519917015
1790359140.2430885,16.601756011368707
1790359140.2433112,50.84050298319198
1790359140.2440069,30.610073008574545
1790359140.2441158,13.54034201358445
1790359140.2442124,48.927786003332585
1790359140.2464528,12.820825999369845
1790359140.246915,1.587022008607164
1790359140.2585378,1.9791020022239536
1790359140.2687814,2.731729007791728
1790359140.2688649,2.166769001632929
1790359140.2731776,14.197423006407917
1790359140.274155,39.75884697865695
1790359140.2742436,3.5334290005266666
1790359140.2836688,2.0942389965057373
1790359140.2844534,1.918002002639696
1790359140.2874584,1.4593949890695512
1790359140.2977507,3.3229300170205534
1790359140.298549,2.952837006887421
1790359140.3176763,2.2300250129774213
1790359140.3337574,39.91774999303743
1790359140.3338912,40.648692985996604
1790359140.333991,32.91389797232114
1790359140.3486335,4.361038008937612
1790359140.3494167,3.726945986272767
1790359140.3499691,4.470443993341178
1790359140.3509088,3.104172006715089
1790359140.3568764,2.8131089929956943
1790359140.3613734,2.5852190156001598
1790359140.3617492,2.1188939863350242
1790359140.368559,2.2890160034876317
1790359140.371074,2.0044230041094124
1790359140.3817375,3.093265026109293
1790359140.3822005,2.421015000436455
1790359140.383457,28.473392012529075
1790359140.3839896,18.993572011822835
1790359140.3887954,2.7351040043868124
1790359140.392446,2.529218007111922
1790359140.3977244,2.0120769913773984
1790359140.4009562,19.895566016202793
1790359140.4011593,29.887170006986707
1790359140.402956,10.08381598512642
1790359140.4032843,50.00798500259407
1790359140.4111135,2.9573289793916047
1790359140.4212763,2.7044310118071735
1790359140.434677,3.6872749915346503
1790359140.436397,5.548273999011144
1790359140.4366019,3.587699990021065
1790359140.438551,3.631664003478363
1790359140.4436262,2.895745012210682
1790359140.4508662,2.4908070045057684
1790359140.4554846,2.960315003292635
1790359140.4570808,5.137914995430037
1790359140.4582586,4.937336023431271
1790359140.4593294,2.95463899965398
1790359140.4596262,3.725299990037456
1790359140.4597435,4.789405007613823
1790359140.4613338,1.8036399851553142
1790359140.4713423,3.059687005588785
1790359140.4716916,2.6050340093206614
1790359140.4719856,2.2055179870221764
1790359140.4755428,2.180067007429898
1790359140.4763997,1.969458011444658
1790359140.4818625,2.529201010474935
1790359140.484004,2.122238976880908
1790359140.4933298,3.1613620230928063
1790359140.4979684,3.2518880034331232
1790359140.4986734,2.4565480125602335
1790359140.510476,2.755307999905199
1790359140.513145,2.477764996001497
1790359140.5213597,3.0003630090504885
1790359140.52747,18.336840003030375
1790359140.5286303,2.2475029982160777
1790359140.535802,2.3913780169095844
1790359140.5419917,2.822719980031252
1790359140.5450644,3.6700510245282203
1790359140.5512614,4.063730011694133
1790359140.5517237,3.547961008735001
1790359140.552028,48.611522011924535
1790359140.5530434,30.347092979354784
1790359140.5537815,17.318118014372885
1790359140.5538898,11.041535006370395
1790359140.5651183,2.4008110049180686
1790359140.5762482,2.2501810162793845
1790359140.5983975,2.473286003805697
1790359140.618092,2.755687019089237
1790359140.6296146,2.6643029996193945
1790359140.6296885,2.0283019985072315
1790359140.6299586,1.3774609833490103
1790359140.6349447,1.7389729910064489
1790359140.6377265,1.5873230004217476
1790359140.6501558,1.9668650056701154
1790359140.653422,1.652780018048361
1790359140.6570404,1.5608549874741584
1790359140.6674173,2.9456930060405284
1790359140.667534,2.127359010046348
1790359140.6683478,2.1291909797582775
1790359140.6791906,1.7197649867739528
1790359140.6911335,1.754335011355579
1790359140.695903,1.8378679815214127
1790359140.7105334,2.3128220054786652
1790359140.714019,1.662837981712073
1790359140.7198815,1.7644939944148064
1790359140.724505,1.4774830196984112
1790359140.7247899,2.3316029983107
1790359140.7308187,2.1247029944788665
1790359140.7330303,1.876744005130604
1790359140.757208,1.9494419975671917
1790359140.7584078,2.3571259807795286
1790359140.761556,2.2291630157269537
1790359140.7653434,17.54723599879071
1790359140.7666943,2.1926590125076473
1790359140.7735856,44.45297998609021
1790359140.774375,2.424676000373438
1790359140.7745564,15.970951993949711
1790359140.7746441,3.6249760014470667
1790359140.7776673,1.7746990197338164
1790359140.7845957,1.885191013570875
1790359140.7903805,3.2517299987375736
1790359140.790458,2.2342439915519208
1790359140.790937,1.8559130257926881
1790359140.7937334,2.386075007962063
1790359140.7951934,1.5680590004194528
1790359140.799229,1.4794279995840043
1790359140.8096101,1.7348269757349044
1790359140.8229117,2.6252350071445107
1790359140.8312573,24.5359480031766
1790359140.831448,37.17864700593054
1790359140.831604,4.1641440184321254
1790359140.8429985,2.10728999809362
1790359140.8505907,1.9629250164143741
1790359140.8669,37.00513200601563
1790359140.8681114,4.203894000966102
1790359140.868224,40.02559499349445
1790359140.8765829,2.087000000756234
1790359140.892156,1.9788469944614917
1790359140.900736,2.1303819958120584
1790359140.9017382,1.9759120186790824
1790359140.903384,1.4266999787651002
1790359140.9178429,2.0165310124866664
1790359140.949365,22.6606430078391
1790359140.9674792,50.552061991766095
1790359140.968331,18.182580010034144
1790359140.9685056,4.319681000197306
1790359140.968773,28.774853999493644
1790359140.9689667,14.238759991712868
1790359140.9735856,48.72972099110484
1790359140.9795105,1.8212069990113378
1790359140.9827752,68.29733200720511
1790359140.9856563,20.554718998027965
1790359140.986433,63.42372400104068
1790359140.986613,5.302771023707464
1790359140.990103,1.7965900187846273
1790359140.9927654,1.7036749923136085
1790359140.9948208,46.682745014550164
1790359141.0004117,44.57494799862616
1790359141.0087442,1.6515419993083924
1790359141.0183609,2.4234619922935963
1790359141.0194938,45.892549998825416
1790359141.019582,34.674395981710404
1790359141.0205643,74.07694097491913
1790359141.0228286,13.628332002554089
1790359141.022974,20.476734993280843
1790359141.023151,5.818072007969022
1790359141.0250883,1.6877019952517003
1790359141.026622,23.23428899399005
1790359141.0273607,2.258788008475676
1790359141.038144,3.2265989866573364
1790359141.0456226,2.648427995154634
1790359141.0457375,30.97139799501747
1790359141.0459602,48.69628298911266
1790359141.046554,25.848271005088463
1790359141.046974,19.59991702460684
1790359141.0552132,2.845607989002019
1790359141.079663,2.0976550003979355
1790359141.080658,44.282307993853465
1790359141.0807514,7.283793995156884
1790359141.0838466,1.7847839917521924
1790359141.0913267,1.7779999761842191
1790359141.1035516,2.3140359844546765
1790359141.1144435,22.85863901488483
1790359141.118385,3.133783000521362
1790359141.119463,1.8655369931366295
1790359141.1218102,1.795396994566545
1790359141.1268973,2.18559498898685
1790359141.1290908,12.530781998066232
1790359141.1292138,42.85826999694109
1790359141.1295807,6.093965988839045
1790359141.1309059,3.349878010340035
1790359141.135788,1.802651007892564
1790359141.1463435,2.5517260073684156
1790359141.1496782,1.950760983163491
1790359141.159232,2.5537080073263496
1790359141.1600375,2.086906984914094
1790359141.168023,25.548161007463932
1790359141.1681235,13.663273013662547
1790359141.1683254,42.649255017749965
1790359141.169981,3.7595029862131923
1790359141.18358,2.5822929746937007
1790359141.188208,2.0808920089621097
1790359141.1995707,3.4746390010695904
1790359141.2001424,4.771979991346598
1790359141.2018359,2.2482280037365854
1790359141.2053285,2.2941769857425243
1790359141.2089965,29.91020100307651
1790359141.2143621,2.5161259982269257
1790359141.220437,27.381012012483552
1790359141.2211726,3.6729959829244763
1790359141.2266824,29.830708022927865
1790359141.2277284,53.99273699731566
1790359141.228785,19.298300001537427
1790359141.2295203,11.02869599708356
1790359141.2305791,5.592686007730663
1790359141.2306643,3.9689149998594075
1790359141.2335384,2.179281000280753
1790359141.243421,3.6385850107762963
1790359141.2449882,2.3797290050424635
1790359141.2453513,26.31375499186106
1790359141.2479784,2.1452060027513653
1790359141.2566266,2.2410579840652645
1790359141.2669058,2.7888200129382312
1790359141.2670865,39.096627006074414
1790359141.2691104,1.843157020630315
1790359141.2713182,54.74126900662668
1790359141.2717986,30.4956859908998
1790359141.2733426,24.19400998041965
1790359141.2734556,8.028435986489058
1790359141.2743385,2.3483209952246398
1790359141.2878513,1.682595000602305
1790359141.29275,2.5374480173923075
1790359141.3066535,2.262512018205598
1790359141.3169827,1.8110360251739621
1790359141.3239074,33.88088900828734
1790359141.324346,2.195220993598923
1790359141.3285575,13.990528008434922
1790359141.3286562,44.90478997468017
1790359141.3319585,2.3677420103922486
1790359141.332034,1.9286659953650087
1790359141.3385162,1.9194800115656108
1790359141.3403401,1.5531100216321647
1790359141.3554509,2.58172900066711
1790359141.3619666,2.2515390010084957
1790359141.3643568,2.029152004979551
1790359141.3675215,2.8678759990725666
1790359141.3676815,2.1888289775233716
1790359141.368862,2.7696169854607433
1790359141.3761852,4.330203984864056
1790359141.376269,3.0887859757058322
1790359141.3767753,4.4308560027275234
1790359141.3788292,1.6572520253248513
1790359141.3811948,1.9381399906706065
1790359141.3899176,3.501576982671395
1790359141.4100494,34.34812801424414
1790359141.4214804,37.62028701021336
1790359141.424274,13.244938018033281
1790359141.4284272,13.750524987699464
1790359141.438821,18.674345017643645
1790359141.4403555,66.7487749888096
1790359141.4404767,38.1001639761962
1790359141.4483986,9.727336000651121
1790359141.448597,59.361214021919295
1790359141.4488137,18.95198700367473
1790359141.4503274,33.265844016568735
1790359141.451175,24.227426009019837
1790359141.4571297,21.47768798749894
1790359141.4576154,39.284294995013624
1790359141.4578793,59.62603000807576
1790359141.4580169,36.5196049970109
1790359141.4587488,27.163702994585037
1790359141.4588642,12.139904021751136
1790359141.461881,1.8970559758599848
1790359141.4712162,52.01213699183427
1790359141.4713123,19.351113005541265
1790359141.4820952,3.1178920180536807
1790359141.4822383,4.009844007669017
1790359141.483253,3.578599018510431
1790359141.484111,2.689606975764036
1790359141.4845653,2.017598017118871
1790359141.4849362,1.526968990219757
1790359141.4927006,3.5653579980134964
1790359141.4929223,3.350997983943671
1790359141.4932315,2.37004499649629
1790359141.4948242,2.848948002792895
1790359141.4975214,3.590095991967246
1790359141.4976883,3.333337983349338
1790359141.4985049,1.8161030020564795
1790359141.49858,2.2984780080150813
1790359141.5004525,1.5592000272590667
1790359141.5034575,2.486552984919399
1790359141.503808,2.0564229926094413
1790359141.505748,1.8182320054620504
1790359141.506993,1.976822008145973
1790359141.5077846,1.8018109840340912
1790359141.5092235,1.4281889889389277
1790359141.5144863,1.5577329904772341
1790359141.5165756,1.3691310014110059
1790359141.5251317,1.7260049935430288
1790359141.5318968,1.7362349899485707
1790359141.5328293,1.8454469973221421
1790359141.53467,1.8280659860465676
1790359141.537934,1.667800999712199
1790359141.5531456,1.805831998353824
1790359141.565048,1.9504670053720474
1790359141.5806885,1.7955920193344355
1790359141.591129,2.4131350219249725
1790359141.6130636,39.53408499364741
1790359141.6136422,2.135059010470286
1790359141.6202393,1.7329100228380412
1790359141.6243508,2.513865998480469
1790359141.6297853,1.7247450014110655
1790359141.6417906,1.5239259810186923
1790359141.6504025,2.2725169837940484
1790359141.6522844,1.7574059893377125
1790359141.654103,1.8045749748125672
1790359141.6580477,2.1614879951812327
1790359141.6581326,2.964321000035852
1790359141.6585917,2.0233139803167433
1790359141.6621072,1.6285109741147608
1790359141.6625588,1.446074980776757
1790359141.6692643,1.5340849931817502
1790359141.6710255,1.7509059980511665
1790359141.672804,1.5942089958116412
1790359141.683735,2.5893230049405247
1790359141.6928923,2.135150018148124
1790359141.7036076,2.1322499960660934
1790359141.7042282,2.154512010747567
1790359141.7140443,2.059014019323513
1790359141.714623,34.248519979882985
1790359141.7192168,1.8265560211148113
1790359141.7199528,24.353064014576375
1790359141.7201226,45.12138498830609
1790359141.7214413,3.5161390260327607
1790359141.7215674,16.11224000225775
1790359141.7291858,1.6565159894526005
1790359141.7352817,1.6168220026884228
1790359141.7421503,3.0318869976326823
1790359141.7555072,3.456342004938051
1790359141.7662153,4.1658249974716455
1790359141.77239,22.715158003848046
1790359141.773063,2.44385699625127
1790359141.7758975,36.07397901942022
1790359141.7778084,24.921973003074527
1790359141.7779372,47.19290498178452
1790359141.779091,5.272670998238027
1790359141.7791846,16.341303009539843
1790359141.7811868,1.787857007002458
1790359141.7853096,1.7293780110776424
1790359141.7892876,31.086463975952938
1790359141.7959158,32.09117101505399
1790359141.7975652,22.89877101429738
1790359141.7977366,56.86460898141377
1790359141.7982152,3.7363360170274973
1790359141.7986624,2.498830988770351
1790359141.8005362,1.8607829988468438
1790359141.8056028,1.92671301192604
1790359141.8334277,2.8114990273024887
1790359141.8335416,3.7657200009562075
1790359141.8354714,1.8056119733955711
1790359141.84185,1.9753919914364815
1790359141.845806,17.224482988240197
1790359141.8467958,42.12098300922662
1790359141.8468966,15.46707600937225
1790359141.8498693,2.1502519957721233
1790359141.8506658,1.7833920137491077
1790359141.8525052,1.5962110192049295
1790359141.8549795,1.5949129883665591
1790359141.8578498,2.6046769926324487
1790359141.859472,2.760414994554594
1790359141.8601406,1.919985981658101
1790359141.866689,1.6009059909265488
1790359141.8708687,1.677972002653405
1790359141.8813524,2.1820059919264168
1790359141.8831992,2.6774310099426657
1790359141.8885949,1.9705259765032679
1790359141.8893518,2.019006002228707
1790359141.899851,39.05220699380152
1790359141.9000852,26.71549000660889
1790359141.900244,18.75158498296514
1790359141.9013128,45.33572800573893
1790359141.901511,7.863103004638106
1790359141.904954,1.8059680005535483
1790359141.9065928,1.6267419850919396
1790359141.910264,1.656102016568184
1790359141.9120383,1.7620400176383555
1790359141.9244177,23.028241004794836
1790359141.9248812,16.992471006233245
1790359141.9304657,2.3165849852375686
1790359141.9312668,1.9282889843452722
1790359141.9379866,48.563590011326596
1790359141.9389846,16.145132016390562
1790359141.939479,7.31164900935255
1790359141.9406602,1.8377839878667146
1790359141.9462104,2.447716979077086
1790359141.9469538,2.482698007952422
1790359141.9474618,2.259780972963199
1790359141.9514842,2.7077489939983934
1790359141.9515755,2.717310009757057
1790359141.9549701,1.661593996686861
1790359141.9583423,1.4639559958595783
1790359141.969927,1.9144379766657948
1790359141.978058,2.5254840147681534
1790359141.982513,2.2781509906053543
1790359141.995196,3.0205970106180757
1790359141.9981272,1.9918430189136416
1790359142.0106506,3.519919002428651
1790359142.0107698,2.8172180172987282
1790359142.0142002,30.024198989849538
1790359142.0143182,39.50136000639759
1790359142.019328,15.549651987385005
1790359142.0194206,50.6106220127549
1790359142.0255277,1.8886799807660282
1790359142.036931,3.1184229883365333
1790359142.0383039,2.7684950036928058
1790359142.0414171,1.7900579841807485
1790359142.0467124,1.9785470212809741
1790359142.047437,1.8988710071425885
1790359142.0562615,1.8490170186851174
1790359142.0593944,2.0434180041775107
1790359142.0643232,2.176293986849487
1790359142.073383,2.0361370116006583
1790359142.0769944,2.155822003260255
1790359142.0887778,2.0938959787599742
1790359142.0943785,2.0519690006040037
1790359142.099956,2.5156280025839806
1790359142.1018708,1.8999020103365183
1790359142.1058686,2.88985698716715
1790359142.105991,3.1767110049258918
1790359142.1109056,2.2910490224603564
1790359142.1168482,4.077924008015543
1790359142.117203,4.293784993933514
1790359142.1172829,2.599775994895026
1790359142.1193223,1.8027229816652834
1790359142.124522,2.4209450057242066
1790359142.1378775,2.0048519945703447
1790359142.1389294,1.8440409912727773
1790359142.1447332,1.75860698800534
1790359142.1462758,2.7210749976802617
1790359142.1483934,1.577370974700898
1790359142.1640503,18.417636019876227
1790359142.1641674,23.17074401071295
1790359142.1680527,2.7306190168019384
1790359142.1775458,4.056244011735544
1790359142.17852,2.727676008362323
1790359142.1854649,52.190150978276506
1790359142.185587,15.862583997659385
1790359142.1962438,5.156960018211976
1790359142.220189,27.904727990971878
1790359142.2228942,23.443395009962842
1790359142.2331839,18.748946982668713
1790359142.2344563,11.07520199730061
1790359142.2346265,59.95163301122375
1790359142.251122,26.776896993396804
1790359142.251648,58.168775984086096
1790359142.252794,36.939521989552304
1790359142.2535174,39.74707602174021
1790359142.253604,5.196173005970195
1790359142.2537668,6.279445980908349
1790359142.2562034,1.8622559728100896
1790359142.2607265,2.008793002460152
1790359142.2692509,2.5189729931298643
1790359142.269339,3.343449003295973
1790359142.2738333,52.7542479976546
1790359142.2749562,38.57752200565301
1790359142.2768273,24.017965013626963
1790359142.2774086,64.44784099585377
1790359142.2788422,15.95938199898228
1790359142.2793968,6.344763009110466
1790359142.2796292,8.731790003366768
1790359142.279921,5.67660600063391
1790359142.2816758,4.831302008824423
1790359142.2820227,2.3800110211595893
1790359142.2825549,1.9008279778063297
1790359142.2905269,2.207356010330841
1790359142.30648,2.1393780189100653
1790359142.3151765,2.3621320142410696
1790359142.3400927,37.25170899997465
1790359142.3412426,44.987257017055526
1790359142.34134,26.144121977267787
1790359142.3445983,1.751322008203715
1790359142.3473477,1.6153059841599315
1790359142.3485065,2.106895000906661
1790359142.350057,2.0106820156797767
1790359142.3518546,2.2684620053041726
1790359142.3528705,1.9056840101256967
1790359142.352937,2.453366992995143
1790359142.3699746,1.6342960007023066
1790359142.3722544,1.8790790054481477
1790359142.3730226,2.021009015152231
1790359142.3781345,2.7556119894143194
1790359142.3800042,2.703322999877855
1790359142.3927517,2.8725290030706674
1790359142.3942208,2.546792005887255
1790359142.40027,20.803799998247996
1790359142.4073799,2.3945750144775957
1790359142.4122913,2.5534640008118004
1790359142.417141,20.028184982948005
1790359142.4226,2.2425539791584015
1790359142.4278235,2.775820001261309
1790359142.4283822,12.536879978142679
1790359142.4285145,51.81388297933154
1790359142.435328,2.5715239753481
1790359142.4354317,3.442664019530639
1790359142.4388304,2.8771469951607287
1790359142.4442582,3.6609339877031744
1790359142.4450326,2.4835820076987147
1790359142.455246,2.939616999356076
1790359142.4601498,3.103463997831568
1790359142.4633164,2.7430079935584217
1790359142.4703743,28.916915995068848
1790359142.4831984,2.6719560264609754
1790359142.490199,34.43205502117053
1790359142.4911096,54.899096983717754
1790359142.4911957,15.635476011084393
1790359142.510378,2.9187690233811736
1790359142.5127451,2.34709499636665
1790359142.5366607,2.8907560044899583
1790359142.5424132,25.13907800312154
1790359142.543142,57.44758900254965
1790359142.5432603,7.885639002779499
1790359142.5506127,5.367214005673304
1790359142.550728,4.64528298471123
1790359142.5511818,3.189542010659352
1790359142.5576005,4.345833993284032
1790359142.558048,29.54123300150968
1790359142.564822,2.7307679993100464
1790359142.5707755,23.53702299296856
1790359142.5780492,18.479752994608134
1790359142.5786128,9.413116000359878
1790359142.58234,42.21942299045622
1790359142.5827475,27.528673002962023
1790359142.5836456,4.628855007467791
1790359142.5926101,24.974085012217984
1790359142.5968015,68.44749100855552
1790359142.5975015,10.91261999681592
1790359142.606831,2.8278020035941154
1790359142.6179914,2.5939230108633637
1790359142.621542,18.671033991267905
1790359142.6255884,24.289071996463463
1790359142.6267967,17.537195002660155
1790359142.6270902,70.18270500702783
1790359142.6283178,2.7131320093758404
1790359142.6323602,3.0664379883091897
1790359142.6335206,2.5805149925872684
1790359142.6440144,29.842801013728604
1790359142.646859,18.520956014981493
1790359142.6478949,65.40545000461861
1790359142.6480281,13.53069901233539
1790359142.6587079,2.8930410044267774
1790359142.6630948,2.716935006901622
1790359142.6679497,18.699302978347987
1790359142.6795325,2.974292990984395
1790359142.6829746,2.599409024696797
1790359142.6843624,20.31865401659161
1790359142.6901095,2.5904399808496237
1790359142.690644,2.269407006679103
1790359142.7043598,2.393583010416478
1790359142.7053726,2.1810419857501984
1790359142.7098937,3.0349929875228554
1790359142.7103949,24.86752299591899
1790359142.712787,12.503421021392569
1790359142.7147243,8.75513898790814
1790359142.715909,65.70559798274189
1790359142.716036,4.8095560050569475
1790359142.71723,5.419568013167009
1790359142.7182465,4.343839013017714
1790359142.7183347,7.924921024823561
1790359142.7186792,2.35041999258101
1790359142.735359,2.373707015067339
1790359142.7421513,3.2211230136454105
1790359142.7490163,2.9902189853601158
1790359142.7558992,4.64767700759694
1790359142.7572703,3.7321829877328128
1790359142.7591166,2.6766259979922324
1790359142.7612967,31.83476801495999
1790359142.7720208,29.109665978467092
1790359142.7767344,2.59991898201406
1790359142.78384,31.408309005200863
1790359142.7849388,59.865146002266556
1790359142.7856543,22.453816985944286
1790359142.7857792,10.167681990424171
1790359142.7892978,3.0471500067505985
1790359142.790774,2.6149339973926544
1790359142.7987194,2.8267809830140322
1790359142.7988498,3.890377003699541
1790359142.8193676,48.44800700084306
1790359142.8196902,60.48052999540232
1790359142.8197718,38.01913000643253
1790359142.8198667,30.292977986391634
1790359142.8248458,2.680140984011814
1790359142.8290465,3.1068349780980498
1790359142.8298316,2.866747003281489
1790359142.8402393,3.8169659965205938
1790359142.8404253,4.1799550235737115
1790359142.8405256,2.7530389779713005
1790359142.8444455,3.004286001669243
1790359142.8446555,3.959185996791348
1790359142.8521419,2.527036005631089
1790359142.8611767,2.98125998233445
1790359142.8721187,4.6719810052309185
1790359142.8800726,2.7482800069265068
1790359142.8842223,23.25335200293921
1790359142.88783,22.029866027878597
1790359142.8980608,28.21468299953267
1790359142.9046032,36.18348701274954
1790359142.9065433,25.235667009837925
1790359142.9066832,63.965661014663056
1790359142.9205036,20.46417200472206
1790359142.9214463,35.733169002924114
1790359142.9284153,14.311173028545454
1790359142.928528,36.46439901785925
1790359142.9550016,14.155779994325712
1790359142.968856,37.3841340187937
1790359142.9710162,64.61101098102517
1790359142.9714296,86.3677579909563
1790359142.972274,47.77752299560234
1790359142.9742134,14.51049599563703
1790359142.9747863,108.03445699275471
1790359142.9757104,76.86578799621202
1790359142.9778345,33.46906800288707
1790359142.9995005,60.23264501709491
1790359142.9998674,35.47137798159383
1790359143.002342,33.46578200580552
1790359143.009814,37.52144699683413
1790359143.0218265,55.43917999602854
1790359143.0225236,69.2920699948445
1790359143.0226362,36.36351600289345
1790359143.0278172,30.82113800337538
1790359143.0285861,93.99808899615891
1790359143.0291436,41.96566098835319
1790359143.0358412,32.41929100477137
1790359143.037525,135.27027098461986
1790359143.0445845,8.723362028831616
1790359143.0448205,19.519768975442275
1790359143.0449219,78.40780797414482
1790359143.0476968,5.255820986349136
1790359143.0495923,32.60747098829597
1790359143.054313,62.785177025943995
1790359143.0618253,2.734698005951941
1790359143.0699883,65.72190800216049
1790359143.0721848,42.45343297952786
1790359143.0726516,84.18878001975827
1790359143.0729554,34.15588301140815
1790359143.0750465,26.775167003506795
1790359143.0751863,9.503139997832477
1790359143.0827732,47.95349499909207
1790359143.0922985,52.32915602391586
1790359143.0933878,77.93714999570511
1790359143.0941486,43.4064980072435
1790359143.09427,25.25058700121008
1790359143.098163,2.346985012991354
1790359143.0990546,2.1352590119931847
1790359143.1077735,2.8845590131822973
1790359143.1270585,3.1094549922272563
1790359143.1321626,4.237069020746276
1790359143.1323009,3.530211979523301
1790359143.134503,39.63436101912521
1790359143.1366916,6.1057589773554355
1790359143.1367962,9.71998501336202
1790359143.1369007,53.938305005431175
1790359143.1369963,33.05309597635642
1790359143.1378872,3.22529100230895
1790359143.140698,2.2093929874245077
1790359143.1516926,2.082944003632292
1790359143.1599655,2.557283005444333
1790359143.1674004,3.1129730050452054
1790359143.1733994,3.5595030058175325
1790359143.1747243,4.071786999702454
1790359143.1760423,1.9822339818347245
1790359143.1849716,2.417115989373997
1790359143.194781,2.954721014248207
1790359143.1955996,30.34044199739583
1790359143.1966572,44.49722802382894
1790359143.1968663,25.016426981892437
1790359143.19699,6.28391100326553
1790359143.1977055,12.067175004631281
1790359143.199871,55.81433599581942
1790359143.200466,5.666973011102527
1790359143.2243583,4.9293889896944165
1790359143.226038,2.44203899637796
1790359143.2321544,23.34851899649948
1790359143.236262,21.480472991243005
1790359143.237702,2.4676829925738275
1790359143.2495337,28.70491100475192
1790359143.2512562,2.5620380183681846
1790359143.2591755,37.495424010558054
1790359143.261467,63.47624599584378
1790359143.261889,16.0145609988831
1790359143.261992,27.683769003488123
1790359143.263225,36.809207987971604
1790359143.2638838,10.817912989296019
1790359143.2642028,66.41519197728485
1790359143.2690494,27.14502500020899
1790359143.274315,22.405653988244012
1790359143.2748954,3.4424800251144916
1790359143.2871356,3.671291982755065
1790359143.3002238,2.3951909970492125
1790359143.3032374,35.24389801896177
1790359143.3114007,51.410178013611585
1790359143.3117359,39.14493799675256
1790359143.3134296,35.80043200054206
1790359143.3136158,58.392444014316425
1790359143.3138916,12.109825009247288
1790359143.3144605,24.33643999393098
1790359143.3149,5.174497026018798
1790359143.3173072,2.1412610076367855
1790359143.3247237,3.247882006689906
1790359143.3261743,2.6775709993671626
1790359143.326716,35.440375009784475
1790359143.3288112,71.70987900462933
1790359143.3290174,10.378345003118739
1790359143.3291311,20.17760998569429
1790359143.3348594,2.475476998370141
1790359143.3410614,1.9874150166288018
1790359143.341681,1.7483209958299994
1790359143.3458474,2.063349005766213
1790359143.3469324,2.369335008552298
1790359143.3531702,2.653415023814887
1790359143.3545074,2.4285510007757694
1790359143.3577027,1.8570329993963242
1790359143.360769,1.8987720250152051
1790359143.3710701,2.359436999540776
1790359143.3825102,28.979057999094948
1790359143.3933735,26.6545639897231
1790359143.395075,46.74166199401952
1790359143.39519,22.413753002183512
1790359143.403285,35.57680800440721
1790359143.4082599,1.975011982722208
1790359143.408727,16.318962996592745
1790359143.4117966,2.157829003408551
1790359143.4129872,48.618950007949024
1790359143.422785,2.124517021002248
1790359143.4238746,2.192685002228245
1790359143.4325666,2.0136400125920773
1790359143.4371512,1.881012984085828
1790359143.4418988,1.793984993128106
1790359143.4678128,2.155358000891283
1790359143.477341,2.1596309961751103
1790359143.485457,2.172381995478645
1790359143.4893765,2.2367120254784822
1790359143.4926507,2.389120025327429
1790359143.494556,1.8591999833006412
1790359143.5016234,2.77970900060609
1790359143.5120301,2.48148399987258
1790359143.5131376,2.1275479812175035
1790359143.5142424,1.9664109859149903
1790359143.5187504,1.9244790019001812
1790359143.5215197,1.7113480134867132
1790359143.5268736,1.6797719872556627
1790359143.5284224,1.4356140163727105
1790359143.5418487,1.837247982621193
1790359143.5455215,2.659052988747135
1790359143.5456119,2.1813040075358003
1790359143.546182,1.52193199028261
1790359143.5537367,1.8242670048493892
1790359143.5671456,3.0608430097345263
1790359143.5867186,17.268212017370388
1790359143.5990646,33.087054995121434
1790359143.610749,12.674154015257955
1790359143.6165247,48.93274398637004
1790359143.6191862,3.724494978087023
1790359143.6192808,54.33937199995853
1790359143.6216989,1.5811159973964095
1790359143.641209,35.71109700715169
1790359143.641318,83.78470400930382
1790359143.6583745,34.634542011190206
1790359143.6584706,82.17387201148085
1790359143.6601436,28.731783997500315
1790359143.6673646,3.5709390067495406
1790359143.68215,54.15208399062976
1790359143.6827998,16.631503007374704
1790359143.6829262,23.78293700166978
1790359143.6830566,17.850244010332972
1790359143.6831503,55.867785995360464
1790359143.6909354,1.8799359968397766
1790359143.6984544,2.052885014563799
1790359143.6985216,2.83124198904261
1790359143.718049,2.0420669752638787
1790359143.722748,2.4368589802179486
1790359143.7229257,19.30360999540426
1790359143.729131,1.6892630083020777
1790359143.739556,2.513799990992993
1790359143.7464225,25.03555000294
1790359143.7470913,48.4482680039946
1790359143.747173,8.931397984270006
1790359143.747596,4.006176983239129
1790359143.7476737,3.4073980059474707
1790359143.7497492,1.4752580027561635
1790359143.7546217,1.5318150108214468
1790359143.7620475,1.7646799969952554
1790359143.7626588,1.4916579821147025
1790359143.7864492,1.7383240046910942
1790359143.7950964,1.9742139847949147
1790359143.798995,1.5459809801541269
1790359143.8061512,3.0010800110176206
1790359143.8064127,2.7474850066937506
1790359143.8086793,2.256915991893038
1790359143.8091333,3.55003698496148
1790359143.8129978,1.9825949857477099
1790359143.8150144,1.5252819866873324
1790359143.823324,22.711672994773835
1790359143.830154,1.86972800293006
1790359143.8305323,1.5985860081855208
1790359143.8340576,29.71252001589164
1790359143.834148,2.1164130012039095
1790359143.8345773,40.31087999464944
1790359143.8346875,27.205627993680537
1790359143.8347533,7.209228002466261
1790359143.8350685,4.514797998126596
1790359143.8445058,2.752483997028321
1790359143.8446257,2.775729983113706
1790359143.8551133,1.7037250217981637
1790359143.856948,1.6036390152294189
1790359143.8576472,1.464158995077014
1790359143.860896,1.6148670110851526
1790359143.8649817,2.417356998194009
1790359143.8650694,1.889857987407595
1790359143.8695629,1.5860100102145225
1790359143.8879547,1.5325400163419545
1790359143.890684,1.7804859962780029
1790359143.8936582,1.7597220139577985
1790359143.9002063,1.6611549945082515
1790359143.9033828,2.387938991887495
1790359143.9044724,2.056577999610454
1790359143.9229832,33.166437002364546
1790359143.92314,22.757789993193
1790359143.9241242,18.979293992742896
1790359143.9242253,40.19960400182754
1790359143.927371,2.478134003467858
1790359143.9276812,2.054843003861606
1790359143.9343288,1.7954079958144575
1790359143.9377272,2.9711670067626983
1790359143.937929,2.4694759922567755
1790359143.9384768,1.9210430036764592
1790359143.9397779,1.2921640009153634
1790359143.9497893,1.6429820097982883
1790359143.96852,2.006969996728003
1790359143.9748383,1.8671180005185306
1790359143.977446,2.1582490007858723
1790359143.9785392,2.1133359987288713
1790359143.996026,2.143812016583979
1790359143.9963362,1.776985009200871
1790359143.9992435,1.5644219820387661
1790359144.0025616,2.6748259842861444
1790359144.0026984,2.196248999098316
1790359144.0029805,1.661968999542296
1790359144.0049534,1.5974739799275994
1790359144.0154395,1.8381780246272683
1790359144.0222282,2.9583839932456613
1790359144.0414026,2.444490004563704
1790359144.0478456,1.716823986498639
1790359144.0520256,28.436749998945743
1790359144.054229,1.799446006771177
1790359144.057822,10.791362001327798
1790359144.06535,1.5901800070423633
1790359144.06679,33.47530399332754
1790359144.068845,25.587473006453365
1790359144.0692482,48.611974983941764
1790359144.0696297,24.675167980603874
1790359144.070665,48.97125801653601
1790359144.0712242,3.6913270014338195
1790359144.0714078,21.813380997627974
1790359144.0715914,13.617267017252743
1790359144.0716922,11.892117996467277
1790359144.0765522,1.6918049950618297
1790359144.0796137,2.0346429955679923
1790359144.080707,1.5436940011568367
1790359144.08589,1.5316299977712333
1790359144.1020427,1.7811790166888386
1790359144.103428,1.3628440210595727
1790359144.1091878,1.8894439854193479
1790359144.1092725,2.6243579923175275
1790359144.1173284,1.6183040279429406
1790359144.1202114,1.3884459913242608
1790359144.1233683,1.7707170045468956
1790359144.1273925,1.4617420092690736
1790359144.1288009,1.3954080059193075
1790359144.1415992,1.7201759910676628
1790359144.1520174,1.5040569996926934
1790359144.1553845,1.7914439958985895
1790359144.1686656,1.5550540119875222
1790359144.1703393,1.5931380039546639
1790359144.177314,1.6216569929383695
1790359144.179606,1.5868530026637018
1790359144.1814284,1.7993400106206536
1790359144.1847749,1.4711050025653094
1790359144.1912687,2.1036599937360734
1790359144.198134,1.8116309947799891
1790359144.2044063,1.7934549832716584
1790359144.2118738,2.4785360146779567
1790359144.217557,28.997927001910284
1790359144.2217855,21.44192301784642
1790359144.2222743,41.60393899655901
1790359144.2327018,1.849963009590283
1790359144.252861,11.399748997064307
1790359144.2530408,43.03708899533376
1790359144.2547312,39.543828985188156
1790359144.257473,1.7134009976871312
1790359144.2894375,20.919764996506274
1790359144.2908552,46.32196098100394
1790359144.290998,3.1514820002485067
1790359144.2920501,2.0226739870849997
1790359144.2985322,1.985070004593581
1790359144.3091712,1.8416539824102074
1790359144.3099322,38.242292997892946
1790359144.3127043,20.360960974358022
1790359144.3129485,8.703354018507525
1790359144.3133068,53.96270001074299
1790359144.3139768,3.859991003992036
1790359144.3182664,2.268514013849199
1790359144.31836,1.7933379858732224
1790359144.3229985,1.5830170013941824
1790359144.3272898,31.28631698200479
1790359144.3292348,1.9325749890413135
1790359144.3335962,1.776041986886412
1790359144.3371637,25.822658994002268
1790359144.3374624,31.756887008668855
1790359144.3381243,17.784255993319675
1790359144.3389843,3.2647779735270888
1790359144.3391209,9.452364989556372
1790359144.3392045,6.8296380050014704
1790359144.3392766,46.06981499819085
1790359144.3434222,3.5737899888772517
1790359144.343537,2.6122750132344663
1790359144.3442194,2.291269018314779
1790359144.352884,22.790987015469
1790359144.3599305,1.9586440175771713
1790359144.3643684,30.65206899191253
1790359144.3644304,2.447904000291601
1790359144.3703005,29.886492993682623
1790359144.3712082,7.878159987740219
1790359144.3713434,44.91070899530314
1790359144.3721433,5.3478030022233725
1790359144.3734221,23.01717398222536
1790359144.3734913,5.605395999737084
1790359144.3736362,3.7503450002986938
1790359144.3736992,5.897805007407442
1790359144.3888865,1.803663995815441
1790359144.39698,1.4259080053307116
1790359144.4115717,2.956700016511604
1790359144.411884,2.7570920065045357
1790359144.4119425,2.182747994083911
1790359144.4244645,1.5960349992383271
1790359144.4281116,1.3209860189817846
1790359144.4313335,1.5647120017092675
1790359144.4398005,1.6472639981657267
1790359144.4427648,1.9544579845387489
1790359144.4475427,1.543306017993018
1790359144.451915,1.8782980041578412
1790359144.4637196,27.707092987839133
1790359144.4647307,1.7328699759673327
1790359144.468246,42.316339997341856
1790359144.4685404,15.083670994499698
1790359144.4687014,27.04735699808225
1790359144.4694724,3.0386789876502007
1790359144.471373,1.718760991934687
1790359144.4766111,3.5164880100637674
1790359144.477553,2.0977900130674243
1790359144.4776196,3.5936320200562477
1790359144.4813259,1.5463810123037547
1790359144.4905975,1.9144719990435988
1790359144.4906862,2.6068540173582733
1790359144.5037663,1.8335810163989663
1790359144.5101717,39.698705018963665
1790359144.5107794,3.143571986583993
1790359144.5119922,1.8088789947796613
1790359144.5121145,37.25483699236065
1790359144.5139666,28.420762973837554
1790359144.514689,45.71043502073735
1790359144.5149183,6.436567986384034
1790359144.5150917,14.81090800371021
1790359144.5157492,3.234113013604656
1790359144.5167136,2.7354249905329198
1790359144.518206,2.4448259791824967
1790359144.51906,1.673599996138364
1790359144.519945,3.0251379939727485
1790359144.528583,1.862258999608457
1790359144.5286539,2.442962024360895
1790359144.5318193,1.5099119918886572
1790359144.5371785,1.8244560051243752
1790359144.5572927,2.151560998754576
1790359144.5586264,33.185218984726816
1790359144.5595574,30.33750699250959
1790359144.5597048,40.425529005005956
1790359144.5603173,19.580826978199184
1790359144.560381,3.9987610070966184
1790359144.5668342,22.71395400748588
1790359144.5681255,2.091339003527537
1790359144.569463,2.408453990938142
1790359144.5722091,1.8014110100921243
1790359144.5792534,1.6534650058019906
1790359144.5809138,43.68823900585994
1790359144.581309,16.578367998590693
1790359144.5814946,12.902871007099748
1790359144.5818303,2.1976970019750297
1790359144.5850878,1.8495519761927426
1790359144.585502,1.6836980066727847
1790359144.5881624,1.4486279978882521
1790359144.5913117,1.9668220193125308
1790359144.5926208,1.8801509868353605
1790359144.5996885,1.4189840003382415
1790359144.615909,3.2750600075814873
1790359144.6159818,2.5444499915465713
1790359144.6203291,1.4539100229740143
1790359144.6263614,14.344302995596081
1790359144.6264565,34.61722200154327
1790359144.6270025,13.135177025105804
1790359144.6297653,1.6036790038924664
1790359144.6377504,1.9339490099810064
1790359144.6572773,36.764728982234374
1790359144.6610188,1.9561340159270912
1790359144.674342,2.0056300272699445
1790359144.6792872,19.161000003805384
1790359144.679392,44.852721999632195
1790359144.6816216,19.426942977588624
1790359144.681769,40.127410989953205
1790359144.6828141,2.2895190049894154
1790359144.684447,1.4668380026705563
1790359144.6903212,2.7077110134996474
1790359144.6903865,2.2391920210793614
1790359144.6907218,1.3965159887447953
1790359144.6975567,1.6832929977681488
1790359144.7001488,1.3950760185252875
1790359144.7046595,2.3690400121267885
1790359144.7047386,2.888648974476382
1790359144.705169,2.1196029847487807
1790359144.7095697,1.536874013254419
1790359144.7107987,1.8962830072268844
1790359144.7201772,1.5659999917261302
1790359144.7224731,1.7825760005507618
1790359144.7386181,1.9178600050508976
1790359144.7547855,2.4095750122796744
1790359144.7580822,38.64904202055186
1790359144.7582712,33.33962199394591
1790359144.7588224,2.299363986821845
1790359144.7729757,2.023034990997985
1790359144.7908456,2.1520740119740367
1790359144.790945,2.970684989122674
1790359144.7925467,1.4703450142405927
1790359144.8008158,1.8868640181608498
1790359144.8103995,2.733199013164267
1790359144.811777,1.9264470029156655
1790359144.8146298,1.5326499997172505
1790359144.8181236,1.4920840039849281
1790359144.8272092,37.61029400629923
1790359144.8281028,25.19150701118633
1790359144.8293805,4.0955860167741776
1790359144.8294752,17.00193400029093
1790359144.8296354,43.08306399616413
1790359144.8402503,1.6372899990528822
1790359144.8491433,1.605697994818911
1790359144.8566034,1.5846730093471706
1790359144.859552,22.432260011555627
1790359144.870785,32.649494998622686
1790359144.870863,7.013937982264906
1790359144.8709435,19.93398999911733
1790359144.8710093,29.82306099147536
1790359144.87107,14.454282994847745
1790359144.8718858,44.507603015517816
1790359144.8723023,49.01729300036095
1790359144.8726432,27.385038003558293
1790359144.873215,21.171683009015396
1790359144.8738406,9.259626007406041
1790359144.8739526,13.341045007109642
1790359144.8743374,4.0422230085823685
1790359144.8814218,1.879105984698981
1790359144.8876493,1.6622350085526705
1790359144.901352,1.7617249977774918
1790359144.907414,36.168292979709804
1790359144.9076161,42.138596996665
1790359144.908715,10.853343002963811
1790359144.9099228,4.005647002486512
1790359144.9118848,2.6508129958529025
1790359144.9152489,2.959374018246308
1790359144.9161062,2.563610003562644
1790359144.9220831,1.6255849914159626
1790359144.9268906,2.584403002401814
1790359144.9348073,1.7314889992121607
1790359144.9378443,27.009843004634604
1790359144.9385374,1.6159990045707673
1790359144.942716,28.59957900363952
1790359144.945546,2.4654890003148466
1790359144.9461813,2.4801469990052283
1790359144.9492626,1.4185899926815182
1790359144.950686,19.682279002154246
1790359144.9516854,43.830336013343185
1790359144.952985,7.428465003613383
1790359144.9531035,13.599408994195983
1790359144.9537184,2.8884630009997636
1790359144.962815,2.009684016229585
1790359144.9755638,2.5288499891757965
1790359144.9764168,2.2975040192250162
1790359144.9907765,3.8294379774015397
1790359144.9937277,16.666284995153546
1790359144.9938018,27.03515801113099
1790359144.993933,4.267779993824661
1790359144.9940438,41.992326005129144
1790359145.0009465,1.6395400161854923
1790359145.004956,1.3754679821431637
1790359145.0077438,3.4294890065211803
1790359145.0087564,2.425633982056752
1790359145.0089011,3.441334003582597
1790359145.0092928,2.2580600052606314
1790359145.021866,1.6230510082095861
1790359145.0235367,2.550079982029274
1790359145.0262852,2.716906019486487
1790359145.0266213,1.6137950005941093
1790359145.0280733,1.443391985958442
1790359145.0469222,2.7274980093352497
1790359145.047909,1.7906420107465237
1790359145.0674083,1.761660008924082
1790359145.0687485,1.3297749974299222
1790359145.070854,1.2507490173447877
1790359145.077846,4.69142000656575
1790359145.0779128,5.692406004527584
1790359145.0792139,5.303910002112389
1790359145.0798109,5.059443996287882
1790359145.0799286,2.6557419914752245
1790359145.0800025,3.5616940003819764
1790359145.083365,1.594032975845039
1790359145.0983043,3.498186997603625
1790359145.0993118,3.406429023016244
1790359145.0998013,2.005443995585665
1790359145.1023757,1.7243530019186437
1790359145.1184423,2.0570960186887532
1790359145.1192377,1.840470009483397
1790359145.125407,28.85202900506556
1790359145.1287615,1.7944010032806545
1790359145.1306062,23.96513501298614
1790359145.1350474,1.468724018195644
1790359145.1405978,51.62091800593771
1790359145.1420534,19.04906300478615
1790359145.1423087,10.393099015345797
1790359145.1423998,4.234442982124165
1790359145.1515338,2.8017569857183844
1790359145.15239,2.497434994438663
1790359145.1605883,36.82965599000454
1790359145.1651604,32.40873702452518
1790359145.1658447,45.38530099671334
1790359145.1668224,3.9154369733296335
1790359145.1669059,25.791633990593255
1790359145.171674,3.5721279855351895
1790359145.1718066,3.0110999941825867
1790359145.18584,2.0986000017728657
1790359145.1911924,27.56468000006862
1790359145.1913157,40.26427699136548
1790359145.1913917,21.619336010189727
1790359145.1950963,1.5213109727483243
1790359145.1968646,1.4479640231002122
1790359145.2046216,2.2201319807209074
1790359145.2225757,3.2026850094553083
1790359145.22767,1.8015880195889622
1790359145.232062,2.423669007839635
1790359145.236563,39.58740699454211
1790359145.2373714,44.33332401094958
1790359145.2375636,15.663071011658758
1790359145.2376578,7.230937015265226
1790359145.2394183,1.606668985914439
1790359145.2660918,1.710167998680845
1790359145.2681684,1.47447400377132
1790359145.2708943,2.3324790236074477
1790359145.2791245,1.9992150191683322
1790359145.281491,1.592621993040666
1790359145.287569,1.7387330008205026
1790359145.2973878,1.7016729980241507
1790359145.3043263,2.2165729897096753
1790359145.3110197,12.105478992452845
1790359145.3111534,41.735861013876274
1790359145.3112476,26.931958011118695
1790359145.3157105,1.982752000913024
1790359145.3160036,1.6537430055905133
1790359145.341461,2.1969789813738316
1790359145.3597963,21.260349021758884
1790359145.363453,43.93140398315154
1790359145.3666453,15.00221699825488
1790359145.3672829,48.43375500058755
1790359145.3688028,2.86717401468195
1790359145.3911848,16.531186003703624
1790359145.3912923,38.07905697613023
1790359145.3919191,55.12103499495424
1790359145.3941112,14.478469995083287
1790359145.3945837,32.065931998658925
1790359145.394669,3.6365010018926114
1790359145.3947637,54.33782999170944
1790359145.397666,1.6306870093103498
1790359145.4135327,26.97520999936387
1790359145.4154894,15.112103021238
1790359145.4156146,43.64395499578677
1790359145.4205003,2.4645210069138557
1790359145.421989,2.5098009791690856
1790359145.42607,1.801501988666132
1790359145.4363317,2.0656839769799262
1790359145.4459827,31.16306199808605
1790359145.4464362,25.407187989912927
1790359145.4469419,47.435150016099215
1790359145.4470296,6.990135996602476
1790359145.46277,1.9834470003843307
1790359145.4742317,32.57845499319956
1790359145.4792583,45.769613003358245
1790359145.4798856,6.747114995960146
1790359145.4901621,33.104697009548545
1790359145.4912643,2.3186949838418514
1790359145.5019588,50.07757100975141
1790359145.5027516,21.119697019457817
1790359145.503197,10.962354979710653
1790359145.503346,3.8563380076084286
1790359145.5181146,30.004380008904263
1790359145.524308,24.946106015704572
1790359145.5500207,28.914652997627854
1790359145.5626833,30.13999600079842
1790359145.5627863,55.031647003488615
1790359145.5654032,13.952879002317786
1790359145.565684,5.5841790162958205
1790359145.5747623,38.96346298279241
1790359145.57601,11.488224990898743
1790359145.5761235,22.18207501573488
1790359145.576559,53.19460600730963
1790359145.585383,74.13045800058171
1790359145.5931108,108.3152650098782
1790359145.5983484,48.30593999940902
1790359145.598475,85.86272699176334
1790359145.600313,40.32153499429114
1790359145.601516,23.03969400236383
1790359145.6019344,21.55628098989837
1790359145.6153266,31.377047998830676
1790359145.6156821,41.89155899803154
1790359145.621187,14.306149998446926
1790359145.6259584,8.772155008045956
1790359145.6260965,22.941728006117046
1790359145.6262155,54.8237320035696
1790359145.629992,2.582041983259842
1790359145.6494672,62.70700701861642
1790359145.651435,33.387692004907876
1790359145.6515586,57.973476010374725
1790359145.6516552,19.798708002781495
1790359145.6653361,97.85862301941961
1790359145.6654642,54.61609401390888
1790359145.6743038,54.501542006619275
1790359145.6791406,80.15903498744592
1790359145.6832333,26.314956980058923
1790359145.6847324,30.30191399739124
1790359145.6849132,18.57020298484713
1790359145.698556,54.895143024623394
1790359145.7041552,28.77828199416399
1790359145.7062047,35.22628400241956
1790359145.7070785,54.635584994684905
1790359145.7116065,34.50855499249883
1790359145.716025,50.410243013175204
1790359145.7168307,33.25113400933333
1790359145.7204819,38.25725900242105
1790359145.7282495,83.73522700276226
1790359145.728628,74.9046879936941
1790359145.7288966,48.2906749821268
1790359145.73032,58.048606995726004
1790359145.7313106,45.422445982694626
1790359145.7316904,27.326104987878352
1790359145.7328453,33.24132601846941
1790359145.7331219,10.741317004431039
1790359145.733567,3.229397989343852
1790359145.7400272,1.882620999822393
1790359145.743228,35.80335099832155
1790359145.744743,10.159002005821094
1790359145.7454433,5.084370990516618
1790359145.74596,69.7942060069181
1790359145.746058,20.425461989361793
1790359145.7476907,2.2331380168907344
1790359145.7525327,2.376346994424239
1790359145.755892,2.2377010027412325
1790359145.7561526,52.8635960072279
1790359145.7562785,46.8780719966162
1790359145.758843,29.930694989161566
1790359145.7604537,18.783075007377192
1790359145.7608652,66.53094000648707
1790359145.7609832,9.81664500432089
1790359145.7613146,4.895764985121787
1790359145.7614305,25.462630990659818
1790359145.761533,4.403981001814827
1790359145.7735298,2.586095011793077
1790359145.773931,3.7038990121800452
1790359145.774966,1.920245005749166
1790359145.7900882,1.8867480102926493
1790359145.7909925,1.8605399818625301
1790359145.8196309,43.36305600008927
1790359145.82518,29.00940499966964
1790359145.8306835,53.74462099280208
1790359145.8463645,27.499785006511956
1790359145.8571928,50.59054697630927
1790359145.8572772,10.769596003228799
1790359145.8613207,49.78469799971208
1790359145.8674731,53.984152007615194
1790359145.8700688,1.7171440122183412
1790359145.877611,75.42251999257132
1790359145.8827486,56.91565902088769
1790359145.8895552,29.01601599296555
1790359145.8903503,82.62933499645442
1790359145.8904715,12.799662014003843
1790359145.8910525,7.592294015921652
1790359145.8946056,88.61873298883438
1790359145.8950918,4.026500013424084
1790359145.896789,64.86042498727329
1790359145.8979652,2.3453119792975485
1790359145.9020035,35.18393001286313
1790359145.9026458,93.6193480156362
1790359145.9031832,23.845193994930014
1790359145.9032586,10.659046994987875
1790359145.9033754,6.437570991693065
1790359145.9059093,1.8209750123787671
1790359145.9067798,1.8722020031418651
1790359145.9271042,2.1584649803116918
1790359145.9279156,34.707004990195855
1790359145.928322,27.85357797984034
1790359145.9289398,44.824255019193515
1790359145.9290435,22.25260398699902
1790359145.9315941,1.4577120018657297
1790359145.9413693,1.9529699929989874
1790359145.950224,1.454101991839707
1790359145.9532568,1.4603270101360977
1790359145.9538689,1.4007829886395484
1790359145.9583127,2.052673982689157
1790359145.9696667,1.4555030211340636
1790359145.9714777,1.3108109997119755
1790359145.9858675,1.9569559954106808
1790359145.9949477,2.5223979901056737
1790359146.0027456,1.6447020170744509
1790359146.0055926,1.433230994734913
1790359146.0117521,1.634476997423917
1790359146.0131757,1.4133230142761022
1790359146.0153873,35.31977901002392
1790359146.0170493,23.807913006749004
1790359146.01822,38.686207990394905
1790359146.0183163,2.1503559837583452
1790359146.0183864,8.875092986272648
1790359146.0272272,1.7797009786590934
1790359146.0326633,2.468837978085503
1790359146.032776,2.1369009918998927
1790359146.034989,1.2128689850214869
1790359146.043177,1.9742409931495786
1790359146.0469923,1.3889890105929226
1790359146.0498073,1.7829160206019878
1790359146.0501094,1.6452540003228933
1790359146.0578344,1.9961610087193549
1790359146.064253,1.3736470136791468
1790359146.077823,2.7290169964544475
1790359146.0778928,2.1484960161615163
1790359146.0799568,1.2354729988146573
1790359146.1077542,2.3329709947574884
1790359146.1108642,1.7556289967615157
1790359146.121501,2.474519016686827
1790359146.1242743,2.4408439930994064
1790359146.1283584,1.691906014457345
1790359146.1305425,1.6797750140540302
1790359146.136484,17.94043500558473
1790359146.1371646,46.16539299604483
1790359146.137998,15.294019976863638
1790359146.1381207,2.6941579999402165
1790359146.1442988,1.5442160074599087
1790359146.1459565,1.4472519978880882
1790359146.148626,1.3787839852739125
1790359146.1555915,1.7502899863757193
1790359146.166005,2.052157011348754
1790359146.1710675,2.554921986302361
1790359146.1712499,3.317849012091756
1790359146.1733692,1.3927490217611194
1790359146.1804745,1.856193004641682
1790359146.1824477,30.502095993142575
1790359146.1829388,18.187387991929427
1790359146.1831355,38.0229199945461
1790359146.183423,13.50985499448143
1790359146.1900759,1.654471008805558
1790359146.1945033,1.4117989921942353
1790359146.2010822,1.3994510227348655
1790359146.2069008,2.384439983870834
1790359146.2078161,1.9457440066616982
1790359146.2233531,1.712301018415019
1790359146.2295868,1.566693012136966
1790359146.2395103,1.842450990807265
1790359146.2434916,1.5135690046008676
1790359146.246687,2.6554500218480825
1790359146.2475646,2.518644992960617
1790359146.2476652,3.0924499733373523
1790359146.2484417,1.272138993954286
1790359146.2511916,1.1405209952499717
1790359146.256857,1.6922570066526532
1790359146.2713063,1.9505249802023172
1790359146.2760599,2.060108003206551
1790359146.2771273,1.5119670133572072
1790359146.2807927,2.6515829958952963
1790359146.2815695,2.8358350100461394
1790359146.2825575,1.5581449843011796
1790359146.286925,1.6548940038774163
1790359146.2950497,22.64260599622503
1790359146.3002238,1.7078469973057508
1790359146.305953,2.7489660133142024
1790359146.3125885,34.890234004706144
1790359146.314163,45.3093709948007
1790359146.3147774,35.072414990281686
1790359146.3149033,11.604928004089743
1790359146.3150303,27.31302398024127
1790359146.3161397,2.5790869840420783
1790359146.325161,2.0326249941717833
1790359146.3345149,2.487894002115354
1790359146.345323,2.465992991346866
1790359146.3456748,2.064435015199706
1790359146.3585625,2.3573749931529164
1790359146.3593838,1.7738210153765976
1790359146.364699,1.4258800074458122
1790359146.3693123,17.789494013413787
1790359146.36945,45.16966801020317
1790359146.3699784,37.02910401625559
1790359146.370136,7.939942006487399
1790359146.3706112,1.8325739947613329
1790359146.3782034,1.555260008899495
1790359146.3904943,1.912589999847114
1790359146.404446,2.1647679968737066
1790359146.4064772,20.424137997906655
1790359146.4066954,26.989848003722727
1790359146.4120312,15.31211199471727
1790359146.412613,19.98919597826898
1790359146.413413,1.9038149912375957
1790359146.4261065,47.853600000962615
1790359146.4261942,20.22363099968061
1790359146.4306567,22.985613002674654
1790359146.4309652,48.25332498876378
1790359146.4311366,2.6510190218687057
1790359146.4315538,2.5151430163532495
1790359146.433084,1.5211580030154437
1790359146.4434345,1.6139209910761565
1790359146.4455264,1.9859870080836117
1790359146.4455822,1.5685109829064459
1790359146.4541216,2.138037991244346
1790359146.4549885,1.3955929898656905
1790359146.458428,1.4703019987791777
1790359146.4610224,1.2033619859721512
1790359146.4675663,1.8971050158143044
1790359146.470651,1.5380809782072902
1790359146.471026,1.4365650131367147
1790359146.472313,1.2787070008926094
1790359146.4735324,1.2109889939893037
1790359146.4786358,1.265724014956504
1790359146.4838011,1.5694159956183285
1790359146.4866316,1.897407986689359
1790359146.4870577,1.7452659958507866
1790359146.4890022,1.40892798663117
1790359146.4897575,1.4947390009183437
1790359146.4976873,1.3224860012996942
1790359146.513473,1.6003630007617176
1790359146.531254,7.657863985514268
1790359146.5439405,27.49473199946806
1790359146.5546944,4.206087003694847
1790359146.555514,45.96482700435445
1790359146.5755303,20.820707984967157
1790359146.5756834,2.963717997772619
1790359146.5757759,51.56568600796163
1790359146.5767527,27.857494016643614
1790359146.5776691,1.6223950078710914
1790359146.5874465,20.852020010352135
1790359146.5875878,49.969654995948076
1790359146.5881708,2.8388779901433736
1790359146.5922787,3.0326039995998144
1790359146.593621,3.7213489995338023
1790359146.595249,2.797425986500457
1790359146.595891,3.0156300053931773
1790359146.5959806,4.364225984318182
1790359146.5960605,2.4294379982165992
1790359146.599035,1.4374010206665844
1790359146.6042924,1.9196159846615046
1790359146.6050813,1.523724989965558
1790359146.6079028,1.2601120106410235
1790359146.6097434,1.2018189881928265
1790359146.6167362,1.4342369977384806
1790359146.6361165,1.9582019886001945
1790359146.6397452,1.4545769954565912
1790359146.644698,1.421938999556005
1790359146.6476452,2.16027200804092
1790359146.6490147,1.870317995781079
1790359146.6496742,1.4286079967860132
1790359146.6590784,1.35018999571912
1790359146.660427,1.223686005687341
1790359146.662795,1.8688559939619154
1790359146.667965,1.3861640181858093
1790359146.671132,1.822456018999219
1790359146.6715343,1.7585800087545067
1790359146.674498,1.18298499728553
1790359146.6793406,1.8430299824103713
1790359146.6946464,1.8694799800869077
1790359146.6990817,2.7342649991624057
1790359146.6991496,2.340534992981702
1790359146.7025068,1.261338999029249
1790359146.706112,1.6737290134187788
1790359146.7061756,2.1093520044814795
1790359146.7107475,1.4301770133897662
1790359146.713639,1.7050839960575104
1790359146.734379,2.3362899955827743
1790359146.73608,2.929010021034628
1790359146.7374802,2.0992990175727755
1790359146.7377672,3.374605003045872
1790359146.743951,1.7424369871150702
1790359146.7454643,1.6761650040280074
1790359146.7471676,1.5268000133801252
1790359146.7478,1.5102440083865076
1790359146.749905,1.5462470182683319
1790359146.7499614,2.056072000414133
1790359146.7633626,2.2928060207050294
1790359146.7634418,2.8283619903959334
1790359146.7690356,3.280131990322843
1790359146.7692091,3.021999989869073
1790359146.7702265,2.0511720213107765
1790359146.7702897,2.971439011162147
1790359146.7742553,1.5530819946434349
1790359146.7801406,1.6960399807430804
1790359146.7817478,1.3812209945172071
1790359146.786598,1.3758449931629002
1790359146.79072,1.238396012922749
1790359146.797936,1.3669710024259984
1790359146.8130171,1.8149869865737855
1790359146.8178499,1.4423590037040412
1790359146.8254726,1.6310839855577797
1790359146.826325,1.649053010623902
1790359146.8333502,1.7841469962149858
1790359146.8339493,1.680176006630063
1790359146.846413,2.4504899920430034
1790359146.8546288,2.5132260052487254
1790359146.854692,1.8284139805473387
1790359146.8633945,3.4052270057145506
1790359146.8635716,2.894351986469701
1790359146.8685665,23.74610200058669
1790359146.870484,2.9106799920555204
1790359146.8710935,1.7475499771535397
1790359146.8739989,18.227169988676906
1790359146.8743367,37.918971007457
1790359146.8747118,13.287811016198248
1790359146.876141,1.419805019395426
1790359146.8836114,2.5991979928221554
1790359146.8846488,2.1745309932157397
1790359146.8868573,1.536013005534187
1790359146.888273,1.4055850042495877
1790359146.8953326,2.887569018639624
1790359146.8969467,2.225214004283771
1790359146.9268746,13.226341019617394
1790359146.9285195,2.6092249900102615
1790359146.9493835,2.6425719843246043
1790359146.9507358,3.3281469950452447
1790359146.950877,36.56497100018896
1790359146.9518204,1.6553040186408907
1790359146.9562864,1.7407320265192538
1790359146.957387,1.5852479846216738
1790359146.9580407,1.4302560011856258
1790359146.959719,1.315635978244245
1790359146.96159,1.6283720033243299
1790359146.969149,1.6514740127604455
1790359146.9761622,2.34912199084647
1790359146.9762623,2.9291330138221383
1790359146.9798174,1.4959829859435558
1790359146.9966767,1.9971249857917428
1790359146.9988368,1.5248820127453655
1790359147.0053258,1.5349560126196593
1790359147.0154471,1.912214996991679
1790359147.0293179,26.05130901793018
1790359147.029416,35.34419200150296
1790359147.0357976,1.75352199585177
1790359147.045821,2.6209839852526784
1790359147.0567698,2.0401790097821504
1790359147.0621064,23.924051987705752
1790359147.0627856,40.758274000836536
1790359147.0628588,3.9294050075113773
1790359147.0732734,1.9716329989023507
1790359147.082492,2.742396987741813
1790359147.0825865,1.7864350229501724
1790359147.0837393,2.028746996074915
1790359147.1019673,2.4979779846034944
1790359147.10272,1.705661998130381
1790359147.1068406,2.312567026820034
1790359147.10827,2.268305979669094
1790359147.114539,2.0892799948342144
1790359147.1225445,12.118421989725903
1790359147.1303806,27.438279008492827
1790359147.1321084,23.823980998713523
1790359147.1322072,15.868927002884448
1790359147.1323967,42.11470700101927
1790359147.1334567,1.787852990673855
1790359147.1372423,1.5433859953191131
1790359147.1471334,1.712940022116527
1790359147.1502433,19.436194008449093
1790359147.1506596,11.940351978410035
1790359147.1507552,41.09300099662505
1790359147.1602328,2.524892013752833
1790359147.160546,1.9627120054792613
1790359147.1612992,2.094603987643495
1790359147.1627784,1.4690789976157248
1790359147.1645422,1.5180660120677203
1790359147.1648052,1.2805189762730151
1790359147.172349,2.036316000157967
1790359147.1806018,1.5504260081797838
1790359147.1891139,1.7617639969103038
1790359147.1972585,1.8355600186623633
1790359147.1978822,1.366342999972403
1790359147.208189,2.281573018990457
1790359147.208919,1.984219008591026
1790359147.2135155,1.4491739857476205
1790359147.2165053,1.23081001220271
1790359147.2202015,1.9658399978652596
1790359147.2211823,1.4034630148671567
1790359147.23302,1.8966439820360392
1790359147.2360613,1.8268719722982496
1790359147.2371595,1.5076560084708035
1790359147.2386096,1.2871960061602294
1790359147.2466252,1.7855249752756208
1790359147.2617288,2.498471993021667
1790359147.2665584,1.495817006798461
1790359147.269328,1.5433669905178249
1790359147.2793643,1.8749719893094152
1790359147.2816808,1.6489870031364262
1790359147.2842412,1.7209069919772446
1790359147.2945085,33.32803200464696
1790359147.2980523,21.795598993776366
1790359147.2988915,44.44081601104699
1790359147.2992916,17.597928002942353
1790359147.3250062,37.43897000094876
1790359147.3270302,1.8042520096059889
1790359147.3410163,3.175348014337942
1790359147.3423448,2.6453660102561116
1790359147.3434615,1.7861369997262955
1790359147.34646,1.6155699850060046
1790359147.3535194,2.1295209880918264
1790359147.3578274,2.590752992546186
1790359147.3579097,2.042345004156232
1790359147.363428,1.4541400014422834
1790359147.3638334,42.00725301052444
1790359147.364524,25.577386986697093
1790359147.3650837,42.43326000869274
1790359147.3663971,5.418982007540762
1790359147.366481,23.91425397945568
1790359147.3665605,12.210094020701945
1790359147.3748684,2.4165520153474063
1790359147.3749516,2.4115050036925822
1790359147.3860471,2.1094139956403524
1790359147.396181,1.7298670136369765
1790359147.4064064,26.294653012882918
1790359147.407202,39.5523119950667
1790359147.4072719,2.7099660073872656
1790359147.4100404,1.4404669927898794
1790359147.4268327,1.6618299996480346
1790359147.4346306,1.9779469876084477
1790359147.442085,1.6696840175427496
1790359147.4444962,1.39481300720945
1790359147.4477148,1.7466960125602782
1790359147.4483423,1.3705710007343441
1790359147.451031,1.360886002657935
1790359147.4564235,1.4372690056916326
1790359147.4606616,1.5230420103762299
1790359147.4621494,1.638173998799175
1790359147.467081,1.4416560006793588
1790359147.4954717,2.0021510135848075
1790359147.4971254,1.6404810012318194
1790359147.5028245,30.422235984588042
1790359147.510083,2.3509339953307062
1790359147.510542,1.951564016053453
1790359147.5136502,7.371951011009514
1790359147.513945,3.185363981174305
1790359147.5141256,44.33585598599166
1790359147.5152209,2.9512399923987687
1790359147.5184553,1.4410250005312264
1790359147.5230188,2.9136269877199084
1790359147.5231524,3.117353015113622
1790359147.5239227,2.263177972054109
1790359147.5290458,1.3543679961003363
1790359147.5323515,1.4533920038957149
1790359147.5356734,1.770635019056499
1790359147.5363407,1.4181860024109483
1790359147.538706,1.4734069991391152
1790359147.5403695,1.2534320121631026
1790359147.546137,1.299723022384569
1790359147.5524201,1.4192939852364361
1790359147.5571837,1.5659859927836806
1790359147.5691466,2.1231360151432455
1790359147.5742562,2.332224015844986
1790359147.5758562,1.4845830155536532
1790359147.5780587,28.832053008954972
1790359147.5787067,36.31256599328481
1790359147.5790868,5.996277002850547
1790359147.5793114,13.111330015817657
1790359147.5901031,1.8880249990615994
1790359147.5938878,1.5760599926579744
1790359147.595215,1.3178359949961305
1790359147.6019328,1.621573988813907
1790359147.6172686,1.9256959785707295
1790359147.636067,15.776272979564965
1790359147.636198,40.70303001208231
1790359147.6478164,1.824478997150436
1790359147.6537108,1.7734249995555729
1790359147.665262,30.708281992701814
1790359147.6654246,39.74438499426469
1790359147.665512,11.789607000537217
1790359147.6699445,1.5584479842800647
1790359147.6769156,1.7530850018374622
1790359147.6775932,1.6289949999190867
1790359147.685052,1.6279519768431783
1790359147.7039979,1.8303210090380162
1790359147.709533,1.6572950116824359
1790359147.713566,1.8528319778852165
1790359147.7221584,2.1447439794428647
1790359147.7223046,2.9249579820316285
1790359147.723108,1.9918860052712262
1790359147.7341952,1.8852209905162454
1790359147.7361922,1.9857669831253588
1790359147.7385943,1.5025089960545301
1790359147.7403753,2.6262930186931044
1790359147.7410681,1.450551993912086
1790359147.750357,2.1882069995626807
1790359147.7553089,1.585151010658592
1790359147.7577958,1.906867022626102
1790359147.7716994,2.072999021038413
1790359147.7742643,37.78256001533009
1790359147.7748315,35.87706500547938
1790359147.7754676,40.6442699895706
1790359147.7764072,27.781458979006857
1790359147.7768042,20.35030201659538
1790359147.7781618,2.432596986182034
1790359147.7787418,1.7924610001500696
1790359147.798274,1.971170015167445
1790359147.8036523,2.2116450127214193
1790359147.8096182,2.0282979821786284
1790359147.826868,2.1874019876122475
1790359147.8283768,41.3945630134549
1790359147.8285186,33.905340009368956
1790359147.8286078,23.51021798676811
1790359147.8441477,1.9064589869230986
1790359147.8479507,1.3495910097844899
1790359147.8505306,1.5236259787343442
1790359147.8510814,1.3925720122642815
1790359147.8567932,1.4952630153857172
1790359147.862829,1.7428999999538064
1790359147.8684657,16.729569993913174
1790359147.8750618,4.525019001448527
1790359147.875658,2.172739972593263
1790359147.8794413,1.5150730032473803
1790359147.8867433,1.4411019801627845
1790359147.8887446,37.54945000400767
1790359147.8888335,5.564250983297825
1790359147.8939853,1.6617729852441698
1790359147.8971455,1.360515016131103
1790359147.8989902,1.3227690069470555
1790359147.9016225,1.3579749793279916
1790359147.9071212,2.1850350021850318
1790359147.9311063,22.514989017508924
1790359147.934766,36.57080201082863
1790359147.9348922,6.431200978113338
1790359147.9350722,17.580265004653484
1790359147.9402533,17.9873269808013
1790359147.9483116,39.070792990969494
1790359147.9484062,18.33430098486133
1790359147.9520612,1.736072008498013
1790359147.9593446,1.9309000053908676
1790359147.9625072,23.385292006423697
1790359147.962615,39.76559799048118
1790359147.9656355,1.7892740142997354
1790359147.9672847,1.520587014965713
1790359147.9851308,2.191551000578329
1790359147.9851942,3.0306009866762906
1790359147.994539,1.4511840126942843
1790359148.0094943,5.116312007885426
1790359148.0097902,4.687797016231343
1790359148.0103364,3.883758996380493
1790359148.0248759,3.902105992892757
1790359148.0249927,2.92115198681131
1790359148.0453033,1.5924510080367327
1790359148.0481863,1.874364010291174
1790359148.048588,1.8007769831456244
1790359148.059905,1.539226999739185
1790359148.0619717,1.4126200112514198
1790359148.0641236,2.1427429746836424
1790359148.0649543,1.2649690033867955
1790359148.065581,2.7345730050001293
1790359148.0749087,2.0343210198916495
1790359148.0770073,1.599766983417794
1790359148.0786273,1.4457319921348244
1790359148.0821936,1.63080298807472
1790359148.0826175,1.3301509898155928
1790359148.0850737,1.2096489954274148
1790359148.0881808,2.0891010062769055
1790359148.0921202,1.4256600115913898
1790359148.1001084,1.385174982715398
1790359148.1029415,1.3252239732537419
1790359148.1072845,1.4607190096285194
1790359148.1156726,1.3605229905806482
1790359148.1174228,1.3399650051724166
1790359148.1216843,1.7915790085680783
1790359148.123449,1.3678130053449422
1790359148.1281667,1.358531997539103
1790359148.1299834,1.6093320155050606
1790359148.1302946,1.4420140068978071
1790359148.1383984,2.3281960166059434
1790359148.1453447,1.4194090035744011
1790359148.152107,1.9788589852396399
1790359148.1533463,2.0391030120663345
1790359148.1588218,1.4111579803284258
1790359148.1600971,1.2667319970205426
1790359148.1614816,1.2907640193589032
1790359148.1685734,3.8614110089838505
1790359148.171034,5.010222987039015
1790359148.1712086,3.750583011424169
1790359148.1713033,4.523693001829088
1790359148.1722343,3.415768005652353
1790359148.1760542,1.2784110149368644
1790359148.1900065,1.6733049997128546
1790359148.195546,1.552235014969483
1790359148.1997077,1.8499009893275797
1790359148.2116003,11.777589010307565
1790359148.2125664,1.7551610071677715
1790359148.2141504,1.4275889843702316
1790359148.2312596,1.4346230018418282
1790359148.2355602,14.710176998050883
1790359148.235709,36.476595007115975
1790359148.2361612,1.8885030003730208
1790359148.2397878,1.2356519873719662
1790359148.2517204,1.5602530038449913
1790359148.2541838,1.5803209971636534
1790359148.2574263,1.4577450056094676
1790359148.2599523,1.5898830024525523
1790359148.260773,1.6892259882297367
1790359148.2653022,1.524590014014393
1790359148.2658834,1.2418649857863784
1790359148.269803,1.4508489985018969
1790359148.2793598,1.3864580250810832
1790359148.2828743,1.901233015814796
1790359148.2934306,1.9889179966412485
1790359148.3091414,2.9627330077346414
1790359148.3163204,2.1240260102786124
1790359148.3204923,36.22330000507645
1790359148.321923,14.732248993823305
1790359148.3273394,33.89680301188491
1790359148.3296502,47.26597500848584
1790359148.331562,26.14585097762756
1790359148.3320765,20.282494981074706
1790359148.3323643,12.949286989169195
1790359148.3341563,3.8315839774440974
1790359148.3355086,18.027202982921153
1790359148.3371973,55.728912993799895
1790359148.337276,4.195699992123991
1790359148.3374066,9.210239979438484
1790359148.338116,2.594243997009471
1790359148.3551738,23.60160500393249
1790359148.3662322,39.63790400302969
1790359148.3692167,27.918808977119625
1790359148.3693092,48.014535976108164
1790359148.3776414,2.9001340153627098
1790359148.3808825,27.247416001046076
1790359148.3853302,1.92453499766998
1790359148.3968456,20.215793017996475
1790359148.3969965,3.2247710041701794
1790359148.3970833,49.30321700521745
1790359148.4002075,39.678497007116675
1790359148.4003165,17.795063002267852
1790359148.4007285,43.67679401184432
1790359148.4070516,1.7970759945455939
1790359148.410063,1.785656000720337
1790359148.427857,2.0303989876993
1790359148.4337056,2.106431988067925
1790359148.4611905,3.815702017163858
1790359148.4613194,49.59247200167738
1790359148.4636,2.0944020070601255
1790359148.4728127,2.9189469933044165
1790359148.4749317,2.0998419786337763
1790359148.480206,1.64601398864761
1790359148.4849246,1.7870849987957627
1790359148.489656,1.921994989970699
1790359148.4905682,1.6762760060373694
1790359148.4969132,1.4523430145345628
1790359148.501312,1.5553690027445555
1790359148.5090344,2.0986619929317385
1790359148.5100043,1.3513010053429753
1790359148.5141828,25.922158994944766
1790359148.5193148,20.085140014998615
1790359148.5200963,12.251150998054072
1790359148.5201745,36.4290320139844
1790359148.524893,1.8493829993531108
1790359148.5337918,1.6071310092229396
1790359148.5497684,1.636574015719816
1790359148.5568807,1.5801060071680695
1790359148.5572395,1.423476991476491
1790359148.5660253,3.781456995056942
1790359148.5762086,1.84095001895912
1790359148.5889814,13.61353401443921
1790359148.59354,27.244358003372326
1790359148.605452,25.25717602111399
1790359148.6064527,18.647913995664567
1790359148.619712,37.3786740237847
1790359148.6217442,20.589855004800484
1790359148.6229331,17.002845997922122
1790359148.6231208,56.040696013951674
1790359148.6298847,2.012771990848705
1790359148.6312816,29.05967101105489
1790359148.6314974,42.16509000980295
1790359148.6327279,51.781831978587434
1790359148.63319,22.25124099641107
1790359148.633519,3.3660790068097413
1790359148.63808,53.11886398703791
1790359148.6388392,1.5800340042915195
1790359148.6406019,1.292136003030464
1790359148.6436324,43.253242009086534
1790359148.6488297,84.09607599605806
1790359148.6557171,52.55244401632808
1790359148.656838,73.11537701752968
1790359148.6572075,41.266358020948246
1790359148.6584535,12.769086984917521
1790359148.6589122,24.441882997052744
1790359148.6603336,2.978009986691177
1790359148.6606565,2.1908430207986385
1790359148.6613278,2.1837330132257193
1790359148.6627998,1.4618370041716844
1790359148.6744328,1.9560910004656762
1790359148.6744916,2.4808140005916357
1790359148.678297,1.880180003354326
1790359148.684869,1.6892690036911517
1790359148.6879783,3.0982859898358583
1790359148.6894124,2.80578201636672
1790359148.6896052,3.3946149924304336
1790359148.6896942,4.059758997755125
1790359148.6903687,2.3765469959471375
1790359148.695092,1.447454997105524
1790359148.71947,2.955090982140973
1790359148.7195346,2.462877018842846
1790359148.7200956,1.924581010825932
1790359148.7244165,1.6141980013344437
1790359148.7252753,1.2183840153738856
1790359148.7277052,1.3117890048306435
1790359148.7315814,1.5009850030764937
1790359148.7388148,1.3687210157513618
1790359148.7435877,1.992798992432654
1790359148.768729,1.8731130112428218
1790359148.7756035,2.343457017559558
1790359148.7781186,3.8763640040997416
1790359148.8070939,1.9234099891036749
1790359148.8107119,3.603104007197544
1790359148.812059,3.774215991143137
1790359148.8169627,1.371091027976945
1790359148.827348,2.0842200028710067
1790359148.8312075,1.8119449960067868
1790359148.832205,1.793386007193476
1790359148.8395705,1.4041840040590614
1790359148.842307,1.9627689907792956
1790359148.843658,1.3419309980235994
1790359148.845105,1.244229992153123
1790359148.8529258,1.9424600177444518
1790359148.8558676,1.3353230024222285
1790359148.8586516,2.695585018955171
1790359148.866653,1.4430999872274697
1790359148.870223,1.760252023814246
1790359148.8708963,1.487631001509726
1790359148.8769903,2.1643340005539358
1790359148.8821096,1.2309779995121062
1790359148.8857286,1.6366259951610118
1790359148.887036,1.2981579930055887
1790359148.9022772,1.647133001824841
1790359148.9064667,1.4183820167090744
1790359148.9108012,1.4253600093070418
1790359148.9141796,1.9457890011835843
1790359148.9157326,1.5420510026160628
1790359148.9176326,1.3659929973073304
1790359148.926246,1.5900679863989353
1790359148.9268248,1.5368590247817338
1790359148.9285753,1.418543979525566
1790359148.9318206,1.4977050013840199
1790359148.9348326,1.6840310127008706
1790359148.9375896,1.2837660033255816
1790359148.9656892,1.7208849894814193
1790359148.9766796,3.069562983000651
1790359148.9776397,2.0787250250577927
1790359148.9795833,1.6788119974080473
1790359148.9811246,2.231892984127626
1790359148.9813945,1.7925139982253313
1790359148.9833891,1.5157040033955127
1790359148.9834485,2.041186991846189
1790359148.9915757,1.571697008330375
1790359148.993136,1.4206570049282163
1790359148.9981916,1.4240059826988727
1790359149.0030878,1.2710519949905574
1790359149.0071423,2.091614995151758
1790359149.0110493,1.3445230142679065
1790359149.013033,1.3308280031196773
1790359149.0255132,2.219504996901378
1790359149.0350978,1.8415199883747846
1790359149.03832,2.702044992474839
1790359149.0429685,2.0442439999897033
1790359149.0492501,1.6978210187517107
1790359149.0564554,3.88227601069957
1790359149.0566962,4.265230003511533
1790359149.0570407,2.315635996637866
1790359149.0575697,3.6793910257983953
1790359149.0651891,3.7605059915222228
1790359149.0668964,2.3704580089543015
1790359149.066985,3.842883976176381
1790359149.067063,4.089746013050899
1790359149.079375,1.9010209944099188
1790359149.0837138,1.7848759889602661
1790359149.087437,2.325893990928307
1790359149.0879812,2.0252770045772195
1790359149.0883048,1.5263810055330396
1790359149.0933518,1.2944949849043041
1790359149.0953963,1.3150169979780912
1790359149.1196342,1.8571400141809136
1790359149.1211565,2.613678982015699
1790359149.1313925,1.5745249984320253
1790359149.1322708,1.4595809916500002
1790359149.1362877,1.8062229792121798
1790359149.1487775,1.4561169955413789
1790359149.1550088,1.833415008150041
1790359149.1770492,1.8849699990823865
1790359149.177129,2.5467119994573295
1790359149.1834466,1.6928179829847068
1790359149.1906805,3.338943002745509
1790359149.1993744,1.479514001403004
1790359149.2061136,1.633236010093242
1790359149.2209008,1.6156230121850967
1790359149.2320123,1.583584991749376
1790359149.2344186,1.5198629989754409
1790359149.24107,1.5355470241047442
1790359149.2445314,1.3730509963352233
1790359149.2557356,1.7543089925311506
1790359149.256521,1.8561620090622455
1790359149.2585237,1.2515109847299755
1790359149.2645397,1.5100839955266565
1790359149.2691476,1.6783929895609617
1790359149.2700903,1.6895180160645396
1790359149.2720418,1.2352529738564044
1790359149.2738612,1.222787017468363
1790359149.2828753,1.5615439915563911
1790359149.2926877,3.9603100158274174
1790359149.293158,4.883648012764752
1790359149.2950373,3.314898000098765
1790359149.2954824,6.180016993312165
1790359149.2955794,5.2041019953321666
1790359149.2967498,2.365105989156291
1790359149.2968063,1.9579979998525232
1790359149.307627,1.5896620170678943
1790359149.3082268,1.3148300058674067
1790359149.3131473,2.1952429960947484
1790359149.3133287,2.895040001021698
1790359149.3141956,1.4330620178952813
1790359149.3309464,1.7597459955140948
1790359149.3409333,1.767825975548476
1790359149.343637,1.455871999496594
1790359149.3468897,1.269703992875293
1790359149.3633654,2.1361509861890227
1790359149.3722916,2.283626003190875
1790359149.3830721,1.5501540037803352
1790359149.3944497,1.5311719907913357
1790359149.3958585,1.39616199885495
1790359149.4015095,1.9915239827241749
1790359149.4016013,2.5612629833631217
1790359149.404925,2.3651919909752905
1790359149.4054782,1.8569550011307001
1790359149.405781,1.403478003339842
1790359149.428714,2.710230997763574
1790359149.430454,2.6038560026790947
1790359149.4305139,3.2203070004470646
1790359149.432737,1.8385220027994365
1790359149.43443,2.0034569897688925
1790359149.438626,1.310885010752827
1790359149.4455833,1.2609809928108007
1790359149.4471753,1.2647469993680716
1790359149.4495661,1.5208040131255984
1790359149.4499233,1.433775993064046
1790359149.4581683,1.6316540131811053
1790359149.4629226,1.634763990296051
1790359149.4794798,1.619521004613489
1790359149.4878395,1.8734759942162782
1790359149.4902158,1.37877999804914
1790359149.494537,2.0992560021113604
1790359149.4992304,1.400748995365575
1790359149.5093625,1.5498089778702706
1790359149.5152304,1.525820989627391
1790359149.5219657,1.5015780227258801
1790359149.5384765,2.054408978438005
1790359149.5390236,1.8906170153059065
1790359149.5413792,1.5175360022112727
1790359149.5419023,1.5194949810393155
1790359149.5432255,1.3152729952707887
1790359149.55082,1.685102004557848
1790359149.5511196,1.5491789963562042
1790359149.559518,1.709545002086088
1790359149.56598,1.4472199836745858
1790359149.576864,3.0088179919403046
1790359149.5779638,2.560227003414184
1790359149.578772,2.364442974794656
1790359149.5795138,1.5401119890157133
1790359149.5858533,1.676132989814505
1790359149.589831,1.3642680132761598
1790359149.606223,2.0834220049437135
1790359149.6068847,3.3290269784629345
1790359149.6069481,2.167184982681647
1790359149.6166248,2.5287989992648363
1790359149.6170545,1.9623229745775461
1790359149.6210537,1.471977011533454
1790359149.6244242,1.3255630037747324
1790359149.625873,1.2185130035504699
1790359149.632872,2.3075649805832654
1790359149.6332932,2.2793730022385716
1790359149.6372669,1.3508159900084138
1790359149.6455553,1.469948998419568
1790359149.6551938,1.5147980011533946
1790359149.6578846,1.373701001284644
1790359149.65942,1.2299010122660547
1790359149.6659944,1.596779009560123
1790359149.6677122,1.322849013376981
1790359149.669494,1.3195339997764677
1790359149.6731265,1.7581110005266964
1790359149.677754,2.32883301214315
1790359149.6832094,1.6824389749672264
1790359149.6849,1.6797700081951916
1790359149.6999629,1.6722609871067107
1790359149.7076004,1.7408409912604839
1790359149.7117758,1.5013160009402782
1790359149.7141185,1.5667020052205771
1790359149.7150548,1.7052720068022609
1790359149.7166984,2.3937890073284507
1790359149.717377,1.5608429966960102
1790359149.718611,1.2245840043760836
1790359149.7219317,1.1833200114779174
1790359149.7271314,2.0593090157490224
1790359149.7276692,1.8040310242213309
1790359149.730954,1.8932469829451293
1790359149.7373533,1.2704000109806657
1790359149.740512,1.271472021471709
1790359149.7441542,1.5034090029075742
1790359149.7550359,1.9170480081811547
1790359149.7769868,2.2233139898162335
1790359149.7777772,1.7889860027935356
1790359149.7843676,1.4208069769665599
1790359149.7862003,1.326880999840796
1790359149.8054495,2.9225719918031245
1790359149.8058183,2.3136279778555036
1790359149.8061082,1.9361369777470827
1790359149.808723,1.407030998962
1790359149.811618,1.2664009991567582
1790359149.820572,1.5089169901330024
1790359149.8319926,2.3022520181257278
1790359149.8332253,2.8710829792544246
1790359149.8403978,1.6247760213445872
1790359149.8464234,1.995134021854028
1790359149.8546994,1.561539975227788
1790359149.8679311,1.545060018543154
1790359149.8688323,1.86647500959225
1790359149.8856645,1.8992559926118702
1790359149.885756,2.5640880048740655
1790359149.888735,1.345826021861285
1790359149.9029052,1.6001550247892737
1790359149.9037333,1.663838018430397
1790359149.9173093,1.6948709962889552
1790359149.9182146,1.6392999968957156
1790359149.9233289,1.697057974524796
1790359149.9286115,1.693612983217463
1790359149.9364507,3.546897991327569
1790359149.9368458,3.3711540163494647
1790359149.9373348,2.797471999656409
1790359149.9379132,3.9579939912073314
1790359149.9381115,2.64929499826394
1790359149.9444015,1.3199579843785614
1790359149.9470642,1.4012010069563985
1790359149.94834,1.2677090126089752
1790359149.9514732,1.2086639762856066
1790359149.9649148,1.7878399812616408
1790359149.971463,2.3662519815843552
1790359149.9718065,2.26308501441963
1790359149.9753618,1.2620179913938046
1790359149.988647,1.8720589869190007
1790359149.9891663,1.6157249920070171
1790359150.0002043,2.923621010268107
1790359150.0003078,2.367579989368096
1790359150.0112574,2.864415990188718
1790359150.0136847,4.181839001830667
1790359150.0153747,2.6665310142561793
1790359150.0155497,5.250940012047067
1790359150.015699,4.065593995619565
1790359150.0176544,1.268669991986826
1790359150.0219445,1.3891379931010306
1790359150.027607,2.5581649970263243
1790359150.031844,4.225029988447204
1790359150.0321815,3.994790982687846
1790359150.0332308,3.056732995901257
1790359150.0347586,1.5105599886737764
1790359150.0459952,1.7678379954304546
1790359150.048259,1.3885909866075963
1790359150.0511744,1.2938080180902034
1790359150.0539277,1.8357250082772225
1790359150.0567317,1.2508940126281232
1790359150.065806,1.9688390020746738
1790359150.066962,2.043501997832209
1790359150.0674522,1.6366659838240594
1790359150.0713859,1.2338680098764598
1790359150.0803354,1.4343710208777338
1790359150.086928,1.619982998818159
1790359150.087341,1.4386409893631935
1790359150.0948992,1.5581319748889655
1790359150.0975034,1.3278940168675035
1790359150.1011672,1.2894659885205328
1790359150.1055756,1.2240369978826493
1790359150.1231499,1.837971998611465
1790359150.130524,1.8545060011092573
1790359150.1364868,1.5459069982171059
1790359150.14385,1.601480005774647
1790359150.1493273,1.3587290013674647
1790359150.1551085,2.0008549909107387
1790359150.1553986,1.65483498130925
1790359150.165158,1.3821530155837536
1790359150.1710763,1.4982830034568906
1790359150.1774104,1.6450770199298859
1790359150.1811836,1.3273450022097677
1790359150.1889405,1.3633659982588142
1790359150.1906905,1.6005329962354153
1790359150.196705,1.3156279746908695
1790359150.2046866,1.5144729986786842
1790359150.2090712,1.5157460002228618
1790359150.2163446,1.4127350004855543
1790359150.2210746,1.2831190251745284
1790359150.2510073,1.6872110136318952
1790359150.256461,2.277570019941777
1790359150.2572093,1.9137269991915673
1790359150.2669258,2.905189001467079
1790359150.2670646,3.650792990811169
1790359150.2679663,1.6284440062008798
1790359150.2760692,1.6698559920769185
1790359150.2767217,1.6119389911182225
1790359150.2864676,1.3908209803048521
1790359150.2925506,1.5866419998928905
1790359150.3000906,1.3981460069771856
1790359150.3070881,3.5722470202017576
1790359150.3072133,3.207299974747002
1790359150.3083262,2.0176740072201937
1790359150.308396,3.231760987546295
1790359150.3115373,1.1487459996715188
1790359150.3232107,3.043228993192315
1790359150.3348641,1.722874992992729
1790359150.33999,1.5080169832799584
1790359150.3460178,1.3447480159811676
1790359150.349643,1.4422829844988883
1790359150.3606315,1.5782660047989339
1790359150.3648322,1.420747983502224
1790359150.368017,1.7089610046241432
1790359150.368621,1.261313009308651
1790359150.3728533,2.1901250001974404
1790359150.3737159,2.183637989219278
1790359150.3765137,1.6590309969615191
1790359150.3774116,1.582609984325245
1790359150.3819258,2.340904000448063
1790359150.385525,1.8400439876131713
1790359150.3855836,1.432023011147976
1790359150.3890412,1.643736002733931
1790359150.4005835,1.388316013617441
1790359150.4049017,1.44214800093323
1790359150.4053524,1.3146459823474288
1790359150.4097157,1.190014008898288
1790359150.4113345,1.1423830001149327
1790359150.413508,1.586240017786622
1790359150.419382,1.8370539764873683
1790359150.4259536,1.4035989879630506
1790359150.4273496,1.386513002216816
1790359150.4310381,1.438305975170806
1790359150.4316585,1.3116149930283427
1790359150.439379,1.315856003202498
1790359150.4504871,1.5128149825613946
1790359150.4556265,1.4921649999450892
1790359150.461991,1.430005009751767
1790359150.4835942,1.710655982606113
1790359150.4895122,1.9280750129837543
1790359150.4909315,1.4068309974391013
1790359150.4961476,1.8960589950438589
1790359150.51205,1.9995210168417543
1790359150.514268,1.3942870136816055
1790359150.523705,1.5490800142288208
1790359150.525153,1.2485370098147541
1790359150.5279672,1.4520150143653154
1790359150.5295858,1.2885809992440045
1790359150.5357947,2.4953489773906767
1790359150.5389764,1.8145120120607316
1790359150.548563,1.501671998994425
1790359150.5506785,1.763353997375816
1790359150.5529308,1.3349559740163386
1790359150.558499,1.2580479960888624
1790359150.5847821,2.952142007416114
1790359150.5848415,3.0996160057839006
1790359150.587189,1.2777149968314916
1790359150.589899,1.189233997138217
1790359150.5988781,1.5900730213616043
1790359150.6091695,1.522707985714078
1790359150.6150935,1.5243500238284469
1790359150.6169913,1.4639559958595783
1790359150.6266098,2.0329079998191446
1790359150.6325595,1.809937006328255
1790359150.6483352,1.8252459994982928
1790359150.6513493,1.6068469849415123
1790359150.6518855,1.373921026242897
1790359150.653633,1.4688739902339876
1790359150.6541317,1.297476002946496
1790359150.6575782,1.1827459966298193
1790359150.6603415,1.328829996054992
1790359150.6860144,1.9147690036334097
1790359150.6946054,1.7452570027671754
1790359150.6990242,1.7491339822299778
1790359150.7177863,2.2742220025975257
1790359150.7213845,1.8511270172894
1790359150.7274137,1.9120149954687804
1790359150.7335992,1.8738759972620755
1790359150.7437847,3.6243419745005667
1790359150.7444823,2.938474004622549
1790359150.7445638,2.740338008152321
1790359150.7512078,2.1349500166252255
1790359150.7528887,1.8133450066670775
1790359150.7559595,1.6853809938766062
1790359150.7585633,1.8259559874422848
1790359150.7600856,1.5110860113054514
1790359150.7622108,1.6945640090852976
1790359150.7639792,2.6664720207918435
1790359150.765138,2.7685460227075964
1790359150.765229,1.8394349899608642
1790359150.7815785,2.195087989093736
1790359150.7838473,1.690486998995766
1790359150.7890885,1.6648010059725493
1790359150.8019397,1.907691010273993
1790359150.8107634,2.245395997306332
1790359150.8160532,1.9893209973815829
1790359150.8179805,1.5923049941193312
1790359150.8328068,2.6884140097536147
1790359150.8341753,2.312977012479678
1790359150.8375146,1.7270100070163608
1790359150.844184,2.1385750151239336
1790359150.84904,2.090332010993734
1790359150.8632882,3.7488619855139405
1790359150.8648405,2.3176440154202282
1790359150.8649256,3.1227910076268017
1790359150.873963,2.4983749899547547
1790359150.879533,2.1768209990113974
1790359150.8877838,1.9244489958509803
1790359150.889811,1.7925169959198684
1790359150.8933668,1.8394250073470175
1790359150.8994722,1.829629996791482
1790359150.903266,1.887018996058032
1790359150.9069085,1.9664359861053526
1790359150.9104726,2.097381016938016
1790359150.9164898,2.000492997467518
1790359150.9243202,2.613186981761828
1790359150.9244938,3.3858660026453435
1790359150.925177,2.7019070112146437
1790359150.925241,2.099584002280608
1790359150.9269922,1.6512729926034808
1790359150.927272,1.4391310105565935
1790359150.9336839,1.750306983012706
1790359150.9417305,1.6388929798267782
1790359150.9528935,1.828801992814988
1790359150.9645338,1.809834997402504
1790359150.9662633,1.5986720100045204
1790359150.9710977,1.914528984343633
1790359150.9715114,1.7059870006050915
1790359150.975206,1.392942009260878
1790359150.9761837,1.8268220010213554
1790359150.9769974,1.653646002523601
1790359150.982568,1.6466779925394803
1790359150.9909697,1.4772040012758225
1790359150.998192,1.4984860026743263
1790359151.0120673,2.651319984579459
1790359151.0138657,1.6033600259106606
1790359151.0168815,1.2445059837773442
1790359151.019545,1.289441977860406
1790359151.0301666,1.5290279989130795
1790359151.0319943,1.5779800014570355
1790359151.032604,1.2836770038120449
1790359151.0366259,1.6938470071181655
1790359151.048132,1.7418419884052128
1790359151.0501595,1.70973502099514
1790359151.0507371,1.7893750045914203
1790359151.0534325,1.4902680122759193
1790359151.061123,1.4805440150666982
1790359151.0745137,1.8601350020617247
1790359151.0769293,1.6353800019714981
1790359151.0784588,1.3115000037942082
1790359151.0893383,1.4699680032208562
1790359151.093797,1.6673659847583622
1790359151.0942333,1.4748679823242128
1790359151.104308,1.7568979819770902
1790359151.1049142,1.6928089899010956
1790359151.1065147,1.2127060035709292
1790359151.109521,1.6084000235423446
1790359151.117295,1.6554039902985096
1790359151.118168,1.7821369983721524
1790359151.1298137,2.5891810073517263
1790359151.1298726,2.1283499954733998
1790359151.130247,1.673697988735512
1790359151.1344497,1.7884609987959266
1790359151.1353748,1.5819569816812873
1790359151.1415315,1.6812730173114687
1790359151.1467445,1.3377279974520206
1790359151.148442,1.3440870097838342
1790359151.1549366,1.4598410052713007
1790359151.1575146,1.5697309863753617
1790359151.159004,1.5756840002723038
1790359151.1643963,2.8626109997276217
1790359151.1647022,2.6465620030649006
1790359151.165639,1.941877999342978
1790359151.1674914,1.8439099949318916
1790359151.1685655,1.8661220092326403
1790359151.1742992,3.289168991614133
1790359151.1751833,2.751781023107469
1790359151.1758902,4.185464000329375
1790359151.17598,2.1964909974485636
1790359151.1857166,1.9835889979731292
1790359151.1951816,1.7315000004600734
1790359151.2058156,2.0311970147304237
1790359151.2099671,1.5336640062741935
1790359151.2155454,1.862299017375335
1790359151.2158692,1.6423890192527324
1790359151.2261605,1.6532700101379305
1790359151.235957,1.4258400187827647
1790359151.2400453,1.6481990169268101
1790359151.2449467,1.3491520076058805
1790359151.249563,2.5873080012388527
1790359151.2501876,3.6781340022571385
1790359151.2502735,2.5994059978984296
1790359151.2510366,1.4639190048910677
1790359151.2614517,1.588477985933423
1790359151.2827604,1.8358019879087806
1790359151.2898376,2.0233749819453806
1790359151.2925785,1.3992520107422024
1790359151.2952836,1.28301398945041
1790359151.298399,1.7166470061056316
1790359151.30233,1.4019389927852899
1790359151.3049643,1.5485630137845874
1790359151.3082757,1.9091319991275668
1790359151.3085544,1.5585579967591912
1790359151.311976,2.4006620224099606
1790359151.3121254,2.0286559883970767
1790359151.3125331,1.5753140032757074
1790359151.319012,2.857965009752661
1790359151.319144,2.493759006028995
1790359151.320125,1.6159219958353788
1790359151.3234642,1.9498850160744041
1790359151.3272414,1.5317499928642064
1790359151.336058,1.499590987805277
1790359151.3407798,1.4839619980193675
1790359151.3426027,1.3714709784835577
1790359151.3445084,1.4064070128370076
1790359151.3445773,1.9643599807750434
1790359151.3657818,2.276560990139842
1790359151.3658674,2.4535160046070814
1790359151.3671741,1.2173310096841305
1790359151.3743134,1.3838839950039983
1790359151.3774407,2.5203089753631502
1790359151.3782423,2.3045810230541974
1790359151.3783185,2.9937360086478293
1790359151.3790867,1.2810599873773754
1790359151.3807757,1.206824992550537
1790359151.3843422,1.2201039935462177
1790359151.385555,1.2045059993397444
1790359151.3885283,1.3074330054223537
1790359151.389046,1.237320015206933
1790359151.4022188,2.3379509802907705
1790359151.4035966,3.005122998729348
1790359151.404236,3.0898749828338623
1790359151.4090047,1.4848290011286736
1790359151.4095223,1.2649570126086473
1790359151.4136362,1.6156580240931362
1790359151.4168832,1.224496023496613
1790359151.4255924,1.3762150192633271
1790359151.4274864,1.2057610147166997
1790359151.438635,2.071872993838042
1790359151.448105,1.4260940079111606
1790359151.4505427,1.3088209962006658
1790359151.4564729,1.661257992964238
1790359151.4619966,1.9711920176632702
1790359151.4626758,1.5194120060186833
1790359151.464551,1.2080059968866408
1790359151.475868,1.3832279946655035
1790359151.480015,1.4964570000302047
1790359151.4834144,1.5675690083298832
1790359151.4849808,1.5546049980912358
1790359151.4886212,1.370833022519946
1790359151.4992297,1.537167001515627
1790359151.514053,1.8291010055691004
1790359151.516508,1.5535870043095201
1790359151.526613,1.5279980143532157
1790359151.5306306,2.2343470191117376
1790359151.5307014,1.8810559995472431
1790359151.537871,1.3688559993170202
1790359151.5529616,2.132465015165508
1790359151.5562766,1.3447290111798793
1790359151.5591433,1.2631599965970963
1790359151.5624182,2.3652120144106448
1790359151.562486,1.8958479922730476
1790359151.564322,1.239368022652343
1790359151.5667675,1.3921509962528944
1790359151.5728223,1.6246489831246436
1790359151.573219,1.597958995262161
1790359151.5747824,1.2092579854652286
1790359151.5780602,1.360476977424696
1790359151.5798988,1.235333998920396
1790359151.5834918,1.79372398997657
1790359151.5912108,1.5770189929753542
1790359151.5963368,2.173559012589976
1790359151.5976086,2.933476003818214
1790359151.5981615,2.355153003009036
1790359151.599527,1.9102040096186101
1790359151.5996487,2.914230019086972
1790359151.6190238,1.650585007155314
1790359152.1824121,2.159545023459941
1790359152.1903672,2.1179449977353215
1790359152.1965775,1.8194200238212943
1790359152.2025812,1.6677840030752122
1790359152.2034533,1.6874480061233044
1790359152.209219,1.5294580080080777
1790359152.2133703,1.3267520116642118
1790359152.2325077,2.6864820101764053
1790359152.2326567,2.146860002540052
1790359152.2339354,1.2696259946096689
1790359152.2372987,1.1765829985961318
1790359152.2479877,2.005021000513807
1790359152.2490778,2.0140489796176553
1790359152.2499795,1.509673020336777
1790359152.2517526,1.21190698700957
1790359152.2566848,1.8250379944220185
1790359152.2621994,1.3086969847790897
1790359152.2638338,1.187877991469577
1790359152.2800171,1.800862024538219
1790359152.2854426,1.5948129876051098
1790359152.2877538,2.1080680016893893
1790359152.2892687,3.1929270189721137
1790359152.290518,1.9354970136191696
1790359152.290585,2.8209029987920076
1790359152.2951427,1.8866470200009644
1790359152.2952008,1.4893220213707536
1790359152.3015172,1.5068899956531823
1790359152.3083217,1.479377009673044
1790359152.311832,1.2673400051426142
1790359152.3136358,1.3198580127209425
1790359152.3152814,1.3524199894163758
1790359152.3168895,1.1636929993983358
1790359152.3185112,1.1980020208284259
1790359152.3256845,1.3161669776309282
1790359152.3324656,1.6877239977475256
1790359152.332525,2.2471350093837827
1790359152.3360658,1.4989679912105203
1790359152.3361347,1.977377018192783
1790359152.3402967,1.539042015792802
1790359152.3476944,1.9668559834826738
1790359152.347779,2.6404259842820466
1790359152.3480916,1.5247800038196146
1790359152.3568141,1.2907630007248372
1790359152.371138,2.4942430027294904
1790359152.3734605,1.4150880160741508
1790359152.3964307,2.457569004036486
1790359152.400419,1.5166049997787923
1790359152.4042614,1.548900007037446
1790359152.42473,1.6138819919433445
1790359152.428047,1.7047639994416386
1790359152.4332447,1.5354039787780493
1790359152.4419124,1.5627029933966696
1790359152.4470022,1.3763369934167713
1790359152.454577,2.699165022931993
1790359152.4552329,2.0082099945284426
1790359152.4579842,1.4201700105331838
1790359152.4592597,1.1770010169129819
1790359152.4631367,1.6651719924993813
1790359152.4637764,1.6112650046125054
1790359152.46916,2.2367420024238527
1790359152.4733036,1.7219349974766374
1790359152.4739516,1.447306014597416
1790359152.4779873,1.77044901647605
1790359152.4813523,1.3513430021703243
1790359152.4857013,1.4557079994119704
1790359152.487667,1.2509360094554722
1790359152.491391,1.5573109849356115
1790359152.4920611,1.4166049950290471
1790359152.5020852,1.9313259981572628
1790359152.520959,1.8776729993987828
1790359152.5234227,1.4731539995409548
1790359152.5246692,1.237989985384047
1790359152.5395713,1.7703259945847094
1790359152.5441515,1.970693003386259
1790359152.5460951,1.3584129919763654
1790359152.5728366,1.7127140017692
1790359152.5773141,1.5792839985806495
1790359152.5869484,1.4998990227468312
1790359152.5899742,2.5033839920070022
1790359152.5907257,2.687081985641271
1790359152.59101,2.401607984211296
1790359152.5943844,1.2667730043176562
1790359152.600873,1.480906008509919
1790359152.6109128,1.8178400059696287
1790359152.6224384,1.6262730059679598
1790359152.627269,1.5016399847809225
1790359152.6318047,1.9824619812425226
1790359152.6324933,1.735019002808258
1790359152.6346617,1.4613030070904642
1790359152.6418161,1.7302840133197606
1790359152.6453931,1.2402200081851333
1790359152.647805,1.9455230212770402
1790359152.6484122,2.1492730011232197
1790359152.6542387,1.3626969885081053
1790359152.665135,2.6951019826810807
1790359152.6677947,1.9030180119443685
1790359152.6687086,1.3524289824999869
1790359152.6700048,1.2121269828639925
1790359152.672999,1.12163697485812
1790359152.6775293,1.4943669957574457
1790359152.6777992,1.3077289913780987
1790359152.6851296,1.3827189977746457
1790359152.6941364,2.0202269952278584
1790359152.6953049,2.2679480025544763
1790359152.6970117,1.6929389967117459
1790359152.711666,1.5228929987642914
1790359152.7147267,1.427844981662929
1790359152.71665,1.3879259931854904
1790359152.7201226,1.5737659996375442
1790359152.720527,1.5393940266221762
1790359152.732071,1.8172030104324222
1790359152.7380483,1.3653369969688356
1790359152.7386117,1.4083389833103865
1790359152.751872,1.4694480050820857
1790359152.7531888,1.3069560227449983
1790359152.7619162,1.7204289906658232
1790359152.7679594,1.4362130023073405
1790359152.7728891,3.756572987185791
1790359152.7737215,3.948255005525425
1790359152.7738702,3.394942992599681
1790359152.7741282,2.177648013457656
1790359152.7783098,1.4756850141566247
1790359152.7792556,1.6521820216439664
1790359152.7815232,1.343092997558415
1790359152.7838562,1.1634069960564375
1790359152.7928224,1.4490659814327955
1790359152.8122182,3.605921985581517
1790359152.812415,4.348669986939058
1790359152.8148983,3.232963994378224
1790359152.8159404,3.1882520124781877
1790359152.8163738,2.087445027427748
1790359152.8400478,1.7593489901628345
1790359152.8416378,1.4037639775779098
1790359152.8528996,1.5459360147360712
1790359152.8555193,1.358979003271088
1790359152.857826,1.6068959957920015
1790359152.857881,2.0805380190722644
1790359152.8613062,1.3535729958675802
1790359152.8822794,1.7862410168163478
1790359152.8898528,1.5159239992499352
1790359152.894463,1.975131977815181
1790359152.8988595,1.711482007522136
1790359152.9118156,2.040427003521472
1790359152.9137058,1.4398850034922361
1790359152.9206316,1.4384180249180645
1790359152.9234104,1.2785760045517236
1790359152.9427333,2.229639998404309
1790359152.9478734,1.4901930117048323
1790359152.9526007,1.3975909969303757
1790359152.9590626,1.9738089758902788
1790359152.9600794,1.867490995209664
1790359152.9612794,1.1910200119018555
1790359152.9676383,1.4096020022407174
1790359152.968802,2.142675017239526
1790359152.9701192,2.123803016729653
1790359152.970752,1.542103011161089
1790359152.9721794,1.233843999216333
1790359152.9871528,2.1388049935922027
1790359152.99077,1.5586839872412384
1790359152.9939244,2.9922590183559805
1790359152.9982474,1.2015350221190602
1790359153.0041168,1.5690639847889543
1790359153.004747,1.312421023612842
1790359153.008732,1.4537989918608218
1790359153.0221353,1.858655974501744
1790359153.0231173,1.3993210159242153
1790359153.0262182,1.5515910054091364
1790359153.0300975,1.3145609991624951
1790359153.0373528,1.569941989146173
1790359153.0382278,1.5534839767497033
1790359153.0494537,1.5189939877018332
1790359153.05264,1.4548269973602146
1790359153.0562067,1.317546993959695
1790359153.071361,1.986120012588799
1790359153.072121,1.603126002009958
1790359153.0743415,1.4244920166675001
1790359153.0771124,1.3085649989079684
1790359153.0798864,1.335553009994328
1790359153.0921826,1.6445540240965784
1790359153.0941477,1.557387993671
1790359153.1087267,1.7290870018769056
1790359153.111809,1.4401600055862218
1790359153.114392,1.3572360039688647
1790359153.1174605,1.5468249912373722
1790359153.123861,2.0731579861603677
1790359153.1289222,1.5605940134264529
1790359153.1414244,3.1240689859259874
1790359153.1414855,2.2394460102077574
1790359153.1519184,1.6517209878657013
1790359153.1519825,2.2957140172366053
1790359153.1604478,2.537854015827179
1790359153.1605234,2.0281390170566738
1790359153.1626728,1.3440449838526547
1790359153.1676397,1.4325779920909554
1790359153.1700768,1.9519259803928435
1790359153.1710196,1.7928760207723826
1790359153.182305,3.713500016601756
1790359153.1832662,3.4445259952917695
1790359153.1834202,2.8404459881130606
1790359153.1839938,2.243844006443396
1790359153.1845303,1.6309920174535364
1790359153.187573,1.3422509946394712
1790359153.1932006,1.5480060246773064
1790359153.1938503,1.3731140061281621
1790359153.202178,1.5028060006443411
1790359153.208446,1.5489200013689697
1790359153.2103834,1.5165669901762158
1790359153.2149704,1.722690009046346
1790359153.222764,1.9892640120815486
1790359153.2352436,1.540119992569089
1790359153.2413812,1.9317740225233138
1790359153.242028,1.4942580019123852
1790359153.2523165,1.6195510106626898
1790359153.252686,1.4668829971924424
1790359153.256743,1.4353359874803573
1790359153.267498,1.5444970049429685
1790359153.2681687,1.4365029928740114
1790359153.276672,1.6127420240081847
1790359153.2816482,1.4768920082133263
1790359153.2841191,1.393496000673622
1790359153.288177,1.3657250092364848
1790359153.2941763,1.993251993553713
1790359153.2956727,2.6126739976461977
1790359153.2968109,1.8833100039046258
1790359153.299334,1.5855689998716116
1790359153.2998598,1.510116009740159
1790359153.3034115,1.676137006143108
1790359153.3054564,1.8940669833682477
1790359153.305783,1.5414240187965333
1790359153.3086407,1.5855619858484715
1790359153.308929,1.4218770083971322
1790359153.3139029,1.4384410169441253
1790359153.3163047,1.4735510048922151
1790359153.3167245,1.418569008819759
1790359153.323414,1.5707779966760427
1790359153.3272,1.3484160008374602
1790359153.3333185,1.61437300266698
1790359153.3333757,2.1283480164129287
1790359153.3407235,1.635665015783161
1790359153.3428895,1.2614479928743094
1790359153.359239,1.727066992316395
1790359153.3599408,1.6813080001156777
1790359153.3648467,1.3479850022122264
1790359153.3689709,1.4678240113426
1790359153.37167,1.6775279946159571
1790359153.3722706,1.2337439984548837
1790359153.376062,1.6593679902143776
1790359153.3771555,1.976808998733759
1790359153.3781254,1.9068889960180968
1790359153.3796473,1.3496920000761747
1790359153.381239,1.1963420256506652
1790359153.3839836,1.2347199954092503
1790359153.3981295,2.4823849962558597
1790359153.3984416,3.4289259929209948
1790359153.3986218,2.364749991102144
1790359153.4000807,1.45041398354806
1790359153.4108634,1.7937090015038848
1790359153.416242,1.4528500032611191
1790359153.4227817,1.5045379986986518
1790359153.4351811,1.7500750254839659
1790359153.447649,1.6496769967488945
1790359153.4514687,2.368882007431239
1790359153.4527314,2.4780889798421413
1790359153.4548035,1.856569986557588
1790359153.4554572,2.016868005739525
1790359153.456294,1.4801149955019355
1790359153.4635856,2.1880540007259697
1790359153.463643,1.74985799822025
1790359153.471131,1.3686860038433224
1790359153.4732313,1.2539309973362833
1790359153.480781,1.7352929862681776
1790359153.4814765,1.5516259882133454
1790359153.4874148,1.5103079786058515
1790359153.4967682,2.3372510040644556
1790359153.4968283,1.8967840005643666
1790359153.4996357,1.470818999223411
1790359153.5095668,1.506764005171135
1790359153.5226257,1.8359380192123353
1790359153.5269039,1.4863459800835699
1790359153.5294309,1.2961839966010302
1790359153.545105,1.5742039831820875
1790359153.5501628,1.5397829993162304
1790359153.5593975,1.6391920216847211
1790359153.5726085,1.629878010135144
1790359153.575355,1.7378649790771306
1790359153.575943,1.457468984881416
1790359153.5803993,1.2657399929594249
1790359153.5849082,1.3210790057200938
1790359153.5947778,1.4109379844740033
1790359153.6006844,3.0927659827284515
1790359153.600806,4.0498469898011535
1790359153.6027107,1.3271500065457076
1790359153.604764,1.2384479923639446
1790359153.6063304,1.1730469996109605
1790359153.6090572,1.2358000094536692
1790359153.612634,1.5995870053302497
1790359153.6197915,3.1084610091056675
1790359153.6209812,3.283329016994685
1790359153.6212444,2.5363279855810106
1790359153.6213162,2.1020359999965876
1790359153.6226528,1.1571740033105016
1790359153.6258078,1.3507720141205937
1790359153.6294827,1.3570410083048046
1790359153.6325052,1.7631830123718828
1790359153.633863,1.348551013506949
1790359153.637466,1.3414810237009078
1790359153.6379735,1.3110520085319877
1790359153.6438537,1.4985159796196967
1790359153.6452327,1.26605702098459
1790359153.649237,1.3278429978527129
1790359153.6508234,1.3463399955071509
1790359153.6529915,1.1569639900699258
1790359153.6635404,1.6229010070674121
1790359153.6679142,1.3414400164037943
1790359153.6815994,2.0904240082018077
1790359153.7048955,1.7491600010544062
1790359153.7077312,1.6845139907673001
1790359153.7080364,1.5032369992695749
1790359153.7179465,1.5177669993136078
1790359153.7201967,1.8373499915469438
1790359153.7231987,1.4195209951139987
1790359153.727239,1.2386410089675337
1790359153.7296839,1.3616880169138312
1790359153.7330918,1.2242599914316088
1790359153.7405143,1.600059011252597
1790359153.74259,1.2767710140906274
1790359153.747192,1.5950759989209473
1790359153.7540717,1.3150169979780912
1790359153.7602108,1.4604500029236078
1790359153.7643602,1.3355439878068864
1790359153.782125,1.6837169823702425
1790359153.783745,1.3446820084936917
1790359153.7876198,1.4015760098118335
1790359153.7984364,1.4728679961990565
1790359153.8018856,2.72156999562867
1790359153.802762,2.528248995076865
1790359153.802837,3.1985540117602795
1790359153.8059552,1.3840350147802383
1790359153.8078249,1.2355759972706437
1790359153.8216965,1.9266960152890533
1790359153.8238626,1.4269000093918294
1790359153.8251493,1.2773209891747683
1790359153.8316803,1.5259989886544645
1790359153.8398736,1.4051499892957509
1790359153.8442996,1.8351689795963466
1790359153.846851,1.361216010991484
1790359153.862106,2.129995991708711
1790359153.8649933,1.651547005167231
1790359153.8658404,1.7994130030274391
1790359153.86725,1.4008150028530508
1790359153.8691576,1.8963789916597307
1790359153.8710375,2.0309359824750572
1790359153.8755722,1.8050220096483827
1790359153.9004025,2.8969449922442436
1790359153.9008415,2.753576001850888
1790359153.9019735,1.5565089997835457
1790359153.9057646,1.6675319930072874
1790359153.9132152,1.8782719853334129
1790359153.9237518,2.4013229995034635
1790359153.9248574,1.6017509915400296
1790359153.934865,1.6771920199971646
1790359153.9422262,1.4172919909469783
1790359153.943934,1.5114940179046243
1790359153.9563928,1.676470012171194
1790359153.957927,1.5223629889078438
1790359153.9595819,1.479822996770963
1790359153.9629707,1.287876017158851
1790359153.9720917,1.4675490092486143
1790359153.974925,1.44648298737593
1790359153.9813173,1.4786779938731343
1790359153.9899547,1.7882460088003427
1790359153.991748,2.654481999343261
1790359153.9927442,2.5977409968618304
1790359153.9928153,2.012184006161988
1790359154.0141065,1.9313330121804029
1790359154.0149388,1.7153449880424887
1790359154.0214338,1.8260189972352237
1790359154.0240464,1.3819820014759898
1790359154.0260527,1.7797680047806352
1790359154.0285156,1.3975040055811405
1790359154.0348089,1.4761109778191894
1790359154.0556154,1.6034419822972268
1790359154.0616486,1.493152987677604
1790359154.0693178,1.8481609877198935
1790359154.0752401,2.302295994013548
1790359154.0755937,1.7595409881323576
1790359154.0841198,1.7363640072289854
1790359154.0912426,2.0295960130169988
1790359154.0915287,1.6737690020818263
1790359154.1118963,1.6385499911848456
1790359154.1168644,1.6002479824237525
1790359154.1211872,1.7643280152697116
1790359154.1238241,1.8392610072623938
1790359154.1310515,2.2394359984900802
1790359154.1313426,2.957015996798873
1790359154.1314318,2.164125005947426
1790359154.1449533,1.7695159767754376
1790359154.1516356,1.6356490086764097
1790359154.1574266,1.9095619791187346
1790359154.1643085,2.0530259935185313
1790359154.1653507,1.5461599978152663
1790359154.1823528,2.666276996023953
1790359154.1833272,2.5483740027993917
1790359154.1843617,2.194152999436483
1790359154.1851897,1.6230680048465729
1790359154.1876924,1.5366960142273456
1790359154.189398,1.695343991741538
1790359154.1906538,2.1260369976516813
1790359154.1912422,1.4030260208528489
1790359154.1966984,1.3634670176543295
1790359154.2020755,1.5914459945634007
1790359154.2096837,3.8398710021283478
1790359154.2111363,3.7240060046315193
1790359154.21301,4.5153490209486336
1790359154.2145176,5.371427978388965
1790359154.2146475,3.498002013657242
1790359154.2150886,1.9195259956177324
1790359154.2211444,1.8084130133502185
1790359154.2313457,1.7999899864662439
1790359154.234808,1.751685980707407
1790359154.2365587,1.7370209970977157
1790359154.238778,2.035486977547407
1790359154.240419,1.6296130197588354
1790359154.2519784,2.465714991558343
1790359154.2527733,1.7198369896505028
1790359154.2583227,2.0103419956285506
1790359154.2640588,1.402432972099632
1790359154.267919,1.4954259968362749
1790359154.2685063,1.462482992792502
1790359154.2714434,1.8315489869564772
1790359154.2747815,1.4604119933210313
1790359154.283851,1.806095999199897
1790359154.2846248,1.752095005940646
1790359154.2855175,1.6552070155739784
1790359154.287756,1.8878630071412772
1790359154.289599,1.6869620012585074
1790359154.2914877,1.63577901548706
1790359154.2947276,1.349418016616255
1790359154.2955508,1.6387079958803952
1790359154.2964265,1.680651999777183
1790359154.3053226,2.95498498599045
1790359154.319304,3.118787019047886
1790359154.3202283,3.4860360028687865
1790359154.3243048,3.5845689999405295
1790359154.3258958,2.625841007102281
1790359154.3293262,1.7123030265793204
1790359154.3312333,1.8068950157612562
1790359154.3318696,1.318658993113786
1790359154.3391461,1.9923629879485816
1790359154.3422985,3.1417820136994123
1790359154.3423731,2.515957981813699
1790359154.3433383,2.7079959982074797
1790359154.3520439,1.7473320185672492
1790359154.359873,2.390673995250836
1790359154.3599498,3.0085660109762102
1790359154.3621862,2.1420620032586157
1790359154.362508,1.9649189780466259
1790359154.3710544,2.5732379872351885
1790359154.3732708,1.4058589877095073
1790359154.3749003,1.2904340110253543
1790359154.3775048,1.291384978685528
1790359154.3812551,2.2727290051989257
1790359154.3826826,2.035921992501244
1790359154.3827922,3.0149399826768786
1790359154.390058,2.0560520060826093
1790359154.392405,1.428360992576927
1790359154.394764,1.6365909832529724
1790359154.3974855,2.195840992499143
1790359154.3980114,2.0910559978801757
1790359154.3985746,2.1105539926793426
1790359154.410276,1.6411330143455416
1790359154.4195383,2.508667006623
1790359154.4253125,2.4460669956170022
1790359154.4256153,2.2152779856696725
1790359154.4488442,2.7866970049217343
1790359154.4500062,2.363917010370642
1790359154.4536817,1.824400998884812
1790359154.4591894,1.5253750025294721
1790359154.4700718,1.819286000682041
1790359154.475931,1.7163680167868733
1790359154.4772003,2.3816089960746467
1790359154.483386,1.5348040033131838
1790359154.4902506,3.5682389861904085
1790359154.4906425,3.29137101653032
1790359154.491441,2.7032459911424667
1790359154.491703,1.4408999995794147
1790359154.4970264,1.5199070039670914
1790359154.50083,1.970020995941013
1790359154.505453,1.3736159889958799
1790359154.510571,1.5456399996764958
1790359154.5162888,1.7567139875609428
1790359154.5296075,1.57042799401097
1790359154.5318391,1.3630420144181699
1790359154.5364623,1.443007990019396
1790359154.545201,1.3775650004390627
1790359154.5542226,1.7932599876075983
1790359154.5564854,1.360254012979567
1790359154.559082,1.2781769910361618
1790359154.574875,1.8248619744554162
1790359154.5780194,1.8056179978884757
1790359154.586076,1.4781820063944906
1790359154.5879235,1.3071330031380057
1790359154.595222,1.706853974610567
1790359154.5989232,1.4492239861283451
1790359154.6038983,1.348471996607259
1790359154.6095648,1.7296670121140778
1790359154.6159713,1.5476910048164427
1790359154.6190088,1.7055179923772812
1790359154.6190784,2.2003799967933446
1790359154.6266842,2.211057988461107
1790359154.627822,1.5555940044578165
1790359154.6447258,1.680804998613894
1790359154.6468303,1.464389992179349
1790359154.647577,1.6538860218133777
1790359154.6530893,1.3519310159608722
1790359154.6572273,2.296340011525899
1790359154.661014,2.0178989798296243
1790359154.6650224,1.678941014688462
1790359154.6670659,1.4249400119297206
1790359154.6772034,1.622520008822903
1790359154.6778345,1.4405509864445776
1790359154.6902788,1.9603789842221886
1790359154.6924255,2.1353329939302057
1790359154.6927094,1.9572839955799282
1790359154.7124817,1.733423996483907
1790359154.719498,1.5012889925856143
1790359154.7304096,1.939678011694923
1790359154.7332778,1.3515720202121884
1790359154.746514,1.3744659954681993
1790359154.7490213,1.7824570240918547
1790359154.7510526,1.493232004577294
1790359154.7645614,2.5430780078750104
1790359154.7720954,1.714840007480234
1790359154.7747273,1.3784329930786043
1790359154.7849822,1.4944540162105113
1790359154.79386,1.6932640282902867
1790359154.8063118,1.5485489857383072
1790359154.8093972,2.0271510002203286
1790359154.8155603,1.5521599852945656
1790359154.81856,1.669038989348337
1790359154.8194451,1.6162179817911237
1790359154.8229716,1.2569529935717583
1790359154.8269494,1.3164339761715382
1790359154.8331852,1.7857349885161966
1790359154.8342009,1.4438509824685752
1790359154.8370972,2.9663740133401006
1790359154.837574,2.851844998076558
1790359154.838526,2.138632000423968
1790359154.8393328,4.117094998946413
1790359154.8406947,1.716263999696821
1790359154.8407562,2.221827016910538
1790359154.8518782,1.6608730074949563
1790359154.8525422,1.345825003227219
1790359154.8649054,1.7510019824840128
1790359154.864971,2.32420300017111
1790359154.871443,2.4533779942430556
1790359154.8719337,1.9142709788866341
1790359154.8723295,1.793684990843758
1790359154.8840346,1.3769369979854673
1790359154.889154,1.5763450064696372
1790359154.893291,1.2516889837570488
1790359154.8982956,1.320075010880828
1790359154.9027395,1.5000580169726163
1790359154.9045234,1.7748220125213265
1790359154.9066796,1.2980820029042661
1790359154.9078422,1.1541960120666772
1790359154.9095688,1.2548150261864066
1790359154.9150474,1.3825019996147603
1790359154.9244194,1.5022640000097454
1790359154.9258502,1.421485998434946
1790359154.9306269,1.6024599899537861
1790359154.934945,1.6968779964372516
1790359154.9393523,1.495289005106315
1790359154.9397888,1.4185410109348595
1790359154.9465263,1.4850620063953102
1790359154.9478388,1.3008269888814539
1790359154.9522257,2.2764560126233846
1790359154.9525113,1.5327089931815863
1790359154.9532862,1.4431949821300805
1790359154.9598854,1.5281119849532843
1790359154.9662194,1.4651010278612375
1790359154.9701853,1.5788789896760136
1790359154.9714403,1.2465410109143704
1790359154.987756,1.53810199117288
1790359154.996421,1.5692609886173159
1790359154.9997618,2.5236439832951874
1790359155.0004086,2.1643740183208138
1790359155.000482,2.591534983366728
1790359155.0036974,1.4448089932557195
1790359155.0079567,1.2418059923220426
1790359155.010758,1.9241909903939813
1790359155.0125058,1.257685973541811
1790359155.0253367,2.2233299969229847
1790359155.0272863,1.9338940037414432
1790359155.0281048,2.108743996359408
1790359155.028747,1.4505930012091994
1790359155.0385695,1.3224510184954852
1790359155.0451488,2.0265420025680214
1790359155.0486722,3.1827340135350823
1790359155.0496054,4.445416008820757
1790359155.0499063,5.984877003356814
1790359155.0504775,4.285370989236981
1790359155.0589848,2.1664609957952052
1790359155.0612385,1.8058189889416099
1790359155.0687525,1.3220419932622463
1790359155.0739992,1.509638997958973
1790359155.0831804,1.9041889754589647
1790359155.0840998,1.3059540069662035
1790359155.087539,1.2979930033907294
1790359155.0913303,1.4173689996823668
1790359155.1029346,1.4444109983742237
1790359155.107582,1.5837459941394627
1790359155.110001,1.3724189775530249
1790359155.1208546,2.800023998133838
1790359155.1209881,2.4857269891072065
1790359155.1215274,1.9701400015037507
1790359155.1284592,1.309910003328696
1790359155.1296608,1.1933210189454257
1790359155.135808,1.8200019840151072
1790359155.137257,2.3653850075788796
1790359155.1389859,3.1671329925302416
1790359155.1410782,4.417843010742217
1790359155.1412058,3.9370910089928657
1790359155.141279,2.8902659832965583
1790359155.1417432,2.349860005779192
1790359155.146968,1.629876991501078
1790359155.1534498,1.3025070074945688
1790359155.1597428,1.5312460018321872
1790359155.1605172,1.837068994063884
1790359155.1693583,1.5829869953449816
1790359155.172348,1.3181229878682643
1790359155.1917129,1.7416180053260177
1790359155.1998522,1.7128480249084532
1790359155.2045794,1.5531649987678975
1790359155.2070026,1.3345660117920488
1790359155.212935,1.2807339953724295
1790359155.2142599,1.2501720048021525
1790359155.2189262,1.18317297892645
1790359155.2265992,1.902501011500135
1790359155.2312474,1.3804119953420013
1790359155.2424912,5.562774982536212
1790359155.2425923,4.13435700465925
1790359155.2431676,2.761890005785972
1790359155.2483375,1.408220996381715
1790359155.2511625,1.6030200058594346
1790359155.2554853,2.506953984266147
1790359155.256111,1.6630979953333735
1790359155.2661188,1.3937800249550492
1790359155.2788355,1.7669869994278997
1790359155.2894552,1.768273999914527
1790359155.2915502,1.3215370126999915
1790359155.3050241,1.717696024570614
1790359155.3085856,1.412826997693628
1790359155.3117287,3.1328680051956326
1790359155.3120096,2.3047720023896545
1790359155.312363,1.8029549974016845
1790359155.3174677,1.7347410030197352
1790359155.32165,2.083255007164553
1790359155.3224173,1.7251809767913073
1790359155.3366706,1.8546069914009422
1790359155.3395238,1.406769995810464
1790359155.3434796,1.4103100111242384
1790359155.3539436,2.2790090006310493
1790359155.3546522,1.6373959952034056
1790359155.3638139,1.4530530024785548
1790359155.36742,1.2431069917511195
1790359155.3734775,1.3626989966724068
1790359155.3748386,1.2687680136878043
1790359155.3785958,1.4475229836534709
1790359155.3821936,1.310435007326305
1790359155.3905833,1.4417750062420964
1790359155.395063,1.3487589894793928
1790359155.4028063,2.3736409784760326
1790359155.4029577,3.266185987740755
1790359155.4036758,2.7818760136142373
1790359155.4139292,1.8272479937877506
1790359155.4164474,1.57001698971726
1790359155.4165113,2.103984006680548
1790359155.423739,1.6363179893232882
1790359155.453215,1.850747998105362
1790359155.4642053,1.4620650035794824
1790359155.4658957,1.4108380128163844
1790359155.4738858,1.4298819878604263
1790359155.47552,1.309770974330604
1790359155.4789836,1.2988450180273503
1790359155.4868302,1.7988769977819175
1790359155.4877372,1.6367550124414265
1790359155.4922955,1.4923590060789138
1790359155.493971,1.2785989965777844
1790359155.502776,1.7216379928868264
1790359155.5163333,2.1358869853429496
1790359155.529,1.5813130012247711
1790359155.534532,3.088516998104751
1790359155.53835,1.4313700085040182
1790359155.542489,1.407329022185877
1790359155.5444078,1.2076680141035467
1790359155.5548482,1.421380991814658
1790359155.5625806,1.820217992644757
1790359155.5870113,1.6832369728945196
1790359155.5945058,1.714815996820107
1790359155.595644,1.8877380061894655
1790359155.6106308,1.71163200866431
1790359155.615794,1.8138139857910573
1790359155.620703,1.4381950022652745
1790359155.630749,1.7155729874502867
1790359155.6385968,1.7304159991908818
1790359155.643702,1.6693980142008513
1790359155.650931,4.069679009262472
1790359155.651148,2.8350969951134175
1790359155.6517828,4.116248979698867
1790359155.6518478,2.487757010385394
1790359155.653323,1.1897709919139743
1790359155.666612,3.053973021451384
1790359155.666734,2.680656994925812
1790359155.666818,2.629380003781989
1790359155.67469,1.455224002711475
1790359155.676235,1.3188810262363404
1790359155.6778753,1.3068519765511155
1790359155.6863694,1.8141400068998337
1790359155.6899362,1.622821990167722
1790359155.690832,1.6482879873365164
1790359155.6969032,1.2350200267974287
1790359155.6992507,1.727702998323366
1790359155.700126,2.0163309818599373
1790359155.701592,2.3288940137717873
1790359155.7100496,1.5707369893789291
1790359155.714171,1.5097710129339248
1790359155.7189014,1.320750976447016
1790359155.7282724,1.3858059828635305
1790359155.731903,2.2814440017100424
1790359155.7334433,2.094919007504359
1790359155.733986,1.3326570042409003
1790359155.7360148,1.3009180256631225
1790359155.7410827,1.3736429973505437
1790359155.7462928,2.2269280161708593
1790359155.7471704,2.1544320043176413
1790359155.7476366,1.7941799887921661
1790359155.7491715,1.5210959827527404
1790359155.7644145,2.1533319959416986
1790359155.765634,2.7899210108444095
1790359155.7664843,2.0573609799612314
1790359155.7682366,1.6384240007027984
1790359155.7785182,1.7557539977133274
1790359155.7793562,1.9638920202851295
1790359155.7813272,1.3579829828813672
1790359155.7865481,1.4686959912069142
1790359155.7908943,1.3665510050486773
1790359155.7936468,1.3326079933904111
1790359155.798781,3.2687759958207607
1790359155.7988405,3.7350959901232272
1790359155.808492,1.5407809987664223
1790359155.8176734,1.3464090006891638
1790359155.8229623,1.7950070032384247
1790359155.8244877,1.5138519811443985
1790359155.825167,1.3785120099782944
1790359155.8270972,1.3768330099992454
1790359155.827494,1.3535170000977814
1790359155.8315337,1.2566089862957597
1790359155.8347182,1.8734759942162782
1790359155.8347876,1.5818899846635759
1790359155.8383183,1.3230799813754857
1790359155.845771,1.580737007316202
1790359155.84758,1.3110199943184853
1790359155.8500493,1.262642996152863
1790359155.8626132,1.5660799981560558
1790359155.8689923,2.7905489841941744
1790359155.869344,3.207923989975825
1790359155.8873327,1.5741359966341406
1790359155.894463,1.3693970104213804
1790359155.8976033,1.5547150105703622
1790359155.902406,1.5271229785867035
1790359155.9107473,1.4825889957137406
1790359155.9125507,1.6437600133940578
1790359155.921909,1.4705079956911504
1790359155.9282353,2.151396998669952
1790359155.92912,2.0942239789292216
1790359155.931232,1.3459990150295198
1790359155.9326015,1.3499449996743351
1790359155.9339595,1.3503340014722198
1790359155.940777,1.5605830121785402
1790359155.942293,1.5011630021035671
1790359155.9504745,1.8732290191110224
1790359155.975117,1.8260820070281625
1790359155.9804223,2.328021015273407
1790359155.9822218,2.576703001977876
1790359155.985717,1.4520029944833368
1790359155.9879954,1.5614249859936535
1790359155.9914255,1.7873809847515076
1790359155.9958858,1.3513739977497607
1790359156.0007763,2.3439039941877127
1790359156.0067174,1.9889769901055843
1790359156.0088222,1.5441429859492928
1790359156.0128548,1.9858120067510754
1790359156.0270195,2.4980719899758697
1790359156.0277877,1.6937580076046288
1790359156.0340624,1.737345999572426
1790359156.0368838,2.0200639846734703
1790359156.0371602,1.4251229877118021
1790359156.048356,2.0257229916751385
1790359156.0490007,1.8555900023784488
1790359156.0516167,1.471894996939227
1790359156.065941,1.7255120037589222
1790359156.0679982,1.8840940028894693
1790359156.0689213,1.3048980035819113
1790359156.0830054,1.860343007137999
1790359156.0843568,1.341041992418468
1790359156.0859704,1.41640700167045
1790359156.0910554,1.20832200627774
1790359156.0956986,1.7310910043306649
1790359156.0957847,2.2807939967606217
1790359156.1045043,1.3573380128946155
1790359156.110112,1.7127509927377105
1790359156.1108296,1.629645994398743
1790359156.1183305,1.4941449917387217
1790359156.1404703,2.007381001021713
1790359156.143168,2.2159640211611986
1790359156.1517203,2.949899004306644
1790359156.1523418,2.502770017599687
1790359156.164639,1.6670729964971542
1790359156.1668782,1.4685420028399676
1790359156.1686234,1.289522013394162
1790359156.172185,1.5850290074013174
1790359156.1769981,2.496446017175913
1790359156.1772683,2.2781099833082408
1790359156.1773236,1.7061120015569031
1790359156.1830862,1.8168410169892013
1790359156.1840403,1.3838419981766492
1790359156.1924837,2.217458008090034
1790359156.1963377,1.4408270071726292
1790359156.1976068,1.2609080004040152
1790359156.204592,1.2898229761049151
1790359156.2057807,1.1803029919974506
1790359156.2092974,1.4428099966607988
1790359156.213013,1.712859986582771
1790359156.2136366,1.4003659889567643
1790359156.2212117,1.5100349846761674
1790359156.2243226,1.3670969929080456
1790359156.2274342,1.2995849829167128
1790359156.2351272,1.5492279781028628
1790359156.2427123,1.3867150119040161
1790359156.251001,1.491217000875622
1790359156.2555785,1.5482130111195147
1790359156.2619774,1.8344749987591058
1790359156.2635648,1.5747589932288975
1790359156.2703495,1.8077919958159328
1790359156.2730749,1.7784310039132833
1790359156.2773447,1.5741540119051933
1790359156.2987726,1.7474530031904578
1790359156.301276,1.649305981118232
1790359156.3049908,1.9033919961657375
1790359156.3066,1.3021880004089326
1790359156.3125298,2.054741984466091
1790359156.3147705,1.8910009821411222
1790359156.3262012,2.1941110026091337
1790359156.327063,1.8929200014099479
1790359156.347709,1.916986977448687
1790359156.3484008,1.480082981288433
1790359156.3600073,3.541644982760772
1790359156.3620443,3.7874109984841198
1790359156.3622332,3.3335649932269007
1790359156.3635278,2.384608000284061
1790359156.365786,2.906226000050083
1790359156.3666527,2.1507240016944706
1790359156.3667214,3.04938098997809
1790359156.3727977,2.14695101021789
1790359156.3731132,1.6376540006604046
1790359156.378163,1.6107310075312853
1790359156.3804743,1.5397469978779554
1790359156.3830006,1.380346977384761
1790359156.3924809,2.4821610131766647
1790359156.394685,2.186163008445874
1790359156.395229,1.8635390151757747
1790359156.397045,1.8041779985651374
1790359156.401299,2.0214139949530363
1790359156.40353,2.038056991295889
1790359156.407862,1.776938996044919
1790359156.4090242,2.0097900123801082
1790359156.4114726,1.6387440264225006
1790359156.4146082,2.5983289815485477
1790359156.4147055,2.2397580032702535
1790359156.4240675,2.3583399888593704
1790359156.4258556,1.7750150000210851
1790359156.4377892,3.6918539844918996
1790359156.4379342,2.155106980353594
1790359156.438007,2.920251979958266
1790359156.4455757,1.9030429830309004
1790359156.4525867,2.250000019557774
1790359156.4535294,2.1128259832039475
1790359156.4557397,1.5950269880704582
1790359156.4610536,2.0107840246055275
1790359156.4668596,1.9464989891275764
1790359156.4725885,2.1185769874136895
1790359156.473781,2.1620359912049025
1790359156.4747212,1.878091978142038
1790359156.4821918,2.1362440020311624
1790359156.4881253,1.8979720189236104
1790359156.4932578,1.9416070135775954
1790359156.507127,2.2385440242942423
1790359156.514489,2.059382008155808
1790359156.518694,2.181486983317882
1790359156.521629,1.82164300349541
1790359156.523548,1.9057989993598312
1790359156.5243764,2.015513018704951
1790359156.534386,2.1808749879710376
1790359156.5351264,1.9930569978896528
1790359156.5437849,1.8297569768037647
1790359156.555845,1.9001300097443163
1790359156.5568955,2.215617016190663
1790359156.5723033,4.230685997754335
1790359156.5723975,3.1855659908615053
1790359156.573021,3.015658992808312
1790359156.5741696,2.855022990843281
1790359156.5752473,1.521706988569349
1790359156.5866318,2.353228977881372
1790359156.5873766,1.9134569738525897
1790359156.598625,1.935384003445506
1790359156.6036632,1.5386639861389995
1790359156.611279,1.4402260130736977
1790359156.623911,1.5733859909232706
1790359156.6264083,1.901370007544756
1790359156.634263,1.426014001481235
1790359156.6419392,1.3776000123471022
1790359156.650608,3.7747629976365715
1790359156.6518896,3.5823630169034004
1790359156.6621292,1.6833830159157515
1790359156.6640437,1.9021409971173853
1790359156.665141,2.50967699685134
1790359156.6659975,1.7916500219143927
1790359156.669176,1.4759679907001555
1790359156.6790092,1.4135449891909957
1790359156.6805367,1.4412960154004395
1790359156.686017,1.5647929976694286
1790359156.6892943,1.3866900117136538
1790359156.692769,1.638990011997521
1790359156.6968448,1.2853789958171546
1790359156.7034,2.3347399837803096
1790359156.703484,2.0608689810615033
1790359156.7061167,1.4467579894699156
1790359156.716439,1.458774000639096
1790359156.7259626,1.5636000025551766
1790359156.7366028,1.831379981013015
1790359156.7370121,1.699793996522203
1790359156.7391183,1.3400670140981674
1790359156.7411125,1.611004990991205
1790359156.7446992,1.1724740033969283
1790359156.7481835,2.4215339799411595
1790359156.7490342,2.6964760036207736
1790359156.7501802,3.025239013368264
1790359156.750271,4.855584993492812
1790359156.7538295,1.751308998791501
1790359156.7543654,1.381403999403119
1790359156.7613692,1.2310589954722673
1790359156.7645628,1.3496539904735982
1790359156.774449,1.8534429837018251
1790359156.7823288,1.5015619865152985
1790359156.7896926,1.6836260037962347
1790359156.7923245,1.6530379944015294
1790359156.7930365,1.5793420025147498
1790359156.8015409,2.0672419923357666
1790359156.802293,1.6329229983966798
1790359156.8066032,2.697513991734013
1790359156.8075159,2.4762249959167093
1790359156.8082144,2.406390995020047
1790359156.8091872,1.6624020063318312
1790359156.8202007,1.6702669963706285
1790359156.8373437,1.621586998226121
1790359156.842445,1.4532329805660993
1790359156.8476195,1.7434559995308518
1790359156.847714,2.3146239982452244
1790359156.8498514,1.3278439873829484
1790359156.857181,1.253130001714453
1790359156.8689647,2.4401129921898246
1790359156.869663,1.572627981659025
1790359156.892954,1.5714590263087302
1790359156.9078376,2.3291190154850483
1790359156.907924,3.070749022299424
1790359156.9173775,3.054723987588659
1790359156.91776,2.2292030043900013
1790359156.918354,1.656999986153096
1790359156.9311035,2.8598250064533204
1790359156.931777,2.0934499916620553
1790359156.9321077,1.5340899990405887
1790359156.9377694,1.7749950056895614
1790359156.9389384,2.0365600066725165
1790359156.939258,1.4781159989070147
1790359156.9461555,1.3138929789420217
1790359156.9517972,2.3331020202022046
1790359156.9518623,2.2243910061661154
1790359156.953242,1.2011750077363104
1790359156.9552815,1.8243049853481352
1790359156.9559796,2.0141169952694327
1790359156.9562109,1.3368959771469235
1790359156.9621902,1.3088270206935704
1790359156.9971054,2.2393180115614086
1790359156.9990072,1.4529319887515157
1790359157.0057757,1.8232509901281446
1790359157.0066326,1.3067589898128062
1790359157.0125751,1.401457004249096
1790359157.0171885,1.3407870137598366
1790359157.0281987,1.7067109874915332
1790359157.032557,1.423805020749569
1790359157.0402567,1.8080619920510799
1790359157.0433588,3.0186669901013374
1790359157.0437424,3.866168000968173
1790359157.0438113,3.047559002880007
1790359157.0504832,1.6305079916492105
1790359157.053308,2.2285500017460436
1790359157.054347,1.8531559908296913
1790359157.078146,1.97282200679183
1790359157.0784178,1.6769079957157373
1790359157.086002,1.3736349937971681
1790359157.0904999,1.6038879984989762
1790359157.095027,1.2810569896828383
1790359157.0969625,1.596885995240882
1790359157.0975099,1.7305620131082833
1790359157.0990791,1.1840799998026341
1790359157.1019216,1.1697500012814999
1790359157.103359,1.2531769752968103
1790359157.1068265,2.111387992044911
1790359157.1092877,2.8590190049726516
1790359157.109365,3.2817939936649054
1790359157.1098938,1.8302839889656752
1790359157.1142957,1.4104440051596612
1790359157.119258,1.358829002128914
1790359157.132319,1.6860620235092938
1790359157.1329193,1.5455639804713428
1790359157.135908,2.9791530105285347
1790359157.1360056,2.6377339963801205
1790359157.1363075,1.5958629956003278
1790359157.145433,1.517747004982084
1790359157.1484568,1.530415000161156
1790359157.148768,1.3499540218617767
1790359157.1581402,1.7085149884223938
1790359157.1621096,1.403330999892205
1790359157.171954,1.6154139884747565
1790359157.174917,1.6976770129986107
1790359157.1917052,1.694601000053808
1790359157.192963,1.2476889824029058
1790359157.1991634,1.3469870027620345
1790359157.202744,1.2557029840536416
1790359157.2120547,1.7622869927436113
1790359157.2121515,2.439145988319069
1790359157.2190027,1.4408929855562747
1790359157.2345467,2.00203902204521
1790359157.2354302,1.6149610164575279
1790359157.237713,1.391291996696964
1790359157.2467039,1.5576220175717026
1790359157.2560909,2.0614700042642653
1790359157.2567205,1.8296480120625347
1790359157.2601173,1.602299977093935
1790359157.2705233,1.9010500109288841
1790359157.2709131,1.7307839880231768
1790359157.2831843,1.8870499916374683
1790359157.2931254,1.6903929936233908
1790359157.3025212,1.5901430160738528
1790359157.3078892,5.0166760047432035
1790359157.3085513,4.6126749948598444
1790359157.3089817,4.0608299896121025
1790359157.3101823,2.2755299869459122
1790359157.3148916,1.8360379908699542
1790359157.3150067,2.542754984460771
1790359157.326605,1.7495049978606403
1790359157.331344,2.216733992099762
1790359157.3314054,1.61011001910083
1790359157.332956,1.3349179935175925
1790359157.3413746,1.4510509790852666
1790359157.3443263,1.6245569859165698
1790359157.344843,1.370412006508559
1790359157.3592644,2.242693997686729
1790359157.3593395,2.4004229926504195
1790359157.3868482,2.4415939988102764
1790359157.3896112,1.4048920129425824
1790359157.3924704,2.435429982142523
1790359157.392623,2.0980029948987067
1790359157.3979852,1.5544370107818395
1790359157.401871,1.3065139937680215
1790359157.4079928,1.7439240182284266
1790359157.409032,1.9737470138352364
1790359157.4132411,1.5423539734911174
1790359157.432046,1.6347259806934744
1790359157.4342566,1.3566630077548325
1790359157.4393837,1.3612369948532432
1790359157.4416194,1.4359700144268572
1790359157.4460797,1.3370560191106051
1790359157.4644952,1.6749540227465332
1790359157.4681687,1.5466339827980846
1790359157.4714534,2.169667015550658
1790359157.472715,1.2518790026661009
1790359157.4782546,1.3323560124263167
1790359157.4818323,1.206379005452618
1790359157.4895191,1.5106520149856806
1790359157.4931993,1.3659560063388199
1790359157.4976287,1.3145470002200454
1790359157.50264,1.5119660238269717
1790359157.504007,1.2624649971257895
1790359157.512137,1.3578450016211718
1790359157.5186934,1.4331589918583632
1790359157.5251427,1.3419880124274641
1790359157.5284882,1.3217399828135967
1790359157.5355518,1.4192810049280524
1790359157.5389128,2.0929379970766604
1790359157.5392616,2.036705001955852
1790359157.539534,1.793494011508301
1790359157.5422843,1.2630860146600753
1790359157.5568507,1.6164059925358742
1790359157.5759592,1.6247899911832064
1790359157.5814395,2.0783029904123396
1790359157.583755,1.8383389979135245
1790359157.5928736,1.5944309998303652
1790359157.6050036,1.5435109962709248
1790359157.6115005,2.0801969803869724
1790359157.6124582,1.4054650091566145
1790359157.621293,1.4160160208120942
1790359157.6241562,1.7038139922078699
1790359157.6244133,1.4484249986708164
1790359157.64074,2.400570985628292
1790359157.6412213,2.8042680060025305
1790359157.6415138,2.0467510039452463
1790359157.6532974,1.612389023648575
1790359157.6552172,1.5579570026602596
1790359157.6615589,1.752212003339082
1790359157.6700375,1.5578570018988103
1790359157.6731808,1.434045989299193
1790359157.686592,1.5318150108214468
1790359157.6945071,1.4075970102567226
1790359157.706169,2.299203013535589
1790359157.7067077,1.7656069830991328
1790359157.7091973,1.2708610156551003
1790359157.718163,1.5381730045191944
1790359157.719895,1.4418909850064665
1790359157.7237108,1.3320980069693178
1790359157.725266,1.212769013363868
1790359157.7278678,2.1773980115540326
1790359157.727928,1.8675850005820394
1790359157.7339625,1.5485259937122464
1790359157.7352328,1.261277007870376
1790359157.7415168,1.7759260081220418
1790359157.7492175,1.4615289983339608
1790359157.758748,1.5428609913215041
1790359157.7711294,2.3160149867180735
1790359157.7711987,1.8988529918715358
1790359157.773855,1.2286629935260862
1790359157.7888403,1.5550690004602075
1790359157.7935278,2.4612880079075694
1790359157.797973,3.1824659963604063
1790359157.7980473,2.8881420148536563
1790359157.814956,1.621255010832101
1790359157.8298342,2.399124001385644
1790359157.8318987,1.6314320091623813
1790359157.8323708,1.6144640103448182
1790359157.8375163,1.4503230049740523
1790359157.8381221,1.430693024303764
1790359157.8393562,1.213323004776612
1790359157.846449,1.376770989736542
1790359157.854555,1.531982998130843
1790359157.8613234,1.9357050186954439
1790359157.866913,1.5003629960119724
1790359157.8685627,1.391006022458896
1790359157.8699212,1.2719980149995536
1790359157.8782065,1.5640610072296113
1790359157.878843,1.3524919922929257
1790359157.8827584,1.2578569876495749
1790359157.8854952,1.3255910016596317
1790359157.8891098,1.2803900172002614
1790359157.8988488,2.5808399950619787
1790359157.8993695,2.056213008472696
1790359157.901503,1.2839839910157025
1790359157.9044943,1.3125890109222382
1790359157.9084005,1.746945985360071
1790359157.9091277,1.5252600132953376
1790359157.9185781,1.8159720057155937
1790359157.9186468,2.53099700785242
1790359157.9296594,2.8840189916081727
1790359157.9297948,2.3223410244099796
1790359157.9327552,1.441295025870204
1790359157.9360433,1.3253729848656803
1790359157.9515579,1.9617299840319902
1790359157.9516172,2.6133760111406446
1790359157.9554427,1.2678329949267209
1790359157.965485,1.6391599783673882
1790359157.9722073,1.3692299835383892
1790359157.9806666,1.6836129943840206
1790359157.987667,1.4065470022615045
1790359157.9968433,1.5107429935596883
1790359158.0025766,2.3590670025441796
1790359158.003288,2.576447994215414
1790359158.0033514,2.0239150035195053
1790359158.0062385,1.6368300130125135
1790359158.0196948,1.5358710079453886
1790359158.0298567,1.7839340143837035
1790359158.0301807,1.619157992536202
1790359158.0428252,1.687790994765237
1790359158.0477135,1.4679330051876605
1790359158.0525358,2.2373530082404613
1790359158.0529213,3.085121978074312
1790359158.0533874,2.121318015269935
1790359158.0554216,1.234030001796782
1790359158.057805,1.3954860041849315
1790359158.059338,1.4306769880931824
1790359158.0621262,1.2244489917065948
1790359158.0634632,1.208620989928022
1790359158.0732937,1.8982450128532946
1790359158.073819,1.9187750003766268
1790359158.0755067,1.6634940111543983
1790359158.0771458,1.2471649970393628
1790359158.0812829,1.7931049806065857
1790359158.0843763,1.3486770039889961
1790359158.0870025,1.3239480031188577
1790359158.1144593,2.032652002526447
1790359158.1175175,1.528658001916483
1790359158.1205907,1.4878050133120269
1790359158.1291091,1.8105150084011257
1790359158.1304343,2.177059999667108
1790359158.1367962,1.6536129987798631
1790359158.1391835,2.1814919891767204
1790359158.1464577,2.425437996862456
1790359158.1554933,2.202010015025735
1790359158.1576872,2.1808629971928895
1790359158.1637464,2.0878069917671382
1790359158.1715376,2.2982119990047067
1790359158.1730366,2.4360630195587873
1790359158.173403,1.8541330064181238
1790359158.196225,1.836126990383491
1790359158.209759,1.590455009136349
1790359158.2186122,1.8632590072229505
1790359158.224801,3.346748009789735
1790359158.2255743,3.0120909796096385
1790359158.2259545,1.8771350150927901
1790359158.2293067,1.6230879991780967
1790359158.2296672,1.4578569971490651
1790359158.2309022,1.2267389975022525
1790359158.232326,1.1742099886760116
1790359158.2430365,1.7813620215747505
1790359158.2437603,1.5006789762992412
1790359158.2519536,1.4936780207790434
1790359158.2541733,1.788190013030544
1790359158.2591572,1.5201409987639636
1790359158.2608857,1.7175099928863347
1790359158.2767107,1.6267389873974025
1790359158.2793677,1.402957015670836
1790359158.2909606,1.8890190112870187
1790359158.29442,2.0235050178598613
1790359158.2964194,1.9852299883496016
1790359158.2996943,2.005599992116913
1790359158.3026516,1.576965005369857
1790359158.3139362,1.9502430222928524
1790359158.3140035,2.5745820021256804
1790359158.3168015,1.557159994263202
1790359158.3261118,1.965159986866638
1790359158.329018,2.250315999845043
1790359158.3290827,1.8319259979762137
1790359158.3293252,1.4820450160186738
1790359158.3329344,1.4232899993658066
1790359158.342983,1.5563589986413717
1790359158.344421,1.3132150052115321
1790359158.351945,1.301801996305585
1790359158.3654635,1.624230993911624
1790359158.3711042,1.7872720200102776
1790359158.3750513,1.4189280045684427
1790359158.3764539,1.2848820188082755
1790359158.382629,1.5926340129226446
1790359158.3838403,1.9241469854023308
1790359158.3845654,1.5084219921845943
1790359158.3873942,1.4544549921993166
1790359158.3881795,1.4465760032180697
1790359158.3975616,1.551441993797198
1790359158.4097903,1.706556009594351
1790359158.4146018,1.6718950064387172
1790359158.414696,2.5347750051878393
1790359158.4169993,1.1928299791179597
1790359158.4229465,1.8739869992714375
1790359158.4234145,1.8330149760004133
1790359158.4258714,1.6594429907854646
1790359158.426636,1.4579480048269033
1790359158.4327846,1.2217560142744333
1790359158.438611,2.231580001534894
1790359158.4389067,2.974581002490595
1790359158.4410605,3.004215017426759
1790359158.442034,2.608512993901968
1790359158.4426038,2.114251023158431
1790359158.443469,1.5474630054086447
1790359158.4480112,2.0579900010488927
1790359158.4486823,1.6584960103500634
1790359158.4487348,2.3251909879036248
1790359158.4748309,2.246884017949924
1790359158.4749193,3.0241940112318844
1790359158.4749916,3.600532014388591
1790359158.4822843,1.322249008808285
1790359158.483891,1.3736820255871862
1790359158.489343,1.242361991899088
1790359158.497868,1.5037049888633192
1790359158.5148172,1.7238679865840822
1790359158.5162756,1.4479509845841676
1790359158.5195181,1.3988529972266406
1790359158.522028,1.5177000022958964
1790359158.5226598,1.2892340018879622
1790359158.5369024,1.7090599867515266
1790359158.5454247,2.6306150248274207
1790359158.545542,4.093850002391264
1790359158.5555148,2.107792010065168
1790359158.5625474,1.6700910055078566
1790359158.5665486,1.7671830137260258
1790359158.5684247,1.330163999227807
1790359158.5727637,1.5678550116717815
1790359158.5814993,1.6340090078301728
1790359158.5880282,3.118487977189943
1790359158.5886977,2.637248020619154
1790359158.5887644,1.759715989464894
1790359158.5922287,1.284213998587802
1790359158.6252148,1.9020639883819968
1790359158.625286,2.5222670228686184
1790359158.6300561,1.496597018558532
1790359158.6368942,1.402880996465683
1790359158.6445484,1.3682809949386865
1790359158.646389,1.2830710038542747
1790359158.6507983,1.9395439885556698
1790359158.650867,2.648652996867895
1790359158.6549892,1.5337109798565507
1790359158.6606467,1.3912059948779643
1790359158.6722655,1.8319679948035628
1790359158.672978,1.5264020184986293
1790359158.6793907,1.6533920133952051
1790359158.6841285,1.467156980652362
1790359158.6904483,1.5106089995242655
1790359158.6939225,1.513025985332206
1790359158.6946933,1.5871430223342031
1790359158.7017257,1.8692189769353718
1790359158.7024064,1.4203560131136328
1790359158.7054605,1.4701180043630302
1790359158.70659,1.847226987592876
1790359158.711148,1.3533860037568957
1790359158.718806,1.401093992171809
1790359158.7235887,1.8024449818767607
1790359158.7297966,1.7717989976517856
1790359158.7313862,1.573050016304478
1790359158.7403371,1.9307649927213788
1790359158.7519388,1.5510600060224533
1790359158.7579427,1.7384319799020886
1790359158.7580085,2.28093599434942
1790359158.7688563,1.5863389999140054
1790359158.7720082,1.3574630138464272
1790359158.7784276,1.5459249843843281
1790359158.7801692,1.5582180058117956
1790359158.7918906,1.4397019986063242
1790359158.8047776,2.4302920210175216
1790359158.8048418,1.9810819940175861
1790359158.8237164,1.4977630053181201
1790359158.8421342,1.775595999788493
1790359158.844055,1.9095669849775732
1790359158.8444376,1.6469660040456802
1790359158.865044,3.4326530003454536
1790359158.8651392,2.5749269989319146
1790359158.8660989,2.837838983396068
1790359158.8672261,1.8253379967063665
1790359158.8693678,1.250998000614345
1790359158.8722627,1.4314560103230178
1790359158.8767433,1.4506280131172389
1790359158.8831618,1.577671995619312
1790359158.8883345,1.4391570002771914
1790359158.8919945,1.8158610037062317
1790359158.8943193,1.7083940037991852
1790359158.8968618,1.2686509871855378
1790359158.9000735,1.579511008458212
1790359158.9005914,1.4615649997722358
1790359158.9066691,1.2793710047844797
1790359158.9094543,1.7292730044573545
1790359158.91101,1.5403300058096647
1790359158.9305367,2.367959008552134
1790359158.9306493,2.9157960088923573
1790359158.9307108,3.6106490006204695
1790359158.9361079,1.3091879955027252
1790359158.94731,1.4719509927090257
1790359158.9549446,1.9051950075663626
1790359158.9728358,2.9243949975352734
1790359158.9730265,2.4904219899326563
1790359158.9734666,1.9912600109819323
1790359158.9857252,1.8869720224756747
1790359158.9927526,1.750720985000953
1790359158.9995766,1.5201119822449982
1790359159.0028393,1.3695920060854405
1790359159.01049,1.7871250165626407
1790359159.0143223,1.6105760005302727
1790359159.0173817,1.6310219943989068
1790359159.018439,1.8091280071530491
1790359159.0279639,2.2166929848026484
1790359159.0286727,1.577383984113112
1790359159.0319703,1.4091189950704575
1790359159.0420706,1.8368999881204218
1790359159.0424745,1.7300310137216002
1790359159.0450554,1.2322380207479
1790359159.0509393,1.5273679746314883
1790359159.0542808,1.2938239960931242
1790359159.058603,1.8349640013184398
1790359159.059439,1.6548169951420277
1790359159.0614984,1.2403219880070537
1790359159.062444,1.506686006905511
1790359159.0876863,1.810430985642597
1790359159.0896878,1.7628479981794953
1790359159.0986662,1.527760992757976
1790359159.1022856,1.372692990116775
1790359159.104788,1.2318539957050234
1790359159.109663,1.6124509857036173
1790359159.114384,1.4004300173837692
1790359159.1160138,1.2216480099596083
1790359159.1297936,1.6548880084883422
1790359159.1340876,1.6457290039397776
1790359159.134395,1.4413299795705825
1790359159.1365519,1.290895015699789
1790359159.1424856,1.4019210066180676
1790359159.1461153,1.3364669866859913
1790359159.1489336,1.3218169915489852
1790359159.1507666,1.676999992923811
1790359159.1512704,1.2598730099853128
1790359159.1535394,1.5912539965938777
1790359159.1541312,1.268294989131391
1790359159.1564355,1.5808739990461618
1790359159.1636262,1.4873370237182826
1790359159.1671576,1.3580739905592054
1790359159.1779168,1.772718009306118
1790359159.1881626,2.635695011122152
1790359159.1905646,1.4590999926440418
1790359159.1953835,1.525363011751324
1790359159.1970472,1.262792997295037
1790359159.2007565,1.4597249974031001
1790359159.2030883,1.6742050065658987
1790359159.2077847,2.1681000071112067
1790359159.2135274,1.7342540086247027
1790359159.2183278,1.3530940050259233
1790359159.2235382,1.6527899715583771
1790359159.235344,1.6625429852865636
1790359159.246088,1.7283500055782497
1790359159.2469056,1.767904992448166
1790359159.259371,1.5184329822659492
1790359159.2618701,1.7911610193550587
1790359159.265373,1.392945006955415
1790359159.270717,1.7747050151228905
1790359159.2748804,1.357558008749038
1790359159.28492,2.045846020337194
1790359159.2874122,2.481385978171602
1790359159.287746,2.330734016140923
1790359159.2887015,2.1249290148261935
1790359159.3004396,1.9905469962395728
1790359159.301012,2.0074420026503503
1790359159.3024602,1.4293269778136164
1790359159.3068674,1.3608000008389354
1790359159.3105698,1.9448499951977283
1790359159.311425,1.6070010024122894
1790359159.3154037,1.4152149960864335
1790359159.3294067,1.6171089955605567
1790359159.3333468,1.4211040106602013
1790359159.3385928,1.565835002111271
1790359159.3422093,1.4546320016961545
1790359159.3443713,1.2829579936806113
1790359159.3473327,1.2995519791729748
1790359159.351688,1.320759009104222
1790359159.3542154,1.9088659901171923
1790359159.3550572,1.563737983815372
1790359159.3795547,2.4616099835839123
1790359159.3796272,1.9784960022661835
1790359159.381802,1.2768620217684656
1790359159.3918874,2.417420007986948
1790359159.3934255,1.4096199884079397
1790359159.3951886,1.2816590024158359
1790359159.4003417,1.9551879959180951
1790359159.4100215,1.559780997922644
1790359159.4134884,1.3456569868139923
1790359159.4196074,1.5863599837757647
1790359159.4201224,1.4652539975941181
1790359159.4361322,2.768676000414416
1790359159.4362423,3.427035000640899
1790359159.4370415,2.6973199856001884
1790359159.4394445,1.2193389993626624
1790359159.4486222,1.5069360088091344
1790359159.453143,1.5533030091319233
1790359159.4621563,2.315038989763707
1790359159.4650092,1.8371389887761325
1790359159.465923,1.2734729971271008
1790359159.4869192,1.7085039871744812
1790359159.491373,1.6742099833209068
1790359159.496333,1.7006660054903477
1790359159.4969978,1.3706609897781163
1790359159.5075781,2.005367976380512
1790359159.5106173,1.4339979970827699
1790359159.5305266,1.7960099794436246
1790359159.5352435,1.7416139889974147
1790359159.5414968,2.421473996946588
1790359159.5431678,2.9712340037804097
1790359159.5436406,2.683708007680252
1790359159.5439022,1.8608779937494546
1790359159.551458,1.5761300164740533
1790359159.5542796,1.428099989425391
1790359159.5572217,1.4150489878375083
1790359159.5611513,1.572528010001406
1790359159.5614407,1.3429780083242804
1790359159.5639713,1.1618290154729038
1790359159.5740926,1.7999430128838867
1790359159.574154,2.3782229982316494
1790359159.5785458,1.340527000138536
1790359159.5801198,1.3248850009404123
1790359159.5884438,1.5102979959920049
1790359159.5911818,1.3234280049800873
1790359159.593554,1.2816250091418624
1790359159.601332,1.400375011144206
1790359159.6080806,1.434036996215582
1790359159.6249113,1.7978910182137042
1790359159.6257598,1.6220090037677437
1790359159.6289666,1.6685430018696934
1790359159.6364894,1.4623320021200925
1790359159.6398718,1.6064349911175668
1790359159.6402097,1.4614850224461406
1790359159.6425962,1.4421730011235923
1790359159.6431806,1.2996649893466383
1790359159.6512175,1.5955929993651807
1790359159.6558955,1.3479490007739514
1790359159.660856,1.5324239793699235
1790359159.6649659,2.2279770055320114
1790359159.6650927,2.8771219949703664
1790359159.665567,1.9975360191892833
1790359159.6718576,1.4090669865254313
1790359159.6790748,1.827059983043
1790359159.6818125,1.8867460021283478
1790359159.6926036,1.6614759806543589
1790359159.6939929,1.325391000136733
1790359159.699963,1.5931850066408515
1790359159.7199998,2.1456330141518265
1790359159.7234085,2.1177789894863963
1790359159.724042,2.15670297620818
1790359159.7244415,2.0213579991832376
1790359159.725769,1.3175689964555204
1790359159.7280445,1.5120070020202547
1790359159.728652,1.312040985794738
1790359159.7399955,1.657637010794133
1790359159.749026,1.7519099928904325
1790359159.7498112,1.547794003272429
1790359159.751975,1.7304120119661093
1790359159.7884634,1.7324160144198686
1790359159.798454,1.5853660006541759
1790359159.8022459,1.3612679904326797
1790359159.8056204,1.344176009297371
1790359159.8132815,1.364964002277702
1790359159.8215973,1.3695389789063483
1790359159.8246799,1.3480109919328243
1790359159.8383234,2.4304650141857564
1790359159.8387017,2.072075003525242
1790359159.8396578,1.806621003197506
1790359159.8484375,1.826377003453672
1790359159.8570392,1.9413429836276919
1790359159.865297,1.9149650179315358
1790359159.8687546,1.580737007316202
1790359159.8713198,1.4740439946763217
1790359159.8732457,1.7733800050336868
1790359159.8751595,1.8023769953288138
1790359159.8787677,1.5874170057941228
1790359159.8888485,1.8155919970013201
1790359159.8992968,2.738773007877171
1790359159.8993912,2.755410998361185
1790359159.9014847,1.357670989818871
1790359159.9034355,1.4753959840163589
1790359159.9121187,1.450037001632154
1790359159.9138432,1.2814909860026091
1790359159.9214075,1.4547080209013075
1790359159.931513,1.5952159883454442
1790359159.9357898,1.4266000071074814
1790359159.9387202,1.4048620068933815
1790359159.942767,1.585716992849484
1790359159.9451103,1.3963689852971584
1790359159.9472752,1.2443570012692362
1790359159.9623325,2.5172189925797284
1790359159.962549,2.1589889947790653
1790359159.963853,1.2964280031155795
1790359159.970244,1.961798989214003
1790359159.9810271,2.1750879823230207
1790359159.9816146,1.7685249913483858
1790359159.983584,1.3739730056840926
1790359159.989171,1.2873149826191366
1790359159.9968016,1.4191200025379658
1790359160.000266,1.4722420019097626
1790359160.0025592,1.4699919847771525
1790359160.009342,2.2295160160865635
1790359160.00982,1.6026499797590077
1790359160.0114348,1.2909139913972467
1790359160.0131707,1.2594099971465766
1790359160.0173419,1.291569002205506
1790359160.0196452,1.3120360090397298
1790359160.0255654,1.6457939927931875
1790359160.0367777,1.876750000519678
1790359160.04849,1.5793229977134615
1790359160.0559454,1.6006139921955764
1790359160.0614357,1.5482580056414008
1790359160.0633607,1.5291790186893195
1790359160.0638382,1.5411099884659052
1790359160.067936,1.3210930046625435
1790359160.0765097,1.4989209885243326
1790359160.0840993,1.4720149920322
1790359160.0890627,1.5449570200871676
1790359160.1022413,1.7308160022366792
1790359160.1036193,1.3572609750553966
1790359160.1106346,1.985038979910314
1790359160.117217,1.9592340104281902
1790359160.1182265,2.01487701269798
1790359160.1226323,1.4785369858145714
1790359160.1306858,2.0576810056809336
1790359160.1311805,1.7524060094729066
1790359160.1352887,1.593900000443682
1790359160.1691427,1.7829400021582842
1790359160.1747332,1.491475006332621
1790359160.1810713,1.8795810174196959
1790359160.1839478,1.5356119838543236
1790359160.187206,1.3540450017899275
1790359160.1890368,1.4937779924366623
1790359160.1944804,1.7869480070658028
1790359160.205677,1.6366610070690513
1790359160.207158,1.471114985179156
1790359160.2080362,1.746387017192319
1790359160.2193413,1.8984059861395508
1790359160.2207947,1.4420530060306191
1790359160.2307742,1.5110019885469228
1790359160.233417,1.411620993167162
1790359160.2360218,1.4363749942276627
1790359160.2366376,1.5450700011570007
1790359160.2392077,1.4666469942312688
1790359160.2416217,1.4655790000688285
1790359160.2471635,1.349226018646732
1790359160.2486575,1.2389280018396676
1790359160.2576602,2.0034820190630853
1790359160.265552,1.9022889900952578
1790359160.274487,1.6952540026977658
1790359160.2769063,1.6232699854299426
1790359160.280237,2.0246480125933886
1790359160.2811563,1.8083449976984411
1790359160.2832253,1.7831180011853576
1790359160.2847567,1.4094350044615567
1790359160.290185,2.2096899920143187
1790359160.295014,1.7709620005916804
1790359160.3003457,2.5417719734832644
1790359160.301927,3.4091520064976066
1790359160.3025281,3.346529003465548
1790359160.3030477,2.146016980987042
1790359160.3031604,2.805547002935782
1790359160.3368473,2.2290839988272637
1790359160.3372831,1.7497880035080016
1790359160.3433971,1.5200479829218239
1790359160.3437998,1.330984989181161
1790359160.3537092,1.3341900194063783
1790359160.3559191,1.4789859997108579
1790359160.3579502,1.3852210249751806
1790359160.3660023,1.5567179943900555
1790359160.3698528,1.5383739955723286
1790359160.3758907,1.5243519737850875
1790359160.3868062,2.104269980918616
1790359160.3914776,2.0115590014029294
1790359160.3921664,1.5152240230236202
1790359160.394291,2.116174000548199
1790359160.3945453,1.961002009920776
1790359160.416631,1.98048198944889
1790359160.4169488,1.732487988192588
1790359160.418836,1.5908899949863553
1790359160.4251118,1.6443729982711375
1790359160.4317927,2.643341984366998
1790359160.4321444,2.058807003777474
1790359160.4360044,2.0562229910865426
1790359160.4373257,1.3126580161042511
1790359160.454697,2.2668640012852848
1790359160.4556367,1.8317760259378701
1790359160.4599307,1.622665993636474
1790359160.4607582,1.5816199884284288
1790359160.4664915,1.2912130041513592
1790359160.4687386,1.2688999995589256
1790359160.4931293,1.696872990578413
1790359160.4965994,1.399173983372748
1790359160.5077703,1.4839929935988039
1790359160.512335,1.5039219870232046
1790359160.5130818,1.5704870165791363
1790359160.5258033,1.544089987874031
1790359160.5473104,2.784201002214104
1790359160.5487,2.8283349820412695
1790359160.5516856,1.397246989654377
1790359160.5530758,1.3810109812766314
1790359160.55735,1.3363449834287167
1790359160.5710275,3.1137510086409748
1790359160.57117,2.5838720030151308
1790359160.5718293,2.0554650109261274
1790359160.5731912,1.2592569983098656
1790359160.5898447,1.8807360029313713
1790359160.59466,1.4736309822183102
1790359160.6105,1.6291800129693002
1790359160.621741,1.6699190018698573
1790359160.6238678,1.4304500073194504
1790359160.6244838,1.303342985920608
1790359160.6263278,1.2815129884984344
1790359160.6274598,1.123057008953765
1790359160.6364703,1.2795439979527146
1790359160.6414356,1.370931975543499
1790359160.6428387,1.2994400167372078
1790359160.6545327,1.5791850164532661
1790359160.6588166,1.7403599922545254
1790359160.6652803,1.4591930084861815
1790359160.6745474,2.365744992857799
1790359160.674622,2.311810996616259
1790359160.680982,1.6520220087841153
1790359160.6886432,1.6478759935125709
1790359160.6908872,1.4732370036654174
1790359160.698464,1.8694190075621009
1790359160.6985314,2.362325001740828
1790359160.7246964,2.7530239894986153
1790359160.7247841,2.925457985838875
1790359160.7428062,1.8012329819612205
1790359160.7436545,1.9435359863564372
1790359160.744357,1.541286997962743
1790359160.7479444,1.4696450089104474
1790359160.7512708,1.4418420032598078
1790359160.7552752,1.2934099941048771
1790359160.765896,1.958623994141817
1790359160.7669258,1.7030230083037168
1790359160.7696452,1.3937019975855947
1790359160.7879162,1.707262999843806
1790359160.7971854,1.7156759859062731
1790359160.8050377,1.5979180170688778
1790359160.8094254,1.3983500248286873
1790359160.8151548,1.560681004775688
1790359160.8340406,2.146177983377129
1790359160.8350146,1.8982210021931678
1790359160.841416,1.567066996358335
1790359160.8461535,1.8993389967363328
1790359160.85027,1.5505099727306515
1790359160.8755403,2.2228739981073886
1790359160.8801866,1.5074399998411536
1790359160.8832724,1.5238929772749543
1790359160.8846188,1.3364169863052666
1790359160.888346,1.2953669938724488
1790359160.8929358,1.1936350201722234
1790359160.903159,1.590789994224906
1790359160.918834,1.679123000940308
1790359160.925013,2.846515999408439
1790359160.9260662,2.786392025882378
1790359160.9261763,2.0223530009388924
1790359160.9296353,1.3681209820788354
1790359160.9311469,1.301500975387171
1790359160.9373257,1.7248090007342398
1790359160.9378386,1.765550987329334
1790359160.939838,1.3288969930727035
1790359160.9507856,1.759942009812221
1790359160.9539552,1.2929560034535825
1790359160.9553792,1.2990969989914447
1790359160.9609158,2.4126929929479957
1790359160.9637144,1.3085590035188943
1790359160.9642527,1.308244012761861
1790359160.9690697,1.3521399814635515
1790359160.9837449,1.556646020617336
1790359160.9937398,1.466810004785657
1790359161.0012224,1.3685980229638517
1790359161.0168524,1.5639000048395246
1790359161.025454,2.397842996288091
1790359161.0259197,2.370606001932174
1790359161.0263948,2.043123997282237
1790359161.0289385,1.2280289956834167
1790359161.047352,2.3869459982961416
1790359161.0474424,2.995433023897931
1790359161.047784,2.0841819932684302
1790359161.0571883,2.004521986236796
1790359161.058746,1.5450580103788525
1790359161.0609744,2.2157909988891333
1790359161.061038,1.7046300054062158
1790359161.0640671,1.689855009317398
1790359161.0678315,1.6705410089343786
1790359161.0699666,1.5796129882801324
1790359161.0716429,1.4340250054374337
1790359161.0758586,1.9773840031120926
1790359161.0835779,1.696393999736756
1790359161.0855036,1.6181230021174997
1790359161.0868886,1.3750549987889826
1790359161.0921152,1.6003120108507574
1790359161.1195722,2.6029800064861774
1790359161.1196468,2.0524100109469146
1790359161.129081,1.543441991088912
1790359161.1325512,1.3374429836403579
1790359161.1341412,1.3024509826209396
1790359161.1420472,3.0314700270537287
1790359161.1421585,3.5893449967261404
1790359161.142977,1.518755016149953
1790359161.148009,1.8092719838023186
1790359161.1480758,1.4209010114427656
1790359161.1590025,1.4501579862553626
1790359161.1615853,1.3955850154161453
1790359161.1670692,1.278944022487849
1790359161.1732895,2.1530679950956255
1790359161.174059,2.109958993969485
1790359161.1896558,2.0555609953589737
1790359161.196735,2.4231249990407377
1790359161.1967936,1.996543986024335
1790359161.2012954,1.391518977470696
1790359161.2018435,1.304688979871571
1790359161.2042832,1.5086809871718287
1790359161.2063859,1.2434280070010573
1790359161.209234,1.389251003274694
1790359161.2132158,1.2495889968704432
1790359161.2234051,2.588827977888286
1790359161.2234714,2.572864992544055
1790359161.2287607,1.3095219910610467
1790359161.232547,1.5396910021081567
1790359161.2330632,1.5959419833961874
1790359161.235415,1.1827329872176051
1790359161.2386422,1.2588499812409282
1790359161.2504768,2.3241789895109832
1790359161.26622,1.5836810052860528
1790359161.271369,1.9809009972959757
1790359161.2738118,1.3891230046283454
1790359161.289596,2.475615998264402
1790359161.2896652,2.4537139979656786
1790359161.296208,1.5683759993407875
1790359161.3023624,1.297437003813684
1790359161.3222404,1.8651039863470942
1790359161.3223133,2.826009993441403
1790359161.336895,1.9589780131354928
1790359161.367871,1.7167869955301285
1790359161.3734834,1.9359219877514988
1790359161.3782694,1.4351580175571144
1790359161.3827517,1.535492978291586
1790359161.387412,2.053593983873725
1790359161.388065,1.526189997093752
1790359161.3913438,1.4636269770562649
1790359161.3952963,1.295827009016648
1790359161.401991,1.6409099916927516
1790359161.4083815,1.515501004178077
1790359161.4185717,1.5500549925491214
1790359161.4208555,1.6986900009214878
1790359161.4230635,1.3750350044574589
1790359161.4344199,2.163594006560743
1790359161.4378326,1.4659050211776048
1790359161.4544873,1.8258940253872424
1790359161.4548833,1.6899330075830221
1790359161.4567852,1.430491014616564
1790359161.4651709,1.7672810063231736
1790359161.465788,1.419281994458288
1790359161.4685504,1.4371990109793842
1790359161.4773421,1.369225006783381
1790359161.4808192,2.005693007959053
1790359161.4814832,1.4124400040600449
1790359161.4989336,3.891145985107869
1790359161.499873,3.3244109945371747
1790359161.5005648,2.593718993011862
1790359161.515754,3.246840991778299
1790359161.5173545,2.6151739875786006
1790359161.524346,2.2297209943644702
1790359161.5249043,1.9300739804748446
1790359161.5346425,2.0687910146079957
1790359161.5439253,2.0004849939141423
1790359161.5581207,2.485707984305918
1790359161.560557,1.7766710079740733
1790359161.5659976,1.9779170106630772
1790359161.570323,2.285950002260506
1790359161.5721195,1.7839430074673146
1790359161.5744786,3.4863570181187242
1790359161.5767624,3.610599000239745
1790359161.5768363,2.8981259965803474
1790359161.5769298,4.576902982080355
1790359161.577859,2.787528996123001
1790359161.5795095,1.7655720002949238
1790359161.5815284,1.6639299865346402
1790359161.5843463,2.1416049858089536
1790359161.5878358,1.7698300071060658
1790359161.5895736,1.6180000093299896
1790359161.591837,1.6939000051934272
1790359161.5987086,2.0870890002697706
1790359161.600735,2.1561030007433146
1790359161.6093783,2.4540589947719127
1790359161.6095135,3.1906020012684166
1790359161.6326225,2.3901120002847165
1790359161.6384554,2.0215569820720702
1790359161.6426344,2.0282870100345463
1790359161.6574764,2.4294910253956914
1790359161.6587384,2.1215200249571353
1790359161.6642618,2.4979260051622987
1790359161.669324,2.8782649897038937
1790359161.6694467,3.8969870074652135
1790359161.6701653,2.4421420239377767
1790359161.6770287,2.136097988113761
1790359161.6793578,2.203682000981644
1790359161.6811423,2.260295004816726
1790359161.6920233,1.9982040103059262
1790359161.713953,3.7309259932953864
1790359161.7140636,2.8749039920512587
1790359161.7189429,1.833487011026591
1790359161.7197664,1.6659180109854788
1790359161.7218208,2.0410100114531815
1790359161.7222674,1.8406359886284918
1790359161.729155,2.312019991222769
1790359161.7292144,1.891476975288242
1790359161.734165,1.3762660091742873
1790359161.7361045,1.219158002641052
1790359161.7426918,1.5711929881945252
1790359161.743422,1.5989989915397018
1790359161.7445803,1.1499770043883473
1790359161.762023,1.9994440081063658
1790359161.766697,1.887581980554387
1790359161.767429,2.0779699843842536
1790359161.777357,1.9417809962760657
1790359161.7780375,1.662650000071153
1790359161.7826629,1.6862350166775286
1790359161.7843933,1.458854996599257
1790359161.7861903,1.2932700046803802
1790359161.7890384,2.0046949794050306
1790359161.7899034,1.8832950154319406
1790359161.8010674,1.613097992958501
1790359161.8173287,1.76182301947847
1790359161.8192573,1.3786350027658045
1790359161.8246062,1.3771449739579111
1790359161.8339422,1.6032569983508438
1790359161.8496034,2.5392929965164512
1790359161.8501713,2.526260999729857
1790359161.8517659,1.4277440204750746
1790359161.8662994,1.9305610039737076
1790359161.8785775,1.4501729747280478
1790359161.8806548,1.9932739960495383
1790359161.8834698,1.3635309878736734
1790359161.8915803,1.8796400108840317
1790359161.897086,1.4983700239099562
1790359161.8978267,1.6137229977175593
1790359161.8995368,1.2977480073459446
1790359161.9047308,1.9913099822588265
1790359161.9249716,2.1383240236900747
1790359161.9259286,1.9300139974802732
1790359161.9328709,1.3987910060677677
1790359161.9368258,2.97767500160262
1790359161.9369392,2.315725025255233
1790359161.9374092,2.0421380177140236
1790359161.9404218,1.2728990113828331
1790359161.9438915,1.2923819886054844
1790359161.9471786,1.200251979753375
1790359161.9606814,1.92887699813582
1790359161.9648,2.0714209822472185
1790359161.965708,2.2350009821821004
1790359161.9666026,2.0331649866420776
1790359161.9671862,1.3590830203611404
1790359161.9847639,1.6865310026332736
1790359161.9853058,1.5262390079442412
1790359161.988512,1.3443960051517934
1790359162.0111542,1.9300569838378578
1790359162.0136745,1.8929710204247385
1790359162.015059,1.3748960045631975
1790359162.0173545,1.3534059980884194
1790359162.0262697,1.7677060095593333
1790359162.034441,3.119850007351488
1790359162.0345666,2.331594005227089
1790359162.0351138,1.840318989707157
1790359162.044677,3.2624890154693276
1790359162.044802,2.8932850109413266
1790359162.0455637,1.3473340077325702
1790359162.0511127,1.5335619973484427
1790359162.0554156,1.3487509859260172
1790359162.073795,1.8593929999042302
1790359162.0806336,1.5306830173358321
1790359162.0829883,1.5960739983711392
1790359162.0834358,1.569763000588864
1790359162.093913,1.475002005463466
1790359162.0972807,1.3878879835829139
1790359162.0979443,1.536397001473233
1790359162.1099496,2.249988989206031
1790359162.1100829,2.9801109922118485
1790359162.11241,2.450458996463567
1790359162.1135604,2.2475139994639903
1790359162.1136196,1.7231239762622863
1790359162.1190164,1.3027309905737638
1790359162.1260824,1.5251559962052852
1790359162.1279495,1.309875020524487
1790359162.1292877,1.2392209901008755
1790359162.134042,1.3051469868514687
1790359162.1364076,1.5030399954412133
1790359162.1368432,1.3975109905004501
1790359162.1469333,1.5101559984032065
1790359162.1609476,2.4623369972687215
1790359162.1619093,2.642174018546939
1790359162.162012,1.5486199990846217
1790359162.174787,1.6657309897709638
1790359162.1879637,1.9843789923470467
1790359162.1932836,1.8560769967734814
1790359162.1985402,2.1204140211921185
1790359162.2000144,1.4640720037277788
1790359162.2058885,1.5520189772360027
1790359162.2112942,1.8255169852636755
1790359162.2251508,1.8879759882111102
1790359162.230509,2.060223021544516
1790359162.231859,1.7944230057764798
1790359162.2327719,1.967875985428691
1790359162.262792,2.0406249968800694
1790359162.2634144,1.5082620084285736
1790359162.2674396,1.273934991331771
1790359162.2725759,1.806654006941244
1790359162.278379,1.3886759988963604
1790359162.2822053,1.3755169929936528
1790359162.2981782,2.0618959970306605
1790359162.3071926,2.2510590206366032
1790359162.307617,2.1153870038688183
1790359162.3110075,1.6228150052484125
1790359162.3240564,1.820735982619226
1790359162.3279598,1.3972329907119274
1790359162.3371625,1.7011080053634942
1790359162.3374305,2.591151016531512
1790359162.3433206,1.5972320106811821
1790359162.3499274,1.6238160023931414
1790359162.3568044,1.6336100234184414
1790359162.3619392,1.7912700132001191
1790359162.3709311,1.8189119873568416
1790359162.3724627,1.5093919937498868
1790359162.3757324,1.3988180144224316
1790359162.3802629,3.0388090235646814
1790359162.3807995,2.1443699952214956
1790359162.3811054,1.611870975466445
1790359162.3845162,1.2512730027083308
1790359162.3882487,1.4516760129481554
1790359162.3923593,1.5253039891831577
1790359162.3947928,1.3339949946384877
1790359162.4022377,1.3950069842394441
1790359162.4145002,1.8229059933219105
1790359162.416308,1.5309860173147172
1790359162.4205928,2.068428002530709
1790359162.4231954,2.1135759889148176
1790359162.4414136,1.9825460040010512
1790359162.4495852,1.8136230064556003
1790359162.4562273,2.9490730084944516
1790359162.4566991,2.203918993473053
1790359162.4569619,1.606259000254795
1790359162.462017,1.5595450240653008
1790359162.468632,1.6231150075327605
1790359162.470988,1.5171490085776895
1790359162.4851034,2.3606739996466786
1790359162.4857633,1.4659649750683457
1790359162.504009,1.871782005764544
1790359162.5096035,1.4863969990983605
1790359162.51261,1.4043020200915635
1790359162.5155213,1.697472995147109
1790359162.5165477,1.7519489920232445
1790359162.5251,1.545546983834356
1790359162.532179,1.4435860211960971
1790359162.5349047,1.565498998388648
1790359162.5459476,2.011037984630093
1790359162.5464425,2.0203360181767493
1790359162.5502357,2.1979580051265657
1790359162.550739,1.9805289921350777
1790359162.553556,2.1013639925513417
1790359162.553614,1.5755200001876801
1790359162.556343,1.2551749823614955
1790359162.5627599,1.5068820212036371
1790359162.5708127,3.7770240160170943
1790359162.5720131,1.9611229945439845
1790359162.573401,1.378250977722928
1790359162.5739691,1.3539970095735043
1790359162.5783715,1.3375150156207383
1790359162.5909433,1.519718993222341
1790359162.5929265,1.8925380136352032
1790359162.5935216,1.9498539913911372
1790359162.5991383,1.4202780148480088
1790359162.6111252,1.4737290039192885
1790359162.6130052,1.3067960098851472
1790359162.6190438,1.3745600008405745
1790359162.6240244,1.4840229996480048
1790359162.625803,1.340068003628403
1790359162.6327069,1.4383230009116232
1790359162.6352136,1.2897260021418333
1790359162.637984,1.4358409971464425
1790359162.6441133,1.2631920108105987
1790359162.651753,1.5980330063030124
1790359162.6655114,2.9092839977238327
1790359162.6655884,2.283365000039339
1790359162.669848,3.082345996517688
1790359162.6700385,3.7987559917382896
1790359162.6703174,2.536655985750258
1790359162.6708243,1.9102690275758505
1790359162.6737964,1.2828540056943893
1790359162.6754117,1.1715650034602731
1790359162.678361,1.199210004415363
1790359162.6814117,1.8039110000245273
1790359162.6820953,1.618703012354672
1790359162.6884375,2.863456989871338
1790359162.688573,2.9221080185379833
1790359162.6895065,1.7591390060260892
1790359162.690785,1.3685360027011484
1790359162.692369,1.2326500145718455
1790359162.6966932,1.31805898854509
1790359162.6980019,1.2144649808760732
1790359162.702284,1.817368989577517
1790359162.7114127,1.9335050019435585
1790359162.7117102,1.5734920161776245
1790359162.716661,2.071322000119835
1790359162.7258255,1.429188996553421
1790359162.7332952,1.9723110017366707
1790359162.734415,2.1016490063630044
1790359162.7352211,1.913852000143379
1790359162.7432332,2.0492429903242737
1790359162.743291,1.5641829813830554
1790359162.746131,1.695637998636812
1790359162.7513268,1.4598789857700467
1790359162.774363,1.9211680046282709
1790359162.7748165,1.800235011614859
1790359162.7781603,2.31700501171872
1790359162.7782638,1.9503819930832833
1790359162.7930982,1.4324850053526461
1790359162.796855,1.9064000225625932
1790359162.798249,2.2560629877261817
1790359162.7989345,1.486610999563709
1790359162.800312,1.3690740161109716
1790359162.808413,1.3168360164854676
1790359162.811039,2.3287039948627353
1790359162.812334,2.5849200028460473
1790359162.8126419,1.5879239945206791
1790359162.8165271,1.5709230210632086
1790359162.8173165,1.5859960112720728
1790359162.8311477,1.8928720091935247
1790359162.8379152,1.4496429939754307
1790359162.8482194,1.5706410049460828
1790359162.860227,1.7334349977318197
1790359162.8616066,1.3684919977094978
1790359162.8683834,1.4085519942454994
1790359162.8706782,2.0326049998402596
1790359162.8807619,1.8973720143549144
1790359162.8813393,1.6260939883068204
1790359162.8848631,1.5350199828390032
1790359162.886811,1.5994239947758615
1790359162.896196,1.3273550139274448
1790359162.8982422,1.312865992076695
1790359162.9135892,1.5556119906250387
1790359162.9226508,1.7342979845125228
1790359162.9241974,1.322732015978545
1790359162.931613,1.556304021505639
1790359162.9355342,1.7033499898388982
1790359162.9368694,2.031936019193381
1790359162.9378228,1.6619350062683225
1790359162.9384224,1.3809369993396103
1790359162.9421937,2.5789439969230443
1790359162.9436014,1.9756089895963669
1790359162.9436674,2.8495879960246384
1790359162.9495313,1.4666599745396525
1790359162.9638643,1.5417189861182123
1790359162.971486,1.3589150039479136
1790359162.9758308,1.5119730087462813
1790359162.994684,1.705570990452543
1790359163.002769,1.5738110232632607
1790359163.0046334,1.5335519856307656
1790359163.009784,1.4319259789772332
1790359163.0322409,2.442793978843838
1790359163.0323005,1.9099139899481088
1790359163.038068,1.5645799867343158
1790359163.038251,2.207105979323387
1790359163.0551279,2.4866210005711764
1790359163.0564792,1.3417399895843118
1790359163.0752027,1.659461995586753
1790359163.0817027,2.2678969835396856
1790359163.0824676,2.325160021428019
1790359163.0825224,1.8940720183309168
1790359163.0960538,1.6341040027327836
1790359163.0999694,1.4301170012913644
1790359163.10561,1.510228990809992
1790359163.1187909,1.5572220145259053
1790359163.1293206,1.6627490113023669
1790359163.13729,2.201744995545596
1790359163.1389291,2.867984992917627
1790359163.1402988,2.9035840125288814
1790359163.140366,2.3396940086968243
1790359163.1493936,1.5791729965712875
1790359163.1523025,1.6486399981658906
1790359163.152896,1.5102550096344203
1790359163.1538215,1.5093890251591802
1790359163.157012,1.4632010133937001
1790359163.1587558,1.41748899477534
1790359163.1624212,1.3907109969295561
1790359163.1700795,1.6011699917726219
1790359163.1762104,1.6452189884148538
1790359163.1777778,1.5512650134041905
1790359163.1851833,1.5340409881900996
1790359163.1899576,1.5340989921241999
1790359163.1969295,1.7451659950893372
1790359163.1972632,1.5520020097028464
1790359163.2114575,1.90865300828591
1790359163.2128112,1.3430030085146427
1790359163.2172515,1.3997579808346927
1790359163.219949,1.304803998209536
1790359163.2291832,1.6222709964495152
1790359163.260135,1.9085299863945693
1790359163.2679482,1.8827839812729508
1790359163.2746243,1.7541629786137491
1790359163.2767787,1.350676000583917
1790359163.278441,1.3051609857939184
1790359163.2872798,2.0657630229834467
1790359163.2964544,1.453628996387124
1790359163.307332,2.1723109821323305
1790359163.3083053,1.7107590101659298
1790359163.326834,1.5280359948519617
1790359163.3482728,2.019729989115149
1790359163.3589008,1.6573210014030337
1790359163.362217,1.8215379968751222
1790359163.3627155,1.776388002326712
1790359163.3742633,1.702284993370995
1790359163.3812509,2.268548996653408
1790359163.3813083,1.8454880046192557
1790359163.3860104,1.4010180020704865
1790359163.3946307,1.4984600129537284
1790359163.396246,1.3868430105503649
1790359163.4029512,2.339658996788785
1790359163.4040606,2.0941569819115102
1790359163.4110105,1.5170839906204492
1790359163.4166408,1.6296360117848963
1790359163.4172375,1.6089020064100623
1790359163.4208994,1.6822729958221316
1790359163.4288118,1.5544889902230352
1790359163.4336975,1.5539769956376404
1790359163.4443839,1.7797230102587491
1790359163.4450388,1.4737769961357117
1790359163.4500403,1.3423619966488332
1790359163.4593666,1.8210129928775132
1790359163.4600165,1.606409001396969
1790359163.4666896,2.0127590105403215
1790359163.4674938,1.644901989493519
1790359163.4725134,1.5728049911558628
1790359163.4737837,1.2609540135599673
1790359163.4866874,1.701732020592317
1790359163.4873748,1.4974380028434098
1790359163.4947405,1.3348039938136935
1790359163.498796,1.2850920029450208
1790359163.5181956,1.5932829992379993
1790359163.5220659,1.432141987606883
1790359163.5246205,1.2842229916714132
1790359163.5259266,1.209357986226678
1790359163.5352197,1.552799018099904
1790359163.5369344,1.5619280165992677
1790359163.5386987,1.3291230134200305
1790359163.5471563,2.3834600287955254
1790359163.5472398,2.9696679848711938
1790359163.552879,1.3828810187987983
1790359163.55477,1.2723880063276738
1790359163.5661275,2.051527990261093
1790359163.5720174,4.236925014993176
1790359163.5725174,5.389856989495456
1790359163.5727975,2.586995018646121
1790359163.572907,4.47874900419265
1790359163.5732496,2.064353000605479
1790359163.577778,1.5190000121947378
1790359163.5812142,1.4285460056271404
1790359163.602352,2.6803479995578527
1790359163.6024349,2.4941200099419802
1790359163.6043565,1.3443929783534259
1790359163.6095545,1.3211889890953898
1790359163.6159542,1.5606899978592992
1790359163.6263554,1.515545998699963
1790359163.6285338,1.291344000492245
1790359163.6331432,1.3710259809158742
1790359163.6373014,1.3201120018493384
1790359163.6396937,1.3063939986750484
1790359163.6468825,1.3779840082861483
1790359163.6664233,1.9579119980335236
1790359163.667933,1.344257005257532
1790359163.6701095,1.533169997856021
1790359163.670357,1.3257779937703162
1790359163.672699,1.4399219944607466
1790359163.673628,1.6005309880711138
1790359163.676583,1.1827650014311075
1790359163.6819067,1.4239059819374233
1790359163.6845095,1.3839570165146142
1790359163.6864798,1.595162000739947
1790359163.689813,2.0390949794091284
1790359163.6898785,1.633356005186215
1790359163.701769,1.6599689843133092
1790359163.7082837,1.51893898146227
1790359163.7089388,1.3995509943924844
1790359163.710771,1.743761997204274
1790359163.7177603,2.098713011946529
1790359163.7243996,1.5142949996516109
1790359163.7464569,1.9188179867342114
1790359163.7562165,1.7875829944387078
1790359163.7611306,1.8527409993112087
1790359163.761607,1.711492019239813
1790359163.7632692,1.52160000288859
1790359163.76629,1.3652570196427405
1790359163.7720158,1.3051130226813257
1790359163.7783718,1.32119600311853
1790359163.781102,1.4904300041962415
1790359163.7869406,1.3746519980486482
1790359163.789369,2.1603889763355255
1790359163.7955792,1.422720990376547
1790359163.8013675,2.550236997194588
1790359163.802658,2.324045985005796
1790359163.8027906,1.9734879897441715
1790359163.8034427,1.8141339824069291
1790359163.8109126,1.4751249982509762
1790359163.815002,1.2379710096865892
1790359163.830555,1.9731670035980642
1790359163.8311422,1.6588110011070967
1790359163.8469408,1.7960620170924813
1790359163.8483667,1.4156969846226275
1790359163.8564742,1.5686439874116331
1790359163.857079,1.4898329973220825
1790359163.8611987,1.9003109773620963
1790359163.8617914,1.371685997582972
1790359163.8741963,1.771193987224251
1790359163.8748791,1.4883569965604693
1790359163.8787253,1.3368939980864525
1790359163.8908257,1.7653119866736233
1790359163.8936906,1.3657720119226724
1790359163.907108,1.5266539994627237
1790359163.9090445,1.70584800071083
1790359163.9109502,1.8902900046668947
1790359163.9153833,1.4322520000860095
1790359163.9254827,1.9121250079479069
1790359163.9273129,2.5843059993349016
1790359163.9282575,1.3451410050038248
1790359163.9336317,1.4431730087380856
1790359163.936056,1.4786359970457852
1790359163.9365227,1.446931011741981
1790359163.9412704,1.983096997719258
1790359163.9424095,1.7678290023468435
1790359163.9439247,1.2911120138596743
1790359163.94777,1.3639240060001612
1790359163.9492574,1.2340389948803931
1790359163.9530966,1.2755640200339258
1790359163.9568799,1.9931459974031895
1790359163.9584906,2.586773014627397
1790359163.9592755,1.7569369811099023
1790359163.9625497,2.4773600162006915
1790359163.9635425,2.0551390189211816
1790359163.9744723,1.9602909742388874
1790359163.984177,1.5024330059532076
1790359163.9881563,2.3448239953722805
1790359163.9888368,1.436366990674287
1790359163.9891024,2.096892014378682
1790359163.9961097,1.6249729960691184
1790359163.9987535,1.2683439999818802
1790359164.0112655,1.8560629978310317
1790359164.0135055,1.3926529791206121
1790359164.0183191,1.35154600138776
1790359164.0243194,1.7219340079464018
1790359164.034607,1.4624389878008515
1790359164.048234,1.963770017027855
1790359164.056655,2.1391009795479476
1790359164.0580103,1.343772979453206
1790359164.059358,1.2210659915581346
1790359164.06738,1.5962210018187761
1790359164.0682158,1.4673919940833002
1790359164.1003313,1.7390690045431256
1790359164.1044703,2.0100979891140014
1790359164.105322,1.7421699885744601
1790359164.1136222,1.453471020795405
1790359164.121058,1.6385150083806366
1790359164.1239254,1.33484200341627
1790359164.1341941,1.6794019902590662
1790359164.134815,1.542485988466069
1790359164.1381507,1.2855330132879317
1790359164.1436703,1.654683001106605
1790359164.1452134,1.5330629830714315
1790359164.1462538,1.7738709866534919
1790359164.152261,1.523084007203579
1790359164.1536076,1.234295981703326
1790359164.1662016,1.752765994751826
1790359164.1687086,1.4388039999175817
1790359164.1785345,2.115115988999605
1790359164.1790187,1.5998619783204049
1790359164.1847079,1.3020210026297718
1790359164.1926923,1.7279439780395478
1790359164.2004619,1.6830340027809143
1790359164.2029107,1.4271810068748891
1790359164.2226744,3.524358995491639
1790359164.2315607,2.0576980023179203
1790359164.2348547,4.735861992230639
1790359164.2387202,5.5295099737122655
1790359164.2389057,4.763875011121854
1790359164.2392437,5.660506023559719
1790359164.2394528,6.71710999449715
1790359164.2404506,4.537682980298996
1790359164.2415273,1.9694310030899942
1790359164.2424173,1.5837419778108597
1790359164.2549255,1.4984769804868847
1790359164.2722628,2.4741149973124266
1790359164.2730587,2.1982449979986995
1790359164.2800071,1.8130539974663407
1790359164.286384,1.655244006542489
1790359164.293289,1.9162750104442239
1790359164.3023071,1.478840975323692
1790359164.3089573,1.6137429920490831
1790359164.3182552,1.6248940082732588
1790359164.3196683,1.403140020556748
1790359164.3311427,1.5190980047918856
1790359164.3332016,1.293441979214549
1790359164.3503642,1.8285020196344703
1790359164.3533163,2.7195340080652386
1790359164.3557065,1.6640239919070154
1790359164.3618205,1.394693012116477
1790359164.374639,1.4135800010990351
1790359164.3820245,1.493196003139019
1790359164.3985407,1.5143159835133702
1790359164.400618,1.6089779965113848
1790359164.4105422,1.4676089922431856
1790359164.4131892,1.6152610187418759
1790359164.4180803,1.447907998226583
1790359164.421708,1.2634849990718067
1790359164.424688,1.2665860122069716
1790359164.428596,1.162244996521622
1790359164.4421418,1.794768002582714
1790359164.4479604,2.0045230048708618
1790359164.4535651,1.7396040202584118
1790359164.4559672,1.4798739866819233
1790359164.4816687,1.853537978604436
1790359164.4846895,1.4958609826862812
1790359164.4876535,1.5209660050459206
1790359164.4936395,1.4225529739633203
1790359164.5022504,1.5983320190571249
1790359164.50386,1.4470389869529754
1790359164.5112815,1.7022870015352964
1790359164.5119274,1.5448449994437397
1790359164.525689,1.8627120007295161
1790359164.5297,1.444588997401297
1790359164.538812,2.1665650128852576
1790359164.5398257,2.482114010490477
1790359164.5417392,1.7470369930379093
1790359164.550132,1.8582209886517376
1790359164.5570886,1.7130250053014606
1790359164.5644295,1.7899670056067407
1790359164.57029,1.9198720110580325
1790359164.5736299,1.4616019907407463
1790359164.58291,1.7749149992596358
1790359164.5997653,3.111773985438049
1790359164.6007652,1.7286800139117986
1790359164.609595,1.528913009678945
1790359164.6158416,1.5510850062128156
1790359164.6163235,1.4470249880105257
1790359164.6231432,1.35826799669303
1790359164.6278684,1.2284359836485237
1790359164.6337306,1.5951769892126322
1790359164.641906,1.5586020017508417
1790359164.6443875,1.8135430000256747
1790359164.662838,1.941463997354731
1790359164.6707964,1.9029200193472207
1790359164.675748,1.3650629844050854
1790359164.6794581,1.7966079758480191
1790359164.6861148,1.3376110000535846
1790359164.7006192,2.954637981019914
1790359164.7011,2.5081489875447005
1790359164.704157,1.3557889906223863
1790359164.7132704,1.6621069808024913
1790359164.7222471,3.342994983540848
1790359164.7232635,1.706176990410313
1790359164.7274086,1.4131809875834733
1790359164.7278588,1.4591689978260547
1790359164.7391815,1.747208007145673
1790359164.7407749,1.571317989146337
1790359164.7426662,1.5336280048359185
1790359164.7549708,3.070959006436169
1790359164.7550294,2.047543996013701
1790359164.7580113,1.1733450228348374
1790359164.764865,1.488334994064644
1790359164.7809505,1.653826009714976
1790359164.7887514,1.4333059953060001
1790359164.7954597,2.781627990771085
1790359164.808822,1.702323992503807
1790359164.8116663,1.5969020023476332
1790359164.818025,2.712969988351688
1790359164.8193467,2.735442016273737
1790359164.820443,2.1389629982877523
1790359164.823826,1.7020789964590222
1790359164.8282945,2.062516985461116
1790359164.8311186,1.469692011596635
1790359164.8611865,3.036724985577166
1790359164.8624763,1.4127670146990567
1790359164.8675745,1.5677199990022928
1790359164.869452,1.2169430265203118
1790359164.875508,1.2737200013361871
1790359164.8900938,2.537396998377517
1790359164.8909779,1.8517739954404533
1790359164.894572,1.3324469910003245
1790359164.9015846,1.3219359971117228
1790359164.902778,1.185339002404362
1790359164.9216292,1.791627990314737
1790359164.9313135,1.5610379923600703
1790359164.9522138,2.28073398466222
1790359164.9587877,1.575433008838445
1790359164.9680393,1.5722819953225553
1790359164.9697776,1.5178169996943325
1790359164.9760454,2.05451698275283
1790359164.9783978,1.5134419954847544
1790359164.9910612,1.8023070006165653
1790359164.9916036,1.5390639891847968
1790359164.9942734,1.3510069984477013
1790359164.995596,1.3143180112820119
1790359164.9987328,1.7061340040527284
1790359164.9992895,1.2143839849159122
1790359165.0084205,1.5678479976486415
1790359165.0159714,1.9560639921110123
1790359165.016964,1.3866999943275005
1790359165.0288315,1.6630540194455534
1790359165.0454974,1.7182010051328689
1790359165.0494592,1.3640570105053484
1790359165.0587528,2.868067007511854
1790359165.0601087,2.9809529951307923
1790359165.0601892,2.5152489833999425
1790359165.0681741,1.4327829994726926
1790359165.0737064,2.1796729997731745
1790359165.077389,1.4275930006988347
1790359165.0868037,2.1257510234136134
1790359165.0879076,2.348262001760304
1790359165.0910795,1.448505005100742
1790359165.1013587,1.5686020196881145
1790359165.1080403,1.3938199845142663
1790359165.1125422,1.374038984067738
1790359165.11936,1.455646997783333
1790359165.1260695,1.5900629805400968
1790359165.1293323,1.6877239977475256
1790359165.1311731,1.237059012055397
1790359165.146481,1.647281984332949
1790359165.1495607,3.068418998736888
1790359165.149987,2.176950016291812
1790359165.1503158,1.5893480158410966
1790359165.1520002,1.1374409950803965
1790359165.156736,1.235147996339947
1790359165.165524,1.646396005526185
1790359165.1661322,1.4999870036263019
1790359165.169515,1.357708009891212
1790359165.17298,1.2592250132001936
1790359165.1741798,1.1914430069737136
1790359165.1812637,2.0295099820941687
1790359165.189902,1.9511950085870922
1790359165.1920223,1.8098049913533032
1790359165.193199,1.9832710095215589
1790359165.213879,2.9669789946638048
1790359165.2142317,3.8495880144182593
1790359165.2145474,2.4956819834187627
1790359165.2149913,1.9952839938923717
1790359165.2265942,1.8307589925825596
1790359165.2319353,1.7212009988725185
1790359165.232008,2.2092509898357093
1790359165.236527,1.4874229964334518
1790359165.239534,2.0172439981251955
1790359165.242934,1.7017720092553645
1790359165.256541,1.7681549943517894
1790359165.2633255,1.9842250039801002
1790359165.2633994,2.571585006080568
1790359165.2687469,1.5864490123931319
1790359165.274913,1.4359790075104684
1790359165.277211,1.2439890124369413
1790359165.2795274,1.1827800190076232
1790359165.2842078,1.4899309899192303
1790359165.2979357,1.7831799923442304
1790359165.2988493,1.649800018640235
1790359165.3083906,1.7032780160661787
1790359165.309021,1.5734310145489872
1790359165.3142383,1.3344159815460443
1790359165.3231792,1.9243610149715096
1790359165.325323,1.3528839917853475
1790359165.3341165,1.4533470093738288
1790359165.3384578,2.837442996678874
1790359165.3385475,2.0706110226456076
1790359165.3386066,2.6043840043712407
1790359165.3418283,1.3324589817784727
1790359165.3456779,1.3702739961445332
1790359165.357002,1.6367320204153657
1790359165.3601296,2.4807099835015833
1790359165.3602428,3.2286730129271746
1790359165.3605428,2.382965001743287
1790359165.36511,1.3210629986133426
1790359165.368196,1.3558049977291375
1790359165.369706,1.3041929923929274
1790359165.3750613,1.4483029954135418
1790359165.410084,2.533623017370701
1790359165.4109046,1.900806004414335
1790359165.4226005,1.7609039787203074
1790359165.4250765,1.7081069818232208
1790359165.42514,2.179979986976832
1790359165.4309022,1.8890979990828782
1790359165.4310658,2.483707998180762
1790359165.4314773,1.7757219902705401
1790359165.433032,1.3337100099306554
1790359165.4335444,1.2614279985427856
1790359165.435525,1.120769011322409
1790359165.4383354,1.2427179899532348
1790359165.4413168,1.1981700081378222
1790359165.4441497,1.8767089932225645
1790359165.4442248,1.565943006426096
1790359165.4489753,2.102713013300672
1790359165.4655252,2.0127099996898323
1790359165.47222,1.4557009853888303
1790359165.4737272,1.2682409724220634
1790359165.478973,1.2429449998307973
1790359165.501484,3.169850999256596
1790359165.5015955,2.6867699925787747
1790359165.5019326,2.247040014481172
1790359165.505271,1.2575459841173142
1790359165.5199163,1.771636016201228
1790359165.5316916,1.809155015507713
1790359165.535737,1.4704279892612249
1790359165.537751,1.3092099979985505
1790359165.5392146,1.1832529853563756
1790359165.54075,1.3805910130031407
1790359165.5446398,1.3287579931784421
1790359165.5500083,1.379460998577997
1790359165.5577128,1.3811859826091677
1790359165.5647125,1.592557004187256
1790359165.5694544,1.6049270052462816
1790359165.5700054,1.448700000764802
1790359165.5743208,1.359651010716334
1790359165.5785747,1.3125819968990982
1790359165.580889,1.3982320087961853
1790359165.5858653,2.343421016121283
1790359165.58599,2.069847017992288
1790359165.586271,1.644231000682339
1790359165.597084,1.6868959937710315
1790359165.605252,1.824431004934013
1790359165.6058888,2.944239997304976
1790359165.6065488,2.222603012342006
1790359165.6072772,1.37645797803998
1790359165.615029,1.2679429783020169
1790359165.616429,1.277699979254976
1790359165.618484,1.2713829928543419
1790359165.6243238,1.3115119945723563
1790359165.626039,1.5862269792705774
1790359165.630239,1.560934993904084
1790359165.6308265,1.3909039844293147
1790359165.643694,2.1413219801615924
1790359165.6576123,1.9014340068679303
1790359165.657877,1.5964579943101853
1790359165.664709,1.4796120231039822
1790359165.6685688,2.0065929857082665
1790359165.6689317,1.7715560097713023
1790359165.66918,1.5839390107430518
1790359165.6793306,1.4054820057936013
1790359165.6828232,1.6168799775186926
1790359165.6900713,1.7655300034675747
1790359165.6901312,2.2523360094055533
1790359165.6928046,1.1411280138418078
1790359165.6955957,1.3316829863470048
1790359165.7047172,2.0481029932852834
1790359165.705319,1.530554989585653
1790359165.7245398,2.5901879998855293
1790359165.725887,2.9669929936062545
1790359165.726293,3.940526017686352
1790359165.7263784,5.002647987566888
1790359165.7310927,1.9779079884756356
1790359165.734653,4.677147982874885
1790359165.7352648,3.7717579980380833
1790359165.7359056,3.751590003957972
1790359165.741407,1.2086060014553368
1790359165.7443526,1.7786230018828064
1790359165.7562516,1.6239389951806515
1790359165.762766,2.8276720258872956
1790359165.7628949,2.3435210168827325
1790359165.7631934,2.165478013921529
1790359165.7645862,1.1381270014680922
1790359165.7664876,1.1560929997358471
1790359165.7825649,2.082485007122159
1790359165.7831664,1.534410985186696
1790359165.7844543,1.1894019844476134
1790359165.7873805,1.3146449928171933
1790359165.794343,2.3547770106233656
1790359165.7949095,1.936320011736825
1790359165.7951713,1.3645779981743544
1790359165.7979324,1.2169860128778964
1790359165.8044648,1.623043994186446
1790359165.8074076,1.2054609833285213
1790359165.8159947,2.6751059922389686
1790359165.817423,2.7554749976843596
1790359165.8196242,4.193751985440031
1790359165.819715,2.264309994643554
1790359165.8198135,3.463988017756492
1790359165.8305156,1.8126780050806701
1790359165.8320837,2.724121994106099
1790359165.832381,1.6606189892627299
1790359165.8331194,1.4667270006611943
1790359165.8349304,1.186024019261822
1790359165.8404176,1.3614159834105521
1790359165.8455718,1.284099998883903
1790359165.8477695,1.702292007394135
1790359165.8489397,1.5775900101289153
1790359165.8522453,1.247898006113246
1790359165.8545592,1.7309239774476737
1790359165.8554265,1.37986199115403
1790359165.856075,1.5053510142024606
1790359165.8611252,1.5766970172990113
1790359165.8616273,1.3666660233866423
1790359165.8642719,1.6752649971749634
1790359165.8659256,1.2891300139017403
1790359165.8764787,1.3951290166005492
1790359165.8780954,1.1872969917021692
1790359165.891459,1.9250450131949037
1790359165.893224,1.3298509875312448
1790359165.8963146,1.505010004620999
1790359165.8982732,1.2994480202905834
1790359165.9022548,1.2661579821724445
1790359165.9069955,1.3753249950241297
1790359165.911092,1.4112630160525441
1790359165.927536,1.7519609828013927
1790359165.9303606,1.5192769933491945
1790359165.9367821,1.3915770105086267
1790359165.9384303,1.638365996768698
1790359165.938917,1.6438220045529306
1790359165.941911,1.8733790202531964
1790359165.9521258,1.8731780000962317
1790359165.953135,1.6736490069888532
1790359165.9594462,2.8459229797590524
1790359165.9595652,2.5143369857687503
1790359165.9694116,1.858766976511106
1790359165.9707716,2.2645110148005188
1790359165.9714549,1.8707730050664395
1790359165.97409,1.17883097846061
1790359165.9784799,1.3396730064414442
1790359165.9913387,3.1533669971395284
1790359165.991446,2.4394049833063036
1790359165.9961684,1.4559169940184802
1790359165.997669,1.4910729951225221
1790359166.0017912,1.718247978715226
1790359166.002694,1.69253398780711
1790359166.011489,1.6115109901875257
1790359166.0225096,1.9599020015448332
1790359166.0239122,1.2755509815178812
1790359166.0268102,1.1767650139518082
1790359166.0281522,1.2039389985147864
1790359166.0332818,1.7168020131066442
1790359166.0377636,1.6899470065254718
1790359166.0387099,1.3803649926558137
1790359166.0400598,1.255559007404372
1790359166.0482652,1.4801130164414644
1790359166.0500169,1.3955360045656562
1790359166.0574467,1.292763015953824
1790359166.0674713,1.5256489859893918
1790359166.0722454,2.3530749895144254
1790359166.0845277,1.7181080183945596
1790359166.0854416,1.66130400612019
1790359166.0965014,2.9174209921620786
1790359166.0972106,3.5052299790550023
1790359166.098391,2.6893190224654973
1790359166.099943,3.3003569988068193
1790359166.1000268,2.5784230092540383
1790359166.1009052,2.5066719972528517
1790359166.1028693,1.211049995617941
1790359166.1084862,1.5622960054315627
1790359166.1122983,1.309354993281886
1790359166.120135,1.4022499963175505
1790359166.1245072,1.6476380114909261
1790359166.126202,1.377579988911748
1790359166.133425,1.2581130140461028
1790359166.1365192,1.5000549901742488
1790359166.1389794,1.5667830011807382
1790359166.1596944,1.7819839995354414
1790359166.1615784,1.8743709952104837
1790359166.161639,1.3716170215047896
1790359166.1679282,1.3822210021317005
1790359166.168389,1.379497000016272
1790359166.174683,1.4481570105999708
1790359166.178461,1.3248460018076003
1790359166.181134,1.2547879887279123
1790359166.186426,1.473212003475055
1790359166.1879997,1.277889998164028
1790359166.191923,1.5806379960849881
1790359166.194392,1.9896930025424808
1790359166.194452,1.6523849917575717
1790359166.1966069,1.209818001370877
1790359166.2026665,1.617917005205527
1790359166.2092443,1.6275650123134255
1790359166.209976,1.5331620234064758
1790359166.2138762,1.1575869866646826
1790359166.2356064,2.30241401004605
1790359166.2400339,1.4963080175220966
1790359166.2535155,6.638032995397225
1790359166.254846,5.756123020546511
1790359166.2555299,5.025551014114171
1790359166.2556114,4.265560011845082
1790359166.2601151,1.7482789990026504
1790359166.2713969,1.5390570042654872
1790359166.2765157,1.4260569878388196
1790359166.3050127,2.610679977806285
1790359166.305885,2.868312003556639
1790359166.3163478,1.4366469986271113
1790359166.3271143,1.833774003898725
1790359166.327992,1.6058549808803946
1790359166.334268,1.2636219908017665
1790359166.3362556,1.285553997149691
1790359166.338578,1.4212270034477115
1790359166.356337,2.612724987557158
1790359166.3578372,1.9621530082076788
1790359166.3579066,2.8158049972262233
1790359166.3601577,1.2653410085476935
1790359166.3640213,1.8594240245874971
1790359166.364492,1.930327998707071
1790359166.366038,1.3432859850581735
1790359166.3707385,1.8846460152417421
1790359166.3833723,1.94863899378106
1790359166.387118,1.3172290055081248
1790359166.391685,1.303570985328406
1790359166.3992226,2.4551099922973663
1790359166.4007094,2.8257899975869805
1790359166.410606,1.8209900008514524
1790359166.4127748,1.6461450140923262
1790359166.4128313,2.213770989328623
1790359166.4192333,1.3497740146704018
1790359166.423517,1.3512279838323593
1790359166.4258013,1.282673008972779
1790359166.427025,1.2157740129623562
1790359166.4281297,1.0965020046569407
1790359166.4345827,1.5946630155667663
1790359166.4366233,1.3668370083905756
1790359166.4394166,1.2259990035090595
1790359166.4432425,1.2507609790191054
1790359166.4589567,1.6534189926460385
1790359166.4640524,1.3652930210810155
1790359166.4663708,1.590200001373887
1790359166.4669745,1.7442310054320842
1790359166.4709442,1.474657008657232
1790359166.495245,1.6481780039612204
1790359166.4971788,1.6790780064184219
1790359166.5060868,1.3865480141248554
1790359166.507944,1.5536010032519698
1790359166.5082629,1.4758729957975447
1790359166.513531,1.2606370146386325
1790359166.520055,1.4561960124410689
1790359166.522168,1.389618992106989
1790359166.5296464,2.6363299984950572
1790359166.5309546,4.447740007890388
1790359166.5317912,2.1344480046536773
1790359166.5323305,3.5860750067513436
1790359166.5323834,2.1387450105976313
1790359166.5429754,1.4205079933162779
1790359166.5556748,1.6101289947982877
1790359166.5700784,2.0836959884036332
1790359166.5701468,2.700984012335539
1790359166.5803194,1.352809980744496
1790359166.585292,1.9710990018211305
1790359166.5860882,1.2543470074888319
1790359166.59188,2.607436996186152
1790359166.5925872,1.6437309968750924
1790359166.5928633,2.4097819987218827
1790359166.5993671,1.632536994293332
1790359166.6082969,1.5351019974332303
1790359166.6429605,2.6457149942871183
1790359166.6443965,2.5918920000549406
1790359166.6448727,1.8972769903484732
1790359166.6540089,2.2914010041859
1790359166.6587086,2.329334005480632
1790359166.6593344,1.9879270112141967
1790359166.665493,2.2862390032969415
1790359166.672742,2.1413780050352216
1790359166.675501,2.610030001960695
1790359166.677173,3.182292013661936
1790359166.6772802,2.3345320078078657
1790359166.6819093,2.308156981598586
1790359166.684561,2.4197089951485395
1790359166.6855478,1.9148239807691425
1790359166.6900136,2.484341006493196
1790359166.692098,2.0691219833679497
1790359166.6978395,2.2136539919301867
1790359166.7080646,2.258698979858309
1790359166.7201667,3.2794849830679595
1790359166.7207894,4.748400999233127
1790359166.722171,3.667753015179187
1790359166.7223167,2.1388000168371946
1790359166.7223704,4.523218027316034
1790359166.7326617,2.096446987707168
1790359166.7389066,2.0319930044934154
1790359166.7415233,1.9537719781510532
1790359166.7418764,2.824087016051635
1790359166.744069,1.6425829962827265
1790359166.7447443,1.6429790121037513
1790359166.7485723,2.2319859999697655
1790359166.7499907,2.2795099939685315
1790359166.766873,2.044367982307449
1790359166.7701337,1.9500519847497344
1790359166.7817202,2.0427459967322648
1790359166.787338,1.9935280142817646
1790359166.7877338,1.802502985810861
1790359166.7902746,1.9621550163719803
1790359166.7915173,2.662259998032823
1790359166.7956457,4.731872002594173
1790359166.79614,3.862217999994755
1790359166.7965531,4.807479999726638
1790359166.7969337,3.2250930089503527
1790359166.7970152,4.1962830000557005
1790359166.800684,2.009355026530102
1790359166.803657,1.8476080149412155
1790359166.805591,1.9203760020900518
1790359166.8147762,1.9576019840314984
1790359166.8323326,1.7897720099426806
1790359166.8520482,1.8399289983790368
1790359166.8650773,1.697135012364015
1790359166.870463,1.527382992208004
1790359166.8910096,1.8495929834898561
1790359166.8932624,1.390474004438147
1790359166.9063954,1.6736969992052764
1790359166.9115906,1.6621449904050678
1790359166.9152532,1.6115969920065254
1790359166.9159312,1.536046009277925
1790359166.929961,2.9290310048963875
1790359166.9310353,4.78504499187693
1790359166.9311557,3.4141700016334653
1790359166.931915,1.4092389901634306
1790359166.9376876,1.308234001044184
1790359166.9419034,1.490994996856898
1790359166.9443426,1.4183619932737201
1790359166.9448917,1.4705889916513115
1790359166.9477935,1.3182080001570284
1790359166.9546523,1.4654170081485063
1790359166.9568043,1.3052670110482723
1790359166.960145,1.4480600075330585
1790359166.9623404,1.2208950065542012
1790359166.9711432,1.3333129754755646
1790359166.9815545,1.861686003394425
1790359166.982186,1.4546599995810539
1790359166.9928343,1.6332109807990491
1790359166.9961298,1.5218799817375839
1790359166.997436,1.2969370000064373
1790359167.0127115,2.6166449824813753
1790359167.0129914,2.3501309915445745
1790359167.0130482,1.5594610013067722
1790359167.0220068,1.4570039929822087
1790359167.030407,1.6912950086407363
1790359167.0344503,1.5443390002474189
1790359167.040783,1.6088279953692108
1790359167.0473373,1.3406529906205833
1790359167.0552096,1.6337129927705973
1790359167.0604527,1.4732159906998277
1790359167.062319,1.217067998368293
1790359167.0654747,1.129623007727787
1790359167.07096,2.2878549934830517
1790359167.0795918,1.5391469933092594
1790359167.0812032,1.4569939812645316
1790359167.0833416,1.356552995275706
1790359167.0844665,1.24654098181054
1790359167.0880005,1.2590389815159142
1790359167.09378,1.825932995416224
1790359167.0944333,1.383041002554819
1790359167.09663,1.2397249811328948
1790359167.0971246,1.2200519850011915
1790359167.105237,1.420699991285801
1790359167.1094608,1.6043799987528473
1790359167.115825,1.6829160158522427
1790359167.1215339,1.5068200009409338
1790359167.1220617,1.4066429866943508
1790359167.1345072,2.1452399960253388
1790359167.135107,2.267712989123538
1790359167.141476,1.3741239963565022
1790359167.1462655,1.6420500178355724
1790359167.149606,1.3478369801305234
1790359167.1527085,2.068144007353112
1790359167.153571,1.7697630100883543
1790359167.1564395,1.4861800009384751
1790359167.1567774,1.3791719975415617
1790359167.1701016,2.344475011341274
1790359167.1705098,2.0394260063767433
1790359167.176408,1.6800330195110291
1790359167.183037,1.3402909971773624
1790359167.1876907,1.636747008888051
1790359167.1988473,1.475814002333209
1790359167.2012022,1.5321230166591704
1790359167.2044766,1.7087259911932051
1790359167.205532,1.4749969996046275
1790359167.2086897,1.4364770031534135
1790359167.2168522,1.5409209881909192
1790359167.217868,1.711594988591969
1790359167.2228982,1.8796400108840317
1790359167.2268524,1.3836279977113008
1790359167.231522,1.256743009435013
1790359167.2353325,1.6416689904872328
1790359167.2356386,1.6027340025175363
1790359167.2442367,1.5541340108029544
1790359167.2559755,1.8916350090876222
1790359167.2563977,1.591796986758709
1790359167.2653177,1.2857649999205023
1790359167.2682521,1.7038510122802109
1790359167.2708929,1.8134429992642254
1790359167.2736323,1.6323080053552985
1790359167.2740595,1.4344689843710512
1790359167.279477,1.7335790034849197
1790359167.2805037,1.4580949791707098
1790359167.2828712,1.138001010986045
1790359167.2872682,1.6264890145976096
1790359167.297605,1.5124519995879382
1790359167.3106036,1.9610149902291596
1790359167.31124,1.533956005005166
1790359167.3148007,1.1717980087269098
1790359167.3230062,2.5457860028836876
1790359167.323621,3.837427997495979
1790359167.3240373,2.185474004363641
1790359167.3244328,1.4176180120557547
1790359167.3299267,1.2865430035162717
1790359167.3426156,1.4684799825772643
1790359167.347321,1.598570990609005
1790359167.3530598,1.5574819990433753
1790359167.3563626,1.2735530035570264
1790359167.3625453,1.785547996405512
1790359167.3726532,1.6443080094177276
1790359167.3803477,1.5047969936858863
1790359167.3843296,1.4445580018218607
1790359167.3930545,1.6255489899776876
1790359167.3979673,1.4414190081879497
1790359167.4034123,1.449585019145161
1790359167.4050035,1.2751600006595254
1790359167.4064436,1.193712989334017
1790359167.4096782,1.286745013203472
1790359167.4181447,1.6237279924098402
1790359167.4241533,1.6825459897518158
1790359167.4402263,2.5684540160000324
1790359167.440562,2.354283002205193
1790359167.4432113,1.2030159996356815
1790359167.4448476,1.4951830089557916
1790359167.4455445,1.5147769881878048
1790359167.4483986,1.3348300126381218
1790359167.448864,1.2558760063257068
1790359167.450375,1.2387970054987818
1790359167.4534423,1.5368419990409166
1790359167.4559271,1.3250900083221495
1790359167.4694273,1.7255920101888478
1790359167.4709008,1.320567011134699
1790359167.4806159,1.4969820040278137
1790359167.4846485,1.405085000442341
1790359167.4852004,1.2554650020319968
1790359167.4894924,1.26836501294747
1790359167.4951794,1.5537009749095887
1790359167.497296,1.2796260125469416
1790359167.5074248,1.6831319953780621
1790359167.5104275,1.3971879961900413
1790359167.5173573,1.8334159976802766
1790359167.5278986,1.4620920119341463
1790359167.5347288,1.9046170054934919
1790359167.5350347,1.7625660111662
1790359167.5431113,1.6641269903630018
1790359167.5490634,1.4312209968920797
1790359167.5511289,1.7233020043931901
1790359167.5513992,1.416300976416096
1790359167.5569205,1.1968449980486184
1790359167.5586638,1.4276060101110488
1790359167.5594437,1.441553991753608
1790359167.5667214,1.5771189937368035
1790359167.5673645,1.586609025252983
1790359167.5747566,1.2931250093970448
1790359167.5805626,1.6785729967523366
1790359167.5916262,1.8076180131174624
1790359167.6033473,1.5103539917618036
1790359167.6050422,1.2825890153180808
1790359167.6113582,1.7538079991936684
1790359167.6128056,1.3130790030118078
1790359167.6246314,1.5982850163709372
1790359167.6313183,1.4469550224021077
1790359167.635641,1.4175469987094402
1790359167.637952,1.352955005131662
1790359167.646015,1.2815080117434263
1790359167.6544025,1.5435800014529377
1790359167.6577828,1.3999390066601336
1790359167.6613913,2.150232990970835
1790359167.6621768,1.2525139900390059
1790359167.6657557,1.2784460268449038
1790359167.6706848,1.808261004043743
1790359167.6715784,1.2773550115525723
1790359167.67396,1.1435449996497482
1790359167.6794086,1.4327369863167405
1790359167.6831937,1.5764750132802874
1790359167.7014537,1.5518430154770613
1790359167.709017,2.838802000042051
1790359167.7095962,2.574161015218124
1790359167.710005,2.1617299935314804
1790359167.7223835,1.4864289842080325
1790359167.7279334,1.3691089989151806
1790359167.7318103,2.058190992102027
1790359167.7323563,1.4071679906919599
1790359167.7341723,1.1364200036041439
1790359167.742683,1.3320529833436012
1790359167.747919,2.6214050012640655
1790359167.749479,2.3751960252411664
1790359167.7498734,1.9421949982643127
1790359167.7499435,3.5966429859399796
1790359167.7517192,1.1054060014430434
1790359167.7663887,1.518300996394828
1790359167.7693017,1.4267819933593273
1790359167.770781,1.4705020003020763
1790359167.7717054,1.5986510261427611
1790359167.773345,1.308424019953236
1790359167.7749135,1.5589899849146605
1790359167.7924478,1.7285469803027809
1790359167.7943738,1.4491390029434115
1790359167.7958758,1.239787001395598
1790359167.8034904,1.347351004369557
1790359167.8059218,1.2717909994535148
1790359167.8168678,1.5168579993769526
1790359167.81837,1.396016014041379
1790359167.8226783,2.601796993985772
1790359167.822985,2.2988669807091355
1790359167.8235111,1.8599269969854504
1790359167.8255465,1.5477669949177653
1790359167.8332849,1.39207998290658
1790359167.8402355,2.1866399911232293
1790359167.8417945,3.2415660098195076
1790359167.842482,2.2333030065055937
1790359167.8427773,1.5680929936934263
1790359167.846037,1.2370309850666672
1790359167.8500357,1.2876019754912704
1790359167.8537662,1.353414001641795
1790359167.856579,1.5277769998647273
1790359167.8638244,1.4360109926201403
1790359167.8666868,1.3629530149046332
1790359167.8797503,1.5465390169993043
1790359167.885289,1.3562050007749349
1790359167.8950038,1.540469005703926
1790359167.901722,1.4382030058186501
1790359167.9120724,1.7084330029319972
1790359167.915489,1.5865410096012056
1790359167.915557,2.044262975687161
1790359167.9195838,1.2497220013756305
1790359167.9222035,1.3237709936220199
1790359167.925433,1.383152004564181
1790359167.9286802,1.3796930143143982
1790359167.9329271,1.3410529936663806
1790359167.9463022,1.5037470147944987
1790359167.9491262,1.3605279964394867
1790359167.95896,1.4070149918552488
1790359167.960569,1.3703930017072707
1790359167.9690359,1.5406970051117241
1790359167.969433,1.4659809821750969
1790359167.9740927,1.5534439880866557
1790359167.9778945,1.380061003146693
1790359167.9828916,1.2317569926381111
1790359167.9860516,1.198270998429507
1790359167.9876459,1.3570610026363283
1790359167.991424,1.8338109948672354
1790359167.9919975,1.528656983282417
1790359167.9993134,1.3231949997134507
1790359168.0126803,2.3910769959911704
1790359168.0128913,3.3646239899098873
1790359168.0134482,1.5406269812956452
1790359168.024632,1.5438039845321327
1790359168.0293114,1.397760002873838
1790359168.044827,1.663766015553847
1790359168.059017,1.668470009462908
1790359168.062224,1.3667370076291263
1790359168.0659595,1.447415997972712
1790359168.0733333,1.7068369779735804
1790359168.079692,1.5095429844222963
1790359168.09342,1.6190909955184907
1790359168.1016726,1.8381559930276126
1790359168.1082506,1.5946599887683988
1790359168.112274,1.665035990299657
1790359168.118376,1.4532720088027418
1790359168.127177,1.8015009991358966
1790359168.1293256,1.666986005147919
1790359168.1294005,2.20237800385803
1790359168.1309514,1.2781439872924238
1790359168.1385949,1.2448019988369197
1790359168.1402352,1.2391380150802433
1790359168.1431465,2.1133860282134265
1790359168.145617,1.7416240007150918
1790359168.148177,1.3544079847633839
1790359168.1555543,1.6998549981508404
1790359168.1655104,2.068050001980737
1790359168.1655881,1.6483590006828308
1790359168.1755853,1.5017359983175993
1790359168.1804879,1.4435519988182932
1790359168.1861522,1.2714410258922726
1790359168.1915255,1.7020029772538692
1790359168.192101,1.449286995921284
1790359168.1949022,2.788662997772917
1790359168.1950238,2.4369320017285645
1790359168.1952934,2.0733290002681315
1790359168.195739,1.7206549819093198
1790359168.1993215,1.369628997053951
1790359168.2069712,1.3992460153531283
1790359168.209825,2.4001029960345477
1790359168.2098942,2.0035420020576566
1790359168.2102728,1.843306003138423
1790359168.2161791,1.1463240080047399
1790359168.2284253,2.1414359798654914
1790359168.2287157,1.778814010322094
1790359168.2294412,1.9066050008405
1790359168.231484,1.1765319795813411
1790359168.2407002,1.6158770013134927
1790359168.2449033,1.3326260086614639
1790359168.2595456,1.612015999853611
1790359168.2671835,1.487100002123043
1790359168.2851975,4.2649539827834815
1790359168.2853713,5.696218984667212
1790359168.2856636,4.15752999833785
1790359168.2915568,1.5287940041162074
1790359168.3012564,2.2688919852953404
1790359168.3013334,1.831909001339227
1790359168.305687,1.3423679920379072
1790359168.3165705,4.2319479980506
1790359168.3176692,3.4381559817120433
1790359168.3178985,4.589504009345546
1790359168.318319,2.9713510011788458
1790359168.3246033,1.2484350008890033
1790359168.340083,1.6290060011669993
1790359168.342865,1.9430950051173568
1790359168.3429272,2.466442994773388
1790359168.3479183,1.2986240035388619
1790359168.3511043,1.1758439941331744
1790359168.358123,1.7830920114647597
1790359168.3619866,1.2873600062448531
1790359168.366525,1.4691289979964495
1790359168.3668659,1.3058400072623044
1790359168.3693628,1.2672290031332523
1790359168.3772206,1.6668009920977056
1790359168.378734,1.5027949993964285
1790359168.386867,1.7239429871551692
1790359168.3920724,1.9201140094082803
1790359168.3930244,1.6406569920945913
1790359168.4012845,3.0934270180296153
1790359168.401811,2.544766990467906
1790359168.4018905,3.189693990861997
1790359168.40217,1.9227709854021668
1790359168.4203022,2.3614770034328103
1790359168.42092,1.6375209961552173
1790359168.4259892,1.4738860190846026
1790359168.4322693,1.7684870108496398
1790359168.4389544,1.8224059895146638
1790359168.4395916,1.5555710124317557
1790359168.4477203,1.3141460076440126
1790359168.4555774,1.5267690178006887
1790359168.4620733,1.541024015750736
1790359168.463641,1.557953015435487
1790359168.4655945,1.8382480193395168
1790359168.4660058,1.651593018323183
1790359168.4712894,1.2248989951331168
1790359168.4753492,1.2461890000849962
1790359168.4767895,1.1625630140770227
1790359168.4787095,1.3930700079072267
1790359168.4811995,1.3824920170009136
1790359168.4833622,1.2905080220662057
1790359168.4895358,1.27052899915725
1790359168.492671,1.330917002633214
1790359168.4947307,1.3104619865771383
1790359168.496241,1.5001150022726506
1790359168.5076368,1.3501840003300458
1790359168.5107841,2.587543975096196
1790359168.511028,2.3918490041978657
1790359168.5115921,2.3935290228109807
1790359168.5216057,1.651439000852406
1790359168.5281994,2.102053025737405
1790359168.5286076,1.879401010228321
1790359168.5487316,1.7197620181832463
1790359168.5612893,2.518580004107207
1790359168.5675302,1.8105360213667154
1790359168.5676608,2.875701989978552
1790359168.568228,1.7429220024496317
1790359168.5790646,1.8407499883323908
1790359168.5791225,2.3841080255806446
1790359168.581058,1.2358509993646294
1790359168.5893269,1.4226119965314865
1790359168.5969536,1.3699150003958493
1790359168.6052835,1.6953930025920272
1790359168.6117659,2.336624020244926
1790359168.6126285,1.7744189826771617
1790359168.6142209,1.368434022879228
1790359168.6184921,1.741904008667916
1790359168.6193264,1.5083870093803853
1790359168.6218061,1.2042779999319464
1790359168.6339772,1.607382990187034
1790359168.6367629,1.3695740199182183
1790359168.64778,1.875291985925287
1790359168.648515,1.5442160074599087
1790359168.6774187,2.392264985246584
1790359168.6780572,2.3447020212188363
1790359168.682541,1.4489010209217668
1790359168.6849172,1.406657014740631
1790359168.688653,1.2086410133633763
1790359168.6972451,1.4392879966180772
1790359168.7031364,1.3298509875312448
1790359168.712411,1.6138140053953975
1790359168.7247415,2.9072239995002747
1790359168.7250526,3.6975829862058163
1790359168.7260273,2.475455985404551
1790359168.7363386,1.5383060090243816
1790359168.7456822,2.1969680092297494
1790359168.7457426,2.75769000290893
1790359168.7474117,1.2787300220225006
1790359168.7514024,1.264222984900698
1790359168.757744,1.5055430121719837
1790359168.7590094,1.2438780104275793
1790359168.76701,1.2882350129075348
1790359168.768946,1.1685980134643614
1790359168.770959,1.4831770095042884
1790359168.7737026,1.7965769802685827
1790359168.7744431,1.7003770044539124
1790359168.7801764,1.4271859836298972
1790359168.7860398,1.9779829890467227
1790359168.7912655,1.7593209922779351
1790359168.8032224,1.503985986346379
1790359168.8058474,1.5479589928872883
1790359168.8184173,2.182574011385441
1790359168.8195896,2.3015610058791935
1790359168.8204985,1.9436529837548733
1790359168.824778,1.5576559817418456
1790359168.8344655,2.0488860027398914
1790359168.8348777,1.7120639968197793
1790359168.8363686,1.395854022121057
1790359168.8420224,1.7322810017503798
1790359168.844676,1.6642060072626919
1790359168.8484967,3.2281260064337403
1790359168.8486423,2.7766420098487288
1790359168.8489642,1.6263669822365046
1790359168.8510907,1.401281013386324
1790359168.8582096,1.898985996376723
1790359168.8618214,1.8387529999017715
1790359168.866672,1.894988992717117
1790359168.8677003,1.4381310029421002
1790359168.8728905,1.598749018739909
1790359168.9119213,1.6600830131210387
1790359168.9176016,1.9274079822935164
1790359168.918114,1.3687970058526844
1790359168.9215946,1.9551560108084232
1790359168.9222665,1.5385739970952272
1790359168.9235005,1.1305299995001405
1790359168.9272785,1.3245699810795486
1790359168.937481,3.2428979757241905
1790359168.9388647,3.872252011206001
1790359168.9389262,3.191361000062898
1790359168.9440591,1.2724050029646605
1790359168.948665,1.204316009534523
1790359168.9510193,1.184624998131767
1790359168.9601107,1.6072099970187992
1790359168.9639955,1.3718090194743127
1790359168.9653993,1.2323649716563523
1790359168.972617,1.3790619850624353
1790359168.9760115,1.661007001530379
1790359168.9822288,1.5822699933778495
1790359168.983565,2.03175499336794
1790359168.9849405,1.2132420088164508
1790359168.9879768,1.7077230149880052
1790359168.993932,1.4180289872456342
1790359169.0062015,1.571328000864014
1790359169.0187814,1.556192000862211
1790359169.024041,1.4633899845648557
1790359169.0349934,1.6681150009389967
1790359169.0401137,1.528760010842234
1790359169.0537512,1.9483549986034632
1790359169.0559876,1.607043988769874
1790359169.0569828,1.7833210004027933
1790359169.063163,1.3618800148833543
1790359169.068034,1.5516649873461574
1790359169.078821,1.830594992497936
1790359169.0791905,1.712186000077054
1790359169.080474,1.274456997634843
1790359169.0832894,1.3141400122549385
1790359169.0869462,1.3084060046821833
1790359169.091584,1.739469007588923
1790359169.1004598,1.636310014873743
1790359169.113246,1.9257100066170096
1790359169.1139197,1.4500289980787784
1790359169.1157608,1.2077889987267554
1790359169.1195464,1.7716479778755456
1790359169.1223016,1.5079459990374744
1790359169.127285,1.274351991014555
1790359169.1289752,1.243637001607567
1790359169.130226,1.242705009644851
1790359169.1344616,1.3165549898985773
1790359169.1467855,1.592854008777067
1790359169.1513402,1.635674008866772
1790359169.1555378,2.364729007240385
1790359169.1556118,3.1557150068692863
1790359169.1559463,1.677814987488091
1790359169.1764872,1.6197830263990909
1790359169.1877656,1.5372990164905787
1790359169.192361,1.4083790010772645
1790359169.204956,1.9165349949616939
1790359169.2129462,1.9187700236216187
1790359169.2271245,2.446448983391747
1790359169.2334297,2.9503219993785024
1790359169.2335474,3.558080003131181
1790359169.2402534,2.0528199966065586
1790359169.2484381,2.7389760070946068
1790359169.2526512,1.902899006381631
1790359169.2575235,2.3868379939813167
1790359169.26252,2.081410988466814
1790359169.264323,1.7922109982464463
1790359169.2738702,2.7972190000582486
1790359169.2793672,3.833798022242263
1790359169.2794328,2.7329360018484294
